,statusId,sensorName,valueX,valueY,valueZ,timestamp
0,226,Accelerometer,0.8810662,0.5422866999999999,10.344149,1566947823781
1,226,Accelerometer,0.8810662,0.5422866999999999,10.344149,1566947823791
2,226,Accelerometer,0.48961425,0.33638534,9.096769,1566947823800
3,226,Accelerometer,0.61890113,0.4321534000000001,9.539697,1566947823810
4,226,Accelerometer,0.641646,0.5315128,9.623494,1566947823821
5,226,Gyroscope,-0.05131268,-0.012217305,0.04337143,1566947823830
6,226,Accelerometer,0.6440403,0.48482585,9.678560000000001,1566947823831
7,226,Gyroscope,-0.08063421400000001,0.03726278,0.056199603,1566947823840
8,226,Accelerometer,0.62129533,0.35913026,9.736021000000001,1566947823841
9,226,Gyroscope,-0.1142318,0.10079276599999999,0.076358154,1566947823850
10,226,Accelerometer,0.5578489999999999,0.30765492,9.746795,1566947823851
11,226,Gyroscope,-0.16371189,0.16676621,0.08796459400000001,1566947823860
12,226,Accelerometer,0.5578489999999999,0.42975920000000006,9.677363,1566947823861
13,226,Gyroscope,-0.23151793,0.226631,0.103847094,1566947823870
14,226,Accelerometer,0.5410896,0.48482585,9.564836,1566947823871
15,226,Gyroscope,-0.3036,0.2864958,0.11056661,1566947823880
16,226,Accelerometer,0.59974754,0.48362875,9.593566000000001,1566947823881
17,226,Gyroscope,-0.35613444,0.33658674,0.105068825,1566947823890
18,226,Accelerometer,0.7134720999999999,0.5722142,9.7240505,1566947823891
19,226,Gyroscope,-0.36896262,0.3475823,0.089186326,1566947823900
20,226,Accelerometer,0.7685388000000001,0.60812724,9.882067999999999,1566947823900
21,226,Gyroscope,-0.34391713,0.31764993,0.0720821,1566947823910
22,226,Accelerometer,0.736217,0.51595044,10.019734,1566947823911
23,226,Gyroscope,-0.29016098,0.25228736,0.06047566,1566947823920
24,226,Accelerometer,0.6895300999999999,0.39743748,10.004171000000001,1566947823920
25,226,Gyroscope,-0.21502456,0.1441642,0.050701816,1566947823930
26,226,Accelerometer,0.5734113000000001,0.22385786,9.884461,1566947823931
27,226,Gyroscope,-0.119729586,0.018325957,0.0421497,1566947823940
28,226,Accelerometer,0.47405192,0.14006079999999999,9.8677025,1566947823941
29,226,Gyroscope,-0.014049901000000002,-0.11911872,0.04153884,1566947823950
30,226,Accelerometer,0.45489833,0.13407529999999998,9.7324295,1566947823950
31,226,Gyroscope,0.12095132,-0.29382620000000004,0.054367005999999996,1566947823960
32,226,Accelerometer,0.40581718,0.033518825,9.946711,1566947823961
33,226,Gyroscope,0.17287487,-0.35246924,0.073303826,1566947823970
34,226,Accelerometer,0.59495914,0.08379706,9.91798,1566947823970
35,226,Gyroscope,0.18692477,-0.35613444,0.07513642,1566947823980
36,226,Accelerometer,0.78410107,0.20590134,9.964667,1566947823981
37,226,Gyroscope,0.16310102,-0.31398472,0.06658431,1566947823990
38,226,Accelerometer,0.8463503000000001,0.30047232,9.852139999999999,1566947823991
39,226,Gyroscope,0.09773844,-0.24373524,0.06597344599999999,1566947824000
40,226,Accelerometer,0.7350199000000001,0.24540567,9.734824,1566947824000
41,226,Gyroscope,0.009162978,-0.15943582,0.07819075,1566947824010
42,226,Accelerometer,0.93732995,0.16280572,9.759963,1566947824011
43,226,Gyroscope,-0.07391469,-0.05497787,0.070249505,1566947824020
44,226,Accelerometer,1.1061212,0.13407529999999998,9.674969,1566947824021
45,226,Gyroscope,-0.15577064,0.032986722999999996,0.07147124,1566947824030
46,226,Accelerometer,1.1947067,0.027533319,9.676167,1566947824030
47,226,Gyroscope,-0.22968534,0.11728613,0.053145275,1566947824041
48,226,Accelerometer,1.3946223999999998,0.06823475,9.716867,1566947824041
49,226,Gyroscope,-0.2761111,0.23151793,0.02443461,1566947824050
50,226,Accelerometer,1.3311761999999998,0.044292733,9.828198,1566947824050
51,226,Gyroscope,-0.30848694,0.35613444,0.018325957,1566947824060
52,226,Accelerometer,1.1552023,-0.10295067,9.903615,1566947824061
53,226,Gyroscope,-0.3145956,0.46181414,0.04520403,1566947824070
54,226,Accelerometer,0.7625531999999999,-0.48841715,10.277111,1566947824070
55,226,Gyroscope,-0.29138273,0.5448918,0.10445796,1566947824080
56,226,Accelerometer,0.8595184000000001,-0.50637364,10.526108,1566947824081
57,226,Gyroscope,-0.26022860000000003,0.56077427,0.116675265,1566947824090
58,226,Accelerometer,0.9947908000000001,-0.46567222,10.451887,1566947824090
59,226,Gyroscope,-0.20586158,0.51923543,0.12339478,1566947824100
60,226,Accelerometer,0.91458505,-0.18435353,10.788273,1566947824101
61,226,Gyroscope,-0.11362094,0.5021312,0.070249505,1566947824110
62,226,Accelerometer,1.0498575,0.34237084,10.627861,1566947824110
63,226,Gyroscope,-0.007330383,0.39095375,0.002443461,1566947824120
64,226,Accelerometer,0.78769237,0.44173019999999996,10.235211999999999,1566947824121
65,226,Gyroscope,0.096516706,0.23151793,-0.04153884,1566947824130
66,226,Accelerometer,0.5746084,0.4357447,9.661800999999999,1566947824130
67,226,Gyroscope,0.17409660000000002,0.016493361,-0.045814894,1566947824140
68,226,Accelerometer,0.3878607,0.25258827,9.288305000000001,1566947824141
69,226,Gyroscope,0.22357668,-0.15027285,-0.021380282999999996,1566947824150
70,226,Accelerometer,0.22026655,0.23822308,8.935161,1566947824150
71,226,Gyroscope,0.2443461,-0.27122417,0.013439035,1566947824161
72,226,Accelerometer,0.04070143,0.17238252,8.860941,1566947824161
73,226,Gyroscope,0.26694809999999997,-0.31948254,0.03176499,1566947824170
74,226,Accelerometer,0.24181437,0.51475334,8.978256,1566947824170
75,226,Gyroscope,0.27855456,-0.3659083,0.017104227,1566947824180
76,226,Accelerometer,0.19393034,0.6440403,9.166202,1566947824181
77,226,Gyroscope,0.28588495,-0.38545597,-0.012217305,1566947824190
78,226,Accelerometer,0.23702596,1.0199299000000002,9.416395,1566947824190
79,226,Gyroscope,0.26939157,-0.42821655,-0.023823743999999997,1566947824200
80,226,Accelerometer,0.13168110000000002,1.1671733999999998,9.482236,1566947824201
81,226,Gyroscope,0.25961772,-0.46181414,-0.02687807,1566947824210
82,226,Accelerometer,0.12210429,1.4652513999999999,9.707291,1566947824211
83,226,Gyroscope,0.23518312,-0.47342056,-0.044593163,1566947824220
84,226,Accelerometer,0.22984336,1.7154455000000002,9.768343,1566947824221
85,226,Gyroscope,0.20158553,-0.47158796,-0.049480084,1566947824230
86,226,Accelerometer,0.1412579,1.7118542,9.751583,1566947824231
87,226,Gyroscope,0.14721853,-0.42516220000000005,-0.037873644,1566947824240
88,226,Accelerometer,0.19033903,1.4077905000000002,9.731233,1566947824240
89,226,Gyroscope,0.070249505,-0.34025195,-0.013439035,1566947824250
90,226,Accelerometer,0.5674258000000001,0.61770403,9.836577,1566947824251
91,226,Gyroscope,-0.009162978,-0.19914207,0.012217305,1566947824260
92,226,Accelerometer,0.82121116,0.20231004,9.980229,1566947824261
93,226,Gyroscope,-0.07880162,-0.06963864,0.027488936000000002,1566947824271
94,226,Accelerometer,0.8750806999999999,0.2657564,9.933542999999998,1566947824271
95,226,Gyroscope,-0.10079276599999999,0.017715093,0.061086524,1566947824280
96,226,Accelerometer,0.7158663000000001,0.34955344,9.969456,1566947824280
97,226,Gyroscope,-0.08796459400000001,0.05681047,0.09162979,1566947824291
98,226,Accelerometer,0.7469909,0.33758244,10.041282,1566947824291
99,226,Gyroscope,-0.050701816,0.036651913,0.10445796,1566947824300
100,226,Accelerometer,0.79128367,0.36391866,10.022128,1566947824301
101,226,Gyroscope,-0.004886922,-0.025045475,0.10018189999999999,1566947824310
102,226,Accelerometer,0.91578215,0.45130703,9.959878999999999,1566947824310
103,226,Gyroscope,0.04642576,-0.07574729,0.09773844,1566947824320
104,226,Accelerometer,1.0654198000000001,0.51954174,10.04607,1566947824321
105,226,Gyroscope,0.077579886,-0.099571034,0.1160644,1566947824330
106,226,Accelerometer,1.1552023,0.4285621,10.04607,1566947824331
107,226,Gyroscope,0.062308256,-0.11911872,0.22052236,1566947824340
108,226,Accelerometer,0.9923966000000001,-0.06584055,9.82341,1566947824341
109,226,Gyroscope,0.002443461,-0.08796459400000001,0.3744604,1566947824350
110,226,Accelerometer,1.0618285,-0.40462008,9.77792,1566947824350
111,226,Gyroscope,-0.08552113,0.02443461,0.5161811,1566947824361
112,226,Accelerometer,1.1623849,-0.6596026,9.921572,1566947824361
113,226,Gyroscope,-0.17654006,0.13988814,0.6261369000000001,1566947824370
114,226,Accelerometer,1.5658079,-0.6500258000000001,9.985018,1566947824370
115,226,Gyroscope,-0.24129178,0.27855456,0.6438520000000001,1566947824380
116,226,Accelerometer,2.0973208,-0.47405192,10.146626,1566947824381
117,226,Gyroscope,-0.27183503,0.44104472,0.5821546,1566947824390
118,226,Accelerometer,2.291251,0.2908955,10.244789,1566947824391
119,226,Gyroscope,-0.2761111,0.59620446,0.46853364,1566947824400
120,226,Accelerometer,2.0685901999999996,0.6500258000000001,10.026916499999999,1566947824401
121,226,Gyroscope,-0.25595254,0.7141015000000001,0.26450464,1566947824410
122,226,Accelerometer,1.6986861,0.94930094,10.013748,1566947824410
123,226,Gyroscope,-0.18509217,0.6872234,0.18020524,1566947824421
124,226,Accelerometer,1.1372458,0.82121116,9.940725,1566947824421
125,226,Gyroscope,-0.12889257,0.58032197,0.19486602,1566947824430
126,226,Accelerometer,0.78888947,0.5386954,10.134656,1566947824431
127,226,Gyroscope,-0.06597344599999999,0.4642576,0.24862215,1566947824440
128,226,Accelerometer,0.80325466,0.130484,10.573992,1566947824440
129,226,Gyroscope,0.0036651915999999997,0.37690386,0.31581733,1566947824450
130,226,Accelerometer,1.1492168,0.14724341,10.857705000000001,1566947824451
131,226,Gyroscope,0.076358154,0.31948254,0.32620203,1566947824460
132,226,Accelerometer,1.3443443000000002,0.3184288,10.988189,1566947824461
133,226,Gyroscope,0.17165314,0.28405234,0.29016098,1566947824470
134,226,Accelerometer,1.1109096,0.47405192,10.770316000000001,1566947824470
135,226,Gyroscope,0.27000242,0.19242255,0.25900686,1566947824480
136,226,Accelerometer,0.60333884,0.50517654,10.262746,1566947824481
137,226,Gyroscope,0.3567453,0.06780604,0.28160888,1566947824490
138,226,Accelerometer,0.49081135,0.9828198,9.967062,1566947824491
139,226,Gyroscope,0.44043383,-0.040927973,0.27672195,1566947824500
140,226,Accelerometer,0.4321534000000001,1.1575965,9.696517,1566947824500
141,226,Gyroscope,0.49968776,-0.12217305,0.32253686,1566947824510
142,226,Accelerometer,0.1592144,0.93373865,9.451111000000001,1566947824510
143,226,Gyroscope,0.52106804,-0.13072516,0.42271876,1566947824521
144,226,Accelerometer,0.049081136,0.7158663000000001,9.3733,1566947824521
145,226,Gyroscope,0.49113566,-0.0720821,0.5393939999999999,1566947824530
146,226,Accelerometer,0.05267244,0.46088383,9.447519999999999,1566947824531
147,226,Gyroscope,0.41050145,0.012217305,0.6053675000000001,1566947824540
148,226,Accelerometer,0.5530606,0.62368953,9.379285000000001,1566947824540
149,226,Gyroscope,0.29932398,0.044593163,0.56016344,1566947824550
150,226,Accelerometer,0.8295909,0.7613561,9.520543,1566947824551
151,226,Gyroscope,0.19730948,0.032375857,0.45142943,1566947824560
152,226,Accelerometer,0.9720459000000001,1.0606314,9.703699,1566947824561
153,226,Gyroscope,0.12278391400000001,-0.05009095,0.27366763,1566947824570
154,226,Accelerometer,1.0319009,1.4341268999999999,9.794678999999999,1566947824570
155,226,Gyroscope,0.07391469,-0.21930063,0.10140363,1566947824580
156,226,Accelerometer,0.7493850999999999,1.5598223999999998,9.737217999999999,1566947824581
157,226,Gyroscope,0.054367005999999996,-0.40133846,-0.01160644,1566947824591
158,226,Accelerometer,0.4381389,1.6891093000000001,10.28549,1566947824591
159,226,Gyroscope,0.07819075,-0.5448918,-0.05681047,1566947824600
160,226,Accelerometer,0.4309563,1.661576,10.423157000000002,1566947824601
161,226,Gyroscope,0.105068825,-0.66706485,-0.016493361,1566947824610
162,226,Accelerometer,0.51834464,1.4508862,10.608707,1566947824610
163,226,Gyroscope,0.13561209,-0.7452555999999999,0.07513642,1566947824621
164,226,Accelerometer,0.6631939,1.2174516000000002,10.339360000000001,1566947824621
165,226,Gyroscope,0.118507855,-0.84421575,0.20158553,1566947824630
166,226,Accelerometer,0.45489833,0.91937345,9.714474000000001,1566947824631
167,226,Gyroscope,0.017104227,-0.93279123,0.398895,1566947824640
168,226,Accelerometer,0.4381389,0.79487497,9.349358,1566947824640
169,226,Gyroscope,-0.08674286,-0.8912524,0.44043383,1566947824650
170,226,Accelerometer,0.7230489,0.79726917,9.31105,1566947824651
171,226,Gyroscope,-0.18570304,-0.7635816,0.39706242,1566947824660
172,226,Accelerometer,1.1432313,1.0330979999999998,9.43914,1566947824661
173,226,Gyroscope,-0.23396139,-0.5882632,0.2773328,1566947824670
174,226,Accelerometer,1.4856021000000001,1.2844891999999999,9.831789,1566947824670
175,226,Gyroscope,-0.22052236,-0.44776422,0.14599679999999998,1566947824680
176,226,Accelerometer,1.6196774,1.2330139,10.052056,1566947824680
177,226,Gyroscope,-0.12767084,-0.35735616,0.051923547,1566947824690
178,226,Accelerometer,1.4975731,1.091756,10.33098,1566947824691
179,226,Gyroscope,0.012217305,-0.25778514,-0.020158553,1566947824700
180,226,Accelerometer,1.6065093000000001,1.0845733999999998,10.516531,1566947824701
181,226,Gyroscope,0.11728613,-0.1160644,-0.05681047,1566947824710
182,226,Accelerometer,1.7357962,1.0486604,10.225636,1566947824710
183,226,Gyroscope,0.21868975,0.112399206,-0.06841691,1566947824720
184,226,Accelerometer,1.520318,1.0426749,10.220847000000001,1566947824721
185,226,Gyroscope,0.29199359999999996,0.35613444,-0.035430185,1566947824730
186,226,Accelerometer,1.1240777,0.9780314,9.885659,1566947824731
187,226,Gyroscope,0.34330627,0.52290064,0.029932396,1566947824740
188,226,Accelerometer,0.88944596,0.9732430000000001,9.228451,1566947824740
189,226,Gyroscope,0.42577308,0.6236934000000001,0.16249016,1566947824750
190,226,Accelerometer,0.35194764,0.59974754,9.466674000000001,1566947824750
191,226,Gyroscope,0.5235115,0.65668017,0.31337386,1566947824761
192,226,Accelerometer,0.40581718,0.4249708,9.509769,1566947824761
193,226,Gyroscope,0.6072,0.70371675,0.39400807,1566947824770
194,226,Accelerometer,0.81881696,0.60453594,9.677363,1566947824771
195,226,Gyroscope,0.675617,0.77824235,0.37812558,1566947824780
196,226,Accelerometer,1.1575965,0.90021986,9.7863,1566947824781
197,226,Gyroscope,0.6743952,0.84604836,0.3023783,1566947824790
198,226,Accelerometer,0.91219085,0.9888053,9.320627,1566947824791
199,226,Gyroscope,0.5839871999999999,0.9059132,0.19547687,1566947824800
200,226,Accelerometer,0.5805939,1.0402806,8.513782,1566947824801
201,226,Gyroscope,0.43188173,0.956615,0.026267206,1566947824810
202,226,Accelerometer,0.89543146,1.3156139,7.9188222999999995,1566947824810
203,226,Gyroscope,0.28588495,0.90102625,-0.12461651,1566947824820
204,226,Accelerometer,0.51595044,1.4784195,7.7332716,1566947824821
205,226,Gyroscope,0.17104226,0.7489208,-0.21807889999999996,1566947824830
206,226,Accelerometer,-0.01436521,1.5646108,7.8302364,1566947824831
207,226,Gyroscope,0.09590584,0.52656585,-0.25595254,1566947824840
208,226,Accelerometer,-0.23343466,1.8626889,8.043321,1566947824840
209,226,Gyroscope,0.037873644,0.30909783,-0.26511553,1566947824850
210,226,Accelerometer,0.05865794,2.585738,8.366538,1566947824850
211,226,Gyroscope,-0.025045475,0.14721853,-0.22113322,1566947824860
212,226,Accelerometer,-0.47644615,2.3666685000000003,8.479065,1566947824861
213,226,Gyroscope,-0.073303826,0.004276057,0.06841691,1566947824870
214,226,Accelerometer,-0.09696517,1.8088194,8.762777999999999,1566947824871
215,226,Gyroscope,-0.06169739,-0.2144137,0.23518312,1566947824880
216,226,Accelerometer,-0.13766660000000003,1.4030021000000001,9.532514,1566947824880
217,226,Gyroscope,-0.015882496,-0.29260445,0.38545597,1566947824890
218,226,Accelerometer,0.25378537,1.3299791,9.765948,1566947824891
219,226,Gyroscope,0.026267206,-0.33292156,0.49724430000000003,1566947824900
220,226,Accelerometer,0.59615624,1.3934253,9.781511,1566947824901
221,226,Gyroscope,0.051923547,-0.34880406,0.5393939999999999,1566947824910
222,226,Accelerometer,0.770933,1.3383588,9.42238,1566947824910
223,226,Gyroscope,0.008552114,-0.516792,0.5320636,1566947824920
224,226,Accelerometer,0.842759,1.316811,8.938752000000001,1566947824921
225,226,Gyroscope,-0.093462385,-0.69027776,0.47708577,1566947824930
226,226,Accelerometer,1.3670892,1.5658079,9.630676,1566947824931
227,226,Gyroscope,-0.24373524,-0.72326446,0.36041048,1566947824940
228,226,Accelerometer,1.9955671000000001,1.7345991000000003,9.676167,1566947824941
229,226,Gyroscope,-0.46303585,-0.6102544,0.20280726,1566947824950
230,226,Accelerometer,2.1452047999999997,1.6986861,9.959878999999999,1566947824950
231,226,Gyroscope,-0.689056,-0.5045747,0.032375857,1566947824961
232,226,Accelerometer,2.1416135,1.6962918999999999,10.17416,1566947824961
233,226,Gyroscope,-0.86254174,-0.48563787,-0.0842994,1566947824970
234,226,Accelerometer,1.9452889,1.6843209,10.493786,1566947824971
235,226,Gyroscope,-0.9450084999999999,-0.47952923,-0.13500121,1566947824980
236,226,Accelerometer,1.8207904,1.6340426000000001,10.857705000000001,1566947824980
237,226,Gyroscope,-0.9615019,-0.29382620000000004,-0.13255776,1566947824991
238,226,Accelerometer,1.6376339,1.4161704,10.57878,1566947824991
239,226,Gyroscope,-0.89736104,-0.16065755,-0.06658431,1566947825000
240,226,Accelerometer,1.1815386,1.1719618,10.466252,1566947825001
241,226,Gyroscope,-0.752586,-0.10567969,0.04520403,1566947825010
242,226,Accelerometer,1.1156979999999999,0.90500826,10.412383,1566947825010
243,226,Gyroscope,-0.55771995,-0.124005646,0.1386664,1566947825020
244,226,Accelerometer,1.3994108,0.7374141,10.245986,1566947825021
245,226,Gyroscope,-0.32742378,-0.21197024,0.18325958,1566947825030
246,226,Accelerometer,1.5454572,0.62488663,10.395624,1566947825031
247,226,Gyroscope,-0.081855945,-0.30909783,0.19547687,1566947825040
248,226,Accelerometer,1.6136919,0.46806642,10.45907,1566947825041
249,226,Gyroscope,0.15210545,-0.40133846,0.18387043,1566947825050
250,226,Accelerometer,1.7764976000000003,0.40940848,10.418368,1566947825050
251,226,Gyroscope,0.35308012,-0.4447099,0.14966199,1566947825061
252,226,Accelerometer,1.780089,0.5255273,10.335769,1566947825061
253,226,Gyroscope,0.50701815,-0.41477749999999997,0.10995574,1566947825070
254,226,Accelerometer,1.7645266,0.6440403,10.089166,1566947825071
255,226,Gyroscope,0.61086524,-0.35002577,0.07086037,1566947825080
256,226,Accelerometer,1.7537526999999997,0.8559271,9.82341,1566947825080
257,226,Gyroscope,0.6603453,-0.27183503,0.012217305,1566947825090
258,226,Accelerometer,1.8171991000000003,1.0235212,9.575610000000001,1566947825091
259,226,Gyroscope,0.6078109,-0.1282817,-0.103847094,1566947825100
260,226,Accelerometer,1.8076223000000002,1.0295067,9.175778,1566947825101
261,226,Gyroscope,0.5198463,-0.076358154,-0.14049901,1566947825110
262,226,Accelerometer,1.5933412,0.8343792999999999,8.889671,1566947825110
263,226,Gyroscope,0.40622538,-0.0720821,-0.12339478,1566947825120
264,226,Accelerometer,1.3551182,0.61171854,8.716091,1566947825121
265,226,Gyroscope,0.2864958,-0.10934488,-0.08735373,1566947825131
266,226,Accelerometer,1.2234371000000002,0.44532153,8.683769,1566947825131
267,226,Gyroscope,0.14538592,-0.15271631,-0.07880162,1566947825140
268,226,Accelerometer,1.3443443000000002,0.52073884,8.74123,1566947825140
269,226,Gyroscope,0.008552114,-0.172264,-0.10751228,1566947825150
270,226,Accelerometer,1.5849615,0.7469909,9.008183500000001,1566947825150
271,226,Gyroscope,-0.10567969,-0.19181168,-0.13622294,1566947825160
272,226,Accelerometer,1.7046716,0.8798690999999998,9.264363000000001,1566947825161
273,226,Gyroscope,-0.15699236,-0.2321288,-0.16432275,1566947825170
274,226,Accelerometer,1.745373,1.0821792,9.601946,1566947825171
275,226,Gyroscope,-0.15149458,-0.26816985,-0.21991149,1566947825180
276,226,Accelerometer,1.8423381999999997,1.3156139,9.7863,1566947825180
277,226,Gyroscope,-0.13622294,-0.3023783,-0.27305678,1566947825190
278,226,Accelerometer,1.780089,1.4269443000000002,9.618706,1566947825191
279,226,Gyroscope,-0.12583824,-0.30909783,-0.29626966,1566947825200
280,226,Accelerometer,1.6795325,1.4544774999999999,9.415198,1566947825201
281,226,Gyroscope,-0.11728613,-0.27183503,-0.3109304,1566947825210
282,226,Accelerometer,1.7717092,1.3886370000000001,9.277532,1566947825210
283,226,Gyroscope,-0.10629055,-0.14844026,-0.31337386,1566947825220
284,226,Accelerometer,1.9069817,1.3060371000000002,9.409213000000001,1566947825220
285,226,Gyroscope,-0.08796459400000001,0.014049901000000002,-0.3268129,1566947825231
286,226,Accelerometer,2.2301989,1.1994951,9.55885,1566947825231
287,226,Gyroscope,-0.055588737,0.20525073,-0.35002577,1566947825240
288,226,Accelerometer,2.3355439,1.0749966,9.787497,1566947825241
289,226,Gyroscope,-0.025045475,0.3921755,-0.37262779999999995,1566947825250
290,226,Accelerometer,2.2493525,0.9672575000000001,9.928755,1566947825250
291,226,Gyroscope,0.0067195175,0.46181414,-0.3817908,1566947825261
292,226,Accelerometer,1.9297266,0.8511386999999999,9.865308,1566947825261
293,226,Gyroscope,0.03176499,0.3475823,-0.40072759999999996,1566947825270
294,226,Accelerometer,1.733402,0.82121116,9.682152,1566947825271
295,226,Gyroscope,0.047647487,0.15760323,-0.43310347,1566947825280
296,226,Accelerometer,1.6065093000000001,0.91817635,9.583989,1566947825280
297,226,Gyroscope,0.028099801,-0.02076942,-0.47403142,1566947825290
298,226,Accelerometer,1.5921441,1.0402806,9.43914,1566947825291
299,226,Gyroscope,-0.030543262,-0.14049901,-0.52839845,1566947825300
300,226,Accelerometer,1.8590976000000001,1.1695676000000002,9.312247,1566947825301
301,226,Gyroscope,-0.09407325,-0.16737708,-0.5888741,1566947825310
302,226,Accelerometer,2.0254946,1.2366052,9.503783,1566947825311
303,226,Gyroscope,-0.12095132,-0.0983493,-0.6395759,1566947825320
304,226,Accelerometer,1.8339584999999998,1.1947067,9.645041,1566947825320
305,226,Gyroscope,-0.10995574,0.06169739,-0.6230826,1566947825331
306,226,Accelerometer,1.6627731,1.2988545,9.737217999999999,1566947825331
307,226,Gyroscope,-0.03359759,0.21074851,-0.56138515,1566947825340
308,226,Accelerometer,1.5993267,1.578976,9.720459,1566947825341
309,226,Gyroscope,0.03848451,0.34941490000000003,-0.47525316,1566947825350
310,226,Accelerometer,1.42455,1.5969325,9.576807,1566947825350
311,226,Gyroscope,0.10567969,0.47158796,-0.35491269999999997,1566947825360
312,226,Accelerometer,1.3778629999999998,1.4772223999999998,9.520543,1566947825361
313,226,Gyroscope,0.16798794,0.5699373000000001,-0.21074851,1566947825370
314,226,Accelerometer,1.3156139,1.3946223999999998,9.526527999999999,1566947825371
315,226,Gyroscope,0.22785273,0.6243043,-0.052534412999999995,1566947825380
316,226,Accelerometer,1.2892777,1.2342110000000002,9.696517,1566947825381
317,226,Gyroscope,0.31031954,0.5693264,0.08368854,1566947825390
318,226,Accelerometer,1.353921,1.0989386,9.642648,1566947825391
319,226,Gyroscope,0.38851030000000003,0.37262779999999995,0.18081611,1566947825400
320,226,Accelerometer,1.4664485,1.079785,9.653421,1566947825401
321,226,Gyroscope,0.462425,0.13316862,0.21685717,1566947825410
322,226,Accelerometer,1.5849615,1.2904748,9.77792,1566947825411
323,226,Gyroscope,0.5112942,-0.14966199,0.19914207,1566947825420
324,226,Accelerometer,1.6998832,1.6196774,9.7324295,1566947825420
325,226,Gyroscope,0.51923543,-0.41294490000000006,0.14294247,1566947825431
326,226,Accelerometer,1.8758569999999999,2.0853498,9.672575,1566947825431
327,226,Gyroscope,0.47464229999999996,-0.58093286,0.06963864,1566947825440
328,226,Accelerometer,1.8746599,2.5833437000000004,9.532514,1566947825441
329,226,Gyroscope,0.34636059999999996,-0.52656585,-0.007330383,1566947825450
330,226,Accelerometer,2.3104044999999998,2.622848,9.050082000000002,1566947825451
331,226,Gyroscope,0.10079276599999999,-0.13255776,-0.11362094,1566947825460
332,226,Accelerometer,2.134431,2.3199813,8.735244999999999,1566947825461
333,226,Gyroscope,-0.10018189999999999,0.07941248,-0.103847094,1566947825470
334,226,Accelerometer,1.5466543,2.1164744,9.1255,1566947825471
335,226,Gyroscope,-0.1966986,0.048258353,-0.004276057,1566947825480
336,226,Accelerometer,1.5107412,2.1583729,9.566033000000001,1566947825481
337,226,Gyroscope,-0.23518312,-0.04520403,0.112399206,1566947825490
338,226,Accelerometer,1.5897499,2.0721814999999997,9.858125999999999,1566947825491
339,226,Gyroscope,-0.24617869,-0.057421334000000004,0.21502456,1566947825500
340,226,Accelerometer,1.7441759,1.7980455000000002,10.002974499999999,1566947825501
341,226,Gyroscope,-0.23335053,0.021991148999999998,0.26511553,1566947825510
342,226,Accelerometer,1.8830396,1.5071499,10.126275999999999,1566947825510
343,226,Gyroscope,-0.20097467,0.14660765,0.23701571,1566947825521
344,226,Accelerometer,2.1200657000000005,1.2856863,10.155006,1566947825521
345,226,Accelerometer,2.0817582999999997,1.1468226000000001,10.241197999999999,1566947825531
346,226,Gyroscope,-0.14721853,0.29016098,0.18509217,1566947825530
347,226,Gyroscope,-0.08368854,0.39278635,0.15943582,1566947825540
348,226,Accelerometer,1.8507179,1.1947067,10.199299,1566947825541
349,226,Gyroscope,-0.020158553,0.42271876,0.16676621,1566947825550
350,226,Accelerometer,1.7369933000000002,1.4544774999999999,10.053253,1566947825550
351,226,Gyroscope,0.015271631,0.42210788,0.19730948,1566947825561
352,226,Accelerometer,1.6424223000000002,1.5490485,9.880871,1566947825561
353,226,Gyroscope,0.00061086525,0.39584067,0.21807889999999996,1566947825570
354,226,Accelerometer,1.5849615,1.4221559,9.783905,1566947825570
355,226,Gyroscope,-0.02443461,0.36163223,0.24740042,1566947825580
356,226,Accelerometer,1.4700398000000001,1.3623008,9.731233,1566947825581
357,226,Gyroscope,-0.058643065,0.34880406,0.27550024,1566947825590
358,226,Accelerometer,1.365892,1.4030021000000001,9.702502,1566947825590
359,226,Gyroscope,-0.10445796,0.3371976,0.31398472,1566947825600
360,226,Accelerometer,1.1336545,1.5682021000000002,9.550469999999999,1566947825601
361,226,Gyroscope,-0.15393804,0.33353242,0.34819320000000004,1566947825610
362,226,Accelerometer,1.055843,1.8052281000000003,9.390058999999999,1566947825611
363,226,Gyroscope,-0.18448131,0.32925636,0.35918877,1566947825620
364,226,Accelerometer,1.2641385,1.8040310000000002,9.489417999999999,1566947825620
365,226,Gyroscope,-0.16432275,0.30909783,0.3390302,1566947825631
366,226,Accelerometer,1.3311761999999998,1.6472107,9.945514,1566947825631
367,226,Gyroscope,-0.106901415,0.33108896,0.30726522,1566947825640
368,226,Accelerometer,1.6472107,1.555034,10.257957000000001,1566947825640
369,226,Gyroscope,-0.034208454,0.3903429,0.28405234,1566947825650
370,226,Accelerometer,1.6519991000000003,1.5478513999999999,10.478224,1566947825651
371,226,Gyroscope,0.07147124,0.50579643,0.29077184,1566947825660
372,226,Accelerometer,1.5897499,1.316811,10.691308,1566947825661
373,226,Gyroscope,0.23457226,0.65179324,0.33169982,1566947825670
374,226,Accelerometer,1.5023615,1.4628572,10.984597,1566947825671
375,226,Gyroscope,0.3903429,0.79534656,0.31948254,1566947825680
376,226,Accelerometer,1.5837643999999997,1.8770541,11.068394999999999,1566947825681
377,226,Gyroscope,0.46731192,0.8875871999999999,0.29565877,1566947825690
378,226,Accelerometer,1.2126632,2.1823148999999997,10.485406,1566947825690
379,226,Gyroscope,0.44715336,0.93523467,0.2321288,1566947825700
380,226,Accelerometer,1.1887212,2.2601264,9.685742999999999,1566947825701
381,226,Gyroscope,0.37140608,0.9621128000000001,0.12461651,1566947825710
382,226,Accelerometer,1.1923125,2.2134395000000002,9.144653,1566947825711
383,226,Gyroscope,0.26145032,0.91874135,0.020158553,1566947825720
384,226,Accelerometer,0.9959879,2.054225,8.710106,1566947825720
385,226,Gyroscope,0.15271631,0.8179486,-0.023823743999999997,1566947825731
386,226,Accelerometer,0.42257659999999997,1.8148049,8.603564,1566947825731
387,226,Gyroscope,0.03970624,0.7312057,-0.0036651915999999997,1566947825740
388,226,Accelerometer,0.33039984,1.8938134999999998,8.50181,1566947825741
389,226,Gyroscope,-0.026267206,0.72509706,0.021380282999999996,1566947825750
390,226,Accelerometer,0.59376204,1.8902221999999997,8.961497,1566947825750
391,226,Gyroscope,-0.03176499,0.72692966,0.03848451,1566947825760
392,226,Accelerometer,0.39145198,1.9692308999999997,9.386467999999999,1566947825760
393,226,Gyroscope,-0.012217305,0.67011917,0.036651913,1566947825771
394,226,Accelerometer,0.49320555,1.8590976000000001,9.482236,1566947825771
395,226,Gyroscope,0.032375857,0.5222898,0.025045475,1566947825780
396,226,Accelerometer,0.22744916,1.6591818,9.215282,1566947825780
397,226,Gyroscope,0.25167647,-0.14905111,0.08368854,1566947825790
398,226,Accelerometer,-0.045489833,1.9117701,9.965864,1566947825791
399,226,Gyroscope,0.45875978,-0.33841935,0.11301007,1566947825800
400,226,Accelerometer,0.5650316,2.0159178,9.188946000000001,1566947825801
401,226,Gyroscope,0.40622538,-0.47219884,0.11789699,1566947825810
402,226,Accelerometer,0.39743748,1.8997990000000002,9.266758,1566947825811
403,226,Gyroscope,0.30848694,-0.4709771,0.13988814,1566947825820
404,226,Accelerometer,0.6596026,1.6843209,9.277532,1566947825821
405,226,Gyroscope,0.21502456,-0.3915646,0.13011430000000002,1566947825830
406,226,Accelerometer,0.89782566,1.5622166000000002,9.643844999999999,1566947825831
407,226,Gyroscope,0.15943582,-0.24251351,0.15699236,1566947825840
408,226,Accelerometer,1.0019734,1.6041151000000002,10.1226845,1566947825840
409,226,Gyroscope,0.14538592,-0.07513642,0.15882497,1566947825850
410,226,Accelerometer,1.2150573999999998,1.6986861,10.370484,1566947825851
411,226,Gyroscope,0.15821409,0.01160644,0.118507855,1566947825860
412,226,Accelerometer,1.2246342,1.9656396,10.346542,1566947825861
413,226,Gyroscope,0.17043139999999998,0.044593163,0.07452556,1566947825870
414,226,Accelerometer,1.1791444,2.183512,10.412383,1566947825870
415,226,Gyroscope,0.19547687,0.10995574,0.029321532999999997,1566947825880
416,226,Accelerometer,1.1504139,2.2661119,10.328586999999999,1566947825881
417,226,Gyroscope,0.24801129,0.15149458,-0.014660766,1566947825890
418,226,Accelerometer,1.1384428999999998,2.255338,10.217255999999999,1566947825891
419,226,Gyroscope,0.32192600000000005,0.13988814,-0.043982297000000004,1566947825900
420,226,Accelerometer,1.1815386,2.1452047999999997,10.170568,1566947825900
421,226,Gyroscope,0.3915646,0.12095132,-0.055588737,1566947825911
422,226,Accelerometer,0.8798690999999998,2.0171148999999997,9.91798,1566947825911
423,226,Gyroscope,0.40622538,0.08674286,-0.03848451,1566947825920
424,226,Accelerometer,0.5518635000000001,1.9608511999999998,9.345766000000001,1566947825921
425,226,Gyroscope,0.36285394,0.057421334000000004,-0.013439035,1566947825930
426,226,Accelerometer,0.3854665,2.0099323,8.9998045,1566947825930
427,226,Gyroscope,0.25900686,0.106901415,0.021991148999999998,1566947825941
428,226,Accelerometer,0.49320555,2.1140802000000005,8.793902000000001,1566947825941
429,226,Gyroscope,0.16798794,0.12278391400000001,0.039095376,1566947825950
430,226,Accelerometer,0.82001406,2.171541,9.349358,1566947825951
431,226,Gyroscope,0.16371189,0.06780604,0.03726278,1566947825960
432,226,Accelerometer,0.7769185000000001,2.0386627,9.965864,1566947825960
433,226,Gyroscope,0.19547687,0.0012217305,0.018325957,1566947825971
434,226,Accelerometer,0.7338228,2.0841526999999997,10.131064,1566947825971
435,226,Gyroscope,0.20891592,0.015271631,0.017715093,1566947825980
436,226,Accelerometer,0.45729253,2.0973208,9.776722999999999,1566947825981
437,226,Gyroscope,0.18448131,0.049480084,0.059253927000000005,1566947825990
438,226,Accelerometer,0.2861071,2.255338,8.865729,1566947825990
439,226,Gyroscope,0.10934488,0.01282817,0.103847094,1566947826001
440,226,Accelerometer,0.28012159999999997,2.3642743,8.555679,1566947826001
441,226,Gyroscope,0.051923547,-0.031154128,0.14844026,1566947826010
442,226,Accelerometer,0.51595044,2.3942018,8.726865,1566947826011
443,226,Gyroscope,-0.0061086523,-0.05497787,0.20708331,1566947826020
444,226,Accelerometer,0.61650693,2.3475148999999997,8.872911,1566947826020
445,226,Gyroscope,-0.12339478,-0.036651913,0.226631,1566947826031
446,226,Accelerometer,0.7098808000000001,2.3882163,8.887277000000001,1566947826030
447,226,Gyroscope,-0.15210545,-0.021380282999999996,0.226631,1566947826040
448,226,Accelerometer,0.8726865,2.3558946,9.246407000000001,1566947826041
449,226,Gyroscope,-0.15271631,0.02443461,0.20525073,1566947826050
450,226,Accelerometer,1.0007763,2.4959552000000005,9.490616000000001,1566947826051
451,226,Gyroscope,-0.1423316,0.09773844,0.19058995,1566947826060
452,226,Accelerometer,0.7218518,2.4947581000000003,9.566033000000001,1566947826060
453,226,Gyroscope,-0.15393804,0.14721853,0.172264,1566947826070
454,226,Accelerometer,0.8391677,2.5127146000000002,9.294291000000001,1566947826071
455,226,Gyroscope,-0.19120082,0.18570304,0.18387043,1566947826080
456,226,Accelerometer,0.688333,2.4863784,9.00579,1566947826081
457,226,Gyroscope,-0.24740042,0.15821409,0.22418754,1566947826090
458,226,Accelerometer,0.60812724,2.4372973,8.620322999999999,1566947826090
459,226,Gyroscope,-0.30115658,0.07513642,0.24923302,1566947826100
460,226,Accelerometer,0.6452374,2.5953147,8.750807,1566947826101
461,226,Gyroscope,-0.32253686,-0.008552114,0.23518312,1566947826110
462,226,Accelerometer,0.8786719999999999,2.5773582000000004,9.24521,1566947826111
463,226,Gyroscope,-0.31887165,-0.08735373,0.20708331,1566947826120
464,226,Accelerometer,0.91578215,2.48159,9.504980999999999,1566947826120
465,226,Gyroscope,-0.29932398,-0.13805555,0.17531833,1566947826130
466,226,Accelerometer,0.81761986,2.3044189999999998,9.701305,1566947826131
467,226,Gyroscope,-0.2761111,-0.13988814,0.14599679999999998,1566947826140
468,226,Accelerometer,0.8283938,2.1523874,9.854534,1566947826141
469,226,Gyroscope,-0.25411993,-0.12705997,0.1160644,1566947826150
470,226,Accelerometer,0.9576806999999999,2.1452047999999997,9.970653,1566947826151
471,226,Gyroscope,-0.20525073,-0.10323623,0.07941248,1566947826160
472,226,Accelerometer,1.0642227,2.12246,10.211269999999999,1566947826161
473,226,Gyroscope,-0.13744467,-0.09468412,0.051923547,1566947826170
474,226,Accelerometer,1.0570401000000003,1.9309237000000001,10.3453455,1566947826171
475,226,Gyroscope,-0.08552113,-0.06169739,0.053145275,1566947826180
476,226,Accelerometer,0.94451255,1.8842366999999998,10.163386000000001,1566947826180
477,226,Gyroscope,-0.04337143,-0.01282817,0.06536258,1566947826190
478,226,Accelerometer,0.88944596,2.1033063,9.915586,1566947826191
479,226,Gyroscope,-0.005497787,0.062308256,0.06597344599999999,1566947826200
480,226,Accelerometer,1.0151415000000001,2.3355439,9.90601,1566947826201
481,226,Gyroscope,0.040927973,0.116675265,0.056199603,1566947826210
482,226,Accelerometer,1.0271125,2.3642743,9.810242,1566947826210
483,226,Gyroscope,0.06963864,0.09896017,0.058643065,1566947826220
484,226,Accelerometer,0.80325466,2.3116016,9.621099000000001,1566947826221
485,226,Gyroscope,0.0720821,0.05681047,0.055588737,1566947826230
486,226,Accelerometer,0.91338795,2.4971522999999998,9.615114,1566947826231
487,226,Gyroscope,0.070249505,0.026267206,0.039095376,1566947826240
488,226,Accelerometer,0.93254155,2.517503,9.695319999999999,1566947826240
489,226,Gyroscope,0.06536258,0.0061086523,0.01282817,1566947826250
490,226,Accelerometer,1.0151415000000001,2.457648,9.828198,1566947826251
491,226,Gyroscope,0.059253927000000005,-0.0018325957999999999,-0.019547688,1566947826260
492,226,Accelerometer,0.92535895,2.3139958,9.998186,1566947826261
493,226,Gyroscope,0.08552113,0.0067195175,-0.031154128,1566947826270
494,226,Accelerometer,0.92895025,2.2493525,10.229227,1566947826270
495,226,Gyroscope,0.12767084,0.062308256,-0.057421334000000004,1566947826280
496,226,Accelerometer,1.009156,2.280477,10.526108,1566947826281
497,226,Gyroscope,0.15210545,0.24007004,-0.08796459400000001,1566947826290
498,226,Accelerometer,1.1779473,2.0422540000000002,10.535685,1566947826291
499,226,Gyroscope,0.18020524,0.41172317,-0.06536258,1566947826300
500,226,Accelerometer,0.94810385,1.5873556999999998,10.228029,1566947826300
501,226,Gyroscope,0.19303341,0.42271876,0.0067195175,1566947826310
502,226,Accelerometer,0.736217,1.5155296,9.803059,1566947826311
503,226,Gyroscope,0.19181168,0.26878070000000004,0.09040806,1566947826320
504,226,Accelerometer,1.0570401000000003,1.3982137,9.625888,1566947826322
505,226,Gyroscope,0.20952678,0.096516706,0.19364429,1566947826331
506,226,Accelerometer,0.6619968,1.8806453999999997,9.6845455,1566947826331
507,226,Gyroscope,0.22724187,-0.0036651915999999997,0.28221974,1566947826340
508,226,Accelerometer,0.5494693,2.3630772,10.072407,1566947826341
509,226,Gyroscope,0.24068089999999998,0.03359759,0.32375857,1566947826350
510,226,Accelerometer,1.0235212,2.456451,10.714052,1566947826350
511,226,Gyroscope,0.25900686,0.16432275,0.32803464,1566947826360
512,226,Accelerometer,1.0450690999999999,2.327164,10.912771000000001,1566947826361
513,226,Gyroscope,0.27000242,0.32803464,0.33108896,1566947826370
514,226,Accelerometer,1.2186487,2.2469582999999997,11.060015,1566947826371
515,226,Gyroscope,0.29199359999999996,0.5552765000000001,0.32253686,1566947826380
516,226,Accelerometer,1.3395559,2.2828712,10.643424000000001,1566947826380
517,226,Gyroscope,0.33108896,0.5992588000000001,0.37079520000000005,1566947826390
518,226,Accelerometer,1.3024458,2.0578163000000003,9.308656,1566947826391
519,226,Gyroscope,0.35124752,0.25289822,0.46731192,1566947826400
520,226,Accelerometer,0.9876082,1.9057846,8.550891,1566947826401
521,226,Gyroscope,0.35491269999999997,-0.19853121,0.57726765,1566947826410
522,226,Accelerometer,0.82480246,1.9895816000000002,8.702923,1566947826411
523,226,Gyroscope,0.3567453,-0.54550266,0.66339964,1566947826420
524,226,Accelerometer,0.9888053,2.3247697,8.98903,1566947826421
525,226,Gyroscope,0.34269542,-0.70249504,0.6786713000000001,1566947826430
526,226,Accelerometer,1.1504139,2.822764,9.327810000000001,1566947826431
527,226,Gyroscope,0.29260445,-0.5888741,0.63163465,1566947826440
528,226,Accelerometer,1.6184803,3.1148564999999997,10.339360000000001,1566947826441
529,226,Gyroscope,0.21685717,-0.25228736,0.51923543,1566947826450
530,226,Accelerometer,1.6472107,3.3147724000000003,9.3421755,1566947826451
531,226,Gyroscope,0.07574729,-0.0067195175,0.41844269999999995,1566947826460
532,226,Accelerometer,1.5143325,3.1735144,8.632295,1566947826461
533,226,Gyroscope,-0.08307768,0.10873401,0.3567453,1566947826470
534,226,Accelerometer,1.6220716,2.8981812000000002,8.23366,1566947826470
535,226,Gyroscope,-0.23884831,0.09896017,0.2761111,1566947826481
536,226,Accelerometer,1.9991584,2.7461493,8.583213,1566947826481
537,226,Gyroscope,-0.39645153,0.09285152,0.18509217,1566947826490
538,226,Accelerometer,2.7473464,2.8275523,9.540894,1566947826491
539,226,Gyroscope,-0.4098906,0.13194689,0.06047566,1566947826500
540,226,Accelerometer,3.0657754,2.8048072,10.314221,1566947826500
541,226,Gyroscope,-0.39522982,0.21624629,-0.06047566,1566947826511
542,226,Accelerometer,2.9484594,2.6300306,10.721235,1566947826511
543,226,Gyroscope,-0.40866885,0.41233405,-0.14905111,1566947826520
544,226,Accelerometer,2.5438392000000003,2.3199813,10.806230000000001,1566947826521
545,226,Accelerometer,2.2589292999999997,2.0398598000000003,10.426748,1566947826531
546,226,Gyroscope,-0.46853364,0.6713409,-0.20952678,1566947826530
547,226,Gyroscope,-0.54733527,0.8961393,-0.24068089999999998,1566947826540
548,226,Accelerometer,2.079364,1.7166426,10.151415,1566947826541
549,226,Gyroscope,-0.6133086999999999,1.0091494,-0.24617869,1566947826550
550,226,Accelerometer,2.3391352000000003,1.3634979,9.858125999999999,1566947826551
551,226,Gyroscope,-0.6542366999999999,0.8570439000000001,-0.21868975,1566947826560
552,226,Accelerometer,2.5546130000000002,0.8702923,9.259575,1566947826561
553,226,Gyroscope,-0.6914994999999999,0.47525316,-0.20952678,1566947826570
554,226,Accelerometer,2.706645,0.7553706,8.787917,1566947826570
555,226,Gyroscope,-0.70921457,0.19364429,-0.22235495,1566947826581
556,226,Accelerometer,2.835932,0.6895300999999999,9.515755,1566947826581
557,226,Gyroscope,-0.6591236,0.24678956,-0.21258110000000002,1566947826590
558,226,Accelerometer,2.2493525,0.40581718,11.065999999999999,1566947826591
559,226,Gyroscope,-0.52656585,0.5467244000000001,-0.1966986,1566947826600
560,226,Accelerometer,1.4580688,0.3196259,12.269086999999999,1566947826600
561,226,Gyroscope,-0.35002577,0.9407325000000001,-0.16554448,1566947826610
562,226,Accelerometer,0.78888947,0.23223756,12.637794,1566947826611
563,226,Gyroscope,-0.19425514,1.2455542,-0.106901415,1566947826620
564,226,Accelerometer,0.14963761,0.046686932,11.792641,1566947826621
565,226,Gyroscope,-0.12950343,1.3573426000000002,-0.009773844,1566947826630
566,226,Accelerometer,-0.22864626,-0.19273324,10.214862,1566947826630
567,226,Gyroscope,-0.10629055,1.1643091,0.16798794,1566947826640
568,226,Accelerometer,-0.7565677,-0.62728083,8.613141,1566947826640
569,226,Gyroscope,-0.10995574,0.61269784,0.40256020000000003,1566947826650
570,226,Accelerometer,-0.9660603999999999,-0.5793968,7.177817,1566947826651
571,226,Gyroscope,-0.18020524,-0.12278391400000001,0.6805039,1566947826660
572,226,Accelerometer,-1.2126632,-0.61530983,6.2584434,1566947826661
573,226,Gyroscope,-0.29504790000000003,-0.7788531999999999,0.9767735000000001,1566947826670
574,226,Accelerometer,-1.5286977,-0.676362,6.302736,1566947826670
575,226,Gyroscope,-0.39645153,-1.1863003,1.2021828,1566947826680
576,226,Accelerometer,-1.1971009,-0.28371290000000005,7.015011,1566947826681
577,226,Gyroscope,-0.4654793,-1.3451253,1.2626585,1566947826690
578,226,Accelerometer,0.089782566,1.0031705,9.100361,1566947826691
579,226,Gyroscope,-0.49480084,-1.2803736000000001,1.1954633,1566947826700
580,226,Accelerometer,0.61411273,1.2737153,9.985018,1566947826700
581,226,Gyroscope,-0.52595496,-0.9645562,1.0201449,1566947826710
582,226,Accelerometer,0.7553706,1.7585411,10.108319,1566947826710
583,226,Gyroscope,-0.6407976,-0.24862215,0.6945538,1566947826720
584,226,Accelerometer,0.5590460999999999,1.9081788,9.80665,1566947826721
585,226,Gyroscope,-0.7086037,0.07696902,0.50518554,1566947826730
586,226,Accelerometer,0.6907272,1.7705121,8.977058999999999,1566947826731
587,226,Gyroscope,-0.79901177,0.12156218,0.41416663,1566947826740
588,226,Accelerometer,0.10414778,1.6986861,8.397662,1566947826740
589,226,Gyroscope,-0.93828905,-0.0067195175,0.37751472,1566947826751
590,226,Accelerometer,0.11851298,2.005144,8.313866,1566947826751
591,226,Gyroscope,-1.0641272,-0.11178834,0.30909783,1566947826760
592,226,Accelerometer,0.12330139,2.5187001,8.88608,1566947826761
593,226,Gyroscope,-1.119716,-0.10629055,0.23457226,1566947826770
594,226,Accelerometer,-0.04189853,2.9616275,9.652225,1566947826770
595,226,Gyroscope,-1.1123856,0.009162978,0.119729586,1566947826780
596,226,Accelerometer,0.29328972,3.028665,10.087969000000001,1566947826781
597,226,Gyroscope,-1.0867293,0.12889257,-0.021991148999999998,1566947826790
598,226,Accelerometer,0.11731588,2.7605145,10.454282000000001,1566947826791
599,226,Gyroscope,-1.0732902,0.27366763,-0.11178834,1566947826800
600,226,Accelerometer,-0.25737667,2.4791958,10.71525,1566947826801
601,226,Gyroscope,-1.0329732,0.38545597,-0.1563815,1566947826810
602,226,Accelerometer,-0.1388637,2.7210102000000003,10.717644,1566947826810
603,226,Gyroscope,-0.929126,0.33658674,-0.18387043,1566947826821
604,226,Accelerometer,-0.5398925,2.3810337,10.520123,1566947826821
605,226,Gyroscope,-0.7641924,0.21135938,-0.16982053,1566947826830
606,226,Accelerometer,-0.7254431,2.3211784,10.588357,1566947826831
607,226,Gyroscope,-0.6646214,0.09896017,-0.10629055,1566947826840
608,226,Accelerometer,-0.9636662,2.2337902,10.504559500000001,1566947826841
609,226,Gyroscope,-0.55955255,0.04520403,0.020158553,1566947826850
610,226,Accelerometer,-1.3599066,1.8375498,10.431536999999999,1566947826850
611,226,Gyroscope,-0.4642576,-0.02687807,0.20463985,1566947826860
612,226,Accelerometer,-1.8411411,1.6891093000000001,9.958682000000001,1566947826860
613,226,Gyroscope,-0.38056904,-0.16310102,0.41355577,1566947826870
614,226,Accelerometer,-1.8854338,1.8734628,9.589975,1566947826871
615,226,Gyroscope,-0.3371976,-0.29321529999999996,0.64996064,1566947826880
616,226,Accelerometer,-2.2613235,2.1428106,9.720459,1566947826881
617,226,Gyroscope,-0.27488935,-0.35430184,0.8258898000000001,1566947826890
618,226,Accelerometer,-1.2533646,1.6663644,10.284293,1566947826890
619,226,Gyroscope,-0.17409660000000002,-0.40317106,0.8546004999999999,1566947826901
620,226,Accelerometer,-0.50278234,2.1643584,11.11987,1566947826901
621,226,Gyroscope,-0.07269296,-0.27488935,0.8002335,1566947826910
622,226,Accelerometer,-0.11611878,2.492364,11.923124000000001,1566947826911
623,226,Gyroscope,0.05497787,0.0061086523,0.7275404999999999,1566947826920
624,226,Accelerometer,0.39983168,2.3894134,11.597513000000001,1566947826920
625,226,Gyroscope,0.14049901,0.23945917,0.6035349,1566947826930
626,226,Accelerometer,1.1899183,2.2457612,10.613496000000001,1566947826931
627,226,Gyroscope,0.14049901,0.45142943,0.42271876,1566947826940
628,226,Accelerometer,1.6747441000000003,2.0099323,9.689333999999999,1566947826941
629,226,Gyroscope,-0.05131268,0.7800749,0.14721853,1566947826950
630,226,Accelerometer,1.7669207999999998,1.7836802999999999,8.9842415,1566947826951
631,226,Gyroscope,-0.17470746,0.77640975,-0.014660766,1566947826960
632,226,Accelerometer,1.7597381999999997,1.3862427,8.591593,1566947826960
633,226,Gyroscope,-0.20891592,0.6969972,-0.18081611,1566947826971
634,226,Accelerometer,1.8842366999999998,1.2078748,9.181764,1566947826971
635,226,Gyroscope,-0.17470746,0.79290307,-0.37690386,1566947826980
636,226,Accelerometer,1.9931729,1.1156979999999999,10.198102,1566947826981
637,226,Gyroscope,-0.11911872,1.0146471,-0.58032197,1566947826990
638,226,Accelerometer,2.0111293999999997,0.9684546,10.600328,1566947826990
639,226,Gyroscope,-0.06780604,1.1649200000000002,-0.8179486,1566947827000
640,226,Accelerometer,2.480393,0.81163436,10.42196,1566947827001
641,226,Gyroscope,-0.013439035,1.3225232,-1.0164796999999999,1566947827010
642,226,Accelerometer,1.7190368000000003,0.1448492,10.423157000000002,1566947827011
643,226,Gyroscope,0.06780604,1.5515976999999999,-1.1258247,1566947827020
644,226,Accelerometer,1.0211270000000001,-0.41778820000000005,10.662578,1566947827020
645,226,Gyroscope,0.172264,1.6603317,-1.2388347,1566947827030
646,226,Accelerometer,1.0079589,-0.6380547,9.944317,1566947827031
647,226,Gyroscope,0.2846632,1.6530013,-1.3115277,1566947827040
648,226,Accelerometer,0.46447513,-1.0881646999999999,9.436746000000001,1566947827041
649,226,Gyroscope,0.39645153,1.5241088,-1.246776,1566947827050
650,226,Accelerometer,-0.7422025,-1.7525556,8.687361,1566947827051
651,226,Gyroscope,0.46609017,1.3848315,-1.0848966999999998,1566947827060
652,226,Accelerometer,-1.8495207999999999,-1.8327613999999999,7.9068513,1566947827061
653,226,Gyroscope,0.46303585,1.3072516,-0.88208944,1566947827070
654,226,Accelerometer,-2.5139117000000004,-1.5167267,7.241263000000001,1566947827071
655,226,Gyroscope,0.40683624,1.1881329,-0.6976081000000001,1566947827080
656,226,Accelerometer,-2.7784709999999997,-1.210269,6.879739,1566947827081
657,226,Gyroscope,0.35491269999999997,1.1374311000000001,-0.54733527,1566947827090
658,226,Accelerometer,-2.7437549999999997,-1.4939818,7.4603324,1566947827090
659,226,Gyroscope,0.20952678,1.2651019,-0.36957347,1566947827101
660,226,Accelerometer,-3.1016884,-1.13964,7.120356,1566947827101
661,226,Gyroscope,0.04337143,1.2986995000000001,-0.24251351,1566947827110
662,226,Accelerometer,-2.7162217999999996,-0.46686932,7.216124000000001,1566947827111
663,226,Gyroscope,-0.052534412999999995,1.3536774,-0.13988814,1566947827120
664,226,Accelerometer,-2.5773582000000004,-0.25378537,7.8290396,1566947827120
665,226,Gyroscope,-0.025045475,1.3933836000000002,-0.021380282999999996,1566947827130
666,226,Accelerometer,-2.6791117,-0.15801731,8.486248,1566947827131
667,226,Gyroscope,0.040927973,1.3640621000000002,0.07147124,1566947827140
668,226,Accelerometer,-2.7341783,-0.0023942017,8.488642,1566947827141
669,226,Gyroscope,-0.06169739,1.251052,0.076358154,1566947827150
670,226,Accelerometer,-2.1954830000000003,0.78888947,7.005433999999999,1566947827151
671,226,Gyroscope,-0.29382620000000004,1.1777482,0.16982053,1566947827160
672,226,Accelerometer,-1.6112977,1.2042834999999998,6.561310000000001,1566947827161
673,226,Gyroscope,-0.54367006,0.9621128000000001,0.25289822,1566947827170
674,226,Accelerometer,-0.48602295,1.7226281000000003,6.4643445,1566947827170
675,226,Gyroscope,-0.86070913,0.45448375,0.124005646,1566947827180
676,226,Accelerometer,0.039504327,2.0207062,7.3430165999999994,1566947827181
677,226,Gyroscope,-1.0177015,0.36957347,-0.007941248,1566947827190
678,226,Accelerometer,-0.20590134,1.9357121,8.293514,1566947827191
679,226,Gyroscope,-1.1398746000000002,0.45753807,-0.10934488,1566947827200
680,226,Accelerometer,-0.7505821999999999,1.8782511999999998,8.528147,1566947827200
681,226,Gyroscope,-1.2687671,0.5412266,-0.20158553,1566947827211
682,226,Accelerometer,-1.0175357,1.9452889,8.516175,1566947827211
683,226,Gyroscope,-1.3854423999999999,0.54183745,-0.29260445,1566947827220
684,226,Accelerometer,-0.8547299999999999,1.9620483,9.313444,1566947827221
685,226,Gyroscope,-1.4422529,0.56382865,-0.38973203,1566947827230
686,226,Accelerometer,-0.23104046,1.8638860000000002,10.400413,1566947827230
687,226,Gyroscope,-1.3658947,0.59620446,-0.5314528000000001,1566947827240
688,226,Accelerometer,0.4429273,1.5023615,11.195286999999999,1566947827241
689,226,Gyroscope,-1.0598511999999998,0.6420194,-0.72326446,1566947827250
690,226,Accelerometer,0.08140286,1.4173675,14.20839,1566947827251
691,226,Gyroscope,-0.6365215999999999,1.0341948,-0.82344633,1566947827260
692,226,Accelerometer,-0.48003745,1.328782,17.126923,1566947827260
693,226,Gyroscope,0.008552114,1.3426818,-0.87964594,1566947827270
694,226,Accelerometer,-0.7769185000000001,1.4999673,16.774975,1566947827271
695,226,Gyroscope,0.6084218000000001,1.4569136,-0.8020661,1566947827280
696,226,Accelerometer,-2.2014685000000003,1.1599906999999998,15.045163,1566947827281
697,226,Gyroscope,1.061073,1.4446963,-0.52106804,1566947827290
698,226,Accelerometer,-3.2261868,0.61530983,12.427104,1566947827291
699,226,Gyroscope,1.351234,1.2626585,-0.12095132,1566947827300
700,226,Accelerometer,-3.7696705,0.130484,9.986216,1566947827300
701,226,Gyroscope,1.5039502,0.8521569999999999,0.37201694,1566947827311
702,226,Accelerometer,-4.335899400000001,-0.320823,8.165425,1566947827311
703,226,Gyroscope,1.5601498,0.21319197,0.9370673,1566947827320
704,226,Accelerometer,-4.321534,-0.59855044,7.023391,1566947827321
705,226,Gyroscope,1.568091,-0.52595496,1.4379768,1566947827330
706,226,Accelerometer,-3.8750155,-0.8738836,7.400477400000001,1566947827330
707,226,Gyroscope,1.5766432,-0.9407325000000001,1.808772,1566947827340
708,226,Accelerometer,-3.2273839,-1.2258313,8.743625,1566947827341
709,226,Gyroscope,1.6016886000000001,-1.0183123,2.1484132000000002,1566947827350
710,226,Accelerometer,-3.6595372999999998,-2.1619642000000003,8.243236999999999,1566947827351
711,226,Gyroscope,1.4446963,-1.0647381999999999,2.2437081,1566947827360
712,226,Accelerometer,-1.283292,-0.93732995,7.620744,1566947827360
713,226,Gyroscope,0.9779953000000001,-0.75869465,1.740966,1566947827370
714,226,Accelerometer,-0.36391866,-0.31244332,6.7911529999999996,1566947827370
715,226,Gyroscope,0.27488935,-0.11484267,1.3243558000000002,1566947827381
716,226,Accelerometer,-0.8439561,0.19153613,6.114791,1566947827381
717,226,Gyroscope,-0.39095375,0.40561453,0.8038987,1566947827390
718,226,Accelerometer,-0.22505496,0.9840169,5.2852,1566947827391
719,226,Gyroscope,-0.956615,0.73853606,0.16004670000000001,1566947827400
720,226,Accelerometer,-0.5494693,1.2593501,5.3713913,1566947827401
721,226,Gyroscope,-1.4758505,1.1172725000000001,-0.6420194,1566947827410
722,226,Accelerometer,-1.1312603,1.4820108,5.7640405,1566947827410
723,226,Gyroscope,-1.676825,1.2253957,-1.0134254999999999,1566947827420
724,226,Accelerometer,-1.6687585999999999,1.4065934,6.616376400000001,1566947827421
725,226,Gyroscope,-1.8338174999999999,1.4196507999999999,-1.1643091,1566947827430
726,226,Accelerometer,-2.7868507,0.58418524,7.789535000000001,1566947827431
727,226,Gyroscope,-1.9682078,1.3866642,-1.1233811000000002,1566947827440
728,226,Accelerometer,-3.3794157999999994,-0.18674773,7.550114999999999,1566947827441
729,226,Gyroscope,-2.1526892,1.2950343,-0.9437868,1566947827451
730,226,Accelerometer,-3.9456443999999995,-0.6536171,6.9108634,1566947827451
731,226,Gyroscope,-2.2626447999999995,1.0812315000000001,-0.743423,1566947827460
732,226,Accelerometer,-3.2776620000000003,-0.6835446,6.95755,1566947827460
733,226,Gyroscope,-1.9834794999999998,0.8564331000000001,-0.49235737,1566947827471
734,226,Accelerometer,-3.7373488,-0.044292733,11.192893,1566947827471
735,226,Gyroscope,-1.4459181,0.58459806,-0.24678956,1566947827480
736,226,Accelerometer,-3.879804,1.5310919,14.730326000000002,1566947827481
737,226,Gyroscope,-0.72143185,0.32436943,-0.018936822,1566947827490
738,226,Accelerometer,-4.0533834,2.64679,17.07425,1566947827491
739,226,Gyroscope,0.09285152,0.36896262,0.20647246,1566947827500
740,226,Accelerometer,-4.289212,3.0885203,18.095377,1566947827501
741,226,Gyroscope,0.7825184000000001,0.548557,0.4465425,1566947827510
742,226,Accelerometer,-4.6363715999999995,2.7401638,16.682798000000002,1566947827511
743,226,Gyroscope,1.2699889,0.7318166,0.7678576,1566947827520
744,226,Accelerometer,-5.161899,1.8734628,14.295778,1566947827520
745,226,Gyroscope,1.496009,0.97066486,1.0751228000000002,1566947827530
746,226,Accelerometer,-4.8458643,0.80086046,11.902774,1566947827530
747,226,Gyroscope,1.6517796999999999,1.4147638999999999,1.3597860000000002,1566947827541
748,226,Accelerometer,-4.279635400000001,-0.9756372,10.8229885,1566947827541
749,226,Gyroscope,1.8387043,1.7318029,1.6462818,1566947827550
750,226,Accelerometer,-4.247314,-2.5306710999999997,9.848549,1566947827551
751,226,Gyroscope,2.0690005,2.0073032,2.021353,1566947827560
752,226,Accelerometer,-4.5621514,-4.519056,9.783905,1566947827561
753,226,Gyroscope,2.1655173,2.180789,2.2424862,1566947827570
754,226,Accelerometer,-4.473566,-3.9408559999999997,4.583699,1566947827571
755,226,Gyroscope,2.0708332,1.2614367,2.360994,1566947827580
756,226,Accelerometer,-4.473566,-3.9408559999999997,4.583699,1566947827580
757,226,Gyroscope,1.690875,0.57848936,2.2840252,1566947827591
758,226,Accelerometer,-4.945224,2.6839,10.842141999999999,1566947827591
759,226,Gyroscope,1.0164796999999999,1.9798143,1.9016235000000001,1566947827600
760,226,Accelerometer,-3.5015199999999997,2.6839,10.842141999999999,1566947827601
761,226,Gyroscope,-0.13011430000000002,1.9657644,0.5766568,1566947827610
762,226,Accelerometer,-3.7804443999999995,12.349293,0.16160862,1566947827611
763,226,Gyroscope,-0.73975784,0.64812803,0.055588737,1566947827620
764,226,Accelerometer,-4.143166000000001,-2.6970682,8.728063,1566947827620
765,226,Gyroscope,-0.32620203,1.0952813999999997,0.12095132,1566947827630
766,226,Accelerometer,-5.3127337,-2.0350714,9.380483,1566947827631
767,226,Gyroscope,-0.48991394,1.7941113000000002,0.24190263,1566947827640
768,226,Accelerometer,-4.629189,1.3012487,7.524976,1566947827641
769,226,Gyroscope,-0.729984,1.8197676,0.09590584,1566947827650
770,226,Accelerometer,-3.8139634,2.621651,7.5034279999999995,1566947827651
771,226,Gyroscope,-0.7538077,1.7666223,-0.007941248,1566947827660
772,226,Accelerometer,-3.7828386,2.0649989,8.651448,1566947827661
773,226,Gyroscope,-0.57971114,1.8093828999999997,-0.06658431,1566947827670
774,226,Accelerometer,-4.8745947,0.8619126,10.178948,1566947827671
775,226,Gyroscope,-0.36346483,1.7037031999999999,-0.096516706,1566947827680
776,226,Accelerometer,-6.2165446,0.59495914,9.690532000000001,1566947827681
777,226,Gyroscope,-0.31887165,1.1759156000000002,-0.09712757,1566947827690
778,226,Accelerometer,-6.397307,1.6639702,9.479841,1566947827691
779,226,Gyroscope,-0.36835176,0.69027776,-0.03481932,1566947827700
780,226,Accelerometer,-6.245275,2.9616275,8.722076,1566947827700
781,226,Gyroscope,-0.33658674,0.39584067,-0.022602014,1566947827710
782,226,Accelerometer,-5.932832,1.6603789,9.2787285,1566947827711
783,226,Gyroscope,-0.13622294,0.57543504,-0.0018325957999999999,1566947827720
784,226,Accelerometer,-6.1112,0.51714754,9.051279,1566947827721
785,226,Gyroscope,-0.1881465,0.8686504,0.029932396,1566947827730
786,226,Accelerometer,-6.2608375999999994,1.1959038,6.8749504,1566947827731
787,226,Gyroscope,-0.36896262,0.8576548,0.06597344599999999,1566947827740
788,226,Accelerometer,-6.0908489999999995,1.5286977,6.623558999999999,1566947827740
789,226,Gyroscope,-0.39828414,0.7458665,0.064751714,1566947827750
790,226,Accelerometer,-5.913678,1.1528081000000001,7.655460000000001,1566947827750
791,226,Gyroscope,-0.41294490000000006,0.7012733,0.09162979,1566947827760
792,226,Accelerometer,-6.30513,1.1444284,8.254010000000001,1566947827761
793,226,Gyroscope,-0.38423425,0.7635816,0.12278391400000001,1566947827770
794,226,Accelerometer,-5.85502,1.4137761999999998,8.880094999999999,1566947827771
795,226,Gyroscope,-0.26328292,0.8765915999999999,0.08796459400000001,1566947827780
796,226,Accelerometer,-5.7400985,0.93014735,8.428787,1566947827781
797,226,Gyroscope,-0.2742785,0.7812967,0.081855945,1566947827790
798,226,Accelerometer,-5.461174,1.9069817,7.6410947,1566947827791
799,226,Gyroscope,-0.28038713,0.6945538,0.029932396,1566947827800
800,226,Accelerometer,-4.9943047,1.6208745,9.630676,1566947827800
801,226,Gyroscope,-0.0580322,0.70738196,-0.06597344599999999,1566947827810
802,226,Accelerometer,-5.357026,1.3958195,9.379285000000001,1566947827811
803,226,Gyroscope,-0.09101892,0.63407815,-0.06719518,1566947827820
804,226,Accelerometer,-5.628768,1.8662802,8.585608,1566947827821
805,226,Gyroscope,-0.05497787,0.7348709,-0.09285152,1566947827830
806,226,Accelerometer,-6.1866174,1.3431472,7.329848299999999,1566947827831
807,226,Gyroscope,-0.24251351,0.9450084999999999,-0.040317107000000005,1566947827841
808,226,Accelerometer,-7.016208,1.1587936,6.4248405,1566947827841
809,226,Gyroscope,-0.3145956,1.0268645,-0.0012217305,1566947827850
810,226,Accelerometer,-7.4746976,0.47405192,5.6227827,1566947827851
811,226,Gyroscope,-0.42760566,0.9584476000000001,0.0720821,1566947827860
812,226,Accelerometer,-7.053317999999999,1.1504139,5.430049400000001,1566947827861
813,226,Gyroscope,-0.5332854,1.1527027,0.10751228,1566947827870
814,226,Accelerometer,-6.567295,1.3491327,7.366958599999999,1566947827871
815,226,Gyroscope,-0.54244834,1.4764613000000002,0.08124508,1566947827880
816,226,Accelerometer,-6.054936,1.4077905000000002,8.686164,1566947827880
817,226,Gyroscope,-0.5235115,1.8576412,0.04886922,1566947827890
818,226,Accelerometer,-5.961562000000001,1.3084313,9.54209,1566947827890
819,226,Gyroscope,-0.54611355,2.3561072,0.06719518,1566947827901
820,226,Accelerometer,-6.789956,1.1312603,9.449914,1566947827901
821,226,Gyroscope,-0.5687156,2.6529877,0.1337795,1566947827910
822,226,Accelerometer,-7.916428,0.6931214,7.904457000000001,1566947827911
823,226,Gyroscope,-0.5699373000000001,2.4556782000000004,0.24251351,1566947827920
824,226,Accelerometer,-8.613141,0.59376204,5.889736,1566947827921
825,226,Gyroscope,-0.45265114,1.7195857,0.29260445,1566947827930
826,226,Accelerometer,-8.465898,1.5813701999999998,2.9161377,1566947827931
827,226,Gyroscope,-0.41966440000000005,0.97494096,0.28283059999999993,1566947827940
828,226,Accelerometer,-7.6722193,1.7908629,1.7118542,1566947827941
829,226,Gyroscope,-0.43737950000000003,0.79290307,0.25534168,1566947827950
830,226,Accelerometer,-7.350199000000001,1.0690111,5.4539914000000005,1566947827951
831,226,Gyroscope,-0.24740042,0.79412484,0.20036379999999998,1566947827960
832,226,Accelerometer,-7.107187700000001,1.258153,7.9714947,1566947827960
833,226,Gyroscope,-0.12767084,0.8197812,0.12156218,1566947827971
834,226,Accelerometer,-7.028179,1.22224,7.642291999999999,1566947827971
835,226,Gyroscope,-0.15699236,0.8381071,0.14782938,1566947827980
836,226,Accelerometer,-8.432379,0.62009823,6.742072,1566947827981
837,226,Gyroscope,-0.1966986,1.1154399,0.24984388,1566947827990
838,226,Accelerometer,-9.220071,0.60214174,7.346607700000001,1566947827991
839,226,Gyroscope,-0.14355333,1.1905763,0.17837265,1566947828000
840,226,Accelerometer,-8.365341,1.6591818,6.226121400000001,1566947828000
841,226,Gyroscope,-0.04153884,1.0916162,0.036651913,1566947828010
842,226,Accelerometer,-7.655460000000001,2.160767,5.3247046,1566947828011
843,226,Gyroscope,-0.040317107000000005,1.2162327,-0.10018189999999999,1566947828020
844,226,Accelerometer,-7.517792999999999,1.6927006000000002,5.616797,1566947828021
845,226,Gyroscope,-0.055588737,1.3628403999999998,-0.25717425,1566947828030
846,226,Accelerometer,-7.429208,1.4341268999999999,5.7640405,1566947828031
847,226,Gyroscope,-0.06291912,1.5118915000000002,-0.39828414,1566947828040
848,226,Accelerometer,-8.033744,1.6436194,5.813122,1566947828040
849,226,Gyroscope,-0.05131268,1.8387043,-0.7855727,1566947828050
850,226,Accelerometer,-7.267599000000001,2.1021092,5.652710400000001,1566947828050
851,226,Gyroscope,0.06841691,2.3506095,-1.3903292,1566947828061
852,226,Accelerometer,-6.633136,1.472434,6.184223,1566947828061
853,226,Gyroscope,0.29626966,3.2314773,-2.1844542000000002,1566947828070
854,226,Accelerometer,-6.278794,0.4405331,3.513491,1566947828071
855,226,Gyroscope,0.2761111,3.9565742,-3.1264083,1566947828080
856,226,Accelerometer,-8.380903,-2.4408886,-0.7637503000000001,1566947828081
857,226,Gyroscope,-0.06047566,4.0292673,-3.1929927000000005,1566947828090
858,226,Accelerometer,-7.690175999999999,-0.62009823,-4.546589,1566947828090
859,226,Gyroscope,-0.9773844,2.6902506,-2.8209758,1566947828100
860,226,Accelerometer,-7.961917999999999,0.22744916,-2.0039468,1566947828100
861,226,Gyroscope,-1.5088371,1.5992452,-2.2791382999999996,1566947828111
862,226,Accelerometer,-8.206126,-0.031124622,-0.24660277,1566947828111
863,226,Gyroscope,-1.8044958999999998,-0.111177474,-1.591304,1566947828120
864,226,Accelerometer,-9.205706,1.009156,7.041347,1566947828121
865,226,Gyroscope,-1.0091494,-1.2693780000000001,-0.63163465,1566947828130
866,226,Accelerometer,-10.44231,0.7290344,17.129316,1566947828131
867,226,Gyroscope,0.18570304,-1.2638801000000002,-0.34574974,1566947828140
868,226,Accelerometer,-7.2939353,1.9105729999999999,15.054739999999999,1566947828140
869,226,Gyroscope,1.03786,-0.3652974,-0.46120325,1566947828150
870,226,Accelerometer,-9.080010000000001,-0.50637364,6.6067995999999996,1566947828151
871,226,Gyroscope,0.8723155999999999,-0.09896017,-0.41538838,1566947828161
872,226,Accelerometer,-9.3421755,-1.6962918999999999,1.6747441000000003,1566947828161
873,226,Gyroscope,0.63346726,-0.050701816,-0.39400807,1566947828170
874,226,Accelerometer,-8.562861999999999,-0.89543146,0.23582886,1566947828171
875,226,Gyroscope,0.36896262,-0.095294975,-0.47525316,1566947828180
876,226,Accelerometer,-7.8649526,-0.30286652,0.41180268,1566947828181
877,226,Gyroscope,0.1142318,-0.04276056599999999,-0.5216789000000001,1566947828190
878,226,Accelerometer,-8.566454,-0.5422866999999999,1.3778629999999998,1566947828190
879,226,Gyroscope,-0.08002335,0.021380282999999996,-0.48014009999999996,1566947828200
880,226,Accelerometer,-9.227253,-1.1037270000000001,2.160767,1566947828201
881,226,Gyroscope,-0.20341812,0.08368854,-0.39400807,1566947828210
882,226,Accelerometer,-9.2787285,-1.353921,2.4540567,1566947828211
883,226,Gyroscope,-0.26022860000000003,0.059253927000000005,-0.34513888,1566947828220
884,226,Accelerometer,-9.091981,-1.3263878,3.0190883,1566947828221
885,226,Gyroscope,-0.29871312,0.10018189999999999,-0.30726522,1566947828230
886,226,Accelerometer,-9.40203,-1.2042834999999998,3.9264907999999994,1566947828230
887,226,Gyroscope,-0.22602014,0.056199603,-0.22418754,1566947828240
888,226,Accelerometer,-10.626664,-1.6077063999999999,4.7237599999999995,1566947828240
889,226,Gyroscope,-0.06658431,-0.032986722999999996,0.047647487,1566947828251
890,226,Accelerometer,-12.391191000000001,-2.4624363999999996,5.4803276,1566947828251
891,226,Gyroscope,0.06597344599999999,-0.103847094,0.29382620000000004,1566947828260
892,226,Accelerometer,-9.721656,-1.5957354,3.7972038,1566947828261
893,226,Gyroscope,-0.01160644,-0.027488936000000002,0.2565634,1566947828270
894,226,Accelerometer,-8.321048,-0.7625531999999999,3.8235402,1566947828271
895,226,Gyroscope,-0.06414085,0.09101892,0.09896017,1566947828280
896,226,Accelerometer,-8.0684595,-1.2294226000000001,5.5964465,1566947828280
897,226,Gyroscope,0.05681047,0.18692477,0.0012217305,1566947828290
898,226,Accelerometer,-7.711724,0.1364695,5.1930237,1566947828290
899,226,Gyroscope,0.017715093,0.26083946,-0.045814894,1566947828300
900,226,Accelerometer,-8.0445175,0.21906945,4.155137,1566947828301
901,226,Gyroscope,0.04642576,0.1563815,-0.0061086523,1566947828310
902,226,Accelerometer,-8.972271000000001,-0.93852705,4.376600700000001,1566947828311
903,226,Gyroscope,0.0983493,0.1160644,0.08796459400000001,1566947828320
904,226,Accelerometer,-9.003395,-1.3934253,4.1024647000000005,1566947828321
905,226,Gyroscope,0.1142318,0.096516706,0.18448131,1566947828330
906,226,Accelerometer,-8.981848,-1.2030864,3.4883518,1566947828330
907,226,Gyroscope,0.077579886,0.09285152,0.20097467,1566947828340
908,226,Accelerometer,-8.846575999999999,-0.88944596,3.5027169999999996,1566947828341
909,226,Gyroscope,0.049480084,0.16920967,0.21868975,1566947828350
910,226,Accelerometer,-8.919599,-0.8511386999999999,3.7804443999999995,1566947828351
911,226,Gyroscope,0.06597344599999999,0.15210545,0.23396139,1566947828360
912,226,Accelerometer,-8.848969,-0.78888947,3.8139634,1566947828361
913,226,Gyroscope,0.119729586,0.106901415,0.24129178,1566947828371
914,226,Accelerometer,-8.816647999999999,-0.6775591,4.0689459999999995,1566947828371
915,226,Gyroscope,0.18570304,0.0061086523,0.30604348,1566947828380
916,226,Accelerometer,-9.181764,-0.44771573,4.074930999999999,1566947828381
917,226,Gyroscope,0.24740042,-0.030543262,0.35246924,1566947828390
918,226,Accelerometer,-8.792705999999999,-0.07182605,4.4568067000000005,1566947828391
919,226,Gyroscope,0.24068089999999998,0.044593163,0.30543262,1566947828400
920,226,Accelerometer,-8.002619000000001,0.06703765,4.1802763999999994,1566947828400
921,226,Gyroscope,0.1881465,0.1563815,0.16065755,1566947828410
922,226,Accelerometer,-7.410054,0.14006079999999999,3.9121256,1566947828410
923,226,Gyroscope,0.093462385,0.31642818,-0.021991148999999998,1566947828420
924,226,Accelerometer,-7.9463553,-0.06703765,3.1399956,1566947828421
925,226,Gyroscope,0.105068825,0.27000242,0.10812314599999999,1566947828430
926,226,Accelerometer,-10.879252000000001,-0.78769237,3.8881836000000005,1566947828431
927,226,Gyroscope,0.07819075,0.29443705,0.17165314,1566947828440
928,226,Accelerometer,-10.164583,-1.1456255,3.7433343,1566947828440
929,226,Gyroscope,-0.01038471,0.48502702,0.22174409,1566947828450
930,226,Accelerometer,-9.866506,-1.2294226000000001,4.1742907,1566947828450
931,226,Gyroscope,0.03604105,0.86376345,0.18020524,1566947828461
932,226,Accelerometer,-8.949525999999999,-0.62728083,6.256049,1566947828461
933,226,Gyroscope,0.21991149,1.3811663,-0.16004670000000001,1566947828470
934,226,Accelerometer,-5.507861,0.33518824,7.489063000000001,1566947828471
935,226,Gyroscope,0.37018433,1.2357804,-0.63041294,1566947828480
936,226,Accelerometer,-3.9240966,1.0582372,3.6894648,1566947828481
937,226,Gyroscope,0.44898596,0.9443976999999999,-0.88331115,1566947828490
938,226,Accelerometer,-6.253655,0.37588966,1.9333179,1566947828490
939,226,Gyroscope,0.38789943,0.66950834,-0.9193522,1566947828500
940,226,Accelerometer,-8.725667999999999,-0.52073884,1.4449007999999999,1566947828501
941,226,Gyroscope,0.32375857,0.5681046999999999,-0.84421575,1566947828511
942,226,Accelerometer,-9.617508,-1.3754688999999998,2.6001031,1566947828511
943,226,Gyroscope,0.344528,0.56016344,-0.7861836,1566947828520
944,226,Accelerometer,-9.840169,-1.6496049,3.3818099999999998,1566947828521
945,226,Gyroscope,0.41783184,0.44165558,-0.66950834,1566947828530
946,226,Accelerometer,-10.630256,-1.8866308999999997,1.2030864,1566947828531
947,226,Gyroscope,0.46486846,0.34391713,-0.44776422,1566947828540
948,226,Accelerometer,-11.3640785,-1.8195933000000002,0.41778820000000005,1566947828540
949,226,Gyroscope,0.42943826,0.27855456,-0.19425514,1566947828551
950,226,Accelerometer,-10.712855000000001,-1.2449848999999997,1.1288661,1566947828551
951,226,Gyroscope,0.4288274,-0.03481932,0.015882496,1566947828560
952,226,Accelerometer,-9.716867,-0.5662286999999999,3.0849290000000003,1566947828561
953,226,Gyroscope,0.46181414,-0.13011430000000002,0.04337143,1566947828570
954,226,Accelerometer,-9.398438,-0.2645593,5.064934,1566947828571
955,226,Gyroscope,0.49785519999999994,0.007330383,0.0061086523,1566947828580
956,226,Accelerometer,-9.070433,-0.20350714,5.401319,1566947828580
957,226,Gyroscope,0.49663344,0.07696902,-0.106901415,1566947828590
958,226,Accelerometer,-8.6813755,-0.6332663000000001,4.095282,1566947828591
959,226,Gyroscope,0.41477749999999997,0.09712757,-0.18387043,1566947828600
960,226,Accelerometer,-9.002198,-1.1959038,3.752911,1566947828601
961,226,Gyroscope,0.2846632,0.21013765,-0.16982053,1566947828610
962,226,Accelerometer,-9.327810000000001,-1.0354922,3.8893807000000002,1566947828611
963,226,Gyroscope,0.19425514,0.2968805,-0.10323623,1566947828620
964,226,Accelerometer,-9.560047,-1.5394716999999998,4.175488,1566947828620
965,226,Gyroscope,0.07086037,0.32192600000000005,0.004276057,1566947828630
966,226,Accelerometer,-10.573992,-2.1691467999999996,2.1404164,1566947828630
967,226,Gyroscope,-0.014660766,0.26328292,0.16554448,1566947828641
968,226,Accelerometer,-10.891224000000001,-2.6611552000000005,1.1180921999999998,1566947828641
969,226,Gyroscope,-0.07819075,0.13194689,0.25411993,1566947828650
970,226,Accelerometer,-9.305064999999999,-2.0015526,1.3012487,1566947828651
971,226,Gyroscope,-0.09468412,-0.118507855,0.20525073,1566947828660
972,226,Accelerometer,-8.259995,-0.37110126,1.6986861,1566947828660
973,226,Gyroscope,-0.095294975,-0.18631389999999998,0.06536258,1566947828670
974,226,Accelerometer,-8.166622,0.2813187,2.8095956,1566947828671
975,226,Gyroscope,-0.14782938,-0.21746802,-0.1020145,1566947828680
976,226,Accelerometer,-8.128314999999999,0.38307226,3.1783028,1566947828681
977,226,Gyroscope,-0.18631389999999998,-0.21380283,-0.18692477,1566947828690
978,226,Accelerometer,-8.816647999999999,0.1412579,3.8271315,1566947828691
979,226,Gyroscope,-0.17531833,-0.27000242,-0.16554448,1566947828700
980,226,Accelerometer,-8.159439,-0.22984336,3.4823663000000002,1566947828701
981,226,Gyroscope,-0.13500121,-0.20463985,-0.1337795,1566947828710
982,226,Accelerometer,-8.163031,-0.04070143,4.762067299999999,1566947828710
983,226,Gyroscope,-0.0012217305,0.0842994,-0.15332718,1566947828720
984,226,Accelerometer,-7.559692,0.7302314999999999,5.315128,1566947828721
985,226,Gyroscope,0.23273966,0.7611380999999999,-0.32009340000000003,1566947828731
986,226,Accelerometer,-8.956709,-1.4101848999999997,10.679337,1566947828731
987,226,Gyroscope,0.5174029,1.9847012,-0.47769663,1566947828740
988,226,Accelerometer,-8.447941,-1.6304513,7.633912,1566947828741
989,226,Gyroscope,0.7770206000000001,2.0958786,-0.7635816,1566947828750
990,226,Accelerometer,-6.9348054,-0.19991584,2.4025814999999997,1566947828751
991,226,Gyroscope,0.7122689,1.6505578999999997,-0.9651671000000001,1566947828760
992,226,Accelerometer,-8.091205,0.25139117,-0.49559975,1566947828760
993,226,Gyroscope,0.43860126,1.0598511999999998,-1.0134254999999999,1566947828770
994,226,Accelerometer,-8.704121,0.12449849,-1.2880806,1566947828770
995,226,Gyroscope,0.095294975,0.6346890000000001,-0.91629785,1566947828781
996,226,Accelerometer,-10.483011999999999,-1.3144168,-0.36152446,1566947828781
997,226,Gyroscope,-0.048258353,0.32742378,-0.6010914,1566947828790
998,226,Accelerometer,-10.724827000000001,-1.8303672,1.3910311000000002,1566947828791
999,226,Gyroscope,0.07513642,0.5222898,-0.33841935,1566947828800
1000,226,Accelerometer,-11.722012,-2.3558946,5.1104236,1566947828800
1001,226,Gyroscope,0.17104226,0.46486846,-0.20952678,1566947828810
1002,226,Accelerometer,-10.420763,-0.9636662,3.9791632000000003,1566947828810
1003,226,Gyroscope,0.061086524,0.22540927,-0.20647246,1566947828821
1004,226,Accelerometer,-9.509769,0.26815059999999996,1.7178397,1566947828821
1005,226,Gyroscope,-0.21807889999999996,0.10140363,-0.23090707,1566947828830
1006,226,Accelerometer,-9.621099000000001,0.26815059999999996,1.7082629,1566947828831
1007,226,Gyroscope,-0.4550946,0.105068825,-0.30604348,1566947828840
1008,226,Accelerometer,-9.475052999999999,-0.20590134,2.3127987,1566947828840
1009,226,Gyroscope,-0.6133086999999999,0.38240165,-0.3903429,1566947828850
1010,226,Accelerometer,-9.753978,-1.1264718999999999,3.954024,1566947828851
1011,226,Gyroscope,-0.65240407,0.8032878000000001,-0.4783075,1566947828860
1012,226,Accelerometer,-8.844180999999999,-2.7162217999999996,4.704606500000001,1566947828861
1013,226,Gyroscope,-0.7623598,0.79168135,-0.44959682,1566947828870
1014,226,Accelerometer,-8.857349000000001,-4.295198,0.842759,1566947828870
1015,226,Gyroscope,-0.82772243,0.37140608,-0.204029,1566947828880
1016,226,Accelerometer,-9.742006,-5.379771,-1.2354081000000001,1566947828881
1017,226,Gyroscope,-0.6346890000000001,-0.1423316,0.06780604,1566947828890
1018,226,Accelerometer,-9.536105000000001,-4.483143,0.37229836,1566947828891
1019,226,Gyroscope,-0.43004912,-0.4092797,0.22296582,1566947828900
1020,226,Accelerometer,-9.411607,-3.0490158,0.52073884,1566947828901
1021,226,Gyroscope,-0.32803464,-0.548557,0.15699236,1566947828910
1022,226,Accelerometer,-9.14585,-1.661576,0.49200845,1566947828910
1023,226,Gyroscope,-0.28771752,-0.29504790000000003,-0.13011430000000002,1566947828921
1024,226,Accelerometer,-9.240421000000001,-0.022744916,3.2980127,1566947828921
1025,226,Gyroscope,-0.26389378,0.24129178,-0.43615779999999993,1566947828930
1026,226,Accelerometer,-9.476251,0.24181437,4.7884035,1566947828931
1027,226,Gyroscope,-0.25473082,0.8436049000000001,-0.48380527,1566947828940
1028,226,Accelerometer,-10.903194000000001,-2.658761,6.3745623,1566947828940
1029,226,Gyroscope,-0.17470746,0.52778757,-0.48808134,1566947828950
1030,226,Accelerometer,-9.668983,-1.7166426,0.4261679,1566947828951
1031,226,Gyroscope,-0.19914207,0.08124508,-0.33841935,1566947828960
1032,226,Accelerometer,-9.862914,-2.5462333999999998,-0.9995792,1566947828961
1033,226,Gyroscope,-0.18142697,0.09712757,-0.16126843,1566947828970
1034,226,Accelerometer,-9.496601,-3.7732617999999993,1.2138603000000001,1566947828970
1035,226,Gyroscope,-0.10751228,0.32620203,0.08857546,1566947828980
1036,226,Accelerometer,-10.483011999999999,-3.764882,1.8411411,1566947828981
1037,226,Gyroscope,-0.08124508,0.49541172,0.2761111,1566947828990
1038,226,Accelerometer,-10.335769,-3.0370448,-0.47285482,1566947828990
1039,226,Gyroscope,-0.24007004,0.13011430000000002,0.39706242,1566947829000
1040,226,Accelerometer,-9.424775,-2.1535845,-0.09696517,1566947829001
1041,226,Gyroscope,-0.35857790000000006,-0.30482176,0.28283059999999993,1566947829010
1042,226,Accelerometer,-9.299078999999999,-0.81043726,3.0154970000000003,1566947829011
1043,226,Gyroscope,0.0720821,-0.118507855,-0.047036625,1566947829020
1044,226,Accelerometer,-8.765172,0.93972415,3.7181952000000003,1566947829021
1045,226,Gyroscope,0.47525316,-0.037873644,-0.40011674,1566947829031
1046,226,Accelerometer,-9.293094,1.2066777,0.47884035,1566947829031
1047,226,Gyroscope,0.75136423,-0.6188064999999999,-0.589485,1566947829040
1048,226,Accelerometer,-10.092757,0.25737667,-2.4504653999999997,1566947829041
1049,226,Gyroscope,0.95233893,-1.6823229,-0.54183745,1566947829050
1050,226,Accelerometer,-10.857705000000001,-1.34195,-2.906561,1566947829050
1051,226,Gyroscope,1.1136073,-2.6853635,-0.5027421,1566947829061
1052,226,Accelerometer,-9.360130999999999,-1.6388310000000001,-1.8579005000000002,1566947829061
1053,226,Gyroscope,1.1013899999999999,-3.4067955000000003,-0.5717699,1566947829070
1054,226,Accelerometer,-10.424355,-2.6599581000000003,-1.3563153000000001,1566947829071
1055,226,Gyroscope,0.86437434,-3.5344663,-0.50579643,1566947829080
1056,226,Accelerometer,-10.672153999999999,-3.0430303,1.0151415000000001,1566947829080
1057,226,Gyroscope,0.6969972,-3.6554177000000005,-0.29321529999999996,1566947829090
1058,226,Accelerometer,-9.900024,-3.4967315,3.3925837999999997,1566947829091
1059,226,Gyroscope,0.8436049000000001,-3.6493089999999997,-0.17348573,1566947829100
1060,226,Accelerometer,-7.041347,-3.466804,6.669049,1566947829101
1061,226,Gyroscope,1.0305296,-3.0292807,-0.32559118,1566947829110
1062,226,Accelerometer,-1.7525556,-1.4748282,9.706094,1566947829110
1063,226,Gyroscope,1.2400563999999998,-2.0305161,-0.64812803,1566947829120
1064,226,Accelerometer,-4.677073,-1.1025299,11.048044,1566947829120
1065,226,Gyroscope,1.2425,-1.1166617,-0.5876524000000001,1566947829131
1066,226,Accelerometer,-5.7987566,-0.6392518,8.094796,1566947829131
1067,226,Gyroscope,0.8332202,-0.42088616,-0.3304781,1566947829140
1068,226,Accelerometer,-6.2345014,-0.94211835,6.442796700000001,1566947829141
1069,226,Gyroscope,0.39278635,0.039095376,-0.076358154,1566947829150
1070,226,Accelerometer,-7.2149267,-1.4317327,6.5337762999999995,1566947829150
1071,226,Gyroscope,0.09101892,0.3359759,0.12095132,1566947829160
1072,226,Accelerometer,-7.711724,-1.7980455000000002,5.4480059999999995,1566947829161
1073,226,Gyroscope,-0.13255776,0.26511553,0.2761111,1566947829170
1074,226,Accelerometer,-7.69257,-2.0829554,3.809175,1566947829171
1075,226,Gyroscope,-0.28771752,-0.19058995,0.5308419,1566947829180
1076,226,Accelerometer,-7.997831,-1.8830396,2.2984335,1566947829180
1077,226,Gyroscope,-0.41905355,-0.6658430999999999,0.7312057,1566947829191
1078,226,Accelerometer,-8.775947,-0.830788,1.7956512999999998,1566947829191
1079,226,Gyroscope,-0.5821546,-1.0745120000000001,0.6792821,1566947829200
1080,226,Accelerometer,-7.9810715,-0.7038953,3.6260185,1566947829201
1081,226,Gyroscope,-0.5870415,-0.9645562,0.50518554,1566947829210
1082,226,Accelerometer,-8.301894,-2.0781669999999997,6.931214,1566947829212
1083,226,Gyroscope,-0.2443461,-0.01282817,0.2302962,1566947829221
1084,226,Accelerometer,-8.732851,-3.1711202000000003,8.39886,1566947829222
1085,226,Gyroscope,-0.12950343,0.28710666,0.12461651,1566947829230
1086,226,Accelerometer,-9.425972,-2.7389667,7.3346367,1566947829231
1087,226,Gyroscope,0.0067195175,0.7098253999999999,-0.047036625,1566947829240
1088,226,Accelerometer,-9.186552,-1.6304513,5.4695540000000005,1566947829240
1089,226,Gyroscope,-0.07819075,0.9401216,-0.31948254,1566947829250
1090,226,Accelerometer,-8.191761,-0.8547299999999999,4.7237599999999995,1566947829250
1091,226,Gyroscope,-0.095294975,1.255328,-0.37018433,1566947829261
1092,226,Accelerometer,-8.042124000000001,-0.91937345,6.825869,1566947829261
1093,226,Gyroscope,-0.08552113,2.1080959999999997,-0.34147367,1566947829270
1094,226,Accelerometer,-7.727286,-1.8231846,9.287108,1566947829271
1095,226,Gyroscope,-0.17715092,3.2693508,-0.25961772,1566947829280
1096,226,Accelerometer,-7.795521000000001,-2.0973208,9.258378,1566947829280
1097,226,Gyroscope,-0.24129178,4.2528440000000005,-0.312763,1566947829290
1098,226,Accelerometer,-6.773196700000001,-0.9660603999999999,8.431181,1566947829291
1099,226,Gyroscope,-0.36102137,4.5173483,-0.24740042,1566947829300
1100,226,Accelerometer,-8.039729,-1.210269,4.7285485000000005,1566947829301
1101,226,Gyroscope,-0.5907066999999999,4.5417833,-0.04337143,1566947829310
1102,226,Accelerometer,-8.823831,-1.99437,1.2808979,1566947829310
1103,226,Gyroscope,-0.7464773,4.1037927000000005,0.18448131,1566947829321
1104,226,Accelerometer,-8.394072,-1.9847932000000001,0.044292733,1566947829321
1105,226,Gyroscope,-0.8729264000000001,3.0579915,0.35185838,1566947829330
1106,226,Accelerometer,-7.869741,-2.1631612999999996,-1.7298107,1566947829331
1107,226,Gyroscope,-1.0519098999999998,1.6029103999999998,0.48136179999999995,1566947829340
1108,226,Accelerometer,-8.65863,-2.2840683,-2.552219,1566947829340
1109,226,Gyroscope,-0.9120218000000001,0.5662721,0.6261369000000001,1566947829351
1110,226,Accelerometer,-9.284714,-2.3511062000000003,-1.6053122,1566947829351
1111,226,Gyroscope,-0.63224554,-0.08124508,0.8002335,1566947829360
1112,226,Accelerometer,-9.56723,-3.4213142,-0.29688102,1566947829361
1113,226,Gyroscope,-0.4550946,-0.2864958,0.9224065,1566947829370
1114,226,Accelerometer,-9.667786999999999,-3.0969,0.42975920000000006,1566947829370
1115,226,Gyroscope,-0.43615779999999993,-0.66950834,1.001819,1566947829381
1116,226,Accelerometer,-9.241617999999999,-1.9692308999999997,-0.6739678000000001,1566947829381
1117,226,Gyroscope,-0.56382865,-1.033584,1.1911873,1566947829390
1118,226,Accelerometer,-9.983821,-1.5155296,0.14006079999999999,1566947829391
1119,226,Gyroscope,-0.66339964,-1.2119566000000002,1.3695598999999998,1566947829400
1120,226,Accelerometer,-9.935937,-0.80804306,1.0594343000000002,1566947829400
1121,226,Gyroscope,-0.6218608,-1.3658947,1.4532483999999999,1566947829410
1122,226,Accelerometer,-9.356541,-0.8343792999999999,2.7353754,1566947829411
1123,226,Gyroscope,-0.47891834,-1.2363913,1.4257594,1566947829420
1124,226,Accelerometer,-8.414422,-1.328782,3.7241807000000002,1566947829421
1125,226,Gyroscope,-0.29016098,-0.9016371,1.3817772,1566947829430
1126,226,Accelerometer,-9.01776,-0.42736499999999994,3.7984009,1566947829430
1127,226,Gyroscope,-0.1160644,-0.6206391,1.3542882,1566947829440
1128,226,Accelerometer,-9.406818,-0.22146365,3.0550013,1566947829440
1129,226,Gyroscope,0.111177474,-0.50946164,1.1728611999999998,1566947829451
1130,226,Accelerometer,-7.8996687,0.50757074,3.7337575,1566947829451
1131,226,Gyroscope,0.18203785,-0.48930305,0.91996306,1566947829460
1132,226,Accelerometer,-9.119514,0.077811554,1.7094599999999998,1566947829460
1133,226,Gyroscope,0.13683382,-0.7635816,0.9230174000000001,1566947829470
1134,226,Accelerometer,-7.9032598,1.3467385,0.20470424,1566947829471
1135,226,Gyroscope,-0.38789943,-1.5344934,0.8613200000000001,1566947829480
1136,226,Accelerometer,-7.1873937,1.4532804,3.2716765,1566947829481
1137,226,Gyroscope,-0.58276546,-1.2351695,0.61453044,1566947829490
1138,226,Accelerometer,-7.3190745999999995,-0.22266077,5.8083334,1566947829490
1139,226,Gyroscope,-0.5992588000000001,-0.8393288000000001,0.42821655,1566947829500
1140,226,Accelerometer,-10.072407,-0.18195933,5.1607018,1566947829501
1141,226,Gyroscope,-0.65179324,-0.6743952,0.46975538,1566947829511
1142,226,Accelerometer,-10.579977,-0.50876784,3.5805287000000003,1566947829511
1143,226,Gyroscope,-0.70005155,-0.61208695,0.44104472,1566947829520
1144,226,Accelerometer,-10.579977,-0.81881696,4.0677485,1566947829521
1145,226,Gyroscope,-0.6731735,-0.49907690000000005,0.34697145,1566947829530
1146,226,Accelerometer,-9.850943,-0.28012159999999997,4.607641,1566947829530
1147,226,Gyroscope,-0.65301496,-0.23762658,0.18570304,1566947829540
1148,226,Accelerometer,-8.908825,-0.6488286999999999,5.3043537,1566947829541
1149,226,Gyroscope,-0.7263188,-0.03848451,0.03176499,1566947829551
1150,226,Accelerometer,-8.6334915,-1.7597381999999997,1.7489643,1566947829551
1151,226,Gyroscope,-0.7874053000000001,-0.5161811,0.13133603,1566947829560
1152,226,Accelerometer,-8.257602,-1.5622166000000002,1.7717092,1566947829561
1153,226,Gyroscope,-0.6188064999999999,-0.8680395000000001,0.3115413,1566947829570
1154,226,Accelerometer,-9.503783,-1.3108255,4.249708,1566947829571
1155,226,Gyroscope,-0.4550946,-0.75625116,0.41783184,1566947829580
1156,226,Accelerometer,-10.1621895,-0.45010993,4.9703627,1566947829580
1157,226,Gyroscope,-0.36957347,-0.32375857,0.3268129,1566947829590
1158,226,Accelerometer,-10.491392,0.3196259,5.3498434999999995,1566947829591
1159,226,Gyroscope,-0.16798794,0.12156218,0.092240654,1566947829601
1160,226,Accelerometer,-10.328586999999999,0.31483752,4.5238442,1566947829601
1161,226,Gyroscope,0.09468412,0.37262779999999995,-0.07819075,1566947829610
1162,226,Accelerometer,-10.244789,0.019153614,4.8362875,1566947829611
1163,226,Gyroscope,0.35918877,0.5357288,-0.18753563,1566947829620
1164,226,Accelerometer,-9.497798,-0.12210429,4.5142674000000005,1566947829620
1165,226,Gyroscope,0.40194935,0.50518554,-0.24190263,1566947829630
1166,226,Accelerometer,-8.63828,-0.14604631,3.5482068,1566947829630
1167,226,Gyroscope,0.28160888,0.34819320000000004,-0.21624629,1566947829641
1168,226,Accelerometer,-8.811859,-0.664391,2.9724014,1566947829641
1169,226,Gyroscope,0.16615535,0.18020524,-0.12950343,1566947829650
1170,226,Accelerometer,-8.710106,-0.8643068000000002,3.156755,1566947829651
1171,226,Gyroscope,0.10445796,0.119729586,-0.07513642,1566947829660
1172,226,Accelerometer,-8.409634,-0.5267244000000001,2.7377696,1566947829661
1173,226,Gyroscope,0.0580322,0.10262536,-0.09896017,1566947829670
1174,226,Accelerometer,-8.761581,-0.81522566,2.7138276,1566947829670
1175,226,Gyroscope,0.04886922,-0.017104227,-0.10873401,1566947829680
1176,226,Accelerometer,-8.962694,-0.62488663,3.0813377,1566947829681
1177,226,Gyroscope,0.15760323,-0.029321532999999997,-0.10995574,1566947829691
1178,226,Accelerometer,-9.762358,-0.9732430000000001,4.277241,1566947829691
1179,226,Gyroscope,0.38362336,0.10873401,-0.12767084,1566947829700
1180,226,Accelerometer,-9.722853,-0.029927522,3.8486792999999997,1566947829701
1181,226,Gyroscope,0.4550946,0.552833,-0.26083946,1566947829710
1182,226,Accelerometer,-9.115923,0.23702596,2.8299465,1566947829710
1183,226,Gyroscope,0.47769663,0.7452555999999999,-0.30421090000000006,1566947829720
1184,226,Accelerometer,-8.397662,0.5578489999999999,3.4081461,1566947829721
1185,226,Gyroscope,0.48197266,0.49785519999999994,-0.22235495,1566947829731
1186,226,Accelerometer,-8.010999,0.42257659999999997,3.2321722999999998,1566947829731
1187,226,Gyroscope,0.24495697,0.029321532999999997,-0.06047566,1566947829740
1188,226,Accelerometer,-8.281544,-0.40222588,1.7717092,1566947829741
1189,226,Gyroscope,0.018325957,-0.12156218,0.08063421400000001,1566947829750
1190,226,Accelerometer,-9.107543,-0.7374141,3.2202013,1566947829750
1191,226,Accelerometer,-7.8649526,0.05746084,3.4680011,1566947829783
1192,226,Accelerometer,-7.8649526,0.05746084,3.4680011,1566947829792
1193,226,Accelerometer,-6.7360864000000005,-0.45609543,2.3786395000000002,1566947829803
1194,226,Accelerometer,-8.024167,-0.40581718,3.4620156000000004,1566947829813
1195,226,Accelerometer,-8.186973,0.08499416,4.3275194,1566947829823
1196,226,Gyroscope,0.07147124,0.7629706999999999,-0.23884831,1566947829832
1197,226,Accelerometer,-8.054094000000001,0.50517654,5.41329,1566947829833
1198,226,Gyroscope,0.15088372,0.93951076,-0.30970868,1566947829842
1199,226,Accelerometer,-9.054871,-0.009576807,3.9935283999999998,1566947829843
1200,226,Gyroscope,0.24373524,0.7855727,-0.28283059999999993,1566947829852
1201,226,Accelerometer,-9.068039,0.04309563,2.7389667,1566947829853
1202,226,Gyroscope,0.33658674,0.62980205,-0.2565634,1566947829863
1203,226,Accelerometer,-8.163031,0.5578489999999999,2.791639,1566947829863
1204,226,Gyroscope,0.19364429,0.29016098,-0.19058995,1566947829872
1205,226,Accelerometer,-9.111135,1.3012487,0.664391,1566947829873
1206,226,Gyroscope,0.2144137,0.04337143,-0.19730948,1566947829882
1207,226,Accelerometer,-9.352949,1.2413936,1.7633294999999998,1566947829883
1208,226,Gyroscope,0.47158796,-0.10629055,-0.35002577,1566947829892
1209,226,Accelerometer,-9.228451,0.7242460000000001,2.4827871,1566947829893
1210,226,Gyroscope,0.7275404999999999,-0.1685988,-0.48685959999999995,1566947829902
1211,226,Accelerometer,-9.472659,0.24181437,2.597709,1566947829903
1212,226,Gyroscope,0.9254609,-0.19608775,-0.5742133,1566947829913
1213,226,Accelerometer,-8.511387,-1.1300632,2.7868507,1566947829913
1214,226,Gyroscope,1.0403035,-0.36346483,-0.49785519999999994,1566947829922
1215,226,Accelerometer,-8.186973,-1.7561468999999996,2.0398598000000003,1566947829923
1216,226,Gyroscope,0.90102625,-0.6053675000000001,-0.20525073,1566947829932
1217,226,Accelerometer,-8.240842,-1.8411411,2.622848,1566947829933
1218,226,Gyroscope,0.7360926,-0.66339964,-0.14110987,1566947829942
1219,226,Accelerometer,-8.300697,-1.30484,3.7457285000000002,1566947829943
1220,226,Gyroscope,0.7128797,-0.35002577,-0.24190263,1566947829952
1221,226,Accelerometer,-8.524555,-0.074220255,3.6583402,1566947829953
1222,226,Gyroscope,0.657291,-0.24678956,-0.44348818,1566947829962
1223,226,Accelerometer,-10.238804,0.49440265,3.1304187999999997,1566947829963
1224,226,Gyroscope,0.5656611999999999,-0.2706133,-0.5705481,1566947829972
1225,226,Accelerometer,-11.19409,0.38187516,3.4093432,1566947829973
1226,226,Gyroscope,0.50335294,-0.04337143,-0.6988298000000001,1566947829982
1227,226,Accelerometer,-10.559627,0.40701428,4.867412,1566947829983
1228,226,Gyroscope,0.51251596,0.24862215,-0.71959925,1566947829992
1229,226,Accelerometer,-9.033323,0.009576807,4.309563,1566947829993
1230,226,Gyroscope,0.31703907,0.23884831,-0.61086524,1566947830002
1231,226,Accelerometer,-8.591593,0.08140286,3.2980127,1566947830003
1232,226,Gyroscope,0.05009095,0.19914207,-0.5656611999999999,1566947830012
1233,226,Accelerometer,-8.645462,-0.46567222,2.9783869,1566947830013
1234,226,Gyroscope,-0.06963864,0.20891592,-0.54550266,1566947830022
1235,226,Accelerometer,-9.334992,-1.1647792,3.7169980000000002,1566947830023
1236,226,Gyroscope,-0.08368854,0.32803464,-0.52839845,1566947830032
1237,226,Accelerometer,-9.967062,-1.3754688999999998,3.0430303,1566947830033
1238,226,Gyroscope,-0.031154128,0.29810223,-0.462425,1566947830042
1239,226,Accelerometer,-10.334572,-1.9333179,2.8742392000000003,1566947830043
1240,226,Gyroscope,0.040927973,0.21502456,-0.33169982,1566947830052
1241,226,Accelerometer,-10.002974499999999,-1.8770541,2.540248,1566947830053
1242,226,Gyroscope,0.00061086525,0.018325957,-0.11362094,1566947830062
1243,226,Accelerometer,-9.130288,-1.8219875,2.3654714,1566947830063
1244,226,Gyroscope,-0.15332718,-0.40317106,0.10812314599999999,1566947830072
1245,226,Accelerometer,-8.379706,-1.7741034,2.6994624,1566947830073
1246,226,Gyroscope,-0.34574974,-0.6096435,0.20158553,1566947830082
1247,226,Accelerometer,-8.224083,-1.780089,3.168726,1566947830083
1248,226,Gyroscope,-0.45204028,-0.54305923,0.10995574,1566947830093
1249,226,Accelerometer,-8.397662,-1.7561468999999996,3.3482912000000002,1566947830093
1250,226,Gyroscope,-0.33964106,-0.46914452,-0.17959438,1566947830102
1251,226,Accelerometer,-8.559271,-1.6915035,3.3937809999999997,1566947830103
1252,226,Gyroscope,-0.22968534,-0.23273966,-0.38606682,1566947830112
1253,226,Accelerometer,-11.317391,-0.7410054,2.8179752999999996,1566947830113
1254,226,Gyroscope,-0.17104226,0.36041048,-0.34086279999999997,1566947830122
1255,226,Accelerometer,-11.250354,0.008379705999999999,4.313154,1566947830123
1256,226,Gyroscope,-0.0036651915999999997,0.9138544,-0.16615535,1566947830132
1257,226,Accelerometer,-10.043676,-0.60932434,4.7860093,1566947830133
1258,226,Gyroscope,0.07086037,1.138042,0.032375857,1566947830143
1259,226,Accelerometer,-5.8789620000000005,-2.4995465,0.8702923,1566947830143
1260,226,Gyroscope,0.20525073,1.2980886999999999,0.2144137,1566947830152
1261,226,Accelerometer,-9.582792,-0.91338795,6.0381765,1566947830153
1262,226,Gyroscope,0.116675265,1.5705346000000002,0.398895,1566947830162
1263,226,Accelerometer,-10.092757,-2.6132712000000002,4.0797195,1566947830163
1264,226,Gyroscope,0.06719518,1.246776,0.39278635,1566947830172
1265,226,Accelerometer,-9.1829605,-1.3922282,0.16400282,1566947830173
1266,226,Gyroscope,-1.2003502000000001,0.013439035,0.22357668,1566947830183
1267,226,Accelerometer,-10.420763,-0.12808979,-3.9767690000000004,1566947830183
1268,226,Gyroscope,-1.6536123,-0.41538838,0.22479841,1566947830192
1269,226,Accelerometer,-11.903971,-0.3890578,-1.6005238000000002,1566947830193
1270,226,Gyroscope,-1.2809844,-0.12767084,0.14049901,1566947830202
1271,226,Accelerometer,-10.776301,0.15203181,4.4077253,1566947830203
1272,226,Gyroscope,-0.752586,0.41538838,-0.02687807,1566947830212
1273,226,Accelerometer,-8.388085,0.107739076,5.7808,1566947830213
1274,226,Gyroscope,-0.453262,0.66706485,-0.26389378,1566947830222
1275,226,Accelerometer,-6.813898,0.050278235,4.697424,1566947830223
1276,226,Gyroscope,-0.45753807,0.58459806,-0.32192600000000005,1566947830232
1277,226,Accelerometer,-7.9786773,-1.3682863,2.4756044999999998,1566947830233
1278,226,Gyroscope,-0.74464476,-0.008552114,-0.16493362,1566947830242
1279,226,Accelerometer,-9.509769,-2.802413,-0.5650316,1566947830243
1280,226,Gyroscope,-0.95111716,-0.5326744999999999,0.14110987,1566947830252
1281,226,Accelerometer,-10.553641,-4.095282,2.3427265,1566947830253
1282,226,Gyroscope,-0.6010914,-0.40378192,0.5112942,1566947830262
1283,226,Accelerometer,-14.930242000000002,-5.7496753,7.6506715,1566947830263
1284,226,Gyroscope,-0.6224717,-0.03359759,0.06658431,1566947830273
1285,226,Accelerometer,-7.7703815,0.7206547,1.4496891,1566947830273
1286,226,Gyroscope,-0.93584555,0.24556783,-0.6927211999999999,1566947830282
1287,226,Accelerometer,-7.9367785,1.4856021000000001,1.578976,1566947830283
1288,226,Gyroscope,-0.37995818,0.88270026,-1.0983357,1566947830292
1289,226,Accelerometer,-9.706094,-0.59017074,8.125919999999999,1566947830293
1290,226,Gyroscope,0.35857790000000006,1.3946053999999999,-1.4385877,1566947830302
1291,226,Accelerometer,-7.608772999999999,0.48003745,9.287108,1566947830303
1292,226,Gyroscope,0.6249151,1.2809844,-1.6022996,1566947830312
1293,226,Accelerometer,-7.4495587,-0.6991069000000001,4.7931919999999995,1566947830313
1294,226,Gyroscope,1.541213,0.2144137,-0.8405505999999999,1566947830322
1295,226,Accelerometer,-15.169661499999998,-5.616797,11.558009,1566947830323
1296,226,Gyroscope,3.2052099999999997,-1.4300356,-0.39645153,1566947830332
1297,226,Accelerometer,-9.077616,-4.189853,12.291832000000001,1566947830333
1298,226,Gyroscope,4.1489970000000005,-2.0793852999999998,-0.21991149,1566947830342
1299,226,Accelerometer,-6.3182983,0.10414778,9.652225,1566947830343
1300,226,Gyroscope,3.0854805,-1.4886786,-0.20586158,1566947830352
1301,226,Accelerometer,-6.873753,-0.17836803,-2.3546975,1566947830353
1302,226,Gyroscope,2.7207937,-1.9113973000000002,-0.23823744,1566947830362
1303,226,Accelerometer,-7.3190745999999995,-1.5227122,4.97156,1566947830363
1304,226,Gyroscope,3.1294627,-2.4153612,-0.1563815,1566947830372
1305,226,Accelerometer,-9.28232,-0.7158663000000001,3.7014358,1566947830373
1306,226,Gyroscope,3.1031953999999997,-2.3267857999999997,0.04276056599999999,1566947830382
1307,226,Accelerometer,-7.6375036,0.47046062,0.91697925,1566947830383
1308,226,Gyroscope,2.6309967,-1.6762142,0.17287487,1566947830392
1309,226,Accelerometer,-7.485471700000001,1.5286977,-3.9935283999999998,1566947830393
1310,226,Gyroscope,1.6688838,-0.88697636,0.12278391400000001,1566947830402
1311,226,Accelerometer,-8.498219,1.4891934,-9.129091,1566947830403
1312,226,Gyroscope,-0.09162979,-0.12889257,-0.13316862,1566947830413
1313,226,Accelerometer,-10.721235,-0.2908955,-11.075577000000001,1566947830413
1314,226,Gyroscope,-0.8564331000000001,-0.05131268,-0.03604105,1566947830422
1315,226,Accelerometer,-12.460623,-2.2541409,-7.603985000000001,1566947830423
1316,226,Gyroscope,-1.2131783999999999,0.04337143,0.3286455,1566947830432
1317,226,Accelerometer,-11.744757,-2.7437549999999997,-2.6192567,1566947830433
1318,226,Gyroscope,-1.4214833999999998,-0.06169739,0.6603453,1566947830442
1319,226,Accelerometer,-10.216059,-2.0075380000000003,0.78888947,1566947830443
1320,226,Gyroscope,-1.5778649,-0.29626966,0.88025683,1566947830452
1321,226,Accelerometer,-9.1590185,-1.2952632,3.78643,1566947830453
1322,226,Gyroscope,-1.5180001,-0.45814893,1.0231993000000001,1566947830462
1323,226,Accelerometer,-8.111555000000001,-0.91219085,6.399701,1566947830463
1324,226,Gyroscope,-1.1954633,-0.5705481,1.0451905000000001,1566947830472
1325,226,Accelerometer,-6.5924344,-0.62249243,7.666233999999999,1566947830473
1326,226,Gyroscope,-0.74097955,-0.62858033,0.88147855,1566947830482
1327,226,Accelerometer,-5.1798553,-0.38426940000000004,8.561666,1566947830483
1328,226,Gyroscope,-0.2761111,-0.66645396,0.5626069,1566947830492
1329,226,Accelerometer,-4.5202527,-0.19991584,9.689333999999999,1566947830493
1330,226,Gyroscope,0.17531833,-0.5002986,0.20586158,1566947830503
1331,226,Accelerometer,-4.832696,-0.046686932,11.022903999999999,1566947830503
1332,226,Gyroscope,0.63407815,-0.18753563,-0.10812314599999999,1566947830512
1333,226,Accelerometer,-5.7005944,0.017956512,10.29387,1566947830513
1334,226,Gyroscope,1.0146471,0.103847094,-0.36102137,1566947830522
1335,226,Accelerometer,-6.211755999999999,0.046686932,8.391677,1566947830523
1336,226,Gyroscope,1.2040153999999998,0.29871312,-0.5687156,1566947830532
1337,226,Accelerometer,-6.5182139999999995,-0.107739076,6.348225599999999,1566947830533
1338,226,Gyroscope,1.1710287,0.39706242,-0.7147123000000001,1566947830542
1339,226,Accelerometer,-6.9958572,-0.51475334,4.6519337,1566947830543
1340,226,Gyroscope,0.9401216,0.37018433,-0.75747293,1566947830553
1341,226,Accelerometer,-7.917625,-1.2090718999999999,2.8909986,1566947830553
1342,226,Gyroscope,0.5589417,0.31337386,-0.65301496,1566947830562
1343,226,Accelerometer,-9.200917,-1.7657237000000001,1.8411411,1566947830563
1344,226,Gyroscope,0.103847094,0.29932398,-0.43249258,1566947830572
1345,226,Accelerometer,-10.663774499999999,-1.9656396,0.94690675,1566947830573
1346,226,Gyroscope,-0.2742785,0.37995818,-0.16982053,1566947830582
1347,226,Accelerometer,-12.449849,-1.283292,1.7465701,1566947830583
1348,226,Gyroscope,-0.39767328,0.54367006,0.09040806,1566947830592
1349,226,Accelerometer,-13.588292000000001,-0.5351041,2.8215668,1566947830593
1350,226,Gyroscope,-0.28893927,0.56016344,0.34880406,1566947830602
1351,226,Accelerometer,-13.680469,-0.19871874,2.055422,1566947830603
1352,226,Gyroscope,-0.17959438,0.34574974,0.5839871999999999,1566947830612
1353,226,Accelerometer,-12.715605,-0.3172317,0.7661445,1566947830613
1354,226,Gyroscope,-0.18753563,0.12950343,0.7788531999999999,1566947830622
1355,226,Accelerometer,-11.690886500000001,-0.81043726,0.9576806999999999,1566947830623
1356,226,Gyroscope,-0.34513888,0.18020524,1.0464121,1566947830632
1357,226,Accelerometer,-11.162966,-0.91219085,1.8602947,1566947830633
1358,226,Gyroscope,-0.5357288,0.5198463,1.1301007,1566947830643
1359,226,Accelerometer,-10.022128,-0.40222588,3.78643,1566947830643
1360,226,Gyroscope,-0.54611355,0.5626069,1.0122037,1566947830652
1361,226,Accelerometer,-8.258799,0.48123455,3.9971197,1566947830653
1362,226,Gyroscope,-0.39584067,0.5742133,0.8405505999999999,1566947830662
1363,226,Accelerometer,-7.629123700000001,0.4165911,5.687426,1566947830663
1364,226,Gyroscope,-0.06841691,0.75136423,0.7098253999999999,1566947830672
1365,226,Accelerometer,-7.5453267,0.07062895,7.5561004,1566947830673
1366,226,Gyroscope,0.22968534,1.0103711,0.5180137,1566947830683
1367,226,Accelerometer,-7.410054,0.31244332,7.4806833,1566947830683
1368,226,Gyroscope,0.45448375,1.409877,0.36896262,1566947830692
1369,226,Accelerometer,-8.330625,0.24899697,6.7468604999999995,1566947830693
1370,226,Gyroscope,0.5516113,1.6639968999999997,0.36651915,1566947830702
1371,226,Accelerometer,-9.255983,-0.1436521,4.382586,1566947830703
1372,226,Gyroscope,0.4392121,1.3994923000000001,0.43860126,1566947830712
1373,226,Accelerometer,-9.4774475,-0.94810385,0.9852139999999999,1566947830713
1374,226,Gyroscope,0.058643065,0.8051204000000001,0.6230826,1566947830722
1375,226,Accelerometer,-10.431536999999999,-1.9237411,-2.0626047,1566947830723
1376,226,Gyroscope,-0.7171558000000001,0.46914452,0.89369583,1566947830733
1377,226,Accelerometer,-10.996569000000001,-1.8459294999999998,-4.4843397000000005,1566947830733
1378,226,Gyroscope,-1.8894061999999998,0.75441855,1.0879510000000001,1566947830742
1379,226,Accelerometer,-10.4171715,-0.6536171,-5.449203,1566947830743
1380,226,Gyroscope,-2.8026497000000004,1.3530666,1.2614367,1566947830752
1381,226,Accelerometer,-10.998961999999999,-0.8547299999999999,-1.6747441000000003,1566947830753
1382,226,Gyroscope,-2.5546384,0.8368853999999999,1.3127494,1566947830762
1383,226,Accelerometer,-10.056845,-2.3427265,4.8985367,1566947830763
1384,226,Gyroscope,-1.2198978999999999,-0.12950343,1.1771374,1566947830773
1385,226,Accelerometer,-7.5189905,-1.8327613999999999,11.183316,1566947830773
1386,226,Gyroscope,0.002443461,-0.5002986,0.9651671000000001,1566947830782
1387,226,Accelerometer,-5.9531827,0.48482585,11.74715,1566947830783
1388,226,Gyroscope,0.29016098,-0.15271631,0.8393288000000001,1566947830792
1389,226,Accelerometer,-7.7727756999999995,1.412579,7.1167645,1566947830793
1390,226,Gyroscope,-0.18631389999999998,0.049480084,0.72692966,1566947830802
1391,226,Accelerometer,-8.603564,1.5310919,1.0773908,1566947830803
1392,226,Gyroscope,-0.6597345,-0.20708331,0.6230826,1566947830812
1393,226,Accelerometer,-8.737639,1.4077905000000002,-0.32800564,1566947830813
1394,226,Gyroscope,-0.7623598,-0.48624873,0.62858033,1566947830822
1395,226,Accelerometer,-9.187749,1.0175357,2.0518308000000003,1566947830823
1396,226,Gyroscope,-0.61208695,-0.54061574,0.6640105,1566947830832
1397,226,Accelerometer,-9.169792,0.5650316,4.4029370000000005,1566947830833
1398,226,Gyroscope,-0.5119051,-0.37934732,0.6438520000000001,1566947830842
1399,226,Accelerometer,-9.175778,0.5734113000000001,4.0809169999999995,1566947830843
1400,226,Gyroscope,-0.4447099,-0.2864958,0.5852089,1566947830852
1401,226,Accelerometer,-8.445546,0.90021986,3.7134068,1566947830854
1402,226,Gyroscope,-0.37140608,-0.3475823,0.50518554,1566947830863
1403,226,Accelerometer,-7.8829093,1.1899183,2.7461493,1566947830863
1404,226,Gyroscope,-0.54367006,-0.55955255,0.38545597,1566947830872
1405,226,Accelerometer,-7.931989999999999,0.90381116,2.7222072999999996,1566947830873
1406,226,Gyroscope,-0.6200281999999999,-0.61575216,0.3817908,1566947830882
1407,226,Accelerometer,-8.348581,0.48722005,3.6343982000000006,1566947830883
1408,226,Gyroscope,-0.4831944,-0.94134337,0.48502702,1566947830892
1409,226,Accelerometer,-8.831013,0.08020575,2.930503,1566947830893
1410,226,Gyroscope,-0.32559118,-1.4477507,0.69027776,1566947830903
1411,226,Accelerometer,-8.731653,0.748188,3.7684733999999995,1566947830903
1412,226,Gyroscope,-0.28099802,-1.640784,0.77091193,1566947830912
1413,226,Accelerometer,-8.385692,1.520318,3.2106244999999998,1566947830913
1414,226,Gyroscope,-0.5381723,-1.5161675,0.5876524000000001,1566947830922
1415,226,Accelerometer,-7.274781699999999,2.0015526,2.7593174,1566947830923
1416,226,Gyroscope,-0.7501425,-1.2883148000000002,0.30848694,1566947830932
1417,226,Accelerometer,-7.7368627000000005,1.5837643999999997,3.5889084,1566947830933
1418,226,Gyroscope,-0.75625116,-1.2351695,0.14355333,1566947830942
1419,226,Accelerometer,-7.2340803,0.8523358,3.7576995,1566947830943
1420,226,Gyroscope,-0.8155051,-1.1691961000000002,-0.18692477,1566947830952
1421,226,Accelerometer,-5.657499,2.9077580000000003,3.4596214,1566947830953
1422,226,Gyroscope,-0.57971114,-1.1191051,0.21074851,1566947830963
1423,226,Accelerometer,-13.563151999999999,-4.959589,11.136629,1566947830963
1424,226,Gyroscope,-0.37873647,-1.106277,0.4831944,1566947830972
1425,226,Accelerometer,-9.979032499999999,1.8052281000000003,-1.8662802,1566947830973
1426,226,Gyroscope,-1.0158689,-1.7507398,0.35002577,1566947830982
1427,226,Accelerometer,-9.320627,2.6252422,5.020641,1566947830983
1428,226,Gyroscope,-0.56382865,-0.7330383,0.054367005999999996,1566947830992
1429,226,Accelerometer,-5.112818,4.429273,15.708357999999999,1566947830993
1430,226,Gyroscope,0.21685717,0.42821655,-0.6921103,1566947831002
1431,226,Accelerometer,-4.746505,4.762067299999999,9.67018,1566947831003
1432,226,Gyroscope,0.31764993,1.1899655,-1.2486086,1566947831013
1433,226,Accelerometer,-6.2404866,0.7541734999999999,4.5022964000000005,1566947831013
1434,226,Gyroscope,-0.30421090000000006,1.3860531999999999,-1.3439035,1566947831022
1435,226,Accelerometer,-12.567164,-4.485537,-3.7349546,1566947831023
1436,226,Gyroscope,-0.6646214,0.77763146,-0.9266825999999999,1566947831032
1437,226,Accelerometer,-6.813898,-0.49081135,5.046977,1566947831033
1438,226,Gyroscope,-0.38851030000000003,0.75319684,-0.86315256,1566947831042
1439,226,Accelerometer,-8.639477000000001,0.30526072,8.9124155,1566947831043
1440,226,Gyroscope,-0.06658431,0.9669996999999999,-0.8772025,1566947831052
1441,226,Accelerometer,-8.297106,1.3060371000000002,2.8443117,1566947831053
1442,226,Gyroscope,-0.43310347,0.88270026,-0.6450737,1566947831062
1443,226,Accelerometer,-10.036493,0.108936176,-3.3566709,1566947831063
1444,226,Gyroscope,-1.2394456,0.24923302,-0.21563543,1566947831072
1445,226,Accelerometer,-12.135012,-0.58298814,1.7717092,1566947831073
1446,226,Gyroscope,-1.2638801000000002,-0.49418998,0.08674286,1566947831082
1447,226,Accelerometer,-10.029311,-0.05865794,5.972336299999999,1566947831083
1448,226,Gyroscope,-0.99021256,-0.46914452,0.15882497,1566947831092
1449,226,Accelerometer,-9.266758,0.2657564,7.6375036,1566947831093
1450,226,Gyroscope,-0.43799037,0.06841691,-0.056199603,1566947831102
1451,226,Accelerometer,-9.0476885,0.23822308,6.766014,1566947831103
1452,226,Gyroscope,-0.25411993,0.17287487,-0.23396139,1566947831112
1453,226,Accelerometer,-8.846575999999999,0.38426940000000004,5.0134583,1566947831113
1454,226,Gyroscope,-0.16432275,0.23701571,-0.37201694,1566947831123
1455,226,Accelerometer,-8.8884735,0.24540567,4.8865657,1566947831123
1456,226,Gyroscope,-0.17287487,0.36835176,-0.45142943,1566947831132
1457,226,Accelerometer,-8.585608,-0.11731588,4.344279,1566947831133
1458,226,Gyroscope,-0.21624629,0.4550946,-0.45448375,1566947831142
1459,226,Accelerometer,-8.553286,-0.80325466,4.119224,1566947831143
1460,226,Gyroscope,-0.061086524,0.41050145,-0.35735616,1566947831152
1461,226,Accelerometer,-8.656236999999999,-0.59017074,5.4288526,1566947831153
1462,226,Gyroscope,-0.02565634,0.34025195,-0.1966986,1566947831162
1463,226,Accelerometer,-9.354146,-0.48841715,4.140772,1566947831163
1464,226,Gyroscope,-0.17287487,0.26572640000000003,-0.06780604,1566947831173
1465,226,Accelerometer,-8.634688,-0.25857377,2.3822308,1566947831173
1466,226,Gyroscope,-0.27122417,0.15027285,0.004276057,1566947831182
1467,226,Accelerometer,-8.202535000000001,-0.4189853,2.9939492000000003,1566947831183
1468,226,Gyroscope,-0.29260445,-0.1423316,0.13622294,1566947831192
1469,226,Accelerometer,-8.993818,-0.34596214,3.4141315999999997,1566947831193
1470,226,Gyroscope,-0.6243043,-0.028710667000000002,0.15332718,1566947831202
1471,226,Accelerometer,-8.506598,0.049081136,1.7753005000000002,1566947831203
1472,226,Gyroscope,-0.73731434,-0.27488935,0.26083946,1566947831212
1473,226,Accelerometer,-9.67018,-0.736217,2.3403322999999996,1566947831213
1474,226,Gyroscope,-0.6230826,-0.41050145,0.24068089999999998,1566947831222
1475,226,Accelerometer,-8.707711,-0.23343466,3.9983168,1566947831223
1476,226,Gyroscope,-0.37079520000000005,-0.2968805,0.21319197,1566947831232
1477,226,Accelerometer,-8.397662,0.5386954,5.664681400000001,1566947831233
1478,226,Gyroscope,-0.16126843,0.01282817,0.22235495,1566947831242
1479,226,Accelerometer,-8.708909,0.7038953,6.023811299999999,1566947831243
1480,226,Gyroscope,0.050701816,0.27000242,0.23518312,1566947831252
1481,226,Accelerometer,-8.495825,0.6368576,5.852626,1566947831253
1482,226,Gyroscope,0.10445796,0.30543262,0.24984388,1566947831262
1483,226,Accelerometer,-8.669404,0.272939,4.272453,1566947831263
1484,226,Gyroscope,0.09162979,0.24923302,0.4111123,1566947831272
1485,226,Accelerometer,-9.263166,-0.39145198,3.9624038,1566947831273
1486,226,Gyroscope,0.047647487,-0.14844026,0.5919284,1566947831283
1487,226,Accelerometer,-9.733627,-0.6907272,2.5582043999999997,1566947831283
1488,226,Gyroscope,-0.04642576,-0.41355577,0.64568454,1566947831292
1489,226,Accelerometer,-7.745242599999999,0.07182605,4.240131400000001,1566947831293
1490,226,Gyroscope,-0.081855945,-0.45875978,0.57360244,1566947831302
1491,226,Accelerometer,-8.243236999999999,-0.29448682,5.195418,1566947831303
1492,226,Gyroscope,-0.014049901000000002,-0.33353242,0.548557,1566947831312
1493,226,Accelerometer,-7.9487495,-0.32202014,5.729325,1566947831313
1494,226,Gyroscope,0.10995574,-0.0580322,0.48991394,1566947831322
1495,226,Accelerometer,-8.057686,-0.6955156,5.985504,1566947831323
1496,226,Gyroscope,0.42516220000000005,0.16615535,0.37995818,1566947831332
1497,226,Accelerometer,-8.783128999999999,-0.6847416999999999,4.4149080000000005,1566947831333
1498,226,Gyroscope,0.48075095,0.14172074,0.37140608,1566947831342
1499,226,Accelerometer,-9.018958,0.19632454,2.8921957000000003,1566947831343
1500,226,Gyroscope,0.398895,-0.06658431,0.3304781,1566947831352
1501,226,Accelerometer,-8.653842,0.9720459000000001,2.6036943999999997,1566947831353
1502,226,Gyroscope,0.31581733,-0.08735373,0.2144137,1566947831363
1503,226,Accelerometer,-8.565256,0.80564886,5.1247888,1566947831363
1504,226,Gyroscope,0.46181414,-0.0580322,0.1337795,1566947831372
1505,226,Accelerometer,-8.080430999999999,1.7022773999999998,5.7784057,1566947831373
1506,226,Gyroscope,0.59498274,0.06536258,-0.0036651915999999997,1566947831382
1507,226,Accelerometer,-8.486248,1.9141643,5.6227827,1566947831383
1508,226,Gyroscope,0.7147123000000001,0.13622294,-0.105068825,1566947831392
1509,226,Accelerometer,-8.717288,1.8495207999999999,4.8135424,1566947831393
1510,226,Gyroscope,0.552833,0.11911872,-0.11362094,1566947831402
1511,226,Accelerometer,-10.125079,1.1982979999999999,2.1176715,1566947831403
1512,226,Gyroscope,0.08552113,0.13133603,0.01282817,1566947831412
1513,226,Accelerometer,-10.504559500000001,-0.39624038,1.9704279999999998,1566947831413
1514,226,Gyroscope,-0.17165314,0.048258353,0.18081611,1566947831422
1515,226,Accelerometer,-9.618706,-0.8738836,3.3051953000000003,1566947831423
1516,226,Gyroscope,-0.18448131,-0.07391469,0.35613444,1566947831432
1517,226,Accelerometer,-9.175778,-0.9576806999999999,4.3813889999999995,1566947831433
1518,226,Gyroscope,-0.13805555,-0.124005646,0.45631635,1566947831442
1519,226,Accelerometer,-8.234857,-0.34955344,4.4244847,1566947831443
1520,226,Gyroscope,-0.12583824,-0.21868975,0.45265114,1566947831453
1521,226,Accelerometer,-8.173803999999999,0.20350714,4.546589,1566947831453
1522,226,Gyroscope,-0.16554448,-0.21563543,0.42760566,1566947831462
1523,226,Accelerometer,-8.517372,0.7015011,4.6459484,1566947831463
1524,226,Gyroscope,-0.20463985,-0.24495697,0.398895,1566947831472
1525,226,Accelerometer,-9.202114,1.5286977,4.380192,1566947831473
1526,226,Gyroscope,-0.30787608,-0.22113322,0.39522982,1566947831482
1527,226,Accelerometer,-9.813833,1.958457,3.7588966,1566947831483
1528,226,Gyroscope,-0.43310347,-0.16737708,0.37140608,1566947831492
1529,226,Accelerometer,-8.198944000000001,1.7537526999999997,4.531027,1566947831493
1530,226,Gyroscope,-0.3005457,-0.12889257,0.24251351,1566947831502
1531,226,Accelerometer,-8.054094000000001,1.1875241,4.794389,1566947831503
1532,226,Gyroscope,-0.25778514,0.06841691,0.18692477,1566947831512
1533,226,Accelerometer,-7.5094137000000005,0.50996494,4.4795513,1566947831513
1534,226,Gyroscope,-0.1282817,0.0842994,0.08246681,1566947831522
1535,226,Accelerometer,-7.6710224,0.40581718,5.073313,1566947831523
1536,226,Gyroscope,0.09162979,-0.007941248,0.056199603,1566947831532
1537,226,Accelerometer,-8.525752,0.36511576,5.482722,1566947831533
1538,226,Gyroscope,0.18509217,0.0061086523,0.13622294,1566947831543
1539,226,Accelerometer,-9.5492735,0.46447513,4.4328647000000005,1566947831543
1540,226,Gyroscope,-0.0067195175,0.06047566,0.2302962,1566947831552
1541,226,Accelerometer,-9.655814999999999,0.50876784,3.2776620000000003,1566947831553
1542,226,Gyroscope,-0.15454891,-0.1160644,0.23823744,1566947831562
1543,226,Accelerometer,-8.682572,0.8463503000000001,4.07134,1566947831563
1544,226,Gyroscope,0.017104227,-0.15149458,0.13439035,1566947831572
1545,226,Accelerometer,-7.442375999999999,1.3718776000000001,6.0130377,1566947831573
1546,226,Gyroscope,0.11301007,-0.15149458,0.07574729,1566947831582
1547,226,Accelerometer,-8.267178999999999,1.0570401000000003,5.1319714,1566947831583
1548,226,Gyroscope,0.112399206,0.08307768,0.1020145,1566947831593
1549,226,Accelerometer,-8.65025,0.5422866999999999,3.9791632000000003,1566947831593
1550,226,Gyroscope,0.14599679999999998,0.099571034,0.20891592,1566947831602
1551,226,Accelerometer,-9.232041,0.2885013,4.0701427,1566947831603
1552,226,Gyroscope,0.095294975,0.18020524,0.28344148,1566947831612
1553,226,Accelerometer,-8.738836000000001,1.1432313,3.8127663,1566947831613
1554,226,Gyroscope,0.10079276599999999,0.20586158,0.17592919,1566947831622
1555,226,Accelerometer,-6.4260373,2.4744074,4.557363,1566947831623
1556,226,Gyroscope,0.2742785,0.29199359999999996,0.14966199,1566947831633
1557,226,Accelerometer,-8.249222,1.8770541,6.672640299999999,1566947831633
1558,226,Gyroscope,0.070249505,0.20097467,0.18448131,1566947831642
1559,226,Accelerometer,-7.8948803,1.4305356000000002,2.7808652,1566947831643
1560,226,Gyroscope,-0.18753563,0.054367005999999996,0.15149458,1566947831652
1561,226,Accelerometer,-7.965509,1.6998832,3.4799721,1566947831653
1562,226,Gyroscope,-0.28221974,0.02565634,0.19547687,1566947831662
1563,226,Accelerometer,-8.62152,-1.7681179,4.7967830000000005,1566947831663
1564,226,Gyroscope,-0.3817908,-0.18692477,0.46670106,1566947831672
1565,226,Accelerometer,-9.124303,-0.7649474,3.0502129,1566947831673
1566,226,Gyroscope,-0.32131509999999996,-0.21319197,0.66523224,1566947831683
1567,226,Accelerometer,-9.601946,1.1097125,4.795586,1566947831683
1568,226,Gyroscope,-0.3109304,-0.19547687,0.48197266,1566947831692
1569,226,Accelerometer,-8.799889,3.064578,3.8690300000000004,1566947831693
1570,226,Gyroscope,-0.00061086525,0.13988814,-0.04337143,1566947831702
1571,226,Accelerometer,-6.4188547,4.459201,7.515399,1566947831703
1572,226,Gyroscope,0.5552765000000001,0.6444628000000001,-0.63407815,1566947831712
1573,226,Accelerometer,-5.651513,4.583699,8.724471000000001,1566947831713
1574,226,Gyroscope,1.0604621,1.2125676,-1.1239921,1566947831722
1575,226,Accelerometer,-5.6443305,3.288436,7.8613615,1566947831723
1576,226,Gyroscope,1.1355985,1.4886786,-1.3738358999999998,1566947831732
1577,226,Accelerometer,-7.8853035,1.067814,2.6192567,1566947831733
1578,226,Gyroscope,1.1007791999999998,1.423316,-1.3115277,1566947831742
1579,226,Accelerometer,-9.14585,-0.18794483,1.4676456,1566947831743
1580,226,Gyroscope,1.2125676,1.3023646999999998,-1.4355333000000001,1566947831752
1581,226,Accelerometer,-10.144233,-0.6847416999999999,0.30286652,1566947831753
1582,226,Gyroscope,0.87964594,0.8417723,-1.097114,1566947831762
1583,226,Accelerometer,-7.6219410000000005,0.5722142,2.8862102000000003,1566947831763
1584,226,Gyroscope,0.6438520000000001,0.44837508,-0.8863655,1566947831773
1585,226,Accelerometer,-7.874529400000001,2.1320367,-0.760159,1566947831773
1586,226,Gyroscope,-0.0421497,0.28405234,-0.75502944,1566947831782
1587,226,Accelerometer,-10.116699,0.25498247,7.405266,1566947831783
1588,226,Gyroscope,0.09285152,0.050701816,-0.3811799,1566947831792
1589,226,Accelerometer,-8.261192999999999,1.1300632,3.193865,1566947831793
1590,226,Gyroscope,0.014049901000000002,-0.07513642,-0.6835581999999999,1566947831802
1591,226,Accelerometer,-8.799889,1.1360487,5.100847,1566947831803
1592,226,Gyroscope,0.10018189999999999,0.13011430000000002,-0.61636305,1566947831812
1593,226,Accelerometer,-13.583504000000001,-1.4185646,3.0466216,1566947831813
1594,226,Gyroscope,0.37751472,0.009773844,-0.36896262,1566947831823
1595,226,Accelerometer,-10.819398,0.011971008,5.565322,1566947831823
1596,226,Gyroscope,0.6750060999999999,0.18448131,-0.5626069,1566947831832
1597,226,Accelerometer,-7.1179619999999995,2.7581203,5.386954,1566947831833
1598,226,Gyroscope,0.8387180000000001,0.38362336,-0.9773844,1566947831842
1599,226,Accelerometer,-6.7360864000000005,2.7593174,5.7017913,1566947831843
1600,226,Gyroscope,0.90285885,0.5198463,-1.2180653000000001,1566947831852
1601,226,Accelerometer,-7.254431200000001,1.4413095,3.9803602999999996,1566947831853
1602,226,Gyroscope,0.7330383,0.45814893,-1.2327261,1566947831863
1603,226,Accelerometer,-8.603564,-0.5410896,2.2373814999999997,1566947831863
1604,226,Gyroscope,0.5332854,0.3817908,-1.1148291000000001,1566947831872
1605,226,Accelerometer,-9.41879,-1.6101006000000002,2.5270798,1566947831873
1606,226,Gyroscope,0.48502702,0.37323865,-0.9193522,1566947831882
1607,226,Accelerometer,-11.366472,-2.4839842,4.232949,1566947831883
1608,226,Gyroscope,0.47464229999999996,0.5919284,-0.68477994,1566947831892
1609,226,Accelerometer,-7.1514807000000005,-0.545878,2.5007436000000003,1566947831893
1610,226,Gyroscope,0.50701815,0.37568212,-0.71776664,1566947831902
1611,226,Accelerometer,-7.654263,-0.24301147,1.8806453999999997,1566947831903
1612,226,Gyroscope,0.44898596,0.02565634,-0.54305923,1566947831913
1613,226,Accelerometer,-8.737639,-0.3866636,3.6128504,1566947831913
1614,226,Gyroscope,0.3371976,-0.044593163,-0.3115413,1566947831922
1615,226,Accelerometer,-10.852917,-0.38067806,3.5350387000000003,1566947831923
1616,226,Gyroscope,0.16371189,-0.17348573,-0.12461651,1566947831932
1617,226,Accelerometer,-9.7958765,0.51714754,2.834735,1566947831933
1618,226,Gyroscope,-0.008552114,-0.036651913,-0.20525073,1566947831942
1619,226,Accelerometer,-9.956287,0.62249243,4.1958385,1566947831943
1620,226,Gyroscope,-0.08796459400000001,0.24556783,-0.2706133,1566947831952
1621,226,Accelerometer,-9.664195,1.2150573999999998,3.8307227999999998,1566947831953
1622,226,Gyroscope,-0.16371189,0.32925636,-0.3115413,1566947831962
1623,226,Accelerometer,-9.848549,1.1156979999999999,3.9360676,1566947831963
1624,226,Gyroscope,-0.22357668,0.3359759,-0.2706133,1566947831972
1625,226,Accelerometer,-9.811439,0.80924016,3.7098155,1566947831973
1626,226,Gyroscope,-0.28099802,0.36835176,-0.21624629,1566947831982
1627,226,Accelerometer,-10.013748,0.25498247,3.9923312999999996,1566947831983
1628,226,Gyroscope,-0.30176744,0.44043383,-0.17409660000000002,1566947831992
1629,226,Accelerometer,-8.840589999999999,-0.1364695,4.2425256,1566947831993
1630,226,Gyroscope,-0.31581733,0.5326744999999999,-0.33353242,1566947832002
1631,226,Accelerometer,-8.957906,-0.61171854,3.9396589,1566947832003
1632,226,Gyroscope,-0.32986724,0.5852089,-0.35979962,1566947832013
1633,226,Accelerometer,-10.245986,-1.4437037,2.7593174,1566947832013
1634,226,Gyroscope,-0.21074851,0.24068089999999998,-0.45631635,1566947832022
1635,226,Accelerometer,-8.790312,-0.80684596,1.8148049,1566947832023
1636,226,Gyroscope,-0.16615535,0.10018189999999999,-0.4465425,1566947832032
1637,226,Accelerometer,-7.880514999999999,0.1448492,2.3810337,1566947832033
1638,226,Gyroscope,-0.3359759,0.0061086523,-0.44593164,1566947832042
1639,226,Accelerometer,-5.8059389999999995,1.3227965,2.0266917,1566947832043
1640,226,Gyroscope,-0.50762904,0.111177474,-0.32131509999999996,1566947832052
1641,226,Accelerometer,-7.277176,0.32800564,4.1479545,1566947832053
1642,226,Gyroscope,-0.535118,0.06658431,-0.20952678,1566947832062
1643,226,Accelerometer,-8.335413,-0.1364695,3.3339260000000004,1566947832063
1644,226,Gyroscope,-0.4905248,0.02321288,-0.17470746,1566947832072
1645,226,Accelerometer,-9.640253,-0.9876082,2.9496564999999997,1566947832073
1646,226,Gyroscope,-0.28771752,0.15515977,-0.27366763,1566947832082
1647,226,Accelerometer,-10.681731,-0.42377370000000003,3.2680852000000002,1566947832083
1648,226,Gyroscope,0.047647487,0.1282817,-0.40561453,1566947832092
1649,226,Accelerometer,-10.123882,-0.18674773,2.457648,1566947832093
1650,226,Gyroscope,0.37873647,0.08307768,-0.50885075,1566947832102
1651,226,Accelerometer,-8.763975,0.8678981,2.6264392999999995,1566947832104
1652,226,Gyroscope,0.5112942,0.02076942,-0.6133086999999999,1566947832113
1653,226,Accelerometer,-7.5932107,1.0103531,2.906561,1566947832113
1654,226,Gyroscope,0.462425,-0.015271631,-0.70005155,1566947832122
1655,226,Accelerometer,-7.973889,0.50637364,3.6607344,1566947832123
1656,226,Gyroscope,0.23884831,-0.043982297000000004,-0.66645396,1566947832132
1657,226,Accelerometer,-9.149442,-0.641646,2.882619,1566947832133
1658,226,Gyroscope,0.12278391400000001,-0.09407325,-0.57787853,1566947832142
1659,226,Accelerometer,-9.340978,-1.9788077000000002,3.5972881,1566947832143
1660,226,Gyroscope,0.20525073,-0.14172074,-0.5516113,1566947832152
1661,226,Accelerometer,-10.404003,-2.3223755,3.9312792,1566947832153
1662,226,Gyroscope,0.34574974,-0.19181168,-0.5674938,1566947832163
1663,226,Accelerometer,-10.732009,-1.3778629999999998,3.3219550000000004,1566947832163
1664,226,Gyroscope,0.4709771,-0.19425514,-0.602924,1566947832172
1665,226,Accelerometer,-10.214862,-0.38187516,2.8682537,1566947832173
1666,226,Gyroscope,0.49296826,0.054367005999999996,-0.6579019,1566947832182
1667,226,Accelerometer,-7.2185183,1.3275848999999997,3.2609026,1566947832183
1668,226,Gyroscope,0.32009340000000003,0.36102137,-0.7147123000000001,1566947832192
1669,226,Accelerometer,-6.716933,1.6867151000000002,4.7500963,1566947832193
1670,226,Gyroscope,-0.015271631,0.54733527,-0.906524,1566947832202
1671,226,Accelerometer,-6.927623,8.89446,10.536881,1566947832203
1672,226,Gyroscope,-0.3567453,1.0384709,-1.7886133999999998,1566947832212
1673,226,Accelerometer,-12.5504055,-0.9696517,-3.74094,1566947832213
1674,226,Gyroscope,-1.0867293,0.3555236,-1.3261883999999997,1566947832223
1675,226,Accelerometer,-13.710396,-4.333505000000001,2.3666685000000003,1566947832223
1676,226,Gyroscope,-0.81245077,-0.15088372,-0.71776664,1566947832232
1677,226,Accelerometer,-10.952275,-4.5178585,1.7250223000000002,1566947832233
1678,226,Gyroscope,-0.29077184,-0.20952678,-1.1227703000000002,1566947832242
1679,226,Accelerometer,-9.491813,-5.233725,1.7992426,1566947832243
1680,226,Gyroscope,0.6072,-0.02443461,-1.2186762,1566947832252
1681,226,Accelerometer,-8.597578,-3.0669725,2.9017725,1566947832253
1682,226,Gyroscope,0.9224065,-0.2510656,-0.7079928000000001,1566947832262
1683,226,Accelerometer,-9.062054,-3.5841199999999995,0.82360536,1566947832263
1684,226,Gyroscope,0.84788096,-0.74036866,-0.0421497,1566947832273
1685,226,Accelerometer,-9.5385,-4.583699,2.2601264,1566947832273
1686,226,Gyroscope,0.6713409,-1.0720684999999999,0.54000485,1566947832282
1687,226,Accelerometer,-10.708067,-3.6092591,2.9556419999999997,1566947832283
1688,226,Gyroscope,0.19058995,-1.1850786,0.6713409,1566947832292
1689,226,Accelerometer,-8.9519205,-1.0833763,3.5242648,1566947832293
1690,226,Gyroscope,-0.0421497,-0.9950995,0.6640105,1566947832303
1691,226,Accelerometer,-11.107899,-1.661576,3.4739866000000004,1566947832303
1692,226,Gyroscope,0.08857546,-0.6957755,0.6994406999999999,1566947832312
1693,226,Accelerometer,-10.767922,-1.2952632,4.4280763,1566947832313
1694,226,Gyroscope,0.52778757,-0.27672195,0.6560693,1566947832322
1695,226,Accelerometer,-9.61272,-2.2278047,5.1547165,1566947832323
1696,226,Gyroscope,1.2718215,-0.26206118,0.8295549999999999,1566947832332
1697,226,Accelerometer,-9.734824,-3.7588966,4.335899400000001,1566947832333
1698,226,Gyroscope,1.7556266999999999,-0.5656611999999999,1.0152581,1566947832342
1699,226,Accelerometer,-8.971074,-3.930082,4.0282445,1566947832343
1700,226,Gyroscope,1.6939293000000002,-0.5864305999999999,0.9755518,1566947832352
1701,226,Accelerometer,-8.348581,-3.1663318,4.144362999999999,1566947832353
1702,226,Gyroscope,1.2815952,-0.41599923,0.9370673,1566947832362
1703,226,Accelerometer,-9.069236,-2.4013843999999995,3.6032736000000005,1566947832363
1704,226,Gyroscope,0.7458665,-0.37323865,0.84482664,1566947832372
1705,226,Accelerometer,-8.89805,-0.9959879,3.4596214,1566947832373
1706,226,Gyroscope,0.41416663,-0.38423425,0.5467244000000001,1566947832382
1707,226,Accelerometer,-8.780735,0.48123455,3.5350387000000003,1566947832383
1708,226,Gyroscope,0.3567453,-0.44287730000000003,0.35430184,1566947832392
1709,226,Accelerometer,-8.504205,1.1767502,3.7217865,1566947832393
1710,226,Gyroscope,0.48685959999999995,-0.5149594,0.32742378,1566947832402
1711,226,Accelerometer,-7.4016747,0.90620536,3.8821980000000003,1566947832403
1712,226,Gyroscope,0.593761,-0.59559363,0.48441613,1566947832413
1713,226,Accelerometer,-8.270769999999999,-0.007182605,4.143166000000001,1566947832413
1714,226,Gyroscope,0.5833763000000001,-0.5540548000000001,0.55771995,1566947832422
1715,226,Accelerometer,-8.506598,-0.5363011999999999,4.799176999999999,1566947832423
1716,226,Gyroscope,0.5412266,-0.38240165,0.45631635,1566947832432
1717,226,Accelerometer,-9.639056,-1.2066777,4.7680526,1566947832433
1718,226,Gyroscope,0.42088616,-0.18325958,0.31703907,1566947832442
1719,226,Accelerometer,-10.58716,-1.2318168,4.4520183,1566947832443
1720,226,Gyroscope,0.23762658,-0.04153884,0.08368854,1566947832452
1721,226,Accelerometer,-10.232818,-0.6380547,4.31076,1566947832453
1722,226,Gyroscope,0.054367005999999996,0.03848451,-0.23335053,1566947832462
1723,226,Accelerometer,-9.941922,0.020350715,4.3478703,1566947832463
1724,226,Gyroscope,-0.081855945,0.21685717,-0.48258355,1566947832473
1725,226,Accelerometer,-10.223241,-0.676362,4.486733999999999,1566947832473
1726,226,Gyroscope,-0.20097467,0.6462954000000001,-0.66889745,1566947832482
1727,226,Accelerometer,-9.93474,-0.9708488000000001,4.96318,1566947832483
1728,226,Gyroscope,-0.42149702,0.93767816,-0.61391956,1566947832492
1729,226,Accelerometer,-9.150639,-0.9864110999999999,4.9081135,1566947832493
1730,226,Gyroscope,-0.7312057,0.9407325000000001,-0.48502702,1566947832502
1731,226,Accelerometer,-8.819042,-1.8375498,3.894169,1566947832503
1732,226,Gyroscope,-1.0952813999999997,0.7965683000000001,-0.40500367,1566947832512
1733,226,Accelerometer,-8.698134,-2.0949266,3.7816415,1566947832513
1734,226,Gyroscope,-1.287093,0.7654141999999999,-0.4392121,1566947832522
1735,226,Accelerometer,-8.641871,-1.7274165000000001,4.2389339999999995,1566947832522
1736,226,Gyroscope,-1.2559388999999999,0.81122905,-0.54550266,1566947832533
1737,226,Accelerometer,-9.572019000000001,-2.2134395000000002,4.8602295,1566947832533
1738,226,Gyroscope,-1.0567969,0.689056,-0.6407976,1566947832542
1739,226,Accelerometer,-9.975441,-2.2290018,3.7780502,1566947832543
1740,226,Gyroscope,-0.93218035,0.5161811,-0.7189884,1566947832552
1741,226,Accelerometer,-9.208099,-0.22744916,0.29448682,1566947832553
1742,226,Gyroscope,-0.55833083,0.5216789000000001,-0.54061574,1566947832562
1743,226,Accelerometer,-9.92636,-2.5498247000000003,4.6950297,1566947832563
1744,226,Gyroscope,-0.26450464,0.5039638,-0.30298916,1566947832572
1745,226,Accelerometer,-9.148245,-1.1228806,3.7277720000000003,1566947832573
1746,226,Gyroscope,-0.086132,0.89736104,0.047036625,1566947832582
1747,226,Accelerometer,-9.510966,0.09816227,2.5953147,1566947832583
1748,226,Gyroscope,0.28710666,0.6597345,0.24312437,1566947832593
1749,226,Accelerometer,-8.063671000000001,-0.94690675,4.1515455,1566947832593
1750,226,Gyroscope,0.37140608,0.5833763000000001,0.5143485,1566947832602
1751,226,Accelerometer,-9.060856,-3.0741549999999997,4.6698904,1566947832603
1752,226,Gyroscope,0.36102137,0.9315694999999999,0.5992588000000001,1566947832612
1753,226,Accelerometer,-8.036138000000001,-4.8123455,4.4568067000000005,1566947832613
1754,226,Gyroscope,0.004276057,0.93034774,0.9193522,1566947832622
1755,226,Accelerometer,-6.6941880000000005,2.0123265,2.814384,1566947832623
1756,226,Gyroscope,-0.49602258,0.36163223,1.1270463,1566947832632
1757,226,Accelerometer,-7.7368627000000005,3.145981,0.79128367,1566947832633
1758,226,Gyroscope,-0.86498517,0.2302962,1.0311405999999999,1566947832643
1759,226,Accelerometer,-6.8749504,0.61411273,2.8287494,1566947832643
1760,226,Gyroscope,-1.0708468,0.03848451,1.029308,1566947832652
1761,226,Accelerometer,-9.137471000000001,0.15442601,1.8100165000000001,1566947832653
1762,226,Gyroscope,-0.88208944,-0.1826487,0.8185594,1566947832662
1763,226,Accelerometer,-8.356961,0.78529817,2.4277205000000004,1566947832663
1764,226,Gyroscope,-0.32375857,-0.35857790000000006,0.52778757,1566947832672
1765,226,Accelerometer,-9.49301,0.7613561,4.096479,1566947832673
1766,226,Gyroscope,0.4642576,-0.34819320000000004,0.3866777,1566947832682
1767,226,Accelerometer,-9.774328,-0.58538234,3.3877954,1566947832683
1768,226,Gyroscope,1.3048081,-0.42271876,0.43310347,1566947832692
1769,226,Accelerometer,-9.2547865,-0.8571242,2.268506,1566947832693
1770,226,Gyroscope,2.1129830000000003,-0.75625116,0.43127087,1566947832702
1771,226,Accelerometer,-9.105149,-1.3455413999999999,1.99437,1566947832703
1772,226,Gyroscope,2.7116307999999996,-1.3377948999999998,0.5815437,1566947832712
1773,226,Accelerometer,-9.793482000000001,-1.3994108,0.9888053,1566947832713
1774,226,Gyroscope,2.5509732000000005,-2.6914722999999996,0.6640105,1566947832722
1775,226,Accelerometer,-8.178593,0.91219085,4.0521864999999995,1566947832723
1776,226,Gyroscope,1.8918496,-1.4782939,0.46975538,1566947832732
1777,226,Accelerometer,-6.4044894999999995,2.4432828,9.221267999999998,1566947832733
1778,226,Gyroscope,0.60048056,-0.5021312,0.10140363,1566947832742
1779,226,Accelerometer,-8.248025,3.1495724,3.3339260000000004,1566947832743
1780,226,Gyroscope,-0.28588495,-0.15882497,-0.16676621,1566947832752
1781,226,Accelerometer,-8.953117,2.2697031,5.886145,1566947832753
1782,226,Gyroscope,-0.5839871999999999,0.11789699,-0.2706133,1566947832762
1783,226,Accelerometer,-9.928755,0.2813187,5.475539,1566947832763
1784,226,Gyroscope,-0.68844515,0.17165314,-0.19547687,1566947832772
1785,226,Accelerometer,-9.40203,-0.2621651,4.617218,1566947832773
1786,226,Gyroscope,-0.62858033,0.16493362,0.018325957,1566947832782
1787,226,Accelerometer,-9.093178,-0.79008657,4.292804,1566947832783
1788,226,Gyroscope,-0.39767328,0.18875736,0.061086524,1566947832792
1789,226,Accelerometer,-8.883685,0.31364042,4.034229799999999,1566947832793
1790,226,Gyroscope,-0.16676621,0.095294975,-0.05681047,1566947832802
1791,226,Accelerometer,-8.506598,0.33039984,4.6040497,1566947832803
1792,226,Gyroscope,-0.12583824,0.18753563,-0.16310102,1566947832812
1793,226,Accelerometer,-8.543709,0.7302314999999999,4.6818614,1566947832813
1794,226,Gyroscope,-0.09712757,0.25411993,-0.30482176,1566947832822
1795,226,Accelerometer,-8.356961,0.8786719999999999,4.4520183,1566947832823
1796,226,Gyroscope,-0.15210545,0.26511553,-0.40866885,1566947832832
1797,226,Accelerometer,-8.210915,1.1324573999999998,4.362235500000001,1566947832833
1798,226,Gyroscope,-0.32986724,0.32375857,-0.5858198,1566947832842
1799,226,Accelerometer,-7.831434,2.8443117,3.6044707000000002,1566947832843
1800,226,Gyroscope,-0.54183745,0.31887165,-0.9211848,1566947832852
1801,226,Accelerometer,-7.4363904000000005,3.8067808,3.630807,1566947832853
1802,226,Gyroscope,-0.63224554,0.2302962,-1.0580186000000003,1566947832862
1803,226,Accelerometer,-7.8853035,0.7769185000000001,3.2573112999999996,1566947832863
1804,226,Gyroscope,-0.6059783000000001,0.25045475,-0.8032878000000001,1566947832873
1805,226,Accelerometer,-8.693346,-2.8909986,3.1675289,1566947832873
1806,226,Gyroscope,-0.43310347,0.12522738,-0.32803464,1566947832882
1807,226,Accelerometer,-9.340978,-3.8833952000000003,3.040636,1566947832883
1808,226,Gyroscope,-0.1685988,0.002443461,-0.10995574,1566947832892
1809,226,Accelerometer,-9.7324295,-2.1847090000000002,3.5889084,1566947832893
1810,226,Gyroscope,-0.016493361,-0.15577064,-0.25778514,1566947832902
1811,226,Accelerometer,-9.793482000000001,1.1599906999999998,3.6487634,1566947832903
1812,226,Gyroscope,-0.20219639,-0.22785273,-0.5180137,1566947832912
1813,226,Accelerometer,-9.469068,2.2505496,4.060566000000001,1566947832913
1814,226,Gyroscope,-0.5693264,-0.007330383,-0.7861836,1566947832922
1815,226,Accelerometer,-7.656657000000001,1.6555905,4.817133999999999,1566947832923
1816,226,Gyroscope,-0.6805039,0.25473082,-0.91690874,1566947832933
1817,226,Accelerometer,-8.784326,-0.17836803,2.895787,1566947832933
1818,226,Gyroscope,-0.3866777,-0.021991148999999998,-0.56199604,1566947832942
1819,226,Accelerometer,-9.242816,-0.93732995,3.1651347000000003,1566947832943
1820,226,Gyroscope,-0.07819075,-0.07941248,-0.44776422,1566947832952
1821,226,Accelerometer,-8.212111,-0.42018240000000007,4.1096473,1566947832953
1822,226,Gyroscope,0.23457226,-0.004276057,-0.7134906,1566947832962
1823,226,Accelerometer,-7.544129400000001,-0.45609543,4.8386817,1566947832963
1824,226,Gyroscope,0.42088616,-0.09101892,-1.1643091,1566947832972
1825,226,Accelerometer,-7.8410106,-1.0821792,3.8786068,1566947832973
1826,226,Gyroscope,0.41538838,-0.602924,-1.4428637,1566947832982
1827,226,Accelerometer,-9.340978,-0.9900024,3.1040826,1566947832983
1828,226,Gyroscope,0.3286455,-0.70005155,-1.0354166,1566947832993
1829,226,Accelerometer,-9.788692999999999,0.37469256,3.0729580000000003,1566947832993
1830,226,Gyroscope,0.15393804,-0.50946164,-0.9138544,1566947833002
1831,226,Accelerometer,-8.379706,-1.7130512999999998,4.286818,1566947833003
1832,226,Gyroscope,0.13561209,-0.35002577,-0.79412484,1566947833012
1833,226,Accelerometer,-9.307459,-2.4995465,4.3502645,1566947833013
1834,226,Gyroscope,0.26633725,-0.38728857,-0.57726765,1566947833022
1835,226,Accelerometer,-8.722076,-2.693477,3.5015199999999997,1566947833023
1836,226,Gyroscope,0.32131509999999996,-0.56077427,-0.34208453,1566947833032
1837,226,Accelerometer,-8.540117,-1.7190368000000003,3.4344822999999995,1566947833033
1838,226,Gyroscope,0.22113322,-0.64996064,-0.30726522,1566947833043
1839,226,Accelerometer,-8.016983999999999,-0.45250413,4.268862,1566947833043
1840,226,Gyroscope,0.10934488,-0.73426,-0.25473082,1566947833053
1841,226,Accelerometer,-8.808268,-0.92057055,4.6686935,1566947833053
1842,226,Gyroscope,0.06414085,-0.84604836,-0.21991149,1566947833062
1843,226,Accelerometer,-9.030928999999999,-1.7393875,4.5058875,1566947833063
1844,226,Gyroscope,0.124005646,-0.70371675,-0.21807889999999996,1566947833072
1845,226,Accelerometer,-8.963891,-1.6424223000000002,5.294777,1566947833073
1846,226,Gyroscope,0.22724187,-0.5296202,-0.24556783,1566947833082
1847,226,Accelerometer,-8.88608,-1.0223241,5.41329,1566947833083
1848,226,Gyroscope,0.37018433,-0.3744604,-0.33475417,1566947833092
1849,226,Accelerometer,-8.617929,-0.82240826,5.319916200000001,1566947833092
1850,226,Gyroscope,0.48197266,-0.30970868,-0.35491269999999997,1566947833103
1851,226,Accelerometer,-8.453926,-0.23942018,5.062539599999999,1566947833103
1852,226,Gyroscope,0.39706242,-0.36346483,-0.4111123,1566947833112
1853,226,Accelerometer,-8.365341,-0.34835634,4.5801077,1566947833113
1854,226,Gyroscope,0.28955013,-0.2284636,-0.36163223,1566947833122
1855,226,Accelerometer,-7.9104424,-0.51475334,5.3163247,1566947833123
1856,226,Gyroscope,0.12339478,-0.22235495,-0.20830505,1566947833132
1857,226,Accelerometer,-7.138312299999999,-1.5933412,4.610035400000001,1566947833133
1858,226,Gyroscope,0.099571034,-0.25595254,-0.19242255,1566947833142
1859,226,Accelerometer,-4.80636,3.6284127,6.9252286,1566947833143
1860,226,Gyroscope,0.21135938,-0.15943582,-0.6017023,1566947833152
1861,226,Accelerometer,-4.7500963,4.6040497,5.102043599999999,1566947833153
1862,226,Gyroscope,0.1881465,0.15699236,-0.7348709,1566947833162
1863,226,Accelerometer,-8.248025,0.9600749,4.3287168,1566947833163
1864,226,Gyroscope,0.3915646,-0.22235495,-0.81061816,1566947833172
1865,226,Accelerometer,-8.051701,2.2577322,3.1543607999999996,1566947833173
1866,226,Gyroscope,0.22785273,-0.3640757,-1.1496483999999998,1566947833182
1867,226,Accelerometer,-5.8322754,0.33877954,3.2860417,1566947833183
1868,226,Gyroscope,0.11484267,-0.09101892,-1.6108516000000002,1566947833192
1869,226,Accelerometer,-6.993463,-3.7553053,3.8067808,1566947833193
1870,226,Gyroscope,-0.021380282999999996,-0.47219884,-1.568091,1566947833202
1871,226,Accelerometer,-5.837064,-3.1974563999999996,2.9628246,1566947833203
1872,226,Gyroscope,-0.02076942,-0.39095375,-1.8942931,1566947833213
1873,226,Accelerometer,-3.6715082999999997,-1.9261352999999999,4.894945,1566947833213
1874,226,Gyroscope,0.04642576,-0.39095375,-2.4581218,1566947833223
1875,226,Accelerometer,-7.338228,-4.1395745,2.0470424,1566947833223
1876,226,Gyroscope,0.16493362,-0.9950995,-1.4068227,1566947833232
1877,226,Accelerometer,-15.605407000000001,-11.768699,5.49589,1566947833233
1878,226,Gyroscope,0.17837265,-0.66950834,-0.68111473,1566947833242
1879,226,Accelerometer,-11.134235,-8.495825,7.358579,1566947833243
1880,226,Gyroscope,0.10262536,-0.22479841,-0.26939157,1566947833252
1881,226,Accelerometer,-10.232818,-6.1806316,7.442375999999999,1566947833253
1882,226,Gyroscope,-0.086132,0.004276057,-0.18325958,1566947833262
1883,226,Accelerometer,-10.885238000000001,-5.1810527,6.643910000000001,1566947833263
1884,226,Gyroscope,-0.26389378,0.11728613,-0.11911872,1566947833272
1885,226,Accelerometer,-11.026496,-4.965574299999999,5.967548000000001,1566947833273
1886,226,Gyroscope,-0.40683624,0.13744467,0.008552114,1566947833282
1887,226,Accelerometer,-9.821015,-4.703409,5.1056349999999995,1566947833283
1888,226,Gyroscope,-0.4709771,0.06169739,0.21197024,1566947833292
1889,226,Accelerometer,-8.2995,-3.5865142,4.4328647000000005,1566947833293
1890,226,Gyroscope,-0.40256020000000003,-0.13744467,0.40133846,1566947833302
1891,226,Accelerometer,-6.752846000000001,-2.791639,4.7572790000000005,1566947833303
1892,226,Gyroscope,-0.17470746,-0.22235495,0.42149702,1566947833312
1893,226,Accelerometer,-6.054936,-1.9572599,5.6634839999999995,1566947833313
1894,226,Gyroscope,0.018325957,-0.096516706,0.26939157,1566947833323
1895,226,Accelerometer,-6.075287,-1.6627731,5.923255,1566947833323
1896,226,Gyroscope,0.04886922,0.08674286,0.05375614,1566947833332
1897,226,Accelerometer,-7.5046253,-2.1045034,5.5964465,1566947833333
1898,226,Gyroscope,-0.028099801,0.12461651,-0.09712757,1566947833342
1899,226,Accelerometer,-8.477867999999999,-2.5821466,4.9464207,1566947833343
1900,226,Gyroscope,-0.106901415,0.03604105,-0.16187929,1566947833352
1901,226,Accelerometer,-8.189366999999999,-2.2337902,4.4149080000000005,1566947833353
1902,226,Gyroscope,-0.13072516,-0.12767084,-0.08979719,1566947833362
1903,226,Accelerometer,-7.855376,-1.6089035,4.3526587,1566947833363
1904,226,Gyroscope,-0.05681047,-0.2302962,0.0036651915999999997,1566947833372
1905,226,Accelerometer,-7.678205,-2.0075380000000003,4.7680526,1566947833373
1906,226,Gyroscope,0.09896017,-0.17470746,0.12644911,1566947833383
1907,226,Accelerometer,-7.917625,-2.9640217,5.4432178,1566947833383
1908,226,Gyroscope,0.18387043,0.052534412999999995,0.15393804,1566947833392
1909,226,Accelerometer,-8.752005,-3.6667199999999998,6.1578870000000006,1566947833393
1910,226,Gyroscope,0.25411993,0.35979962,0.26878070000000004,1566947833402
1911,226,Accelerometer,-8.839393,-3.8391025,5.795165,1566947833403
1912,226,Gyroscope,0.2742785,0.3652974,0.35491269999999997,1566947833412
1913,226,Accelerometer,-8.668207,-3.3063924,5.353435,1566947833413
1914,226,Gyroscope,0.22418754,0.38789943,0.35979962,1566947833422
1915,226,Accelerometer,-8.3390045,-2.8862102000000003,5.311536299999999,1566947833423
1916,226,Gyroscope,0.16371189,0.22602014,0.2773328,1566947833432
1917,226,Accelerometer,-7.8948803,-2.7150247000000003,4.7860093,1566947833433
1918,226,Gyroscope,0.14660765,-0.10629055,0.16676621,1566947833443
1919,226,Accelerometer,-7.2065472999999995,-2.7617116000000004,4.7907977,1566947833443
1920,226,Gyroscope,0.1337795,-0.22724187,0.11728613,1566947833452
1921,226,Accelerometer,-7.419631,-2.585738,4.7776294,1566947833453
1922,226,Gyroscope,0.103847094,-0.21807889999999996,0.099571034,1566947833462
1923,226,Accelerometer,-7.597999000000001,-3.2357635,4.903325,1566947833463
1924,226,Gyroscope,0.069027774,-0.089186326,0.077579886,1566947833472
1925,226,Accelerometer,-8.013392999999999,-3.7445314,5.389348,1566947833473
1926,226,Gyroscope,0.02565634,0.028710667000000002,0.058643065,1566947833482
1927,226,Accelerometer,-8.507795,-3.903746,5.3725886,1566947833483
1928,226,Gyroscope,-0.023823743999999997,0.1881465,0.07086037,1566947833492
1929,226,Accelerometer,-9.244013,-3.7828386,5.4432178,1566947833492
1930,226,Gyroscope,-0.08674286,0.45448375,0.1142318,1566947833503
1931,226,Accelerometer,-10.133459,-3.5924997000000003,5.932832,1566947833503
1932,226,Gyroscope,-0.18142697,0.50823987,0.15454891,1566947833512
1933,226,Accelerometer,-9.593566000000001,-3.1112652,5.0421886,1566947833513
1934,226,Gyroscope,-0.32375857,0.47586402,0.25289822,1566947833522
1935,226,Accelerometer,-9.569624000000001,-3.1028854999999997,4.675876000000001,1566947833523
1936,226,Gyroscope,-0.49907690000000005,0.56321776,0.36774087,1566947833532
1937,226,Accelerometer,-9.26197,-2.8395232999999998,5.117605999999999,1566947833533
1938,226,Gyroscope,-0.63591075,0.6389651,0.47891834,1566947833542
1939,226,Accelerometer,-8.6334915,-2.565387,5.08289,1566947833543
1940,226,Gyroscope,-0.7141015000000001,0.66523224,0.52839845,1566947833552
1941,226,Accelerometer,-7.667431,-2.3032220000000003,5.102043599999999,1566947833553
1942,226,Gyroscope,-0.7257079000000001,0.9285152,0.48747048,1566947833563
1943,226,Accelerometer,-7.2723875,-1.8447324,6.1542954000000005,1566947833563
1944,226,Gyroscope,-0.7452555999999999,0.8142834,0.33108896,1566947833572
1945,226,Accelerometer,-6.519411,-0.06823475,3.7780502,1566947833573
1946,226,Gyroscope,-0.49724430000000003,0.03970624,0.012217305,1566947833582
1947,226,Accelerometer,-6.233304,1.3754688999999998,1.9524715,1566947833583
1948,226,Gyroscope,-0.021380282999999996,-0.19975294,-0.5742133,1566947833592
1949,226,Accelerometer,-5.329493,0.01316811,5.979519,1566947833593
1950,226,Gyroscope,0.20586158,-0.08735373,-0.5381723,1566947833602
1951,226,Accelerometer,-7.8649526,-1.7130512999999998,5.267244,1566947833603
1952,226,Gyroscope,0.23823744,0.06047566,-0.28099802,1566947833612
1953,226,Accelerometer,-7.8146744,-2.0147207,4.720168599999999,1566947833613
1954,226,Gyroscope,0.22907446,0.10262536,-0.15149458,1566947833623
1955,226,Accelerometer,-7.716512,-2.5043349999999998,4.290409599999999,1566947833623
1956,226,Gyroscope,0.11362094,-0.15821409,-0.19425514,1566947833632
1957,226,Accelerometer,-8.584411,-3.0418332,4.9045224,1566947833633
1958,226,Gyroscope,-0.02443461,-0.09407325,-0.14477506,1566947833642
1959,226,Accelerometer,-8.6095495,-2.8981812000000002,5.3282957,1566947833643
1960,226,Gyroscope,-0.057421334000000004,0.025045475,-0.039095376,1566947833652
1961,226,Accelerometer,-8.312667999999999,-2.8754362999999996,5.1463366,1566947833653
1962,226,Gyroscope,-0.08796459400000001,0.12217305,0.070249505,1566947833662
1963,226,Accelerometer,-8.12233,-3.0502129,5.052963,1566947833663
1964,226,Gyroscope,-0.10751228,0.19975294,0.13988814,1566947833672
1965,226,Accelerometer,-7.921216499999999,-3.0142999,5.080496,1566947833673
1966,226,Gyroscope,-0.076358154,0.22174409,0.16249016,1566947833683
1967,226,Accelerometer,-7.4699089999999995,-2.7509377,5.1547165,1566947833683
1968,226,Gyroscope,-0.02321288,0.124005646,0.13072516,1566947833692
1969,226,Accelerometer,-7.905653999999999,-1.4927847,4.5621514,1566947833693
1970,226,Gyroscope,-0.0018325957999999999,0.0012217305,0.014660766,1566947833702
1971,226,Accelerometer,-7.479486,-0.6823475,4.6902413,1566947833703
1972,226,Gyroscope,0.040927973,0.00061086525,-0.15027285,1566947833712
1973,226,Accelerometer,-7.523778999999999,-0.56982,5.0122614,1566947833713
1974,226,Gyroscope,0.056199603,0.045814894,-0.26694809999999997,1566947833722
1975,226,Accelerometer,-8.061277,-0.4249708,5.7161565,1566947833723
1976,226,Gyroscope,0.13072516,0.23457226,-0.49907690000000005,1566947833733
1977,226,Accelerometer,-7.6243353,0.8439561,4.4927197,1566947833733
1978,226,Gyroscope,0.20952678,0.13072516,-0.56199604,1566947833742
1979,226,Accelerometer,-6.7372837,-0.28012159999999997,4.635174299999999,1566947833743
1980,226,Gyroscope,0.27488935,-0.01160644,-0.462425,1566947833752
1981,226,Accelerometer,-6.586448700000001,-0.7182605,4.074930999999999,1566947833753
1982,226,Gyroscope,0.24923302,-0.21380283,-0.45814893,1566947833762
1983,226,Accelerometer,-6.4284315,0.36870706,3.4620156000000004,1566947833763
1984,226,Gyroscope,0.16249016,-0.5516113,-0.5919284,1566947833772
1985,226,Accelerometer,-8.145074000000001,-1.6172832000000001,3.9827545,1566947833773
1986,226,Gyroscope,0.24923302,-0.6927211999999999,-0.47586402,1566947833782
1987,226,Accelerometer,-7.9463553,-2.9759927000000004,5.616797,1566947833783
1988,226,Gyroscope,0.27305678,-0.5345071,-0.39522982,1566947833793
1989,226,Accelerometer,-7.9032598,-3.2321722999999998,5.747281,1566947833794
1990,226,Gyroscope,0.055588737,-0.25717425,-0.41966440000000005,1566947833802
1991,226,Accelerometer,-9.036914,-3.181894,4.8267107000000005,1566947833803
1992,226,Gyroscope,-0.2724459,-0.04520403,-0.43799037,1566947833812
1993,226,Accelerometer,-9.92636,-3.9767690000000004,4.4268790000000005,1566947833813
1994,226,Gyroscope,-0.58459806,0.07819075,-0.3903429,1566947833822
1995,226,Accelerometer,-9.821015,-4.23654,4.6519337,1566947833823
1996,226,Gyroscope,-0.7819075,0.07513642,-0.32314770000000004,1566947833832
1997,226,Accelerometer,-9.837775,-4.2197804,4.8135424,1566947833833
1998,226,Gyroscope,-0.86254174,0.031154128,-0.15393804,1566947833842
1999,226,Accelerometer,-9.497798,-3.8738184,4.776432499999999,1566947833843
2000,226,Gyroscope,-0.84238315,-0.0067195175,0.00061086525,1566947833852
2001,226,Accelerometer,-8.565256,-4.0114849999999995,5.021838,1566947833853
2002,226,Gyroscope,-0.73364913,0.0421497,0.07269296,1566947833862
2003,226,Accelerometer,-8.295909,-3.764882,5.412093,1566947833863
2004,226,Gyroscope,-0.5021312,0.036651913,-0.07513642,1566947833872
2005,226,Accelerometer,-7.285556,-1.3215994,5.380968,1566947833873
2006,226,Gyroscope,-0.24556783,0.1160644,-0.08735373,1566947833882
2007,226,Accelerometer,-7.524976,-1.9859903,5.722142,1566947833883
2008,226,Gyroscope,0.03176499,0.03970624,-0.08063421400000001,1566947833892
2009,226,Accelerometer,-6.6654577,-2.542642,5.1930237,1566947833893
2010,226,Gyroscope,0.31642818,-0.17043139999999998,-0.007330383,1566947833902
2011,226,Accelerometer,-7.03177,-2.657564,4.7453080000000005,1566947833903
2012,226,Gyroscope,0.5705481,-0.38728857,0.092240654,1566947833912
2013,226,Accelerometer,-7.0808516,-2.8874072999999996,4.6950297,1566947833913
2014,226,Gyroscope,0.5729916,-0.32803464,0.02565634,1566947833923
2015,226,Accelerometer,-6.220136,-1.8052281000000003,4.999093,1566947833923
2016,226,Gyroscope,0.47525316,-0.17959438,-0.07941248,1566947833932
2017,226,Accelerometer,-6.8581905,-2.0135236,5.407305,1566947833933
2018,226,Gyroscope,0.38912117,-0.09285152,-0.10812314599999999,1566947833942
2019,226,Accelerometer,-8.070853999999999,-2.2218192,5.2564697,1566947833943
2020,226,Gyroscope,0.37934732,-0.16187929,-0.06536258,1566947833952
2021,226,Accelerometer,-8.274361,-2.6874914,4.762067299999999,1566947833953
2022,226,Gyroscope,0.44532076,-0.33108896,0.06780604,1566947833962
2023,226,Accelerometer,-8.710106,-2.5007436000000003,4.4101195,1566947833963
2024,226,Gyroscope,0.51068336,-0.48197266,0.22479841,1566947833972
2025,226,Accelerometer,-8.125919999999999,-3.228581,4.516661599999999,1566947833973
2026,226,Gyroscope,0.47342056,-0.40500367,0.3659083,1566947833982
2027,226,Accelerometer,-8.494628,-3.8774097000000003,4.8135424,1566947833983
2028,226,Gyroscope,0.35124752,-0.28405234,0.40072759999999996,1566947833993
2029,226,Accelerometer,-7.7428484,-4.253299,4.787205999999999,1566947833993
2030,226,Gyroscope,0.20769419,-0.124005646,0.28099802,1566947834002
2031,226,Accelerometer,-7.1885905,-3.6343982000000006,5.249287000000001,1566947834003
2032,226,Gyroscope,0.11789699,0.0421497,0.12095132,1566947834013
2033,226,Accelerometer,-8.2169,-3.4680011,5.831078,1566947834013
2034,226,Gyroscope,0.025045475,0.22418754,-0.073303826,1566947834022
2035,226,Accelerometer,-7.740454,-3.2321722999999998,5.686229,1566947834023
2036,226,Gyroscope,-0.07696902,0.22174409,-0.06047566,1566947834032
2037,226,Accelerometer,-8.429984,-2.5031377999999997,5.09127,1566947834033
2038,226,Gyroscope,-0.17592919,0.119729586,-0.014660766,1566947834042
2039,226,Accelerometer,-7.8888945999999995,-1.6041151000000002,4.677073,1566947834043
2040,226,Gyroscope,-0.19547687,0.111177474,0.013439035,1566947834052
2041,226,Accelerometer,-7.7643960000000005,-1.8183962,5.027823400000001,1566947834053
2042,226,Gyroscope,-0.22113322,0.22602014,0.09896017,1566947834062
2043,226,Accelerometer,-8.554482,-3.5793315999999997,5.329493,1566947834063
2044,226,Gyroscope,-0.19914207,0.2761111,0.11728613,1566947834072
2045,226,Accelerometer,-8.870517999999999,-4.1539397000000005,5.129576999999999,1566947834073
2046,226,Gyroscope,-0.19058995,0.20769419,0.12034045,1566947834082
2047,226,Accelerometer,-8.981848,-4.0701427,5.397728,1566947834083
2048,226,Gyroscope,-0.19608775,0.16004670000000001,0.1423316,1566947834092
2049,226,Accelerometer,-8.53054,-3.5721489999999996,5.3139305,1566947834093
2050,226,Gyroscope,-0.16371189,0.0036651915999999997,0.11545353400000001,1566947834102
2051,226,Accelerometer,-7.7368627000000005,-2.4756044999999998,5.3821654,1566947834103
2052,226,Gyroscope,-0.105068825,0.009773844,0.06719518,1566947834112
2053,226,Accelerometer,-7.329848299999999,-1.8351556,5.5282116,1566947834113
2054,226,Gyroscope,0.004886922,0.027488936000000002,0.044593163,1566947834122
2055,226,Accelerometer,-6.9958572,-1.7118542,5.309142,1566947834123
2056,226,Gyroscope,0.08552113,0.002443461,0.02076942,1566947834132
2057,226,Accelerometer,-6.71813,-1.3826513999999999,5.272032299999999,1566947834133
2058,226,Gyroscope,0.093462385,0.029321532999999997,-0.005497787,1566947834142
2059,226,Accelerometer,-6.889315600000001,-1.3814543,5.388150700000001,1566947834143
2060,226,Gyroscope,0.040927973,0.040927973,-0.017104227,1566947834152
2061,226,Accelerometer,-7.1131735,-1.7824832,4.984728,1566947834153
2062,226,Gyroscope,-0.047647487,0.0012217305,-0.018325957,1566947834162
2063,226,Accelerometer,-7.653065700000001,-2.944868,4.8985367,1566947834163
2064,226,Gyroscope,-0.06047566,-0.06597344599999999,-0.013439035,1566947834172
2065,226,Accelerometer,-8.1343,-3.2992098,4.7500963,1566947834172
2066,226,Gyroscope,-0.09712757,-0.08368854,-0.02443461,1566947834182
2067,226,Accelerometer,-8.486248,-4.2389339999999995,4.76925,1566947834183
2068,226,Gyroscope,-0.15577064,-0.04886922,-0.02443461,1566947834192
2069,226,Accelerometer,-8.774749,-4.4580035,5.0397944,1566947834193
2070,226,Gyroscope,-0.17409660000000002,-0.08796459400000001,-0.017104227,1566947834202
2071,226,Accelerometer,-8.926781,-4.392163,5.66109,1566947834203
2072,226,Gyroscope,-0.12034045,-0.04337143,0.02443461,1566947834212
2073,226,Accelerometer,-8.842984,-4.4089220000000005,5.626374,1566947834213
2074,226,Gyroscope,-0.06597344599999999,-0.052534412999999995,0.077579886,1566947834222
2075,226,Accelerometer,-8.360553,-3.8319199999999998,5.0697220000000005,1566947834223
2076,226,Gyroscope,-0.06352998,-0.1160644,0.09407325,1566947834232
2077,226,Accelerometer,-7.949947,-3.028665,4.817133999999999,1566947834233
2078,226,Gyroscope,-0.040927973,-0.21502456,0.08674286,1566947834242
2079,226,Accelerometer,-7.6482773,-2.280477,5.085284,1566947834243
2080,226,Gyroscope,-0.04520403,-0.30115658,0.053145275,1566947834252
2081,226,Accelerometer,-7.0952168,-1.401805,5.0996494000000006,1566947834253
2082,226,Gyroscope,-0.04886922,-0.38728857,-0.03604105,1566947834262
2083,226,Accelerometer,-6.30513,-1.1671733999999998,5.056554,1566947834263
2084,226,Gyroscope,-0.0421497,-0.5290093000000001,-0.095294975,1566947834272
2085,226,Accelerometer,-6.829460000000001,-0.50517654,6.977900999999999,1566947834273
2086,226,Gyroscope,-0.19547687,-0.3359759,-0.20219639,1566947834282
2087,226,Accelerometer,-8.590396,-3.1639376,4.1695023,1566947834283
2088,226,Gyroscope,-0.13744467,-0.21746802,-0.26267207,1566947834293
2089,226,Accelerometer,-8.700529,-3.5194763999999994,5.652710400000001,1566947834293
2090,226,Gyroscope,-0.095294975,0.112399206,-0.43676865,1566947834302
2091,226,Accelerometer,-8.055291,-3.8618474000000003,7.153875,1566947834303
2092,226,Gyroscope,-0.005497787,0.46303585,-0.4465425,1566947834313
2093,226,Accelerometer,-9.464279,-3.5661635,6.242881,1566947834313
2094,226,Gyroscope,-0.005497787,0.49174652,-0.1826487,1566947834322
2095,226,Accelerometer,-8.871715,-2.4480712000000002,5.0302176,1566947834323
2096,226,Gyroscope,0.03726278,0.31703907,-0.05131268,1566947834332
2097,226,Accelerometer,-7.431602000000001,-1.2114661,4.546589,1566947834333
2098,226,Gyroscope,0.09712757,0.14966199,0.030543262,1566947834343
2099,226,Accelerometer,-6.3949127,-0.9792285,4.343082,1566947834343
2100,226,Gyroscope,0.12095132,0.03604105,0.04337143,1566947834352
2101,226,Accelerometer,-5.9483943,-1.4736311000000002,4.201824,1566947834353
2102,226,Gyroscope,0.13194689,-0.11911872,-0.015271631,1566947834362
2103,226,Accelerometer,-6.817489,-1.62686,4.302380599999999,1566947834363
2104,226,Gyroscope,0.14721853,-0.103847094,-0.030543262,1566947834372
2105,226,Accelerometer,-7.04015,-1.6220716,5.2289367,1566947834373
2106,226,Gyroscope,0.15149458,-0.10934488,-0.044593163,1566947834382
2107,226,Accelerometer,-7.1981673,-1.9883845000000002,5.3366755999999995,1566947834383
2108,226,Gyroscope,0.15393804,-0.11362094,-0.059864793,1566947834392
2109,226,Accelerometer,-7.5082164,-2.4025814999999997,5.54138,1566947834393
2110,226,Gyroscope,0.14966199,-0.11789699,-0.07269296,1566947834402
2111,226,Accelerometer,-7.823053999999999,-2.7581203,5.553351,1566947834403
2112,226,Gyroscope,0.1441642,-0.11728613,-0.08307768,1566947834413
2113,226,Accelerometer,-7.9762830000000005,-2.883816,5.5581393,1566947834413
2114,226,Gyroscope,0.13988814,-0.10445796,-0.073303826,1566947834422
2115,226,Accelerometer,-8.09719,-2.9508536,5.5725045,1566947834423
2116,226,Gyroscope,0.13316862,-0.077579886,-0.05497787,1566947834432
2117,226,Accelerometer,-8.070853999999999,-2.9113493,5.637148000000001,1566947834433
2118,226,Gyroscope,0.116675265,-0.07696902,-0.03848451,1566947834443
2119,226,Accelerometer,-7.929596000000001,-2.6970682,5.4922986,1566947834443
2120,226,Gyroscope,0.105068825,-0.08552113,-0.031154128,1566947834452
2121,226,Accelerometer,-7.7847466,-2.6084828,5.4671597,1566947834453
2122,226,Gyroscope,0.10262536,-0.11056661,-0.029932396,1566947834462
2123,226,Accelerometer,-7.5525093,-2.4779987,5.432443599999999,1566947834463
2124,226,Gyroscope,0.0983493,-0.11484267,-0.03848451,1566947834472
2125,226,Accelerometer,-7.413645699999999,-2.3235726000000003,5.45878,1566947834473
2126,226,Gyroscope,0.08674286,-0.09773844,-0.054367005999999996,1566947834482
2127,226,Accelerometer,-7.369353,-2.2313959999999997,5.5485625,1566947834483
2128,226,Gyroscope,0.08124508,-0.045814894,-0.061086524,1566947834492
2129,226,Accelerometer,-7.4124484,-2.2433669999999997,5.7257333,1566947834493
2130,226,Gyroscope,0.08674286,-0.03726278,-0.08246681,1566947834502
2131,226,Accelerometer,-7.4507556,-2.1799207000000003,5.580883999999999,1566947834503
2132,226,Gyroscope,0.092240654,-0.017715093,-0.09468412,1566947834512
2133,226,Accelerometer,-7.526173,-2.3690627,5.580883999999999,1566947834513
2134,226,Gyroscope,0.096516706,-0.015882496,-0.09407325,1566947834522
2135,226,Accelerometer,-7.7320743,-2.4289176,5.5270147000000005,1566947834523
2136,226,Gyroscope,0.099571034,-0.017715093,-0.08735373,1566947834532
2137,226,Accelerometer,-7.8673470000000005,-2.432509,5.444414599999999,1566947834533
2138,226,Gyroscope,0.08796459400000001,-0.015882496,-0.07574729,1566947834542
2139,226,Accelerometer,-7.9343843,-2.4636335,5.398925,1566947834543
2140,226,Gyroscope,0.06780604,-0.017104227,-0.05131268,1566947834552
2141,226,Accelerometer,-7.9307933,-2.4061728,5.2205567,1566947834553
2142,226,Gyroscope,0.0421497,-0.027488936000000002,-0.04153884,1566947834563
2143,226,Accelerometer,-7.9331875,-2.3906104999999997,5.2863975,1566947834563
2144,226,Gyroscope,0.03726278,-0.025045475,-0.029932396,1566947834572
2145,226,Accelerometer,-7.964312,-2.3606830000000003,5.17387,1566947834573
2146,226,Gyroscope,0.040927973,-0.055588737,-0.025045475,1566947834582
2147,226,Accelerometer,-7.9427642999999994,-2.2840683,5.199008999999999,1566947834583
2148,226,Gyroscope,0.049480084,-0.07147124,-0.025045475,1566947834592
2149,226,Accelerometer,-7.917625,-2.2373814999999997,5.2636523,1566947834593
2150,226,Gyroscope,0.043982297000000004,-0.070249505,-0.026267206,1566947834602
2151,226,Accelerometer,-7.874529400000001,-2.2266076,5.269638,1566947834603
2152,226,Gyroscope,0.032375857,-0.07147124,-0.023823743999999997,1566947834612
2153,226,Accelerometer,-7.843405000000001,-2.2457612,5.2804117,1566947834613
2154,226,Gyroscope,0.015882496,-0.07880162,-0.02076942,1566947834622
2155,226,Accelerometer,-7.7667904000000005,-2.2744915,5.319916200000001,1566947834623
2156,226,Gyroscope,-0.0018325957999999999,-0.089186326,-0.01282817,1566947834632
2157,226,Accelerometer,-7.699753,-2.280477,5.3785739999999995,1566947834633
2158,226,Gyroscope,-0.012217305,-0.09040806,-0.0018325957999999999,1566947834642
2159,226,Accelerometer,-7.6470804,-2.255338,5.473145,1566947834643
2160,226,Gyroscope,-0.015882496,-0.09101892,0.004886922,1566947834652
2161,226,Accelerometer,-7.629123700000001,-2.2002714,5.5509567,1566947834653
2162,226,Gyroscope,-0.017104227,-0.08552113,0.01282817,1566947834663
2163,226,Accelerometer,-7.6171527,-2.1871033,5.608417500000001,1566947834663
2164,226,Gyroscope,-0.02687807,-0.076358154,0.02076942,1566947834672
2165,226,Accelerometer,-7.6255326,-2.1918917,5.6467247,1566947834673
2166,226,Gyroscope,-0.030543262,-0.059253927000000005,0.02565634,1566947834682
2167,226,Accelerometer,-7.6410947,-2.2134395000000002,5.792771,1566947834683
2168,226,Gyroscope,-0.032986722999999996,-0.03726278,0.029932396,1566947834692
2169,226,Accelerometer,-7.677007700000001,-2.2756886,5.8215012999999995,1566947834693
2170,226,Gyroscope,-0.047036625,-0.007941248,0.036651913,1566947834702
2171,226,Accelerometer,-7.72968,-2.4552537999999995,5.8849480000000005,1566947834703
2172,226,Gyroscope,-0.06841691,-0.007941248,0.054367005999999996,1566947834712
2173,226,Accelerometer,-7.750031,-2.4408886,5.463568,1566947834713
2174,226,Gyroscope,-0.07819075,-0.004276057,0.055588737,1566947834722
2175,226,Accelerometer,-7.825448,-2.5737667,5.5222263,1566947834723
2176,226,Gyroscope,-0.08124508,-0.004276057,0.06536258,1566947834733
2177,226,Accelerometer,-7.799111999999999,-2.6767175,5.579687,1566947834733
2178,226,Gyroscope,-0.07880162,0.00061086525,0.07452556,1566947834742
2179,226,Accelerometer,-7.7368627000000005,-2.7090392000000003,5.5581393,1566947834743
2180,226,Gyroscope,-0.07513642,-0.00061086525,0.07941248,1566947834752
2181,226,Accelerometer,-7.620744,-2.6767175,5.5042696,1566947834753
2182,226,Gyroscope,-0.076358154,-0.0061086523,0.07819075,1566947834763
2183,226,Accelerometer,-7.477092,-2.6791117,5.430049400000001,1566947834763
2184,226,Gyroscope,-0.07819075,-0.0012217305,0.08735373,1566947834772
2185,226,Accelerometer,-7.413645699999999,-2.7401638,5.403713,1566947834773
2186,226,Gyroscope,-0.07269296,-0.04153884,0.07941248,1566947834782
2187,226,Accelerometer,-7.323863,-2.6312277,5.4420204000000005,1566947834782
2188,226,Gyroscope,-0.040927973,-0.061086524,0.06047566,1566947834793
2189,226,Accelerometer,-7.311891999999999,-2.5761611,5.4791307,1566947834793
2190,226,Gyroscope,-0.027488936000000002,-0.0720821,0.04886922,1566947834802
2191,226,Accelerometer,-7.3346367,-2.6024973,5.543774,1566947834803
2192,226,Gyroscope,-0.023823743999999997,-0.07513642,0.03604105,1566947834812
2193,226,Accelerometer,-7.357382,-2.6563668,5.592855,1566947834813
2194,226,Gyroscope,-0.029321532999999997,-0.07513642,0.027488936000000002,1566947834823
2195,226,Accelerometer,-7.3549875999999985,-2.707842,5.653907299999999,1566947834823
2196,226,Gyroscope,-0.03604105,-0.08552113,0.021380282999999996,1566947834832
2197,226,Accelerometer,-7.315483,-2.706645,5.556941999999999,1566947834833
2198,226,Gyroscope,-0.036651913,-0.092240654,0.016493361,1566947834842
2199,226,Accelerometer,-7.281964299999999,-2.7198130000000003,5.6467247,1566947834843
2200,226,Gyroscope,-0.039095376,-0.09590584,0.015882496,1566947834852
2201,226,Accelerometer,-7.225700999999999,-2.7222072999999996,5.758055000000001,1566947834853
2202,226,Gyroscope,-0.04153884,-0.09712757,0.015271631,1566947834862
2203,226,Accelerometer,-7.159860000000001,-2.6611552000000005,5.8741736,1566947834863
2204,226,Gyroscope,-0.04642576,-0.08307768,0.01160644,1566947834872
2205,226,Accelerometer,-7.101202000000001,-2.5737667,5.997475,1566947834873
2206,226,Gyroscope,-0.056199603,-0.08063421400000001,0.01038471,1566947834882
2207,226,Accelerometer,-7.0688806,-2.4791958,5.9771247,1566947834883
2208,226,Gyroscope,-0.064751714,-0.07086037,0.007330383,1566947834893
2209,226,Accelerometer,-7.028179,-2.3762453,6.039374,1566947834893
2210,226,Gyroscope,-0.07574729,-0.04886922,0.005497787,1566947834902
2211,226,Accelerometer,-7.037756,-2.2337902,6.129156,1566947834903
2212,226,Gyroscope,-0.09285152,-0.009773844,0.020158553,1566947834912
2213,226,Accelerometer,-7.065289,-2.2517467,6.269217,1566947834913
2214,226,Gyroscope,-0.09590584,-0.013439035,0.007941248,1566947834923
2215,226,Accelerometer,-7.038953,-2.0506337,6.1387334000000005,1566947834923
2216,226,Gyroscope,-0.09712757,0.0012217305,0.007941248,1566947834932
2217,226,Accelerometer,-7.153875,-2.0410569,6.1938,1566947834933
2218,226,Gyroscope,-0.10323623,0.022602014,0.007941248,1566947834942
2219,226,Accelerometer,-7.183802,-1.9919758,6.1770406,1566947834943
2220,226,Gyroscope,-0.10995574,0.05131268,0.009773844,1566947834953
2221,226,Accelerometer,-7.254431200000001,-1.9548656999999998,6.1686606,1566947834953
2222,226,Gyroscope,-0.11362094,0.07941248,0.012217305,1566947834962
2223,226,Accelerometer,-7.404069,-1.9704279999999998,6.1483099999999995,1566947834963
2224,226,Gyroscope,-0.11178834,0.10323623,0.012217305,1566947834972
2225,226,Accelerometer,-7.669825,-2.1499932,6.1183825,1566947834973
2226,226,Gyroscope,-0.103847094,0.12583824,0.01282817,1566947834982
2227,226,Accelerometer,-7.738060000000001,-2.2301989,5.9878983,1566947834983
2228,226,Gyroscope,-0.10445796,0.14355333,0.019547688,1566947834992
2229,226,Accelerometer,-7.759608,-2.2984335,5.7616463,1566947834993
2230,226,Gyroscope,-0.11178834,0.15088372,0.025045475,1566947835002
2231,226,Accelerometer,-7.738060000000001,-2.3678656000000005,5.6586957,1566947835003
2232,226,Gyroscope,-0.10812314599999999,0.16676621,0.032375857,1566947835012
2233,226,Accelerometer,-7.7703815,-2.4349031,5.5617304,1566947835013
2234,226,Gyroscope,-0.084910266,0.16065755,0.03726278,1566947835023
2235,226,Accelerometer,-7.7919292,-2.517503,5.5102553,1566947835023
2236,226,Gyroscope,-0.062308256,0.14172074,0.03604105,1566947835032
2237,226,Accelerometer,-7.787141,-2.5450362999999996,5.398925,1566947835033
2238,226,Gyroscope,-0.03481932,0.12705997,0.034208454,1566947835042
2239,226,Accelerometer,-7.7907324000000004,-2.5546130000000002,5.3498434999999995,1566947835043
2240,226,Gyroscope,-0.010995574,0.10323623,0.028710667000000002,1566947835052
2241,226,Accelerometer,-7.777564,-2.5007436000000003,5.2995653,1566947835053
2242,226,Gyroscope,0.013439035,0.07574729,0.019547688,1566947835062
2243,226,Accelerometer,-7.769184599999999,-2.4528596,5.291186,1566947835063
2244,226,Gyroscope,0.03848451,0.051923547,0.020158553,1566947835072
2245,226,Accelerometer,-7.837419000000001,-2.5929205,5.5509567,1566947835073
2246,226,Gyroscope,0.047036625,0.018325957,0.035430185,1566947835082
2247,226,Accelerometer,-7.8027034,-2.3056161,4.9045224,1566947835083
2248,226,Gyroscope,0.06291912,-0.05681047,0.008552114,1566947835092
2249,226,Accelerometer,-7.855376,-2.2170308,5.033809,1566947835093
2250,226,Gyroscope,0.07086037,-0.09040806,-0.0061086523,1566947835102
2251,226,Accelerometer,-7.896077,-2.2888567,5.133168,1566947835103
2252,226,Gyroscope,0.06780604,-0.12217305,-0.013439035,1566947835113
2253,226,Accelerometer,-7.8517847000000005,-2.3523033,5.2444987,1566947835113
2254,226,Gyroscope,0.06597344599999999,-0.14782938,-0.018325957,1566947835122
2255,226,Accelerometer,-7.785944000000001,-2.3618799999999998,5.3821654,1566947835123
2256,226,Gyroscope,0.07147124,-0.15882497,-0.019547688,1566947835132
2257,226,Accelerometer,-7.700949700000001,-2.3451207000000003,5.588066599999999,1566947835133
2258,226,Gyroscope,0.07696902,-0.16676621,-0.02565634,1566947835143
2259,226,Accelerometer,-7.5968018,-2.3175871,5.756858,1566947835143
2260,226,Gyroscope,0.073303826,-0.16126843,-0.028099801,1566947835152
2261,226,Accelerometer,-7.522581599999999,-2.3020248,5.920861,1566947835153
2262,226,Gyroscope,0.059864793,-0.14355333,-0.02565634,1566947835162
2263,226,Accelerometer,-7.451953,-2.2661119,6.1064115,1566947835163
2264,226,Gyroscope,0.04642576,-0.11484267,-0.02321288,1566947835172
2265,226,Accelerometer,-7.374141000000001,-2.2337902,6.265626,1566947835173
2266,226,Gyroscope,0.02443461,-0.06963864,-0.019547688,1566947835182
2267,226,Accelerometer,-7.3214690000000004,-2.2457612,6.314707,1566947835183
2268,226,Gyroscope,0.0036651915999999997,-0.02443461,-0.013439035,1566947835192
2269,226,Accelerometer,-7.285556,-2.255338,6.3111157,1566947835193
2270,226,Gyroscope,-0.017715093,0.018936822,-0.0036651915999999997,1566947835202
2271,226,Accelerometer,-7.298723700000001,-2.3008277,6.295553,1566947835202
2272,226,Gyroscope,-0.03604105,0.059864793,0.008552114,1566947835212
2273,226,Accelerometer,-7.3214690000000004,-2.3630772,6.1890116,1566947835213
2274,226,Gyroscope,-0.0580322,0.093462385,0.022602014,1566947835222
2275,226,Accelerometer,-7.338228,-2.3918076,6.0836663,1566947835223
2276,226,Gyroscope,-0.07696902,0.12095132,0.037873644,1566947835232
2277,226,Accelerometer,-7.3418193,-2.4073699,5.9998693,1566947835233
2278,226,Gyroscope,-0.089186326,0.1282817,0.04642576,1566947835242
2279,226,Accelerometer,-7.314286,-2.4169466,5.9064955999999995,1566947835243
2280,226,Gyroscope,-0.09590584,0.12217305,0.04337143,1566947835252
2281,226,Accelerometer,-7.3190745999999995,-2.4372973,5.8238955,1566947835253
2282,226,Gyroscope,-0.089186326,0.11484267,0.040927973,1566947835262
2283,226,Accelerometer,-7.299921,-2.4624363999999996,5.8143187,1566947835263
2284,226,Gyroscope,-0.08307768,0.10934488,0.032986722999999996,1566947835273
2285,226,Accelerometer,-7.3274539999999995,-2.4540567,5.772420400000001,1566947835273
2286,226,Gyroscope,-0.076358154,0.09773844,0.029321532999999997,1566947835282
2287,226,Accelerometer,-7.396886299999999,-2.4552537999999995,5.7520695,1566947835283
2288,226,Gyroscope,-0.07513642,0.09162979,0.022602014,1566947835292
2289,226,Accelerometer,-7.4268136,-2.4600422,5.6982,1566947835293
2290,226,Gyroscope,-0.073303826,0.08674286,0.019547688,1566947835302
2291,226,Accelerometer,-7.479486,-2.48159,5.652710400000001,1566947835303
2292,226,Gyroscope,-0.07819075,0.07941248,0.018325957,1566947835312
2293,226,Accelerometer,-7.487866,-2.5031377999999997,5.590461,1566947835313
2294,226,Gyroscope,-0.07696902,0.07269296,0.017104227,1566947835322
2295,226,Accelerometer,-7.515399,-2.540248,5.5725045,1566947835323
2296,226,Gyroscope,-0.06841691,0.06414085,0.015271631,1566947835332
2297,226,Accelerometer,-7.505822,-2.5725696,5.595249,1566947835333
2298,226,Gyroscope,-0.05681047,0.054367005999999996,0.007330383,1566947835343
2299,226,Accelerometer,-7.479486,-2.6300306,5.6299653,1566947835343
2300,226,Gyroscope,-0.04153884,0.039095376,0.0061086523,1566947835352
2301,226,Accelerometer,-7.479486,-2.6264392999999995,5.651513,1566947835353
2302,226,Gyroscope,-0.029932396,0.02443461,0.002443461,1566947835362
2303,226,Accelerometer,-7.4268136,-2.6288335,5.6563015,1566947835363
2304,226,Gyroscope,-0.02076942,0.007941248,0.002443461,1566947835372
2305,226,Accelerometer,-7.429208,-2.5809495,5.6431336,1566947835373
2306,226,Gyroscope,-0.009162978,0.007330383,-0.0018325957999999999,1566947835382
2307,226,Accelerometer,-7.4339960000000005,-2.566584,5.7137623,1566947835383
2308,226,Gyroscope,-0.0012217305,0.009773844,-0.0036651915999999997,1566947835392
2309,226,Accelerometer,-7.4758949999999995,-2.5222914,5.779603,1566947835393
2310,226,Gyroscope,-0.0018325957999999999,0.014049901000000002,-0.0061086523,1566947835402
2311,226,Accelerometer,-7.538144,-2.4408886,5.785588300000001,1566947835403
2312,226,Gyroscope,-0.007330383,0.022602014,-0.009773844,1566947835412
2313,226,Accelerometer,-7.4986396,-2.4468741,5.8095303,1566947835413
2314,226,Gyroscope,-0.014660766,0.032986722999999996,-0.009773844,1566947835422
2315,226,Accelerometer,-7.4567413,-2.4528596,5.8143187,1566947835423
2316,226,Gyroscope,-0.013439035,0.04520403,-0.007330383,1566947835432
2317,226,Accelerometer,-7.424419400000001,-2.44448,5.8358665,1566947835433
2318,226,Gyroscope,-0.009162978,0.05131268,-0.0030543262,1566947835442
2319,226,Accelerometer,-7.369353,-2.4085669999999997,5.861006,1566947835443
2320,226,Gyroscope,-0.002443461,0.053145275,0.002443461,1566947835452
2321,226,Accelerometer,-7.346607700000001,-2.348712,5.876568,1566947835453
2322,226,Gyroscope,0.002443461,0.049480084,0.010995574,1566947835462
2323,226,Accelerometer,-7.462726600000001,-2.4133554,5.975927400000001,1566947835463
2324,226,Gyroscope,0.0018325957999999999,0.050701816,0.029321532999999997,1566947835472
2325,226,Accelerometer,-7.329848299999999,-2.1140802000000005,5.792771,1566947835473
2326,226,Gyroscope,0.0018325957999999999,0.047036625,0.02443461,1566947835482
2327,226,Accelerometer,-7.3274539999999995,-2.0841526999999997,5.841851999999999,1566947835483
2328,226,Gyroscope,-0.004886922,0.045814894,0.028710667000000002,1566947835492
2329,226,Accelerometer,-7.3334399999999995,-2.079364,5.843049,1566947835492
2330,226,Gyroscope,-0.0036651915999999997,0.039095376,0.03604105,1566947835503
2331,226,Accelerometer,-7.328651400000001,-2.0638018,5.8238955,1566947835503
2332,226,Gyroscope,-0.004276057,0.035430185,0.03726278,1566947835512
2333,226,Accelerometer,-7.315483,-2.0099323,5.8322754,1566947835513
2334,226,Gyroscope,-0.008552114,0.031154128,0.03604105,1566947835522
2335,226,Accelerometer,-7.3310455999999995,-1.9548656999999998,5.8466406,1566947835523
2336,226,Gyroscope,-0.01282817,0.030543262,0.032986722999999996,1566947835533
2337,226,Accelerometer,-7.381324,-1.9357121,5.901707,1566947835533
2338,226,Gyroscope,-0.025045475,0.037873644,0.03848451,1566947835542
2339,226,Accelerometer,-7.438784599999999,-1.8614918000000003,5.8634,1566947835543
2340,226,Gyroscope,-0.03359759,0.019547688,0.018936822,1566947835552
2341,226,Accelerometer,-7.4866686,-1.6986861,5.9771247,1566947835553
2342,226,Gyroscope,-0.029932396,0.028710667000000002,0.005497787,1566947835562
2343,226,Accelerometer,-7.653065700000001,-1.7202339,6.0166287,1566947835563
2344,226,Gyroscope,-0.035430185,0.040927973,-0.0012217305,1566947835572
2345,226,Accelerometer,-7.740454,-1.7501613999999999,6.0262055,1566947835573
2346,226,Gyroscope,-0.047647487,0.0580322,-0.007941248,1566947835582
2347,226,Accelerometer,-7.727286,-1.8303672,5.995081,1566947835583
2348,226,Gyroscope,-0.06536258,0.07452556,-0.005497787,1566947835592
2349,226,Accelerometer,-7.690175999999999,-1.9129671999999998,5.9388175,1566947835593
2350,226,Gyroscope,-0.08368854,0.10262536,-0.005497787,1566947835602
2351,226,Accelerometer,-7.6518690000000005,-2.0111293999999997,5.8933277,1566947835603
2352,226,Gyroscope,-0.09896017,0.119729586,0.002443461,1566947835612
2353,226,Accelerometer,-7.5788455,-2.110489,5.819107,1566947835613
2354,226,Gyroscope,-0.11301007,0.13744467,0.0036651915999999997,1566947835623
2355,226,Accelerometer,-7.5704656,-2.1775265,5.73531,1566947835623
2356,226,Gyroscope,-0.11484267,0.14844026,0.0018325957999999999,1566947835632
2357,226,Accelerometer,-7.587225,-2.2266076,5.6634839999999995,1566947835633
2358,226,Gyroscope,-0.10629055,0.14538592,-0.005497787,1566947835642
2359,226,Accelerometer,-7.627927000000001,-2.2457612,5.5868697,1566947835643
2360,226,Gyroscope,-0.09468412,0.13561209,-0.017715093,1566947835652
2361,226,Accelerometer,-7.668628,-2.2972363999999996,5.531803,1566947835653
2362,226,Gyroscope,-0.07574729,0.12339478,-0.028099801,1566947835662
2363,226,Accelerometer,-7.758410499999999,-2.4013843999999995,5.4264584000000005,1566947835663
2364,226,Gyroscope,-0.06658431,0.09040806,-0.03481932,1566947835672
2365,226,Accelerometer,-7.7931266,-2.4396915,5.2636523,1566947835673
2366,226,Gyroscope,-0.059253927000000005,0.05681047,-0.032375857,1566947835682
2367,226,Accelerometer,-7.711724,-2.5079262000000004,5.3043537,1566947835683
2368,226,Gyroscope,-0.048258353,0.044593163,-0.009773844,1566947835692
2369,226,Accelerometer,-7.751228,-2.552219,5.3247046,1566947835693
2370,226,Gyroscope,-0.0421497,0.020158553,-0.0018325957999999999,1566947835702
2371,226,Accelerometer,-7.754819400000001,-2.5258827,5.329493,1566947835703
2372,226,Gyroscope,-0.036651913,0.008552114,0.0030543262,1566947835713
2373,226,Accelerometer,-7.735666,-2.529474,5.4384294,1566947835713
2374,226,Gyroscope,-0.036651913,-0.0030543262,0.0018325957999999999,1566947835722
2375,226,Accelerometer,-7.7560163,-2.480393,5.5054669999999994,1566947835723
2376,226,Gyroscope,-0.03604105,-0.014660766,-0.009162978,1566947835732
2377,226,Accelerometer,-7.739257,-2.4289176,5.577293,1566947835733
2378,226,Gyroscope,-0.034208454,-0.02321288,-0.016493361,1566947835742
2379,226,Accelerometer,-7.6506715,-2.4061728,5.6443305,1566947835743
2380,226,Gyroscope,-0.03176499,-0.021991148999999998,-0.025045475,1566947835753
2381,226,Accelerometer,-7.5082164,-2.3451207000000003,5.7400985,1566947835753
2382,226,Gyroscope,-0.034208454,-0.009773844,-0.035430185,1566947835762
2383,226,Accelerometer,-7.386112,-2.2852653999999997,5.7879825,1566947835763
2384,226,Gyroscope,-0.034208454,0.0036651915999999997,-0.04153884,1566947835772
2385,226,Accelerometer,-7.3190745999999995,-2.2301989,5.8634,1566947835773
2386,226,Gyroscope,-0.039095376,0.01038471,-0.044593163,1566947835782
2387,226,Accelerometer,-7.2831616,-2.2242134,5.8849480000000005,1566947835783
2388,226,Gyroscope,-0.05009095,0.029932396,-0.043982297000000004,1566947835793
2389,226,Accelerometer,-7.2759789999999995,-2.268506,5.911283999999999,1566947835793
2390,226,Gyroscope,-0.06047566,0.043982297000000004,-0.03970624,1566947835802
2391,226,Accelerometer,-7.305906299999999,-2.3104044999999998,5.966350599999999,1566947835803
2392,226,Gyroscope,-0.06963864,0.05681047,-0.03481932,1566947835812
2393,226,Accelerometer,-7.358579,-2.3355439,5.98311,1566947835813
2394,226,Gyroscope,-0.073303826,0.054367005999999996,-0.027488936000000002,1566947835822
2395,226,Accelerometer,-7.3825210000000006,-2.31639,5.9160724,1566947835823
2396,226,Gyroscope,-0.07696902,0.05009095,-0.02443461,1566947835832
2397,226,Accelerometer,-7.395689,-2.2972363999999996,5.889736,1566947835833
2398,226,Gyroscope,-0.07452556,0.056199603,-0.02321288,1566947835842
2399,226,Accelerometer,-7.4112515,-2.2577322,5.9747305,1566947835843
2400,226,Gyroscope,-0.070249505,0.07086037,-0.02443461,1566947835852
2401,226,Accelerometer,-7.4232225000000005,-2.2230163,6.0501475,1566947835853
2402,226,Gyroscope,-0.06780604,0.089186326,-0.02443461,1566947835862
2403,226,Accelerometer,-7.461529700000001,-2.2254104999999997,6.027403,1566947835863
2404,226,Gyroscope,-0.0720821,0.10751228,-0.025045475,1566947835872
2405,226,Accelerometer,-7.5046253,-2.268506,5.995081,1566947835873
2406,226,Gyroscope,-0.08002335,0.13622294,-0.021991148999999998,1566947835883
2407,226,Accelerometer,-7.5189905,-2.2852653999999997,5.9627595,1566947835883
2408,226,Gyroscope,-0.08735373,0.15821409,-0.019547688,1566947835892
2409,226,Accelerometer,-7.5321584,-2.328361,5.90889,1566947835893
2410,226,Gyroscope,-0.08979719,0.172264,-0.014049901000000002,1566947835902
2411,226,Accelerometer,-7.501034,-2.3235726000000003,5.7544637000000005,1566947835903
2412,226,Gyroscope,-0.0842994,0.17715092,-0.007941248,1566947835912
2413,226,Accelerometer,-7.4603324,-2.3343467999999996,5.7005944,1566947835913
2414,226,Gyroscope,-0.08124508,0.17531833,0.0012217305,1566947835922
2415,226,Accelerometer,-7.430405,-2.3235726000000003,5.6563015,1566947835923
2416,226,Gyroscope,-0.07269296,0.16126843,0.015882496,1566947835933
2417,226,Accelerometer,-7.352593400000001,-2.3187842,5.627571,1566947835933
2418,226,Gyroscope,-0.07147124,0.15088372,0.021991148999999998,1566947835942
2419,226,Accelerometer,-7.3166804,-2.2948422,5.631162000000001,1566947835943
2420,226,Gyroscope,-0.06658431,0.14599679999999998,0.02687807,1566947835952
2421,226,Accelerometer,-7.352593400000001,-2.2529437999999997,5.614403,1566947835953
2422,226,Gyroscope,-0.06169739,0.1441642,0.028710667000000002,1566947835962
2423,226,Accelerometer,-7.390900599999999,-2.2254104999999997,5.685032,1566947835963
2424,226,Gyroscope,-0.05375614,0.14538592,0.022602014,1566947835972
2425,226,Accelerometer,-7.466317999999999,-2.2361843999999995,5.685032,1566947835973
2426,226,Gyroscope,-0.04886922,0.15210545,0.014660766,1566947835983
2427,226,Accelerometer,-7.5800424,-2.2409727999999998,5.623979599999999,1566947835983
2428,226,Gyroscope,-0.043982297000000004,0.15271631,0.0067195175,1566947835992
2429,226,Accelerometer,-7.687782,-2.2361843999999995,5.5485625,1566947835993
2430,226,Gyroscope,-0.044593163,0.14599679999999998,-0.00061086525,1566947836002
2431,226,Accelerometer,-7.777564,-2.2254104999999997,5.4922986,1566947836003
2432,226,Gyroscope,-0.040317107000000005,0.12339478,-0.005497787,1566947836012
2433,226,Accelerometer,-7.807492,-2.1847090000000002,5.445612000000001,1566947836013
2434,226,Gyroscope,-0.040927973,0.1020145,-0.01038471,1566947836022
2435,226,Accelerometer,-7.8003089999999995,-2.2110453,5.3905449999999995,1566947836023
2436,226,Gyroscope,-0.04153884,0.09101892,-0.0067195175,1566947836033
2437,226,Accelerometer,-7.7907324000000004,-2.292448,5.470751,1566947836033
2438,226,Gyroscope,-0.040927973,0.07574729,0.004276057,1566947836042
2439,226,Accelerometer,-7.7440453,-2.2170308,5.386954,1566947836043
2440,226,Gyroscope,-0.039095376,0.07147124,0.009162978,1566947836052
2441,226,Accelerometer,-7.735666,-2.2625206,5.513846400000001,1566947836053
2442,226,Gyroscope,-0.045814894,0.06658431,0.018325957,1566947836062
2443,226,Accelerometer,-7.7488337,-2.2433669999999997,5.542577,1566947836063
2444,226,Gyroscope,-0.053145275,0.06963864,0.027488936000000002,1566947836072
2445,226,Accelerometer,-7.759608,-2.1547816,5.588066599999999,1566947836073
2446,226,Gyroscope,-0.054367005999999996,0.07819075,0.029932396,1566947836082
2447,226,Accelerometer,-7.81228,-2.0805612,5.616797,1566947836083
2448,226,Gyroscope,-0.05497787,0.09101892,0.03359759,1566947836092
2449,226,Accelerometer,-7.8218570000000005,-2.0470424,5.602432,1566947836093
2450,226,Gyroscope,-0.053145275,0.09468412,0.03604105,1566947836102
2451,226,Accelerometer,-7.8218570000000005,-2.0171148999999997,5.5641245999999995,1566947836103
2452,226,Gyroscope,-0.047036625,0.1020145,0.03604105,1566947836112
2453,226,Accelerometer,-7.8218570000000005,-2.019509,5.5988407,1566947836113
2454,226,Gyroscope,-0.032375857,0.09712757,0.03604105,1566947836122
2455,226,Accelerometer,-7.845799,-2.0422540000000002,5.5940523,1566947836123
2456,226,Gyroscope,-0.015882496,0.08857546,0.029321532999999997,1566947836132
2457,226,Accelerometer,-7.8386164,-2.0075380000000003,5.571307,1566947836133
2458,226,Gyroscope,-0.0018325957999999999,0.073303826,0.02076942,1566947836142
2459,226,Accelerometer,-7.820659599999999,-1.9165584999999998,5.567716000000001,1566947836143
2460,226,Gyroscope,0.007330383,0.06047566,0.01282817,1566947836152
2461,226,Accelerometer,-7.797915,-1.780089,5.5401826,1566947836154
2462,226,Gyroscope,0.01160644,0.034208454,-0.008552114,1566947836163
2463,226,Accelerometer,-7.7787614000000005,-1.5993267,5.5521536,1566947836163
2464,226,Gyroscope,0.010995574,0.025045475,-0.02565634,1566947836172
2465,226,Accelerometer,-7.788338,-1.4329298000000001,5.559336,1566947836173
2466,226,Gyroscope,0.013439035,0.022602014,-0.04337143,1566947836182
2467,226,Accelerometer,-7.782352400000001,-1.3227965,5.583278,1566947836183
2468,226,Gyroscope,0.013439035,0.032375857,-0.057421334000000004,1566947836192
2469,226,Accelerometer,-7.7919292,-1.328782,5.6634839999999995,1566947836193
2470,226,Gyroscope,0.016493361,0.043982297000000004,-0.06780604,1566947836203
2471,226,Accelerometer,-7.782352400000001,-1.4257472,5.675455,1566947836203
2472,226,Gyroscope,0.017715093,0.06169739,-0.07513642,1566947836213
2473,226,Accelerometer,-7.765592999999999,-1.578976,5.717354,1566947836213
2474,226,Gyroscope,0.017715093,0.07269296,-0.076358154,1566947836222
2475,226,Accelerometer,-7.751228,-1.7393875,5.677849299999999,1566947836223
2476,226,Gyroscope,0.015271631,0.08063421400000001,-0.073303826,1566947836232
2477,226,Accelerometer,-7.7224975,-1.8830396,5.6586957,1566947836233
2478,226,Gyroscope,0.014660766,0.08246681,-0.06963864,1566947836242
2479,226,Accelerometer,-7.703344,-1.9668366999999998,5.641936299999999,1566947836243
2480,226,Gyroscope,0.018936822,0.07391469,-0.064751714,1566947836253
2481,226,Accelerometer,-7.69257,-2.0147207,5.6347537,1566947836253
2482,226,Gyroscope,0.03176499,0.061086524,-0.0580322,1566947836262
2483,226,Accelerometer,-7.6865845,-2.005144,5.6586957,1566947836263
2484,226,Gyroscope,0.03970624,0.047647487,-0.055588737,1566947836272
2485,226,Accelerometer,-7.6961613,-1.9680338,5.683835,1566947836273
2486,226,Gyroscope,0.04520403,0.035430185,-0.053145275,1566947836282
2487,226,Accelerometer,-7.682993400000001,-1.8926164,5.676652400000001,1566947836283
2488,226,Gyroscope,0.040317107000000005,0.039095376,-0.04886922,1566947836293
2489,226,Accelerometer,-7.643489,-1.8136078000000002,5.675455,1566947836293
2490,226,Gyroscope,0.03726278,0.04886922,-0.045814894,1566947836302
2491,226,Accelerometer,-7.636306299999999,-1.7669207999999998,5.7209449999999995,1566947836303
2492,226,Gyroscope,0.029932396,0.06719518,-0.04886922,1566947836312
2493,226,Accelerometer,-7.6470804,-1.7609352999999999,5.714959599999999,1566947836313
2494,226,Gyroscope,0.02076942,0.08063421400000001,-0.049480084,1566947836322
2495,226,Accelerometer,-7.6614455999999995,-1.8028339,5.730521700000001,1566947836323
2496,226,Gyroscope,0.018325957,0.093462385,-0.051923547,1566947836332
2497,226,Accelerometer,-7.680599000000001,-1.8195933000000002,5.718550700000001,1566947836333
2498,226,Gyroscope,0.017715093,0.092240654,-0.053145275,1566947836343
2499,226,Accelerometer,-7.7093296,-1.8626889,5.6227827,1566947836343
2500,226,Gyroscope,0.026267206,0.08552113,-0.055588737,1566947836352
2501,226,Accelerometer,-7.747636999999999,-1.8986019,5.5988407,1566947836353
2502,226,Gyroscope,0.04153884,0.07391469,-0.06047566,1566947836362
2503,226,Accelerometer,-7.7643960000000005,-1.8746599,5.568912999999999,1566947836363
2504,226,Gyroscope,0.049480084,0.06352998,-0.06780604,1566947836372
2505,226,Accelerometer,-7.785944000000001,-1.8818424999999999,5.5389857000000005,1566947836373
2506,226,Gyroscope,0.05131268,0.05497787,-0.07391469,1566947836382
2507,226,Accelerometer,-7.8086886,-1.8926164,5.473145,1566947836383
2508,226,Gyroscope,0.04886922,0.0421497,-0.07086037,1566947836392
2509,226,Accelerometer,-7.747636999999999,-1.8686744,5.4803276,1566947836393
2510,226,Gyroscope,0.04276056599999999,0.04276056599999999,-0.062308256,1566947836402
2511,226,Accelerometer,-7.728483,-1.8279729999999998,5.5976434,1566947836403
2512,226,Gyroscope,0.03970624,0.049480084,-0.049480084,1566947836413
2513,226,Accelerometer,-7.8086886,-1.7920599999999998,5.589264,1566947836413
2514,226,Gyroscope,0.03726278,0.05681047,-0.04337143,1566947836422
2515,226,Accelerometer,-7.823053999999999,-1.8698715,5.5820813,1566947836423
2516,226,Gyroscope,0.035430185,0.05681047,-0.03176499,1566947836432
2517,226,Accelerometer,-7.8948803,-1.7681179,5.4982843,1566947836433
2518,226,Gyroscope,0.029321532999999997,0.048258353,-0.03176499,1566947836442
2519,226,Accelerometer,-7.9714947,-1.8004397,5.433641000000001,1566947836443
2520,226,Gyroscope,0.030543262,0.039095376,-0.02565634,1566947836452
2521,226,Accelerometer,-7.945158500000001,-1.8160020000000001,5.334281400000001,1566947836453
2522,226,Gyroscope,0.029321532999999997,0.016493361,-0.025045475,1566947836462
2523,226,Accelerometer,-7.953538000000001,-1.8794483,5.2636523,1566947836463
2524,226,Gyroscope,0.032986722999999996,-0.004276057,-0.023823743999999997,1566947836473
2525,226,Accelerometer,-7.854178999999999,-1.8435352999999999,5.2804117,1566947836473
2526,226,Gyroscope,0.039095376,-0.022602014,-0.026267206,1566947836482
2527,226,Accelerometer,-7.8086886,-1.8495207999999999,5.33069,1566947836483
2528,226,Gyroscope,0.04642576,-0.040927973,-0.02443461,1566947836492
2529,226,Accelerometer,-7.7907324000000004,-1.7669207999999998,5.471948,1566947836493
2530,226,Gyroscope,0.051923547,-0.048258353,-0.030543262,1566947836502
2531,226,Accelerometer,-7.763199,-1.685518,5.625177,1566947836503
2532,226,Gyroscope,0.053145275,-0.04520403,-0.039095376,1566947836512
2533,226,Accelerometer,-7.7787614000000005,-1.5825673,5.711368,1566947836513
2534,226,Gyroscope,0.045814894,-0.03726278,-0.043982297000000004,1566947836523
2535,226,Accelerometer,-7.824250999999999,-1.4808137,5.6790465999999995,1566947836523
2536,226,Gyroscope,0.028099801,-0.028710667000000002,-0.04642576,1566947836532
2537,226,Accelerometer,-7.8649526,-1.3946223999999998,5.6886234,1566947836533
2538,226,Gyroscope,0.01038471,-0.019547688,-0.051923547,1566947836542
2539,226,Accelerometer,-7.8757267,-1.3754688999999998,5.6670755999999995,1566947836543
2540,226,Gyroscope,-0.005497787,-0.013439035,-0.045814894,1566947836552
2541,226,Accelerometer,-7.891288799999999,-1.435324,5.6443305,1566947836553
2542,226,Gyroscope,-0.015882496,-0.0012217305,-0.037873644,1566947836562
2543,226,Accelerometer,-7.844601600000001,-1.5298948,5.705383,1566947836563
2544,226,Gyroscope,-0.017104227,0.007941248,-0.028710667000000002,1566947836572
2545,226,Accelerometer,-7.753622,-1.6112977,5.7867856,1566947836573
2546,226,Gyroscope,-0.01282817,0.02443461,-0.020158553,1566947836582
2547,226,Accelerometer,-7.7093296,-1.6340426000000001,5.8705826,1566947836583
2548,226,Gyroscope,-0.009162978,0.043982297000000004,-0.015271631,1566947836592
2549,226,Accelerometer,-7.6626425000000005,-1.6340426000000001,5.9507885,1566947836593
2550,226,Gyroscope,-0.007941248,0.0580322,-0.014660766,1566947836602
2551,226,Accelerometer,-7.638700500000001,-1.614889,5.9483943,1566947836603
2552,226,Gyroscope,-0.005497787,0.070249505,-0.015271631,1566947836612
2553,226,Accelerometer,-7.680599000000001,-1.5430629999999999,5.886145,1566947836613
2554,226,Gyroscope,-0.008552114,0.08063421400000001,-0.015882496,1566947836622
2555,226,Accelerometer,-7.698555499999999,-1.5035586,5.8466406,1566947836623
2556,226,Gyroscope,-0.0067195175,0.09773844,-0.022602014,1566947836632
2557,226,Accelerometer,-7.681796,-1.5131354,5.791574,1566947836633
2558,226,Gyroscope,-0.0067195175,0.11301007,-0.019547688,1566947836642
2559,226,Accelerometer,-7.6794020000000005,-1.5382746,5.683835,1566947836643
2560,226,Gyroscope,-0.009773844,0.116675265,-0.015882496,1566947836652
2561,226,Accelerometer,-7.6638399999999995,-1.5682021000000002,5.5737014,1566947836653
2562,226,Gyroscope,-0.004886922,0.10751228,-0.014660766,1566947836662
2563,226,Accelerometer,-7.708132300000001,-1.5825673,5.556941999999999,1566947836663
2564,226,Gyroscope,0.0061086523,0.10323623,-0.017715093,1566947836672
2565,226,Accelerometer,-7.767987299999999,-1.6160861,5.614403,1566947836673
2566,226,Gyroscope,0.009162978,0.08857546,-0.021991148999999998,1566947836683
2567,226,Accelerometer,-7.852981599999999,-1.6867151000000002,5.6096144,1566947836683
2568,226,Gyroscope,0.010995574,0.08002335,-0.025045475,1566947836692
2569,226,Accelerometer,-7.9224133000000005,-1.7525556,5.5461683,1566947836693
2570,226,Gyroscope,0.007941248,0.07391469,-0.022602014,1566947836702
2571,226,Accelerometer,-7.979874000000001,-1.8028339,5.5006785,1566947836703
2572,226,Gyroscope,0.0061086523,0.06780604,-0.017104227,1566947836712
2573,226,Accelerometer,-7.961917999999999,-1.8543092,5.4420204000000005,1566947836713
2574,226,Gyroscope,-0.002443461,0.056199603,-0.004886922,1566947836722
2575,226,Accelerometer,-7.884106,-1.8590976000000001,5.407305,1566947836723
2576,226,Gyroscope,-0.007330383,0.044593163,0.0067195175,1566947836733
2577,226,Accelerometer,-7.795521000000001,-1.8136078000000002,5.4360349999999995,1566947836733
2578,226,Gyroscope,-0.009773844,0.03359759,0.021380282999999996,1566947836742
2579,226,Accelerometer,-7.684190299999999,-1.8028339,5.4623713,1566947836743
2580,226,Gyroscope,-0.009773844,0.02565634,0.02687807,1566947836752
2581,226,Accelerometer,-7.636306299999999,-1.8004397,5.542577,1566947836753
2582,226,Gyroscope,-0.009773844,0.019547688,0.027488936000000002,1566947836762
2583,226,Accelerometer,-7.6710224,-1.8124107,5.6431336,1566947836763
2584,226,Gyroscope,0.009162978,0.012217305,0.02076942,1566947836772
2585,226,Accelerometer,-7.702147,-1.7609352999999999,5.7137623,1566947836773
2586,226,Gyroscope,0.01038471,0.010995574,0.01160644,1566947836782
2587,226,Accelerometer,-7.7201033,-1.7166426,5.697003,1566947836783
2588,226,Gyroscope,0.0036651915999999997,0.014049901000000002,0.004886922,1566947836793
2589,226,Accelerometer,-7.698555499999999,-1.6950948000000001,5.5940523,1566947836793
2590,226,Gyroscope,-0.0061086523,0.018325957,-0.0018325957999999999,1566947836802
2591,226,Accelerometer,-7.6375036,-1.7022773999999998,5.54138,1566947836803
2592,226,Gyroscope,-0.008552114,0.016493361,-0.009773844,1566947836812
2593,226,Accelerometer,-7.606379,-1.6903063999999999,5.5389857000000005,1566947836813
2594,226,Gyroscope,-0.009162978,0.014660766,-0.017104227,1566947836822
2595,226,Accelerometer,-7.5572976999999995,-1.6699557,5.6323595,1566947836823
2596,226,Gyroscope,-0.004886922,0.014049901000000002,-0.029321532999999997,1566947836832
2597,226,Accelerometer,-7.669825,-1.7310078000000002,5.746084,1566947836833
2598,226,Gyroscope,0.0061086523,0.010995574,-0.03604105,1566947836842
2599,226,Accelerometer,-7.824250999999999,-1.7549498,5.801151,1566947836843
2600,226,Gyroscope,0.009162978,0.004886922,-0.04337143,1566947836852
2601,226,Accelerometer,-7.8649526,-1.7776948000000001,5.8801594,1566947836853
2602,226,Gyroscope,-0.002443461,0.007941248,-0.04642576,1566947836862
2603,226,Accelerometer,-7.8972745,-1.8842366999999998,5.8705826,1566947836863
2604,226,Gyroscope,-0.014049901000000002,0.015882496,-0.04276056599999999,1566947836872
2605,226,Accelerometer,-7.846996300000001,-1.9907787000000001,5.8203044,1566947836873
2606,226,Gyroscope,-0.02565634,0.03604105,-0.03848451,1566947836882
2607,226,Accelerometer,-7.739257,-2.0434509999999997,5.7616463,1566947836883
2608,226,Gyroscope,-0.03726278,0.03970624,-0.032375857,1566947836892
2609,226,Accelerometer,-7.6506715,-2.0733786,5.7125654,1566947836893
2610,226,Gyroscope,-0.040927973,0.03481932,-0.034208454,1566947836903
2611,226,Accelerometer,-7.5932107,-2.0614076,5.621585400000001,1566947836903
2612,226,Gyroscope,-0.032986722999999996,0.018325957,-0.044593163,1566947836912
2613,226,Accelerometer,-7.515399,-2.0901381999999997,5.5988407,1566947836913
2614,226,Gyroscope,-0.013439035,0.004886922,-0.06169739,1566947836922
2615,226,Accelerometer,-7.468712299999999,-2.3439236,5.9747305,1566947836923
2616,226,Gyroscope,0.013439035,-0.018325957,-0.07880162,1566947836932
2617,226,Accelerometer,-7.353790299999999,-2.232593,5.5126495,1566947836933
2618,226,Gyroscope,0.04153884,-0.04337143,-0.11911872,1566947836942
2619,226,Accelerometer,-7.48188,-2.3307555,5.513846400000001,1566947836943
2620,226,Gyroscope,0.056199603,-0.061086524,-0.13805555,1566947836953
2621,226,Accelerometer,-7.4268136,-2.4133554,5.518635,1566947836953
2622,226,Gyroscope,0.059253927000000005,-0.06963864,-0.14110987,1566947836962
2623,226,Accelerometer,-7.477092,-2.4229321,5.614403,1566947836963
2624,226,Gyroscope,0.06169739,-0.052534412999999995,-0.13011430000000002,1566947836972
2625,226,Accelerometer,-7.550114999999999,-2.4600422,5.8681884,1566947836973
2626,226,Gyroscope,0.06597344599999999,-0.014660766,-0.106901415,1566947836982
2627,226,Accelerometer,-7.597999000000001,-2.4145525,5.6790465999999995,1566947836983
2628,226,Gyroscope,0.077579886,-0.0018325957999999999,-0.103847094,1566947836992
2629,226,Accelerometer,-7.669825,-2.4552537999999995,5.683835,1566947836993
2630,226,Gyroscope,0.08552113,0.017104227,-0.09407325,1566947837003
2631,226,Accelerometer,-7.825448,-2.4600422,5.66109,1566947837003
2632,226,Gyroscope,0.08735373,0.035430185,-0.070249505,1566947837013
2633,226,Accelerometer,-7.9272017,-2.3235726000000003,5.5341973,1566947837013
2634,226,Gyroscope,0.08063421400000001,0.03359759,-0.043982297000000004,1566947837022
2635,226,Accelerometer,-7.991845,-2.2397757,5.430049400000001,1566947837023
2636,226,Gyroscope,0.06414085,0.023823743999999997,-0.026267206,1566947837032
2637,226,Accelerometer,-8.037335,-2.1906946,5.269638,1566947837033
2638,226,Gyroscope,0.04337143,-0.014660766,-0.029321532999999997,1566947837043
2639,226,Accelerometer,-8.067263,-2.1092918,5.2660465,1566947837043
2640,226,Gyroscope,0.02565634,-0.03726278,-0.02565634,1566947837052
2641,226,Accelerometer,-8.173803999999999,-2.0721814999999997,5.3330839999999995,1566947837053
2642,226,Gyroscope,0.007330383,-0.03726278,-0.023823743999999997,1566947837062
2643,226,Accelerometer,-8.171411,-1.9919758,5.4671597,1566947837063
2644,226,Gyroscope,-0.0012217305,-0.025045475,-0.029932396,1566947837072
2645,226,Accelerometer,-8.198944000000001,-1.9201498,5.6323595,1566947837073
2646,226,Gyroscope,-0.0061086523,0.0012217305,-0.049480084,1566947837083
2647,226,Accelerometer,-8.214506,-1.8650831,5.7065797,1566947837083
2648,226,Gyroscope,-0.014660766,0.01160644,-0.062308256,1566947837092
2649,226,Accelerometer,-8.152257,-1.8698715,5.685032,1566947837093
2650,226,Gyroscope,-0.027488936000000002,0.021380282999999996,-0.073303826,1566947837102
2651,226,Accelerometer,-8.024167,-1.9500773,5.6227827,1566947837103
2652,226,Gyroscope,-0.04337143,0.028710667000000002,-0.08002335,1566947837112
2653,226,Accelerometer,-7.876923599999999,-2.054225,5.6096144,1566947837113
2654,226,Gyroscope,-0.047647487,0.03848451,-0.092240654,1566947837123
2655,226,Accelerometer,-7.7189064,-2.1978772,5.756858,1566947837123
2656,226,Gyroscope,-0.0421497,0.031154128,-0.10140363,1566947837132
2657,226,Accelerometer,-7.7224975,-2.3463178,5.8203044,1566947837133
2658,226,Gyroscope,-0.045814894,0.028099801,-0.09896017,1566947837142
2659,226,Accelerometer,-7.745242599999999,-2.3307555,5.742492700000001,1566947837143
2660,226,Gyroscope,-0.06291912,0.040927973,-0.08246681,1566947837152
2661,226,Accelerometer,-7.562086,-2.2505496,5.6898203,1566947837153
2662,226,Gyroscope,-0.07574729,0.047647487,-0.06963864,1566947837162
2663,226,Accelerometer,-7.3106947,-2.1751322999999996,5.7400985,1566947837163
2664,226,Gyroscope,-0.086132,0.047647487,-0.06047566,1566947837173
2665,226,Accelerometer,-7.0880339999999995,-2.1775265,5.8238955,1566947837173
2666,226,Gyroscope,-0.0842994,0.03970624,-0.054367005999999996,1566947837182
2667,226,Accelerometer,-6.919242999999999,-2.2481554,5.9292407,1566947837183
2668,226,Gyroscope,-0.08552113,0.028710667000000002,-0.047036625,1566947837192
2669,226,Accelerometer,-6.9587474,-2.3247697,5.955577,1566947837193
2670,226,Gyroscope,-0.10079276599999999,0.019547688,-0.035430185,1566947837202
2671,226,Accelerometer,-6.9503675000000005,-2.4169466,5.8669910000000005,1566947837203
2672,226,Gyroscope,-0.11301007,0.028710667000000002,-0.018325957,1566947837212
2673,226,Accelerometer,-6.7923503,-2.5546130000000002,5.943606,1566947837213
2674,226,Gyroscope,-0.1142318,0.053145275,0.004276057,1566947837223
2675,226,Accelerometer,-6.769605,-2.8335377999999998,6.1076083,1566947837223
2676,226,Gyroscope,-0.11545353400000001,0.07574729,0.032986722999999996,1566947837232
2677,226,Accelerometer,-7.005433999999999,-3.0083144,6.0860605,1566947837233
2678,226,Gyroscope,-0.116675265,0.1160644,0.057421334000000004,1566947837242
2679,226,Accelerometer,-6.926425500000001,-3.0909145000000002,6.0704985,1566947837243
2680,226,Gyroscope,-0.10079276599999999,0.15393804,0.08124508,1566947837252
2681,226,Accelerometer,-6.944382000000001,-3.2249897,6.1519012,1566947837253
2682,226,Gyroscope,-0.07147124,0.15088372,0.084910266,1566947837263
2683,226,Accelerometer,-7.267599000000001,-3.2549171,6.179435,1566947837263
2684,226,Gyroscope,-0.06658431,0.15515977,0.07880162,1566947837272
2685,226,Accelerometer,-7.4016747,-3.2118216,6.0884547,1566947837273
2686,226,Gyroscope,-0.08368854,0.1881465,0.09407325,1566947837282
2687,226,Accelerometer,-7.1754226999999995,-3.1268275,5.5976434,1566947837283
2688,226,Gyroscope,-0.1160644,0.20158553,0.12095132,1566947837292
2689,226,Accelerometer,-6.8641763,-3.2309752,5.3594203,1566947837293
2690,226,Gyroscope,-0.14477506,0.18325958,0.13988814,1566947837302
2691,226,Accelerometer,-6.739678,-3.2225955,5.2528787,1566947837303
2692,226,Gyroscope,-0.1386664,0.17043139999999998,0.15454891,1566947837313
2693,226,Accelerometer,-6.658275,-3.3387144,5.1607018,1566947837313
2694,226,Gyroscope,-0.11301007,0.1441642,0.16371189,1566947837322
2695,226,Accelerometer,-6.803124,-3.3602622,4.938041,1566947837323
2696,226,Gyroscope,-0.10140363,0.11301007,0.15149458,1566947837332
2697,226,Accelerometer,-6.9360023,-3.2166099999999997,4.9763484,1566947837333
2698,226,Gyroscope,-0.08002335,0.09101892,0.13072516,1566947837343
2699,226,Accelerometer,-7.100005,-3.1136593999999995,5.0757074,1566947837343
2700,226,Gyroscope,-0.06352998,0.093462385,0.10751228,1566947837352
2701,226,Accelerometer,-7.4064630000000005,-2.9831752999999996,5.1666875,1566947837353
2702,226,Gyroscope,-0.047647487,0.11056661,0.0983493,1566947837362
2703,226,Accelerometer,-7.702147,-2.72939,5.199008999999999,1566947837363
2704,226,Gyroscope,-0.040317107000000005,0.09712757,0.09773844,1566947837372
2705,226,Accelerometer,-8.061277,-2.5570072999999995,5.145139,1566947837373
2706,226,Gyroscope,-0.037873644,0.07086037,0.08796459400000001,1566947837382
2707,226,Accelerometer,-8.158242,-2.3080103,5.2037973,1566947837383
2708,226,Gyroscope,-0.03359759,0.07086037,0.08979719,1566947837393
2709,226,Accelerometer,-8.275558,-1.9907787000000001,5.3558292000000005,1566947837393
2710,226,Gyroscope,-0.032375857,0.07574729,0.09468412,1566947837402
2711,226,Accelerometer,-8.477867999999999,-1.8507179,5.475539,1566947837403
2712,226,Gyroscope,-0.04153884,0.043982297000000004,0.07147124,1566947837412
2713,226,Accelerometer,-8.662222,-1.8986019,5.7089739999999995,1566947837413
2714,226,Gyroscope,-0.05131268,0.013439035,0.03726278,1566947837422
2715,226,Accelerometer,-8.822633,-1.8411411,5.901707,1566947837423
2716,226,Gyroscope,-0.07880162,0.0067195175,0.007941248,1566947837432
2717,226,Accelerometer,-8.816647999999999,-1.6903063999999999,5.9507885,1566947837433
2718,226,Gyroscope,-0.11789699,0.01282817,-0.016493361,1566947837442
2719,226,Accelerometer,-8.470686,-1.7286136000000003,6.0800753,1566947837443
2720,226,Gyroscope,-0.14294247,0.057421334000000004,-0.021991148999999998,1566947837452
2721,226,Accelerometer,-8.2276745,-2.0290859,6.391321700000001,1566947837453
2722,226,Gyroscope,-0.1423316,0.0720821,-0.025045475,1566947837462
2723,226,Accelerometer,-7.6889787,-1.8626889,6.2165446,1566947837463
2724,226,Gyroscope,-0.12217305,0.09407325,-0.045814894,1566947837472
2725,226,Accelerometer,-7.36217,-2.0925324,6.2285156,1566947837473
2726,226,Gyroscope,-0.10567969,0.12095132,-0.04276056599999999,1566947837482
2727,226,Accelerometer,-7.2185183,-2.0602105,6.0740894999999995,1566947837482
2728,226,Gyroscope,-0.10751228,0.14966199,-0.048258353,1566947837493
2729,226,Accelerometer,-7.1227503,-1.8614918000000003,5.969942,1566947837493
2730,226,Gyroscope,-0.11789699,0.19058995,-0.06047566,1566947837502
2731,226,Accelerometer,-7.018602400000001,-1.7286136000000003,6.021417,1566947837503
2732,226,Gyroscope,-0.1282817,0.23884831,-0.06414085,1566947837512
2733,226,Accelerometer,-6.985083599999999,-1.7190368000000003,6.1219735,1566947837513
2734,226,Gyroscope,-0.12156218,0.27488935,-0.058643065,1566947837522
2735,226,Accelerometer,-7.1263413,-1.8435352999999999,6.063316,1566947837523
2736,226,Gyroscope,-0.10567969,0.30298916,-0.039095376,1566947837532
2737,226,Accelerometer,-7.4268136,-1.9333179,5.913678,1566947837533
2738,226,Gyroscope,-0.089186326,0.34636059999999996,0.0036651915999999997,1566947837543
2739,226,Accelerometer,-7.574057000000001,-1.9297266,5.7125654,1566947837543
2740,226,Gyroscope,-0.057421334000000004,0.34330627,0.02565634,1566947837552
2741,226,Accelerometer,-7.705738,-1.9476831000000001,5.386954,1566947837553
2742,226,Gyroscope,-0.03481932,0.31826079999999995,0.03726278,1566947837562
2743,226,Accelerometer,-7.9822683,-1.9931729,5.153519,1566947837563
2744,226,Gyroscope,-0.014660766,0.27855456,0.035430185,1566947837572
2745,226,Accelerometer,-8.1881695,-1.9632453999999997,5.031415,1566947837573
2746,226,Gyroscope,-0.0036651915999999997,0.22540927,0.019547688,1566947837582
2747,226,Accelerometer,-8.335413,-1.8590976000000001,4.9045224,1566947837583
2748,226,Gyroscope,0.0036651915999999997,0.18203785,-0.0018325957999999999,1566947837592
2749,226,Accelerometer,-8.446744,-1.7238252,4.8542438,1566947837593
2750,226,Gyroscope,0.0036651915999999997,0.14905111,-0.02076942,1566947837602
2751,226,Accelerometer,-8.4647,-1.5705963,4.7812209999999995,1566947837603
2752,226,Gyroscope,-0.0018325957999999999,0.11789699,-0.037873644,1566947837612
2753,226,Accelerometer,-8.300697,-1.4065934,4.6782703,1566947837613
2754,226,Gyroscope,-0.0018325957999999999,0.089186326,-0.05375614,1566947837622
2755,226,Accelerometer,-8.01459,-1.2198458,4.698621,1566947837623
2756,226,Gyroscope,0.017104227,0.061086524,-0.06536258,1566947837632
2757,226,Accelerometer,-7.835025,-1.1468226000000001,4.8662148,1566947837633
2758,226,Gyroscope,0.032375857,0.020158553,-0.0720821,1566947837643
2759,226,Accelerometer,-7.846996300000001,-1.0103531,4.9775453,1566947837643
2760,226,Gyroscope,0.04153884,-0.009162978,-0.09040806,1566947837652
2761,226,Accelerometer,-7.7201033,-0.8762778,5.1762643,1566947837653
2762,226,Gyroscope,0.058643065,-0.026267206,-0.118507855,1566947837662
2763,226,Accelerometer,-7.5800424,-0.9672575000000001,5.4384294,1566947837663
2764,226,Gyroscope,0.07941248,-0.032986722999999996,-0.13194689,1566947837672
2765,226,Accelerometer,-7.8422074,-1.3491327,5.641936299999999,1566947837673
2766,226,Gyroscope,0.07147124,-0.012217305,-0.12889257,1566947837682
2767,226,Accelerometer,-7.949947,-1.4520833,5.674258,1566947837683
2768,226,Gyroscope,0.058643065,0.034208454,-0.11728613,1566947837692
2769,226,Accelerometer,-7.8649526,-1.4065934,5.723339,1566947837693
2770,226,Gyroscope,0.058643065,0.05375614,-0.11362094,1566947837702
2771,226,Accelerometer,-7.833828,-1.3706805,5.765238,1566947837703
2772,226,Gyroscope,0.052534412999999995,0.06414085,-0.10629055,1566947837712
2773,226,Accelerometer,-7.8302364,-1.4556746,5.813122,1566947837713
2774,226,Gyroscope,0.048258353,0.0720821,-0.09285152,1566947837722
2775,226,Accelerometer,-7.8757267,-1.5310919,5.803545,1566947837723
2776,226,Gyroscope,0.028099801,0.0720821,-0.07269296,1566947837732
2777,226,Accelerometer,-8.026561000000001,-1.5610195,5.649119000000001,1566947837733
2778,226,Gyroscope,-0.0036651915999999997,0.062308256,-0.04276056599999999,1566947837742
2779,226,Accelerometer,-7.7943234,-1.4915876000000001,5.21936,1566947837743
2780,226,Gyroscope,-0.005497787,0.03726278,-0.047036625,1566947837753
2781,226,Accelerometer,-7.6889787,-1.6531962,5.1223946,1566947837753
2782,226,Gyroscope,0.0030543262,-0.0018325957999999999,-0.03848451,1566947837762
2783,226,Accelerometer,-7.595605,-1.780089,4.983531,1566947837763
2784,226,Gyroscope,0.013439035,-0.04337143,-0.040927973,1566947837772
2785,226,Accelerometer,-7.479486,-1.8686744,4.9919105,1566947837773
2786,226,Gyroscope,0.03176499,-0.1282817,-0.06841691,1566947837782
2787,226,Accelerometer,-7.620744,-1.8638860000000002,5.0577510000000006,1566947837783
2788,226,Gyroscope,0.053145275,-0.19058995,-0.10140363,1566947837792
2789,226,Accelerometer,-7.7667904000000005,-1.7980455000000002,5.261258,1566947837793
2790,226,Gyroscope,0.05681047,-0.21746802,-0.14172074,1566947837803
2791,226,Accelerometer,-7.9343843,-1.6771383000000002,5.2409077,1566947837803
2792,226,Gyroscope,0.048258353,-0.21624629,-0.18509217,1566947837812
2793,226,Accelerometer,-8.018182000000001,-1.7645266,5.189432,1566947837813
2794,226,Gyroscope,0.03970624,-0.22113322,-0.21380283,1566947837822
2795,226,Accelerometer,-8.090008000000001,-1.8902221999999997,5.175066999999999,1566947837823
2796,226,Gyroscope,0.052534412999999995,-0.22418754,-0.23884831,1566947837832
2797,226,Accelerometer,-8.10557,-2.1392192999999997,5.388150700000001,1566947837833
2798,226,Gyroscope,0.07513642,-0.21746802,-0.25167647,1566947837842
2799,226,Accelerometer,-8.159439,-2.291251,5.5509567,1566947837843
2800,226,Gyroscope,0.07941248,-0.21746802,-0.25778514,1566947837853
2801,226,Accelerometer,-8.056489,-2.4025814999999997,5.5940523,1566947837853
2802,226,Gyroscope,0.064751714,-0.19853121,-0.24495697,1566947837862
2803,226,Accelerometer,-7.9272017,-2.6384103,5.7161565,1566947837863
2804,226,Gyroscope,0.03359759,-0.16065755,-0.19792034,1566947837872
2805,226,Accelerometer,-7.839813,-2.7736826,5.645528,1566947837873
2806,226,Gyroscope,0.018325957,-0.17898351,-0.17348573,1566947837882
2807,226,Accelerometer,-7.627927000000001,-2.7389667,5.8933277,1566947837883
2808,226,Gyroscope,0.02687807,-0.14110987,-0.13439035,1566947837892
2809,226,Accelerometer,-7.443573,-2.8658595,5.9890957,1566947837894
2810,226,Gyroscope,0.04642576,-0.10567969,-0.076358154,1566947837903
2811,226,Accelerometer,-7.3346367,-2.9041667,6.027403,1566947837903
2812,226,Gyroscope,0.06536258,-0.08307768,-0.027488936000000002,1566947837912
2813,226,Accelerometer,-7.260416499999999,-2.7940332999999997,6.0381765,1566947837913
2814,226,Gyroscope,0.07696902,-0.06719518,0.007330383,1566947837922
2815,226,Accelerometer,-7.261614,-2.60968,6.0250087,1566947837923
2816,226,Gyroscope,0.07574729,-0.045814894,0.037873644,1566947837932
2817,226,Accelerometer,-7.400477400000001,-2.3965959999999997,5.9507885,1566947837933
2818,226,Gyroscope,0.047036625,-0.030543262,0.061086524,1566947837942
2819,226,Accelerometer,-7.5285673,-2.0901381999999997,5.9890957,1566947837943
2820,226,Gyroscope,0.010995574,-0.0018325957999999999,0.05497787,1566947837953
2821,226,Accelerometer,-7.608772999999999,-1.9081788,6.0369797,1566947837953
2822,226,Gyroscope,-0.02076942,0.031154128,0.028099801,1566947837962
2823,226,Accelerometer,-7.7907324000000004,-1.8459294999999998,5.8969190000000005,1566947837963
2824,226,Gyroscope,-0.04276056599999999,0.064751714,-0.01038471,1566947837972
2825,226,Accelerometer,-7.9272017,-1.8339584999999998,5.60722,1566947837973
2826,226,Gyroscope,-0.06291912,0.070249505,-0.045814894,1566947837982
2827,226,Accelerometer,-8.045714,-1.8447324,5.461174,1566947837983
2828,226,Gyroscope,-0.06658431,0.0842994,-0.07086037,1566947837992
2829,226,Accelerometer,-8.022969999999999,-1.8758569999999999,5.407305,1566947837993
2830,226,Gyroscope,-0.06597344599999999,0.09407325,-0.10629055,1566947838002
2831,226,Accelerometer,-7.905653999999999,-1.9764134999999998,5.33069,1566947838003
2832,226,Gyroscope,-0.045814894,0.07880162,-0.11728613,1566947838013
2833,226,Accelerometer,-7.727286,-2.2146366000000004,5.345055,1566947838013
2834,226,Gyroscope,-0.026267206,0.04520403,-0.10873401,1566947838022
2835,226,Accelerometer,-7.522581599999999,-2.3906104999999997,5.3785739999999995,1566947838023
2836,226,Gyroscope,-0.026267206,0.016493361,-0.10140363,1566947838032
2837,226,Accelerometer,-7.2723875,-2.5905263,5.5521536,1566947838033
2838,226,Gyroscope,0.026267206,-0.017104227,-0.08002335,1566947838042
2839,226,Accelerometer,-7.352593400000001,-2.822764,5.6060233,1566947838043
2840,226,Gyroscope,0.022602014,-0.029932396,-0.03970624,1566947838052
2841,226,Accelerometer,-7.4088573,-2.718616,5.579687,1566947838053
2842,226,Gyroscope,0.022602014,-0.022602014,-0.009162978,1566947838062
2843,226,Accelerometer,-7.2352777,-2.633622,5.748478400000001,1566947838063
2844,226,Gyroscope,0.035430185,-0.023823743999999997,0.0030543262,1566947838073
2845,226,Accelerometer,-7.392098,-2.6372132,5.8059389999999995,1566947838073
2846,226,Gyroscope,0.030543262,-0.010995574,0.02443461,1566947838082
2847,226,Accelerometer,-7.420828299999999,-2.5677812,5.7005944,1566947838083
2848,226,Gyroscope,0.02321288,0.0030543262,0.032986722999999996,1566947838092
2849,226,Accelerometer,-7.250839699999999,-2.3295584,5.6922144999999995,1566947838093
2850,226,Gyroscope,0.03848451,0.014049901000000002,0.028099801,1566947838102
2851,226,Accelerometer,-7.247248599999999,-2.3989902,5.8346696,1566947838103
2852,226,Gyroscope,0.06597344599999999,0.007941248,0.013439035,1566947838112
2853,226,Accelerometer,-7.2101383000000006,-2.3750482,5.93762,1566947838113
2854,226,Gyroscope,0.08124508,-0.0018325957999999999,-0.009162978,1566947838123
2855,226,Accelerometer,-7.2221093,-2.3618799999999998,6.005855,1566947838123
2856,226,Gyroscope,0.08124508,0.005497787,-0.034208454,1566947838132
2857,226,Accelerometer,-7.3442134999999995,-2.4289176,6.059724299999999,1566947838133
2858,226,Gyroscope,0.06963864,0.014049901000000002,-0.058643065,1566947838142
2859,226,Accelerometer,-7.584830800000001,-2.5354595,5.9412117,1566947838143
2860,226,Gyroscope,0.032986722999999996,0.03848451,-0.054367005999999996,1566947838152
2861,226,Accelerometer,-7.633912,-2.56419,5.722142,1566947838153
2862,226,Gyroscope,0.004276057,0.05497787,-0.04520403,1566947838162
2863,226,Accelerometer,-7.5189905,-2.5845408,5.5988407,1566947838163
2864,226,Gyroscope,-0.008552114,0.054367005999999996,-0.032986722999999996,1566947838172
2865,226,Accelerometer,-7.461529700000001,-2.4959552000000005,5.626374,1566947838173
2866,226,Gyroscope,-0.0036651915999999997,0.06414085,-0.034208454,1566947838183
2867,226,Accelerometer,-7.1730285,-2.5007436000000003,5.741296,1566947838183
2868,226,Gyroscope,0.017715093,0.045814894,-0.049480084,1566947838192
2869,226,Accelerometer,-7.2664022,-2.8000187999999997,5.9148755,1566947838193
2870,226,Gyroscope,0.0036651915999999997,0.036651913,-0.047647487,1566947838202
2871,226,Accelerometer,-7.305906299999999,-2.540248,5.8382607,1566947838203
2872,226,Gyroscope,-0.032986722999999996,0.06291912,-0.048258353,1566947838212
2873,226,Accelerometer,-7.177817,-2.658761,5.967548000000001,1566947838213
2874,226,Gyroscope,-0.055588737,0.106901415,-0.05131268,1566947838222
2875,226,Accelerometer,-7.325060000000001,-2.9161377,5.8921304,1566947838224
2876,226,Gyroscope,-0.06597344599999999,0.12950343,-0.05131268,1566947838233
2877,226,Accelerometer,-7.502231,-2.9388826,5.683835,1566947838233
2878,226,Gyroscope,-0.09468412,0.15821409,-0.03848451,1566947838242
2879,226,Accelerometer,-7.376535400000001,-2.9269116000000004,5.6227827,1566947838243
2880,226,Gyroscope,-0.09285152,0.16432275,-0.026267206,1566947838252
2881,226,Accelerometer,-7.372944400000001,-2.9735985,5.705383,1566947838253
2882,226,Gyroscope,-0.06658431,0.14538592,-0.022602014,1566947838262
2883,226,Accelerometer,-7.311891999999999,-3.0609868,5.714959599999999,1566947838263
2884,226,Gyroscope,-0.049480084,0.11484267,-0.018325957,1566947838272
2885,226,Accelerometer,-7.2939353,-3.027468,5.601235,1566947838273
2886,226,Gyroscope,-0.055588737,0.095294975,-0.02076942,1566947838282
2887,226,Accelerometer,-7.301117999999999,-3.0083144,5.565322,1566947838283
2888,226,Gyroscope,-0.059253927000000005,0.07696902,-0.026267206,1566947838293
2889,226,Accelerometer,-7.2951326000000005,-3.0226796,5.612008599999999,1566947838293
2890,226,Gyroscope,-0.06169739,0.07147124,-0.03848451,1566947838302
2891,226,Accelerometer,-7.2963295,-3.0178912,5.6886234,1566947838303
2892,226,Gyroscope,-0.06536258,0.09407325,-0.03970624,1566947838312
2893,226,Accelerometer,-7.395689,-3.040636,5.6431336,1566947838313
2894,226,Gyroscope,-0.06719518,0.119729586,-0.030543262,1566947838322
2895,226,Accelerometer,-7.505822,-3.1052797,5.5162406,1566947838323
2896,226,Gyroscope,-0.07452556,0.12217305,-0.020158553,1566947838332
2897,226,Accelerometer,-7.4723034,-3.13401,5.3737855,1566947838333
2898,226,Gyroscope,-0.081855945,0.13316862,-0.002443461,1566947838342
2899,226,Accelerometer,-7.36217,-3.1411927000000004,5.322310400000001,1566947838342
2900,226,Gyroscope,-0.08124508,0.15210545,0.04642576,1566947838353
2901,226,Accelerometer,-7.4567413,-3.0358477,5.2121773000000005,1566947838353
2902,226,Gyroscope,-0.06536258,0.11362094,0.08246681,1566947838362
2903,226,Accelerometer,-7.232883500000001,-2.9113493,5.4899044,1566947838363
2904,226,Gyroscope,-0.04153884,0.093462385,0.11301007,1566947838372
2905,226,Accelerometer,-7.2149267,-2.6048915,5.6898203,1566947838373
2906,226,Gyroscope,-0.029321532999999997,0.10445796,0.15210545,1566947838382
2907,226,Accelerometer,-7.6231384,-2.1619642000000003,5.529408999999999,1566947838383
2908,226,Gyroscope,-0.034208454,0.09101892,0.15821409,1566947838392
2909,226,Accelerometer,-7.515399,-2.1200657000000005,5.6407394,1566947838393
2910,226,Gyroscope,-0.045814894,0.10567969,0.14355333,1566947838403
2911,226,Accelerometer,-7.5692687,-2.160767,5.664681400000001,1566947838403
2912,226,Gyroscope,-0.059864793,0.11911872,0.12644911,1566947838412
2913,226,Accelerometer,-7.839813,-1.9871874,5.7245364,1566947838413
2914,226,Gyroscope,-0.07574729,0.1282817,0.11911872,1566947838422
2915,226,Accelerometer,-7.751228,-1.7286136000000003,6.0321913,1566947838423
2916,226,Gyroscope,-0.07574729,0.15088372,0.1142318,1566947838432
2917,226,Accelerometer,-7.6746134999999995,-1.590947,6.381745,1566947838433
2918,226,Gyroscope,-0.06414085,0.19547687,0.09040806,1566947838442
2919,226,Accelerometer,-7.796717599999999,-1.6316483999999998,6.4344171999999995,1566947838443
2920,226,Gyroscope,-0.061086524,0.24556783,0.08002335,1566947838452
2921,226,Accelerometer,-7.855376,-1.6531962,6.1507044,1566947838453
2922,226,Gyroscope,-0.077579886,0.27183503,0.07880162,1566947838463
2923,226,Accelerometer,-7.7440453,-1.5634137,5.966350599999999,1566947838463
2924,226,Gyroscope,-0.07880162,0.26939157,0.05009095,1566947838472
2925,226,Accelerometer,-7.7248917,-1.5119383,5.8933277,1566947838473
2926,226,Gyroscope,-0.07452556,0.24312437,0.015882496,1566947838482
2927,226,Accelerometer,-7.896077,-1.4532804,5.7819970000000005,1566947838483
2928,226,Gyroscope,-0.0842994,0.23579398,-0.017104227,1566947838492
2929,226,Accelerometer,-8.021772,-1.5286977,5.638344999999999,1566947838493
2930,226,Gyroscope,-0.09285152,0.22479841,-0.035430185,1566947838502
2931,226,Accelerometer,-7.9571295,-1.532289,5.449203,1566947838503
2932,226,Gyroscope,-0.08735373,0.21624629,-0.03481932,1566947838512
2933,226,Accelerometer,-7.8290396,-1.5358804,5.357026,1566947838513
2934,226,Gyroscope,-0.06597344599999999,0.18875736,-0.02321288,1566947838523
2935,226,Accelerometer,-7.824250999999999,-1.5310919,5.2289367,1566947838523
2936,226,Gyroscope,-0.031154128,0.18509217,-0.016493361,1566947838532
2937,226,Accelerometer,-7.703344,-1.6567876,5.317522,1566947838533
2938,226,Gyroscope,-0.005497787,0.15515977,0.0012217305,1566947838542
2939,226,Accelerometer,-7.8517847000000005,-1.8435352999999999,5.103241000000001,1566947838543
2940,226,Gyroscope,-0.008552114,0.10873401,0.01038471,1566947838552
2941,226,Accelerometer,-7.9786773,-1.8016368000000003,4.948815,1566947838553
2942,226,Gyroscope,-0.015882496,0.096516706,0.022602014,1566947838562
2943,226,Accelerometer,-8.009802,-1.7214310000000002,4.9284644,1566947838563
2944,226,Gyroscope,-0.007330383,0.09407325,0.02687807,1566947838572
2945,226,Accelerometer,-8.033744,-1.8914193,4.9583917,1566947838573
2946,226,Gyroscope,0.009773844,0.06291912,0.02687807,1566947838583
2947,226,Accelerometer,-8.200141,-2.0638018,4.9679685,1566947838583
2948,226,Gyroscope,0.02321288,0.025045475,0.030543262,1566947838592
2949,226,Accelerometer,-8.365341,-1.9823990000000002,4.819528,1566947838593
2950,226,Gyroscope,0.032375857,-0.0018325957999999999,0.036651913,1566947838602
2951,226,Accelerometer,-8.095993,-1.7884687,4.684255599999999,1566947838603
2952,226,Gyroscope,0.047647487,-0.059864793,0.028710667000000002,1566947838612
2953,226,Accelerometer,-7.914034,-1.7621324,4.602853,1566947838613
2954,226,Gyroscope,0.069027774,-0.124005646,-0.005497787,1566947838622
2955,226,Accelerometer,-7.754819400000001,-1.7645266,4.7848120000000005,1566947838623
2956,226,Gyroscope,0.1020145,-0.19120082,-0.029321532999999997,1566947838632
2957,226,Accelerometer,-7.796717599999999,-1.8339584999999998,4.969166,1566947838633
2958,226,Gyroscope,0.13683382,-0.25473082,-0.062308256,1566947838642
2959,226,Accelerometer,-7.848192999999999,-1.7992426,5.076905,1566947838643
2960,226,Gyroscope,0.15271631,-0.28221974,-0.09468412,1566947838652
2961,226,Accelerometer,-7.681796,-1.8614918000000003,5.129576999999999,1566947838653
2962,226,Gyroscope,0.16249016,-0.32925636,-0.13561209,1566947838662
2963,226,Accelerometer,-7.551311999999999,-2.0147207,5.139154,1566947838663
2964,226,Gyroscope,0.18509217,-0.3915646,-0.17470746,1566947838672
2965,226,Accelerometer,-7.5321584,-2.12246,5.354632,1566947838673
2966,226,Gyroscope,0.22479841,-0.44959682,-0.20952678,1566947838682
2967,226,Accelerometer,-7.595605,-2.2577322,5.717354,1566947838683
2968,226,Gyroscope,0.26572640000000003,-0.47342056,-0.24312437,1566947838693
2969,226,Accelerometer,-7.633912,-2.2301989,6.0441623,1566947838693
2970,226,Gyroscope,0.28099802,-0.44104472,-0.27977628,1566947838702
2971,226,Accelerometer,-7.636306299999999,-2.1440077,6.460753400000001,1566947838703
2972,226,Gyroscope,0.26572640000000003,-0.38423425,-0.28160888,1566947838712
2973,226,Accelerometer,-7.717708999999999,-2.111686,6.860584700000001,1566947838713
2974,226,Gyroscope,0.2302962,-0.30848694,-0.24862215,1566947838722
2975,226,Accelerometer,-7.8589673,-2.0817582999999997,7.1131735,1566947838723
2976,226,Gyroscope,0.17715092,-0.21685717,-0.19547687,1566947838732
2977,226,Accelerometer,-7.767987299999999,-2.0925324,7.1634517,1566947838733
2978,226,Gyroscope,0.10262536,-0.09162979,-0.13683382,1566947838742
2979,226,Accelerometer,-7.72968,-2.4277205000000004,7.489063000000001,1566947838743
2980,226,Gyroscope,0.008552114,0.03176499,-0.054367005999999996,1566947838753
2981,226,Accelerometer,-7.437587700000001,-2.2661119,6.600814,1566947838753
2982,226,Gyroscope,-0.04153884,0.10079276599999999,-0.019547688,1566947838762
2983,226,Accelerometer,-7.371747,-2.44448,6.6295447,1566947838763
2984,226,Gyroscope,-0.0842994,0.20280726,0.05497787,1566947838772
2985,226,Accelerometer,-7.265205,-2.4887726000000003,6.3745623,1566947838773
2986,226,Gyroscope,-0.10995574,0.27916542,0.11301007,1566947838782
2987,226,Accelerometer,-7.1047934999999995,-2.420538,6.149507,1566947838783
2988,226,Gyroscope,-0.12705997,0.30848694,0.14538592,1566947838792
2989,226,Accelerometer,-7.260416499999999,-2.2218192,5.90889,1566947838793
2990,226,Gyroscope,-0.14477506,0.3286455,0.14844026,1566947838802
2991,226,Accelerometer,-7.290344,-1.8782511999999998,5.768829,1566947838803
2992,226,Gyroscope,-0.14782938,0.3567453,0.14049901,1566947838813
2993,226,Accelerometer,-7.2975270000000005,-1.8471266,5.73531,1566947838813
2994,226,Gyroscope,-0.12705997,0.36346483,0.12461651,1566947838822
2995,226,Accelerometer,-7.5333557,-1.9225439999999998,5.5126495,1566947838823
2996,226,Gyroscope,-0.11178834,0.32070425,0.0842994,1566947838832
2997,226,Accelerometer,-7.7727756999999995,-1.9883845000000002,5.187037999999999,1566947838833
2998,226,Gyroscope,-0.10323623,0.29260445,0.05375614,1566947838842
2999,226,Accelerometer,-7.8757267,-2.0590134,4.990713599999999,1566947838843
3000,226,Gyroscope,-0.09101892,0.25473082,0.021991148999999998,1566947838852
3001,226,Accelerometer,-7.945158500000001,-2.2349873,4.831499,1566947838853
3002,226,Gyroscope,-0.06169739,0.16920967,-0.021991148999999998,1566947838862
3003,226,Accelerometer,-8.209717999999999,-2.3930047,4.7680526,1566947838863
3004,226,Gyroscope,-0.030543262,0.08124508,-0.059253927000000005,1566947838872
3005,226,Accelerometer,-8.163031,-2.3654714,4.7500963,1566947838873
3006,226,Gyroscope,-0.0036651915999999997,0.023823743999999997,-0.0842994,1566947838882
3007,226,Accelerometer,-7.9487495,-2.4756044999999998,4.802768700000001,1566947838883
3008,226,Gyroscope,0.021991148999999998,-0.054367005999999996,-0.09590584,1566947838892
3009,226,Accelerometer,-7.949947,-2.6623523,4.9164934,1566947838893
3010,226,Gyroscope,0.040317107000000005,-0.1142318,-0.092240654,1566947838902
3011,226,Accelerometer,-7.682993400000001,-2.5965118,5.117605999999999,1566947838903
3012,226,Gyroscope,0.061086524,-0.15577064,-0.08857546,1566947838912
3013,226,Accelerometer,-7.568071400000001,-2.6611552000000005,5.4504004,1566947838913
3014,226,Gyroscope,0.10018189999999999,-0.19608775,-0.08002335,1566947838923
3015,226,Accelerometer,-7.636306299999999,-2.7952304,5.6886234,1566947838923
3016,226,Gyroscope,0.10751228,-0.18142697,-0.047036625,1566947838933
3017,226,Accelerometer,-7.273585000000001,-2.6898855999999998,5.719748,1566947838933
3018,226,Gyroscope,0.116675265,-0.16065755,-0.031154128,1566947838942
3019,226,Accelerometer,-7.2065472999999995,-2.6491842,5.997475,1566947838943
3020,226,Gyroscope,0.124005646,-0.11911872,-0.007330383,1566947838952
3021,226,Accelerometer,-7.260416499999999,-2.5629928,6.137536,1566947838953
3022,226,Gyroscope,0.10934488,-0.07269296,0.015882496,1566947838962
3023,226,Accelerometer,-7.2460512999999995,-2.5103204,6.059724299999999,1566947838963
3024,226,Gyroscope,0.08368854,-0.02565634,0.029321532999999997,1566947838972
3025,226,Accelerometer,-7.2113357,-2.4253263,5.9986725,1566947838973
3026,226,Gyroscope,0.058643065,0.009162978,0.028710667000000002,1566947838982
3027,226,Accelerometer,-7.157466,-2.4528596,6.041768,1566947838983
3028,226,Gyroscope,0.03970624,0.025045475,0.02076942,1566947838992
3029,226,Accelerometer,-7.345411,-2.4432828,5.997475,1566947838993
3030,226,Gyroscope,0.018325957,0.050701816,0.010995574,1566947839002
3031,226,Accelerometer,-7.299921,-2.3618799999999998,6.007052,1566947839003
3032,226,Gyroscope,0.009162978,0.07147124,-0.009162978,1566947839012
3033,226,Accelerometer,-7.368156,-2.4013843999999995,6.078878,1566947839013
3034,226,Gyroscope,0.0030543262,0.070249505,-0.029321532999999997,1566947839022
3035,226,Accelerometer,-7.6351094,-2.3989902,6.0800753,1566947839023
3036,226,Gyroscope,-0.02076942,0.089186326,-0.039095376,1566947839032
3037,226,Accelerometer,-7.45315,-2.4001873,6.0130377,1566947839033
3038,226,Gyroscope,-0.03970624,0.08552113,-0.05009095,1566947839042
3039,226,Accelerometer,-7.381324,-2.4241292000000003,5.9687448,1566947839043
3040,226,Gyroscope,-0.05009095,0.09468412,-0.050701816,1566947839052
3041,226,Accelerometer,-7.384915400000001,-2.542642,6.0465565,1566947839053
3042,226,Gyroscope,-0.06780604,0.10812314599999999,-0.036651913,1566947839062
3043,226,Accelerometer,-7.2975270000000005,-2.6396074,6.066907,1566947839063
3044,226,Gyroscope,-0.086132,0.096516706,-0.03176499,1566947839072
3045,226,Accelerometer,-7.328651400000001,-2.706645,6.048950700000001,1566947839073
3046,226,Gyroscope,-0.105068825,0.116675265,-0.015271631,1566947839082
3047,226,Accelerometer,-7.338228,-2.6874914,6.007052,1566947839083
3048,226,Gyroscope,-0.11362094,0.15332718,-0.0036651915999999997,1566947839092
3049,226,Accelerometer,-7.131129700000001,-2.682703,6.0285997,1566947839093
3050,226,Gyroscope,-0.105068825,0.15577064,-0.01282817,1566947839102
3051,226,Accelerometer,-7.252037,-2.9089549999999997,6.066907,1566947839103
3052,226,Gyroscope,-0.106901415,0.16920967,-0.010995574,1566947839112
3053,226,Accelerometer,-7.5046253,-3.0573955,5.943606,1566947839113
3054,226,Gyroscope,-0.13255776,0.19120082,-0.004276057,1566947839122
3055,226,Accelerometer,-7.329848299999999,-2.8395232999999998,5.4970870000000005,1566947839123
3056,226,Gyroscope,-0.14782938,0.19853121,-0.0067195175,1566947839132
3057,226,Accelerometer,-7.1969705,-2.9101522,5.391742,1566947839133
3058,226,Gyroscope,-0.14538592,0.18570304,-0.019547688,1566947839143
3059,226,Accelerometer,-7.1395097000000005,-3.1399956,5.3079453,1566947839143
3060,226,Gyroscope,-0.12705997,0.14905111,-0.020158553,1566947839152
3061,226,Accelerometer,-7.189788,-3.1723173,5.1966147000000005,1566947839153
3062,226,Gyroscope,-0.10629055,0.09468412,-0.015882496,1566947839163
3063,226,Accelerometer,-7.028179,-3.0585926,5.1200004,1566947839163
3064,226,Gyroscope,-0.09407325,0.07513642,-0.018936822,1566947839172
3065,226,Accelerometer,-6.9623384,-3.0789435000000003,5.2648497,1566947839173
3066,226,Gyroscope,-0.06352998,0.059864793,-0.022602014,1566947839183
3067,226,Accelerometer,-7.2209125,-3.2357635,5.3737855,1566947839183
3068,226,Gyroscope,-0.052534412999999995,0.039095376,-0.013439035,1566947839192
3069,226,Accelerometer,-7.329848299999999,-3.1256304,5.4049106,1566947839193
3070,226,Gyroscope,-0.049480084,0.028099801,-0.0036651915999999997,1566947839203
3071,226,Accelerometer,-7.559692,-3.064578,5.4779334,1566947839203
3072,226,Gyroscope,-0.045814894,0.0061086523,0.020158553,1566947839212
3073,226,Accelerometer,-8.01459,-3.0969,5.4539914000000005,1566947839213
3074,226,Gyroscope,-0.052534412999999995,-0.021991148999999998,0.06169739,1566947839222
3075,226,Accelerometer,-7.874529400000001,-2.8095956,5.42167,1566947839223
3076,226,Gyroscope,-0.06536258,-0.021991148999999998,0.10567969,1566947839232
3077,226,Accelerometer,-7.328651400000001,-2.4756044999999998,5.600037599999999,1566947839233
3078,226,Gyroscope,-0.04642576,0.027488936000000002,0.14782938,1566947839243
3079,226,Accelerometer,-7.3825210000000006,-2.4911668,5.7784057,1566947839243
3080,226,Gyroscope,-0.028710667000000002,0.05009095,0.16249016,1566947839252
3081,226,Accelerometer,-7.5644803,-2.4133554,5.7161565,1566947839253
3082,226,Gyroscope,-0.04276056599999999,0.07819075,0.15882497,1566947839263
3083,226,Accelerometer,-7.636306299999999,-2.0422540000000002,5.639542,1566947839263
3084,226,Gyroscope,-0.06597344599999999,0.10323623,0.1337795,1566947839272
3085,226,Accelerometer,-7.9487495,-1.8088194,5.5641245999999995,1566947839273
3086,226,Gyroscope,-0.08857546,0.10018189999999999,0.095294975,1566947839283
3087,226,Accelerometer,-7.891288799999999,-1.7070657999999999,5.6467247,1566947839283
3088,226,Gyroscope,-0.09468412,0.08124508,0.037873644,1566947839292
3089,226,Accelerometer,-7.937975999999999,-1.8279729999999998,5.872977,1566947839292
3090,226,Gyroscope,-0.08552113,0.070249505,-0.015271631,1566947839302
3091,226,Accelerometer,-8.033744,-1.8255788,5.966350599999999,1566947839303
3092,226,Gyroscope,-0.089186326,0.08979719,-0.040927973,1566947839312
3093,226,Accelerometer,-7.714117999999999,-1.7812861,6.117185,1566947839313
3094,226,Gyroscope,-0.08063421400000001,0.11789699,-0.048258353,1566947839322
3095,226,Accelerometer,-7.69257,-1.9979613,6.269217,1566947839323
3096,226,Gyroscope,-0.064751714,0.12705997,-0.039095376,1566947839332
3097,226,Accelerometer,-7.7428484,-2.0171148999999997,6.25964,1566947839333
3098,226,Gyroscope,-0.08063421400000001,0.15149458,-0.009162978,1566947839342
3099,226,Accelerometer,-7.529764,-1.9560628,6.078878,1566947839343
3100,226,Gyroscope,-0.11056661,0.19242255,0.02687807,1566947839353
3101,226,Accelerometer,-7.407660000000001,-1.9991584,5.90889,1566947839353
3102,226,Gyroscope,-0.1337795,0.21868975,0.06291912,1566947839362
3103,226,Accelerometer,-7.356185000000001,-2.087744,5.829880999999999,1566947839363
3104,226,Gyroscope,-0.13561209,0.22785273,0.08979719,1566947839373
3105,226,Accelerometer,-7.4351935,-2.1392192999999997,5.7700260000000005,1566947839373
3106,226,Gyroscope,-0.12095132,0.21319197,0.106901415,1566947839382
3107,226,Accelerometer,-7.6171527,-2.0829554,5.650316,1566947839383
3108,226,Gyroscope,-0.09590584,0.22357668,0.119729586,1566947839393
3109,226,Accelerometer,-7.660248299999999,-1.8136078000000002,5.4288526,1566947839393
3110,226,Gyroscope,-0.06963864,0.20708331,0.10934488,1566947839402
3111,226,Accelerometer,-7.584830800000001,-1.6400281000000003,5.2875943,1566947839403
3112,226,Gyroscope,-0.035430185,0.16798794,0.08796459400000001,1566947839412
3113,226,Accelerometer,-7.6003933,-1.5801731,5.175066999999999,1566947839413
3114,226,Gyroscope,-0.0061086523,0.12767084,0.053145275,1566947839422
3115,226,Accelerometer,-7.568071400000001,-1.5873556999999998,5.078101599999999,1566947839423
3116,226,Gyroscope,0.01160644,0.081855945,0.007941248,1566947839432
3117,226,Accelerometer,-7.72968,-1.733402,4.985925,1566947839433
3118,226,Gyroscope,0.017104227,0.02565634,-0.028099801,1566947839442
3119,226,Accelerometer,-7.963114699999999,-1.8040310000000002,4.8147397000000005,1566947839443
3120,226,Gyroscope,0.014660766,-0.023823743999999997,-0.06352998,1566947839453
3121,226,Accelerometer,-7.9750857,-1.8830396,4.644751,1566947839453
3122,226,Gyroscope,0.028099801,-0.09101892,-0.09896017,1566947839462
3123,226,Accelerometer,-7.9475527,-2.018312,4.5753193,1566947839463
3124,226,Gyroscope,0.069027774,-0.15027285,-0.13194689,1566947839472
3125,226,Accelerometer,-7.8996687,-2.3535004,4.672284599999999,1566947839473
3126,226,Gyroscope,0.11056661,-0.23396139,-0.15699236,1566947839483
3127,226,Accelerometer,-8.043321,-2.5498247000000003,4.6160207,1566947839483
3128,226,Gyroscope,0.15393804,-0.32498032,-0.18509217,1566947839492
3129,226,Accelerometer,-7.928399000000001,-2.5558102000000003,4.758476,1566947839493
3130,226,Gyroscope,0.18997909,-0.38606682,-0.19486602,1566947839502
3131,226,Accelerometer,-8.0684595,-2.621651,4.871003,1566947839503
3132,226,Gyroscope,0.20891592,-0.43615779999999993,-0.20708331,1566947839512
3133,226,Accelerometer,-7.9008656,-2.541445,5.1355624,1566947839513
3134,226,Gyroscope,0.21135938,-0.46914452,-0.20769419,1566947839522
3135,226,Accelerometer,-7.955932000000001,-2.4157495,5.374983,1566947839523
3136,226,Gyroscope,0.20830505,-0.4538729,-0.20463985,1566947839532
3137,226,Accelerometer,-7.8170686,-2.3020248,5.8562174,1566947839533
3138,226,Gyroscope,0.19181168,-0.41538838,-0.18997909,1566947839542
3139,226,Accelerometer,-7.752425,-2.2218192,6.2632318,1566947839543
3140,226,Gyroscope,0.16371189,-0.36041048,-0.17470746,1566947839552
3141,226,Accelerometer,-7.682993400000001,-2.1559787,6.5984197,1566947839553
3142,226,Gyroscope,0.118507855,-0.28099802,-0.1441642,1566947839562
3143,226,Accelerometer,-7.562086,-2.1212628,6.823475,1566947839563
3144,226,Gyroscope,0.06658431,-0.17837265,-0.0983493,1566947839572
3145,226,Accelerometer,-7.351396,-2.0913353,6.9731125999999986,1566947839573
3146,226,Gyroscope,0.02321288,-0.073303826,-0.04886922,1566947839582
3147,226,Accelerometer,-7.108384599999999,-2.0853498,7.165846000000001,1566947839583
3148,226,Gyroscope,-0.002443461,0.01282817,-0.015271631,1566947839592
3149,226,Accelerometer,-6.622362,-2.1918917,7.120356,1566947839593
3150,226,Gyroscope,-0.016493361,0.095294975,0.020158553,1566947839602
3151,226,Accelerometer,-6.6510925,-2.1583729,7.041347,1566947839603
3152,226,Gyroscope,-0.029932396,0.18692477,0.05375614,1566947839612
3153,226,Accelerometer,-6.827066,-2.123657,6.7923503,1566947839613
3154,226,Gyroscope,-0.045814894,0.26267207,0.099571034,1566947839622
3155,226,Accelerometer,-7.089231,-2.0458453000000003,6.4966664000000005,1566947839623
3156,226,Gyroscope,-0.077579886,0.34391713,0.119729586,1566947839633
3157,226,Accelerometer,-7.243657000000001,-2.0087352,6.2093620000000005,1566947839633
3158,226,Gyroscope,-0.10018189999999999,0.38362336,0.13072516,1566947839642
3159,226,Accelerometer,-7.479486,-2.0494366000000004,5.8634,1566947839643
3160,226,Gyroscope,-0.11728613,0.42027529999999996,0.1337795,1566947839652
3161,226,Accelerometer,-7.666233999999999,-2.0805612,5.588066599999999,1566947839653
3162,226,Gyroscope,-0.12644911,0.42455134,0.11789699,1566947839662
3163,226,Accelerometer,-7.9188222999999995,-2.0254946,5.357026,1566947839663
3164,226,Gyroscope,-0.11484267,0.39095375,0.07269296,1566947839672
3165,226,Accelerometer,-8.090008000000001,-2.019509,5.1690817000000004,1566947839673
3166,226,Gyroscope,-0.08857546,0.36102137,0.027488936000000002,1566947839682
3167,226,Accelerometer,-8.322245,-2.2457612,4.8781857,1566947839683
3168,226,Gyroscope,-0.07452556,0.2968805,-0.007941248,1566947839692
3169,226,Accelerometer,-8.26239,-2.1691467999999996,4.6267949999999995,1566947839693
3170,226,Gyroscope,-0.05131268,0.21135938,-0.053145275,1566947839702
3171,226,Accelerometer,-8.154651,-2.2146366000000004,4.6902413,1566947839703
3172,226,Gyroscope,-0.05131268,0.11178834,-0.09040806,1566947839712
3173,226,Accelerometer,-8.309077,-2.2637177000000004,4.721366000000001,1566947839713
3174,226,Gyroscope,0.03481932,0.031154128,-0.119729586,1566947839722
3175,226,Accelerometer,-8.158242,-2.4133554,4.801571400000001,1566947839723
3176,226,Gyroscope,0.058643065,-0.044593163,-0.1337795,1566947839733
3177,226,Accelerometer,-8.178593,-2.4241292000000003,4.9105077,1566947839733
3178,226,Gyroscope,0.070249505,-0.09407325,-0.14782938,1566947839742
3179,226,Accelerometer,-8.0684595,-2.4720132,5.142745,1566947839743
3180,226,Gyroscope,0.06291912,-0.1160644,-0.14905111,1566947839752
3181,226,Accelerometer,-7.955932000000001,-2.5510217999999996,5.209783,1566947839753
3182,226,Gyroscope,0.045814894,-0.124005646,-0.13500121,1566947839762
3183,226,Accelerometer,-7.850587400000001,-2.4827871,5.2863975,1566947839764
3184,226,Gyroscope,0.029932396,-0.11178834,-0.1160644,1566947839773
3185,226,Accelerometer,-7.563283,-2.4169466,5.521029,1566947839773
3186,226,Gyroscope,0.037873644,-0.0842994,-0.10140363,1566947839782
3187,226,Accelerometer,-7.4184339999999995,-2.5510217999999996,5.829880999999999,1566947839783
3188,226,Gyroscope,0.059864793,-0.06963864,-0.09285152,1566947839792
3189,226,Accelerometer,-7.477092,-2.5713725,5.8789620000000005,1566947839793
3190,226,Gyroscope,0.06169739,-0.040927973,-0.089186326,1566947839803
3191,226,Accelerometer,-7.407660000000001,-2.4875755,5.851429,1566947839803
3192,226,Gyroscope,0.05009095,-0.004886922,-0.08368854,1566947839812
3193,226,Accelerometer,-7.511808,-2.469619,5.7365074,1566947839813
3194,226,Gyroscope,0.03604105,-0.01038471,-0.077579886,1566947839822
3195,226,Accelerometer,-7.451953,-2.433706,5.7089739999999995,1566947839823
3196,226,Gyroscope,0.02443461,-0.002443461,-0.07880162,1566947839832
3197,226,Accelerometer,-7.133524,-2.5929205,5.919664,1566947839833
3198,226,Gyroscope,0.028099801,-0.028099801,-0.08552113,1566947839842
3199,226,Accelerometer,-7.369353,-2.6491842,5.9507885,1566947839843
3200,226,Gyroscope,0.007330383,-0.01282817,-0.073303826,1566947839852
3201,226,Accelerometer,-7.3490020000000005,-2.5809495,5.913678,1566947839853
3202,226,Gyroscope,-0.016493361,0.014660766,-0.057421334000000004,1566947839863
3203,226,Accelerometer,-7.086836999999999,-2.4361002,5.8801594,1566947839863
3204,226,Gyroscope,-0.019547688,0.004276057,-0.055588737,1566947839872
3205,226,Accelerometer,-6.9587474,-2.4528596,6.009446,1566947839873
3206,226,Gyroscope,-0.016493361,0.009162978,-0.05681047,1566947839882
3207,226,Accelerometer,-6.829460000000001,-2.5689783,6.2249246,1566947839883
3208,226,Gyroscope,-0.017715093,0.032375857,-0.05131268,1566947839892
3209,226,Accelerometer,-6.894104,-2.682703,6.256049,1566947839893
3210,226,Gyroscope,-0.0421497,0.05375614,-0.03848451,1566947839902
3211,226,Accelerometer,-6.900089299999999,-2.7341783,6.184223,1566947839903
3212,226,Gyroscope,-0.06414085,0.096516706,-0.02565634,1566947839912
3213,226,Accelerometer,-6.7863646,-2.7162217999999996,6.2009826,1566947839913
3214,226,Gyroscope,-0.06291912,0.12522738,-0.015882496,1566947839922
3215,226,Accelerometer,-6.9120603,-2.8275523,6.2345014,1566947839923
3216,226,Gyroscope,-0.06536258,0.15515977,-0.004276057,1566947839932
3217,226,Accelerometer,-7.071274799999999,-2.9520507,6.113594,1566947839933
3218,226,Gyroscope,-0.08307768,0.16982053,0.018936822,1566947839942
3219,226,Accelerometer,-7.1179619999999995,-2.9759927000000004,5.804742,1566947839943
3220,226,Gyroscope,-0.09101892,0.16004670000000001,0.030543262,1566947839952
3221,226,Accelerometer,-6.9252286,-3.0071173,5.6946087,1566947839953
3222,226,Gyroscope,-0.07941248,0.14172074,0.035430185,1566947839963
3223,226,Accelerometer,-6.7791820000000005,-3.1543607999999996,5.6802435,1566947839963
3224,226,Gyroscope,-0.05681047,0.12767084,0.034208454,1566947839972
3225,226,Accelerometer,-6.793547,-3.2429460999999997,5.66109,1566947839973
3226,226,Gyroscope,-0.03604105,0.11728613,0.02687807,1566947839982
3227,226,Accelerometer,-6.943185000000001,-3.2752678,5.7041855,1566947839983
3228,226,Gyroscope,-0.039095376,0.10629055,0.026267206,1566947839992
3229,226,Accelerometer,-7.223306699999999,-3.1806970000000003,5.595249,1566947839993
3230,226,Gyroscope,-0.052534412999999995,0.10323623,0.017715093,1566947840002
3231,226,Accelerometer,-7.3106947,-3.083732,5.4539914000000005,1566947840003
3232,226,Gyroscope,-0.06047566,0.09101892,0.030543262,1566947840012
3233,226,Accelerometer,-7.374141000000001,-3.0083144,5.5222263,1566947840013
3234,226,Gyroscope,-0.06169739,0.07941248,0.051923547,1566947840022
3235,226,Accelerometer,-7.350199000000001,-3.0083144,5.5222263,1566947840023
3236,226,Gyroscope,-0.057421334000000004,0.051923547,0.06963864,1566947840032
3237,226,Accelerometer,-7.3549875999999985,-2.8658595,5.5365915,1566947840033
3238,226,Gyroscope,-0.05375614,0.02565634,0.08796459400000001,1566947840042
3239,226,Accelerometer,-7.2807674,-2.3989902,5.633556400000001,1566947840043
3240,226,Gyroscope,-0.064751714,0.018936822,0.089186326,1566947840052
3241,226,Accelerometer,-7.437587700000001,-2.148796,5.7784057,1566947840053
3242,226,Gyroscope,-0.073303826,0.02321288,0.07941248,1566947840062
3243,226,Accelerometer,-7.668628,-1.8148049,5.807136,1566947840063
3244,226,Gyroscope,-0.089186326,0.03970624,0.061086524,1566947840072
3245,226,Accelerometer,-7.681796,-1.5514427,5.8059389999999995,1566947840073
3246,226,Gyroscope,-0.12095132,0.08735373,0.04337143,1566947840082
3247,226,Accelerometer,-7.782352400000001,-1.5574282,5.816713,1566947840083
3248,226,Gyroscope,-0.12889257,0.09285152,0.010995574,1566947840093
3249,226,Accelerometer,-7.9391727,-1.7729063000000003,5.8238955,1566947840093
3250,226,Gyroscope,-0.12889257,0.081855945,-0.02687807,1566947840102
3251,226,Accelerometer,-8.103176,-1.9440918000000003,5.78918,1566947840103
3252,226,Gyroscope,-0.13439035,0.0720821,-0.049480084,1566947840112
3253,226,Accelerometer,-8.212111,-2.0530279,5.8454432,1566947840113
3254,226,Gyroscope,-0.14477506,0.07819075,-0.056199603,1566947840122
3255,226,Accelerometer,-8.292317,-2.2062569,5.8083334,1566947840123
3256,226,Gyroscope,-0.16554448,0.09101892,-0.034208454,1566947840132
3257,226,Accelerometer,-8.192958,-2.2469582999999997,5.6910176,1566947840133
3258,226,Gyroscope,-0.1966986,0.12156218,0.0030543262,1566947840142
3259,226,Accelerometer,-7.8410106,-2.2397757,5.6060233,1566947840143
3260,226,Gyroscope,-0.21258110000000002,0.14172074,0.047036625,1566947840152
3261,226,Accelerometer,-7.612364299999999,-2.3116016,5.544971,1566947840153
3262,226,Gyroscope,-0.20586158,0.14477506,0.093462385,1566947840162
3263,226,Accelerometer,-7.419631,-2.2936451,5.5282116,1566947840163
3264,226,Gyroscope,-0.18692477,0.14844026,0.13011430000000002,1566947840172
3265,226,Accelerometer,-7.3549875999999985,-2.2074540000000002,5.556941999999999,1566947840173
3266,226,Gyroscope,-0.16126843,0.15515977,0.14844026,1566947840183
3267,226,Accelerometer,-7.468712299999999,-2.1033063,5.5461683,1566947840183
3268,226,Gyroscope,-0.14721853,0.1563815,0.14110987,1566947840192
3269,226,Accelerometer,-7.5800424,-1.9536686,5.3941364,1566947840193
3270,226,Gyroscope,-0.14660765,0.15088372,0.12950343,1566947840202
3271,226,Accelerometer,-7.779958199999999,-1.7693150000000002,5.183447,1566947840203
3272,226,Gyroscope,-0.1423316,0.14049901,0.112399206,1566947840212
3273,226,Accelerometer,-7.86615,-1.5370774999999999,5.1571107000000005,1566947840213
3274,226,Gyroscope,-0.11728613,0.124005646,0.08735373,1566947840223
3275,226,Accelerometer,-7.963114699999999,-1.5825673,5.2145715,1566947840223
3276,226,Gyroscope,-0.064751714,0.089186326,0.057421334000000004,1566947840232
3277,226,Accelerometer,-8.167819,-1.6124948000000001,5.2002063,1566947840233
3278,226,Gyroscope,-0.034208454,0.04886922,0.03481932,1566947840242
3279,226,Accelerometer,-8.085219,-1.5466543,5.116409,1566947840243
3280,226,Gyroscope,-0.014660766,0.029932396,0.014660766,1566947840253
3281,226,Accelerometer,-8.085219,-1.5849615,5.007473,1566947840253
3282,226,Gyroscope,-0.0018325957999999999,-0.0061086523,-0.012217305,1566947840262
3283,226,Accelerometer,-8.084022000000001,-1.8088194,5.020641,1566947840263
3284,226,Gyroscope,0.00061086525,-0.044593163,-0.027488936000000002,1566947840272
3285,226,Accelerometer,-7.9427642999999994,-2.0302830000000003,4.961983,1566947840273
3286,226,Gyroscope,0.0030543262,-0.096516706,-0.03604105,1566947840283
3287,226,Accelerometer,-7.9188222999999995,-2.1380222,5.023035,1566947840283
3288,226,Gyroscope,0.01038471,-0.13683382,-0.034208454,1566947840292
3289,226,Accelerometer,-7.860164,-2.171541,5.0816930000000005,1566947840293
3290,226,Gyroscope,0.026267206,-0.16798794,-0.032986722999999996,1566947840302
3291,226,Accelerometer,-7.69257,-2.1894975,5.1882353,1566947840303
3292,226,Gyroscope,0.07391469,-0.19792034,-0.043982297000000004,1566947840312
3293,226,Accelerometer,-7.6470804,-2.2433669999999997,5.347449299999999,1566947840313
3294,226,Gyroscope,0.10323623,-0.21624629,-0.061086524,1566947840322
3295,226,Accelerometer,-7.643489,-2.2780828,5.418078400000001,1566947840323
3296,226,Gyroscope,0.118507855,-0.22479841,-0.08368854,1566947840332
3297,226,Accelerometer,-7.5800424,-2.3690627,5.4791307,1566947840333
3298,226,Gyroscope,0.1337795,-0.23945917,-0.10812314599999999,1566947840342
3299,226,Accelerometer,-7.548918,-2.3942018,5.5605335,1566947840343
3300,226,Gyroscope,0.15149458,-0.2443461,-0.13622294,1566947840353
3301,226,Accelerometer,-7.620744,-2.5354595,5.674258,1566947840353
3302,226,Gyroscope,0.15943582,-0.2510656,-0.15454891,1566947840362
3303,226,Accelerometer,-7.819463000000001,-2.5582043999999997,5.74369,1566947840363
3304,226,Gyroscope,0.16310102,-0.24495697,-0.17043139999999998,1566947840372
3305,226,Accelerometer,-7.9463553,-2.585738,5.9005103,1566947840373
3306,226,Gyroscope,0.15149458,-0.24007004,-0.16737708,1566947840383
3307,226,Accelerometer,-8.09719,-2.4253263,5.8849480000000005,1566947840383
3308,226,Gyroscope,0.12156218,-0.20830505,-0.1563815,1566947840392
3309,226,Accelerometer,-7.8865004,-2.2110453,5.9998693,1566947840393
3310,226,Gyroscope,0.08796459400000001,-0.18325958,-0.1441642,1566947840402
3311,226,Accelerometer,-7.738060000000001,-2.1296425,6.131551,1566947840403
3312,226,Gyroscope,0.047036625,-0.15515977,-0.13133603,1566947840412
3313,226,Accelerometer,-7.6853875999999985,-2.0781669999999997,6.167464,1566947840413
3314,226,Gyroscope,-0.008552114,-0.13622294,-0.11911872,1566947840422
3315,226,Accelerometer,-7.644686,-2.0649989,6.1686606,1566947840423
3316,226,Gyroscope,-0.05681047,-0.08674286,-0.1020145,1566947840432
3317,226,Accelerometer,-7.6111674,-2.1152773,6.220136,1566947840433
3318,226,Gyroscope,-0.09590584,-0.047647487,-0.07391469,1566947840442
3319,226,Accelerometer,-7.405266,-2.2529437999999997,6.220136,1566947840443
3320,226,Gyroscope,-0.12644911,-0.013439035,-0.036651913,1566947840453
3321,226,Accelerometer,-7.366958599999999,-2.3786395000000002,6.1363389999999995,1566947840453
3322,226,Gyroscope,-0.15271631,0.02321288,0.0030543262,1566947840462
3323,226,Accelerometer,-7.260416499999999,-2.3379380000000003,6.0645127,1566947840463
3324,226,Gyroscope,-0.16249016,0.058643065,0.031154128,1566947840472
3325,226,Accelerometer,-7.061698,-2.2529437999999997,6.113594,1566947840473
3326,226,Gyroscope,-0.14844026,0.07880162,0.045814894,1566947840483
3327,226,Accelerometer,-7.1706343,-2.3690627,6.1507044,1566947840483
3328,226,Gyroscope,-0.15454891,0.10445796,0.06047566,1566947840492
3329,226,Accelerometer,-7.216124000000001,-2.2433669999999997,5.967548000000001,1566947840493
3330,226,Gyroscope,-0.16798794,0.12950343,0.06963864,1566947840502
3331,226,Accelerometer,-6.9515649999999996,-2.1320367,6.1363389999999995,1566947840503
3332,226,Gyroscope,-0.15882497,0.1386664,0.06597344599999999,1566947840512
3333,226,Accelerometer,-7.1610575,-2.1416135,6.167464,1566947840513
3334,226,Gyroscope,-0.14355333,0.15088372,0.057421334000000004,1566947840522
3335,226,Accelerometer,-7.098808,-2.2337902,6.0010667,1566947840523
3336,226,Gyroscope,-0.14294247,0.17531833,0.048258353,1566947840532
3337,226,Accelerometer,-7.240066000000001,-2.280477,5.8322754,1566947840534
3338,226,Gyroscope,-0.14049901,0.16676621,0.0421497,1566947840542
3339,226,Accelerometer,-7.2831616,-2.3786395000000002,5.738901599999999,1566947840543
3340,226,Gyroscope,-0.13194689,0.17348573,0.043982297000000004,1566947840552
3341,226,Accelerometer,-7.2759789999999995,-2.4265234,5.681441,1566947840553
3342,226,Gyroscope,-0.11301007,0.15699236,0.04642576,1566947840562
3343,226,Accelerometer,-7.3322425,-2.610877,5.657499,1566947840563
3344,226,Gyroscope,-0.09712757,0.1282817,0.049480084,1566947840573
3345,226,Accelerometer,-7.338228,-2.706645,5.6156,1566947840573
3346,226,Gyroscope,-0.08246681,0.10140363,0.0421497,1566947840582
3347,226,Accelerometer,-7.350199000000001,-2.8179752999999996,5.592855,1566947840583
3348,226,Gyroscope,-0.07147124,0.08552113,0.03970624,1566947840592
3349,226,Accelerometer,-7.3885064,-2.8419175,5.566519,1566947840593
3350,226,Gyroscope,-0.06841691,0.077579886,0.04337143,1566947840602
3351,226,Accelerometer,-7.252037,-2.7928362,5.5246205,1566947840603
3352,226,Gyroscope,-0.058643065,0.06169739,0.048258353,1566947840612
3353,226,Accelerometer,-7.3334399999999995,-2.8107927000000004,5.5748987,1566947840613
3354,226,Gyroscope,-0.048258353,0.04642576,0.050701816,1566947840622
3355,226,Accelerometer,-7.325060000000001,-2.7641058,5.5856724,1566947840623
3356,226,Gyroscope,-0.040927973,0.062308256,0.053145275,1566947840632
3357,226,Accelerometer,-7.271190600000001,-2.823961,5.6323595,1566947840633
3358,226,Gyroscope,-0.026267206,0.07269296,0.048258353,1566947840642
3359,226,Accelerometer,-7.5321584,-3.0502129,5.6431336,1566947840643
3360,226,Gyroscope,-0.0061086523,0.070249505,0.047647487,1566947840652
3361,226,Accelerometer,-7.69257,-3.0885203,5.7161565,1566947840653
3362,226,Gyroscope,0.004886922,0.07880162,0.04886922,1566947840662
3363,226,Accelerometer,-7.7093296,-3.1076740000000003,5.6946087,1566947840663
3364,226,Gyroscope,0.014660766,0.08063421400000001,0.047647487,1566947840672
3365,226,Accelerometer,-7.78355,-3.1352072,5.645528,1566947840673
3366,226,Gyroscope,0.012217305,0.08979719,0.045814894,1566947840683
3367,226,Accelerometer,-7.655460000000001,-2.9951463,5.530606,1566947840683
3368,226,Gyroscope,0.0067195175,0.07941248,0.026267206,1566947840692
3369,226,Accelerometer,-7.420828299999999,-2.96881,5.5629277,1566947840693
3370,226,Gyroscope,0.016493361,0.06658431,0.007941248,1566947840702
3371,226,Accelerometer,-7.410054,-2.9436709999999997,5.613206,1566947840703
3372,226,Gyroscope,0.022602014,0.0580322,-0.007941248,1566947840712
3373,226,Accelerometer,-7.4232225000000005,-2.9556419999999997,5.625177,1566947840713
3374,226,Gyroscope,0.030543262,0.050701816,-0.032375857,1566947840723
3375,226,Accelerometer,-7.485471700000001,-3.0131028,5.686229,1566947840723
3376,226,Gyroscope,0.04276056599999999,0.040927973,-0.059253927000000005,1566947840732
3377,226,Accelerometer,-7.72968,-3.0190883,5.7700260000000005,1566947840733
3378,226,Gyroscope,0.044593163,0.03848451,-0.08002335,1566947840742
3379,226,Accelerometer,-7.7608047000000004,-2.9628246,5.707777,1566947840743
3380,226,Gyroscope,0.03176499,0.040317107000000005,-0.099571034,1566947840752
3381,226,Accelerometer,-7.668628,-3.0370448,5.6670755999999995,1566947840753
3382,226,Gyroscope,0.029321532999999997,0.03176499,-0.10629055,1566947840763
3383,226,Accelerometer,-7.644686,-2.9999347000000003,5.519832,1566947840763
3384,226,Gyroscope,0.023823743999999997,-0.00061086525,-0.093462385,1566947840772
3385,226,Accelerometer,-7.368156,-2.9077580000000003,5.422867,1566947840773
3386,226,Gyroscope,0.014660766,-0.01038471,-0.08063421400000001,1566947840782
3387,226,Accelerometer,-7.121553,-2.801216,5.368997,1566947840783
3388,226,Gyroscope,0.023823743999999997,-0.044593163,-0.08674286,1566947840792
3389,226,Accelerometer,-6.9455789999999995,-2.9221232,5.3701944,1566947840793
3390,226,Gyroscope,0.019547688,-0.10567969,-0.099571034,1566947840802
3391,226,Accelerometer,-6.9731125999999986,-2.9724014,5.377377,1566947840803
3392,226,Gyroscope,-0.007941248,-0.12339478,-0.09101892,1566947840813
3393,226,Accelerometer,-6.8342485,-2.6180596,5.2636523,1566947840813
3394,226,Gyroscope,-0.029321532999999997,-0.1563815,-0.076358154,1566947840822
3395,226,Accelerometer,-6.780379300000001,-2.4516625,5.2768207,1566947840823
3396,226,Gyroscope,-0.018936822,-0.19792034,-0.05681047,1566947840832
3397,226,Accelerometer,-6.725312700000001,-2.4061728,5.590461,1566947840833
3398,226,Gyroscope,-0.002443461,-0.226631,-0.043982297000000004,1566947840842
3399,226,Accelerometer,-6.6307415999999995,-2.220622,5.930437599999999,1566947840843
3400,226,Gyroscope,0.019547688,-0.24129178,-0.036651913,1566947840852
3401,226,Accelerometer,-6.752846000000001,-2.4289176,6.1327476999999995,1566947840853
3402,226,Gyroscope,0.015271631,-0.23457226,-0.037873644,1566947840862
3403,226,Accelerometer,-7.071274799999999,-2.6623523,6.117185,1566947840863
3404,226,Gyroscope,-0.010995574,-0.17531833,-0.044593163,1566947840872
3405,226,Accelerometer,-7.060500599999999,-2.7952304,6.167464,1566947840873
3406,226,Gyroscope,-0.04153884,-0.0983493,-0.049480084,1566947840882
3407,226,Accelerometer,-7.252037,-2.858677,6.2859764,1566947840883
3408,226,Gyroscope,-0.061086524,-0.017715093,-0.0580322,1566947840892
3409,226,Accelerometer,-7.3202715,-2.7808652,6.4523735,1566947840893
3410,226,Gyroscope,-0.06352998,0.04642576,-0.057421334000000004,1566947840903
3411,226,Accelerometer,-7.204153,-2.8167782000000003,6.543353,1566947840903
3412,226,Gyroscope,-0.05681047,0.08246681,-0.049480084,1566947840912
3413,226,Accelerometer,-7.255628,-2.8419175,6.3446345,1566947840913
3414,226,Gyroscope,-0.043982297000000004,0.09407325,-0.03604105,1566947840922
3415,226,Accelerometer,-7.3071036,-2.9161377,6.081272,1566947840923
3416,226,Gyroscope,-0.03726278,0.07574729,-0.019547688,1566947840932
3417,226,Accelerometer,-7.347805,-2.9724014,5.767632,1566947840933
3418,226,Gyroscope,-0.03176499,0.0421497,-0.0067195175,1566947840942
3419,226,Accelerometer,-7.325060000000001,-3.0490158,5.657499,1566947840943
3420,226,Gyroscope,-0.02076942,0.0030543262,-0.0067195175,1566947840953
3421,226,Accelerometer,-7.437587700000001,-3.2345665,5.7029886,1566947840953
3422,226,Gyroscope,-0.014660766,-0.0018325957999999999,-0.009773844,1566947840962
3423,226,Accelerometer,-7.60997,-3.5482068,5.8801594,1566947840963
3424,226,Gyroscope,-0.022602014,0.019547688,-0.00061086525,1566947840972
3425,226,Accelerometer,-7.6243353,-3.5482068,5.911283999999999,1566947840973
3426,226,Gyroscope,-0.021380282999999996,0.037873644,0.007941248,1566947840982
3427,226,Accelerometer,-7.541735000000001,-3.5051112,5.899312999999999,1566947840983
3428,226,Gyroscope,-0.0030543262,0.06414085,0.008552114,1566947840993
3429,226,Accelerometer,-7.380127000000001,-3.4081461,5.7808,1566947840993
3430,226,Gyroscope,0.02443461,0.07147124,-0.018325957,1566947841002
3431,226,Accelerometer,-7.2807674,-3.2369606,5.638344999999999,1566947841003
3432,226,Gyroscope,0.06597344599999999,0.03604105,-0.059253927000000005,1566947841012
3433,226,Accelerometer,-7.1981673,-3.0550013,5.7005944,1566947841013
3434,226,Gyroscope,0.08796459400000001,0.00061086525,-0.10751228,1566947841022
3435,226,Accelerometer,-7.1634517,-2.9388826,5.7939680000000005,1566947841023
3436,226,Gyroscope,0.099571034,-0.031154128,-0.15027285,1566947841032
3437,226,Accelerometer,-7.2304892999999995,-3.0490158,5.9807158,1566947841033
3438,226,Gyroscope,0.0842994,-0.02687807,-0.16004670000000001,1566947841043
3439,226,Accelerometer,-6.9348054,-2.8742392000000003,6.0226144999999995,1566947841043
3440,226,Gyroscope,0.06963864,-0.005497787,-0.19425514,1566947841052
3441,226,Accelerometer,-6.859388,-2.944868,6.1195793,1566947841053
3442,226,Gyroscope,0.04337143,0.01160644,-0.20586158,1566947841062
3443,226,Accelerometer,-6.822277499999999,-3.1160536,6.1076083,1566947841063
3444,226,Gyroscope,0.031154128,0.009162978,-0.2144137,1566947841072
3445,226,Accelerometer,-6.7576339999999995,-3.2944214,6.194997,1566947841073
3446,226,Gyroscope,0.043982297000000004,0.015271631,-0.22052236,1566947841082
3447,226,Accelerometer,-6.661866000000001,-3.3638535000000003,6.256049,1566947841083
3448,226,Gyroscope,0.0580322,0.043982297000000004,-0.21380283,1566947841093
3449,226,Accelerometer,-6.435614,-3.3985693,6.2225304,1566947841093
3450,226,Gyroscope,0.07574729,0.08063421400000001,-0.20280726,1566947841102
3451,226,Accelerometer,-6.293158999999999,-3.4596214,6.191406,1566947841103
3452,226,Gyroscope,0.099571034,0.10018189999999999,-0.19792034,1566947841112
3453,226,Accelerometer,-6.279991000000001,-3.5015199999999997,6.18542,1566947841113
3454,226,Gyroscope,0.12889257,0.106901415,-0.19853121,1566947841122
3455,226,Accelerometer,-6.3302693,-3.4620156000000004,6.2273190000000005,1566947841123
3456,226,Gyroscope,0.14172074,0.118507855,-0.1966986,1566947841132
3457,226,Accelerometer,-6.55293,-3.4093432,6.339846,1566947841134
3458,226,Gyroscope,0.15577064,0.12339478,-0.19547687,1566947841142
3459,226,Accelerometer,-6.8665705,-3.4033577000000004,6.3889275,1566947841143
3460,226,Gyroscope,0.16310102,0.12339478,-0.21258110000000002,1566947841152
3461,226,Accelerometer,-7.1945763,-3.2728736,6.4942720000000005,1566947841153
3462,226,Gyroscope,0.16249016,0.16432275,-0.22052236,1566947841162
3463,226,Accelerometer,-7.4603324,-3.1411927000000004,6.339846,1566947841163
3464,226,Gyroscope,0.1386664,0.21502456,-0.226631,1566947841172
3465,226,Accelerometer,-7.6710224,-3.1675289,6.1926026,1566947841173
3466,226,Gyroscope,0.112399206,0.24312437,-0.23273966,1566947841183
3467,226,Accelerometer,-7.632714999999999,-3.1962593,6.0968347000000005,1566947841183
3468,226,Gyroscope,0.09896017,0.24801129,-0.23640485,1566947841192
3469,226,Accelerometer,-7.4507556,-3.2812532999999995,6.0645127,1566947841193
3470,226,Gyroscope,0.089186326,0.23457226,-0.22968534,1566947841202
3471,226,Accelerometer,-7.303512,-3.357868,5.9160724,1566947841203
3472,226,Gyroscope,0.08002335,0.21502456,-0.22968534,1566947841212
3473,226,Accelerometer,-7.1706343,-3.3387144,5.8394580000000005,1566947841213
3474,226,Gyroscope,0.08368854,0.18875736,-0.22785273,1566947841223
3475,226,Accelerometer,-6.943185000000001,-3.359065,5.881356200000001,1566947841223
3476,226,Gyroscope,0.099571034,0.19181168,-0.20647246,1566947841232
3477,226,Accelerometer,-6.726509599999999,-3.4093432,5.920861,1566947841233
3478,226,Gyroscope,0.13316862,0.20341812,-0.18936823,1566947841242
3479,226,Accelerometer,-6.55293,-3.513491,5.9172697,1566947841243
3480,226,Gyroscope,0.16065755,0.21991149,-0.17287487,1566947841252
3481,226,Accelerometer,-6.4260373,-3.6236242999999995,5.9388175,1566947841253
3482,226,Gyroscope,0.19242255,0.2321288,-0.16493362,1566947841262
3483,226,Accelerometer,-6.3985043,-3.6284127,5.9627595,1566947841263
3484,226,Gyroscope,0.22235495,0.23884831,-0.16126843,1566947841272
3485,226,Accelerometer,-6.555324000000001,-3.6164417,5.9998693,1566947841273
3486,226,Gyroscope,0.2443461,0.25167647,-0.15760323,1566947841282
3487,226,Accelerometer,-6.70975,-3.6116532999999995,6.0369797,1566947841283
3488,226,Gyroscope,0.26083946,0.27488935,-0.14660765,1566947841292
3489,226,Accelerometer,-6.8150949999999995,-3.4620156000000004,6.1112,1566947841293
3490,226,Gyroscope,0.2773328,0.29138273,-0.1386664,1566947841302
3491,226,Accelerometer,-6.8761472999999995,-3.4057519999999997,6.149507,1566947841303
3492,226,Gyroscope,0.29749137,0.29626966,-0.1441642,1566947841313
3493,226,Accelerometer,-6.9383965,-3.3482912000000002,6.1507044,1566947841313
3494,226,Gyroscope,0.32436943,0.2968805,-0.16615535,1566947841322
3495,226,Accelerometer,-7.0581064,-3.2908301,6.1770406,1566947841323
3496,226,Gyroscope,0.3390302,0.28160888,-0.19120082,1566947841332
3497,226,Accelerometer,-7.1742253,-3.2668881,6.042965000000001,1566947841333
3498,226,Gyroscope,0.34086279999999997,0.23701571,-0.21258110000000002,1566947841342
3499,226,Accelerometer,-7.2388687,-3.3279405,5.7819970000000005,1566947841343
3500,226,Gyroscope,0.34208453,0.18753563,-0.22235495,1566947841352
3501,226,Accelerometer,-7.2388687,-3.4680011,5.591658,1566947841352
3502,226,Gyroscope,0.36896262,0.14966199,-0.22479841,1566947841363
3503,226,Accelerometer,-7.1885905,-3.5793315999999997,5.639542,1566947841363
3504,226,Gyroscope,0.40011674,0.13744467,-0.22357668,1566947841372
3505,226,Accelerometer,-7.097611,-3.5745432,5.674258,1566947841373
3506,226,Gyroscope,0.42149702,0.13439035,-0.22540927,1566947841382
3507,226,Accelerometer,-7.012616599999999,-3.5829230000000005,5.734113,1566947841383
3508,226,Gyroscope,0.43310347,0.13561209,-0.23273966,1566947841392
3509,226,Accelerometer,-6.944382000000001,-3.5613751000000002,5.8203044,1566947841393
3510,226,Gyroscope,0.43982297,0.14844026,-0.24007004,1566947841402
3511,226,Accelerometer,-7.04015,-3.5087025,5.9280434,1566947841403
3512,226,Gyroscope,0.43188173,0.14660765,-0.24862215,1566947841412
3513,226,Accelerometer,-7.1287354999999994,-3.3901896000000002,5.8885393,1566947841413
3514,226,Gyroscope,0.42455134,0.1441642,-0.24190263,1566947841422
3515,226,Accelerometer,-7.302314999999999,-3.2070332,5.726930599999999,1566947841423
3516,226,Gyroscope,0.40683624,0.1337795,-0.23335053,1566947841432
3517,226,Accelerometer,-7.255628,-2.9508536,5.771223,1566947841433
3518,226,Gyroscope,0.39767328,0.12644911,-0.2510656,1566947841442
3519,226,Accelerometer,-7.249642999999999,-2.9317,5.732916,1566947841443
3520,226,Gyroscope,0.37934732,0.12217305,-0.27000242,1566947841452
3521,226,Accelerometer,-7.252037,-2.9161377,5.783194,1566947841453
3522,226,Gyroscope,0.37384954,0.09896017,-0.29626966,1566947841462
3523,226,Accelerometer,-7.2460512999999995,-2.9029696,5.9280434,1566947841463
3524,226,Gyroscope,0.37384954,0.064751714,-0.3304781,1566947841472
3525,226,Accelerometer,-7.2723875,-2.8431146000000003,6.1076083,1566947841473
3526,226,Gyroscope,0.37690386,0.06780604,-0.34636059999999996,1566947841483
3527,226,Accelerometer,-7.2915410000000005,-2.7808652,6.194997,1566947841483
3528,226,Gyroscope,0.3652974,0.089186326,-0.35430184,1566947841492
3529,226,Accelerometer,-7.298723700000001,-2.730587,6.2225304,1566947841493
3530,226,Gyroscope,0.33658674,0.12034045,-0.35308012,1566947841502
3531,226,Accelerometer,-7.1873937,-2.7102362999999996,6.1698580000000005,1566947841503
3532,226,Gyroscope,0.30604348,0.15027285,-0.34330627,1566947841512
3533,226,Accelerometer,-6.9862804,-2.72939,6.145916000000001,1566947841513
3534,226,Gyroscope,0.28221974,0.18875736,-0.33414328,1566947841522
3535,226,Accelerometer,-6.804321300000001,-2.8502972,6.159084,1566947841523
3536,226,Gyroscope,0.27855456,0.21807889999999996,-0.3268129,1566947841533
3537,226,Accelerometer,-6.702567599999999,-2.9867666,6.112396700000001,1566947841533
3538,226,Gyroscope,0.28710666,0.23762658,-0.3145956,1566947841542
3539,226,Accelerometer,-6.6905966,-3.0514099999999997,6.042965000000001,1566947841543
3540,226,Gyroscope,0.30665436,0.24923302,-0.3005457,1566947841552
3541,226,Accelerometer,-6.7863646,-3.0909145000000002,5.971139,1566947841553
3542,226,Gyroscope,0.31520647,0.26633725,-0.29199359999999996,1566947841562
3543,226,Accelerometer,-6.9491705999999995,-3.0334535,5.955577,1566947841563
3544,226,Gyroscope,0.31581733,0.2846632,-0.28283059999999993,1566947841572
3545,226,Accelerometer,-7.089231,-2.9987376,5.898116,1566947841573
3546,226,Gyroscope,0.3036,0.258396,-0.26633725,1566947841582
3547,226,Accelerometer,-7.366958599999999,-2.9257145,5.631162000000001,1566947841583
3548,226,Gyroscope,0.29260445,0.21502456,-0.26511553,1566947841592
3549,226,Accelerometer,-7.1706343,-3.083732,5.6790465999999995,1566947841593
3550,226,Gyroscope,0.29993483,0.21258110000000002,-0.25717425,1566947841602
3551,226,Accelerometer,-7.025785000000001,-3.2082303,5.619191000000001,1566947841603
3552,226,Gyroscope,0.29504790000000003,0.22479841,-0.24495697,1566947841612
3553,226,Accelerometer,-7.03177,-3.1675289,5.5018754,1566947841613
3554,226,Gyroscope,0.2773328,0.23518312,-0.22968534,1566947841622
3555,226,Accelerometer,-7.098808,-3.1316159,5.5389857000000005,1566947841623
3556,226,Gyroscope,0.26939157,0.24068089999999998,-0.20708331,1566947841632
3557,226,Accelerometer,-7.071274799999999,-3.145981,5.665878299999999,1566947841633
3558,226,Gyroscope,0.26083946,0.26511553,-0.18875736,1566947841643
3559,226,Accelerometer,-7.2975270000000005,-3.2369606,5.657499,1566947841643
3560,226,Gyroscope,0.25228736,0.2773328,-0.16249016,1566947841652
3561,226,Accelerometer,-7.328651400000001,-3.4452562000000007,5.760449400000001,1566947841653
3562,226,Gyroscope,0.25289822,0.2706133,-0.12583824,1566947841662
3563,226,Accelerometer,-7.392098,-3.4596214,5.9747305,1566947841663
3564,226,Gyroscope,0.26328292,0.31764993,-0.08735373,1566947841672
3565,226,Accelerometer,-7.323863,-3.3171665999999997,6.229712999999999,1566947841673
3566,226,Gyroscope,0.27488935,0.39828414,-0.032375857,1566947841682
3567,226,Accelerometer,-7.302314999999999,-3.0897174,6.2967505,1566947841683
3568,226,Gyroscope,0.27855456,0.52778757,0.025045475,1566947841692
3569,226,Accelerometer,-7.274781699999999,-2.8634652999999997,6.2512608,1566947841693
3570,226,Gyroscope,0.25534168,0.6438520000000001,0.08368854,1566947841702
3571,226,Accelerometer,-7.3897038,-2.9604304,6.6534867,1566947841703
3572,226,Gyroscope,0.24129178,0.65668017,0.0983493,1566947841712
3573,226,Accelerometer,-7.2939353,-2.4540567,6.0369797,1566947841713
3574,226,Gyroscope,0.25228736,0.6426301999999999,0.07452556,1566947841722
3575,226,Accelerometer,-7.386112,-2.123657,6.021417,1566947841723
3576,226,Gyroscope,0.27122417,0.6609562,0.049480084,1566947841732
3577,226,Accelerometer,-7.455544000000001,-2.0949266,6.089652,1566947841733
3578,226,Gyroscope,0.29504790000000003,0.6469063,-0.0036651915999999997,1566947841742
3579,226,Accelerometer,-7.4639240000000004,-2.1428106,5.837064,1566947841743
3580,226,Gyroscope,0.32498032,0.61086524,-0.06597344599999999,1566947841752
3581,226,Accelerometer,-7.638700500000001,-2.2421699,5.518635,1566947841753
3582,226,Gyroscope,0.3555236,0.54183745,-0.12278391400000001,1566947841762
3583,226,Accelerometer,-7.9475527,-2.1404164,5.1798553,1566947841763
3584,226,Gyroscope,0.38912117,0.49724430000000003,-0.18753563,1566947841773
3585,226,Accelerometer,-8.015787,-2.1679497000000003,5.270835,1566947841773
3586,226,Gyroscope,0.40317106,0.44409904,-0.24129178,1566947841782
3587,226,Accelerometer,-8.110358,-2.2828712,4.8841715,1566947841783
3588,226,Gyroscope,0.41966440000000005,0.41294490000000006,-0.29260445,1566947841792
3589,226,Accelerometer,-7.9990277,-2.457648,4.8243165,1566947841793
3590,226,Gyroscope,0.43737950000000003,0.398895,-0.32620203,1566947841802
3591,226,Accelerometer,-7.86615,-2.7473464,4.708197599999999,1566947841803
3592,226,Gyroscope,0.47342056,0.3744604,-0.35063666,1566947841812
3593,226,Accelerometer,-7.7943234,-2.9975405,4.653131,1566947841813
3594,226,Gyroscope,0.52839845,0.3323107,-0.36102137,1566947841822
3595,226,Accelerometer,-7.8637557000000005,-3.1663318,4.635174299999999,1566947841823
3596,226,Gyroscope,0.5900958000000001,0.2779437,-0.376293,1566947841832
3597,226,Accelerometer,-7.773973,-3.1794999,4.5765166,1566947841833
3598,226,Gyroscope,0.64812803,0.22602014,-0.3921755,1566947841842
3599,226,Accelerometer,-7.7847466,-3.0813377,4.5753193,1566947841843
3600,226,Gyroscope,0.7122689,0.17898351,-0.41294490000000006,1566947841852
3601,226,Accelerometer,-7.8972745,-2.9245174,4.699818,1566947841853
3602,226,Gyroscope,0.7556403,0.14966199,-0.43615779999999993,1566947841863
3603,226,Accelerometer,-8.033744,-2.7042507999999996,4.8518495999999995,1566947841863
3604,226,Gyroscope,0.7806858,0.13133603,-0.45020768,1566947841872
3605,226,Accelerometer,-8.208521000000001,-2.5450362999999996,4.973954,1566947841873
3606,226,Gyroscope,0.78801614,0.118507855,-0.45998153,1566947841882
3607,226,Accelerometer,-8.309077,-2.3870192,5.1966147000000005,1566947841883
3608,226,Gyroscope,0.7855727,0.118507855,-0.46853364,1566947841892
3609,226,Accelerometer,-8.231264999999999,-1.9069817,5.1918263,1566947841893
3610,226,Gyroscope,0.77396625,0.116675265,-0.47647488,1566947841902
3611,226,Accelerometer,-8.115147,-1.7501613999999999,5.345055,1566947841903
3612,226,Gyroscope,0.76052725,0.12034045,-0.47891834,1566947841912
3613,226,Accelerometer,-7.973889,-1.6101006000000002,5.567716000000001,1566947841913
3614,226,Gyroscope,0.7489208,0.12278391400000001,-0.48563787,1566947841922
3615,226,Accelerometer,-7.809886,-1.4712370000000001,5.7664347000000005,1566947841923
3616,226,Gyroscope,0.7452555999999999,0.15515977,-0.48930305,1566947841932
3617,226,Accelerometer,-7.5788455,-1.4065934,6.030994000000001,1566947841933
3618,226,Gyroscope,0.7452555999999999,0.20830505,-0.48991394,1566947841942
3619,226,Accelerometer,-7.457938,-1.4053963,6.1219735,1566947841942
3620,226,Gyroscope,0.7367035,0.26633725,-0.48808134,1566947841953
3621,226,Accelerometer,-7.438784599999999,-1.4568716999999998,6.1770406,1566947841953
3622,226,Gyroscope,0.72509706,0.3359759,-0.48502702,1566947841962
3623,226,Accelerometer,-7.502231,-1.5155296,6.115988300000001,1566947841963
3624,226,Gyroscope,0.70554936,0.40194935,-0.48563787,1566947841972
3625,226,Accelerometer,-7.5608889999999995,-1.5394716999999998,5.922058,1566947841973
3626,226,Gyroscope,0.70188415,0.4550946,-0.48808134,1566947841982
3627,226,Accelerometer,-7.6219410000000005,-1.5646108,5.8562174,1566947841983
3628,226,Gyroscope,0.7098253999999999,0.48563787,-0.49907690000000005,1566947841992
3629,226,Accelerometer,-7.6722193,-1.6496049,5.625177,1566947841993
3630,226,Gyroscope,0.73364913,0.46731192,-0.5131268,1566947842003
3631,226,Accelerometer,-7.767987299999999,-1.7812861,5.311536299999999,1566947842003
3632,226,Gyroscope,0.76052725,0.4098906,-0.5198463,1566947842012
3633,226,Accelerometer,-7.891288799999999,-1.8531121,5.1798553,1566947842013
3634,226,Gyroscope,0.79473567,0.35063666,-0.5271766999999999,1566947842022
3635,226,Accelerometer,-7.8589673,-1.7741034,5.078101599999999,1566947842023
3636,226,Gyroscope,0.8173377,0.30298916,-0.54000485,1566947842032
3637,226,Accelerometer,-7.8853035,-1.7106571,5.066130599999999,1566947842033
3638,226,Gyroscope,0.8350528,0.29199359999999996,-0.5540548000000001,1566947842042
3639,226,Accelerometer,-7.9248075,-1.7633294999999998,5.261258,1566947842043
3640,226,Gyroscope,0.8533788,0.29871312,-0.5705481,1566947842052
3641,226,Accelerometer,-7.979874000000001,-1.8890251,5.2085857,1566947842053
3642,226,Gyroscope,0.85154617,0.29626966,-0.5839871999999999,1566947842062
3643,226,Accelerometer,-8.062474,-1.9740193,5.2660465,1566947842063
3644,226,Gyroscope,0.8546004999999999,0.29565877,-0.5907066999999999,1566947842072
3645,226,Accelerometer,-8.030152000000001,-1.9608511999999998,5.3007627,1566947842073
3646,226,Gyroscope,0.86070913,0.29260445,-0.59498274,1566947842082
3647,226,Accelerometer,-7.904457000000001,-1.958457,5.0757074,1566947842083
3648,226,Gyroscope,0.8894198,0.26511553,-0.5919284,1566947842093
3649,226,Accelerometer,-7.8853035,-1.9800048,5.031415,1566947842093
3650,226,Gyroscope,0.93951076,0.226631,-0.59437186,1566947842102
3651,226,Accelerometer,-8.038532,-1.9596541,5.0134583,1566947842103
3652,226,Gyroscope,0.9718866,0.18631389999999998,-0.59559363,1566947842112
3653,226,Accelerometer,-8.119935,-1.8710686,4.9919105,1566947842113
3654,226,Gyroscope,0.9816604,0.15699236,-0.60231316,1566947842122
3655,226,Accelerometer,-8.201338,-1.7345991000000003,5.01705,1566947842123
3656,226,Gyroscope,0.99387777,0.13927728,-0.6151413,1566947842133
3657,226,Accelerometer,-8.269572,-1.5885528,5.067328,1566947842133
3658,226,Gyroscope,0.9932669,0.12522738,-0.6365215999999999,1566947842142
3659,226,Accelerometer,-8.221688,-1.5885528,4.9308586,1566947842143
3660,226,Gyroscope,0.9737191999999999,0.12705997,-0.6407976,1566947842152
3661,226,Accelerometer,-8.244433,-1.5813701999999998,5.055357,1566947842153
3662,226,Gyroscope,0.9443976999999999,0.16126843,-0.65240407,1566947842162
3663,226,Accelerometer,-8.218098,-1.3958195,5.444414599999999,1566947842163
3664,226,Gyroscope,0.93645644,0.19547687,-0.6792821,1566947842172
3665,226,Accelerometer,-8.093599000000001,-1.328782,5.901707,1566947842173
3666,226,Gyroscope,0.9089674999999999,0.22357668,-0.68783426,1566947842182
3667,226,Accelerometer,-8.0924015,-1.5131354,5.8394580000000005,1566947842183
3668,226,Gyroscope,0.88208944,0.24678956,-0.68294734,1566947842192
3669,226,Accelerometer,-8.037335,-1.7705121,5.7161565,1566947842193
3670,226,Gyroscope,0.870483,0.26572640000000003,-0.6792821,1566947842202
3671,226,Accelerometer,-8.074444999999999,-1.9357121,5.729325,1566947842203
3672,226,Gyroscope,0.8539896,0.30665436,-0.6640105,1566947842212
3673,226,Accelerometer,-8.115147,-2.0482395,5.7245364,1566947842213
3674,226,Gyroscope,0.8179486,0.33414328,-0.6310238,1566947842222
3675,226,Accelerometer,-8.081628,-2.1308396000000003,5.420472599999999,1566947842223
3676,226,Gyroscope,0.77763146,0.35063666,-0.57971114,1566947842232
3677,226,Accelerometer,-7.9427642999999994,-2.2493525,5.0864816,1566947842233
3678,226,Gyroscope,0.75747293,0.35613444,-0.53023106,1566947842242
3679,226,Accelerometer,-7.8422074,-2.2888567,4.807557,1566947842243
3680,226,Gyroscope,0.7470882,0.37018433,-0.49418998,1566947842252
3681,226,Accelerometer,-7.565677,-2.2230163,4.7884035,1566947842253
3682,226,Gyroscope,0.7470882,0.3622431,-0.4605924,1566947842262
3683,226,Accelerometer,-7.311891999999999,-2.3068132,4.7393220000000005,1566947842263
3684,226,Gyroscope,0.7654141999999999,0.33536503,-0.42394048,1566947842273
3685,226,Accelerometer,-7.3418193,-2.397793,4.746505,1566947842273
3686,226,Gyroscope,0.79717916,0.29871312,-0.40622538,1566947842282
3687,226,Accelerometer,-7.6865845,-2.3032220000000003,4.829105,1566947842283
3688,226,Gyroscope,0.8185594,0.25289822,-0.41966440000000005,1566947842292
3689,226,Accelerometer,-8.1558485,-2.1571757999999996,4.8123455,1566947842293
3690,226,Gyroscope,0.8179486,0.22052236,-0.43860126,1566947842302
3691,226,Accelerometer,-8.701725999999999,-1.9752164,4.653131,1566947842303
3692,226,Gyroscope,0.7892378999999999,0.18631389999999998,-0.45814893,1566947842312
3693,226,Accelerometer,-8.921992,-1.7920599999999998,4.4603977,1566947842313
3694,226,Gyroscope,0.7476991,0.1563815,-0.47586402,1566947842323
3695,226,Accelerometer,-8.933964,-1.6735470000000001,4.4879313,1566947842323
3696,226,Gyroscope,0.7049385,0.11484267,-0.4905248,1566947842332
3697,226,Accelerometer,-8.791509,-1.5227122,4.554969,1566947842333
3698,226,Gyroscope,0.66950834,0.06536258,-0.5021312,1566947842342
3699,226,Accelerometer,-8.590396,-1.3467385,4.917690299999999,1566947842343
3700,226,Gyroscope,0.6383542,0.04337143,-0.50762904,1566947842353
3701,226,Accelerometer,-8.10557,-1.2138603000000001,5.1271830000000005,1566947842353
3702,226,Gyroscope,0.6053675000000001,0.043982297000000004,-0.5149594,1566947842362
3703,226,Accelerometer,-7.81228,-1.3874398000000001,5.49589,1566947842363
3704,226,Gyroscope,0.5888741,0.06169739,-0.52656585,1566947842372
3705,226,Accelerometer,-7.7488337,-1.6807296000000003,5.699397,1566947842373
3706,226,Gyroscope,0.57604593,0.10812314599999999,-0.5174029,1566947842382
3707,226,Accelerometer,-7.782352400000001,-1.9823990000000002,5.759252,1566947842383
3708,226,Gyroscope,0.5381723,0.20036379999999998,-0.49480084,1566947842392
3709,226,Accelerometer,-7.850587400000001,-2.1787236,5.711368,1566947842393
3710,226,Gyroscope,0.5198463,0.2302962,-0.45814893,1566947842402
3711,226,Accelerometer,-7.876923599999999,-2.2577322,5.5270147000000005,1566947842403
3712,226,Gyroscope,0.5027421,0.24495697,-0.42332962,1566947842413
3713,226,Accelerometer,-7.776367,-2.1918917,5.185841,1566947842413
3714,226,Gyroscope,0.48441613,0.24678956,-0.39095375,1566947842423
3715,226,Accelerometer,-7.7320743,-2.171541,5.118803,1566947842423
3716,226,Gyroscope,0.48685959999999995,0.2443461,-0.37201694,1566947842432
3717,226,Accelerometer,-7.702147,-2.1272482999999998,5.2061915,1566947842433
3718,226,Gyroscope,0.49235737,0.24007004,-0.35979962,1566947842442
3719,226,Accelerometer,-7.631517999999999,-2.1332338,5.2768207,1566947842443
3720,226,Gyroscope,0.48808134,0.22602014,-0.35796702,1566947842452
3721,226,Accelerometer,-7.60997,-2.1452047999999997,5.2528787,1566947842453
3722,226,Gyroscope,0.48014009999999996,0.22052236,-0.35979962,1566947842463
3723,226,Accelerometer,-7.5704656,-2.1404164,5.2863975,1566947842463
3724,226,Gyroscope,0.47708577,0.22357668,-0.36651915,1566947842472
3725,226,Accelerometer,-7.5034279999999995,-2.2014685000000003,5.3247046,1566947842473
3726,226,Gyroscope,0.4709771,0.26022860000000003,-0.36346483,1566947842482
3727,226,Accelerometer,-7.666233999999999,-2.4277205000000004,5.2816089999999996,1566947842483
3728,226,Gyroscope,0.46609017,0.21868975,-0.37140608,1566947842492
3729,226,Accelerometer,-7.9846625,-2.2972363999999996,5.270835,1566947842493
3730,226,Gyroscope,0.47952923,0.19425514,-0.398895,1566947842502
3731,226,Accelerometer,-7.9272017,-2.6779146000000003,5.29358,1566947842503
3732,226,Gyroscope,0.4728097,0.19730948,-0.37568212,1566947842512
3733,226,Accelerometer,-8.12233,-2.6874914,5.1343656,1566947842514
3734,226,Gyroscope,0.45814893,0.18631389999999998,-0.35308012,1566947842523
3735,226,Accelerometer,-8.457517999999999,-2.5031377999999997,4.981137,1566947842523
3736,226,Gyroscope,0.45631635,0.15699236,-0.33536503,1566947842532
3737,226,Accelerometer,-7.9391727,-2.6791117,5.0960584,1566947842533
3738,226,Gyroscope,0.43066000000000004,0.16982053,-0.30421090000000006,1566947842542
3739,226,Accelerometer,-7.860164,-2.6767175,5.142745,1566947842543
3740,226,Gyroscope,0.40011674,0.18936823,-0.28588495,1566947842552
3741,226,Accelerometer,-7.735666,-2.597709,5.3785739999999995,1566947842553
3742,226,Gyroscope,0.36835176,0.22785273,-0.24251351,1566947842562
3743,226,Accelerometer,-7.461529700000001,-2.3211784,5.6431336,1566947842563
3744,226,Gyroscope,0.32375857,0.34025195,-0.21807889999999996,1566947842572
3745,226,Accelerometer,-7.303512,-2.0614076,5.813122,1566947842573
3746,226,Gyroscope,0.29199359999999996,0.41416663,-0.20830505,1566947842583
3747,226,Accelerometer,-7.479486,-2.3008277,5.591658,1566947842583
3748,226,Gyroscope,0.2761111,0.41416663,-0.17959438,1566947842592
3749,226,Accelerometer,-7.629123700000001,-2.349909,5.487509999999999,1566947842593
3750,226,Gyroscope,0.29749137,0.41599923,-0.15821409,1566947842602
3751,226,Accelerometer,-7.700949700000001,-2.421735,6.019023000000001,1566947842603
3752,226,Gyroscope,0.36896262,0.35857790000000006,-0.18509217,1566947842612
3753,226,Accelerometer,-7.9248075,-1.9464860000000002,5.2157683,1566947842613
3754,226,Gyroscope,0.3933972,0.36896262,-0.21991149,1566947842623
3755,226,Accelerometer,-8.336611,-1.9273324,5.243302,1566947842623
3756,226,Gyroscope,0.39767328,0.38362336,-0.2779437,1566947842633
3757,226,Accelerometer,-8.562861999999999,-1.9740193,5.140351,1566947842633
3758,226,Gyroscope,0.37873647,0.37995818,-0.33414328,1566947842642
3759,226,Accelerometer,-8.719683,-2.1499932,4.8494554,1566947842643
3760,226,Gyroscope,0.3640757,0.34513888,-0.37507126,1566947842652
3761,226,Accelerometer,-8.710106,-2.4085669999999997,4.6160207,1566947842653
3762,226,Gyroscope,0.35063666,0.3005457,-0.3915646,1566947842662
3763,226,Accelerometer,-8.504205,-2.7198130000000003,4.4424415,1566947842663
3764,226,Gyroscope,0.36163223,0.25534168,-0.3933972,1566947842672
3765,226,Accelerometer,-8.157045,-3.0238767,4.353855599999999,1566947842673
3766,226,Gyroscope,0.40439278,0.204029,-0.38728857,1566947842683
3767,226,Accelerometer,-7.8853035,-3.369839,4.3059715999999995,1566947842683
3768,226,Gyroscope,0.4654793,0.14844026,-0.38240165,1566947842692
3769,226,Accelerometer,-7.835025,-3.5553896000000003,4.429273,1566947842693
3770,226,Gyroscope,0.52106804,0.08124508,-0.37201694,1566947842702
3771,226,Accelerometer,-7.730877400000001,-3.5841199999999995,4.3981485000000005,1566947842703
3772,226,Gyroscope,0.54305923,0.026267206,-0.35613444,1566947842712
3773,226,Accelerometer,-7.702147,-3.4284968,4.333505000000001,1566947842713
3774,226,Gyroscope,0.5699373000000001,-0.014049901000000002,-0.34819320000000004,1566947842722
3775,226,Accelerometer,-7.703344,-3.0861259999999997,4.4424415,1566947842723
3776,226,Gyroscope,0.58093286,-0.043982297000000004,-0.34697145,1566947842732
3777,226,Accelerometer,-7.850587400000001,-2.730587,4.599261299999999,1566947842733
3778,226,Gyroscope,0.5699373000000001,-0.06780604,-0.35002577,1566947842743
3779,226,Accelerometer,-8.042124000000001,-2.4516625,4.736928,1566947842743
3780,226,Gyroscope,0.5491679,-0.095294975,-0.36163223,1566947842753
3781,226,Accelerometer,-8.333019,-2.3523033,4.865018,1566947842753
3782,226,Gyroscope,0.5290093000000001,-0.11301007,-0.37812558,1566947842762
3783,226,Accelerometer,-8.583213,-2.2385786,5.023035,1566947842763
3784,226,Gyroscope,0.5045747,-0.11545353400000001,-0.39767328,1566947842772
3785,226,Accelerometer,-8.632295,-2.160767,5.1559134,1566947842773
3786,226,Gyroscope,0.4654793,-0.08796459400000001,-0.408058,1566947842782
3787,226,Accelerometer,-8.554482,-2.2014685000000003,5.197812,1566947842783
3788,226,Gyroscope,0.39706242,-0.07574729,-0.40256020000000003,1566947842792
3789,226,Accelerometer,-8.336611,-2.327164,4.953603299999999,1566947842793
3790,226,Gyroscope,0.31337386,-0.09162979,-0.37934732,1566947842803
3791,226,Accelerometer,-7.9702972999999995,-2.4672248,4.76087,1566947842803
3792,226,Gyroscope,0.28038713,-0.06291912,-0.35002577,1566947842812
3793,226,Accelerometer,-7.368156,-2.4420857000000002,5.580883999999999,1566947842813
3794,226,Gyroscope,0.27183503,-0.017715093,-0.32131509999999996,1566947842822
3795,226,Accelerometer,-7.3083005000000005,-2.48159,5.674258,1566947842823
3796,226,Gyroscope,0.26694809999999997,0.028710667000000002,-0.26572640000000003,1566947842832
3797,226,Accelerometer,-7.335833999999999,-2.5594015,5.530606,1566947842833
3798,226,Gyroscope,0.24556783,0.058643065,-0.226631,1566947842842
3799,226,Accelerometer,-7.4016747,-2.6013002,5.3941364,1566947842843
3800,226,Gyroscope,0.21013765,0.09162979,-0.1826487,1566947842853
3801,226,Accelerometer,-7.501034,-2.5390507999999996,5.278017500000001,1566947842853
3802,226,Gyroscope,0.1881465,0.112399206,-0.15088372,1566947842862
3803,226,Accelerometer,-7.6255326,-2.4624363999999996,5.1822495,1566947842863
3804,226,Gyroscope,0.16798794,0.1142318,-0.12095132,1566947842872
3805,226,Accelerometer,-7.629123700000001,-2.4061728,5.159505,1566947842873
3806,226,Gyroscope,0.14538592,0.11484267,-0.099571034,1566947842882
3807,226,Accelerometer,-7.6722193,-2.3415293999999998,5.246893,1566947842883
3808,226,Gyroscope,0.13561209,0.10262536,-0.08796459400000001,1566947842892
3809,226,Accelerometer,-7.727286,-2.3307555,5.2923827,1566947842893
3810,226,Gyroscope,0.1337795,0.084910266,-0.07880162,1566947842902
3811,226,Accelerometer,-7.6710224,-2.3331497000000003,5.342661,1566947842903
3812,226,Gyroscope,0.13011430000000002,0.093462385,-0.07269296,1566947842913
3813,226,Accelerometer,-7.562086,-2.31639,5.3713913,1566947842913
3814,226,Gyroscope,0.11728613,0.1282817,-0.07086037,1566947842922
3815,226,Accelerometer,-7.565677,-2.328361,5.389348,1566947842923
3816,226,Gyroscope,0.10018189999999999,0.16432275,-0.07574729,1566947842932
3817,226,Accelerometer,-7.629123700000001,-2.4169466,5.3247046,1566947842933
3818,226,Gyroscope,0.07880162,0.18509217,-0.08002335,1566947842942
3819,226,Accelerometer,-7.700949700000001,-2.4744074,5.2636523,1566947842943
3820,226,Gyroscope,0.06780604,0.19975294,-0.08735373,1566947842952
3821,226,Accelerometer,-7.727286,-2.566584,5.2421045,1566947842953
3822,226,Gyroscope,0.06780604,0.20219639,-0.08796459400000001,1566947842962
3823,226,Accelerometer,-7.773973,-2.6623523,5.0960584,1566947842963
3824,226,Gyroscope,0.077579886,0.18509217,-0.08552113,1566947842972
3825,226,Accelerometer,-7.782352400000001,-2.7629087,4.8602295,1566947842973
3826,226,Gyroscope,0.08307768,0.14844026,-0.07941248,1566947842982
3827,226,Accelerometer,-7.730877400000001,-2.7724855,4.7812209999999995,1566947842983
3828,226,Gyroscope,0.095294975,0.12522738,-0.076358154,1566947842992
3829,226,Accelerometer,-7.7572136,-2.585738,4.844666999999999,1566947842993
3830,226,Gyroscope,0.099571034,0.116675265,-0.076358154,1566947843002
3831,226,Accelerometer,-7.9272017,-2.421735,4.915296,1566947843003
3832,226,Gyroscope,0.0983493,0.10812314599999999,-0.077579886,1566947843012
3833,226,Accelerometer,-8.169016000000001,-2.3786395000000002,4.914099,1566947843013
3834,226,Gyroscope,0.086132,0.089186326,-0.07696902,1566947843022
3835,226,Accelerometer,-8.311471000000001,-2.3942018,4.941632299999999,1566947843023
3836,226,Gyroscope,0.05681047,0.08002335,-0.06536258,1566947843033
3837,226,Accelerometer,-8.352172999999999,-2.4001873,4.960786,1566947843033
3838,226,Gyroscope,0.017104227,0.07574729,-0.045814894,1566947843042
3839,226,Accelerometer,-8.22528,-2.4049757,5.222951,1566947843043
3840,226,Gyroscope,-0.004886922,0.10140363,-0.022602014,1566947843052
3841,226,Accelerometer,-8.08881,-2.3942018,5.521029,1566947843053
3842,226,Gyroscope,0.0030543262,0.12278391400000001,0.005497787,1566947843062
3843,226,Accelerometer,-8.039729,-2.4349031,5.637148000000001,1566947843063
3844,226,Gyroscope,0.017104227,0.13805555,0.04337143,1566947843072
3845,226,Accelerometer,-7.928399000000001,-2.5031377999999997,5.652710400000001,1566947843073
3846,226,Gyroscope,0.032986722999999996,0.19975294,0.07147124,1566947843083
3847,226,Accelerometer,-7.777564,-2.4648306,5.6179943,1566947843083
3848,226,Gyroscope,0.028710667000000002,0.24495697,0.09285152,1566947843092
3849,226,Accelerometer,-7.642291999999999,-2.3606830000000003,5.444414599999999,1566947843093
3850,226,Gyroscope,0.030543262,0.27305678,0.106901415,1566947843102
3851,226,Accelerometer,-7.629123700000001,-2.3032220000000003,5.396530599999999,1566947843103
3852,226,Gyroscope,0.05131268,0.27855456,0.10445796,1566947843112
3853,226,Accelerometer,-7.698555499999999,-2.148796,5.3163247,1566947843113
3854,226,Gyroscope,0.084910266,0.27550024,0.08246681,1566947843122
3855,226,Accelerometer,-7.7643960000000005,-1.9285294999999998,5.306748000000001,1566947843123
3856,226,Gyroscope,0.10629055,0.26694809999999997,0.040317107000000005,1566947843132
3857,226,Accelerometer,-7.843405000000001,-1.7609352999999999,5.3606176,1566947843133
3858,226,Gyroscope,0.12156218,0.267559,-0.004276057,1566947843142
3859,226,Accelerometer,-7.8853035,-1.685518,5.418078400000001,1566947843143
3860,226,Gyroscope,0.14355333,0.2773328,-0.037873644,1566947843152
3861,226,Accelerometer,-7.8613615,-1.8387468999999996,5.579687,1566947843153
3862,226,Gyroscope,0.16249016,0.27916542,-0.07513642,1566947843162
3863,226,Accelerometer,-7.675811,-1.7573439999999998,5.513846400000001,1566947843163
3864,226,Gyroscope,0.19242255,0.26022860000000003,-0.11545353400000001,1566947843172
3865,226,Accelerometer,-7.711724,-1.7322049,5.488707499999999,1566947843173
3866,226,Gyroscope,0.23151793,0.25228736,-0.14355333,1566947843182
3867,226,Accelerometer,-7.7488337,-1.7130512999999998,5.589264,1566947843183
3868,226,Gyroscope,0.25961772,0.267559,-0.16493362,1566947843192
3869,226,Accelerometer,-7.8027034,-1.6867151000000002,5.6096144,1566947843193
3870,226,Gyroscope,0.2761111,0.27183503,-0.18875736,1566947843202
3871,226,Accelerometer,-7.803900200000001,-1.6879122,5.4312468,1566947843203
3872,226,Gyroscope,0.29443705,0.29199359999999996,-0.21685717,1566947843212
3873,226,Accelerometer,-7.8027034,-1.7920599999999998,5.425261,1566947843213
3874,226,Gyroscope,0.31031954,0.31826079999999995,-0.22602014,1566947843222
3875,226,Accelerometer,-7.826645399999999,-1.9524715,5.327099,1566947843223
3876,226,Gyroscope,0.32620203,0.32742378,-0.23335053,1566947843232
3877,226,Accelerometer,-7.836222,-2.079364,5.197812,1566947843233
3878,226,Gyroscope,0.34941490000000003,0.32803464,-0.23701571,1566947843243
3879,226,Accelerometer,-7.868544,-2.1440077,5.183447,1566947843243
3880,226,Gyroscope,0.36957347,0.32498032,-0.23762658,1566947843252
3881,226,Accelerometer,-7.881711999999999,-2.1260512,5.16549,1566947843253
3882,226,Gyroscope,0.3817908,0.30482176,-0.23518312,1566947843262
3883,226,Accelerometer,-7.9104424,-2.1535845,4.973954,1566947843263
3884,226,Gyroscope,0.40256020000000003,0.2883284,-0.23335053,1566947843272
3885,226,Accelerometer,-8.197746,-2.0626047,4.914099,1566947843273
3886,226,Gyroscope,0.4343252,0.27916542,-0.23945917,1566947843282
3887,226,Accelerometer,-8.297106,-2.0207062,4.7680526,1566947843283
3888,226,Gyroscope,0.4605924,0.25778514,-0.258396,1566947843292
3889,226,Accelerometer,-8.376114999999999,-2.0015526,4.691438,1566947843293
3890,226,Gyroscope,0.48197266,0.21563543,-0.29321529999999996,1566947843302
3891,226,Accelerometer,-8.391677,-1.9333179,4.629189,1566947843303
3892,226,Gyroscope,0.5112942,0.18692477,-0.32253686,1566947843313
3893,226,Accelerometer,-8.404845,-1.8543092,4.6279917,1566947843313
3894,226,Gyroscope,0.52412236,0.16554448,-0.35613444,1566947843322
3895,226,Accelerometer,-8.383297,-1.8351556,4.638766,1566947843323
3896,226,Gyroscope,0.5326744999999999,0.15882497,-0.37873647,1566947843332
3897,226,Accelerometer,-8.336611,-1.8997990000000002,4.703409,1566947843333
3898,226,Gyroscope,0.54061574,0.15271631,-0.39522982,1566947843342
3899,226,Accelerometer,-8.292317,-2.0338743000000004,4.7572790000000005,1566947843343
3900,226,Gyroscope,0.5503895999999999,0.1423316,-0.40378192,1566947843352
3901,226,Accelerometer,-8.269572,-2.1631612999999996,4.7680526,1566947843353
3902,226,Gyroscope,0.56077427,0.12095132,-0.40072759999999996,1566947843362
3903,226,Accelerometer,-8.185775999999999,-2.2158337,4.8135424,1566947843363
3904,226,Gyroscope,0.5687156,0.09162979,-0.3915646,1566947843373
3905,226,Accelerometer,-8.110358,-2.1787236,4.876989,1566947843373
3906,226,Gyroscope,0.5742133,0.07880162,-0.38056904,1566947843382
3907,226,Accelerometer,-7.991845,-2.0087352,4.9188876,1566947843383
3908,226,Gyroscope,0.5681046999999999,0.07086037,-0.376293,1566947843392
3909,226,Accelerometer,-7.9092455,-1.8746599,4.900931,1566947843393
3910,226,Gyroscope,0.54733527,0.051923547,-0.3744604,1566947843402
3911,226,Accelerometer,-7.9583262999999995,-1.9069817,4.8662148,1566947843403
3912,226,Gyroscope,0.535118,0.04886922,-0.37384954,1566947843412
3913,226,Accelerometer,-8.129512,-1.8531121,5.1056349999999995,1566947843413
3914,226,Gyroscope,0.53023106,0.073303826,-0.37873647,1566947843423
3915,226,Accelerometer,-8.263587,-1.8519150000000002,5.233725,1566947843423
3916,226,Gyroscope,0.5222898,0.09285152,-0.38973203,1566947843432
3917,226,Accelerometer,-8.3821,-2.0314799999999997,5.2037973,1566947843433
3918,226,Gyroscope,0.51251596,0.10262536,-0.38545597,1566947843442
3919,226,Accelerometer,-8.377312,-2.2313959999999997,5.16549,1566947843443
3920,226,Gyroscope,0.50335294,0.09285152,-0.36957347,1566947843452
3921,226,Accelerometer,-8.2995,-2.2948422,4.8482585,1566947843453
3922,226,Gyroscope,0.49113566,0.06658431,-0.35185838,1566947843462
3923,226,Accelerometer,-8.145074000000001,-2.220622,4.5525746,1566947843463
3924,226,Gyroscope,0.48136179999999995,0.053145275,-0.34391713,1566947843472
3925,226,Accelerometer,-8.033744,-2.1452047999999997,4.554969,1566947843473
3926,226,Gyroscope,0.47586402,0.04276056599999999,-0.35185838,1566947843483
3927,226,Accelerometer,-8.099585000000001,-2.0566192,4.6124296,1566947843483
3928,226,Gyroscope,0.46914452,0.03726278,-0.37690386,1566947843492
3929,226,Accelerometer,-8.151060000000001,-2.0231004,4.7548847,1566947843493
3930,226,Gyroscope,0.44715336,0.051923547,-0.3933972,1566947843502
3931,226,Accelerometer,-8.185775999999999,-2.0937295,4.794389,1566947843503
3932,226,Gyroscope,0.41844269999999995,0.076358154,-0.3921755,1566947843512
3933,226,Accelerometer,-8.170214,-2.2313959999999997,4.8614264,1566947843513
3934,226,Gyroscope,0.39095375,0.10140363,-0.37568212,1566947843522
3935,226,Accelerometer,-8.12233,-2.3810337,4.7393220000000005,1566947843523
3936,226,Gyroscope,0.37384954,0.10262536,-0.31581733,1566947843532
3937,226,Accelerometer,-8.169016000000001,-2.5139117000000004,4.650737,1566947843533
3938,226,Gyroscope,0.37262779999999995,0.09285152,-0.27488935,1566947843543
3939,226,Accelerometer,-8.218098,-2.5354595,4.633977400000001,1566947843543
3940,226,Gyroscope,0.37262779999999995,0.093462385,-0.24251351,1566947843552
3941,226,Accelerometer,-8.26239,-2.4768016,4.602853,1566947843553
3942,226,Gyroscope,0.3652974,0.10079276599999999,-0.21746802,1566947843562
3943,226,Accelerometer,-8.288725999999999,-2.409764,4.64116,1566947843563
3944,226,Gyroscope,0.3390302,0.10140363,-0.1966986,1566947843572
3945,226,Accelerometer,-8.257602,-2.3044189999999998,4.59567,1566947843573
3946,226,Gyroscope,0.3115413,0.08857546,-0.18203785,1566947843582
3947,226,Accelerometer,-8.172607000000001,-2.1260512,4.5920787,1566947843583
3948,226,Gyroscope,0.28527406,0.07086037,-0.16920967,1566947843592
3949,226,Accelerometer,-8.048109,-1.9261352999999999,4.642357,1566947843593
3950,226,Gyroscope,0.2761111,0.050701816,-0.16554448,1566947843603
3951,226,Accelerometer,-8.055291,-1.7920599999999998,4.7548847,1566947843603
3952,226,Gyroscope,0.27977628,0.032986722999999996,-0.172264,1566947843612
3953,226,Accelerometer,-8.147469000000001,-1.7286136000000003,4.965574299999999,1566947843613
3954,226,Gyroscope,0.28160888,0.019547688,-0.18936823,1566947843622
3955,226,Accelerometer,-8.251616499999999,-1.7776948000000001,5.2265425,1566947843623
3956,226,Gyroscope,0.26878070000000004,0.013439035,-0.20341812,1566947843632
3957,226,Accelerometer,-8.277952,-1.9285294999999998,5.3390699999999995,1566947843633
3958,226,Gyroscope,0.2510656,0.010995574,-0.19547687,1566947843642
3959,226,Accelerometer,-8.291121,-2.123657,5.257667,1566947843643
3960,226,Gyroscope,0.23884831,0.02076942,-0.18020524,1566947843652
3961,226,Accelerometer,-8.1881695,-2.2014685000000003,5.1056349999999995,1566947843653
3962,226,Gyroscope,0.23090707,0.04276056599999999,-0.16432275,1566947843663
3963,226,Accelerometer,-8.072051,-2.2266076,5.045780000000001,1566947843663
3964,226,Gyroscope,0.23090707,0.050701816,-0.15027285,1566947843672
3965,226,Accelerometer,-8.026561000000001,-2.2517467,5.029021,1566947843673
3966,226,Gyroscope,0.23396139,0.03848451,-0.15027285,1566947843682
3967,226,Accelerometer,-7.997831,-2.3175871,5.01705,1566947843683
3968,226,Gyroscope,0.22602014,0.02687807,-0.15271631,1566947843692
3969,226,Accelerometer,-7.912836599999999,-2.3786395000000002,4.9919105,1566947843693
3970,226,Gyroscope,0.21624629,0.03176499,-0.15210545,1566947843702
3971,226,Accelerometer,-7.807492,-2.3726540000000003,5.032612,1566947843703
3972,226,Gyroscope,0.21746802,0.03726278,-0.14172074,1566947843713
3973,226,Accelerometer,-7.704541000000001,-2.3116016,5.068525,1566947843713
3974,226,Gyroscope,0.22540927,0.035430185,-0.12522738,1566947843722
3975,226,Accelerometer,-7.6111674,-2.3175871,5.055357,1566947843723
3976,226,Gyroscope,0.24251351,0.03176499,-0.118507855,1566947843732
3977,226,Accelerometer,-7.836222,-2.2397757,5.021838,1566947843733
3978,226,Gyroscope,0.25778514,0.027488936000000002,-0.12278391400000001,1566947843742
3979,226,Accelerometer,-8.100781,-2.1978772,5.0757074,1566947843743
3980,226,Gyroscope,0.26389378,0.025045475,-0.13561209,1566947843752
3981,226,Accelerometer,-8.256405,-2.2062569,4.999093,1566947843753
3982,226,Gyroscope,0.25778514,0.017715093,-0.14660765,1566947843762
3983,226,Accelerometer,-8.274361,-2.2254104999999997,4.9081135,1566947843763
3984,226,Gyroscope,0.22174409,-0.004276057,-0.14538592,1566947843772
3985,226,Accelerometer,-8.222886,-2.2038627,5.027823400000001,1566947843773
3986,226,Gyroscope,0.20891592,-0.009773844,-0.13805555,1566947843782
3987,226,Accelerometer,-8.183380999999999,-2.123657,5.114014599999999,1566947843783
3988,226,Gyroscope,0.19975294,-0.009773844,-0.1282817,1566947843792
3989,226,Accelerometer,-8.109161,-2.0207062,5.1200004,1566947843793
3990,226,Gyroscope,0.18509217,0.0036651915999999997,-0.12339478,1566947843802
3991,226,Accelerometer,-8.024167,-1.9021933000000002,5.088876,1566947843803
3992,226,Gyroscope,0.16187929,0.018325957,-0.12705997,1566947843812
3993,226,Accelerometer,-7.9583262999999995,-1.8160020000000001,5.118803,1566947843813
3994,226,Gyroscope,0.1423316,0.04642576,-0.13927728,1566947843822
3995,226,Accelerometer,-7.9523410000000005,-1.8531121,5.1918263,1566947843823
3996,226,Gyroscope,0.12461651,0.061086524,-0.15515977,1566947843833
3997,226,Accelerometer,-8.038532,-1.9883845000000002,5.1918263,1566947843833
3998,226,Gyroscope,0.11178834,0.06597344599999999,-0.16432275,1566947843842
3999,226,Accelerometer,-8.050502999999999,-2.0949266,5.2768207,1566947843843
4000,226,Gyroscope,0.10262536,0.073303826,-0.16004670000000001,1566947843852
4001,226,Accelerometer,-8.018182000000001,-2.1954830000000003,5.231331,1566947843853
4002,226,Gyroscope,0.09590584,0.070249505,-0.1423316,1566947843862
4003,226,Accelerometer,-7.9475527,-2.2661119,5.104438,1566947843863
4004,226,Gyroscope,0.08857546,0.06658431,-0.1160644,1566947843872
4005,226,Accelerometer,-7.8649526,-2.2996306,5.040992,1566947843873
4006,226,Gyroscope,0.08124508,0.06169739,-0.09468412,1566947843882
4007,226,Accelerometer,-7.8829093,-2.3080103,5.0158525,1566947843883
4008,226,Gyroscope,0.07696902,0.058643065,-0.07819075,1566947843893
4009,226,Accelerometer,-7.9714947,-2.3104044999999998,4.993108,1566947843893
4010,226,Gyroscope,0.06597344599999999,0.044593163,-0.073303826,1566947843902
4011,226,Accelerometer,-8.10557,-2.2840683,4.981137,1566947843903
4012,226,Gyroscope,0.051923547,0.02443461,-0.06719518,1566947843912
4013,226,Accelerometer,-8.167819,-2.220622,4.9548005999999996,1566947843913
4014,226,Gyroscope,0.032375857,0.0067195175,-0.06536258,1566947843922
4015,226,Accelerometer,-8.087613000000001,-2.15957,4.950012,1566947843923
4016,226,Gyroscope,0.004276057,0.012217305,-0.055588737,1566947843933
4017,226,Accelerometer,-7.916428,-2.0937295,5.014655599999999,1566947843933
4018,226,Gyroscope,-0.016493361,0.02687807,-0.043982297000000004,1566947843942
4019,226,Accelerometer,-7.789535000000001,-2.0266917,5.151125,1566947843943
4020,226,Gyroscope,-0.022602014,0.05681047,-0.037873644,1566947843952
4021,226,Accelerometer,-7.603985000000001,-2.087744,5.4001220000000005,1566947843953
4022,226,Gyroscope,-0.028099801,0.09040806,-0.029321532999999997,1566947843962
4023,226,Accelerometer,-7.392098,-2.0638018,5.494693,1566947843963
4024,226,Gyroscope,-0.048258353,0.10751228,-0.010995574,1566947843972
4025,226,Accelerometer,-7.6003933,-2.1452047999999997,5.3103394999999995,1566947843973
4026,226,Gyroscope,-0.056199603,0.10812314599999999,0.026267206,1566947843982
4027,226,Accelerometer,-7.8649526,-2.1200657000000005,5.341464,1566947843983
4028,226,Gyroscope,-0.04337143,0.12095132,0.056199603,1566947843992
4029,226,Accelerometer,-8.060080000000001,-2.0470424,5.401319,1566947843993
4030,226,Gyroscope,-0.021380282999999996,0.12583824,0.06963864,1566947844002
4031,226,Accelerometer,-8.470686,-2.088941,5.3330839999999995,1566947844003
4032,226,Gyroscope,-0.0061086523,0.10995574,0.06658431,1566947844012
4033,226,Accelerometer,-8.862138,-2.0242975,5.315128,1566947844013
4034,226,Gyroscope,0.01160644,0.0983493,0.04886922,1566947844022
4035,226,Accelerometer,-9.121908,-1.9081788,5.282806,1566947844022
4036,226,Gyroscope,0.032986722999999996,0.10812314599999999,0.023823743999999997,1566947844032
4037,226,Accelerometer,-9.368511,-1.8171991000000003,5.2540755,1566947844033
4038,226,Gyroscope,0.03726278,0.099571034,-0.004276057,1566947844042
4039,226,Accelerometer,-9.491813,-1.7597381999999997,5.121197,1566947844043
4040,226,Gyroscope,0.027488936000000002,0.10323623,-0.045814894,1566947844052
4041,226,Accelerometer,-9.289502,-1.8579005000000002,4.97156,1566947844053
4042,226,Gyroscope,0.01038471,0.09468412,-0.09040806,1566947844062
4043,226,Accelerometer,-9.057265,-2.1655555,4.606444000000001,1566947844062
4044,226,Gyroscope,0.0012217305,0.05009095,-0.12950343,1566947844072
4045,226,Accelerometer,-8.599973,-2.2780828,4.392163,1566947844073
4046,226,Gyroscope,0.017715093,0.014049901000000002,-0.16004670000000001,1566947844082
4047,226,Accelerometer,-8.143877,-2.3511062000000003,4.3981485000000005,1566947844083
4048,226,Gyroscope,0.047647487,-0.004886922,-0.1881465,1566947844092
4049,226,Accelerometer,-7.745242599999999,-2.3738509999999997,4.4879313,1566947844093
4050,226,Gyroscope,0.061086524,-0.027488936000000002,-0.20586158,1566947844102
4051,226,Accelerometer,-7.414842599999999,-2.4612392999999995,4.453215,1566947844103
4052,226,Gyroscope,0.06352998,-0.06536258,-0.20769419,1566947844113
4053,226,Accelerometer,-7.2185183,-2.6072857000000003,4.292804,1566947844113
4054,226,Gyroscope,0.070249505,-0.1142318,-0.20036379999999998,1566947844122
4055,226,Accelerometer,-7.273585000000001,-2.7569232000000006,4.373009,1566947844123
4056,226,Gyroscope,0.08674286,-0.16615535,-0.18875736,1566947844132
4057,226,Accelerometer,-7.4603324,-2.6779146000000003,4.5681367,1566947844133
4058,226,Gyroscope,0.0842994,-0.21502456,-0.16676621,1566947844142
4059,226,Accelerometer,-7.620744,-2.5881321,4.7393220000000005,1566947844143
4060,226,Gyroscope,0.06780604,-0.23884831,-0.1386664,1566947844153
4061,226,Accelerometer,-7.6410947,-2.5438392000000003,4.911705,1566947844153
4062,226,Gyroscope,0.059864793,-0.24068089999999998,-0.11056661,1566947844163
4063,226,Accelerometer,-7.659051400000001,-2.4875755,5.2325277,1566947844163
4064,226,Gyroscope,0.057421334000000004,-0.226631,-0.07696902,1566947844173
4065,226,Accelerometer,-7.631517999999999,-2.3463178,5.4551888,1566947844173
4066,226,Gyroscope,0.043982297000000004,-0.19914207,-0.04886922,1566947844182
4067,226,Accelerometer,-7.630321,-2.148796,5.6096144,1566947844183
4068,226,Gyroscope,0.028099801,-0.16432275,-0.028099801,1566947844193
4069,226,Accelerometer,-7.691373,-1.7357962,5.803545,1566947844193
4070,226,Gyroscope,0.0018325957999999999,-0.124005646,-0.015271631,1566947844202
4071,226,Accelerometer,-7.771578999999999,-1.6723499,5.8238955,1566947844203
4072,226,Gyroscope,-0.032375857,-0.08063421400000001,0.0012217305,1566947844213
4073,226,Accelerometer,-7.7189064,-1.6519991000000003,5.686229,1566947844213
4074,226,Gyroscope,-0.076358154,-0.0421497,0.009773844,1566947844222
4075,226,Accelerometer,-7.5525093,-1.6531962,5.595249,1566947844223
4076,226,Gyroscope,-0.14172074,-0.028099801,0.023823743999999997,1566947844233
4077,226,Accelerometer,-7.346607700000001,-1.6771383000000002,5.4695540000000005,1566947844233
4078,226,Gyroscope,-0.16432275,-0.02443461,0.045814894,1566947844242
4079,226,Accelerometer,-7.193378999999999,-1.6962918999999999,5.335478299999999,1566947844243
4080,226,Gyroscope,-0.17287487,-0.022602014,0.073303826,1566947844253
4081,226,Accelerometer,-7.047333,-1.5885528,5.425261,1566947844253
4082,226,Gyroscope,-0.17043139999999998,0.002443461,0.10018189999999999,1566947844262
4083,226,Accelerometer,-7.022193400000001,-1.4987701999999998,5.621585400000001,1566947844263
4084,226,Gyroscope,-0.16065755,0.027488936000000002,0.13255776,1566947844272
4085,226,Accelerometer,-7.3442134999999995,-1.4891934,5.681441,1566947844273
4086,226,Gyroscope,-0.15821409,0.028099801,0.15882497,1566947844282
4087,226,Accelerometer,-7.608772999999999,-1.5454572,5.588066599999999,1566947844283
4088,226,Gyroscope,-0.16920967,0.040927973,0.15882497,1566947844292
4089,226,Accelerometer,-7.6470804,-1.6986861,5.5725045,1566947844293
4090,226,Gyroscope,-0.19364429,0.077579886,0.14049901,1566947844302
4091,226,Accelerometer,-7.7847466,-2.086547,5.3582234,1566947844302
4092,226,Gyroscope,-0.22968534,0.089186326,0.10873401,1566947844313
4093,226,Accelerometer,-7.7572136,-2.3894134,5.0721164000000005,1566947844313
4094,226,Gyroscope,-0.25167647,0.0842994,0.06291912,1566947844322
4095,226,Accelerometer,-7.6351094,-2.5773582000000004,5.0816930000000005,1566947844323
4096,226,Gyroscope,-0.23701571,0.08246681,0.007330383,1566947844332
4097,226,Accelerometer,-7.565677,-2.8155810000000003,5.1726727,1566947844333
4098,226,Gyroscope,-0.20830505,0.08002335,-0.06169739,1566947844343
4099,226,Accelerometer,-7.45315,-2.9999347000000003,5.353435,1566947844343
4100,226,Gyroscope,-0.17104226,0.08063421400000001,-0.12461651,1566947844352
4101,226,Accelerometer,-7.563283,-3.1543607999999996,5.613206,1566947844353
4102,226,Gyroscope,-0.1386664,0.07269296,-0.16126843,1566947844362
4103,226,Accelerometer,-7.702147,-3.2118216,5.7377043,1566947844363
4104,226,Gyroscope,-0.106901415,0.054367005999999996,-0.16432275,1566947844372
4105,226,Accelerometer,-7.8278419999999995,-3.2477345,5.8226986,1566947844373
4106,226,Gyroscope,-0.07147124,0.054367005999999996,-0.13622294,1566947844382
4107,226,Accelerometer,-7.881711999999999,-3.241749,5.718550700000001,1566947844383
4108,226,Gyroscope,-0.059864793,0.054367005999999996,-0.08979719,1566947844392
4109,226,Accelerometer,-7.8302364,-3.2752678,5.427655000000001,1566947844393
4110,226,Gyroscope,-0.06047566,0.030543262,-0.04153884,1566947844402
4111,226,Accelerometer,-7.704541000000001,-3.264494,5.345055,1566947844403
4112,226,Gyroscope,-0.05681047,-0.004886922,-0.005497787,1566947844412
4113,226,Accelerometer,-7.57286,-3.144784,5.4791307,1566947844413
4114,226,Gyroscope,-0.036651913,-0.043982297000000004,0.008552114,1566947844423
4115,226,Accelerometer,-7.5453267,-2.9592332999999997,5.650316,1566947844423
4116,226,Gyroscope,-0.007941248,-0.06291912,-0.0012217305,1566947844432
4117,226,Accelerometer,-7.4327993,-2.7521348,5.710171,1566947844433
4118,226,Gyroscope,0.009773844,-0.04276056599999999,-0.03176499,1566947844442
4119,226,Accelerometer,-7.3322425,-2.6755204,5.723339,1566947844443
4120,226,Gyroscope,0.018936822,-0.009773844,-0.07941248,1566947844453
4121,226,Accelerometer,-7.229292,-2.7198130000000003,5.729325,1566947844453
4122,226,Gyroscope,0.01160644,0.023823743999999997,-0.12217305,1566947844462
4123,226,Accelerometer,-7.0341644,-2.8502972,5.567716000000001,1566947844463
4124,226,Gyroscope,0.008552114,0.04276056599999999,-0.11911872,1566947844472
4125,226,Accelerometer,-6.885724000000001,-2.9712042999999997,5.5090580000000005,1566947844473
4126,226,Gyroscope,0.030543262,0.040927973,-0.11362094,1566947844482
4127,226,Accelerometer,-6.849811,-3.063381,5.647922,1566947844483
4128,226,Gyroscope,0.05375614,0.044593163,-0.105068825,1566947844492
4129,226,Accelerometer,-6.919242999999999,-3.122039,5.7808,1566947844493
4130,226,Gyroscope,0.061086524,0.06597344599999999,-0.095294975,1566947844502
4131,226,Accelerometer,-7.037756,-3.1854854,5.840655,1566947844503
4132,226,Gyroscope,0.07147124,0.08063421400000001,-0.093462385,1566947844512
4133,226,Accelerometer,-7.229292,-3.2321722999999998,5.841851999999999,1566947844512
4134,226,Gyroscope,0.07696902,0.09101892,-0.09407325,1566947844522
4135,226,Accelerometer,-7.499836999999999,-3.2992098,5.7819970000000005,1566947844523
4136,226,Gyroscope,0.08307768,0.095294975,-0.09285152,1566947844532
4137,226,Accelerometer,-7.7811556,-3.288436,5.7089739999999995,1566947844533
4138,226,Gyroscope,0.0842994,0.103847094,-0.10140363,1566947844542
4139,226,Accelerometer,-7.94037,-3.2225955,5.664681400000001,1566947844543
4140,226,Gyroscope,0.07269296,0.10995574,-0.12217305,1566947844553
4141,226,Accelerometer,-8.010999,-3.1627405,5.449203,1566947844553
4142,226,Gyroscope,0.04153884,0.11484267,-0.13744467,1566947844562
4143,226,Accelerometer,-7.972691499999999,-3.181894,5.197812,1566947844563
4144,226,Gyroscope,0.021991148999999998,0.11178834,-0.15821409,1566947844572
4145,226,Accelerometer,-7.872135000000001,-3.217807,5.0134583,1566947844573
4146,226,Gyroscope,0.02321288,0.099571034,-0.17470746,1566947844582
4147,226,Accelerometer,-7.7608047000000004,-3.264494,4.9799394999999995,1566947844583
4148,226,Gyroscope,0.03848451,0.077579886,-0.18448131,1566947844592
4149,226,Accelerometer,-7.6494746,-3.3494883,4.9200845,1566947844593
4150,226,Gyroscope,0.064751714,0.059253927000000005,-0.18020524,1566947844602
4151,226,Accelerometer,-7.60997,-3.4117374,4.965574299999999,1566947844603
4152,226,Gyroscope,0.10018189999999999,0.043982297000000004,-0.17531833,1566947844612
4153,226,Accelerometer,-7.6375036,-3.4835634,5.085284,1566947844613
4154,226,Gyroscope,0.118507855,0.047036625,-0.15821409,1566947844622
4155,226,Accelerometer,-7.7428484,-3.5146879999999996,5.163096,1566947844623
4156,226,Gyroscope,0.11789699,0.06291912,-0.13927728,1566947844632
4157,226,Accelerometer,-7.8673470000000005,-3.5446155,5.195418,1566947844633
4158,226,Gyroscope,0.116675265,0.07391469,-0.12156218,1566947844642
4159,226,Accelerometer,-7.9954367,-3.5541922999999995,5.233725,1566947844643
4160,226,Gyroscope,0.111177474,0.05681047,-0.09773844,1566947844653
4161,226,Accelerometer,-8.027759,-3.4045547999999997,5.195418,1566947844653
4162,226,Gyroscope,0.11362094,0.049480084,-0.07086037,1566947844662
4163,226,Accelerometer,-7.8649526,-3.228581,5.261258,1566947844663
4164,226,Gyroscope,0.11545353400000001,0.04153884,-0.05131268,1566947844672
4165,226,Accelerometer,-7.698555499999999,-3.1232362,5.3785739999999995,1566947844673
4166,226,Gyroscope,0.11911872,0.03848451,-0.032375857,1566947844682
4167,226,Accelerometer,-7.4986396,-3.1028854999999997,5.5150437000000005,1566947844683
4168,226,Gyroscope,0.14538592,0.03970624,-0.019547688,1566947844692
4169,226,Accelerometer,-7.352593400000001,-3.027468,5.5844755,1566947844693
4170,226,Gyroscope,0.15943582,0.06352998,-0.016493361,1566947844702
4171,226,Accelerometer,-7.2963295,-2.9724014,5.5461683,1566947844703
4172,226,Gyroscope,0.172264,0.07941248,-0.020158553,1566947844712
4173,226,Accelerometer,-7.3609734,-2.9508536,5.5102553,1566947844713
4174,226,Gyroscope,0.19486602,0.09590584,-0.026267206,1566947844722
4175,226,Accelerometer,-7.487866,-2.9125464,5.4683566,1566947844723
4176,226,Gyroscope,0.20586158,0.10262536,-0.03848451,1566947844733
4177,226,Accelerometer,-7.6710224,-2.847903,5.342661,1566947844733
4178,226,Gyroscope,0.21380283,0.09407325,-0.05009095,1566947844742
4179,226,Accelerometer,-7.833828,-2.7341783,5.3127337,1566947844743
4180,226,Gyroscope,0.22052236,0.07513642,-0.06169739,1566947844752
4181,226,Accelerometer,-7.935581699999999,-2.6264392999999995,5.327099,1566947844753
4182,226,Gyroscope,0.22113322,0.05681047,-0.06780604,1566947844762
4183,226,Accelerometer,-7.8876976999999995,-2.5785553,5.270835,1566947844763
4184,226,Gyroscope,0.21013765,0.05681047,-0.069027774,1566947844772
4185,226,Accelerometer,-7.824250999999999,-2.5498247000000003,5.2157683,1566947844773
4186,226,Gyroscope,0.19792034,0.06536258,-0.06536258,1566947844782
4187,226,Accelerometer,-7.747636999999999,-2.552219,5.261258,1566947844783
4188,226,Gyroscope,0.19303341,0.07391469,-0.06658431,1566947844792
4189,226,Accelerometer,-7.7428484,-2.553416,5.3821654,1566947844793
4190,226,Gyroscope,0.20219639,0.07696902,-0.08002335,1566947844802
4191,226,Accelerometer,-7.706935400000001,-2.5462333999999998,5.474342299999999,1566947844803
4192,226,Gyroscope,0.20769419,0.07452556,-0.08857546,1566947844812
4193,226,Accelerometer,-7.7428484,-2.5103204,5.483919,1566947844813
4194,226,Gyroscope,0.21013765,0.064751714,-0.103847094,1566947844822
4195,226,Accelerometer,-7.741650999999999,-2.4492682999999995,5.5042696,1566947844823
4196,226,Gyroscope,0.20525073,0.05497787,-0.12095132,1566947844833
4197,226,Accelerometer,-7.666233999999999,-2.4049757,5.427655000000001,1566947844833
4198,226,Gyroscope,0.19486602,0.04886922,-0.13683382,1566947844842
4199,226,Accelerometer,-7.5046253,-2.3606830000000003,5.4851160000000005,1566947844843
4200,226,Gyroscope,0.19364429,0.06658431,-0.15760323,1566947844852
4201,226,Accelerometer,-7.386112,-2.3702598,5.5509567,1566947844853
4202,226,Gyroscope,0.21319197,0.084910266,-0.17592919,1566947844863
4203,226,Accelerometer,-7.350199000000001,-2.4277205000000004,5.657499,1566947844863
4204,226,Gyroscope,0.2321288,0.09896017,-0.19792034,1566947844872
4205,226,Accelerometer,-7.5046253,-2.5570072999999995,5.5617304,1566947844873
4206,226,Gyroscope,0.23457226,0.095294975,-0.21807889999999996,1566947844882
4207,226,Accelerometer,-7.7344685,-2.5881321,5.4408236,1566947844883
4208,226,Gyroscope,0.2302962,0.08307768,-0.22540927,1566947844892
4209,226,Accelerometer,-7.949947,-2.6252422,5.427655000000001,1566947844893
4210,226,Gyroscope,0.22540927,0.092240654,-0.21868975,1566947844902
4211,226,Accelerometer,-8.141483000000001,-2.6862943,5.386954,1566947844903
4212,226,Gyroscope,0.21746802,0.10629055,-0.20280726,1566947844912
4213,226,Accelerometer,-8.228871,-2.779668,5.3390699999999995,1566947844913
4214,226,Gyroscope,0.20280726,0.105068825,-0.18509217,1566947844922
4215,226,Accelerometer,-8.125919999999999,-2.8191724,5.2875943,1566947844923
4216,226,Gyroscope,0.19730948,0.10629055,-0.17898351,1566947844933
4217,226,Accelerometer,-7.994239299999999,-2.8203697,5.3103394999999995,1566947844933
4218,226,Gyroscope,0.19975294,0.1160644,-0.18387043,1566947844942
4219,226,Accelerometer,-7.928399000000001,-2.7964275,5.347449299999999,1566947844943
4220,226,Gyroscope,0.20586158,0.124005646,-0.18570304,1566947844952
4221,226,Accelerometer,-7.8829093,-2.80361,5.3402667,1566947844953
4222,226,Gyroscope,0.20708331,0.119729586,-0.18509217,1566947844962
4223,226,Accelerometer,-7.876923599999999,-2.8179752999999996,5.272032299999999,1566947844963
4224,226,Gyroscope,0.1966986,0.11301007,-0.18570304,1566947844972
4225,226,Accelerometer,-7.8733325,-2.8335377999999998,5.1367598,1566947844973
4226,226,Gyroscope,0.19425514,0.0983493,-0.17654006,1566947844982
4227,226,Accelerometer,-7.8577699999999995,-2.7820622999999998,5.106832,1566947844983
4228,226,Gyroscope,0.19242255,0.099571034,-0.16920967,1566947844992
4229,226,Accelerometer,-7.796717599999999,-2.6563668,5.1379566,1566947844993
4230,226,Gyroscope,0.17715092,0.086132,-0.15577064,1566947845002
4231,226,Accelerometer,-7.53575,-2.5127146000000002,5.0637364,1566947845003
4232,226,Gyroscope,0.15515977,0.070249505,-0.14049901,1566947845013
4233,226,Accelerometer,-7.249642999999999,-2.4061728,5.0122614,1566947845013
4234,226,Gyroscope,0.14599679999999998,0.039095376,-0.12217305,1566947845022
4235,226,Accelerometer,-7.08564,-2.3726540000000003,4.911705,1566947845023
4236,226,Gyroscope,0.14599679999999998,0.007330383,-0.08735373,1566947845032
4237,226,Accelerometer,-6.994660400000001,-2.3127987,4.8638205999999995,1566947845033
4238,226,Gyroscope,0.14966199,0.005497787,-0.048258353,1566947845042
4239,226,Accelerometer,-6.9826894,-2.1990743,4.9679685,1566947845043
4240,226,Gyroscope,0.14538592,0.021380282999999996,-0.014660766,1566947845052
4241,226,Accelerometer,-7.105990400000001,-2.055422,5.102043599999999,1566947845053
4242,226,Gyroscope,0.15210545,0.036651913,0.0018325957999999999,1566947845062
4243,226,Accelerometer,-7.2723875,-1.9428947,5.272032299999999,1566947845063
4244,226,Gyroscope,0.14110987,0.04886922,0.004276057,1566947845072
4245,226,Accelerometer,-7.444770299999999,-1.8686744,5.234922,1566947845073
4246,226,Gyroscope,0.12095132,0.06597344599999999,-0.004276057,1566947845082
4247,226,Accelerometer,-7.6219410000000005,-1.8387468999999996,5.213374,1566947845083
4248,226,Gyroscope,0.1020145,0.0842994,-0.027488936000000002,1566947845092
4249,226,Accelerometer,-7.727286,-1.8447324,5.317522,1566947845093
4250,226,Gyroscope,0.10018189999999999,0.09407325,-0.04520403,1566947845103
4251,226,Accelerometer,-7.819463000000001,-1.8950106,5.3582234,1566947845103
4252,226,Gyroscope,0.105068825,0.10079276599999999,-0.059864793,1566947845112
4253,226,Accelerometer,-8.074444999999999,-2.1080947,5.4480059999999995,1566947845113
4254,226,Gyroscope,0.11484267,0.10140363,-0.06963864,1566947845122
4255,226,Accelerometer,-8.158242,-2.1847090000000002,5.3701944,1566947845123
4256,226,Gyroscope,0.12461651,0.07880162,-0.07819075,1566947845132
4257,226,Accelerometer,-8.082825,-2.2158337,5.2564697,1566947845133
4258,226,Gyroscope,0.12156218,0.04276056599999999,-0.076358154,1566947845142
4259,226,Accelerometer,-7.872135000000001,-2.1930888,5.408501599999999,1566947845143
4260,226,Gyroscope,0.1160644,0.018325957,-0.055588737,1566947845152
4261,226,Accelerometer,-7.758410499999999,-2.0817582999999997,5.652710400000001,1566947845153
4262,226,Gyroscope,0.1142318,0.013439035,-0.045814894,1566947845162
4263,226,Accelerometer,-7.667431,-1.9105729999999999,5.746084,1566947845163
4264,226,Gyroscope,0.11789699,0.007941248,-0.03176499,1566947845172
4265,226,Accelerometer,-7.6231384,-1.7441759,5.9041014,1566947845173
4266,226,Gyroscope,0.112399206,0.032986722999999996,-0.014660766,1566947845182
4267,226,Accelerometer,-7.678205,-1.6220716,6.089652,1566947845183
4268,226,Gyroscope,0.09712757,0.06291912,-0.0018325957999999999,1566947845192
4269,226,Accelerometer,-7.730877400000001,-1.5861586,6.208165,1566947845193
4270,226,Gyroscope,0.0842994,0.11178834,-0.0012217305,1566947845203
4271,226,Accelerometer,-7.7153149999999995,-1.6328455,6.281187999999999,1566947845203
4272,226,Gyroscope,0.073303826,0.16920967,-0.004276057,1566947845212
4273,226,Accelerometer,-7.785944000000001,-1.7322049,6.2704144,1566947845213
4274,226,Gyroscope,0.06414085,0.22479841,-0.014049901000000002,1566947845222
4275,226,Accelerometer,-7.797915,-1.7369933000000002,6.241683999999999,1566947845223
4276,226,Gyroscope,0.05681047,0.28710666,-0.03176499,1566947845232
4277,226,Accelerometer,-7.8278419999999995,-1.6998832,6.149507,1566947845233
4278,226,Gyroscope,0.055588737,0.3286455,-0.04642576,1566947845242
4279,226,Accelerometer,-7.844601600000001,-1.590947,5.9998693,1566947845243
4280,226,Gyroscope,0.058643065,0.36896262,-0.06047566,1566947845252
4281,226,Accelerometer,-7.839813,-1.4628572,5.8083334,1566947845253
4282,226,Gyroscope,0.06597344599999999,0.42149702,-0.07147124,1566947845262
4283,226,Accelerometer,-7.881711999999999,-1.435324,5.5377884,1566947845263
4284,226,Gyroscope,0.0720821,0.4569272,-0.09040806,1566947845273
4285,226,Accelerometer,-7.856573,-1.5861586,5.306748000000001,1566947845273
4286,226,Gyroscope,0.08674286,0.47158796,-0.11911872,1566947845282
4287,226,Accelerometer,-7.9990277,-1.8447324,5.056554,1566947845283
4288,226,Gyroscope,0.10262536,0.43676865,-0.15393804,1566947845292
4289,226,Accelerometer,-8.036138000000001,-2.0853498,4.759673,1566947845293
4290,226,Gyroscope,0.12034045,0.37995818,-0.1826487,1566947845302
4291,226,Accelerometer,-8.024167,-2.2828712,4.474762999999999,1566947845303
4292,226,Gyroscope,0.1337795,0.31764993,-0.18509217,1566947845312
4293,226,Accelerometer,-7.9367785,-2.3116016,4.2760444,1566947845313
4294,226,Gyroscope,0.17287487,0.25900686,-0.17959438,1566947845322
4295,226,Accelerometer,-7.843405000000001,-2.1523874,4.4663835,1566947845323
4296,226,Gyroscope,0.23273966,0.21135938,-0.16737708,1566947845332
4297,226,Accelerometer,-7.9032598,-2.0278888,4.4400473,1566947845333
4298,226,Gyroscope,0.2864958,0.12767084,-0.15210545,1566947845342
4299,226,Accelerometer,-8.14268,-1.9297266,4.323928400000001,1566947845343
4300,226,Gyroscope,0.3115413,0.05375614,-0.15393804,1566947845353
4301,226,Accelerometer,-8.371326,-1.8291701,4.4101195,1566947845353
4302,226,Gyroscope,0.30665436,0.013439035,-0.16554448,1566947845362
4303,226,Accelerometer,-8.611943,-1.8183962,4.5681367,1566947845363
4304,226,Gyroscope,0.28771752,-0.01282817,-0.18692477,1566947845372
4305,226,Accelerometer,-8.772355000000001,-1.8148049,4.805162999999999,1566947845373
4306,226,Gyroscope,0.26633725,-0.010995574,-0.19425514,1566947845383
4307,226,Accelerometer,-8.6574335,-1.7381904,4.9775453,1566947845383
4308,226,Gyroscope,0.25595254,-0.008552114,-0.20219639,1566947845392
4309,226,Accelerometer,-8.488642,-1.6675615000000001,5.014655599999999,1566947845393
4310,226,Gyroscope,0.25473082,-0.00061086525,-0.21563543,1566947845402
4311,226,Accelerometer,-8.275558,-1.5095441,5.140351,1566947845403
4312,226,Gyroscope,0.25961772,0.0067195175,-0.226631,1566947845412
4313,226,Accelerometer,-8.091205,-1.3850456,5.3330839999999995,1566947845413
4314,226,Gyroscope,0.27305678,0.013439035,-0.23884831,1566947845423
4315,226,Accelerometer,-8.043321,-1.3551182,5.481525,1566947845423
4316,226,Gyroscope,0.28344148,0.029321532999999997,-0.25473082,1566947845432
4317,226,Accelerometer,-8.070853999999999,-1.3431472,5.6586957,1566947845433
4318,226,Gyroscope,0.28405234,0.06047566,-0.26083946,1566947845442
4319,226,Accelerometer,-8.12233,-1.3587095,5.746084,1566947845443
4320,226,Gyroscope,0.26939157,0.10262536,-0.25778514,1566947845453
4321,226,Accelerometer,-8.159439,-1.3910311000000002,5.8179099999999995,1566947845453
4322,226,Gyroscope,0.24862215,0.14294247,-0.24617869,1566947845462
4323,226,Accelerometer,-8.159439,-1.4580688,5.803545,1566947845463
4324,226,Gyroscope,0.23151793,0.18570304,-0.226631,1566947845472
4325,226,Accelerometer,-8.074444999999999,-1.5298948,5.7999535,1566947845473
4326,226,Gyroscope,0.23273966,0.22235495,-0.20280726,1566947845483
4327,226,Accelerometer,-7.983465700000001,-1.5514427,5.7784057,1566947845483
4328,226,Gyroscope,0.2443461,0.24373524,-0.18081611,1566947845492
4329,226,Accelerometer,-7.896077,-1.5598223999999998,5.6982,1566947845493
4330,226,Gyroscope,0.25595254,0.25473082,-0.16676621,1566947845502
4331,226,Accelerometer,-7.807492,-1.5167267,5.5521536,1566947845503
4332,226,Gyroscope,0.26389378,0.25350907,-0.16249016,1566947845512
4333,226,Accelerometer,-7.706935400000001,-1.4197617,5.4001220000000005,1566947845514
4334,226,Gyroscope,0.27550024,0.25350907,-0.16920967,1566947845523
4335,226,Accelerometer,-7.60997,-1.3239936,5.272032299999999,1566947845523
4336,226,Gyroscope,0.29321529999999996,0.28099802,-0.17715092,1566947845532
4337,226,Accelerometer,-7.562086,-1.2150573999999998,5.2277393,1566947845533
4338,226,Gyroscope,0.30848694,0.3023783,-0.18631389999999998,1566947845542
4339,226,Accelerometer,-7.687782,-1.1815386,5.175066999999999,1566947845543
4340,226,Gyroscope,0.3286455,0.28221974,-0.2144137,1566947845552
4341,226,Accelerometer,-7.9954367,-1.3275848999999997,5.106832,1566947845553
4342,226,Gyroscope,0.3555236,0.24862215,-0.258396,1566947845563
4343,226,Accelerometer,-8.110358,-1.4329298000000001,5.177461,1566947845563
4344,226,Gyroscope,0.37568212,0.226631,-0.29749137,1566947845572
4345,226,Accelerometer,-8.537724,-1.6089035,5.199008999999999,1566947845573
4346,226,Gyroscope,0.38545597,0.23518312,-0.32803464,1566947845582
4347,226,Accelerometer,-8.643068,-1.733402,5.1092260000000005,1566947845583
4348,226,Gyroscope,0.39400807,0.24801129,-0.33658674,1566947845592
4349,226,Accelerometer,-8.695741,-1.7908629,5.035006,1566947845593
4350,226,Gyroscope,0.40194935,0.22113322,-0.3268129,1566947845602
4351,226,Accelerometer,-8.583213,-1.7357962,4.9081135,1566947845603
4352,226,Gyroscope,0.42149702,0.13927728,-0.28710666,1566947845613
4353,226,Accelerometer,-8.287529,-1.650802,4.841076,1566947845613
4354,226,Gyroscope,0.42271876,0.11545353400000001,-0.24190263,1566947845622
4355,226,Accelerometer,-8.069656,-1.5119383,4.8542438,1566947845623
4356,226,Gyroscope,0.41905355,0.11056661,-0.21258110000000002,1566947845632
4357,226,Accelerometer,-7.8876976999999995,-1.2976573999999998,4.8542438,1566947845633
4358,226,Gyroscope,0.4166101,0.09712757,-0.20525073,1566947845642
4359,226,Accelerometer,-7.759608,-1.1336545,4.8698063,1566947845643
4360,226,Gyroscope,0.4166101,0.089186326,-0.21074851,1566947845652
4361,226,Accelerometer,-7.745242599999999,-0.9804255999999999,5.066130599999999,1566947845653
4362,226,Gyroscope,0.41416663,0.09407325,-0.22724187,1566947845662
4363,226,Accelerometer,-7.762002000000001,-0.92057055,5.295974299999999,1566947845663
4364,226,Gyroscope,0.40744713,0.11178834,-0.24312437,1566947845672
4365,226,Accelerometer,-7.801506,-0.8870517,5.4504004,1566947845673
4366,226,Gyroscope,0.40622538,0.12705997,-0.258396,1566947845682
4367,226,Accelerometer,-7.831434,-0.8834603999999999,5.487509999999999,1566947845683
4368,226,Gyroscope,0.408058,0.14477506,-0.2742785,1566947845692
4369,226,Accelerometer,-7.972691499999999,-0.94930094,5.483919,1566947845693
4370,226,Gyroscope,0.41538838,0.16065755,-0.28955013,1566947845702
4371,226,Accelerometer,-8.085219,-0.9528923,5.4432178,1566947845703
4372,226,Gyroscope,0.4166101,0.172264,-0.3036,1566947845712
4373,226,Accelerometer,-8.207322999999999,-0.9756372,5.389348,1566947845713
4374,226,Gyroscope,0.41233405,0.18203785,-0.3145956,1566947845723
4375,226,Accelerometer,-8.349778,-0.9504981,5.4025164000000006,1566947845723
4376,226,Gyroscope,0.40317106,0.20158553,-0.31520647,1566947845732
4377,226,Accelerometer,-8.445546,-0.94690675,5.412093,1566947845733
4378,226,Gyroscope,0.39461896,0.21685717,-0.3145956,1566947845742
4379,226,Accelerometer,-8.455123,-1.0139444,5.3163247,1566947845743
4380,226,Gyroscope,0.3811799,0.22113322,-0.31031954,1566947845752
4381,226,Accelerometer,-8.383297,-1.1348516000000002,5.1523223,1566947845753
4382,226,Gyroscope,0.36896262,0.22479841,-0.29321529999999996,1566947845762
4383,226,Accelerometer,-8.280347,-1.2258313,5.0996494000000006,1566947845763
4384,226,Gyroscope,0.36102137,0.23457226,-0.27550024,1566947845773
4385,226,Accelerometer,-8.173803999999999,-1.2904748,5.094861,1566947845773
4386,226,Gyroscope,0.35979962,0.23273966,-0.27122417,1566947845782
4387,226,Accelerometer,-8.133103,-1.3359646,5.048174400000001,1566947845783
4388,226,Gyroscope,0.36346483,0.22724187,-0.2706133,1566947845792
4389,226,Accelerometer,-8.178593,-1.4030021000000001,4.995502,1566947845793
4390,226,Gyroscope,0.37018433,0.22113322,-0.2779437,1566947845802
4391,226,Accelerometer,-8.287529,-1.4329298000000001,4.953603299999999,1566947845803
4392,226,Gyroscope,0.37995818,0.21013765,-0.28588495,1566947845812
4393,226,Accelerometer,-8.350976,-1.4784195,4.933253,1566947845813
4394,226,Gyroscope,0.38912117,0.19914207,-0.2864958,1566947845822
4395,226,Accelerometer,-8.355764,-1.5083469999999999,4.876989,1566947845823
4396,226,Gyroscope,0.40317106,0.17165314,-0.29199359999999996,1566947845832
4397,226,Accelerometer,-8.300697,-1.4927847,4.8626237,1566947845833
4398,226,Gyroscope,0.41233405,0.15027285,-0.29382620000000004,1566947845842
4399,226,Accelerometer,-8.22528,-1.4293385,4.853047,1566947845843
4400,226,Gyroscope,0.42210788,0.13500121,-0.3036,1566947845852
4401,226,Accelerometer,-8.224083,-1.3383588,4.879383,1566947845853
4402,226,Gyroscope,0.42943826,0.12034045,-0.3145956,1566947845863
4403,226,Accelerometer,-8.259995,-1.316811,4.9105077,1566947845863
4404,226,Gyroscope,0.42516220000000005,0.10995574,-0.32803464,1566947845872
4405,226,Accelerometer,-8.306683,-1.3838485,4.9105077,1566947845873
4406,226,Gyroscope,0.4288274,0.10629055,-0.33964106,1566947845882
4407,226,Accelerometer,-8.322245,-1.4460978999999998,5.029021,1566947845883
4408,226,Gyroscope,0.43676865,0.10873401,-0.34636059999999996,1566947845892
4409,226,Accelerometer,-8.322245,-1.5310919,5.0840874000000005,1566947845893
4410,226,Gyroscope,0.43310347,0.1142318,-0.34941490000000003,1566947845902
4411,226,Accelerometer,-8.291121,-1.6519991000000003,5.117605999999999,1566947845903
4412,226,Gyroscope,0.4392121,0.12034045,-0.34147367,1566947845913
4413,226,Accelerometer,-8.250419,-1.7357962,5.1571107000000005,1566947845913
4414,226,Gyroscope,0.44348818,0.13194689,-0.3359759,1566947845922
4415,226,Accelerometer,-8.24563,-1.7525556,5.2540755,1566947845923
4416,226,Gyroscope,0.43982297,0.14294247,-0.32803464,1566947845932
4417,226,Accelerometer,-8.250419,-1.7477672,5.261258,1566947845933
4418,226,Gyroscope,0.4343252,0.13500121,-0.31764993,1566947845942
4419,226,Accelerometer,-8.219294999999999,-1.7310078000000002,5.1523223,1566947845943
4420,226,Gyroscope,0.4288274,0.13255776,-0.30787608,1566947845952
4421,226,Accelerometer,-8.204929,-1.6891093000000001,5.103241000000001,1566947845953
4422,226,Gyroscope,0.42516220000000005,0.13255776,-0.3005457,1566947845962
4423,226,Accelerometer,-8.184579,-1.6400281000000003,5.112818,1566947845963
4424,226,Gyroscope,0.42149702,0.12095132,-0.30115658,1566947845972
4425,226,Accelerometer,-8.167819,-1.5957354,5.1379566,1566947845973
4426,226,Gyroscope,0.41844269999999995,0.12034045,-0.30787608,1566947845982
4427,226,Accelerometer,-8.127118,-1.5658079,5.243302,1566947845983
4428,226,Gyroscope,0.41905355,0.12522738,-0.31642818,1566947845993
4429,226,Accelerometer,-8.095993,-1.5490485,5.357026,1566947845993
4430,226,Gyroscope,0.41355577,0.12950343,-0.32375857,1566947846002
4431,226,Accelerometer,-8.109161,-1.6124948000000001,5.354632,1566947846003
4432,226,Gyroscope,0.40439278,0.12705997,-0.3286455,1566947846012
4433,226,Accelerometer,-8.110358,-1.6496049,5.2409077,1566947846013
4434,226,Gyroscope,0.39095375,0.14049901,-0.33353242,1566947846022
4435,226,Accelerometer,-8.119935,-1.7238252,5.183447,1566947846023
4436,226,Gyroscope,0.38912117,0.14844026,-0.33658674,1566947846032
4437,226,Accelerometer,-8.069656,-1.8267759,5.2241483,1566947846033
4438,226,Gyroscope,0.38912117,0.16371189,-0.34147367,1566947846042
4439,226,Accelerometer,-8.013392999999999,-1.8471266,5.3247046,1566947846043
4440,226,Gyroscope,0.39400807,0.17409660000000002,-0.34880406,1566947846052
4441,226,Accelerometer,-8.002619000000001,-1.8543092,5.3833623,1566947846053
4442,226,Gyroscope,0.40622538,0.17592919,-0.35124752,1566947846062
4443,226,Accelerometer,-7.973889,-1.8602947,5.434838,1566947846063
4444,226,Gyroscope,0.40744713,0.18997909,-0.35735616,1566947846072
4445,226,Accelerometer,-7.9236107,-1.8794483,5.4863133,1566947846073
4446,226,Gyroscope,0.40378192,0.21380283,-0.35735616,1566947846083
4447,226,Accelerometer,-7.8625584,-1.958457,5.521029,1566947846083
4448,226,Gyroscope,0.40683624,0.21624629,-0.35735616,1566947846092
4449,226,Accelerometer,-7.833828,-2.067393,5.397728,1566947846093
4450,226,Gyroscope,0.40683624,0.20525073,-0.35613444,1566947846102
4451,226,Accelerometer,-7.8158712,-2.0913353,5.2624555,1566947846103
4452,226,Gyroscope,0.40866885,0.19914207,-0.35369098,1566947846112
4453,226,Accelerometer,-7.711724,-1.9716251,5.311536299999999,1566947846113
4454,226,Gyroscope,0.42271876,0.19547687,-0.3555236,1566947846122
4455,226,Accelerometer,-7.931989999999999,-1.9416976000000001,5.374983,1566947846123
4456,226,Gyroscope,0.44532076,0.19853121,-0.37201694,1566947846132
4457,226,Accelerometer,-7.384915400000001,-2.0506337,5.5617304,1566947846133
4458,226,Gyroscope,0.45998153,0.22052236,-0.35918877,1566947846142
4459,226,Accelerometer,-7.6865845,-1.9536686,5.427655000000001,1566947846143
4460,226,Gyroscope,0.47219884,0.23518312,-0.37690386,1566947846152
4461,226,Accelerometer,-7.795521000000001,-1.9393034,5.523423,1566947846153
4462,226,Gyroscope,0.47525316,0.24740042,-0.3830125,1566947846162
4463,226,Accelerometer,-7.920019,-1.9069817,5.507861,1566947846163
4464,226,Gyroscope,0.4642576,0.25595254,-0.38545597,1566947846172
4465,226,Accelerometer,-8.086416,-1.9141643,5.4049106,1566947846173
4466,226,Gyroscope,0.44226643,0.2706133,-0.38789943,1566947846182
4467,226,Accelerometer,-8.104372999999999,-2.0518308000000003,5.1942205,1566947846183
4468,226,Gyroscope,0.42516220000000005,0.28405234,-0.38362336,1566947846193
4469,226,Accelerometer,-8.028955,-2.0685901999999996,5.106832,1566947846193
4470,226,Gyroscope,0.42332962,0.2773328,-0.376293,1566947846202
4471,226,Accelerometer,-8.031349,-1.9847932000000001,5.048174400000001,1566947846203
4472,226,Gyroscope,0.4269948,0.26083946,-0.37873647,1566947846212
4473,226,Accelerometer,-7.540538300000001,-2.0254946,5.1379566,1566947846213
4474,226,Gyroscope,0.44348818,0.25473082,-0.37140608,1566947846222
4475,226,Accelerometer,-7.702147,-1.8483237000000001,5.279215,1566947846223
4476,226,Gyroscope,0.46792278,0.24312437,-0.38423425,1566947846232
4477,226,Accelerometer,-7.839813,-1.7202339,5.555745,1566947846233
4478,226,Gyroscope,0.48258355,0.24190263,-0.39461896,1566947846243
4479,226,Accelerometer,-7.9511437,-1.7681179,5.4899044,1566947846243
4480,226,Gyroscope,0.47342056,0.23273966,-0.398895,1566947846252
4481,226,Accelerometer,-8.149861999999999,-1.9153613999999999,5.2540755,1566947846253
4482,226,Gyroscope,0.4569272,0.22968534,-0.39828414,1566947846262
4483,226,Accelerometer,-8.279149,-2.0649989,5.1475334,1566947846263
4484,226,Gyroscope,0.45142943,0.24007004,-0.38851030000000003,1566947846272
4485,226,Accelerometer,-8.3150625,-2.1080947,5.129576999999999,1566947846273
4486,226,Gyroscope,0.45753807,0.2510656,-0.37812558,1566947846282
4487,226,Accelerometer,-8.423999,-2.112883,5.102043599999999,1566947846283
4488,226,Gyroscope,0.45937067,0.25167647,-0.37934732,1566947846293
4489,226,Accelerometer,-8.064867999999999,-2.2278047,4.950012,1566947846293
4490,226,Gyroscope,0.47158796,0.21380283,-0.35430184,1566947846302
4491,226,Accelerometer,-8.130709,-2.1284454,4.7165775000000005,1566947846303
4492,226,Gyroscope,0.48441613,0.17959438,-0.34086279999999997,1566947846312
4493,226,Accelerometer,-8.129512,-2.1045034,4.677073,1566947846313
4494,226,Gyroscope,0.5009095,0.14355333,-0.3304781,1566947846322
4495,226,Accelerometer,-8.046911999999999,-2.0685901999999996,4.6830587,1566947846323
4496,226,Gyroscope,0.5290093000000001,0.1020145,-0.3268129,1566947846332
4497,226,Accelerometer,-8.074444999999999,-2.0961237,4.650737,1566947846333
4498,226,Gyroscope,0.5558874,0.06352998,-0.3286455,1566947846342
4499,226,Accelerometer,-8.169016000000001,-2.1080947,4.618415,1566947846343
4500,226,Gyroscope,0.57604593,0.018936822,-0.33475417,1566947846353
4501,226,Accelerometer,-8.258799,-2.0913353,4.606444000000001,1566947846353
4502,226,Gyroscope,0.57787853,-0.029321532999999997,-0.34330627,1566947846362
4503,226,Accelerometer,-8.240842,-2.018312,4.5202527,1566947846363
4504,226,Gyroscope,0.5729916,-0.06291912,-0.3622431,1566947846372
4505,226,Accelerometer,-8.133103,-1.8794483,4.630386,1566947846373
4506,226,Gyroscope,0.5723807,-0.08124508,-0.37690386,1566947846382
4507,226,Accelerometer,-8.1343,-1.8040310000000002,4.8255134,1566947846383
4508,226,Gyroscope,0.57726765,-0.08124508,-0.39645153,1566947846392
4509,226,Accelerometer,-8.015787,-1.7381904,5.153519,1566947846394
4510,226,Gyroscope,0.57543504,-0.06841691,-0.40500367,1566947846403
4511,226,Accelerometer,-8.111555000000001,-1.7082629,5.425261,1566947846403
4512,226,Gyroscope,0.5699373000000001,-0.064751714,-0.41172317,1566947846412
4513,226,Accelerometer,-8.153454,-1.6938977,5.641936299999999,1566947846413
4514,226,Gyroscope,0.5546656,-0.057421334000000004,-0.4098906,1566947846422
4515,226,Accelerometer,-8.204929,-1.8064252,5.738901599999999,1566947846423
4516,226,Gyroscope,0.5345071,-0.032986722999999996,-0.40317106,1566947846432
4517,226,Accelerometer,-8.207322999999999,-1.8686744,5.8622026,1566947846433
4518,226,Gyroscope,0.5149594,-0.008552114,-0.39278635,1566947846443
4519,226,Accelerometer,-8.048109,-1.9464860000000002,5.8681884,1566947846443
4520,226,Gyroscope,0.48930305,0.0012217305,-0.36896262,1566947846452
4521,226,Accelerometer,-7.727286,-2.0231004,5.7245364,1566947846453
4522,226,Gyroscope,0.48197266,-0.007941248,-0.35002577,1566947846462
4523,226,Accelerometer,-7.4603324,-2.0374656000000004,5.614403,1566947846463
4524,226,Gyroscope,0.48808134,0.018325957,-0.34697145,1566947846472
4525,226,Accelerometer,-7.2628107,-1.9500773,5.741296,1566947846473
4526,226,Gyroscope,0.49174652,0.055588737,-0.34208453,1566947846482
4527,226,Accelerometer,-7.204153,-1.8195933000000002,5.8574142,1566947846483
4528,226,Gyroscope,0.48502702,0.105068825,-0.34208453,1566947846492
4529,226,Accelerometer,-7.229292,-1.8914193,5.960365299999999,1566947846493
4530,226,Gyroscope,0.4654793,0.14538592,-0.33353242,1566947846502
4531,226,Accelerometer,-7.229292,-2.086547,5.7808,1566947846503
4532,226,Gyroscope,0.44104472,0.17470746,-0.31520647,1566947846512
4533,226,Accelerometer,-7.237672,-2.2313959999999997,5.625177,1566947846513
4534,226,Gyroscope,0.41905355,0.19058995,-0.28221974,1566947846522
4535,226,Accelerometer,-7.2927384,-2.3175871,5.4515970000000005,1566947846523
4536,226,Gyroscope,0.4098906,0.20463985,-0.25534168,1566947846532
4537,226,Accelerometer,-7.442375999999999,-2.327164,5.267244,1566947846533
4538,226,Gyroscope,0.42088616,0.20952678,-0.23457226,1566947846542
4539,226,Accelerometer,-7.6255326,-2.2457612,5.1966147000000005,1566947846543
4540,226,Gyroscope,0.43554693,0.20097467,-0.226631,1566947846552
4541,226,Accelerometer,-7.759608,-2.1583729,5.1642933,1566947846553
4542,226,Gyroscope,0.43004912,0.19242255,-0.22907446,1566947846562
4543,226,Accelerometer,-7.902063,-2.0111293999999997,5.102043599999999,1566947846563
4544,226,Gyroscope,0.4092797,0.1777618,-0.23762658,1566947846572
4545,226,Accelerometer,-7.966706299999999,-1.9452889,5.21936,1566947846573
4546,226,Gyroscope,0.38912117,0.15393804,-0.24678956,1566947846582
4547,226,Accelerometer,-7.9822683,-1.9752164,5.189432,1566947846583
4548,226,Gyroscope,0.3652974,0.12217305,-0.24740042,1566947846592
4549,226,Accelerometer,-7.846996300000001,-1.9572599,5.043386,1566947846593
4550,226,Gyroscope,0.3475823,0.08857546,-0.24801129,1566947846602
4551,226,Accelerometer,-7.682993400000001,-1.9129671999999998,5.031415,1566947846603
4552,226,Gyroscope,0.35124752,0.06841691,-0.25411993,1566947846613
4553,226,Accelerometer,-7.599196000000001,-1.8076223000000002,5.2181625,1566947846613
4554,226,Gyroscope,0.38056904,0.0580322,-0.26633725,1566947846622
4555,226,Accelerometer,-7.653065700000001,-1.7429788,5.343858200000001,1566947846623
4556,226,Gyroscope,0.4092797,0.055588737,-0.28283059999999993,1566947846632
4557,226,Accelerometer,-7.7907324000000004,-1.7537526999999997,5.4539914000000005,1566947846633
4558,226,Gyroscope,0.40378192,0.06291912,-0.29810223,1566947846642
4559,226,Accelerometer,-7.833828,-1.8890251,5.317522,1566947846643
4560,226,Gyroscope,0.37079520000000005,0.05009095,-0.30115658,1566947846652
4561,226,Accelerometer,-7.763199,-1.9596541,5.2421045,1566947846654
4562,226,Gyroscope,0.344528,0.029321532999999997,-0.2968805,1566947846663
4563,226,Accelerometer,-7.7153149999999995,-2.0171148999999997,5.272032299999999,1566947846663
4564,226,Gyroscope,0.34025195,0.01160644,-0.29260445,1566947846672
4565,226,Accelerometer,-7.706935400000001,-2.1380222,5.189432,1566947846673
4566,226,Gyroscope,0.33964106,0.00061086525,-0.28221974,1566947846682
4567,226,Accelerometer,-7.61835,-2.2457612,5.100847,1566947846683
4568,226,Gyroscope,0.33964106,-0.015271631,-0.27000242,1566947846692
4569,226,Accelerometer,-7.5345526,-2.3762453,5.056554,1566947846693
4570,226,Gyroscope,0.35613444,-0.03848451,-0.25778514,1566947846702
4571,226,Accelerometer,-7.608772999999999,-2.4241292000000003,5.100847,1566947846703
4572,226,Gyroscope,0.37323865,-0.062308256,-0.25167647,1566947846712
4573,226,Accelerometer,-7.785944000000001,-2.4983494,5.079299,1566947846713
4574,226,Gyroscope,0.38545597,-0.092240654,-0.24556783,1566947846722
4575,226,Accelerometer,-7.959523700000001,-2.5330652999999996,5.142745,1566947846723
4576,226,Gyroscope,0.3866777,-0.10812314599999999,-0.24556783,1566947846732
4577,226,Accelerometer,-8.110358,-2.5234885,5.2648497,1566947846733
4578,226,Gyroscope,0.38423425,-0.11545353400000001,-0.24068089999999998,1566947846742
4579,226,Accelerometer,-8.301894,-2.4121582999999998,5.297171,1566947846743
4580,226,Gyroscope,0.37323865,-0.119729586,-0.25473082,1566947846753
4581,226,Accelerometer,-8.263587,-2.3834279,5.366603,1566947846753
4582,226,Gyroscope,0.35185838,-0.13316862,-0.25961772,1566947846762
4583,226,Accelerometer,-8.214506,-2.3870192,5.3618144999999995,1566947846763
4584,226,Gyroscope,0.3268129,-0.13255776,-0.26328292,1566947846772
4585,226,Accelerometer,-8.046911999999999,-2.3116016,5.4922986,1566947846773
4586,226,Gyroscope,0.30909783,-0.1386664,-0.25411993,1566947846782
4587,226,Accelerometer,-8.018182000000001,-2.1727380000000003,5.567716000000001,1566947846783
4588,226,Gyroscope,0.28955013,-0.13988814,-0.25534168,1566947846792
4589,226,Accelerometer,-7.7667904000000005,-2.0937295,5.675455,1566947846793
4590,226,Gyroscope,0.27122417,-0.13927728,-0.25167647,1566947846802
4591,226,Accelerometer,-7.659051400000001,-2.0207062,5.831078,1566947846803
4592,226,Gyroscope,0.24251351,-0.13133603,-0.24129178,1566947846812
4593,226,Accelerometer,-7.6614455999999995,-1.9488802,5.9771247,1566947846813
4594,226,Gyroscope,0.20830505,-0.099571034,-0.22724187,1566947846822
4595,226,Accelerometer,-7.454347,-1.9907787000000001,6.167464,1566947846823
4596,226,Gyroscope,0.17043139999999998,-0.04337143,-0.19547687,1566947846832
4597,226,Accelerometer,-7.325060000000001,-1.9991584,6.317101,1566947846833
4598,226,Gyroscope,0.13744467,0.025045475,-0.16004670000000001,1566947846842
4599,226,Accelerometer,-7.299921,-1.9776106,6.429629,1566947846843
4600,226,Gyroscope,0.11362094,0.09101892,-0.13500121,1566947846852
4601,226,Accelerometer,-7.053317999999999,-2.1080947,6.572083500000001,1566947846853
4602,226,Gyroscope,0.096516706,0.1386664,-0.11362094,1566947846862
4603,226,Accelerometer,-7.074866,-2.1691467999999996,6.6056023,1566947846863
4604,226,Gyroscope,0.08368854,0.19303341,-0.10445796,1566947846872
4605,226,Accelerometer,-7.079654,-2.2074540000000002,6.5325794,1566947846873
4606,226,Gyroscope,0.07086037,0.23762658,-0.09590584,1566947846882
4607,226,Accelerometer,-7.053317999999999,-2.328361,6.3769565,1566947846883
4608,226,Gyroscope,0.055588737,0.28038713,-0.08979719,1566947846893
4609,226,Accelerometer,-7.184999499999999,-2.3211784,6.184223,1566947846893
4610,226,Gyroscope,0.051923547,0.3036,-0.08368854,1566947846902
4611,226,Accelerometer,-7.277176,-2.3606830000000003,5.963956400000001,1566947846903
4612,226,Gyroscope,0.054367005999999996,0.31398472,-0.07819075,1566947846912
4613,226,Accelerometer,-7.265205,-2.4468741,5.8203044,1566947846913
4614,226,Gyroscope,0.06047566,0.32559118,-0.073303826,1566947846922
4615,226,Accelerometer,-7.2915410000000005,-2.5462333999999998,5.7125654,1566947846923
4616,226,Gyroscope,0.061086524,0.34513888,-0.04886922,1566947846932
4617,226,Accelerometer,-7.4639240000000004,-2.645593,5.6227827,1566947846932
4618,226,Gyroscope,0.05497787,0.3811799,-0.01038471,1566947846942
4619,226,Accelerometer,-7.3178773,-2.598906,5.66947,1566947846943
4620,226,Gyroscope,0.05375614,0.43188173,0.036651913,1566947846952
4621,226,Accelerometer,-7.180211,-2.4768016,5.8622026,1566947846953
4622,226,Gyroscope,0.06536258,0.50518554,0.07941248,1566947846962
4623,226,Accelerometer,-7.3885064,-2.5079262000000004,5.5521536,1566947846963
4624,226,Gyroscope,0.0720821,0.54183745,0.10995574,1566947846973
4625,226,Accelerometer,-7.493850999999999,-2.528277,5.403713,1566947846973
4626,226,Gyroscope,0.069027774,0.57848936,0.105068825,1566947846982
4627,226,Accelerometer,-7.741650999999999,-2.5893292000000003,5.273229,1566947846983
4628,226,Gyroscope,0.09162979,0.6224717,0.062308256,1566947846992
4629,226,Accelerometer,-8.052897,-2.658761,4.981137,1566947846993
4630,226,Gyroscope,0.13561209,0.62858033,-0.004276057,1566947847002
4631,226,Accelerometer,-8.228871,-2.8072014,4.9703627,1566947847003
4632,226,Gyroscope,0.17959438,0.59864795,-0.053145275,1566947847012
4633,226,Accelerometer,-8.819042,-2.870648,4.722563,1566947847013
4634,226,Gyroscope,0.20830505,0.4831944,-0.09896017,1566947847023
4635,226,Accelerometer,-8.977058999999999,-2.7281928,4.692635500000001,1566947847023
4636,226,Gyroscope,0.25778514,0.34880406,-0.12705997,1566947847032
4637,226,Accelerometer,-8.706514,-2.2888567,4.9583917,1566947847033
4638,226,Gyroscope,0.31826079999999995,0.28221974,-0.11301007,1566947847042
4639,226,Accelerometer,-8.499416,-1.8986019,4.97156,1566947847043
4640,226,Gyroscope,0.34330627,0.25289822,-0.118507855,1566947847052
4641,226,Accelerometer,-8.119935,-1.8447324,4.953603299999999,1566947847053
4642,226,Gyroscope,0.34208453,0.20830505,-0.15454891,1566947847062
4643,226,Accelerometer,-7.824250999999999,-1.9369092,5.2205567,1566947847063
4644,226,Gyroscope,0.32009340000000003,0.14355333,-0.21197024,1566947847073
4645,226,Accelerometer,-7.6578539999999995,-1.9883845000000002,5.102043599999999,1566947847073
4646,226,Gyroscope,0.27977628,0.09712757,-0.26328292,1566947847082
4647,226,Accelerometer,-7.5429325,-1.8543092,5.481525,1566947847083
4648,226,Gyroscope,0.267559,0.12278391400000001,-0.312763,1566947847092
4649,226,Accelerometer,-7.4112515,-1.6675615000000001,5.9280434,1566947847093
4650,226,Gyroscope,0.27488935,0.19547687,-0.35002577,1566947847102
4651,226,Accelerometer,-7.590816499999999,-1.650802,6.0405707,1566947847103
4652,226,Gyroscope,0.29504790000000003,0.27855456,-0.37751472,1566947847112
4653,226,Accelerometer,-7.8948803,-1.7022773999999998,6.0381765,1566947847112
4654,226,Gyroscope,0.3036,0.34636059999999996,-0.39095375,1566947847123
4655,226,Accelerometer,-8.212111,-1.7250223000000002,5.951985400000001,1566947847123
4656,226,Gyroscope,0.29504790000000003,0.38606682,-0.3921755,1566947847132
4657,226,Accelerometer,-8.468291,-1.8100165000000001,5.8095303,1566947847133
4658,226,Gyroscope,0.26022860000000003,0.38728857,-0.38789943,1566947847142
4659,226,Accelerometer,-8.647857,-2.1188686000000003,5.389348,1566947847143
4660,226,Gyroscope,0.21685717,0.35124752,-0.37262779999999995,1566947847152
4661,226,Accelerometer,-8.714894000000001,-2.4636335,5.103241000000001,1566947847153
4662,226,Gyroscope,0.19486602,0.31581733,-0.34391713,1566947847162
4663,226,Accelerometer,-8.590396,-2.658761,4.9883194,1566947847163
4664,226,Gyroscope,0.19730948,0.28710666,-0.30787608,1566947847172
4665,226,Accelerometer,-8.380903,-2.730587,4.9320555,1566947847173
4666,226,Gyroscope,0.21563543,0.2321288,-0.26816985,1566947847182
4667,226,Accelerometer,-8.027759,-2.5438392000000003,4.7141833,1566947847183
4668,226,Gyroscope,0.24740042,0.18020524,-0.23884831,1566947847193
4669,226,Accelerometer,-7.8326306,-2.3810337,4.6950297,1566947847193
4670,226,Gyroscope,0.28160888,0.13133603,-0.22235495,1566947847202
4671,226,Accelerometer,-7.752425,-2.136825,4.679467,1566947847203
4672,226,Gyroscope,0.312763,0.0983493,-0.21746802,1566947847212
4673,226,Accelerometer,-7.905653999999999,-1.9452889,4.5537715,1566947847213
4674,226,Gyroscope,0.32253686,0.07086037,-0.21868975,1566947847222
4675,226,Accelerometer,-8.10557,-1.7764976000000003,4.425682,1566947847223
4676,226,Gyroscope,0.30909783,0.06414085,-0.22052236,1566947847232
4677,226,Accelerometer,-8.173803999999999,-1.6891093000000001,4.295198,1566947847233
4678,226,Gyroscope,0.30665436,0.061086524,-0.22785273,1566947847243
4679,226,Accelerometer,-8.136695,-1.661576,4.323928400000001,1566947847243
4680,226,Gyroscope,0.31581733,0.043982297000000004,-0.25411993,1566947847252
4681,226,Accelerometer,-8.090008000000001,-1.7106571,4.420893700000001,1566947847253
4682,226,Gyroscope,0.32498032,0.018325957,-0.2846632,1566947847262
4683,226,Accelerometer,-8.094796,-1.8531121,4.565742500000001,1566947847263
4684,226,Gyroscope,0.3390302,-0.0012217305,-0.3115413,1566947847272
4685,226,Accelerometer,-8.100781,-1.8938134999999998,4.7907977,1566947847273
4686,226,Gyroscope,0.34330627,-0.007330383,-0.32742378,1566947847282
4687,226,Accelerometer,-8.062474,-1.9309237000000001,5.085284,1566947847283
4688,226,Gyroscope,0.3475823,-0.009162978,-0.32986724,1566947847292
4689,226,Accelerometer,-8.031349,-1.9405005000000002,5.257667,1566947847293
4690,226,Gyroscope,0.3371976,-0.020158553,-0.32559118,1566947847303
4691,226,Accelerometer,-7.9810715,-1.8842366999999998,5.257667,1566947847303
4692,226,Gyroscope,0.31948254,-0.031154128,-0.3145956,1566947847312
4693,226,Accelerometer,-7.921216499999999,-1.8519150000000002,5.2899885,1566947847313
4694,226,Gyroscope,0.30543262,-0.023823743999999997,-0.29260445,1566947847322
4695,226,Accelerometer,-7.926005,-1.7968484,5.5988407,1566947847323
4696,226,Gyroscope,0.28405234,0.0036651915999999997,-0.258396,1566947847332
4697,226,Accelerometer,-7.753622,-1.8255788,5.85502,1566947847333
4698,226,Gyroscope,0.27550024,0.031154128,-0.22296582,1566947847342
4699,226,Accelerometer,-7.607576,-1.9704279999999998,6.1028199999999995,1566947847343
4700,226,Gyroscope,0.26816985,0.06536258,-0.18936823,1566947847352
4701,226,Accelerometer,-7.53575,-2.1188686000000003,6.187814,1566947847353
4702,226,Gyroscope,0.24740042,0.10629055,-0.15210545,1566947847362
4703,226,Accelerometer,-7.4711065,-2.1188686000000003,5.984307299999999,1566947847363
4704,226,Gyroscope,0.22602014,0.15393804,-0.12705997,1566947847373
4705,226,Accelerometer,-7.36217,-1.958457,5.8274870000000005,1566947847373
4706,226,Gyroscope,0.21502456,0.21013765,-0.12034045,1566947847382
4707,226,Accelerometer,-7.2699933,-1.7501613999999999,5.6922144999999995,1566947847383
4708,226,Gyroscope,0.20586158,0.26511553,-0.13255776,1566947847392
4709,226,Accelerometer,-7.249642999999999,-1.6065093000000001,5.612008599999999,1566947847393
4710,226,Gyroscope,0.20036379999999998,0.29138273,-0.15699236,1566947847402
4711,226,Accelerometer,-7.394492,-1.5921441,5.4922986,1566947847403
4712,226,Gyroscope,0.18570304,0.28527406,-0.18020524,1566947847412
4713,226,Accelerometer,-7.902063,-1.8722657,5.187037999999999,1566947847413
4714,226,Gyroscope,0.16737708,0.26511553,-0.19853121,1566947847423
4715,226,Accelerometer,-7.943961,-2.147599,5.055357,1566947847423
4716,226,Gyroscope,0.16249016,0.23457226,-0.2144137,1566947847432
4717,226,Accelerometer,-8.019378999999999,-2.4109612,4.927267,1566947847433
4718,226,Gyroscope,0.17165314,0.19730948,-0.21991149,1566947847442
4719,226,Accelerometer,-8.002619000000001,-2.5701754,4.832696,1566947847443
4720,226,Gyroscope,0.1881465,0.1337795,-0.21746802,1566947847452
4721,226,Accelerometer,-8.027759,-2.6300306,4.717774400000001,1566947847453
4722,226,Gyroscope,0.204029,0.07513642,-0.21563543,1566947847463
4723,226,Accelerometer,-8.016983999999999,-2.5917234000000002,4.710592,1566947847463
4724,226,Gyroscope,0.21380283,0.014049901000000002,-0.21502456,1566947847472
4725,226,Accelerometer,-7.941567,-2.5701754,4.758476,1566947847473
4726,226,Gyroscope,0.21685717,-0.034208454,-0.22235495,1566947847482
4727,226,Accelerometer,-7.902063,-2.5079262000000004,4.969166,1566947847483
4728,226,Gyroscope,0.22174409,-0.07513642,-0.23273966,1566947847492
4729,226,Accelerometer,-7.848192999999999,-2.5474305,5.055357,1566947847493
4730,226,Gyroscope,0.22113322,-0.1142318,-0.23151793,1566947847502
4731,226,Accelerometer,-7.7787614000000005,-2.566584,5.0577510000000006,1566947847503
4732,226,Gyroscope,0.22968534,-0.14538592,-0.21868975,1566947847512
4733,226,Accelerometer,-7.796717599999999,-2.5222914,5.005079,1566947847513
4734,226,Gyroscope,0.2443461,-0.16187929,-0.204029,1566947847523
4735,226,Accelerometer,-7.785944000000001,-2.5187001,4.927267,1566947847523
4736,226,Gyroscope,0.2565634,-0.14538592,-0.1881465,1566947847532
4737,226,Accelerometer,-7.9702972999999995,-2.5151088,4.882974,1566947847533
4738,226,Gyroscope,0.267559,-0.11362094,-0.17654006,1566947847542
4739,226,Accelerometer,-7.991845,-2.4468741,4.9440265,1566947847543
4740,226,Gyroscope,0.26878070000000004,-0.09712757,-0.17165314,1566947847552
4741,226,Accelerometer,-8.118738,-2.4265234,4.865018,1566947847553
4742,226,Gyroscope,0.24556783,-0.08307768,-0.16187929,1566947847562
4743,226,Accelerometer,-8.149861999999999,-2.44448,4.679467,1566947847563
4744,226,Gyroscope,0.20891592,-0.06719518,-0.15577064,1566947847572
4745,226,Accelerometer,-8.019378999999999,-2.4265234,4.711789,1566947847574
4746,226,Gyroscope,0.18753563,-0.053145275,-0.15271631,1566947847583
4747,226,Accelerometer,-7.931989999999999,-2.4396915,4.7237599999999995,1566947847583
4748,226,Gyroscope,0.20158553,-0.053145275,-0.15515977,1566947847592
4749,226,Accelerometer,-7.890092,-2.4648306,4.819528,1566947847593
4750,226,Gyroscope,0.23090707,-0.06963864,-0.16615535,1566947847602
4751,226,Accelerometer,-7.979874000000001,-2.5079262000000004,4.8374844,1566947847603
4752,226,Gyroscope,0.25900686,-0.10323623,-0.17898351,1566947847612
4753,226,Accelerometer,-8.176199,-2.5007436000000003,4.8338933,1566947847613
4754,226,Gyroscope,0.27488935,-0.14355333,-0.19242255,1566947847622
4755,226,Accelerometer,-8.349778,-2.4408886,4.8338933,1566947847623
4756,226,Gyroscope,0.2724459,-0.19058995,-0.19425514,1566947847632
4757,226,Accelerometer,-8.506598,-2.3726540000000003,4.969166,1566947847633
4758,226,Gyroscope,0.26939157,-0.22418754,-0.18509217,1566947847643
4759,226,Accelerometer,-8.462306,-2.1667526,5.2421045,1566947847643
4760,226,Gyroscope,0.26022860000000003,-0.22968534,-0.16737708,1566947847652
4761,226,Accelerometer,-8.283937,-1.9931729,5.380968,1566947847653
4762,226,Gyroscope,0.23457226,-0.23090707,-0.13805555,1566947847662
4763,226,Accelerometer,-8.094796,-1.9440918000000003,5.409699,1566947847663
4764,226,Gyroscope,0.21074851,-0.204029,-0.09590584,1566947847672
4765,226,Accelerometer,-7.8146744,-1.9393034,5.5605335,1566947847673
4766,226,Gyroscope,0.19303341,-0.17165314,-0.08246681,1566947847682
4767,226,Accelerometer,-7.523778999999999,-1.9357121,5.768829,1566947847683
4768,226,Gyroscope,0.19303341,-0.13927728,-0.081855945,1566947847692
4769,226,Accelerometer,-7.352593400000001,-1.9823990000000002,5.8622026,1566947847694
4770,226,Gyroscope,0.20463985,-0.10934488,-0.095294975,1566947847703
4771,226,Accelerometer,-7.261614,-2.0757727999999998,5.973533,1566947847703
4772,226,Gyroscope,0.20891592,-0.081855945,-0.11545353400000001,1566947847712
4773,226,Accelerometer,-7.2867527,-2.1260512,6.077681,1566947847713
4774,226,Gyroscope,0.21258110000000002,-0.047647487,-0.124005646,1566947847722
4775,226,Accelerometer,-7.359775999999999,-2.1188686000000003,6.145916000000001,1566947847723
4776,226,Gyroscope,0.21013765,-0.004886922,-0.13194689,1566947847732
4777,226,Accelerometer,-7.4232225000000005,-2.1140802000000005,6.159084,1566947847733
4778,226,Gyroscope,0.19792034,0.021991148999999998,-0.13500121,1566947847742
4779,226,Accelerometer,-7.457938,-2.0913353,6.0704985,1566947847743
4780,226,Gyroscope,0.1777618,0.03970624,-0.13316862,1566947847753
4781,226,Accelerometer,-7.3897038,-2.079364,6.035782299999999,1566947847753
4782,226,Gyroscope,0.17043139999999998,0.039095376,-0.14049901,1566947847762
4783,226,Accelerometer,-7.2723875,-2.0805612,6.1207767,1566947847763
4784,226,Gyroscope,0.15943582,0.03726278,-0.15332718,1566947847772
4785,226,Accelerometer,-7.1706343,-2.1535845,6.131551,1566947847773
4786,226,Gyroscope,0.14782938,0.03970624,-0.1563815,1566947847782
4787,226,Accelerometer,-7.100005,-2.268506,6.0920463,1566947847783
4788,226,Gyroscope,0.13194689,0.048258353,-0.15210545,1566947847792
4789,226,Accelerometer,-7.017405,-2.2780828,5.99149,1566947847793
4790,226,Gyroscope,0.1160644,0.056199603,-0.14477506,1566947847802
4791,226,Accelerometer,-6.889315600000001,-2.3654714,5.9280434,1566947847803
4792,226,Gyroscope,0.111177474,0.064751714,-0.13500121,1566947847813
4793,226,Accelerometer,-6.918046,-2.4253263,5.907693,1566947847813
4794,226,Gyroscope,0.105068825,0.069027774,-0.116675265,1566947847823
4795,226,Accelerometer,-6.9958572,-2.480393,5.887341999999999,1566947847823
4796,226,Gyroscope,0.10262536,0.08979719,-0.09712757,1566947847832
4797,226,Accelerometer,-7.1155677,-2.5390507999999996,5.90889,1566947847833
4798,226,Gyroscope,0.09101892,0.10751228,-0.07880162,1566947847842
4799,226,Accelerometer,-7.2448545,-2.5821466,5.9184665999999995,1566947847843
4800,226,Gyroscope,0.07147124,0.111177474,-0.059253927000000005,1566947847852
4801,226,Accelerometer,-7.4735007,-2.5378537,5.963956400000001,1566947847853
4802,226,Gyroscope,0.044593163,0.13805555,-0.05131268,1566947847862
4803,226,Accelerometer,-7.441178999999999,-2.6084828,6.0441623,1566947847863
4804,226,Gyroscope,0.009162978,0.17837265,-0.037873644,1566947847873
4805,226,Accelerometer,-7.363367599999999,-2.6982652999999996,5.9448028,1566947847873
4806,226,Gyroscope,-0.02565634,0.22602014,-0.029321532999999997,1566947847882
4807,226,Accelerometer,-7.27957,-2.7665,5.919664,1566947847883
4808,226,Gyroscope,-0.043982297000000004,0.2724459,-0.02565634,1566947847892
4809,226,Accelerometer,-7.3178773,-2.6886885,5.8789620000000005,1566947847893
4810,226,Gyroscope,-0.04153884,0.29382620000000004,-0.028710667000000002,1566947847902
4811,226,Accelerometer,-7.347805,-2.7042507999999996,5.742492700000001,1566947847903
4812,226,Gyroscope,-0.05131268,0.3268129,-0.03726278,1566947847912
4813,226,Accelerometer,-7.4351935,-2.7557259999999997,5.5150437000000005,1566947847913
4814,226,Gyroscope,-0.06536258,0.3390302,-0.047647487,1566947847922
4815,226,Accelerometer,-7.606379,-2.7222072999999996,5.4144874000000005,1566947847923
4816,226,Gyroscope,-0.06841691,0.35308012,-0.062308256,1566947847933
4817,226,Accelerometer,-7.711724,-2.814384,5.2899885,1566947847933
4818,226,Gyroscope,-0.06169739,0.3567453,-0.06291912,1566947847942
4819,226,Accelerometer,-7.708132300000001,-2.9113493,5.1882353,1566947847943
4820,226,Gyroscope,-0.06047566,0.37751472,-0.03176499,1566947847952
4821,226,Accelerometer,-7.752425,-2.9783869,5.21098,1566947847953
4822,226,Gyroscope,-0.055588737,0.41233405,0.018936822,1566947847962
4823,226,Accelerometer,-7.4914570000000005,-3.0202854,5.291186,1566947847963
4824,226,Gyroscope,-0.040317107000000005,0.44959682,0.07452556,1566947847972
4825,226,Accelerometer,-7.260416499999999,-3.0142999,5.346252400000001,1566947847973
4826,226,Gyroscope,-0.004276057,0.48624873,0.14538592,1566947847982
4827,226,Accelerometer,-7.483077499999999,-3.0897174,5.153519,1566947847983
4828,226,Gyroscope,0.02687807,0.46853364,0.20586158,1566947847992
4829,226,Accelerometer,-7.511808,-2.8634652999999997,4.818331,1566947847993
4830,226,Gyroscope,0.053145275,0.41477749999999997,0.21991149,1566947848002
4831,226,Accelerometer,-7.717708999999999,-2.421735,4.8722005,1566947848003
4832,226,Gyroscope,0.09162979,0.3933972,0.20097467,1566947848012
4833,226,Accelerometer,-8.112753,-1.9871874,5.0014873,1566947848013
4834,226,Gyroscope,0.12705997,0.3652974,0.16126843,1566947848022
4835,226,Accelerometer,-8.75799,-1.661576,4.9823337,1566947848023
4836,226,Gyroscope,0.12950343,0.31337386,0.09896017,1566947848033
4837,226,Accelerometer,-9.167398,-1.4149733,5.171476,1566947848033
4838,226,Gyroscope,0.11789699,0.25900686,0.014660766,1566947848042
4839,226,Accelerometer,-9.356541,-1.3012487,5.4563856,1566947848043
4840,226,Gyroscope,0.096516706,0.20830505,-0.06536258,1566947848052
4841,226,Accelerometer,-9.136273,-1.5239093000000001,5.5389857000000005,1566947848053
4842,226,Gyroscope,0.07452556,0.18936823,-0.12095132,1566947848062
4843,226,Accelerometer,-8.684967,-1.8698715,5.633556400000001,1566947848063
4844,226,Gyroscope,0.06291912,0.21319197,-0.16004670000000001,1566947848072
4845,226,Accelerometer,-8.327033,-2.0817582999999997,5.6563015,1566947848073
4846,226,Gyroscope,0.054367005999999996,0.25228736,-0.18875736,1566947848083
4847,226,Accelerometer,-8.081628,-2.2242134,5.444414599999999,1566947848083
4848,226,Gyroscope,0.039095376,0.27855456,-0.20891592,1566947848092
4849,226,Accelerometer,-7.911639699999999,-2.3211784,5.237316000000001,1566947848093
4850,226,Gyroscope,0.03970624,0.28283059999999993,-0.22479841,1566947848102
4851,226,Accelerometer,-7.7344685,-2.3834279,5.036203400000001,1566947848103
4852,226,Gyroscope,0.052534412999999995,0.27488935,-0.22602014,1566947848112
4853,226,Accelerometer,-7.630321,-2.4372973,4.8135424,1566947848113
4854,226,Gyroscope,0.07391469,0.25228736,-0.22174409,1566947848122
4855,226,Accelerometer,-7.6135616,-2.4504653999999997,4.6495394999999995,1566947848123
4856,226,Gyroscope,0.105068825,0.21991149,-0.22479841,1566947848132
4857,226,Accelerometer,-7.636306299999999,-2.5067291000000003,4.623203299999999,1566947848133
4858,226,Gyroscope,0.15760323,0.16737708,-0.22968534,1566947848143
4859,226,Accelerometer,-7.691373,-2.5629928,4.705803400000001,1566947848143
4860,226,Gyroscope,0.1881465,0.14660765,-0.22052236,1566947848152
4861,226,Accelerometer,-7.819463000000001,-2.5953147,4.8398786,1566947848153
4862,226,Gyroscope,0.21197024,0.13500121,-0.204029,1566947848162
4863,226,Accelerometer,-7.9762830000000005,-2.6982652999999996,4.903325,1566947848163
4864,226,Gyroscope,0.23518312,0.10812314599999999,-0.18875736,1566947848172
4865,226,Accelerometer,-8.2169,-2.823961,4.8997335,1566947848173
4866,226,Gyroscope,0.25595254,0.08796459400000001,-0.17287487,1566947848182
4867,226,Accelerometer,-8.406042,-2.8431146000000003,4.9021277,1566947848183
4868,226,Gyroscope,0.26878070000000004,0.076358154,-0.16493362,1566947848193
4869,226,Accelerometer,-8.486248,-2.7545290000000002,4.856637999999999,1566947848193
4870,226,Gyroscope,0.27977628,0.056199603,-0.16310102,1566947848203
4871,226,Accelerometer,-8.396465,-2.5809495,4.820725,1566947848203
4872,226,Gyroscope,0.28160888,0.029932396,-0.17043139999999998,1566947848212
4873,226,Accelerometer,-8.250419,-2.3582888,4.783615,1566947848213
4874,226,Gyroscope,0.28527406,0.01038471,-0.17898351,1566947848222
4875,226,Accelerometer,-8.124723,-2.0901381999999997,4.844666999999999,1566947848223
4876,226,Gyroscope,0.28527406,-0.01160644,-0.18753563,1566947848232
4877,226,Accelerometer,-7.9248075,-1.8902221999999997,4.894945,1566947848233
4878,226,Gyroscope,0.28344148,-0.020158553,-0.19792034,1566947848242
4879,226,Accelerometer,-7.782352400000001,-1.7848773999999998,5.0122614,1566947848243
4880,226,Gyroscope,0.27366763,-0.017715093,-0.20341812,1566947848253
4881,226,Accelerometer,-7.723694999999999,-1.7130512999999998,5.1678843,1566947848253
4882,226,Gyroscope,0.26389378,-0.007330383,-0.204029,1566947848262
4883,226,Accelerometer,-7.758410499999999,-1.7010802999999999,5.347449299999999,1566947848263
4884,226,Gyroscope,0.24556783,0.010995574,-0.204029,1566947848272
4885,226,Accelerometer,-7.799111999999999,-1.7776948000000001,5.461174,1566947848273
4886,226,Gyroscope,0.22602014,0.04642576,-0.19425514,1566947848282
4887,226,Accelerometer,-7.837419000000001,-1.8938134999999998,5.523423,1566947848283
4888,226,Gyroscope,0.21563543,0.07819075,-0.19364429,1566947848292
4889,226,Accelerometer,-7.846996300000001,-2.0314799999999997,5.5521536,1566947848293
4890,226,Gyroscope,0.20769419,0.09590584,-0.18509217,1566947848303
4891,226,Accelerometer,-7.846996300000001,-2.1057005,5.5246205,1566947848303
4892,226,Gyroscope,0.20525073,0.10751228,-0.1826487,1566947848312
4893,226,Accelerometer,-7.615956,-2.0482395,5.507861,1566947848313
4894,226,Gyroscope,0.21319197,0.12339478,-0.18203785,1566947848322
4895,226,Accelerometer,-7.451953,-1.8746599,5.5389857000000005,1566947848323
4896,226,Gyroscope,0.23151793,0.13194689,-0.19242255,1566947848332
4897,226,Accelerometer,-7.4699089999999995,-1.8495207999999999,5.5581393,1566947848333
4898,226,Gyroscope,0.25350907,0.12278391400000001,-0.20280726,1566947848342
4899,226,Accelerometer,-7.727286,-1.8112136000000003,5.4563856,1566947848343
4900,226,Gyroscope,0.2565634,0.10567969,-0.21319197,1566947848352
4901,226,Accelerometer,-7.81228,-1.8890251,5.315128,1566947848353
4902,226,Gyroscope,0.25045475,0.070249505,-0.21685717,1566947848363
4903,226,Accelerometer,-7.8170686,-1.9632453999999997,5.3558292000000005,1566947848363
4904,226,Gyroscope,0.25289822,0.04520403,-0.21746802,1566947848372
4905,226,Accelerometer,-7.769184599999999,-1.9859903,5.269638,1566947848373
4906,226,Gyroscope,0.2565634,0.029932396,-0.20891592,1566947848382
4907,226,Accelerometer,-7.773973,-1.9548656999999998,5.1822495,1566947848383
4908,226,Gyroscope,0.26511553,-0.0018325957999999999,-0.20341812,1566947848392
4909,226,Accelerometer,-7.698555499999999,-1.8782511999999998,5.1487308,1566947848393
4910,226,Gyroscope,0.27183503,-0.02321288,-0.20463985,1566947848402
4911,226,Accelerometer,-7.568071400000001,-1.7645266,5.246893,1566947848403
4912,226,Gyroscope,0.28588495,-0.021991148999999998,-0.20891592,1566947848412
4913,226,Accelerometer,-7.5800424,-1.6400281000000003,5.398925,1566947848413
4914,226,Gyroscope,0.29565877,-0.013439035,-0.21746802,1566947848422
4915,226,Accelerometer,-7.627927000000001,-1.541866,5.3606176,1566947848423
4916,226,Gyroscope,0.29138273,-0.010995574,-0.22296582,1566947848433
4917,226,Accelerometer,-7.684190299999999,-1.5598223999999998,5.213374,1566947848433
4918,226,Gyroscope,0.2846632,-0.010995574,-0.226631,1566947848442
4919,226,Accelerometer,-7.8218570000000005,-1.7094599999999998,5.116409,1566947848443
4920,226,Gyroscope,0.27672195,-0.02076942,-0.23396139,1566947848452
4921,226,Accelerometer,-7.9607205,-1.8590976000000001,4.9679685,1566947848453
4922,226,Gyroscope,0.26389378,-0.03848451,-0.23640485,1566947848462
4923,226,Accelerometer,-7.9750857,-1.9273324,5.0960584,1566947848463
4924,226,Gyroscope,0.26206118,-0.035430185,-0.22968534,1566947848472
4925,226,Accelerometer,-7.8649526,-2.006341,5.3582234,1566947848473
4926,226,Gyroscope,0.27366763,-0.018325957,-0.20830505,1566947848482
4927,226,Accelerometer,-7.765592999999999,-2.0961237,5.529408999999999,1566947848483
4928,226,Gyroscope,0.30176744,-0.005497787,-0.18448131,1566947848493
4929,226,Accelerometer,-7.7189064,-2.110489,5.583278,1566947848493
4930,226,Gyroscope,0.3268129,-0.004276057,-0.17348573,1566947848502
4931,226,Accelerometer,-7.751228,-2.1404164,5.5485625,1566947848503
4932,226,Gyroscope,0.3378085,-0.012217305,-0.16249016,1566947848512
4933,226,Accelerometer,-7.8302364,-2.1452047999999997,5.357026,1566947848513
4934,226,Gyroscope,0.3286455,-0.03176499,-0.14844026,1566947848522
4935,226,Accelerometer,-7.852981599999999,-2.0470424,5.1786585,1566947848523
4936,226,Gyroscope,0.32314770000000004,-0.05131268,-0.1423316,1566947848532
4937,226,Accelerometer,-7.893683,-1.9883845000000002,5.12838,1566947848533
4938,226,Gyroscope,0.3371976,-0.077579886,-0.1441642,1566947848542
4939,226,Accelerometer,-8.018182000000001,-1.8962077000000002,5.055357,1566947848543
4940,226,Gyroscope,0.34880406,-0.10140363,-0.15699236,1566947848552
4941,226,Accelerometer,-8.020576,-1.7729063000000003,5.0541596,1566947848553
4942,226,Gyroscope,0.36896262,-0.13744467,-0.1826487,1566947848562
4943,226,Accelerometer,-8.062474,-1.7190368000000003,5.16549,1566947848563
4944,226,Gyroscope,0.38851030000000003,-0.19364429,-0.23151793,1566947848572
4945,226,Accelerometer,-8.22528,-1.7860744999999998,5.2528787,1566947848573
4946,226,Gyroscope,0.38851030000000003,-0.25350907,-0.29749137,1566947848583
4947,226,Accelerometer,-8.407239,-1.8351556,5.427655000000001,1566947848583
4948,226,Gyroscope,0.35857790000000006,-0.26572640000000003,-0.36163223,1566947848592
4949,226,Accelerometer,-8.3150625,-1.6903063999999999,5.7017913,1566947848593
4950,226,Gyroscope,0.30115658,-0.25473082,-0.41538838,1566947848602
4951,226,Accelerometer,-7.996633500000001,-1.8327613999999999,5.8023477,1566947848603
4952,226,Gyroscope,0.204029,-0.21502456,-0.42516220000000005,1566947848612
4953,226,Accelerometer,-7.6267295,-2.1631612999999996,5.975927400000001,1566947848613
4954,226,Gyroscope,0.18142697,-0.15699236,-0.3933972,1566947848622
4955,226,Accelerometer,-7.0880339999999995,-2.4061728,6.2141504,1566947848623
4956,226,Gyroscope,0.19058995,-0.089186326,-0.33169982,1566947848633
4957,226,Accelerometer,-6.8103065,-2.542642,6.39611,1566947848633
4958,226,Gyroscope,0.22235495,-0.020158553,-0.26267207,1566947848642
4959,226,Accelerometer,-6.684611299999999,-2.6168625,6.471527,1566947848643
4960,226,Gyroscope,0.24129178,0.043982297000000004,-0.19730948,1566947848652
4961,226,Accelerometer,-6.825869,-2.7138276,6.2380924,1566947848653
4962,226,Gyroscope,0.23396139,0.09101892,-0.13194689,1566947848662
4963,226,Accelerometer,-7.1646485,-2.7581203,5.746084,1566947848663
4964,226,Gyroscope,0.21135938,0.112399206,-0.08063421400000001,1566947848672
4965,226,Accelerometer,-7.4028716,-2.6132712000000002,5.3582234,1566947848673
4966,226,Gyroscope,0.20097467,0.119729586,-0.04642576,1566947848682
4967,226,Accelerometer,-7.645883,-2.4480712000000002,5.199008999999999,1566947848683
4968,226,Gyroscope,0.19486602,0.12339478,-0.039095376,1566947848692
4969,226,Accelerometer,-7.825448,-2.2948422,5.1642933,1566947848693
4970,226,Gyroscope,0.20036379999999998,0.106901415,-0.05375614,1566947848702
4971,226,Accelerometer,-8.050502999999999,-2.1033063,5.130774,1566947848703
4972,226,Gyroscope,0.20525073,0.077579886,-0.09712757,1566947848712
4973,226,Accelerometer,-8.24204,-1.9057846,5.234922,1566947848713
4974,226,Gyroscope,0.20952678,0.069027774,-0.1563815,1566947848722
4975,226,Accelerometer,-8.354567,-1.8327613999999999,5.45878,1566947848723
4976,226,Gyroscope,0.20769419,0.053145275,-0.21013765,1566947848732
4977,226,Accelerometer,-8.451532,-1.8650831,5.6203885,1566947848733
4978,226,Gyroscope,0.20341812,0.028710667000000002,-0.24617869,1566947848742
4979,226,Accelerometer,-8.453926,-1.9812019,5.746084,1566947848743
4980,226,Gyroscope,0.19853121,0.014049901000000002,-0.27122417,1566947848752
4981,226,Accelerometer,-8.321048,-2.1080947,5.792771,1566947848753
4982,226,Gyroscope,0.19425514,0.005497787,-0.27855456,1566947848763
4983,226,Accelerometer,-8.124723,-2.2385786,5.7808,1566947848763
4984,226,Gyroscope,0.19303341,-0.002443461,-0.27122417,1566947848772
4985,226,Accelerometer,-7.892486,-2.2637177000000004,5.705383,1566947848773
4986,226,Gyroscope,0.19792034,-0.004276057,-0.25473082,1566947848782
4987,226,Accelerometer,-7.6267295,-2.2457612,5.7041855,1566947848783
4988,226,Gyroscope,0.20708331,0.004886922,-0.23945917,1566947848792
4989,226,Accelerometer,-7.413645699999999,-2.2625206,5.8705826,1566947848793
4990,226,Gyroscope,0.20708331,0.022602014,-0.22357668,1566947848802
4991,226,Accelerometer,-7.121553,-2.3475148999999997,5.947197,1566947848803
4992,226,Gyroscope,0.19914207,0.047647487,-0.20952678,1566947848812
4993,226,Accelerometer,-7.1023993,-2.4827871,6.0166287,1566947848813
4994,226,Gyroscope,0.19364429,0.096516706,-0.18509217,1566947848823
4995,226,Accelerometer,-7.04015,-2.5809495,6.005855,1566947848823
4996,226,Gyroscope,0.18875736,0.13316862,-0.16920967,1566947848832
4997,226,Accelerometer,-7.0904284,-2.670732,5.966350599999999,1566947848833
4998,226,Gyroscope,0.19120082,0.15271631,-0.16187929,1566947848842
4999,226,Accelerometer,-7.299921,-2.7269957000000002,5.837064,1566947848843
5000,226,Gyroscope,0.19181168,0.15515977,-0.15088372,1566947848852
5001,226,Accelerometer,-7.492654300000001,-2.6850972,5.591658,1566947848853
5002,226,Gyroscope,0.18325958,0.14172074,-0.1337795,1566947848862
5003,226,Accelerometer,-7.6578539999999995,-2.6396074,5.368997,1566947848863
5004,226,Gyroscope,0.1685988,0.13194689,-0.11789699,1566947848873
5005,226,Accelerometer,-7.758410499999999,-2.598906,5.294777,1566947848873
5006,226,Gyroscope,0.15210545,0.1142318,-0.10934488,1566947848882
5007,226,Accelerometer,-7.6865845,-2.553416,5.3498434999999995,1566947848883
5008,226,Gyroscope,0.13316862,0.08124508,-0.10873401,1566947848893
5009,226,Accelerometer,-7.61835,-2.4600422,5.427655000000001,1566947848893
5010,226,Gyroscope,0.11178834,0.05131268,-0.116675265,1566947848902
5011,226,Accelerometer,-7.4735007,-2.384625,5.446809,1566947848903
5012,226,Gyroscope,0.084910266,0.032375857,-0.13072516,1566947848912
5013,226,Accelerometer,-7.431602000000001,-2.336741,5.5581393,1566947848913
5014,226,Gyroscope,0.069027774,0.010995574,-0.14538592,1566947848922
5015,226,Accelerometer,-7.2927384,-2.3403322999999996,5.756858,1566947848923
5016,226,Gyroscope,0.06169739,0.019547688,-0.16249016,1566947848932
5017,226,Accelerometer,-7.326257000000001,-2.4684220000000003,5.910087,1566947848933
5018,226,Gyroscope,0.055588737,0.03359759,-0.16737708,1566947848942
5019,226,Accelerometer,-7.441178999999999,-2.4600422,5.901707,1566947848943
5020,226,Gyroscope,0.04276056599999999,0.059253927000000005,-0.16798794,1566947848952
5021,226,Accelerometer,-7.395689,-2.6252422,5.8238955,1566947848953
5022,226,Gyroscope,0.02076942,0.09590584,-0.16065755,1566947848962
5023,226,Accelerometer,-7.2807674,-2.7856536,5.7520695,1566947848963
5024,226,Gyroscope,0.0036651915999999997,0.11484267,-0.13988814,1566947848972
5025,226,Accelerometer,-7.309498,-2.9221232,5.674258,1566947848973
5026,226,Gyroscope,-0.005497787,0.12644911,-0.119729586,1566947848982
5027,226,Accelerometer,-7.2640080000000005,-3.156755,5.623979599999999,1566947848983
5028,226,Gyroscope,0.00061086525,0.12156218,-0.09162979,1566947848992
5029,226,Accelerometer,-7.3310455999999995,-3.2513257999999996,5.657499,1566947848993
5030,226,Gyroscope,0.01160644,0.118507855,-0.069027774,1566947849002
5031,226,Accelerometer,-7.4363904000000005,-3.2010477,5.5629277,1566947849003
5032,226,Gyroscope,0.022602014,0.099571034,-0.052534412999999995,1566947849012
5033,226,Accelerometer,-7.351396,-3.2261868,5.4647654999999995,1566947849013
5034,226,Gyroscope,0.040927973,0.08307768,-0.031154128,1566947849022
5035,226,Accelerometer,-7.28795,-3.144784,5.4803276,1566947849023
5036,226,Gyroscope,0.058643065,0.06414085,-0.008552114,1566947849032
5037,226,Accelerometer,-7.357382,-2.9987376,5.379771,1566947849033
5038,226,Gyroscope,0.06963864,0.026267206,0.017104227,1566947849042
5039,226,Accelerometer,-7.3992805,-2.707842,5.221754,1566947849043
5040,226,Gyroscope,0.06719518,-0.022602014,0.04642576,1566947849052
5041,226,Accelerometer,-7.313089,-2.409764,5.2241483,1566947849053
5042,226,Gyroscope,0.054367005999999996,-0.051923547,0.09773844,1566947849062
5043,226,Accelerometer,-7.2915410000000005,-2.0338743000000004,5.388150700000001,1566947849063
5044,226,Gyroscope,0.02687807,-0.0842994,0.1282817,1566947849072
5045,226,Accelerometer,-7.2209125,-1.6950948000000001,5.418078400000001,1566947849073
5046,226,Gyroscope,0.0030543262,-0.06658431,0.14355333,1566947849082
5047,226,Accelerometer,-7.071274799999999,-1.4652513999999999,5.54138,1566947849083
5048,226,Gyroscope,-0.021380282999999996,-0.029932396,0.13927728,1566947849092
5049,226,Accelerometer,-7.012616599999999,-1.3443443000000002,5.74369,1566947849093
5050,226,Gyroscope,-0.032375857,0.01038471,0.11789699,1566947849102
5051,226,Accelerometer,-7.171831,-1.2186487,6.0130377,1566947849103
5052,226,Gyroscope,-0.039095376,0.0580322,0.08735373,1566947849112
5053,226,Accelerometer,-7.395689,-1.1288661,6.269217,1566947849113
5054,226,Gyroscope,-0.03726278,0.10812314599999999,0.054367005999999996,1566947849122
5055,226,Accelerometer,-7.684190299999999,-1.1444284,6.5206084,1566947849123
5056,226,Gyroscope,-0.0421497,0.16371189,0.032986722999999996,1566947849132
5057,226,Accelerometer,-8.012196000000001,-1.2940661,6.4404025,1566947849133
5058,226,Gyroscope,-0.05131268,0.21135938,0.025045475,1566947849142
5059,226,Accelerometer,-8.165425,-1.5777789,6.113594,1566947849144
5060,226,Gyroscope,-0.06047566,0.23945917,0.02687807,1566947849152
5061,226,Accelerometer,-8.210915,-1.8614918000000003,5.7257333,1566947849153
5062,226,Gyroscope,-0.051923547,0.24068089999999998,0.040317107000000005,1566947849162
5063,226,Accelerometer,-8.239645,-2.0326772,5.556941999999999,1566947849163
5064,226,Gyroscope,-0.037873644,0.23457226,0.050701816,1566947849172
5065,226,Accelerometer,-8.185775999999999,-2.0278888,5.553351,1566947849173
5066,226,Gyroscope,-0.020158553,0.22174409,0.05497787,1566947849183
5067,226,Accelerometer,-8.1343,-1.8519150000000002,5.5940523,1566947849183
5068,226,Gyroscope,-0.015882496,0.21135938,0.054367005999999996,1566947849192
5069,226,Accelerometer,-8.125919999999999,-1.6089035,5.588066599999999,1566947849193
5070,226,Gyroscope,-0.03359759,0.21013765,0.04276056599999999,1566947849202
5071,226,Accelerometer,-8.167819,-1.3994108,5.5461683,1566947849203
5072,226,Gyroscope,-0.052534412999999995,0.21807889999999996,0.02565634,1566947849212
5073,226,Accelerometer,-8.197746,-1.3611037,5.568912999999999,1566947849213
5074,226,Gyroscope,-0.06169739,0.226631,0.01160644,1566947849223
5075,226,Accelerometer,-8.254010000000001,-1.4496891,5.5365915,1566947849223
5076,226,Gyroscope,-0.056199603,0.22479841,-0.0012217305,1566947849232
5077,226,Accelerometer,-8.250419,-1.5586253,5.470751,1566947849233
5078,226,Gyroscope,-0.034208454,0.22418754,-0.01160644,1566947849243
5079,226,Accelerometer,-8.295909,-1.7357962,5.3498434999999995,1566947849243
5080,226,Gyroscope,-0.013439035,0.22052236,-0.022602014,1566947849252
5081,226,Accelerometer,-8.244433,-1.7776948000000001,5.187037999999999,1566947849253
5082,226,Gyroscope,0.014660766,0.21258110000000002,-0.03481932,1566947849262
5083,226,Accelerometer,-7.9810715,-1.8160020000000001,5.1678843,1566947849263
5084,226,Gyroscope,0.03604105,0.19792034,-0.04520403,1566947849272
5085,226,Accelerometer,-7.9882539999999995,-1.7968484,5.1080294,1566947849273
5086,226,Gyroscope,0.051923547,0.15943582,-0.054367005999999996,1566947849282
5087,226,Accelerometer,-7.9008656,-1.6986861,5.0984526,1566947849283
5088,226,Gyroscope,0.054367005999999996,0.112399206,-0.052534412999999995,1566947849292
5089,226,Accelerometer,-7.739257,-1.541866,5.1690817000000004,1566947849293
5090,226,Gyroscope,0.05375614,0.08735373,-0.044593163,1566947849303
5091,226,Accelerometer,-7.563283,-1.4437037,5.306748000000001,1566947849303
5092,226,Gyroscope,0.06658431,0.06658431,-0.055588737,1566947849312
5093,226,Accelerometer,-7.654263,-1.5993267,5.4563856,1566947849313
5094,226,Gyroscope,0.08796459400000001,0.040317107000000005,-0.07269296,1566947849322
5095,226,Accelerometer,-7.9307933,-1.7417817,5.4911017,1566947849323
5096,226,Gyroscope,0.095294975,0.021991148999999998,-0.08979719,1566947849332
5097,226,Accelerometer,-8.049306,-1.6400281000000003,5.4934959999999995,1566947849333
5098,226,Gyroscope,0.08552113,0.030543262,-0.103847094,1566947849342
5099,226,Accelerometer,-7.9511437,-1.496376,5.5341973,1566947849343
5100,226,Gyroscope,0.077579886,0.03481932,-0.11545353400000001,1566947849352
5101,226,Accelerometer,-7.8709383,-1.4808137,5.507861,1566947849353
5102,226,Gyroscope,0.077579886,0.02443461,-0.12461651,1566947849362
5103,226,Accelerometer,-7.824250999999999,-1.6795325,5.577293,1566947849363
5104,226,Gyroscope,0.086132,0.017715093,-0.12156218,1566947849372
5105,226,Accelerometer,-7.779958199999999,-1.661576,5.60722,1566947849373
5106,226,Gyroscope,0.09590584,0.018325957,-0.11911872,1566947849382
5107,226,Accelerometer,-7.599196000000001,-1.6256628999999998,5.583278,1566947849383
5108,226,Gyroscope,0.08979719,0.02565634,-0.11789699,1566947849393
5109,226,Accelerometer,-7.5046253,-1.5646108,5.5521536,1566947849393
5110,226,Gyroscope,0.08735373,0.016493361,-0.12950343,1566947849402
5111,226,Accelerometer,-7.57286,-1.5897499,5.60722,1566947849403
5112,226,Gyroscope,0.093462385,0.007330383,-0.15332718,1566947849412
5113,226,Accelerometer,-7.7943234,-1.6460136000000003,5.652710400000001,1566947849413
5114,226,Gyroscope,0.09896017,0.002443461,-0.17959438,1566947849422
5115,226,Accelerometer,-7.9427642999999994,-1.7154455000000002,5.6156,1566947849423
5116,226,Gyroscope,0.10018189999999999,0.010995574,-0.20708331,1566947849432
5117,226,Accelerometer,-8.027759,-1.8052281000000003,5.4779334,1566947849433
5118,226,Gyroscope,0.10140363,0.018325957,-0.22602014,1566947849442
5119,226,Accelerometer,-7.985860000000001,-1.9883845000000002,5.395334,1566947849443
5120,226,Gyroscope,0.111177474,0.023823743999999997,-0.24251351,1566947849453
5121,226,Accelerometer,-7.893683,-2.2074540000000002,5.379771,1566947849453
5122,226,Gyroscope,0.12889257,0.018936822,-0.25717425,1566947849462
5123,226,Accelerometer,-8.026561000000001,-2.3989902,5.3713913,1566947849463
5124,226,Gyroscope,0.14966199,-0.01282817,-0.2779437,1566947849472
5125,226,Accelerometer,-8.224083,-2.4384943999999997,5.317522,1566947849473
5126,226,Gyroscope,0.15271631,-0.058643065,-0.28710666,1566947849482
5127,226,Accelerometer,-8.425196000000001,-2.4468741,5.273229,1566947849483
5128,226,Gyroscope,0.13805555,-0.11178834,-0.28160888,1566947849492
5129,226,Accelerometer,-8.461109,-2.4516625,5.329493,1566947849493
5130,226,Gyroscope,0.11484267,-0.16004670000000001,-0.26572640000000003,1566947849502
5131,226,Accelerometer,-8.408437,-2.4468741,5.4480059999999995,1566947849503
5132,226,Gyroscope,0.09162979,-0.18509217,-0.24373524,1566947849512
5133,226,Accelerometer,-8.149861999999999,-2.4265234,5.543774,1566947849513
5134,226,Gyroscope,0.06780604,-0.19425514,-0.19608775,1566947849523
5135,226,Accelerometer,-7.653065700000001,-2.385822,5.7520695,1566947849523
5136,226,Gyroscope,0.06414085,-0.1966986,-0.18875736,1566947849532
5137,226,Accelerometer,-7.1634517,-2.3044189999999998,5.9687448,1566947849533
5138,226,Gyroscope,0.07147124,-0.16004670000000001,-0.17470746,1566947849542
5139,226,Accelerometer,-6.977900999999999,-2.349909,6.1076083,1566947849543
5140,226,Gyroscope,0.06963864,-0.1020145,-0.14905111,1566947849552
5141,226,Accelerometer,-6.9767036,-2.3391352000000003,6.1746464,1566947849553
5142,226,Gyroscope,0.05497787,-0.035430185,-0.12156218,1566947849562
5143,226,Accelerometer,-6.9360023,-2.2756886,6.23091,1566947849563
5144,226,Gyroscope,0.02687807,0.03726278,-0.09285152,1566947849572
5145,226,Accelerometer,-7.0820484,-2.3187842,6.1638722,1566947849573
5146,226,Gyroscope,-0.0030543262,0.106901415,-0.04886922,1566947849582
5147,226,Accelerometer,-7.207744,-2.2852653999999997,6.017826,1566947849583
5148,226,Gyroscope,-0.018325957,0.15515977,-0.009162978,1566947849592
5149,226,Accelerometer,-7.2951326000000005,-2.1918917,5.853823,1566947849593
5150,226,Gyroscope,-0.00061086525,0.17409660000000002,0.002443461,1566947849602
5151,226,Accelerometer,-7.422025,-2.2230163,5.792771,1566947849603
5152,226,Gyroscope,0.030543262,0.18081611,-0.007941248,1566947849612
5153,226,Accelerometer,-7.592013400000001,-2.4372973,5.686229,1566947849613
5154,226,Gyroscope,0.053145275,0.15760323,-0.018325957,1566947849623
5155,226,Accelerometer,-7.850587400000001,-2.4744074,5.470751,1566947849623
5156,226,Gyroscope,0.06352998,0.11728613,-0.03481932,1566947849632
5157,226,Accelerometer,-8.064867999999999,-2.3403322999999996,5.389348,1566947849633
5158,226,Gyroscope,0.061086524,0.10751228,-0.049480084,1566947849642
5159,226,Accelerometer,-8.049306,-2.2062569,5.33069,1566947849643
5160,226,Gyroscope,0.05497787,0.0842994,-0.06719518,1566947849652
5161,226,Accelerometer,-7.9331875,-2.2421699,5.222951,1566947849653
5162,226,Gyroscope,0.05681047,0.036651913,-0.07880162,1566947849662
5163,226,Accelerometer,-7.921216499999999,-2.3391352000000003,5.2648497,1566947849663
5164,226,Gyroscope,0.059253927000000005,0.0030543262,-0.08674286,1566947849672
5165,226,Accelerometer,-7.8170686,-2.3008277,5.3259015,1566947849673
5166,226,Gyroscope,0.062308256,-0.023823743999999997,-0.093462385,1566947849682
5167,226,Accelerometer,-7.7703815,-2.1918917,5.408501599999999,1566947849683
5168,226,Gyroscope,0.056199603,-0.0421497,-0.099571034,1566947849693
5169,226,Accelerometer,-7.502231,-2.134431,5.4480059999999995,1566947849693
5170,226,Gyroscope,0.064751714,-0.040927973,-0.10445796,1566947849702
5171,226,Accelerometer,-7.2699933,-2.2541409,5.619191000000001,1566947849703
5172,226,Gyroscope,0.07513642,-0.04337143,-0.11056661,1566947849712
5173,226,Accelerometer,-7.2388687,-2.4229321,5.804742,1566947849713
5174,226,Gyroscope,0.06780604,-0.054367005999999996,-0.103847094,1566947849723
5175,226,Accelerometer,-7.0964136,-2.6084828,5.8334722999999995,1566947849723
5176,226,Gyroscope,0.054367005999999996,-0.054367005999999996,-0.08674286,1566947849732
5177,226,Accelerometer,-6.8749504,-2.658761,5.9807158,1566947849733
5178,226,Gyroscope,0.048258353,-0.029932396,-0.06719518,1566947849742
5179,226,Accelerometer,-6.770802499999999,-2.8072014,6.1650696,1566947849743
5180,226,Gyroscope,0.06597344599999999,0.0012217305,-0.04153884,1566947849753
5181,226,Accelerometer,-7.08564,-2.9939492000000003,6.173449,1566947849753
5182,226,Gyroscope,0.07513642,0.013439035,-0.019547688,1566947849762
5183,226,Accelerometer,-7.1730285,-2.8574797999999997,5.9878983,1566947849763
5184,226,Gyroscope,0.051923547,0.043982297000000004,0.015882496,1566947849772
5185,226,Accelerometer,-7.0928226,-2.5965118,5.8574142,1566947849773
5186,226,Gyroscope,0.032375857,0.07269296,0.029932396,1566947849782
5187,226,Accelerometer,-7.028179,-2.5258827,5.8586116,1566947849783
5188,226,Gyroscope,0.02565634,0.08002335,0.030543262,1566947849792
5189,226,Accelerometer,-6.9671270000000005,-2.505532,5.9172697,1566947849793
5190,226,Gyroscope,0.025045475,0.08552113,0.02321288,1566947849802
5191,226,Accelerometer,-7.071274799999999,-2.5270798,6.002263500000001,1566947849803
5192,226,Gyroscope,0.021380282999999996,0.08063421400000001,0.015271631,1566947849812
5193,226,Accelerometer,-7.271190600000001,-2.433706,5.9938839999999995,1566947849813
5194,226,Gyroscope,0.00061086525,0.09101892,0.009162978,1566947849823
5195,226,Accelerometer,-7.299921,-2.3678656000000005,5.9998693,1566947849823
5196,226,Gyroscope,-0.020158553,0.093462385,0.007941248,1566947849832
5197,226,Accelerometer,-7.619547,-2.2098482,5.98311,1566947849833
5198,226,Gyroscope,-0.035430185,0.093462385,-0.018936822,1566947849842
5199,226,Accelerometer,-7.443573,-2.5737667,6.100425700000001,1566947849843
5200,226,Gyroscope,-0.055588737,0.1160644,-0.02443461,1566947849852
5201,226,Accelerometer,-7.376535400000001,-2.7461493,6.005855,1566947849853
5202,226,Gyroscope,-0.08368854,0.14782938,-0.028710667000000002,1566947849862
5203,226,Accelerometer,-7.516596300000001,-2.718616,5.8203044,1566947849863
5204,226,Gyroscope,-0.10629055,0.18997909,-0.031154128,1566947849872
5205,226,Accelerometer,-7.357382,-2.906561,5.693412,1566947849873
5206,226,Gyroscope,-0.12156218,0.19608775,-0.031154128,1566947849882
5207,226,Accelerometer,-7.48188,-3.13401,5.544971,1566947849883
5208,226,Gyroscope,-0.12461651,0.18997909,-0.034208454,1566947849893
5209,226,Accelerometer,-7.575253999999999,-3.1136593999999995,5.42167,1566947849893
5210,226,Gyroscope,-0.11056661,0.17165314,-0.02687807,1566947849902
5211,226,Accelerometer,-7.414842599999999,-3.2932242999999994,5.306748000000001,1566947849903
5212,226,Gyroscope,-0.09590584,0.14049901,-0.021380282999999996,1566947849912
5213,226,Accelerometer,-7.376535400000001,-3.4057519999999997,5.2026005,1566947849913
5214,226,Gyroscope,-0.07696902,0.1282817,-0.020158553,1566947849923
5215,226,Accelerometer,-7.492654300000001,-3.3961751000000002,5.175066999999999,1566947849923
5216,226,Gyroscope,-0.04520403,0.089186326,-0.0012217305,1566947849932
5217,226,Accelerometer,-7.538144,-3.3279405,5.2002063,1566947849933
5218,226,Gyroscope,-0.028710667000000002,0.04642576,0.030543262,1566947849942
5219,226,Accelerometer,-7.5525093,-3.1783028,5.267244,1566947849943
5220,226,Gyroscope,-0.021380282999999996,0.017715093,0.069027774,1566947849953
5221,226,Accelerometer,-7.3825210000000006,-2.9831752999999996,5.434838,1566947849953
5222,226,Gyroscope,-0.017715093,0.002443461,0.11178834,1566947849962
5223,226,Accelerometer,-7.28795,-2.6850972,5.671864,1566947849963
5224,226,Gyroscope,-0.022602014,0.028710667000000002,0.17592919,1566947849972
5225,226,Accelerometer,-7.524976,-2.433706,5.804742,1566947849973
5226,226,Gyroscope,-0.036651913,0.03970624,0.20158553,1566947849982
5227,226,Accelerometer,-7.5932107,-2.2337902,5.753267,1566947849983
5228,226,Gyroscope,-0.05497787,0.06719518,0.22174409,1566947849992
5229,226,Accelerometer,-7.5944076,-2.019509,5.6670755999999995,1566947849993
5230,226,Gyroscope,-0.06536258,0.070249505,0.23518312,1566947850002
5231,226,Accelerometer,-7.645883,-1.7824832,5.5868697,1566947850003
5232,226,Gyroscope,-0.054367005999999996,0.07391469,0.22418754,1566947850012
5233,226,Accelerometer,-7.5034279999999995,-1.602918,5.651513,1566947850012
5234,226,Gyroscope,-0.018936822,0.08552113,0.19792034,1566947850023
5235,226,Accelerometer,-7.240066000000001,-1.5406688,5.9064955999999995,1566947850023
5236,226,Gyroscope,0.015882496,0.11178834,0.17287487,1566947850032
5237,226,Accelerometer,-7.3190745999999995,-1.5370774999999999,6.137536,1566947850033
5238,226,Gyroscope,0.027488936000000002,0.14721853,0.15210545,1566947850042
5239,226,Accelerometer,-7.505822,-1.4712370000000001,6.1938,1566947850043
5240,226,Gyroscope,0.014049901000000002,0.19242255,0.1337795,1566947850053
5241,226,Accelerometer,-7.6219410000000005,-1.3132197,6.167464,1566947850053
5242,226,Gyroscope,-0.01282817,0.2510656,0.11178834,1566947850062
5243,226,Accelerometer,-7.675811,-1.1623849,6.112396700000001,1566947850063
5244,226,Gyroscope,-0.06414085,0.28283059999999993,0.07819075,1566947850072
5245,226,Accelerometer,-7.9367785,-1.1312603,5.8933277,1566947850073
5246,226,Gyroscope,-0.103847094,0.2864958,0.047036625,1566947850083
5247,226,Accelerometer,-8.130709,-1.2485761999999998,5.687426,1566947850083
5248,226,Gyroscope,-0.11484267,0.2773328,0.020158553,1566947850092
5249,226,Accelerometer,-8.219294999999999,-1.401805,5.6790465999999995,1566947850093
5250,226,Gyroscope,-0.10567969,0.24984388,0.020158553,1566947850102
5251,226,Accelerometer,-8.3150625,-1.5358804,5.523423,1566947850103
5252,226,Gyroscope,-0.07941248,0.22724187,-0.009773844,1566947850113
5253,226,Accelerometer,-8.250419,-1.6244658,5.374983,1566947850113
5254,226,Gyroscope,-0.043982297000000004,0.21013765,-0.017715093,1566947850122
5255,226,Accelerometer,-8.0445175,-1.8016368000000003,5.317522,1566947850123
5256,226,Gyroscope,-0.014049901000000002,0.17348573,-0.008552114,1566947850132
5257,226,Accelerometer,-8.052897,-1.9788077000000002,5.2301335,1566947850133
5258,226,Gyroscope,-0.014049901000000002,0.14355333,0.009773844,1566947850142
5259,226,Accelerometer,-8.106767,-1.8710686,5.2121773000000005,1566947850143
5260,226,Gyroscope,-0.02565634,0.14905111,0.021991148999999998,1566947850152
5261,226,Accelerometer,-7.9810715,-1.7465701,5.233725,1566947850153
5262,226,Gyroscope,-0.035430185,0.15515977,0.028099801,1566947850162
5263,226,Accelerometer,-7.9092455,-1.7860744999999998,5.1930237,1566947850163
5264,226,Gyroscope,-0.03604105,0.14538592,0.035430185,1566947850172
5265,226,Accelerometer,-7.97748,-1.8794483,5.1056349999999995,1566947850173
5266,226,Gyroscope,-0.022602014,0.14477506,0.03359759,1566947850183
5267,226,Accelerometer,-8.058883,-2.0003555,4.9188876,1566947850183
5268,226,Gyroscope,0.0036651915999999997,0.1386664,0.025045475,1566947850192
5269,226,Accelerometer,-8.279149,-2.0087352,4.705803400000001,1566947850193
5270,226,Gyroscope,0.032375857,0.0983493,0.009162978,1566947850202
5271,226,Accelerometer,-8.449138,-1.9309237000000001,4.635174299999999,1566947850203
5272,226,Gyroscope,0.051923547,0.04520403,-0.014660766,1566947850212
5273,226,Accelerometer,-8.389283,-1.8267759,4.6662992999999995,1566947850213
5274,226,Gyroscope,0.07574729,-0.016493361,-0.03481932,1566947850222
5275,226,Accelerometer,-8.397662,-1.7920599999999998,4.7548847,1566947850223
5276,226,Gyroscope,0.08674286,-0.06963864,-0.05681047,1566947850232
5277,226,Accelerometer,-8.423999,-1.7609352999999999,4.811148,1566947850233
5278,226,Gyroscope,0.089186326,-0.12217305,-0.073303826,1566947850242
5279,226,Accelerometer,-8.194156,-1.7262194,4.9643774,1566947850243
5280,226,Gyroscope,0.099571034,-0.17165314,-0.10140363,1566947850252
5281,226,Accelerometer,-8.125919999999999,-1.8231846,5.0541596,1566947850253
5282,226,Gyroscope,0.11056661,-0.21319197,-0.13316862,1566947850262
5283,226,Accelerometer,-8.008605000000001,-1.8938134999999998,5.1547165,1566947850263
5284,226,Gyroscope,0.116675265,-0.2302962,-0.15882497,1566947850272
5285,226,Accelerometer,-7.890092,-1.9907787000000001,5.245696,1566947850273
5286,226,Gyroscope,0.12644911,-0.23762658,-0.1826487,1566947850283
5287,226,Accelerometer,-7.77517,-2.0626047,5.396530599999999,1566947850283
5288,226,Gyroscope,0.13805555,-0.24373524,-0.22174409,1566947850292
5289,226,Accelerometer,-7.739257,-2.1739352000000003,5.600037599999999,1566947850293
5290,226,Gyroscope,0.15332718,-0.24617869,-0.258396,1566947850302
5291,226,Accelerometer,-7.751228,-2.2457612,5.8083334,1566947850303
5292,226,Gyroscope,0.16554448,-0.2302962,-0.28527406,1566947850313
5293,226,Accelerometer,-7.8218570000000005,-2.3056161,6.0381765,1566947850313
5294,226,Gyroscope,0.16432275,-0.19975294,-0.29443705,1566947850322
5295,226,Accelerometer,-7.824250999999999,-2.3403322999999996,6.1782374,1566947850323
5296,226,Gyroscope,0.15027285,-0.16493362,-0.28893927,1566947850332
5297,226,Accelerometer,-7.9068513,-2.3690627,6.2368955999999995,1566947850333
5298,226,Gyroscope,0.12644911,-0.1282817,-0.25900686,1566947850342
5299,226,Accelerometer,-7.809886,-2.3989902,6.2740054,1566947850343
5300,226,Gyroscope,0.09773844,-0.10262536,-0.21868975,1566947850352
5301,226,Accelerometer,-7.615956,-2.4827871,6.2943563,1566947850353
5302,226,Gyroscope,0.0720821,-0.07941248,-0.16554448,1566947850362
5303,226,Accelerometer,-7.394492,-2.5510217999999996,6.2213330000000004,1566947850363
5304,226,Gyroscope,0.048258353,-0.0421497,-0.10873401,1566947850372
5305,226,Accelerometer,-7.229292,-2.621651,6.208165,1566947850373
5306,226,Gyroscope,0.028099801,0.002443461,-0.054367005999999996,1566947850382
5307,226,Accelerometer,-7.101202000000001,-2.5845408,6.2225304,1566947850383
5308,226,Gyroscope,-0.00061086525,0.052534412999999995,-0.009162978,1566947850392
5309,226,Accelerometer,-7.171831,-2.4085669999999997,6.0836663,1566947850393
5310,226,Gyroscope,-0.037873644,0.099571034,0.03176499,1566947850402
5311,226,Accelerometer,-7.2065472999999995,-2.1045034,5.8933277,1566947850403
5312,226,Gyroscope,-0.069027774,0.14172074,0.057421334000000004,1566947850412
5313,226,Accelerometer,-7.168239999999999,-1.8195933000000002,5.756858,1566947850413
5314,226,Gyroscope,-0.08307768,0.15577064,0.06414085,1566947850422
5315,226,Accelerometer,-7.1909847000000005,-1.7417817,5.7640405,1566947850423
5316,226,Gyroscope,-0.07269296,0.1441642,0.052534412999999995,1566947850432
5317,226,Accelerometer,-7.301117999999999,-1.7956512999999998,5.765238,1566947850433
5318,226,Gyroscope,-0.0580322,0.13561209,0.029932396,1566947850442
5319,226,Accelerometer,-7.438784599999999,-1.8626889,5.7017913,1566947850443
5320,226,Gyroscope,-0.052534412999999995,0.116675265,-0.0030543262,1566947850452
5321,226,Accelerometer,-7.6111674,-1.8842366999999998,5.6407394,1566947850453
5322,226,Gyroscope,-0.04886922,0.12278391400000001,-0.009773844,1566947850462
5323,226,Accelerometer,-7.6375036,-1.9656396,5.6060233,1566947850463
5324,226,Gyroscope,-0.04153884,0.124005646,-0.015882496,1566947850472
5325,226,Accelerometer,-7.705738,-2.0350714,5.589264,1566947850473
5326,226,Gyroscope,-0.035430185,0.11545353400000001,-0.018936822,1566947850482
5327,226,Accelerometer,-7.6111674,-2.1643584,5.5629277,1566947850483
5328,226,Gyroscope,-0.02443461,0.0842994,-0.02565634,1566947850492
5329,226,Accelerometer,-7.553706,-2.328361,5.4934959999999995,1566947850493
5330,226,Gyroscope,-0.016493361,0.06658431,-0.018325957,1566947850503
5331,226,Accelerometer,-7.687782,-2.4420857000000002,5.49589,1566947850503
5332,226,Gyroscope,-0.021991148999999998,0.06841691,-0.002443461,1566947850512
5333,226,Accelerometer,-7.574057000000001,-2.3654714,5.449203,1566947850513
5334,226,Gyroscope,-0.022602014,0.07819075,0.007941248,1566947850522
5335,226,Accelerometer,-7.3753386,-2.2697031,5.4934959999999995,1566947850523
5336,226,Gyroscope,-0.005497787,0.07880162,0.007330383,1566947850533
5337,226,Accelerometer,-7.298723700000001,-2.3762453,5.626374,1566947850533
5338,226,Gyroscope,0.014049901000000002,0.081855945,0.008552114,1566947850542
5339,226,Accelerometer,-7.369353,-2.4959552000000005,5.614403,1566947850543
5340,226,Gyroscope,0.017104227,0.09101892,0.009773844,1566947850552
5341,226,Accelerometer,-7.420828299999999,-2.4516625,5.5497594,1566947850553
5342,226,Gyroscope,0.009162978,0.09162979,0.008552114,1566947850563
5343,226,Accelerometer,-7.405266,-2.3762453,5.5150437000000005,1566947850563
5344,226,Gyroscope,-0.0012217305,0.08124508,0.0018325957999999999,1566947850572
5345,226,Accelerometer,-7.511808,-2.4061728,5.4432178,1566947850573
5346,226,Gyroscope,-0.016493361,0.07391469,-0.0018325957999999999,1566947850582
5347,226,Accelerometer,-7.5285673,-2.397793,5.403713,1566947850583
5348,226,Gyroscope,-0.019547688,0.054367005999999996,-0.005497787,1566947850592
5349,226,Accelerometer,-7.639898,-2.5366566,5.403713,1566947850593
5350,226,Gyroscope,-0.017104227,0.0421497,-0.004886922,1566947850602
5351,226,Accelerometer,-7.547721000000001,-2.6084828,5.4312468,1566947850603
5352,226,Gyroscope,-0.002443461,0.017104227,-0.015271631,1566947850612
5353,226,Accelerometer,-7.5525093,-2.7760768,5.513846400000001,1566947850613
5354,226,Gyroscope,0.01282817,-0.004276057,-0.018325957,1566947850622
5355,226,Accelerometer,-7.779958199999999,-2.9221232,5.5760955999999995,1566947850623
5356,226,Gyroscope,0.005497787,0.0036651915999999997,-0.019547688,1566947850632
5357,226,Accelerometer,-7.7224975,-2.8646624,5.5329999999999995,1566947850633
5358,226,Gyroscope,-0.004886922,0.00061086525,-0.021991148999999998,1566947850642
5359,226,Accelerometer,-7.5932107,-2.8862102000000003,5.54138,1566947850643
5360,226,Gyroscope,-0.013439035,0.0012217305,-0.021991148999999998,1566947850652
5361,226,Accelerometer,-7.4639240000000004,-2.9029696,5.6096144,1566947850653
5362,226,Gyroscope,-0.019547688,0.015271631,-0.02565634,1566947850662
5363,226,Accelerometer,-7.541735000000001,-3.063381,5.705383,1566947850663
5364,226,Gyroscope,-0.013439035,0.036651913,-0.031154128,1566947850672
5365,226,Accelerometer,-7.928399000000001,-3.0825348,5.5725045,1566947850673
5366,226,Gyroscope,-0.016493361,0.012217305,-0.040927973,1566947850682
5367,226,Accelerometer,-7.765592999999999,-3.0789435000000003,5.5341973,1566947850683
5368,226,Gyroscope,-0.03481932,0.012217305,-0.03848451,1566947850692
5369,226,Accelerometer,-7.368156,-3.1136593999999995,5.4803276,1566947850693
5370,226,Gyroscope,-0.054367005999999996,0.015882496,-0.019547688,1566947850702
5371,226,Accelerometer,-7.1431007,-2.9700072,5.3678,1566947850703
5372,226,Gyroscope,-0.06841691,0.035430185,-0.0061086523,1566947850712
5373,226,Accelerometer,-6.9144545,-3.1196449,5.3785739999999995,1566947850713
5374,226,Gyroscope,-0.0720821,0.028099801,-0.0036651915999999997,1566947850722
5375,226,Accelerometer,-7.028179,-3.1244332999999997,5.488707499999999,1566947850723
5376,226,Gyroscope,-0.077579886,-0.014049901000000002,-0.010995574,1566947850732
5377,226,Accelerometer,-6.9767036,-2.846706,5.676652400000001,1566947850733
5378,226,Gyroscope,-0.08246681,-0.040927973,-0.017104227,1566947850743
5379,226,Accelerometer,-6.813898,-2.6994624,5.995081,1566947850743
5380,226,Gyroscope,-0.09590584,-0.027488936000000002,-0.004276057,1566947850752
5381,226,Accelerometer,-6.953958999999999,-2.4025814999999997,6.1243677000000005,1566947850753
5382,226,Gyroscope,-0.13316862,0.02321288,0.01160644,1566947850762
5383,226,Accelerometer,-7.028179,-2.2577322,6.191406,1566947850763
5384,226,Gyroscope,-0.17104226,0.09040806,0.047647487,1566947850772
5385,226,Accelerometer,-7.026982,-2.087744,6.337452,1566947850773
5386,226,Gyroscope,-0.19730948,0.16798794,0.08674286,1566947850783
5387,226,Accelerometer,-7.231686,-1.9093759,6.4487824,1566947850783
5388,226,Gyroscope,-0.20830505,0.23640485,0.12705997,1566947850792
5389,226,Accelerometer,-7.350199000000001,-1.8590976000000001,6.479907,1566947850793
5390,226,Gyroscope,-0.22418754,0.2761111,0.16982053,1566947850802
5391,226,Accelerometer,-7.717708999999999,-1.7609352999999999,6.301539,1566947850803
5392,226,Gyroscope,-0.25350907,0.32436943,0.18936823,1566947850812
5393,226,Accelerometer,-7.6865845,-1.7178397,6.1866174,1566947850813
5394,226,Gyroscope,-0.26694809999999997,0.37812558,0.20280726,1566947850822
5395,226,Accelerometer,-7.750031,-1.7848773999999998,6.1327476999999995,1566947850823
5396,226,Gyroscope,-0.25595254,0.43249258,0.2144137,1566947850832
5397,226,Accelerometer,-7.860164,-1.9081788,6.0513449999999995,1566947850833
5398,226,Gyroscope,-0.22968534,0.47158796,0.21868975,1566947850842
5399,226,Accelerometer,-7.833828,-2.0314799999999997,5.949591000000001,1566947850843
5400,226,Gyroscope,-0.19303341,0.49418998,0.21502456,1566947850852
5401,226,Accelerometer,-7.8757267,-1.9895816000000002,5.8059389999999995,1566947850853
5402,226,Gyroscope,-0.16004670000000001,0.5149594,0.20525073,1566947850862
5403,226,Accelerometer,-7.9583262999999995,-1.8662802,5.553351,1566947850863
5404,226,Gyroscope,-0.13988814,0.50885075,0.19303341,1566947850872
5405,226,Accelerometer,-8.006210000000001,-1.7932571,5.171476,1566947850873
5406,226,Gyroscope,-0.13011430000000002,0.47464229999999996,0.16493362,1566947850882
5407,226,Accelerometer,-8.046911999999999,-1.7393875,4.853047,1566947850883
5408,226,Gyroscope,-0.12034045,0.42455134,0.12644911,1566947850893
5409,226,Accelerometer,-8.119935,-1.6472107,4.56694,1566947850893
5410,226,Gyroscope,-0.10934488,0.35918877,0.08857546,1566947850902
5411,226,Accelerometer,-8.165425,-1.3790601,4.3502645,1566947850903
5412,226,Gyroscope,-0.095294975,0.26633725,0.0061086523,1566947850912
5413,226,Accelerometer,-7.8996687,-1.0737995,4.425682,1566947850913
5414,226,Gyroscope,-0.069027774,0.20280726,-0.05497787,1566947850922
5415,226,Accelerometer,-7.7320743,-1.1599906999999998,4.6016555,1566947850923
5416,226,Gyroscope,-0.028710667000000002,0.13072516,-0.10629055,1566947850933
5417,226,Accelerometer,-8.010999,-1.4221559,4.782418,1566947850933
5418,226,Gyroscope,-0.010995574,0.08307768,-0.14721853,1566947850942
5419,226,Accelerometer,-8.258799,-1.4389153000000001,5.0302176,1566947850943
5420,226,Gyroscope,-0.02321288,0.03481932,-0.16432275,1566947850952
5421,226,Accelerometer,-8.559271,-1.4939818,4.724957,1566947850953
5422,226,Gyroscope,-0.0421497,0.018325957,-0.15271631,1566947850962
5423,226,Accelerometer,-8.813056,-1.5969325,4.590882,1566947850963
5424,226,Gyroscope,-0.054367005999999996,0.03970624,-0.12278391400000001,1566947850973
5425,226,Accelerometer,-8.827422,-1.7729063000000003,4.6279917,1566947850973
5426,226,Gyroscope,-0.04520403,0.028710667000000002,-0.09407325,1566947850982
5427,226,Accelerometer,-8.828619,-2.0470424,4.679467,1566947850983
5428,226,Gyroscope,-0.030543262,-0.008552114,-0.058643065,1566947850992
5429,226,Accelerometer,-8.813056,-2.2074540000000002,4.7441106,1566947850993
5430,226,Gyroscope,-0.014049901000000002,-0.018325957,-0.02565634,1566947851002
5431,226,Accelerometer,-8.6299,-2.2876596,4.868608999999999,1566947851003
5432,226,Gyroscope,-0.0061086523,-0.026267206,0.0012217305,1566947851012
5433,226,Accelerometer,-8.682572,-2.2661119,4.891354,1566947851013
5434,226,Gyroscope,-0.009773844,-0.03359759,0.028710667000000002,1566947851022
5435,226,Accelerometer,-8.579621000000001,-1.9692308999999997,4.853047,1566947851023
5436,226,Gyroscope,-0.014049901000000002,-0.031154128,0.040927973,1566947851032
5437,226,Accelerometer,-8.274361,-1.7369933000000002,4.8255134,1566947851033
5438,226,Gyroscope,-0.005497787,-0.051923547,0.03481932,1566947851042
5439,226,Accelerometer,-8.010999,-1.5634137,4.8506527,1566947851043
5440,226,Gyroscope,0.0018325957999999999,-0.07574729,0.014660766,1566947851053
5441,226,Accelerometer,-7.8050976,-1.5143325,4.938041,1566947851053
5442,226,Gyroscope,0.018325957,-0.10873401,-0.01160644,1566947851062
5443,226,Accelerometer,-7.7368627000000005,-1.4030021000000001,5.0158525,1566947851063
5444,226,Gyroscope,0.039095376,-0.1441642,-0.047036625,1566947851072
5445,226,Accelerometer,-7.767987299999999,-1.4329298000000001,5.027823400000001,1566947851073
5446,226,Gyroscope,0.057421334000000004,-0.1881465,-0.08735373,1566947851082
5447,226,Accelerometer,-7.8422074,-1.6472107,4.9775453,1566947851082
5448,226,Gyroscope,0.07086037,-0.22785273,-0.12950343,1566947851093
5449,226,Accelerometer,-7.915230800000001,-1.7274165000000001,4.969166,1566947851093
5450,226,Gyroscope,0.0842994,-0.24129178,-0.17043139999999998,1566947851102
5451,226,Accelerometer,-7.9008656,-1.8028339,5.1583076,1566947851103
5452,226,Gyroscope,0.10323623,-0.26511553,-0.20647246,1566947851112
5453,226,Accelerometer,-7.9571295,-2.0649989,5.020641,1566947851113
5454,226,Gyroscope,0.1160644,-0.29932398,-0.23273966,1566947851122
5455,226,Accelerometer,-7.943961,-2.280477,4.926069999999999,1566947851123
5456,226,Gyroscope,0.12522738,-0.32436943,-0.24678956,1566947851132
5457,226,Accelerometer,-7.9391727,-2.31639,4.9105077,1566947851133
5458,226,Gyroscope,0.1160644,-0.37751472,-0.24984388,1566947851142
5459,226,Accelerometer,-7.8422074,-2.3343467999999996,5.153519,1566947851143
5460,226,Gyroscope,0.12705997,-0.4092797,-0.23762658,1566947851152
5461,226,Accelerometer,-7.8386164,-2.445677,5.5940523,1566947851153
5462,226,Gyroscope,0.13500121,-0.42271876,-0.22052236,1566947851163
5463,226,Accelerometer,-7.878121000000001,-2.586935,5.8969190000000005,1566947851163
5464,226,Gyroscope,0.12461651,-0.4269948,-0.18570304,1566947851172
5465,226,Accelerometer,-7.911639699999999,-2.5498247000000003,6.1662664000000005,1566947851173
5466,226,Gyroscope,0.086132,-0.3830125,-0.13622294,1566947851182
5467,226,Accelerometer,-7.8422074,-2.4121582999999998,6.381745,1566947851183
5468,226,Gyroscope,0.032375857,-0.29749137,-0.08979719,1566947851192
5469,226,Accelerometer,-7.586028,-2.2744915,6.487089599999999,1566947851193
5470,226,Gyroscope,-0.02076942,-0.1881465,-0.043982297000000004,1566947851203
5471,226,Accelerometer,-7.302314999999999,-2.2481554,6.4739213,1566947851203
5472,226,Gyroscope,-0.05681047,-0.08246681,-0.0012217305,1566947851212
5473,226,Accelerometer,-7.0964136,-2.3355439,6.4248405,1566947851213
5474,226,Gyroscope,-0.0720821,-0.0030543262,0.035430185,1566947851222
5475,226,Accelerometer,-6.8821330000000005,-2.3343467999999996,6.2979474,1566947851223
5476,226,Gyroscope,-0.08674286,0.056199603,0.06963864,1566947851232
5477,226,Accelerometer,-6.707356,-2.219425,6.1207767,1566947851233
5478,226,Gyroscope,-0.09101892,0.10567969,0.09040806,1566947851243
5479,226,Accelerometer,-6.803124,-2.1751322999999996,5.919664,1566947851243
5480,226,Gyroscope,-0.0842994,0.12583824,0.09896017,1566947851252
5481,226,Accelerometer,-6.9970546,-2.0709844,5.719748,1566947851253
5482,226,Gyroscope,-0.08368854,0.13255776,0.09896017,1566947851262
5483,226,Accelerometer,-7.232883500000001,-1.9416976000000001,5.5246205,1566947851263
5484,226,Gyroscope,-0.076358154,0.12705997,0.07880162,1566947851272
5485,226,Accelerometer,-7.443573,-1.9369092,5.42167,1566947851273
5486,226,Gyroscope,-0.06291912,0.09162979,0.047036625,1566947851283
5487,226,Accelerometer,-7.682993400000001,-2.0638018,5.3737855,1566947851283
5488,226,Gyroscope,-0.050701816,0.047647487,0.0030543262,1566947851292
5489,226,Accelerometer,-8.099585000000001,-2.2481554,5.3282957,1566947851293
5490,226,Gyroscope,-0.05009095,0.014049901000000002,-0.03176499,1566947851302
5491,226,Accelerometer,-8.402451,-2.1883004,5.273229,1566947851303
5492,226,Gyroscope,-0.06597344599999999,0.004276057,-0.043982297000000004,1566947851312
5493,226,Accelerometer,-8.294711999999999,-2.0649989,5.163096,1566947851313
5494,226,Gyroscope,-0.077579886,-0.0036651915999999997,-0.056199603,1566947851323
5495,226,Accelerometer,-8.093599000000001,-2.1847090000000002,5.233725,1566947851323
5496,226,Gyroscope,-0.07086037,-0.028710667000000002,-0.06352998,1566947851332
5497,226,Accelerometer,-7.890092,-2.3307555,5.2564697,1566947851333
5498,226,Gyroscope,-0.06841691,-0.062308256,-0.05131268,1566947851342
5499,226,Accelerometer,-7.583634,-2.292448,5.258864,1566947851343
5500,226,Gyroscope,-0.06658431,-0.08979719,-0.040927973,1566947851352
5501,226,Accelerometer,-7.338228,-2.3786395000000002,5.4922986,1566947851353
5502,226,Gyroscope,-0.04520403,-0.10934488,-0.03359759,1566947851362
5503,226,Accelerometer,-7.4064630000000005,-2.4277205000000004,5.6670755999999995,1566947851363
5504,226,Gyroscope,-0.04276056599999999,-0.10995574,-0.021991148999999998,1566947851372
5505,226,Accelerometer,-7.4591354999999995,-2.420538,5.7760115,1566947851373
5506,226,Gyroscope,-0.058643065,-0.08552113,-0.010995574,1566947851382
5507,226,Accelerometer,-7.4351935,-2.4384943999999997,5.9771247,1566947851383
5508,226,Gyroscope,-0.064751714,-0.06291912,0.004276057,1566947851392
5509,226,Accelerometer,-7.419631,-2.5941176,6.0884547,1566947851393
5510,226,Gyroscope,-0.06963864,-0.03359759,0.023823743999999997,1566947851403
5511,226,Accelerometer,-7.3047094,-2.552219,6.1650696,1566947851403
5512,226,Gyroscope,-0.06536258,0.008552114,0.048258353,1566947851412
5513,226,Accelerometer,-7.123947,-2.5558102000000003,6.3063273,1566947851413
5514,226,Gyroscope,-0.049480084,0.059864793,0.059864793,1566947851422
5515,226,Accelerometer,-7.0581064,-2.6360161,6.3470287,1566947851423
5516,226,Gyroscope,-0.047647487,0.0983493,0.06780604,1566947851432
5517,226,Accelerometer,-7.1502833,-2.6551697,6.2967505,1566947851433
5518,226,Gyroscope,-0.04520403,0.13622294,0.062308256,1566947851442
5519,226,Accelerometer,-7.1167645,-2.6120741,6.271611,1566947851443
5520,226,Gyroscope,-0.040317107000000005,0.16126843,0.04886922,1566947851453
5521,226,Accelerometer,-7.3202715,-2.6743232999999997,6.0501475,1566947851453
5522,226,Gyroscope,-0.05131268,0.17837265,0.04520403,1566947851462
5523,226,Accelerometer,-7.485471700000001,-2.6144682999999995,5.7736173,1566947851463
5524,226,Gyroscope,-0.064751714,0.18692477,0.037873644,1566947851472
5525,226,Accelerometer,-7.4363904000000005,-2.4768016,5.559336,1566947851473
5526,226,Gyroscope,-0.0580322,0.18325958,0.027488936000000002,1566947851482
5527,226,Accelerometer,-7.571663,-2.6431987,5.4480059999999995,1566947851483
5528,226,Gyroscope,-0.055588737,0.16493362,0.030543262,1566947851492
5529,226,Accelerometer,-7.704541000000001,-2.6755204,5.2804117,1566947851493
5530,226,Gyroscope,-0.06291912,0.14172074,0.044593163,1566947851503
5531,226,Accelerometer,-7.6961613,-2.586935,5.2181625,1566947851503
5532,226,Gyroscope,-0.06719518,0.13439035,0.047036625,1566947851512
5533,226,Accelerometer,-7.5764512999999996,-2.5833437000000004,5.315128,1566947851513
5534,226,Gyroscope,-0.070249505,0.11484267,0.05375614,1566947851522
5535,226,Accelerometer,-7.499836999999999,-2.6862943,5.3905449999999995,1566947851523
5536,226,Gyroscope,-0.08979719,0.103847094,0.06841691,1566947851532
5537,226,Accelerometer,-7.485471700000001,-2.682703,5.433641000000001,1566947851533
5538,226,Gyroscope,-0.11911872,0.08979719,0.0842994,1566947851542
5539,226,Accelerometer,-7.522581599999999,-2.5594015,5.4192758,1566947851543
5540,226,Gyroscope,-0.13133603,0.07574729,0.073303826,1566947851553
5541,226,Accelerometer,-7.356185000000001,-2.480393,5.5401826,1566947851553
5542,226,Gyroscope,-0.11484267,0.096516706,0.04642576,1566947851562
5543,226,Accelerometer,-7.405266,-3.0801406000000005,5.6802435,1566947851563
5544,226,Gyroscope,-0.10262536,0.12461651,0.03848451,1566947851572
5545,226,Accelerometer,-7.614758500000001,-2.7772740000000002,5.392939,1566947851573
5546,226,Gyroscope,-0.12583824,0.15577064,0.030543262,1566947851582
5547,226,Accelerometer,-7.298723700000001,-2.8191724,5.327099,1566947851583
5548,226,Gyroscope,-0.14599679999999998,0.19486602,0.02321288,1566947851593
5549,226,Accelerometer,-7.4591354999999995,-2.8814217999999996,5.272032299999999,1566947851593
5550,226,Gyroscope,-0.12644911,0.16371189,0.0012217305,1566947851602
5551,226,Accelerometer,-7.6243353,-2.9233203,5.088876,1566947851603
5552,226,Gyroscope,-0.12583824,0.106901415,-0.0036651915999999997,1566947851612
5553,226,Accelerometer,-7.582436599999999,-3.1124623,5.102043599999999,1566947851613
5554,226,Gyroscope,-0.12095132,0.061086524,-0.01038471,1566947851622
5555,226,Accelerometer,-7.6351094,-3.217807,5.2241483,1566947851623
5556,226,Gyroscope,-0.10567969,0.03726278,-0.008552114,1566947851632
5557,226,Accelerometer,-7.6518690000000005,-3.3051953000000003,5.445612000000001,1566947851633
5558,226,Gyroscope,-0.095294975,0.037873644,0.01282817,1566947851642
5559,226,Accelerometer,-7.7643960000000005,-3.1854854,5.535394,1566947851643
5560,226,Gyroscope,-0.10812314599999999,0.04276056599999999,0.044593163,1566947851652
5561,226,Accelerometer,-7.6949644,-2.9640217,5.651513,1566947851653
5562,226,Gyroscope,-0.13683382,0.07391469,0.093462385,1566947851663
5563,226,Accelerometer,-7.571663,-2.6180596,5.750872599999999,1566947851663
5564,226,Gyroscope,-0.16615535,0.116675265,0.13622294,1566947851672
5565,226,Accelerometer,-7.48188,-2.3822308,5.8945246,1566947851673
5566,226,Gyroscope,-0.17654006,0.16004670000000001,0.17287487,1566947851682
5567,226,Accelerometer,-7.3992805,-2.2134395000000002,6.0860605,1566947851683
5568,226,Gyroscope,-0.17409660000000002,0.2144137,0.19303341,1566947851692
5569,226,Accelerometer,-7.3825210000000006,-2.0278888,6.307524,1566947851693
5570,226,Gyroscope,-0.15882497,0.27672195,0.19547687,1566947851702
5571,226,Accelerometer,-7.5764512999999996,-1.8602947,6.367379,1566947851703
5572,226,Gyroscope,-0.15882497,0.34391713,0.18020524,1566947851712
5573,226,Accelerometer,-7.803900200000001,-1.6531962,6.345831400000001,1566947851713
5574,226,Gyroscope,-0.17654006,0.39095375,0.14782938,1566947851723
5575,226,Accelerometer,-8.031349,-1.5382746,6.2512608,1566947851723
5576,226,Gyroscope,-0.20341812,0.41722095,0.09896017,1566947851732
5577,226,Accelerometer,-8.196549000000001,-1.6184803,6.069301,1566947851733
5578,226,Gyroscope,-0.21991149,0.43004912,0.04337143,1566947851742
5579,226,Accelerometer,-8.232463000000001,-1.8255788,5.8442464,1566947851743
5580,226,Gyroscope,-0.22418754,0.44165558,0.0030543262,1566947851752
5581,226,Accelerometer,-8.154651,-2.087744,5.580883999999999,1566947851753
5582,226,Gyroscope,-0.20525073,0.44165558,-0.025045475,1566947851762
5583,226,Accelerometer,-7.979874000000001,-2.3403322999999996,5.309142,1566947851763
5584,226,Gyroscope,-0.16676621,0.42516220000000005,-0.03970624,1566947851773
5585,226,Accelerometer,-7.844601600000001,-2.4636335,5.026626599999999,1566947851773
5586,226,Gyroscope,-0.1337795,0.398895,-0.05009095,1566947851782
5587,226,Accelerometer,-7.69257,-2.445677,4.76087,1566947851783
5588,226,Gyroscope,-0.11484267,0.37018433,-0.05681047,1566947851792
5589,226,Accelerometer,-7.577648,-2.3822308,4.653131,1566947851793
5590,226,Gyroscope,-0.09468412,0.34025195,-0.059253927000000005,1566947851802
5591,226,Accelerometer,-7.601590600000001,-2.3786395000000002,4.650737,1566947851803
5592,226,Gyroscope,-0.06780604,0.30665436,-0.056199603,1566947851812
5593,226,Accelerometer,-7.825448,-2.4253263,4.672284599999999,1566947851813
5594,226,Gyroscope,-0.04642576,0.27000242,-0.03848451,1566947851822
5595,226,Accelerometer,-8.136695,-2.4636335,4.6519337,1566947851823
5596,226,Gyroscope,-0.009162978,0.22174409,-0.009773844,1566947851833
5597,226,Accelerometer,-8.483853,-2.4768016,4.5884876,1566947851833
5598,226,Gyroscope,0.005497787,0.18203785,0.004276057,1566947851842
5599,226,Accelerometer,-8.623915,-2.4061728,4.4807487,1566947851843
5600,226,Gyroscope,0.02443461,0.13622294,0.009162978,1566947851852
5601,226,Accelerometer,-8.698134,-2.385822,4.462791999999999,1566947851853
5602,226,Gyroscope,0.04276056599999999,0.08796459400000001,0.0067195175,1566947851862
5603,226,Accelerometer,-8.719683,-2.3834279,4.4663835,1566947851863
5604,226,Gyroscope,0.045814894,0.05497787,0.009162978,1566947851872
5605,226,Accelerometer,-8.701725999999999,-2.1990743,4.5154643,1566947851873
5606,226,Gyroscope,0.04153884,0.037873644,-0.0012217305,1566947851883
5607,226,Accelerometer,-8.498219,-1.7501613999999999,4.6782703,1566947851883
5608,226,Gyroscope,0.031154128,0.034208454,-0.019547688,1566947851892
5609,226,Accelerometer,-8.214506,-1.2844891999999999,4.957195,1566947851893
5610,226,Gyroscope,0.021991148999999998,0.037873644,-0.03848451,1566947851902
5611,226,Accelerometer,-7.965509,-0.9768343,5.1690817000000004,1566947851903
5612,226,Gyroscope,0.01282817,0.05497787,-0.059253927000000005,1566947851912
5613,226,Accelerometer,-7.7919292,-0.78769237,5.3282957,1566947851913
5614,226,Gyroscope,-0.0012217305,0.07880162,-0.081855945,1566947851922
5615,226,Accelerometer,-7.762002000000001,-0.7026982,5.351041,1566947851923
5616,226,Gyroscope,-0.01282817,0.10934488,-0.10445796,1566947851933
5617,226,Accelerometer,-7.767987299999999,-0.7194576,5.343858200000001,1566947851933
5618,226,Gyroscope,-0.019547688,0.13133603,-0.12095132,1566947851942
5619,226,Accelerometer,-7.8158712,-0.90620536,5.4264584000000005,1566947851943
5620,226,Gyroscope,-0.021380282999999996,0.13683382,-0.13316862,1566947851952
5621,226,Accelerometer,-7.9104424,-1.2090718999999999,5.553351,1566947851953
5622,226,Gyroscope,-0.026267206,0.12950343,-0.1337795,1566947851962
5623,226,Accelerometer,-8.1163435,-1.5777789,5.5341973,1566947851963
5624,226,Gyroscope,-0.04337143,0.12461651,-0.124005646,1566947851972
5625,226,Accelerometer,-8.26239,-1.7872716,5.3582234,1566947851973
5626,226,Gyroscope,-0.06414085,0.14172074,-0.09773844,1566947851982
5627,226,Accelerometer,-8.133103,-1.9333179,5.2636523,1566947851983
5628,226,Gyroscope,-0.0580322,0.14294247,-0.08796459400000001,1566947851992
5629,226,Accelerometer,-7.773973,-2.1308396000000003,5.234922,1566947851993
5630,226,Gyroscope,-0.059864793,0.09162979,-0.059253927000000005,1566947852002
5631,226,Accelerometer,-7.645883,-2.493561,4.732139599999999,1566947852003
5632,226,Gyroscope,-0.04153884,0.028099801,-0.021991148999999998,1566947852012
5633,226,Accelerometer,-7.631517999999999,-2.6503813,4.441244,1566947852013
5634,226,Gyroscope,-0.004276057,-0.034208454,0.0018325957999999999,1566947852022
5635,226,Accelerometer,-7.5800424,-2.6264392999999995,4.2700586,1566947852023
5636,226,Gyroscope,0.028710667000000002,-0.11728613,0.0036651915999999997,1566947852032
5637,226,Accelerometer,-7.7488337,-2.4756044999999998,4.3299136,1566947852033
5638,226,Gyroscope,0.07819075,-0.20463985,-0.0061086523,1566947852043
5639,226,Accelerometer,-7.9092455,-2.2960392999999995,4.334702,1566947852043
5640,226,Gyroscope,0.11362094,-0.28527406,-0.0421497,1566947852052
5641,226,Accelerometer,-8.219294999999999,-2.2649147999999997,4.268862,1566947852053
5642,226,Gyroscope,0.14538592,-0.43249258,-0.1142318,1566947852062
5643,226,Accelerometer,-8.449138,-2.220622,4.2580876,1566947852063
5644,226,Gyroscope,0.13744467,-0.49296826,-0.15271631,1566947852072
5645,226,Accelerometer,-8.426393,-2.1057005,4.528632599999999,1566947852073
5646,226,Gyroscope,0.12522738,-0.50946164,-0.18570304,1566947852082
5647,226,Accelerometer,-8.292317,-2.1416135,4.7357309999999995,1566947852082
5648,226,Gyroscope,0.1282817,-0.50701815,-0.20769419,1566947852093
5649,226,Accelerometer,-8.149861999999999,-2.3259668,5.085284,1566947852093
5650,226,Gyroscope,0.13133603,-0.47769663,-0.21258110000000002,1566947852102
5651,226,Accelerometer,-7.97748,-2.5031377999999997,5.363012,1566947852103
5652,226,Gyroscope,0.116675265,-0.44959682,-0.19730948,1566947852112
5653,226,Accelerometer,-7.8649526,-2.6084828,5.5545480000000005,1566947852113
5654,226,Gyroscope,0.09101892,-0.42088616,-0.1777618,1566947852122
5655,226,Accelerometer,-7.681796,-2.6731262000000005,5.7377043,1566947852123
5656,226,Gyroscope,0.06963864,-0.37690386,-0.1423316,1566947852132
5657,226,Accelerometer,-7.589619,-2.682703,5.8801594,1566947852133
5658,226,Gyroscope,0.051923547,-0.31764993,-0.09712757,1566947852143
5659,226,Accelerometer,-7.353790299999999,-2.6779146000000003,5.967548000000001,1566947852143
5660,226,Gyroscope,0.049480084,-0.26206118,-0.05131268,1566947852152
5661,226,Accelerometer,-7.1670427,-2.5929205,6.1219735,1566947852153
5662,226,Gyroscope,0.06597344599999999,-0.21319197,-0.018936822,1566947852162
5663,226,Accelerometer,-7.1826053,-2.4779987,6.1303535,1566947852163
5664,226,Gyroscope,0.07086037,-0.17348573,0.007941248,1566947852172
5665,226,Accelerometer,-7.2185183,-2.2840683,6.005855,1566947852173
5666,226,Gyroscope,0.053145275,-0.1142318,0.03604105,1566947852182
5667,226,Accelerometer,-7.229292,-2.054225,6.047753299999999,1566947852183
5668,226,Gyroscope,0.027488936000000002,-0.06169739,0.059253927000000005,1566947852192
5669,226,Accelerometer,-7.387309599999999,-1.8662802,5.978321599999999,1566947852193
5670,226,Gyroscope,0.0036651915999999997,-0.03726278,0.069027774,1566947852203
5671,226,Accelerometer,-7.526173,-1.7166426,5.922058,1566947852203
5672,226,Gyroscope,-0.017715093,-0.010995574,0.07574729,1566947852212
5673,226,Accelerometer,-7.548918,-1.6555905,5.886145,1566947852213
5674,226,Gyroscope,-0.03481932,0.0067195175,0.06780604,1566947852222
5675,226,Accelerometer,-7.653065700000001,-1.7729063000000003,5.8478374,1566947852223
5676,226,Gyroscope,-0.040927973,-0.00061086525,0.051923547,1566947852232
5677,226,Accelerometer,-7.837419000000001,-1.8363526999999997,5.758055000000001,1566947852233
5678,226,Gyroscope,-0.059253927000000005,0.008552114,0.040927973,1566947852242
5679,226,Accelerometer,-7.726089,-1.8267759,5.6946087,1566947852243
5680,226,Gyroscope,-0.07941248,0.032986722999999996,0.032375857,1566947852252
5681,226,Accelerometer,-7.630321,-1.9452889,5.6634839999999995,1566947852253
5682,226,Gyroscope,-0.08796459400000001,0.04337143,0.017715093,1566947852262
5683,226,Accelerometer,-7.546523599999999,-2.110489,5.6096144,1566947852263
5684,226,Gyroscope,-0.09407325,0.037873644,0.013439035,1566947852272
5685,226,Accelerometer,-7.4112515,-2.1847090000000002,5.4863133,1566947852273
5686,226,Gyroscope,-0.09101892,0.02076942,0.015882496,1566947852282
5687,226,Accelerometer,-7.323863,-2.232593,5.5090580000000005,1566947852283
5688,226,Gyroscope,-0.07880162,0.015882496,0.015882496,1566947852292
5689,226,Accelerometer,-7.3274539999999995,-2.2876596,5.5389857000000005,1566947852293
5690,226,Gyroscope,-0.061086524,0.008552114,0.013439035,1566947852302
5691,226,Accelerometer,-7.369353,-2.3558946,5.602432,1566947852303
5692,226,Gyroscope,-0.049480084,0.0067195175,0.015882496,1566947852313
5693,226,Accelerometer,-7.4232225000000005,-2.4061728,5.6634839999999995,1566947852313
5694,226,Gyroscope,-0.03726278,0.009773844,0.009773844,1566947852322
5695,226,Accelerometer,-7.582436599999999,-2.4181437000000003,5.718550700000001,1566947852323
5696,226,Gyroscope,-0.047647487,0.02321288,0.007941248,1566947852332
5697,226,Accelerometer,-7.691373,-2.4516625,5.6898203,1566947852333
5698,226,Gyroscope,-0.06047566,0.05009095,0.004276057,1566947852342
5699,226,Accelerometer,-7.714117999999999,-2.5258827,5.664681400000001,1566947852343
5700,226,Gyroscope,-0.054367005999999996,0.06841691,-0.0061086523,1566947852352
5701,226,Accelerometer,-7.758410499999999,-2.6839,5.6898203,1566947852353
5702,226,Gyroscope,-0.047647487,0.077579886,-0.0067195175,1566947852363
5703,226,Accelerometer,-7.9571295,-2.8095956,5.604826,1566947852363
5704,226,Gyroscope,-0.051923547,0.07696902,-0.002443461,1566947852372
5705,226,Accelerometer,-8.051701,-2.731784,5.4001220000000005,1566947852373
5706,226,Gyroscope,-0.055588737,0.0720821,0.008552114,1566947852382
5707,226,Accelerometer,-7.963114699999999,-2.6683377999999998,5.2325277,1566947852383
5708,226,Gyroscope,-0.05131268,0.05497787,0.010995574,1566947852392
5709,226,Accelerometer,-7.739257,-2.6396074,5.1463366,1566947852393
5710,226,Gyroscope,-0.032986722999999996,0.01160644,-0.0012217305,1566947852402
5711,226,Accelerometer,-7.726089,-2.8083985,5.199008999999999,1566947852403
5712,226,Gyroscope,-0.021380282999999996,-0.015882496,0.005497787,1566947852413
5713,226,Accelerometer,-7.833828,-2.825158,5.255273000000001,1566947852413
5714,226,Gyroscope,-0.028099801,-0.040317107000000005,0.014049901000000002,1566947852422
5715,226,Accelerometer,-7.758410499999999,-2.5833437000000004,5.257667,1566947852423
5716,226,Gyroscope,-0.035430185,-0.03970624,0.009162978,1566947852432
5717,226,Accelerometer,-7.630321,-2.5127146000000002,5.396530599999999,1566947852433
5718,226,Gyroscope,-0.027488936000000002,-0.027488936000000002,0.0018325957999999999,1566947852442
5719,226,Accelerometer,-7.659051400000001,-2.5582043999999997,5.446809,1566947852443
5720,226,Gyroscope,-0.031154128,-0.025045475,0.004886922,1566947852452
5721,226,Accelerometer,-7.666233999999999,-2.5378537,5.4791307,1566947852453
5722,226,Gyroscope,-0.034208454,-0.014660766,0.0061086523,1566947852462
5723,226,Accelerometer,-7.6578539999999995,-2.4744074,5.6108117,1566947852463
5724,226,Gyroscope,-0.030543262,0.009162978,-0.004276057,1566947852473
5725,226,Accelerometer,-7.699753,-2.5582043999999997,5.755661,1566947852473
5726,226,Gyroscope,-0.031154128,0.030543262,-0.009773844,1566947852482
5727,226,Accelerometer,-7.86615,-2.7808652,5.7281275,1566947852483
5728,226,Gyroscope,-0.03848451,0.039095376,-0.005497787,1566947852492
5729,226,Accelerometer,-7.9343843,-2.741361,5.6551046,1566947852493
5730,226,Gyroscope,-0.048258353,0.052534412999999995,0.004276057,1566947852502
5731,226,Accelerometer,-7.642291999999999,-2.6731262000000005,5.5629277,1566947852503
5732,226,Gyroscope,-0.06597344599999999,0.07574729,0.010995574,1566947852512
5733,226,Accelerometer,-7.562086,-2.822764,5.5377884,1566947852513
5734,226,Gyroscope,-0.061086524,0.054367005999999996,0.0030543262,1566947852522
5735,226,Accelerometer,-7.563283,-2.9412768,5.5820813,1566947852524
5736,226,Gyroscope,-0.054367005999999996,0.02321288,-0.007941248,1566947852533
5737,226,Accelerometer,-7.350199000000001,-2.8263552000000005,5.612008599999999,1566947852533
5738,226,Gyroscope,-0.06047566,0.039095376,-0.004886922,1566947852542
5739,226,Accelerometer,-7.3346367,-2.6874914,5.637148000000001,1566947852543
5740,226,Gyroscope,-0.069027774,0.07269296,-0.0061086523,1566947852552
5741,226,Accelerometer,-7.407660000000001,-2.8742392000000003,5.627571,1566947852553
5742,226,Gyroscope,-0.07941248,0.073303826,-0.0030543262,1566947852562
5743,226,Accelerometer,-7.422025,-2.8898015,5.555745,1566947852563
5744,226,Gyroscope,-0.09285152,0.076358154,0.01038471,1566947852572
5745,226,Accelerometer,-7.157466,-2.7629087,5.638344999999999,1566947852573
5746,226,Gyroscope,-0.09896017,0.10262536,0.028099801,1566947852583
5747,226,Accelerometer,-7.1431007,-2.8431146000000003,5.6898203,1566947852583
5748,226,Gyroscope,-0.08307768,0.11301007,0.02443461,1566947852592
5749,226,Accelerometer,-7.278373200000001,-2.8886043999999997,5.6982,1566947852593
5750,226,Gyroscope,-0.08368854,0.12461651,0.014660766,1566947852602
5751,226,Accelerometer,-7.314286,-2.9089549999999997,5.612008599999999,1566947852603
5752,226,Gyroscope,-0.095294975,0.15210545,0.002443461,1566947852612
5753,226,Accelerometer,-7.350199000000001,-2.8862102000000003,5.7209449999999995,1566947852613
5754,226,Gyroscope,-0.10262536,0.17531833,-0.01160644,1566947852622
5755,226,Accelerometer,-7.4471645,-2.8311436000000003,5.755661,1566947852623
5756,226,Gyroscope,-0.12461651,0.18203785,-0.020158553,1566947852632
5757,226,Accelerometer,-7.516596300000001,-2.7904419999999996,5.719748,1566947852633
5758,226,Gyroscope,-0.15210545,0.18936823,-0.014660766,1566947852642
5759,226,Accelerometer,-7.376535400000001,-2.8203697,5.6551046,1566947852643
5760,226,Gyroscope,-0.18509217,0.21380283,0.007330383,1566947852652
5761,226,Accelerometer,-7.254431200000001,-2.8622682,5.5856724,1566947852653
5762,226,Gyroscope,-0.20525073,0.25228736,0.04337143,1566947852662
5763,226,Accelerometer,-7.223306699999999,-2.8191724,5.638344999999999,1566947852663
5764,226,Gyroscope,-0.19547687,0.28221974,0.093462385,1566947852672
5765,226,Accelerometer,-7.267599000000001,-2.6120741,5.9292407,1566947852673
5766,226,Gyroscope,-0.16004670000000001,0.3109304,0.14660765,1566947852682
5767,226,Accelerometer,-7.3645644,-2.2625206,6.1411276,1566947852683
5768,226,Gyroscope,-0.14538592,0.35613444,0.18692477,1566947852692
5769,226,Accelerometer,-7.3885064,-1.9105729999999999,6.147113,1566947852693
5770,226,Gyroscope,-0.15332718,0.39767328,0.20158553,1566947852702
5771,226,Accelerometer,-7.4591354999999995,-1.7980455000000002,6.1507044,1566947852703
5772,226,Gyroscope,-0.17470746,0.44287730000000003,0.1777618,1566947852712
5773,226,Accelerometer,-7.6351094,-1.9620483,6.123171,1566947852713
5774,226,Gyroscope,-0.19181168,0.48624873,0.1441642,1566947852722
5775,226,Accelerometer,-7.869741,-2.0530279,5.971139,1566947852723
5776,226,Gyroscope,-0.19425514,0.52290064,0.105068825,1566947852732
5777,226,Accelerometer,-7.996633500000001,-2.0518308000000003,5.831078,1566947852733
5778,226,Gyroscope,-0.16676621,0.5345071,0.06291912,1566947852742
5779,226,Accelerometer,-8.127118,-2.134431,5.760449400000001,1566947852743
5780,226,Gyroscope,-0.11362094,0.54000485,-0.009162978,1566947852753
5781,226,Accelerometer,-8.328231,-2.2038627,5.57849,1566947852753
5782,226,Gyroscope,-0.070249505,0.5021312,-0.06291912,1566947852762
5783,226,Accelerometer,-8.548497,-2.2122424,5.1487308,1566947852763
5784,226,Gyroscope,-0.093462385,0.43188173,-0.10262536,1566947852772
5785,226,Accelerometer,-8.688558,-2.1428106,4.5394063,1566947852773
5786,226,Gyroscope,-0.12705997,0.36774087,-0.11362094,1566947852782
5787,226,Accelerometer,-8.582016000000001,-2.100912,4.200627,1566947852783
5788,226,Gyroscope,-0.13622294,0.31215215,-0.10873401,1566947852792
5789,226,Accelerometer,-8.330625,-2.244564,4.098873,1566947852793
5790,226,Gyroscope,-0.119729586,0.25350907,-0.103847094,1566947852802
5791,226,Accelerometer,-8.207322999999999,-2.4313118,4.0761285,1566947852803
5792,226,Gyroscope,-0.089186326,0.20158553,-0.10018189999999999,1566947852813
5793,226,Accelerometer,-8.064867999999999,-2.5941176,4.107253,1566947852813
5794,226,Gyroscope,-0.05681047,0.14477506,-0.10323623,1566947852822
5795,226,Accelerometer,-8.033744,-2.7377696,4.1216183,1566947852823
5796,226,Gyroscope,-0.02443461,0.084910266,-0.11056661,1566947852832
5797,226,Accelerometer,-8.250419,-2.822764,4.120421,1566947852833
5798,226,Gyroscope,-0.0061086523,0.0421497,-0.119729586,1566947852842
5799,226,Accelerometer,-8.444349,-2.7748797,4.0737343,1566947852843
5800,226,Gyroscope,0.014660766,0.0067195175,-0.12767084,1566947852852
5801,226,Accelerometer,-8.452729,-2.7820622999999998,4.1371803,1566947852853
5802,226,Gyroscope,0.048258353,-0.028710667000000002,-0.14049901,1566947852862
5803,226,Accelerometer,-8.413225,-2.8095956,4.3275194,1566947852863
5804,226,Gyroscope,0.07880162,-0.0580322,-0.15210545,1566947852873
5805,226,Accelerometer,-8.388085,-2.7820622999999998,4.4424415,1566947852873
5806,226,Gyroscope,0.08796459400000001,-0.08796459400000001,-0.14477506,1566947852882
5807,226,Accelerometer,-8.271967,-2.5821466,4.5298295,1566947852883
5808,226,Gyroscope,0.09040806,-0.11178834,-0.13439035,1566947852892
5809,226,Accelerometer,-8.003817,-2.4277205000000004,4.593276,1566947852893
5810,226,Gyroscope,0.092240654,-0.14355333,-0.13133603,1566947852902
5811,226,Accelerometer,-7.844601600000001,-2.3594859,4.665102,1566947852903
5812,226,Gyroscope,0.09712757,-0.17531833,-0.13072516,1566947852912
5813,226,Accelerometer,-7.831434,-2.1954830000000003,4.7237599999999995,1566947852913
5814,226,Gyroscope,0.10262536,-0.20219639,-0.12950343,1566947852922
5815,226,Accelerometer,-7.81228,-2.0422540000000002,4.859032,1566947852923
5816,226,Gyroscope,0.11301007,-0.22296582,-0.12889257,1566947852933
5817,226,Accelerometer,-7.703344,-2.1440077,5.303157,1566947852933
5818,226,Gyroscope,0.1282817,-0.23151793,-0.12767084,1566947852942
5819,226,Accelerometer,-7.769184599999999,-2.2936451,5.4408236,1566947852943
5820,226,Gyroscope,0.13011430000000002,-0.23151793,-0.12339478,1566947852952
5821,226,Accelerometer,-7.7368627000000005,-2.3199813,5.4970870000000005,1566947852953
5822,226,Gyroscope,0.12034045,-0.21685717,-0.1020145,1566947852962
5823,226,Accelerometer,-7.690175999999999,-2.3319526,5.619191000000001,1566947852963
5824,226,Gyroscope,0.106901415,-0.18875736,-0.07086037,1566947852972
5825,226,Accelerometer,-7.6219410000000005,-2.3906104999999997,5.7017913,1566947852973
5826,226,Gyroscope,0.1020145,-0.18570304,-0.058643065,1566947852982
5827,226,Accelerometer,-7.6171527,-2.4061728,5.707777,1566947852983
5828,226,Gyroscope,0.09468412,-0.16982053,-0.04276056599999999,1566947852992
5829,226,Accelerometer,-7.606379,-2.3235726000000003,5.6347537,1566947852993
5830,226,Gyroscope,0.08124508,-0.15760323,-0.02565634,1566947853002
5831,226,Accelerometer,-7.467515,-2.2146366000000004,5.4779334,1566947853003
5832,226,Gyroscope,0.08246681,-0.16065755,-0.022602014,1566947853012
5833,226,Accelerometer,-7.326257000000001,-2.2421699,5.5222263,1566947853013
5834,226,Gyroscope,0.09896017,-0.1563815,-0.026267206,1566947853022
5835,226,Accelerometer,-7.2915410000000005,-2.2290018,5.544971,1566947853023
5836,226,Gyroscope,0.10140363,-0.15515977,-0.028710667000000002,1566947853032
5837,226,Accelerometer,-7.2245035,-2.2050598,5.4504004,1566947853033
5838,226,Gyroscope,0.092240654,-0.16554448,-0.026267206,1566947853042
5839,226,Accelerometer,-7.0952168,-2.15957,5.432443599999999,1566947853043
5840,226,Gyroscope,0.0842994,-0.16737708,-0.028099801,1566947853053
5841,226,Accelerometer,-6.9395940000000005,-2.1787236,5.4432178,1566947853053
5842,226,Gyroscope,0.092240654,-0.16310102,-0.032375857,1566947853062
5843,226,Accelerometer,-7.005433999999999,-2.2732944,5.5282116,1566947853063
5844,226,Gyroscope,0.10934488,-0.15943582,-0.037873644,1566947853072
5845,226,Accelerometer,-7.228095,-2.2697031,5.6563015,1566947853073
5846,226,Gyroscope,0.11362094,-0.15027285,-0.04520403,1566947853082
5847,226,Accelerometer,-7.325060000000001,-2.2613235,5.693412,1566947853083
5848,226,Gyroscope,0.10079276599999999,-0.13561209,-0.053145275,1566947853092
5849,226,Accelerometer,-7.590816499999999,-2.315193,5.66947,1566947853093
5850,226,Gyroscope,0.076358154,-0.11911872,-0.052534412999999995,1566947853103
5851,226,Accelerometer,-7.7440453,-2.2601264,5.591658,1566947853103
5852,226,Gyroscope,0.047036625,-0.095294975,-0.045814894,1566947853112
5853,226,Accelerometer,-7.681796,-2.3127987,5.5629277,1566947853113
5854,226,Gyroscope,0.0421497,-0.08307768,-0.032375857,1566947853122
5855,226,Accelerometer,-7.7332716,-2.4384943999999997,5.6910176,1566947853123
5856,226,Gyroscope,0.057421334000000004,-0.077579886,-0.02687807,1566947853132
5857,226,Accelerometer,-7.8326306,-2.4313118,5.6946087,1566947853133
5858,226,Gyroscope,0.05681047,-0.06414085,-0.015271631,1566947853142
5859,226,Accelerometer,-7.807492,-2.3798366,5.671864,1566947853143
5860,226,Gyroscope,0.040927973,-0.02687807,0.009773844,1566947853152
5861,226,Accelerometer,-7.6949644,-2.2493525,5.6826377,1566947853153
5862,226,Gyroscope,0.027488936000000002,0.005497787,0.02565634,1566947853163
5863,226,Accelerometer,-7.619547,-2.2493525,5.774814599999999,1566947853163
5864,226,Gyroscope,0.03176499,0.02565634,0.029932396,1566947853172
5865,226,Accelerometer,-7.8027034,-2.2697031,5.7819970000000005,1566947853173
5866,226,Gyroscope,0.037873644,0.037873644,0.03604105,1566947853182
5867,226,Accelerometer,-7.8865004,-2.2744915,5.7245364,1566947853183
5868,226,Gyroscope,0.032375857,0.054367005999999996,0.040927973,1566947853192
5869,226,Accelerometer,-7.914034,-2.291251,5.650316,1566947853193
5870,226,Gyroscope,0.03604105,0.04642576,0.03359759,1566947853202
5871,226,Accelerometer,-8.090008000000001,-2.348712,5.519832,1566947853203
5872,226,Gyroscope,0.02443461,0.03726278,0.021380282999999996,1566947853213
5873,226,Accelerometer,-8.166622,-2.3187842,5.1966147000000005,1566947853213
5874,226,Gyroscope,0.0012217305,0.023823743999999997,0.029321532999999997,1566947853222
5875,226,Accelerometer,-7.920019,-2.2313959999999997,5.0302176,1566947853223
5876,226,Gyroscope,0.0018325957999999999,0.008552114,0.02687807,1566947853232
5877,226,Accelerometer,-7.675811,-2.2481554,5.1247888,1566947853233
5878,226,Gyroscope,0.028099801,-0.016493361,0.007941248,1566947853242
5879,226,Accelerometer,-7.517792999999999,-2.2074540000000002,5.311536299999999,1566947853243
5880,226,Gyroscope,0.051923547,-0.036651913,-0.005497787,1566947853252
5881,226,Accelerometer,-7.540538300000001,-2.1619642000000003,5.427655000000001,1566947853253
5882,226,Gyroscope,0.069027774,-0.047036625,-0.026267206,1566947853262
5883,226,Accelerometer,-7.568071400000001,-2.1559787,5.571307,1566947853263
5884,226,Gyroscope,0.06719518,-0.051923547,-0.05375614,1566947853273
5885,226,Accelerometer,-7.633912,-2.3199813,5.614403,1566947853273
5886,226,Gyroscope,0.052534412999999995,-0.0720821,-0.06597344599999999,1566947853283
5887,226,Accelerometer,-7.914034,-2.3475148999999997,5.49589,1566947853283
5888,226,Gyroscope,0.03481932,-0.04886922,-0.06352998,1566947853292
5889,226,Accelerometer,-7.779958199999999,-2.3870192,5.565322,1566947853293
5890,226,Gyroscope,0.040927973,-0.020158553,-0.061086524,1566947853302
5891,226,Accelerometer,-7.824250999999999,-2.6671407000000005,5.6682725,1566947853303
5892,226,Gyroscope,0.056199603,-0.01160644,-0.055588737,1566947853312
5893,226,Accelerometer,-8.09719,-2.8263552000000005,5.662287,1566947853313
5894,226,Gyroscope,0.04337143,0.00061086525,-0.035430185,1566947853322
5895,226,Accelerometer,-8.133103,-2.7593174,5.5018754,1566947853323
5896,226,Gyroscope,0.028099801,0.01038471,-0.01282817,1566947853333
5897,226,Accelerometer,-7.987056699999999,-2.7042507999999996,5.446809,1566947853333
5898,226,Gyroscope,0.019547688,-0.007941248,-0.00061086525,1566947853342
5899,226,Accelerometer,-7.8050976,-2.6850972,5.4061074,1566947853343
5900,226,Gyroscope,0.016493361,-0.020158553,0.0061086523,1566947853352
5901,226,Accelerometer,-7.6171527,-2.6240451,5.49589,1566947853353
5902,226,Gyroscope,0.021991148999999998,-0.03604105,-0.0018325957999999999,1566947853362
5903,226,Accelerometer,-7.5273699999999995,-2.5941176,5.645528,1566947853363
5904,226,Gyroscope,0.020158553,-0.057421334000000004,-0.017104227,1566947853372
5905,226,Accelerometer,-7.5572976999999995,-2.5965118,5.681441,1566947853373
5906,226,Gyroscope,-0.0036651915999999997,-0.05375614,-0.004886922,1566947853382
5907,226,Accelerometer,-7.589619,-2.3666685000000003,5.647922,1566947853383
5908,226,Gyroscope,-0.02076942,-0.02443461,0.004886922,1566947853393
5909,226,Accelerometer,-7.28795,-2.148796,5.792771,1566947853393
5910,226,Gyroscope,-0.017104227,-0.010995574,-0.00061086525,1566947853402
5911,226,Accelerometer,-7.289147,-2.3056161,5.9878983,1566947853403
5912,226,Gyroscope,-0.017104227,0.009162978,-0.005497787,1566947853412
5913,226,Accelerometer,-7.305906299999999,-2.397793,5.9687448,1566947853413
5914,226,Gyroscope,-0.03359759,0.03848451,-0.008552114,1566947853422
5915,226,Accelerometer,-7.3657618000000005,-2.44448,5.955577,1566947853423
5916,226,Gyroscope,-0.06780604,0.07696902,0.0018325957999999999,1566947853432
5917,226,Accelerometer,-7.305906299999999,-2.3918076,5.9124813,1566947853433
5918,226,Gyroscope,-0.089186326,0.1160644,0.0036651915999999997,1566947853442
5919,226,Accelerometer,-7.3274539999999995,-2.445677,5.851429,1566947853443
5920,226,Gyroscope,-0.10567969,0.12522738,0.0036651915999999997,1566947853453
5921,226,Accelerometer,-7.41604,-2.4277205000000004,5.755661,1566947853453
5922,226,Gyroscope,-0.12034045,0.11728613,0.004886922,1566947853462
5923,226,Accelerometer,-7.311891999999999,-2.4013843999999995,5.7520695,1566947853463
5924,226,Gyroscope,-0.12339478,0.12705997,0.004886922,1566947853472
5925,226,Accelerometer,-7.177817,-2.492364,5.771223,1566947853473
5926,226,Gyroscope,-0.11911872,0.13805555,0.00061086525,1566947853482
5927,226,Accelerometer,-7.229292,-2.6120741,5.741296,1566947853483
5928,226,Gyroscope,-0.11911872,0.1441642,0.007330383,1566947853492
5929,226,Accelerometer,-7.313089,-2.8048072,5.73531,1566947853493
5930,226,Gyroscope,-0.12278391400000001,0.15149458,0.018325957,1566947853502
5931,226,Accelerometer,-7.441178999999999,-2.9807810000000003,5.677849299999999,1566947853503
5932,226,Gyroscope,-0.12217305,0.15577064,0.032986722999999996,1566947853513
5933,226,Accelerometer,-7.465121000000001,-3.063381,5.5760955999999995,1566947853513
5934,226,Gyroscope,-0.12522738,0.16737708,0.04886922,1566947853522
5935,226,Accelerometer,-7.4399820000000005,-3.110068,5.473145,1566947853523
5936,226,Gyroscope,-0.1282817,0.17287487,0.06597344599999999,1566947853532
5937,226,Accelerometer,-7.407660000000001,-3.2668881,5.412093,1566947853533
5938,226,Gyroscope,-0.11545353400000001,0.16371189,0.069027774,1566947853542
5939,226,Accelerometer,-7.562086,-3.2261868,5.3390699999999995,1566947853543
5940,226,Gyroscope,-0.10323623,0.16554448,0.07941248,1566947853552
5941,226,Accelerometer,-7.1610575,-2.9029696,5.2875943,1566947853553
5942,226,Gyroscope,-0.10079276599999999,0.2144137,0.095294975,1566947853562
5943,226,Accelerometer,-6.8198833,-2.9460652,5.391742,1566947853563
5944,226,Gyroscope,-0.07574729,0.23151793,0.06963864,1566947853573
5945,226,Accelerometer,-7.1131735,-3.3279405,5.6156,1566947853573
5946,226,Gyroscope,-0.03481932,0.19242255,0.04153884,1566947853582
5947,226,Accelerometer,-7.5094137000000005,-3.071761,5.662287,1566947853583
5948,226,Gyroscope,-0.040927973,0.2302962,0.06352998,1566947853592
5949,226,Accelerometer,-7.615956,-2.6156653999999997,5.6203885,1566947853593
5950,226,Gyroscope,-0.081855945,0.33536503,0.10995574,1566947853602
5951,226,Accelerometer,-7.716512,-2.327164,5.6443305,1566947853603
5952,226,Gyroscope,-0.084910266,0.40256020000000003,0.12339478,1566947853612
5953,226,Accelerometer,-7.8865004,-2.3463178,5.795165,1566947853613
5954,226,Gyroscope,-0.054367005999999996,0.43004912,0.14049901,1566947853622
5955,226,Accelerometer,-8.062474,-2.3127987,5.9052987,1566947853623
5956,226,Gyroscope,-0.035430185,0.44165558,0.16432275,1566947853633
5957,226,Accelerometer,-8.269572,-2.2409727999999998,5.9531827,1566947853633
5958,226,Gyroscope,-0.03604105,0.44776422,0.16982053,1566947853642
5959,226,Accelerometer,-8.4108305,-2.0949266,5.7784057,1566947853643
5960,226,Gyroscope,-0.05009095,0.45998153,0.16065755,1566947853652
5961,226,Accelerometer,-8.452729,-1.9800048,5.652710400000001,1566947853653
5962,226,Gyroscope,-0.06963864,0.46731192,0.14294247,1566947853662
5963,226,Accelerometer,-8.432379,-1.8794483,5.54138,1566947853663
5964,226,Gyroscope,-0.08857546,0.4569272,0.084910266,1566947853672
5965,226,Accelerometer,-8.268375,-1.8710686,5.4551888,1566947853673
5966,226,Gyroscope,-0.08796459400000001,0.44593164,0.029321532999999997,1566947853682
5967,226,Accelerometer,-8.119935,-1.8818424999999999,5.297171,1566947853683
5968,226,Gyroscope,-0.08674286,0.42271876,-0.03359759,1566947853693
5969,226,Accelerometer,-8.143877,-1.8112136000000003,5.139154,1566947853693
5970,226,Gyroscope,-0.09101892,0.39950588,-0.09040806,1566947853702
5971,226,Accelerometer,-8.212111,-1.7609352999999999,5.045780000000001,1566947853703
5972,226,Gyroscope,-0.10323623,0.36713,-0.14660765,1566947853712
5973,226,Accelerometer,-8.276755,-1.8124107,4.844666999999999,1566947853713
5974,226,Gyroscope,-0.105068825,0.31948254,-0.19486602,1566947853722
5975,226,Accelerometer,-8.270769999999999,-2.1176715,4.6363715999999995,1566947853723
5976,226,Gyroscope,-0.09285152,0.25717425,-0.23335053,1566947853732
5977,226,Accelerometer,-8.186973,-2.469619,4.545392,1566947853733
5978,226,Gyroscope,-0.073303826,0.18020524,-0.25534168,1566947853743
5979,226,Accelerometer,-8.101977999999999,-2.7988217,4.377797599999999,1566947853743
5980,226,Gyroscope,-0.053145275,0.10018189999999999,-0.23640485,1566947853752
5981,226,Accelerometer,-8.027759,-3.0897174,4.2042184,1566947853753
5982,226,Gyroscope,-0.030543262,0.04337143,-0.20097467,1566947853762
5983,226,Accelerometer,-7.890092,-3.2752678,4.260482,1566947853763
5984,226,Gyroscope,-0.0067195175,0.0067195175,-0.16065755,1566947853772
5985,226,Accelerometer,-7.7847466,-3.3375172999999996,4.4699745,1566947853773
5986,226,Gyroscope,0.019547688,-0.021380282999999996,-0.11789699,1566947853782
5987,226,Accelerometer,-7.904457000000001,-3.2022447999999994,4.617218,1566947853783
5988,226,Gyroscope,0.02687807,-0.027488936000000002,-0.08002335,1566947853792
5989,226,Accelerometer,-8.030152000000001,-2.8862102000000003,4.7297454000000005,1566947853793
5990,226,Gyroscope,0.032375857,-0.01282817,-0.055588737,1566947853802
5991,226,Accelerometer,-8.076839,-2.5701754,4.8518495999999995,1566947853803
5992,226,Gyroscope,0.032986722999999996,0.004276057,-0.03970624,1566947853812
5993,226,Accelerometer,-8.086416,-2.3738509999999997,4.9045224,1566947853813
5994,226,Gyroscope,0.03359759,0.017104227,-0.027488936000000002,1566947853822
5995,226,Accelerometer,-8.11395,-2.2517467,4.892551,1566947853823
5996,226,Gyroscope,0.02321288,0.023823743999999997,-0.026267206,1566947853832
5997,226,Accelerometer,-8.062474,-2.0949266,4.830302,1566947853833
5998,226,Gyroscope,0.0036651915999999997,0.034208454,-0.028710667000000002,1566947853842
5999,226,Accelerometer,-7.8757267,-2.0398598000000003,4.7297454000000005,1566947853843
6000,226,Gyroscope,-0.0018325957999999999,0.032986722999999996,-0.03481932,1566947853853
6001,226,Accelerometer,-7.7332716,-2.1068976000000004,4.709395,1566947853853
6002,226,Gyroscope,0.009162978,0.018936822,-0.047036625,1566947853862
6003,226,Accelerometer,-7.6351094,-1.9728221999999997,4.950012,1566947853863
6004,226,Gyroscope,0.034208454,0.00061086525,-0.06352998,1566947853872
6005,226,Accelerometer,-7.855376,-1.8758569999999999,5.1092260000000005,1566947853873
6006,226,Gyroscope,0.047036625,-0.017104227,-0.08002335,1566947853882
6007,226,Accelerometer,-8.067263,-1.8195933000000002,5.2181625,1566947853883
6008,226,Gyroscope,0.036651913,-0.018325957,-0.08979719,1566947853892
6009,226,Accelerometer,-8.141483000000001,-1.9452889,5.306748000000001,1566947853893
6010,226,Gyroscope,0.016493361,-0.009162978,-0.077579886,1566947853902
6011,226,Accelerometer,-8.167819,-2.1894975,5.311536299999999,1566947853903
6012,226,Gyroscope,-0.013439035,-0.0036651915999999997,-0.053145275,1566947853912
6013,226,Accelerometer,-8.063671000000001,-2.291251,5.2301335,1566947853913
6014,226,Gyroscope,-0.03604105,-0.007330383,-0.02687807,1566947853922
6015,226,Accelerometer,-7.8326306,-2.2158337,5.1846437000000005,1566947853923
6016,226,Gyroscope,-0.0421497,-0.015271631,-0.0067195175,1566947853932
6017,226,Accelerometer,-7.667431,-2.1392192999999997,5.243302,1566947853933
6018,226,Gyroscope,-0.02443461,-0.023823743999999997,0.0018325957999999999,1566947853943
6019,226,Accelerometer,-7.660248299999999,-1.9321207999999999,5.342661,1566947853943
6020,226,Gyroscope,-0.01160644,-0.022602014,-0.005497787,1566947853952
6021,226,Accelerometer,-7.703344,-1.7238252,5.3139305,1566947853953
6022,226,Gyroscope,-0.009773844,-0.025045475,-0.016493361,1566947853963
6023,226,Accelerometer,-7.788338,-1.6089035,5.1475334,1566947853963
6024,226,Gyroscope,-0.02565634,-0.032986722999999996,-0.022602014,1566947853972
6025,226,Accelerometer,-7.856573,-1.6101006000000002,5.070919,1566947853973
6026,226,Gyroscope,-0.047036625,-0.035430185,-0.02565634,1566947853983
6027,226,Accelerometer,-7.854178999999999,-1.7202339,5.102043599999999,1566947853983
6028,226,Gyroscope,-0.050701816,-0.04337143,-0.03481932,1566947853992
6029,226,Accelerometer,-7.9882539999999995,-2.0171148999999997,5.1678843,1566947853993
6030,226,Gyroscope,-0.044593163,-0.06536258,-0.04276056599999999,1566947854002
6031,226,Accelerometer,-8.292317,-2.2709002000000003,5.0745106,1566947854003
6032,226,Gyroscope,-0.056199603,-0.08857546,-0.034208454,1566947854012
6033,226,Accelerometer,-8.300697,-2.3092074,4.8817773,1566947854013
6034,226,Gyroscope,-0.059864793,-0.10445796,-0.017715093,1566947854022
6035,226,Accelerometer,-8.106767,-2.3235726000000003,4.7800236,1566947854023
6036,226,Gyroscope,-0.047036625,-0.12889257,-0.009773844,1566947854032
6037,226,Accelerometer,-7.872135000000001,-2.3331497000000003,4.619612,1566947854033
6038,226,Gyroscope,-0.023823743999999997,-0.16982053,-0.018936822,1566947854042
6039,226,Accelerometer,-7.7428484,-2.3690627,4.5537715,1566947854043
6040,226,Gyroscope,0.009773844,-0.2321288,-0.036651913,1566947854052
6041,226,Accelerometer,-7.795521000000001,-2.3187842,4.610035400000001,1566947854053
6042,226,Gyroscope,0.03359759,-0.29077184,-0.062308256,1566947854062
6043,226,Accelerometer,-7.881711999999999,-2.2014685000000003,4.6878470000000005,1566947854063
6044,226,Gyroscope,0.03359759,-0.32131509999999996,-0.086132,1566947854072
6045,226,Accelerometer,-7.9032598,-2.1332338,4.7417164000000005,1566947854073
6046,226,Gyroscope,0.017104227,-0.3475823,-0.1020145,1566947854082
6047,226,Accelerometer,-7.8146744,-2.2301989,4.7919946,1566947854083
6048,226,Gyroscope,0.008552114,-0.36957347,-0.105068825,1566947854092
6049,226,Accelerometer,-7.6949644,-2.3594859,4.972757,1566947854093
6050,226,Gyroscope,0.0030543262,-0.37507126,-0.09468412,1566947854102
6051,226,Accelerometer,-7.5429325,-2.4684220000000003,5.222951,1566947854102
6052,226,Gyroscope,0.010995574,-0.36774087,-0.07819075,1566947854112
6053,226,Accelerometer,-7.420828299999999,-2.5965118,5.5030727,1566947854113
6054,226,Gyroscope,0.020158553,-0.34269542,-0.05681047,1566947854122
6055,226,Accelerometer,-7.358579,-2.7401638,5.7700260000000005,1566947854123
6056,226,Gyroscope,0.027488936000000002,-0.26450464,-0.004886922,1566947854132
6057,226,Accelerometer,-7.372944400000001,-2.8419175,5.9124813,1566947854133
6058,226,Gyroscope,0.022602014,-0.21930063,0.03481932,1566947854142
6059,226,Accelerometer,-7.4088573,-2.8502972,5.841851999999999,1566947854143
6060,226,Gyroscope,0.005497787,-0.17470746,0.08063421400000001,1566947854153
6061,226,Accelerometer,-7.4399820000000005,-2.7006595,5.7400985,1566947854153
6062,226,Gyroscope,0.0061086523,-0.1337795,0.112399206,1566947854162
6063,226,Accelerometer,-7.522581599999999,-2.516306,5.719748,1566947854163
6064,226,Gyroscope,0.01282817,-0.11301007,0.12217305,1566947854172
6065,226,Accelerometer,-7.6494746,-2.2876596,5.7700260000000005,1566947854173
6066,226,Gyroscope,0.014660766,-0.09468412,0.111177474,1566947854182
6067,226,Accelerometer,-7.7703815,-2.1021092,5.795165,1566947854183
6068,226,Gyroscope,-0.0018325957999999999,-0.086132,0.08735373,1566947854192
6069,226,Accelerometer,-7.983465700000001,-1.9835961,5.726930599999999,1566947854193
6070,226,Gyroscope,-0.034208454,-0.0842994,0.06291912,1566947854202
6071,226,Accelerometer,-8.043321,-1.9871874,5.6790465999999995,1566947854203
6072,226,Gyroscope,-0.064751714,-0.07819075,0.04642576,1566947854212
6073,226,Accelerometer,-8.052897,-2.1559787,5.633556400000001,1566947854213
6074,226,Gyroscope,-0.08063421400000001,-0.09590584,0.040927973,1566947854222
6075,226,Accelerometer,-8.039729,-2.2278047,5.583278,1566947854223
6076,226,Gyroscope,-0.0842994,-0.10262536,0.04520403,1566947854232
6077,226,Accelerometer,-7.869741,-2.2637177000000004,5.5461683,1566947854233
6078,226,Gyroscope,-0.07513642,-0.112399206,0.04886922,1566947854243
6079,226,Accelerometer,-7.655460000000001,-2.27928,5.54138,1566947854243
6080,226,Gyroscope,-0.06597344599999999,-0.119729586,0.047036625,1566947854252
6081,226,Accelerometer,-7.4016747,-2.2481554,5.544971,1566947854253
6082,226,Gyroscope,-0.05375614,-0.12217305,0.04520403,1566947854262
6083,226,Accelerometer,-7.255628,-2.244564,5.628768,1566947854263
6084,226,Gyroscope,-0.050701816,-0.11178834,0.04642576,1566947854272
6085,226,Accelerometer,-7.250839699999999,-2.2098482,5.7819970000000005,1566947854273
6086,226,Gyroscope,-0.050701816,-0.08674286,0.04520403,1566947854282
6087,226,Accelerometer,-7.2640080000000005,-2.0733786,5.9531827,1566947854283
6088,226,Gyroscope,-0.06047566,-0.044593163,0.037873644,1566947854292
6089,226,Accelerometer,-7.2592196,-1.9656396,6.060921700000001,1566947854293
6090,226,Gyroscope,-0.07696902,-0.01038471,0.02321288,1566947854302
6091,226,Accelerometer,-7.323863,-2.0147207,6.0381765,1566947854303
6092,226,Gyroscope,-0.09407325,0.009773844,0.018325957,1566947854312
6093,226,Accelerometer,-7.4112515,-2.087744,6.0130377,1566947854313
6094,226,Gyroscope,-0.11362094,0.032375857,0.018936822,1566947854322
6095,226,Accelerometer,-7.522581599999999,-2.3918076,5.9388175,1566947854323
6096,226,Gyroscope,-0.11911872,0.053145275,0.029321532999999997,1566947854333
6097,226,Accelerometer,-7.656657000000001,-2.6060886,5.853823,1566947854333
6098,226,Gyroscope,-0.11911872,0.07147124,0.04520403,1566947854342
6099,226,Accelerometer,-7.803900200000001,-2.730587,5.726930599999999,1566947854343
6100,226,Gyroscope,-0.12339478,0.09162979,0.06841691,1566947854352
6101,226,Accelerometer,-7.868544,-2.7724855,5.693412,1566947854353
6102,226,Gyroscope,-0.11178834,0.11178834,0.09773844,1566947854362
6103,226,Accelerometer,-7.9248075,-2.7904419999999996,5.619191000000001,1566947854363
6104,226,Gyroscope,-0.1160644,0.116675265,0.11056661,1566947854373
6105,226,Accelerometer,-7.9104424,-2.813187,5.475539,1566947854373
6106,226,Gyroscope,-0.12644911,0.10873401,0.12339478,1566947854382
6107,226,Accelerometer,-7.787141,-2.8072014,5.4515970000000005,1566947854383
6108,226,Gyroscope,-0.13133603,0.095294975,0.12278391400000001,1566947854392
6109,226,Accelerometer,-7.706935400000001,-2.834735,5.3737855,1566947854393
6110,226,Gyroscope,-0.12889257,0.07086037,0.10934488,1566947854403
6111,226,Accelerometer,-7.727286,-2.847903,5.2636523,1566947854403
6112,226,Gyroscope,-0.124005646,0.05131268,0.099571034,1566947854412
6113,226,Accelerometer,-7.7153149999999995,-2.7784709999999997,5.187037999999999,1566947854413
6114,226,Gyroscope,-0.11789699,0.0421497,0.08552113,1566947854422
6115,226,Accelerometer,-7.584830800000001,-2.8383262000000005,5.1810527,1566947854423
6116,226,Gyroscope,-0.10629055,0.02443461,0.069027774,1566947854432
6117,226,Accelerometer,-7.796717599999999,-2.9460652,5.163096,1566947854433
6118,226,Gyroscope,-0.10567969,0.00061086525,0.051923547,1566947854442
6119,226,Accelerometer,-7.723694999999999,-2.9496564999999997,5.153519,1566947854443
6120,226,Gyroscope,-0.11362094,-0.0030543262,0.034208454,1566947854452
6121,226,Accelerometer,-7.6375036,-3.0550013,5.2265425,1566947854453
6122,226,Gyroscope,-0.116675265,-0.010995574,0.023823743999999997,1566947854462
6123,226,Accelerometer,-7.639898,-3.13401,5.2816089999999996,1566947854463
6124,226,Gyroscope,-0.12156218,-0.018325957,0.013439035,1566947854472
6125,226,Accelerometer,-7.48188,-3.2010477,5.366603,1566947854473
6126,226,Gyroscope,-0.12156218,-0.004276057,0.012217305,1566947854482
6127,226,Accelerometer,-7.323863,-3.2357635,5.5018754,1566947854483
6128,226,Gyroscope,-0.1160644,0.018325957,0.016493361,1566947854492
6129,226,Accelerometer,-7.3418193,-3.2872388,5.5461683,1566947854493
6130,226,Gyroscope,-0.11362094,0.040927973,0.016493361,1566947854503
6131,226,Accelerometer,-7.3202715,-3.3865983,5.517437999999999,1566947854503
6132,226,Gyroscope,-0.11056661,0.034208454,0.017715093,1566947854512
6133,226,Accelerometer,-7.4914570000000005,-3.3375172999999996,5.5485625,1566947854513
6134,226,Gyroscope,-0.11484267,0.018325957,0.018936822,1566947854522
6135,226,Accelerometer,-7.5572976999999995,-3.3279405,5.535394,1566947854523
6136,226,Gyroscope,-0.12705997,0.016493361,0.03359759,1566947854532
6137,226,Accelerometer,-7.430405,-3.229778,5.645528,1566947854533
6138,226,Gyroscope,-0.13316862,0.031154128,0.06169739,1566947854542
6139,226,Accelerometer,-7.393294999999999,-3.0753522,5.718550700000001,1566947854543
6140,226,Gyroscope,-0.13683382,0.05497787,0.11789699,1566947854552
6141,226,Accelerometer,-7.3071036,-2.8682537,5.744887,1566947854553
6142,226,Gyroscope,-0.14049901,0.06841691,0.17104226,1566947854562
6143,226,Accelerometer,-6.835446000000001,-2.5091232999999997,5.9531827,1566947854563
6144,226,Gyroscope,-0.13561209,0.10934488,0.21197024,1566947854572
6145,226,Accelerometer,-6.726509599999999,-2.2290018,6.144718599999999,1566947854573
6146,226,Gyroscope,-0.1337795,0.15454891,0.25289822,1566947854582
6147,226,Accelerometer,-6.75524,-2.006341,6.1770406,1566947854583
6148,226,Gyroscope,-0.15699236,0.24801129,0.24801129,1566947854592
6149,226,Accelerometer,-6.9048777,-1.8279729999999998,6.123171,1566947854593
6150,226,Gyroscope,-0.17043139999999998,0.30787608,0.21930063,1566947854603
6151,226,Accelerometer,-7.199364699999999,-1.6436194,6.0884547,1566947854603
6152,226,Gyroscope,-0.16187929,0.35369098,0.18020524,1566947854612
6153,226,Accelerometer,-7.568071400000001,-1.5526398000000001,6.0369797,1566947854613
6154,226,Gyroscope,-0.1441642,0.3622431,0.12889257,1566947854622
6155,226,Accelerometer,-8.042124000000001,-1.4927847,5.9483943,1566947854623
6156,226,Gyroscope,-0.12461651,0.3640757,0.06597344599999999,1566947854633
6157,226,Accelerometer,-8.303091,-1.5143325,5.9400144,1566947854633
6158,226,Gyroscope,-0.10812314599999999,0.3659083,0.0061086523,1566947854642
6159,226,Accelerometer,-8.402451,-1.6065093000000001,5.8622026,1566947854643
6160,226,Gyroscope,-0.10873401,0.35857790000000006,-0.03726278,1566947854652
6161,226,Accelerometer,-8.374918,-1.7525556,5.6946087,1566947854653
6162,226,Gyroscope,-0.12583824,0.344528,-0.06291912,1566947854662
6163,226,Accelerometer,-8.268375,-1.8758569999999999,5.5365915,1566947854663
6164,226,Gyroscope,-0.15027285,0.32742378,-0.06414085,1566947854672
6165,226,Accelerometer,-8.250419,-1.9608511999999998,5.422867,1566947854673
6166,226,Gyroscope,-0.17959438,0.31337386,-0.056199603,1566947854682
6167,226,Accelerometer,-8.172607000000001,-1.9488802,5.345055,1566947854683
6168,226,Gyroscope,-0.20830505,0.3005457,-0.05009095,1566947854692
6169,226,Accelerometer,-8.046911999999999,-1.8722657,5.351041,1566947854693
6170,226,Gyroscope,-0.21991149,0.30848694,-0.049480084,1566947854702
6171,226,Accelerometer,-7.94037,-1.9201498,5.3785739999999995,1566947854703
6172,226,Gyroscope,-0.21013765,0.30909783,-0.04642576,1566947854712
6173,226,Accelerometer,-7.7787614000000005,-2.1092918,5.415684,1566947854713
6174,226,Gyroscope,-0.17654006,0.29871312,-0.040927973,1566947854722
6175,226,Accelerometer,-7.7643960000000005,-2.2637177000000004,5.395334,1566947854723
6176,226,Gyroscope,-0.14538592,0.28344148,-0.031154128,1566947854732
6177,226,Accelerometer,-7.813477000000001,-2.2888567,5.2385135,1566947854733
6178,226,Gyroscope,-0.116675265,0.26939157,-0.021380282999999996,1566947854743
6179,226,Accelerometer,-7.7787614000000005,-2.2086509999999997,5.1523223,1566947854743
6180,226,Gyroscope,-0.08674286,0.28221974,-0.018325957,1566947854752
6181,226,Accelerometer,-7.762002000000001,-2.1691467999999996,5.141548,1566947854753
6182,226,Gyroscope,-0.06658431,0.29932398,-0.021991148999999998,1566947854762
6183,226,Accelerometer,-7.820659599999999,-2.171541,5.1259856,1566947854763
6184,226,Gyroscope,-0.054367005999999996,0.32559118,-0.026267206,1566947854773
6185,226,Accelerometer,-7.8673470000000005,-2.1799207000000003,5.0936639999999995,1566947854773
6186,226,Gyroscope,-0.044593163,0.35002577,-0.03481932,1566947854782
6187,226,Accelerometer,-8.316259,-2.2505496,5.052963,1566947854783
6188,226,Gyroscope,-0.027488936000000002,0.36468655,-0.044593163,1566947854792
6189,226,Accelerometer,-8.497022,-2.267309,4.8865657,1566947854793
6190,226,Gyroscope,-0.015882496,0.35185838,-0.045814894,1566947854802
6191,226,Accelerometer,-8.593987,-2.3199813,4.697424,1566947854803
6192,226,Gyroscope,-0.01282817,0.31581733,-0.04153884,1566947854812
6193,226,Accelerometer,-8.506598,-2.3355439,4.559757,1566947854813
6194,226,Gyroscope,0.01038471,0.23273966,-0.028099801,1566947854822
6195,226,Accelerometer,-8.321048,-2.256535,4.4580035,1566947854823
6196,226,Gyroscope,0.037873644,0.15821409,-0.02687807,1566947854833
6197,226,Accelerometer,-8.147469000000001,-2.0721814999999997,4.473566,1566947854833
6198,226,Gyroscope,0.0580322,0.099571034,-0.039095376,1566947854842
6199,226,Accelerometer,-7.963114699999999,-1.8399439999999998,4.557363,1566947854843
6200,226,Gyroscope,0.07086037,0.055588737,-0.057421334000000004,1566947854852
6201,226,Accelerometer,-7.831434,-1.6220716,4.685453,1566947854853
6202,226,Gyroscope,0.07391469,0.031154128,-0.07819075,1566947854862
6203,226,Accelerometer,-7.8613615,-1.5406688,4.9344497,1566947854863
6204,226,Gyroscope,0.073303826,0.019547688,-0.09712757,1566947854872
6205,226,Accelerometer,-8.032547000000001,-1.4808137,5.1571107000000005,1566947854873
6206,226,Gyroscope,0.07696902,0.026267206,-0.11301007,1566947854882
6207,226,Accelerometer,-8.230068,-1.4915876000000001,5.327099,1566947854883
6208,226,Gyroscope,0.07941248,0.054367005999999996,-0.12339478,1566947854892
6209,226,Accelerometer,-8.422802,-1.6579846999999999,5.4527946,1566947854893
6210,226,Gyroscope,0.092240654,0.086132,-0.12644911,1566947854902
6211,226,Accelerometer,-8.540117,-1.8183962,5.366603,1566947854903
6212,226,Gyroscope,0.09285152,0.10567969,-0.12278391400000001,1566947854912
6213,226,Accelerometer,-8.588001,-1.9632453999999997,5.0721164000000005,1566947854913
6214,226,Gyroscope,0.08368854,0.112399206,-0.10934488,1566947854922
6215,226,Accelerometer,-8.506598,-2.0266917,4.759673,1566947854923
6216,226,Gyroscope,0.07574729,0.103847094,-0.08979719,1566947854932
6217,226,Accelerometer,-8.304289,-1.9632453999999997,4.559757,1566947854933
6218,226,Gyroscope,0.08246681,0.07391469,-0.07269296,1566947854942
6219,226,Accelerometer,-8.240842,-1.8160020000000001,4.461595,1566947854943
6220,226,Gyroscope,0.09896017,0.02565634,-0.050701816,1566947854952
6221,226,Accelerometer,-8.109161,-1.6675615000000001,4.557363,1566947854953
6222,226,Gyroscope,0.112399206,-0.009162978,-0.03604105,1566947854962
6223,226,Accelerometer,-7.997831,-1.5394716999999998,4.6495394999999995,1566947854963
6224,226,Gyroscope,0.1160644,-0.053145275,-0.027488936000000002,1566947854972
6225,226,Accelerometer,-7.9846625,-1.400608,4.7979803,1566947854973
6226,226,Gyroscope,0.106901415,-0.07941248,-0.02321288,1566947854982
6227,226,Accelerometer,-7.9762830000000005,-1.3192052,4.8901567,1566947854983
6228,226,Gyroscope,0.09712757,-0.08124508,-0.020158553,1566947854992
6229,226,Accelerometer,-7.8996687,-1.3575124,4.969166,1566947854993
6230,226,Gyroscope,0.09162979,-0.086132,-0.015271631,1566947855002
6231,226,Accelerometer,-7.9343843,-1.4161704,4.948815,1566947855003
6232,226,Gyroscope,0.09162979,-0.10445796,-0.015271631,1566947855012
6233,226,Accelerometer,-7.937975999999999,-1.3263878,4.9344497,1566947855013
6234,226,Gyroscope,0.0842994,-0.106901415,-0.019547688,1566947855022
6235,226,Accelerometer,-7.9236107,-1.127669,4.9559975,1566947855023
6236,226,Gyroscope,0.08246681,-0.0983493,-0.028099801,1566947855032
6237,226,Accelerometer,-7.9367785,-1.0235212,4.999093,1566947855033
6238,226,Gyroscope,0.08002335,-0.105068825,-0.044593163,1566947855043
6239,226,Accelerometer,-7.908048,-1.0271125,4.9643774,1566947855043
6240,226,Gyroscope,0.06841691,-0.13561209,-0.06414085,1566947855052
6241,226,Accelerometer,-7.801506,-1.1085154,4.953603299999999,1566947855053
6242,226,Gyroscope,0.053145275,-0.16249016,-0.07147124,1566947855062
6243,226,Accelerometer,-7.666233999999999,-1.1994951,4.959589,1566947855063
6244,226,Gyroscope,0.05131268,-0.19730948,-0.08246681,1566947855073
6245,226,Accelerometer,-7.5549035,-1.4185646,4.8937483,1566947855073
6246,226,Gyroscope,0.06169739,-0.24617869,-0.09590584,1566947855082
6247,226,Accelerometer,-7.5321584,-1.602918,4.984728,1566947855083
6248,226,Gyroscope,0.076358154,-0.2742785,-0.10934488,1566947855092
6249,226,Accelerometer,-7.4746976,-1.8136078000000002,5.068525,1566947855093
6250,226,Gyroscope,0.09101892,-0.3109304,-0.119729586,1566947855102
6251,226,Accelerometer,-7.4639240000000004,-2.0649989,5.0254292000000005,1566947855103
6252,226,Gyroscope,0.096516706,-0.34574974,-0.13622294,1566947855112
6253,226,Accelerometer,-7.3897038,-2.2984335,4.9069166,1566947855113
6254,226,Gyroscope,0.11178834,-0.3830125,-0.14599679999999998,1566947855122
6255,226,Accelerometer,-7.309498,-2.4384943999999997,4.7860093,1566947855123
6256,226,Gyroscope,0.14721853,-0.40439278,-0.16126843,1566947855132
6257,226,Accelerometer,-7.216124000000001,-2.5079262000000004,4.981137,1566947855133
6258,226,Gyroscope,0.20280726,-0.42577308,-0.18631389999999998,1566947855143
6259,226,Accelerometer,-7.350199000000001,-2.5629928,5.306748000000001,1566947855143
6260,226,Gyroscope,0.25411993,-0.48014009999999996,-0.19914207,1566947855152
6261,226,Accelerometer,-7.9248075,-2.6994624,5.5389857000000005,1566947855153
6262,226,Gyroscope,0.27916542,-0.51251596,-0.19303341,1566947855162
6263,226,Accelerometer,-8.480263,-2.6408044999999998,5.8969190000000005,1566947855163
6264,226,Gyroscope,0.26328292,-0.46609017,-0.1563815,1566947855173
6265,226,Accelerometer,-8.808268,-2.4085669999999997,6.3326635,1566947855173
6266,226,Gyroscope,0.21258110000000002,-0.3622431,-0.11545353400000001,1566947855182
6267,226,Accelerometer,-8.813056,-2.3391352000000003,6.6067995999999996,1566947855183
6268,226,Gyroscope,0.13439035,-0.25717425,-0.070249505,1566947855192
6269,226,Accelerometer,-8.639477000000001,-2.4540567,6.617573299999999,1566947855193
6270,226,Gyroscope,0.062308256,-0.1423316,-0.013439035,1566947855202
6271,226,Accelerometer,-8.4108305,-2.4983494,6.566097999999999,1566947855203
6272,226,Gyroscope,-0.0012217305,-0.017715093,0.04153884,1566947855212
6273,226,Accelerometer,-8.276755,-2.3056161,6.353014,1566947855213
6274,226,Gyroscope,-0.06414085,0.06597344599999999,0.069027774,1566947855222
6275,226,Accelerometer,-8.040925999999999,-2.0302830000000003,6.059724299999999,1566947855223
6276,226,Gyroscope,-0.106901415,0.11911872,0.07696902,1566947855232
6277,226,Accelerometer,-7.8326306,-2.0027497,5.8274870000000005,1566947855233
6278,226,Gyroscope,-0.124005646,0.14721853,0.069027774,1566947855242
6279,226,Accelerometer,-7.515399,-2.0350714,5.4432178,1566947855243
6280,226,Gyroscope,-0.12644911,0.15821409,0.04886922,1566947855252
6281,226,Accelerometer,-7.374141000000001,-2.0135236,5.270835,1566947855253
6282,226,Gyroscope,-0.12034045,0.15088372,0.030543262,1566947855262
6283,226,Accelerometer,-7.372944400000001,-1.9788077000000002,5.1319714,1566947855263
6284,226,Gyroscope,-0.093462385,0.12522738,0.009773844,1566947855272
6285,226,Accelerometer,-7.302314999999999,-1.8914193,5.045780000000001,1566947855273
6286,226,Gyroscope,-0.06047566,0.07147124,-0.029932396,1566947855282
6287,226,Accelerometer,-7.3083005000000005,-2.0087352,5.121197,1566947855283
6288,226,Gyroscope,0.008552114,0.025045475,-0.0580322,1566947855292
6289,226,Accelerometer,-7.5644803,-2.1416135,5.258864,1566947855293
6290,226,Gyroscope,0.04153884,-0.021380282999999996,-0.07941248,1566947855302
6291,226,Accelerometer,-7.6746134999999995,-2.2026656000000004,5.386954,1566947855303
6292,226,Gyroscope,0.047647487,-0.054367005999999996,-0.08674286,1566947855313
6293,226,Accelerometer,-7.860164,-2.2637177000000004,5.409699,1566947855313
6294,226,Gyroscope,0.031154128,-0.05681047,-0.077579886,1566947855322
6295,226,Accelerometer,-7.893683,-2.3942018,5.4863133,1566947855323
6296,226,Gyroscope,0.02076942,-0.05009095,-0.055588737,1566947855332
6297,226,Accelerometer,-7.979874000000001,-2.5139117000000004,5.566519,1566947855333
6298,226,Gyroscope,0.020158553,-0.062308256,-0.031154128,1566947855343
6299,226,Accelerometer,-7.855376,-2.565387,5.7245364,1566947855343
6300,226,Gyroscope,0.034208454,-0.05681047,-0.01282817,1566947855352
6301,226,Accelerometer,-7.608772999999999,-2.5809495,5.8442464,1566947855353
6302,226,Gyroscope,0.06414085,-0.06291912,-0.010995574,1566947855362
6303,226,Accelerometer,-7.629123700000001,-2.5594015,5.7819970000000005,1566947855363
6304,226,Gyroscope,0.070249505,-0.06414085,-0.009773844,1566947855372
6305,226,Accelerometer,-7.4699089999999995,-2.3774424,5.6790465999999995,1566947855373
6306,226,Gyroscope,0.064751714,-0.040317107000000005,-0.015271631,1566947855382
6307,226,Accelerometer,-7.3274539999999995,-2.3762453,5.7544637000000005,1566947855383
6308,226,Gyroscope,0.06780604,-0.020158553,-0.02321288,1566947855392
6309,226,Accelerometer,-7.5525093,-2.5079262000000004,5.7496753,1566947855393
6310,226,Gyroscope,0.059253927000000005,0.0036651915999999997,-0.019547688,1566947855402
6311,226,Accelerometer,-7.492654300000001,-2.610877,5.760449400000001,1566947855403
6312,226,Gyroscope,0.049480084,0.037873644,-0.01038471,1566947855412
6313,226,Accelerometer,-7.424419400000001,-2.7473464,5.815516000000001,1566947855413
6314,226,Gyroscope,0.06169739,0.04337143,-0.009773844,1566947855422
6315,226,Accelerometer,-7.7224975,-2.89459,5.7616463,1566947855423
6316,226,Gyroscope,0.055588737,0.05009095,-0.004886922,1566947855432
6317,226,Accelerometer,-7.7201033,-2.8562827,5.579687,1566947855433
6318,226,Gyroscope,0.03848451,0.06047566,-0.0012217305,1566947855442
6319,226,Accelerometer,-7.57286,-2.7772740000000002,5.543774,1566947855443
6320,226,Gyroscope,0.039095376,0.059253927000000005,-0.016493361,1566947855452
6321,226,Accelerometer,-7.6518690000000005,-2.8299465,5.577293,1566947855454
6322,226,Gyroscope,0.03176499,0.019547688,-0.040317107000000005,1566947855468
6323,226,Accelerometer,-7.813477000000001,-2.6527755,5.530606,1566947855468
6324,226,Gyroscope,0.0018325957999999999,0.02076942,-0.056199603,1566947855482
6325,226,Accelerometer,-7.703344,-2.6731262000000005,5.659893,1566947855483
6326,226,Gyroscope,-0.014660766,0.03481932,-0.059253927000000005,1566947855493
6327,226,Accelerometer,-7.6650367,-2.7401638,5.7041855,1566947855493
6328,226,Gyroscope,-0.03176499,0.040927973,-0.062308256,1566947855502
6329,226,Accelerometer,-7.428011,-2.8179752999999996,5.74369,1566947855503
6330,226,Gyroscope,-0.050701816,0.05375614,-0.056199603,1566947855512
6331,226,Accelerometer,-7.357382,-2.8850130000000003,5.8119245,1566947855513
6332,226,Gyroscope,-0.06169739,0.05375614,-0.051923547,1566947855522
6333,226,Accelerometer,-7.1395097000000005,-2.966416,5.8669910000000005,1566947855523
6334,226,Gyroscope,-0.06414085,0.051923547,-0.059253927000000005,1566947855532
6335,226,Accelerometer,-6.926425500000001,-3.132813,5.876568,1566947855533
6336,226,Gyroscope,-0.064751714,0.062308256,-0.04337143,1566947855542
6337,226,Accelerometer,-6.991069,-3.0430303,5.9292407,1566947855543
6338,226,Gyroscope,-0.08124508,0.106901415,-0.032375857,1566947855552
6339,226,Accelerometer,-6.831854300000001,-2.9412768,5.8466406,1566947855553
6340,226,Gyroscope,-0.095294975,0.14538592,-0.037873644,1566947855562
6341,226,Accelerometer,-6.7480574,-2.9759927000000004,5.8083334,1566947855563
6342,226,Gyroscope,-0.09590584,0.17715092,-0.028099801,1566947855572
6343,226,Accelerometer,-6.8581905,-2.9700072,5.7903767,1566947855573
6344,226,Gyroscope,-0.10445796,0.18753563,-0.013439035,1566947855582
6345,226,Accelerometer,-7.038953,-3.0166939999999998,5.5617304,1566947855583
6346,226,Gyroscope,-0.11545353400000001,0.14721853,0.004886922,1566947855592
6347,226,Accelerometer,-7.1969705,-3.0226796,5.4659624,1566947855593
6348,226,Gyroscope,-0.105068825,0.0983493,0.035430185,1566947855602
6349,226,Accelerometer,-7.273585000000001,-3.0789435000000003,5.5725045,1566947855603
6350,226,Gyroscope,-0.07452556,0.04276056599999999,0.08124508,1566947855612
6351,226,Accelerometer,-7.159860000000001,-2.967613,5.768829,1566947855613
6352,226,Gyroscope,-0.050701816,0.043982297000000004,0.1423316,1566947855622
6353,226,Accelerometer,-7.0006455999999995,-2.6910827,5.972336299999999,1566947855623
6354,226,Gyroscope,-0.04886922,0.08552113,0.19608775,1566947855632
6355,226,Accelerometer,-6.9862804,-2.3331497000000003,5.9878983,1566947855633
6356,226,Gyroscope,-0.06780604,0.1282817,0.2284636,1566947855642
6357,226,Accelerometer,-6.985083599999999,-2.0781669999999997,6.002263500000001,1566947855643
6358,226,Gyroscope,-0.09285152,0.17409660000000002,0.23335053,1566947855654
6359,226,Accelerometer,-7.568071400000001,-1.5873556999999998,6.133945,1566947855655
6360,226,Gyroscope,-0.10995574,0.22479841,0.22113322,1566947855662
6361,226,Accelerometer,-7.568071400000001,-1.5873556999999998,6.133945,1566947855663
6362,226,Gyroscope,-0.12583824,0.28588495,0.19364429,1566947855672
6363,226,Accelerometer,-7.9032598,-1.4425066,6.029797,1566947855673
6364,226,Gyroscope,-0.13316862,0.32559118,0.15149458,1566947855682
6365,226,Accelerometer,-8.103176,-1.4520833,5.865794,1566947855683
6366,226,Gyroscope,-0.12583824,0.34636059999999996,0.103847094,1566947855692
6367,226,Accelerometer,-8.236053,-1.6304513,5.676652400000001,1566947855693
6368,226,Gyroscope,-0.11484267,0.35857790000000006,0.076358154,1566947855702
6369,226,Accelerometer,-8.230068,-1.8112136000000003,5.4384294,1566947855703
6370,226,Gyroscope,-0.10079276599999999,0.3744604,0.06352998,1566947855712
6371,226,Accelerometer,-7.826645399999999,-2.0422540000000002,5.3498434999999995,1566947855713
6372,226,Gyroscope,-0.089186326,0.37751472,0.06352998,1566947855722
6373,226,Accelerometer,-7.684190299999999,-1.9871874,5.319916200000001,1566947855723
6374,226,Gyroscope,-0.08124508,0.35979962,0.0580322,1566947855732
6375,226,Accelerometer,-7.856573,-1.8806453999999997,5.260061299999999,1566947855733
6376,226,Gyroscope,-0.076358154,0.29321529999999996,0.043982297000000004,1566947855742
6377,226,Accelerometer,-8.093599000000001,-1.6771383000000002,5.2037973,1566947855743
6378,226,Gyroscope,-0.08246681,0.25595254,0.022602014,1566947855752
6379,226,Accelerometer,-8.289924000000001,-1.5215151000000002,5.2121773000000005,1566947855753
6380,226,Gyroscope,-0.08307768,0.22479841,0.0030543262,1566947855762
6381,226,Accelerometer,-8.49343,-1.4820108,5.213374,1566947855763
6382,226,Gyroscope,-0.07941248,0.20952678,-0.015271631,1566947855772
6383,226,Accelerometer,-8.51857,-1.5107412,5.2385135,1566947855773
6384,226,Gyroscope,-0.06658431,0.204029,-0.032986722999999996,1566947855782
6385,226,Accelerometer,-8.491036,-1.6424223000000002,5.189432,1566947855783
6386,226,Gyroscope,-0.045814894,0.18509217,-0.03848451,1566947855792
6387,226,Accelerometer,-8.506598,-1.7489643,5.0721164000000005,1566947855793
6388,226,Gyroscope,-0.030543262,0.16065755,-0.028099801,1566947855802
6389,226,Accelerometer,-8.53054,-1.7214310000000002,4.995502,1566947855803
6390,226,Gyroscope,-0.026267206,0.14172074,-0.005497787,1566947855813
6391,226,Accelerometer,-8.383297,-1.5717934,4.926069999999999,1566947855813
6392,226,Gyroscope,-0.026267206,0.12583824,0.015271631,1566947855822
6393,226,Accelerometer,-8.149861999999999,-1.4903905000000002,4.853047,1566947855823
6394,226,Gyroscope,-0.025045475,0.1020145,0.02687807,1566947855832
6395,226,Accelerometer,-7.898471400000001,-1.3694833999999998,4.7752349999999995,1566947855833
6396,226,Gyroscope,-0.014049901000000002,0.077579886,0.02321288,1566947855842
6397,226,Accelerometer,-7.809886,-1.3922282,4.782418,1566947855843
6398,226,Gyroscope,0.007330383,0.051923547,0.012217305,1566947855853
6399,226,Accelerometer,-7.86615,-1.2988545,4.8386817,1566947855853
6400,226,Gyroscope,0.029932396,0.03481932,-0.0012217305,1566947855862
6401,226,Accelerometer,-7.9188222999999995,-1.3084313,4.9512089999999995,1566947855863
6402,226,Gyroscope,0.045814894,0.007941248,-0.032986722999999996,1566947855872
6403,226,Accelerometer,-8.034941,-1.3874398000000001,4.985925,1566947855873
6404,226,Gyroscope,0.054367005999999996,-0.017715093,-0.062308256,1566947855882
6405,226,Accelerometer,-8.130709,-1.4173675,4.96318,1566947855883
6406,226,Gyroscope,0.05375614,-0.059253927000000005,-0.08124508,1566947855893
6407,226,Accelerometer,-8.013392999999999,-1.4520833,4.8099513,1566947855893
6408,226,Gyroscope,0.06597344599999999,-0.11056661,-0.08857546,1566947855902
6409,226,Accelerometer,-7.884106,-1.6831238000000002,4.7405194999999996,1566947855903
6410,226,Gyroscope,0.09896017,-0.172264,-0.09712757,1566947855912
6411,226,Accelerometer,-7.972691499999999,-1.8387468999999996,4.859032,1566947855913
6412,226,Gyroscope,0.12034045,-0.23273966,-0.10262536,1566947855922
6413,226,Accelerometer,-8.042124000000001,-1.7142484,4.9763484,1566947855923
6414,226,Gyroscope,0.14538592,-0.26572640000000003,-0.119729586,1566947855932
6415,226,Accelerometer,-8.104372999999999,-1.7812861,5.09127,1566947855933
6416,226,Gyroscope,0.15515977,-0.29504790000000003,-0.13561209,1566947855942
6417,226,Accelerometer,-8.213308999999999,-1.8267759,5.052963,1566947855943
6418,226,Gyroscope,0.14355333,-0.31642818,-0.16065755,1566947855952
6419,226,Accelerometer,-8.1558485,-1.8195933000000002,5.090072599999999,1566947855953
6420,226,Gyroscope,0.13744467,-0.32375857,-0.19608775,1566947855962
6421,226,Accelerometer,-8.052897,-1.9931729,5.1642933,1566947855963
6422,226,Gyroscope,0.15088372,-0.3390302,-0.21868975,1566947855972
6423,226,Accelerometer,-8.135497,-2.1930888,5.1786585,1566947855973
6424,226,Gyroscope,0.16737708,-0.36957347,-0.25411993,1566947855982
6425,226,Accelerometer,-8.043321,-2.292448,5.2528787,1566947855983
6426,226,Gyroscope,0.17043139999999998,-0.34636059999999996,-0.27183503,1566947855992
6427,226,Accelerometer,-7.878121000000001,-2.3906104999999997,5.430049400000001,1566947855993
6428,226,Gyroscope,0.172264,-0.32559118,-0.28771752,1566947856002
6429,226,Accelerometer,-7.7464395,-2.5474305,5.583278,1566947856003
6430,226,Gyroscope,0.16432275,-0.30726522,-0.2883284,1566947856013
6431,226,Accelerometer,-7.711724,-2.8395232999999998,5.662287,1566947856013
6432,226,Gyroscope,0.13683382,-0.29626966,-0.26083946,1566947856022
6433,226,Accelerometer,-7.7332716,-2.8538885,5.7257333,1566947856023
6434,226,Gyroscope,0.11056661,-0.26633725,-0.22296582,1566947856032
6435,226,Accelerometer,-7.5764512999999996,-2.7485435000000003,5.951985400000001,1566947856033
6436,226,Gyroscope,0.086132,-0.23396139,-0.16798794,1566947856042
6437,226,Accelerometer,-7.4399820000000005,-2.541445,6.007052,1566947856043
6438,226,Gyroscope,0.07452556,-0.20158553,-0.1142318,1566947856052
6439,226,Accelerometer,-7.1634517,-2.3475148999999997,6.059724299999999,1566947856053
6440,226,Gyroscope,0.08002335,-0.18387043,-0.08002335,1566947856062
6441,226,Accelerometer,-6.8905125,-2.336741,6.2752028,1566947856063
6442,226,Gyroscope,0.073303826,-0.1685988,-0.052534412999999995,1566947856072
6443,226,Accelerometer,-6.985083599999999,-2.4480712000000002,6.409278,1566947856073
6444,226,Gyroscope,0.032375857,-0.1423316,-0.014049901000000002,1566947856082
6445,226,Accelerometer,-7.1706343,-2.3080103,6.408081,1566947856083
6446,226,Gyroscope,-0.028710667000000002,-0.08368854,0.026267206,1566947856092
6447,226,Accelerometer,-7.1179619999999995,-1.9045875,6.4212489999999995,1566947856093
6448,226,Gyroscope,-0.077579886,-0.005497787,0.050701816,1566947856102
6449,226,Accelerometer,-7.047333,-1.6819267,6.459556,1566947856103
6450,226,Gyroscope,-0.09468412,0.04276056599999999,0.05375614,1566947856112
6451,226,Accelerometer,-7.159860000000001,-1.7130512999999998,6.411672,1566947856113
6452,226,Gyroscope,-0.09896017,0.0842994,0.04337143,1566947856122
6453,226,Accelerometer,-7.1885905,-1.8351556,6.4224463,1566947856123
6454,226,Gyroscope,-0.092240654,0.105068825,0.021991148999999998,1566947856132
6455,226,Accelerometer,-7.285556,-1.8531121,6.360196599999999,1566947856133
6456,226,Gyroscope,-0.08674286,0.118507855,0.002443461,1566947856142
6457,226,Accelerometer,-7.496245399999999,-1.7705121,6.253655,1566947856142
6458,226,Gyroscope,-0.09101892,0.14660765,-0.01160644,1566947856153
6459,226,Accelerometer,-7.565677,-1.6807296000000003,6.0860605,1566947856153
6460,226,Gyroscope,-0.092240654,0.14477506,-0.021991148999999998,1566947856162
6461,226,Accelerometer,-7.7105265,-2.0614076,5.7640405,1566947856163
6462,226,Gyroscope,-0.08796459400000001,0.13316862,-0.027488936000000002,1566947856172
6463,226,Accelerometer,-7.708132300000001,-2.1751322999999996,5.589264,1566947856173
6464,226,Gyroscope,-0.09162979,0.12339478,-0.020158553,1566947856182
6465,226,Accelerometer,-7.584830800000001,-2.2158337,5.628768,1566947856183
6466,226,Gyroscope,-0.09162979,0.12278391400000001,0.004886922,1566947856192
6467,226,Accelerometer,-7.5584945999999995,-2.2948422,5.676652400000001,1566947856193
6468,226,Gyroscope,-0.0842994,0.1282817,0.015271631,1566947856202
6469,226,Accelerometer,-7.577648,-2.492364,5.6682725,1566947856203
6470,226,Gyroscope,-0.06719518,0.13255776,0.021380282999999996,1566947856212
6471,226,Accelerometer,-7.706935400000001,-2.6072857000000003,5.595249,1566947856213
6472,226,Gyroscope,-0.070249505,0.12644911,0.028710667000000002,1566947856222
6473,226,Accelerometer,-7.8062944000000005,-2.6192567,5.475539,1566947856223
6474,226,Gyroscope,-0.084910266,0.12705997,0.035430185,1566947856233
6475,226,Accelerometer,-7.669825,-2.6060886,5.386954,1566947856233
6476,226,Gyroscope,-0.09162979,0.13927728,0.035430185,1566947856242
6477,226,Accelerometer,-7.441178999999999,-2.6695349999999998,5.397728,1566947856243
6478,226,Gyroscope,-0.06963864,0.11728613,0.02565634,1566947856252
6479,226,Accelerometer,-7.417236999999999,-2.906561,5.3366755999999995,1566947856253
6480,226,Gyroscope,-0.0421497,0.093462385,0.015271631,1566947856262
6481,226,Accelerometer,-7.4339960000000005,-3.0154970000000003,5.295974299999999,1566947856263
6482,226,Gyroscope,-0.009162978,0.058643065,0.0061086523,1566947856272
6483,226,Accelerometer,-7.492654300000001,-2.992752,5.347449299999999,1566947856273
6484,226,Gyroscope,0.017715093,0.028710667000000002,0.004276057,1566947856283
6485,226,Accelerometer,-7.53575,-2.8933928,5.395334,1566947856283
6486,226,Gyroscope,0.03359759,0.01038471,-0.0067195175,1566947856292
6487,226,Accelerometer,-7.6650367,-2.7605145,5.499480999999999,1566947856293
6488,226,Gyroscope,0.037873644,-0.020158553,-0.012217305,1566947856302
6489,226,Accelerometer,-7.605181699999999,-2.64679,5.543774,1566947856303
6490,226,Gyroscope,0.028099801,-0.029321532999999997,-0.020158553,1566947856312
6491,226,Accelerometer,-7.451953,-2.5797524,5.653907299999999,1566947856313
6492,226,Gyroscope,0.010995574,-0.02321288,-0.03481932,1566947856322
6493,226,Accelerometer,-7.41604,-2.6372132,5.8179099999999995,1566947856323
6494,226,Gyroscope,-0.002443461,-0.02565634,-0.053145275,1566947856332
6495,226,Accelerometer,-7.514202,-2.6623523,5.913678,1566947856333
6496,226,Gyroscope,-0.025045475,-0.012217305,-0.06169739,1566947856342
6497,226,Accelerometer,-7.4914570000000005,-2.670732,5.923255,1566947856343
6498,226,Gyroscope,-0.04642576,0.029932396,-0.056199603,1566947856352
6499,226,Accelerometer,-7.4495587,-2.6767175,5.9124813,1566947856353
6500,226,Gyroscope,-0.061086524,0.06719518,-0.04520403,1566947856362
6501,226,Accelerometer,-7.193378999999999,-2.6264392999999995,5.901707,1566947856363
6502,226,Gyroscope,-0.059864793,0.08735373,-0.03970624,1566947856372
6503,226,Accelerometer,-7.079654,-2.705448,5.9124813,1566947856373
6504,226,Gyroscope,-0.050701816,0.093462385,-0.0421497,1566947856382
6505,226,Accelerometer,-7.019799000000001,-2.8443117,5.919664,1566947856383
6506,226,Gyroscope,-0.04520403,0.08857546,-0.032375857,1566947856392
6507,226,Accelerometer,-7.281964299999999,-2.8335377999999998,5.7963624000000005,1566947856393
6508,226,Gyroscope,-0.054367005999999996,0.08674286,-0.02565634,1566947856402
6509,226,Accelerometer,-7.240066000000001,-2.7868507,5.756858,1566947856403
6510,226,Gyroscope,-0.06536258,0.09101892,-0.02321288,1566947856412
6511,226,Accelerometer,-7.2125325,-2.8634652999999997,5.7496753,1566947856414
6512,226,Gyroscope,-0.07391469,0.105068825,-0.007330383,1566947856423
6513,226,Accelerometer,-7.3430165999999994,-2.8694507999999996,5.589264,1566947856423
6514,226,Gyroscope,-0.092240654,0.11484267,0.018325957,1566947856432
6515,226,Accelerometer,-7.3442134999999995,-2.9975405,5.4767364999999995,1566947856433
6516,226,Gyroscope,-0.10567969,0.08735373,0.028710667000000002,1566947856442
6517,226,Accelerometer,-7.4351935,-3.0059202000000003,5.412093,1566947856443
6518,226,Gyroscope,-0.1020145,0.06169739,0.031154128,1566947856452
6519,226,Accelerometer,-7.358579,-2.8072014,5.408501599999999,1566947856453
6520,226,Gyroscope,-0.08307768,0.029321532999999997,0.021991148999999998,1566947856462
6521,226,Accelerometer,-7.284358500000001,-2.954445,5.4767364999999995,1566947856463
6522,226,Gyroscope,-0.06841691,0.029932396,0.021991148999999998,1566947856473
6523,226,Accelerometer,-7.524976,-3.0873232,5.5258174,1566947856473
6524,226,Gyroscope,-0.06658431,0.02565634,0.036651913,1566947856482
6525,226,Accelerometer,-7.6853875999999985,-2.8658595,5.5018754,1566947856483
6526,226,Gyroscope,-0.06963864,0.029932396,0.05375614,1566947856492
6527,226,Accelerometer,-7.6375036,-2.60968,5.4922986,1566947856493
6528,226,Gyroscope,-0.08735373,0.055588737,0.07880162,1566947856502
6529,226,Accelerometer,-7.551311999999999,-2.5486276,5.547365,1566947856503
6530,226,Gyroscope,-0.10567969,0.076358154,0.10751228,1566947856512
6531,226,Accelerometer,-7.4699089999999995,-2.6036943999999997,5.506664,1566947856513
6532,226,Gyroscope,-0.12034045,0.0720821,0.13255776,1566947856522
6533,226,Accelerometer,-7.726089,-2.3654714,5.5641245999999995,1566947856523
6534,226,Gyroscope,-0.1337795,0.064751714,0.14905111,1566947856533
6535,226,Accelerometer,-7.767987299999999,-2.1871033,5.5844755,1566947856533
6536,226,Gyroscope,-0.14477506,0.06291912,0.15515977,1566947856542
6537,226,Accelerometer,-7.6614455999999995,-2.0925324,5.5964465,1566947856543
6538,226,Gyroscope,-0.13500121,0.061086524,0.1563815,1566947856552
6539,226,Accelerometer,-7.6961613,-2.0326772,5.8179099999999995,1566947856553
6540,226,Gyroscope,-0.112399206,0.08002335,0.15821409,1566947856562
6541,226,Accelerometer,-7.6135616,-1.9967641999999999,6.0848637000000005,1566947856563
6542,226,Gyroscope,-0.095294975,0.12705997,0.14905111,1566947856572
6543,226,Accelerometer,-7.5034279999999995,-1.9105729999999999,6.272808599999999,1566947856573
6544,226,Gyroscope,-0.093462385,0.17409660000000002,0.1386664,1566947856583
6545,226,Accelerometer,-7.6865845,-1.8471266,6.337452,1566947856583
6546,226,Gyroscope,-0.116675265,0.21930063,0.13622294,1566947856592
6547,226,Accelerometer,-7.759608,-1.7357962,6.135142,1566947856593
6548,226,Gyroscope,-0.15515977,0.24862215,0.13622294,1566947856602
6549,226,Accelerometer,-7.636306299999999,-1.6424223000000002,5.889736,1566947856603
6550,226,Gyroscope,-0.18203785,0.27183503,0.12767084,1566947856612
6551,226,Accelerometer,-7.6351094,-1.5993267,5.6802435,1566947856613
6552,226,Gyroscope,-0.1881465,0.26145032,0.10445796,1566947856622
6553,226,Accelerometer,-7.517792999999999,-1.5801731,5.470751,1566947856623
6554,226,Gyroscope,-0.17592919,0.2321288,0.07086037,1566947856633
6555,226,Accelerometer,-7.655460000000001,-1.697489,5.41329,1566947856633
6556,226,Gyroscope,-0.14721853,0.18997909,0.03848451,1566947856642
6557,226,Accelerometer,-7.612364299999999,-1.6986861,5.335478299999999,1566947856643
6558,226,Gyroscope,-0.12278391400000001,0.14782938,0.01038471,1566947856652
6559,226,Accelerometer,-7.656657000000001,-1.7525556,5.2026005,1566947856653
6560,226,Gyroscope,-0.084910266,0.09285152,-0.02076942,1566947856662
6561,226,Accelerometer,-7.5668745,-1.8974048,5.1223946,1566947856663
6562,226,Gyroscope,-0.07147124,0.058643065,-0.040317107000000005,1566947856672
6563,226,Accelerometer,-7.711724,-2.1511902999999997,5.031415,1566947856673
6564,226,Gyroscope,-0.05131268,0.017715093,-0.057421334000000004,1566947856682
6565,226,Accelerometer,-7.9714947,-2.3475148999999997,4.9823337,1566947856683
6566,226,Gyroscope,-0.040317107000000005,0.014660766,-0.069027774,1566947856693
6567,226,Accelerometer,-8.074444999999999,-2.5570072999999995,4.8386817,1566947856693
6568,226,Gyroscope,-0.035430185,0.0036651915999999997,-0.07269296,1566947856702
6569,226,Accelerometer,-8.163031,-2.6527755,4.7381253,1566947856703
6570,226,Gyroscope,-0.03176499,-0.030543262,-0.08246681,1566947856712
6571,226,Accelerometer,-8.192958,-2.6683377999999998,4.7752349999999995,1566947856713
6572,226,Gyroscope,-0.010995574,-0.0720821,-0.09712757,1566947856722
6573,226,Accelerometer,-8.1319065,-2.8000187999999997,4.685453,1566947856723
6574,226,Gyroscope,0.01038471,-0.14049901,-0.10323623,1566947856732
6575,226,Accelerometer,-8.090008000000001,-2.8443117,4.5753193,1566947856733
6576,226,Gyroscope,0.034208454,-0.20952678,-0.112399206,1566947856743
6577,226,Accelerometer,-7.9367785,-2.9137435000000003,4.663905000000001,1566947856743
6578,226,Gyroscope,0.06780604,-0.2742785,-0.11545353400000001,1566947856752
6579,226,Accelerometer,-7.869741,-2.882619,4.859032,1566947856753
6580,226,Gyroscope,0.118507855,-0.3359759,-0.12767084,1566947856762
6581,226,Accelerometer,-7.835025,-2.8622682,5.1523223,1566947856763
6582,226,Gyroscope,0.15210545,-0.37201694,-0.12950343,1566947856772
6583,226,Accelerometer,-7.921216499999999,-2.813187,5.397728,1566947856773
6584,226,Gyroscope,0.16249016,-0.37995818,-0.112399206,1566947856782
6585,226,Accelerometer,-7.9810715,-2.7126305,5.604826,1566947856783
6586,226,Gyroscope,0.14721853,-0.35735616,-0.07880162,1566947856792
6587,226,Accelerometer,-7.8493905,-2.5558102000000003,5.753267,1566947856793
6588,226,Gyroscope,0.116675265,-0.30909783,-0.044593163,1566947856803
6589,226,Accelerometer,-7.8027034,-2.5043349999999998,5.9148755,1566947856803
6590,226,Gyroscope,0.07574729,-0.26267207,-0.007330383,1566947856812
6591,226,Accelerometer,-7.687782,-2.3918076,6.053739,1566947856813
6592,226,Gyroscope,0.02687807,-0.2144137,0.014049901000000002,1566947856822
6593,226,Accelerometer,-7.6351094,-2.220622,6.0836663,1566947856823
6594,226,Gyroscope,-0.018325957,-0.17287487,0.029932396,1566947856832
6595,226,Accelerometer,-7.584830800000001,-2.0494366000000004,6.131551,1566947856833
6596,226,Gyroscope,-0.054367005999999996,-0.1282817,0.03359759,1566947856842
6597,226,Accelerometer,-7.420828299999999,-1.9069817,6.2488665999999995,1566947856843
6598,226,Gyroscope,-0.077579886,-0.08063421400000001,0.028099801,1566947856852
6599,226,Accelerometer,-7.285556,-1.7896657999999999,6.4020953,1566947856853
6600,226,Gyroscope,-0.1020145,-0.028099801,0.021380282999999996,1566947856862
6601,226,Accelerometer,-7.2867527,-1.8040310000000002,6.3985043,1566947856863
6602,226,Gyroscope,-0.12217305,-0.028099801,0.019547688,1566947856872
6603,226,Accelerometer,-7.271190600000001,-1.8411411,6.3422403,1566947856873
6604,226,Gyroscope,-0.13439035,0.015271631,0.02321288,1566947856882
6605,226,Accelerometer,-7.2113357,-1.8758569999999999,6.3757589999999995,1566947856883
6606,226,Gyroscope,-0.1386664,0.06780604,0.021991148999999998,1566947856892
6607,226,Accelerometer,-7.1754226999999995,-2.0338743000000004,6.4020953,1566947856893
6608,226,Gyroscope,-0.13622294,0.095294975,0.018936822,1566947856902
6609,226,Accelerometer,-7.216124000000001,-2.1739352000000003,6.339846,1566947856903
6610,226,Gyroscope,-0.13683382,0.12217305,0.018325957,1566947856912
6611,226,Accelerometer,-7.2831616,-2.2780828,6.2859764,1566947856913
6612,226,Gyroscope,-0.1423316,0.14538592,0.012217305,1566947856922
6613,226,Accelerometer,-7.3777327999999995,-2.31639,6.161478,1566947856923
6614,226,Gyroscope,-0.16004670000000001,0.17043139999999998,0.013439035,1566947856933
6615,226,Accelerometer,-7.314286,-2.3211784,5.996278299999999,1566947856933
6616,226,Gyroscope,-0.1777618,0.17959438,0.018325957,1566947856942
6617,226,Accelerometer,-7.265205,-2.3822308,5.8717794,1566947856943
6618,226,Gyroscope,-0.18325958,0.16982053,0.021991148999999998,1566947856952
6619,226,Accelerometer,-7.267599000000001,-2.4169466,5.772420400000001,1566947856953
6620,226,Gyroscope,-0.18753563,0.16920967,0.040927973,1566947856962
6621,226,Accelerometer,-7.1981673,-2.4684220000000003,5.6586957,1566947856963
6622,226,Gyroscope,-0.18753563,0.16798794,0.06780604,1566947856972
6623,226,Accelerometer,-7.004237,-2.4863784,5.5222263,1566947856973
6624,226,Gyroscope,-0.16249016,0.14966199,0.0842994,1566947856983
6625,226,Accelerometer,-6.835446000000001,-2.6898855999999998,5.5341973,1566947856983
6626,226,Gyroscope,-0.118507855,0.11728613,0.10018189999999999,1566947856992
6627,226,Accelerometer,-6.902483500000001,-2.9759927000000004,5.602432,1566947856993
6628,226,Gyroscope,-0.09285152,0.08246681,0.1142318,1566947857002
6629,226,Accelerometer,-7.133524,-3.0095115000000003,5.5737014,1566947857003
6630,226,Gyroscope,-0.09468412,0.069027774,0.12583824,1566947857012
6631,226,Accelerometer,-7.313089,-2.859874,5.449203,1566947857013
6632,226,Gyroscope,-0.10140363,0.06963864,0.13072516,1566947857022
6633,226,Accelerometer,-7.328651400000001,-2.6743232999999997,5.3905449999999995,1566947857022
6634,226,Gyroscope,-0.1020145,0.06658431,0.124005646,1566947857033
6635,226,Accelerometer,-7.3430165999999994,-2.6264392999999995,5.4384294,1566947857033
6636,226,Gyroscope,-0.086132,0.043982297000000004,0.10140363,1566947857042
6637,226,Accelerometer,-7.422025,-2.6515784,5.5329999999999995,1566947857043
6638,226,Gyroscope,-0.069027774,0.017104227,0.07574729,1566947857052
6639,226,Accelerometer,-7.538144,-2.6886885,5.559336,1566947857053
6640,226,Gyroscope,-0.06658431,0.023823743999999997,0.048258353,1566947857062
6641,226,Accelerometer,-7.6219410000000005,-2.5965118,5.4982843,1566947857063
6642,226,Gyroscope,-0.08368854,0.037873644,0.035430185,1566947857072
6643,226,Accelerometer,-7.699753,-2.4732103,5.433641000000001,1566947857073
6644,226,Gyroscope,-0.0983493,0.030543262,0.02565634,1566947857082
6645,226,Accelerometer,-7.601590600000001,-2.4408886,5.6060233,1566947857083
6646,226,Gyroscope,-0.10445796,0.017715093,0.009162978,1566947857093
6647,226,Accelerometer,-7.7703815,-2.610877,5.6347537,1566947857093
6648,226,Gyroscope,-0.10812314599999999,0.01160644,-0.0030543262,1566947857102
6649,226,Accelerometer,-7.8050976,-2.6623523,5.6802435,1566947857103
6650,226,Gyroscope,-0.12034045,0.01282817,-0.009773844,1566947857112
6651,226,Accelerometer,-7.868544,-2.7509377,5.7867856,1566947857113
6652,226,Gyroscope,-0.13255776,0.018325957,-0.00061086525,1566947857122
6653,226,Accelerometer,-7.884106,-2.8491,5.8502316,1566947857123
6654,226,Gyroscope,-0.14660765,0.04520403,0.01038471,1566947857132
6655,226,Accelerometer,-7.7464395,-2.8814217999999996,5.8083334,1566947857133
6656,226,Gyroscope,-0.14782938,0.052534412999999995,0.022602014,1566947857143
6657,226,Accelerometer,-7.700949700000001,-2.9843724,5.777209,1566947857143
6658,226,Gyroscope,-0.1441642,0.0580322,0.03604105,1566947857152
6659,226,Accelerometer,-7.6003933,-2.9125464,5.6682725,1566947857153
6660,226,Gyroscope,-0.14599679999999998,0.06597344599999999,0.05375614,1566947857162
6661,226,Accelerometer,-7.357382,-2.8179752999999996,5.588066599999999,1566947857163
6662,226,Gyroscope,-0.13011430000000002,0.08002335,0.062308256,1566947857172
6663,226,Accelerometer,-7.3071036,-2.8981812000000002,5.628768,1566947857173
6664,226,Gyroscope,-0.10873401,0.08063421400000001,0.06169739,1566947857182
6665,226,Accelerometer,-7.366958599999999,-2.9125464,5.603629,1566947857183
6666,226,Gyroscope,-0.089186326,0.07086037,0.06169739,1566947857192
6667,226,Accelerometer,-7.376535400000001,-2.8419175,5.5282116,1566947857193
6668,226,Gyroscope,-0.08002335,0.059253927000000005,0.059253927000000005,1566947857202
6669,226,Accelerometer,-7.468712299999999,-2.7940332999999997,5.4144874000000005,1566947857203
6670,226,Gyroscope,-0.07452556,0.036651913,0.05681047,1566947857212
6671,226,Accelerometer,-7.5788455,-2.6994624,5.255273000000001,1566947857213
6672,226,Gyroscope,-0.073303826,0.0061086523,0.05497787,1566947857222
6673,226,Accelerometer,-7.550114999999999,-2.552219,5.260061299999999,1566947857223
6674,226,Gyroscope,-0.064751714,-0.019547688,0.04642576,1566947857232
6675,226,Accelerometer,-7.5273699999999995,-2.4756044999999998,5.409699,1566947857233
6676,226,Gyroscope,-0.04642576,-0.040317107000000005,0.028099801,1566947857242
6677,226,Accelerometer,-7.5549035,-2.457648,5.519832,1566947857243
6678,226,Gyroscope,-0.037873644,-0.05497787,0.009162978,1566947857252
6679,226,Accelerometer,-7.607576,-2.3989902,5.5389857000000005,1566947857253
6680,226,Gyroscope,-0.048258353,-0.05375614,-0.0018325957999999999,1566947857263
6681,226,Accelerometer,-7.5788455,-2.3343467999999996,5.621585400000001,1566947857263
6682,226,Gyroscope,-0.052534412999999995,-0.040927973,-0.010995574,1566947857272
6683,226,Accelerometer,-7.5321584,-2.3774424,5.6886234,1566947857273
6684,226,Gyroscope,-0.059864793,-0.03604105,-0.015882496,1566947857282
6685,226,Accelerometer,-7.553706,-2.4229321,5.7029886,1566947857283
6686,226,Gyroscope,-0.0720821,-0.031154128,-0.014660766,1566947857292
6687,226,Accelerometer,-7.515399,-2.445677,5.681441,1566947857293
6688,226,Gyroscope,-0.077579886,-0.031154128,-0.009773844,1566947857302
6689,226,Accelerometer,-7.4758949999999995,-2.432509,5.66109,1566947857303
6690,226,Gyroscope,-0.07819075,-0.040317107000000005,-0.014049901000000002,1566947857312
6691,226,Accelerometer,-7.4016747,-2.4025814999999997,5.705383,1566947857313
6692,226,Gyroscope,-0.07269296,-0.040927973,-0.018325957,1566947857323
6693,226,Accelerometer,-7.359775999999999,-2.397793,5.8226986,1566947857323
6694,226,Gyroscope,-0.064751714,-0.04642576,-0.028710667000000002,1566947857332
6695,226,Accelerometer,-7.442375999999999,-2.445677,5.981913,1566947857333
6696,226,Gyroscope,-0.06963864,-0.048258353,-0.04276056599999999,1566947857342
6697,226,Accelerometer,-7.520187400000001,-2.5366566,6.0381765,1566947857343
6698,226,Gyroscope,-0.09040806,-0.03726278,-0.044593163,1566947857352
6699,226,Accelerometer,-7.511808,-2.5390507999999996,6.0956373,1566947857353
6700,226,Gyroscope,-0.13194689,0.02565634,-0.03604105,1566947857362
6701,226,Accelerometer,-7.437587700000001,-2.5965118,6.223726999999999,1566947857363
6702,226,Gyroscope,-0.15515977,0.06780604,-0.021991148999999998,1566947857372
6703,226,Accelerometer,-7.3645644,-2.7605145,6.293158999999999,1566947857373
6704,226,Gyroscope,-0.18448131,0.105068825,-0.007330383,1566947857382
6705,226,Accelerometer,-7.2939353,-2.7976246,6.25964,1566947857383
6706,226,Gyroscope,-0.21685717,0.13622294,0.014049901000000002,1566947857392
6707,226,Accelerometer,-7.1371155,-2.8407204,6.184223,1566947857393
6708,226,Gyroscope,-0.23396139,0.1685988,0.0421497,1566947857402
6709,226,Accelerometer,-6.985083599999999,-2.9137435000000003,6.137536,1566947857403
6710,226,Gyroscope,-0.23701571,0.204029,0.064751714,1566947857412
6711,226,Accelerometer,-6.9719152,-3.0023289,6.117185,1566947857413
6712,226,Gyroscope,-0.23823744,0.24678956,0.08735373,1566947857422
6713,226,Accelerometer,-7.053317999999999,-3.1615434,5.954379599999999,1566947857423
6714,226,Gyroscope,-0.23823744,0.29199359999999996,0.11484267,1566947857432
6715,226,Accelerometer,-7.1826053,-3.2980127,5.652710400000001,1566947857433
6716,226,Gyroscope,-0.24495697,0.33292156,0.14721853,1566947857442
6717,226,Accelerometer,-7.314286,-3.3195608,5.305551,1566947857443
6718,226,Gyroscope,-0.24068089999999998,0.37323865,0.18081611,1566947857452
6719,226,Accelerometer,-7.4088573,-3.3435028,5.0242324,1566947857453
6720,226,Gyroscope,-0.22235495,0.36468655,0.21380283,1566947857463
6721,226,Accelerometer,-7.706935400000001,-3.1830912000000002,4.6878470000000005,1566947857463
6722,226,Gyroscope,-0.19364429,0.32192600000000005,0.21807889999999996,1566947857472
6723,226,Accelerometer,-7.9882539999999995,-3.0669725,4.4029370000000005,1566947857473
6724,226,Gyroscope,-0.17470746,0.2510656,0.20647246,1566947857482
6725,226,Accelerometer,-8.201338,-2.9843724,4.0665517,1566947857483
6726,226,Gyroscope,-0.16554448,0.1441642,0.17837265,1566947857492
6727,226,Accelerometer,-8.317456,-2.837129,3.858256,1566947857493
6728,226,Gyroscope,-0.15088372,0.018325957,0.13561209,1566947857502
6729,226,Accelerometer,-8.291121,-2.7138276,3.904943,1566947857503
6730,226,Gyroscope,-0.11545353400000001,-0.0983493,0.07574729,1566947857512
6731,226,Accelerometer,-8.243236999999999,-2.540248,4.2066126,1566947857513
6732,226,Gyroscope,-0.07941248,-0.20097467,0.013439035,1566947857523
6733,226,Accelerometer,-8.1881695,-2.409764,4.5202527,1566947857523
6734,226,Gyroscope,-0.05009095,-0.29443705,-0.043982297000000004,1566947857533
6735,226,Accelerometer,-8.152257,-2.2876596,4.7931919999999995,1566947857533
6736,226,Gyroscope,-0.03726278,-0.36285394,-0.08857546,1566947857542
6737,226,Accelerometer,-8.087613000000001,-2.2026656000000004,5.3713913,1566947857543
6738,226,Gyroscope,-0.02321288,-0.40866885,-0.12156218,1566947857552
6739,226,Accelerometer,-7.8613615,-2.2601264,5.693412,1566947857553
6740,226,Gyroscope,-0.008552114,-0.40622538,-0.14721853,1566947857562
6741,226,Accelerometer,-7.699753,-2.4001873,5.9412117,1566947857563
6742,226,Gyroscope,0.0061086523,-0.36713,-0.15882497,1566947857572
6743,226,Accelerometer,-7.633912,-2.4133554,6.0262055,1566947857573
6744,226,Gyroscope,-0.0030543262,-0.31887165,-0.13500121,1566947857583
6745,226,Accelerometer,-7.517792999999999,-2.3403322999999996,6.142324400000001,1566947857583
6746,226,Gyroscope,-0.034208454,-0.24801129,-0.09101892,1566947857592
6747,226,Accelerometer,-7.2807674,-2.2529437999999997,6.2752028,1566947857593
6748,226,Gyroscope,-0.0580322,-0.17470746,-0.05131268,1566947857602
6749,226,Accelerometer,-6.9144545,-2.2768857000000002,6.350619999999999,1566947857603
6750,226,Gyroscope,-0.0720821,-0.11789699,-0.01160644,1566947857612
6751,226,Accelerometer,-6.684611299999999,-2.3355439,6.393716,1566947857613
6752,226,Gyroscope,-0.07941248,-0.070249505,0.021991148999999998,1566947857622
6753,226,Accelerometer,-6.5457472999999995,-2.3810337,6.4248405,1566947857623
6754,226,Gyroscope,-0.0842994,-0.040317107000000005,0.048258353,1566947857632
6755,226,Accelerometer,-6.495469,-2.3546975,6.4487824,1566947857633
6756,226,Gyroscope,-0.092240654,-0.0036651915999999997,0.062308256,1566947857643
6757,226,Accelerometer,-6.479907,-2.2697031,6.493075,1566947857643
6758,226,Gyroscope,-0.09101892,0.03359759,0.07269296,1566947857652
6759,226,Accelerometer,-6.627150500000001,-2.1679497000000003,6.470330000000001,1566947857653
6760,226,Gyroscope,-0.09712757,0.07513642,0.06963864,1566947857662
6761,226,Accelerometer,-6.831854300000001,-2.110489,6.4619503,1566947857663
6762,226,Gyroscope,-0.10445796,0.09896017,0.061086524,1566947857672
6763,226,Accelerometer,-7.0664864000000005,-2.1021092,6.362591,1566947857673
6764,226,Gyroscope,-0.13194689,0.1160644,0.051923547,1566947857682
6765,226,Accelerometer,-7.285556,-2.1547816,6.1602809999999995,1566947857683
6766,226,Gyroscope,-0.16004670000000001,0.12767084,0.049480084,1566947857692
6767,226,Accelerometer,-7.4483614000000005,-2.2589292999999997,6.003461,1566947857693
6768,226,Gyroscope,-0.18081611,0.13500121,0.05497787,1566947857703
6769,226,Accelerometer,-7.5309615,-2.4277205000000004,5.9172697,1566947857703
6770,226,Gyroscope,-0.19364429,0.13194689,0.062308256,1566947857712
6771,226,Accelerometer,-7.608772999999999,-2.565387,5.8478374,1566947857713
6772,226,Gyroscope,-0.20708331,0.11362094,0.06841691,1566947857722
6773,226,Accelerometer,-7.6231384,-2.6527755,5.760449400000001,1566947857723
6774,226,Gyroscope,-0.21746802,0.093462385,0.07391469,1566947857732
6775,226,Accelerometer,-7.5189905,-2.7425580000000003,5.7065797,1566947857733
6776,226,Gyroscope,-0.22602014,0.07147124,0.07513642,1566947857742
6777,226,Accelerometer,-7.4124484,-2.8634652999999997,5.639542,1566947857743
6778,226,Gyroscope,-0.226631,0.049480084,0.08063421400000001,1566947857752
6779,226,Accelerometer,-7.323863,-2.9388826,5.616797,1566947857753
6780,226,Gyroscope,-0.22052236,0.047036625,0.09040806,1566947857763
6781,226,Accelerometer,-7.168239999999999,-2.9724014,5.621585400000001,1566947857763
6782,226,Gyroscope,-0.21135938,0.06597344599999999,0.10995574,1566947857772
6783,226,Accelerometer,-7.141903999999999,-2.991555,5.555745,1566947857773
6784,226,Gyroscope,-0.20525073,0.08124508,0.12461651,1566947857782
6785,226,Accelerometer,-7.217321000000001,-2.9963433999999998,5.42167,1566947857783
6786,226,Gyroscope,-0.19608775,0.08307768,0.1386664,1566947857792
6787,226,Accelerometer,-7.303512,-2.966416,5.3701944,1566947857793
6788,226,Gyroscope,-0.17654006,0.076358154,0.14049901,1566947857802
6789,226,Accelerometer,-7.414842599999999,-2.9077580000000003,5.3498434999999995,1566947857803
6790,226,Gyroscope,-0.15271631,0.047036625,0.12889257,1566947857813
6791,226,Accelerometer,-7.540538300000001,-2.9173348,5.2768207,1566947857813
6792,226,Gyroscope,-0.12339478,0.017715093,0.11301007,1566947857822
6793,226,Accelerometer,-7.6171527,-2.9724014,5.213374,1566947857823
6794,226,Gyroscope,-0.10445796,-0.0067195175,0.09407325,1566947857832
6795,226,Accelerometer,-7.667431,-2.9712042999999997,5.2409077,1566947857833
6796,226,Gyroscope,-0.093462385,-0.016493361,0.07696902,1566947857842
6797,226,Accelerometer,-7.705738,-2.932897,5.305551,1566947857843
6798,226,Gyroscope,-0.08796459400000001,-0.02565634,0.061086524,1566947857852
6799,226,Accelerometer,-7.7703815,-2.883816,5.3678,1566947857853
6800,226,Gyroscope,-0.095294975,-0.037873644,0.05131268,1566947857862
6801,226,Accelerometer,-7.836222,-2.8574797999999997,5.3402667,1566947857863
6802,226,Gyroscope,-0.103847094,-0.055588737,0.04642576,1566947857873
6803,226,Accelerometer,-7.86615,-2.8395232999999998,5.3522377,1566947857873
6804,226,Gyroscope,-0.116675265,-0.06291912,0.040927973,1566947857882
6805,226,Accelerometer,-7.9068513,-2.823961,5.3761797,1566947857883
6806,226,Gyroscope,-0.1282817,-0.0720821,0.034208454,1566947857892
6807,226,Accelerometer,-7.8888945999999995,-2.7748797,5.434838,1566947857893
6808,226,Gyroscope,-0.14294247,-0.06780604,0.02565634,1566947857902
6809,226,Accelerometer,-7.8050976,-2.8538885,5.5389857000000005,1566947857903
6810,226,Gyroscope,-0.14172074,-0.059864793,0.014049901000000002,1566947857912
6811,226,Accelerometer,-7.8062944000000005,-2.932897,5.6826377,1566947857913
6812,226,Gyroscope,-0.14294247,-0.044593163,0.00061086525,1566947857922
6813,226,Accelerometer,-7.660248299999999,-2.9867666,5.750872599999999,1566947857923
6814,226,Gyroscope,-0.14477506,-0.026267206,-0.004276057,1566947857932
6815,226,Accelerometer,-7.540538300000001,-3.0609868,5.6922144999999995,1566947857933
6816,226,Gyroscope,-0.15760323,-0.016493361,-0.01038471,1566947857942
6817,226,Accelerometer,-7.45315,-3.095703,5.601235,1566947857943
6818,226,Gyroscope,-0.1777618,-0.0061086523,-0.014660766,1566947857952
6819,226,Accelerometer,-7.3346367,-3.2237926,5.473145,1566947857952
6820,226,Gyroscope,-0.18936823,-0.01038471,-0.02076942,1566947857962
6821,226,Accelerometer,-7.2699933,-3.3518825,5.351041,1566947857963
6822,226,Gyroscope,-0.19058995,-0.012217305,-0.028099801,1566947857972
6823,226,Accelerometer,-7.2460512999999995,-3.4763808,5.311536299999999,1566947857973
6824,226,Gyroscope,-0.17959438,-0.026267206,-0.029321532999999997,1566947857982
6825,226,Accelerometer,-7.303512,-3.5673605999999998,5.3007627,1566947857983
6826,226,Gyroscope,-0.16737708,-0.043982297000000004,-0.028710667000000002,1566947857992
6827,226,Accelerometer,-7.363367599999999,-3.6487634,5.3618144999999995,1566947857993
6828,226,Gyroscope,-0.15515977,-0.061086524,-0.02443461,1566947858002
6829,226,Accelerometer,-7.398083,-3.702633,5.4851160000000005,1566947858003
6830,226,Gyroscope,-0.15027285,-0.073303826,-0.015882496,1566947858013
6831,226,Accelerometer,-7.339425,-3.7924154000000003,5.4767364999999995,1566947858013
6832,226,Gyroscope,-0.14966199,-0.08552113,-0.00061086525,1566947858022
6833,226,Accelerometer,-7.2304892999999995,-3.7469256,5.519832,1566947858023
6834,226,Gyroscope,-0.14844026,-0.09773844,0.015882496,1566947858032
6835,226,Accelerometer,-7.1023993,-3.6403837,5.542577,1566947858033
6836,226,Gyroscope,-0.14844026,-0.116675265,0.03359759,1566947858042
6837,226,Accelerometer,-6.919242999999999,-3.515885,5.566519,1566947858043
6838,226,Gyroscope,-0.14782938,-0.14782938,0.040927973,1566947858052
6839,226,Accelerometer,-6.769605,-3.3818099999999998,5.6946087,1566947858053
6840,226,Gyroscope,-0.13622294,-0.16554448,0.03604105,1566947858062
6841,226,Accelerometer,-6.63553,-3.2166099999999997,5.9148755,1566947858063
6842,226,Gyroscope,-0.12339478,-0.16310102,0.028710667000000002,1566947858072
6843,226,Accelerometer,-6.561310000000001,-3.1196449,6.179435,1566947858073
6844,226,Gyroscope,-0.10934488,-0.1423316,0.021991148999999998,1566947858082
6845,226,Accelerometer,-6.617573299999999,-3.110068,6.3685765,1566947858083
6846,226,Gyroscope,-0.10323623,-0.10812314599999999,0.017715093,1566947858092
6847,226,Accelerometer,-6.7360864000000005,-3.181894,6.420052,1566947858093
6848,226,Gyroscope,-0.10873401,-0.06169739,0.018325957,1566947858102
6849,226,Accelerometer,-6.800729799999999,-3.2597055,6.420052,1566947858103
6850,226,Gyroscope,-0.116675265,-0.023823743999999997,0.028099801,1566947858112
6851,226,Accelerometer,-6.862978999999999,-3.357868,6.312312599999999,1566947858113
6852,226,Gyroscope,-0.124005646,0.0012217305,0.040317107000000005,1566947858123
6853,226,Accelerometer,-6.8486137000000005,-3.4225112999999996,6.113594,1566947858123
6854,226,Gyroscope,-0.13439035,0.01038471,0.04642576,1566947858132
6855,226,Accelerometer,-6.745663,-3.3985693,6.005855,1566947858133
6856,226,Gyroscope,-0.13194689,0.018325957,0.04886922,1566947858142
6857,226,Accelerometer,-6.655881,-3.3267434000000002,6.0345855,1566947858143
6858,226,Gyroscope,-0.1142318,0.02565634,0.04276056599999999,1566947858152
6859,226,Accelerometer,-6.6893997,-3.3099839999999996,6.133945,1566947858153
6860,226,Gyroscope,-0.09285152,0.032375857,0.029321532999999997,1566947858162
6861,226,Accelerometer,-6.7684083,-3.357868,6.137536,1566947858163
6862,226,Gyroscope,-0.08124508,0.035430185,0.020158553,1566947858172
6863,226,Accelerometer,-6.895301,-3.3818099999999998,6.0800753,1566947858173
6864,226,Gyroscope,-0.08063421400000001,0.037873644,0.015271631,1566947858182
6865,226,Accelerometer,-7.001842999999999,-3.4261025999999997,6.0465565,1566947858183
6866,226,Gyroscope,-0.08002335,0.049480084,0.012217305,1566947858192
6867,226,Accelerometer,-7.062895,-3.515885,5.9986725,1566947858193
6868,226,Gyroscope,-0.0842994,0.056199603,0.015882496,1566947858202
6869,226,Accelerometer,-7.067683000000001,-3.6200330000000003,5.9268465,1566947858203
6870,226,Gyroscope,-0.08063421400000001,0.056199603,0.017104227,1566947858212
6871,226,Accelerometer,-7.077260000000001,-3.6978445,5.8179099999999995,1566947858213
6872,226,Gyroscope,-0.069027774,0.050701816,0.021380282999999996,1566947858222
6873,226,Accelerometer,-7.017405,-3.6559459999999997,5.7029886,1566947858223
6874,226,Gyroscope,-0.0580322,0.034208454,0.022602014,1566947858232
6875,226,Accelerometer,-6.9395940000000005,-3.5529952000000007,5.633556400000001,1566947858233
6876,226,Gyroscope,-0.030543262,0.015271631,0.020158553,1566947858243
6877,226,Accelerometer,-6.851008,-3.4500446000000005,5.723339,1566947858243
6878,226,Gyroscope,-0.0036651915999999997,0.013439035,0.016493361,1566947858252
6879,226,Accelerometer,-6.770802499999999,-3.3626563999999997,5.8849480000000005,1566947858253
6880,226,Gyroscope,0.02565634,0.020158553,0.013439035,1566947858262
6881,226,Accelerometer,-6.749254700000001,-3.3243492,6.0166287,1566947858263
6882,226,Gyroscope,0.044593163,0.021380282999999996,0.013439035,1566947858272
6883,226,Accelerometer,-6.728903999999999,-3.3159695,6.015432,1566947858273
6884,226,Gyroscope,0.054367005999999996,0.02443461,0.017715093,1566947858282
6885,226,Accelerometer,-6.8581905,-3.3674447999999995,5.9483943,1566947858283
6886,226,Gyroscope,0.06658431,0.03176499,0.02321288,1566947858292
6887,226,Accelerometer,-7.015011,-3.3614593,5.932832,1566947858293
6888,226,Gyroscope,0.08124508,0.031154128,0.019547688,1566947858302
6889,226,Accelerometer,-7.1095820000000005,-3.2489316,5.895722,1566947858303
6890,226,Gyroscope,0.09896017,0.02565634,0.01282817,1566947858312
6891,226,Accelerometer,-7.1826053,-3.110068,5.9172697,1566947858313
6892,226,Gyroscope,0.12156218,0.021991148999999998,0.00061086525,1566947858322
6893,226,Accelerometer,-7.2113357,-2.9831752999999996,5.9651537,1566947858323
6894,226,Gyroscope,0.13805555,0.021991148999999998,-0.018325957,1566947858332
6895,226,Accelerometer,-7.2484455,-2.8850130000000003,6.005855,1566947858333
6896,226,Gyroscope,0.14966199,0.028099801,-0.040317107000000005,1566947858342
6897,226,Accelerometer,-7.302314999999999,-2.847903,5.973533,1566947858343
6898,226,Gyroscope,0.14660765,0.04337143,-0.059864793,1566947858352
6899,226,Accelerometer,-7.3418193,-2.8514943,5.9938839999999995,1566947858353
6900,226,Gyroscope,0.13622294,0.05497787,-0.070249505,1566947858362
6901,226,Accelerometer,-7.420828299999999,-2.8622682,5.925649,1566947858363
6902,226,Gyroscope,0.118507855,0.056199603,-0.07819075,1566947858372
6903,226,Accelerometer,-7.487866,-2.9077580000000003,5.825093,1566947858373
6904,226,Gyroscope,0.11178834,0.049480084,-0.07941248,1566947858382
6905,226,Accelerometer,-7.5106106,-2.9412768,5.785588300000001,1566947858383
6906,226,Gyroscope,0.11056661,0.03359759,-0.076358154,1566947858392
6907,226,Accelerometer,-7.4723034,-2.991555,5.772420400000001,1566947858393
6908,226,Gyroscope,0.12217305,0.017715093,-0.07391469,1566947858402
6909,226,Accelerometer,-7.4088573,-3.0119057000000002,5.7819970000000005,1566947858403
6910,226,Gyroscope,0.1441642,0.014660766,-0.07391469,1566947858412
6911,226,Accelerometer,-7.3190745999999995,-2.9819782000000004,5.889736,1566947858413
6912,226,Gyroscope,0.16065755,0.019547688,-0.07819075,1566947858422
6913,226,Accelerometer,-7.298723700000001,-2.918532,5.9771247,1566947858423
6914,226,Gyroscope,0.16676621,0.025045475,-0.08002335,1566947858432
6915,226,Accelerometer,-7.2927384,-2.835932,6.005855,1566947858433
6916,226,Gyroscope,0.16371189,0.04153884,-0.077579886,1566947858442
6917,226,Accelerometer,-7.243657000000001,-2.7150247000000003,6.0561333,1566947858443
6918,226,Gyroscope,0.15332718,0.06352998,-0.07391469,1566947858452
6919,226,Accelerometer,-7.169436999999999,-2.6192567,6.1195793,1566947858453
6920,226,Gyroscope,0.14721853,0.08857546,-0.07452556,1566947858462
6921,226,Accelerometer,-7.127538700000001,-2.574964,6.223726999999999,1566947858463
6922,226,Gyroscope,0.15271631,0.11178834,-0.07941248,1566947858472
6923,226,Accelerometer,-7.065289,-2.5929205,6.355408000000001,1566947858473
6924,226,Gyroscope,0.16493362,0.1337795,-0.09040806,1566947858482
6925,226,Accelerometer,-7.091625,-2.6013002,6.291962,1566947858483
6926,226,Gyroscope,0.18020524,0.15149458,-0.10445796,1566947858492
6927,226,Accelerometer,-7.1586633,-2.5797524,6.1973910000000005,1566947858493
6928,226,Gyroscope,0.19120082,0.16615535,-0.12156218,1566947858502
6929,226,Accelerometer,-7.2352777,-2.517503,6.099229,1566947858503
6930,226,Gyroscope,0.20036379999999998,0.18753563,-0.15821409,1566947858512
6931,226,Accelerometer,-7.2484455,-2.517503,5.99149,1566947858513
6932,226,Gyroscope,0.19730948,0.20525073,-0.18387043,1566947858522
6933,226,Accelerometer,-7.2484455,-2.5510217999999996,5.972336299999999,1566947858523
6934,226,Gyroscope,0.19730948,0.22418754,-0.20708331,1566947858532
6935,226,Accelerometer,-7.271190600000001,-2.6264392999999995,5.984307299999999,1566947858533
6936,226,Gyroscope,0.20097467,0.23640485,-0.22235495,1566947858542
6937,226,Accelerometer,-7.2759789999999995,-2.6922797999999997,5.9998693,1566947858543
6938,226,Gyroscope,0.21074851,0.24129178,-0.23518312,1566947858552
6939,226,Accelerometer,-7.314286,-2.7976246,5.9938839999999995,1566947858553
6940,226,Gyroscope,0.22479841,0.23457226,-0.24251351,1566947858563
6941,226,Accelerometer,-7.305906299999999,-2.871845,5.9507885,1566947858563
6942,226,Gyroscope,0.23273966,0.21502456,-0.24678956,1566947858572
6943,226,Accelerometer,-7.2448545,-2.8969840000000002,5.8059389999999995,1566947858573
6944,226,Gyroscope,0.23090707,0.18570304,-0.24373524,1566947858582
6945,226,Accelerometer,-7.2723875,-2.9819782000000004,5.693412,1566947858583
6946,226,Gyroscope,0.24129178,0.16310102,-0.23090707,1566947858592
6947,226,Accelerometer,-7.3202715,-3.0322563999999996,5.7161565,1566947858593
6948,226,Gyroscope,0.26450464,0.15332718,-0.22174409,1566947858602
6949,226,Accelerometer,-7.314286,-3.0322563999999996,5.7065797,1566947858603
6950,226,Gyroscope,0.27916542,0.15210545,-0.21197024,1566947858612
6951,226,Accelerometer,-7.3214690000000004,-3.064578,5.7209449999999995,1566947858613
6952,226,Gyroscope,0.28771752,0.15760323,-0.20280726,1566947858623
6953,226,Accelerometer,-7.3274539999999995,-3.004723,5.8215012999999995,1566947858623
6954,226,Gyroscope,0.29138273,0.16615535,-0.19242255,1566947858632
6955,226,Accelerometer,-7.3406224,-2.8694507999999996,5.877765,1566947858633
6956,226,Gyroscope,0.29626966,0.17043139999999998,-0.17898351,1566947858642
6957,226,Accelerometer,-7.3274539999999995,-2.7329812,5.9364233,1566947858643
6958,226,Gyroscope,0.29871312,0.17043139999999998,-0.1685988,1566947858652
6959,226,Accelerometer,-7.3106947,-2.6479871,6.0010667,1566947858653
6960,226,Gyroscope,0.29932398,0.18631389999999998,-0.15699236,1566947858662
6961,226,Accelerometer,-7.290344,-2.553416,5.919664,1566947858663
6962,226,Gyroscope,0.2968805,0.19975294,-0.16004670000000001,1566947858672
6963,226,Accelerometer,-7.254431200000001,-2.4756044999999998,5.864597,1566947858673
6964,226,Gyroscope,0.29260445,0.22540927,-0.16920967,1566947858683
6965,226,Accelerometer,-7.1981673,-2.3870192,5.881356200000001,1566947858683
6966,226,Gyroscope,0.28893927,0.2565634,-0.18753563,1566947858692
6967,226,Accelerometer,-7.237672,-2.2852653999999997,5.913678,1566947858693
6968,226,Gyroscope,0.29077184,0.28160888,-0.21807889999999996,1566947858702
6969,226,Accelerometer,-7.345411,-2.2601264,5.996278299999999,1566947858703
6970,226,Gyroscope,0.30726522,0.28405234,-0.24740042,1566947858712
6971,226,Accelerometer,-7.5309615,-2.2984335,5.996278299999999,1566947858713
6972,226,Gyroscope,0.3145956,0.28283059999999993,-0.26267207,1566947858722
6973,226,Accelerometer,-7.714117999999999,-2.3582888,5.8598084,1566947858723
6974,226,Gyroscope,0.32009340000000003,0.29321529999999996,-0.27855456,1566947858732
6975,226,Accelerometer,-7.7907324000000004,-2.4085669999999997,5.7137623,1566947858733
6976,226,Gyroscope,0.30970868,0.30970868,-0.29749137,1566947858743
6977,226,Accelerometer,-7.890092,-2.4863784,5.583278,1566947858743
6978,226,Gyroscope,0.31398472,0.29749137,-0.30298916,1566947858752
6979,226,Accelerometer,-7.869741,-2.4863784,5.4863133,1566947858753
6980,226,Gyroscope,0.31703907,0.27122417,-0.30421090000000006,1566947858762
6981,226,Accelerometer,-7.747636999999999,-2.457648,5.3642087,1566947858763
6982,226,Gyroscope,0.32925636,0.25534168,-0.30421090000000006,1566947858772
6983,226,Accelerometer,-7.520187400000001,-2.4600422,5.365406,1566947858773
6984,226,Gyroscope,0.34147367,0.25228736,-0.29810223,1566947858782
6985,226,Accelerometer,-7.430405,-2.5258827,5.3366755999999995,1566947858783
6986,226,Gyroscope,0.34941490000000003,0.25289822,-0.29504790000000003,1566947858793
6987,226,Accelerometer,-7.345411,-2.6132712000000002,5.2528787,1566947858793
6988,226,Gyroscope,0.35918877,0.23396139,-0.29565877,1566947858802
6989,226,Accelerometer,-7.359775999999999,-2.7569232000000006,5.1690817000000004,1566947858803
6990,226,Gyroscope,0.37140608,0.18448131,-0.29749137,1566947858812
6991,226,Accelerometer,-7.507019500000001,-2.9197290000000002,4.9943047,1566947858813
6992,226,Gyroscope,0.39522982,0.13011430000000002,-0.29993483,1566947858822
6993,226,Accelerometer,-7.581239699999999,-2.966416,4.9919105,1566947858823
6994,226,Gyroscope,0.41966440000000005,0.07696902,-0.3023783,1566947858832
6995,226,Accelerometer,-7.6243353,-2.9424740000000003,5.032612,1566947858833
6996,226,Gyroscope,0.44837508,0.031154128,-0.29321529999999996,1566947858842
6997,226,Accelerometer,-7.6111674,-2.8083985,5.153519,1566947858843
6998,226,Gyroscope,0.46914452,0.002443461,-0.28283059999999993,1566947858853
6999,226,Accelerometer,-7.523778999999999,-2.670732,5.2421045,1566947858853
7000,226,Gyroscope,0.4728097,-0.014660766,-0.2742785,1566947858862
7001,226,Accelerometer,-7.5584945999999995,-2.5342624,5.388150700000001,1566947858863
7002,226,Gyroscope,0.45875978,-0.01282817,-0.2724459,1566947858872
7003,226,Accelerometer,-7.6231384,-2.397793,5.6467247,1566947858873
7004,226,Gyroscope,0.43799037,0.0018325957999999999,-0.27855456,1566947858882
7005,226,Accelerometer,-7.723694999999999,-2.3235726000000003,5.8574142,1566947858883
7006,226,Gyroscope,0.40194935,0.021991148999999998,-0.27855456,1566947858892
7007,226,Accelerometer,-7.7919292,-2.3403322999999996,5.957971,1566947858893
7008,226,Gyroscope,0.36041048,0.03359759,-0.26633725,1566947858902
7009,226,Accelerometer,-7.836222,-2.3870192,6.060921700000001,1566947858903
7010,226,Gyroscope,0.3371976,0.050701816,-0.25167647,1566947858912
7011,226,Accelerometer,-7.949947,-2.397793,6.226121400000001,1566947858913
7012,226,Gyroscope,0.33536503,0.08063421400000001,-0.24495697,1566947858923
7013,226,Accelerometer,-8.054094000000001,-2.349909,6.432023,1566947858923
7014,226,Gyroscope,0.32559118,0.111177474,-0.23884831,1566947858932
7015,226,Accelerometer,-8.093599000000001,-2.1416135,6.2979474,1566947858933
7016,226,Gyroscope,0.29504790000000003,0.1423316,-0.22968534,1566947858942
7017,226,Accelerometer,-7.8829093,-1.9895816000000002,6.245275,1566947858943
7018,226,Gyroscope,0.2510656,0.18631389999999998,-0.21930063,1566947858952
7019,226,Accelerometer,-7.6638399999999995,-1.7920599999999998,6.293158999999999,1566947858953
7020,226,Gyroscope,0.21807889999999996,0.24251351,-0.21502456,1566947858962
7021,226,Accelerometer,-7.417236999999999,-1.62686,6.30513,1566947858963
7022,226,Gyroscope,0.18448131,0.33353242,-0.20830505,1566947858972
7023,226,Accelerometer,-7.1670427,-1.5777789,6.220136,1566947858973
7024,226,Gyroscope,0.16187929,0.39400807,-0.20097467,1566947858982
7025,226,Accelerometer,-6.944382000000001,-1.6711528000000002,6.078878,1566947858983
7026,226,Gyroscope,0.1423316,0.4538729,-0.20341812,1566947858992
7027,226,Accelerometer,-6.805517999999999,-1.8219875,5.9280434,1566947858993
7028,226,Gyroscope,0.14172074,0.49785519999999994,-0.21135938,1566947859002
7029,226,Accelerometer,-6.8330517,-1.9752164,5.665878299999999,1566947859003
7030,226,Gyroscope,0.16432275,0.5180137,-0.22052236,1566947859013
7031,226,Accelerometer,-7.036558599999999,-2.111686,5.544971,1566947859013
7032,226,Gyroscope,0.21624629,0.52106804,-0.22540927,1566947859022
7033,226,Accelerometer,-7.3418193,-2.2254104999999997,5.3606176,1566947859023
7034,226,Gyroscope,0.26939157,0.49907690000000005,-0.23335053,1566947859032
7035,226,Accelerometer,-7.675811,-2.3139958,5.01705,1566947859033
7036,226,Gyroscope,0.30665436,0.44837508,-0.25534168,1566947859043
7037,226,Accelerometer,-7.881711999999999,-2.3247697,4.559757,1566947859043
7038,226,Gyroscope,0.31642818,0.37507126,-0.2706133,1566947859052
7039,226,Accelerometer,-8.002619000000001,-2.336741,4.3119574,1566947859053
7040,226,Gyroscope,0.30909783,0.30298916,-0.2724459,1566947859062
7041,226,Accelerometer,-8.137891999999999,-2.3391352000000003,4.277241,1566947859063
7042,226,Gyroscope,0.312763,0.20463985,-0.26633725,1566947859072
7043,226,Accelerometer,-8.148665,-2.348712,4.284424,1566947859073
7044,226,Gyroscope,0.31887165,0.10995574,-0.26083946,1566947859082
7045,226,Accelerometer,-8.12233,-2.3223755,4.345476000000001,1566947859083
7046,226,Gyroscope,0.3268129,0.026267206,-0.24740042,1566947859093
7047,226,Accelerometer,-8.057686,-2.2373814999999997,4.343082,1566947859093
7048,226,Gyroscope,0.3286455,-0.04276056599999999,-0.23151793,1566947859102
7049,226,Accelerometer,-7.9307933,-2.088941,4.542998000000001,1566947859103
7050,226,Gyroscope,0.34697145,-0.08796459400000001,-0.22052236,1566947859113
7051,226,Accelerometer,-7.9032598,-2.018312,4.868608999999999,1566947859113
7052,226,Gyroscope,0.37568212,-0.11056661,-0.22113322,1566947859122
7053,226,Accelerometer,-7.9750857,-1.99437,5.0960584,1566947859123
7054,226,Gyroscope,0.3921755,-0.12522738,-0.22540927,1566947859133
7055,226,Accelerometer,-8.032547000000001,-1.9847932000000001,5.284003299999999,1566947859133
7056,226,Gyroscope,0.40256020000000003,-0.1160644,-0.2284636,1566947859142
7057,226,Accelerometer,-8.095993,-1.9608511999999998,5.459976999999999,1566947859143
7058,226,Gyroscope,0.39278635,-0.09590584,-0.2321288,1566947859152
7059,226,Accelerometer,-8.115147,-1.9955671000000001,5.4922986,1566947859153
7060,226,Gyroscope,0.37751472,-0.08979719,-0.23090707,1566947859162
7061,226,Accelerometer,-8.052897,-2.0111293999999997,5.5461683,1566947859163
7062,226,Gyroscope,0.35979962,-0.073303826,-0.2302962,1566947859172
7063,226,Accelerometer,-7.926005,-1.9620483,5.4899044,1566947859173
7064,226,Gyroscope,0.34208453,-0.06841691,-0.23335053,1566947859183
7065,226,Accelerometer,-7.69257,-1.8842366999999998,5.499480999999999,1566947859183
7066,226,Gyroscope,0.32742378,-0.07574729,-0.24190263,1566947859192
7067,226,Accelerometer,-7.501034,-1.7357962,5.653907299999999,1566947859193
7068,226,Gyroscope,0.31887165,-0.084910266,-0.2565634,1566947859202
7069,226,Accelerometer,-7.398083,-1.5538370000000001,5.8634,1566947859203
7070,226,Gyroscope,0.31215215,-0.084910266,-0.25900686,1566947859212
7071,226,Accelerometer,-7.3825210000000006,-1.3934253,5.973533,1566947859213
7072,226,Gyroscope,0.29749137,-0.05681047,-0.25778514,1566947859222
7073,226,Accelerometer,-7.441178999999999,-1.328782,6.0465565,1566947859223
7074,226,Gyroscope,0.27855456,-0.017715093,-0.25045475,1566947859232
7075,226,Accelerometer,-7.575253999999999,-1.364695,6.1542954000000005,1566947859233
7076,226,Gyroscope,0.24556783,0.025045475,-0.24312437,1566947859242
7077,226,Accelerometer,-7.7129207,-1.4209588,6.2021794,1566947859243
7078,226,Gyroscope,0.21013765,0.06536258,-0.22785273,1566947859252
7079,226,Accelerometer,-7.81228,-1.483208,6.245275,1566947859253
7080,226,Gyroscope,0.17043139999999998,0.10812314599999999,-0.21074851,1566947859262
7081,226,Accelerometer,-7.880514999999999,-1.5454572,6.2404866,1566947859263
7082,226,Gyroscope,0.13439035,0.14477506,-0.19303341,1566947859272
7083,226,Accelerometer,-7.949947,-1.5957354,6.159084,1566947859273
7084,226,Gyroscope,0.11178834,0.17715092,-0.16493362,1566947859283
7085,226,Accelerometer,-7.836222,-1.6017209,6.0645127,1566947859283
7086,226,Gyroscope,0.096516706,0.2144137,-0.1337795,1566947859292
7087,226,Accelerometer,-7.825448,-1.5753847,6.027403,1566947859293
7088,226,Gyroscope,0.08368854,0.22724187,-0.106901415,1566947859302
7089,226,Accelerometer,-7.846996300000001,-1.5813701999999998,5.951985400000001,1566947859303
7090,226,Gyroscope,0.07086037,0.258396,-0.09468412,1566947859313
7091,226,Accelerometer,-7.7320743,-1.5538370000000001,5.853823,1566947859313
7092,226,Gyroscope,0.052534412999999995,0.28893927,-0.096516706,1566947859322
7093,226,Accelerometer,-7.6734165999999995,-1.6543933000000002,5.6886234,1566947859323
7094,226,Gyroscope,0.040927973,0.30421090000000006,-0.11301007,1566947859332
7095,226,Accelerometer,-7.700949700000001,-1.8710686,5.647922,1566947859333
7096,226,Gyroscope,0.047647487,0.31581733,-0.12461651,1566947859342
7097,226,Accelerometer,-7.711724,-2.0290859,5.604826,1566947859343
7098,226,Gyroscope,0.06658431,0.32559118,-0.12889257,1566947859352
7099,226,Accelerometer,-7.699753,-2.1918917,5.4934959999999995,1566947859353
7100,226,Gyroscope,0.09285152,0.31703907,-0.12767084,1566947859362
7101,226,Accelerometer,-7.7093296,-2.3702598,5.2923827,1566947859363
7102,226,Gyroscope,0.119729586,0.28527406,-0.119729586,1566947859372
7103,226,Accelerometer,-7.8146744,-2.4480712000000002,5.1223946,1566947859373
7104,226,Gyroscope,0.14599679999999998,0.23701571,-0.099571034,1566947859382
7105,226,Accelerometer,-7.9954367,-2.3834279,4.995502,1566947859383
7106,226,Gyroscope,0.15760323,0.19058995,-0.06841691,1566947859392
7107,226,Accelerometer,-8.139089,-1.9069817,4.921282,1566947859393
7108,226,Gyroscope,0.1685988,0.1423316,-0.048258353,1566947859402
7109,226,Accelerometer,-8.143877,-1.7657237000000001,5.1104236,1566947859403
7110,226,Gyroscope,0.17165314,0.10079276599999999,-0.03176499,1566947859412
7111,226,Accelerometer,-8.12233,-1.6280571000000001,5.2061915,1566947859413
7112,226,Gyroscope,0.16554448,0.06658431,-0.018325957,1566947859422
7113,226,Accelerometer,-8.1881695,-1.5634137,5.3606176,1566947859423
7114,226,Gyroscope,0.16004670000000001,0.043982297000000004,0.004276057,1566947859432
7115,226,Accelerometer,-8.23366,-1.5825673,5.432443599999999,1566947859433
7116,226,Gyroscope,0.15760323,0.037873644,0.02565634,1566947859442
7117,226,Accelerometer,-8.258799,-1.5897499,5.3737855,1566947859443
7118,226,Gyroscope,0.15515977,0.03970624,0.037873644,1566947859453
7119,226,Accelerometer,-8.255207,-1.5430629999999999,5.2026005,1566947859453
7120,226,Gyroscope,0.15149458,0.0421497,0.03970624,1566947859462
7121,226,Accelerometer,-8.158242,-1.4867992,5.046977,1566947859463
7122,226,Gyroscope,0.14355333,0.053145275,0.03359759,1566947859472
7123,226,Accelerometer,-8.086416,-1.400608,5.0697220000000005,1566947859473
7124,226,Gyroscope,0.14477506,0.061086524,0.016493361,1566947859482
7125,226,Accelerometer,-8.040925999999999,-1.2653356000000002,5.1810527,1566947859483
7126,226,Gyroscope,0.15271631,0.051923547,-0.0030543262,1566947859492
7127,226,Accelerometer,-8.074444999999999,-1.1300632,5.2528787,1566947859493
7128,226,Gyroscope,0.14660765,0.030543262,-0.020158553,1566947859502
7129,226,Accelerometer,-8.141483000000001,-1.0390834999999998,5.2397103,1566947859503
7130,226,Gyroscope,0.1282817,0.0012217305,-0.02687807,1566947859512
7131,226,Accelerometer,-8.183380999999999,-0.9935937,5.2564697,1566947859513
7132,226,Gyroscope,0.099571034,-0.021991148999999998,-0.025045475,1566947859523
7133,226,Accelerometer,-8.202535000000001,-0.9600749,5.329493,1566947859523
7134,226,Gyroscope,0.06352998,-0.032375857,-0.018936822,1566947859532
7135,226,Accelerometer,-8.125919999999999,-0.9612719999999999,5.4408236,1566947859533
7136,226,Gyroscope,0.031154128,-0.045814894,-0.0061086523,1566947859542
7137,226,Accelerometer,-8.032547000000001,-0.9636662,5.518635,1566947859543
7138,226,Gyroscope,0.007941248,-0.058643065,0.009773844,1566947859553
7139,226,Accelerometer,-7.965509,-0.8786719999999999,5.60722,1566947859553
7140,226,Gyroscope,-0.012217305,-0.05681047,0.022602014,1566947859562
7141,226,Accelerometer,-7.898471400000001,-0.7457938000000001,5.7736173,1566947859563
7142,226,Gyroscope,-0.03726278,-0.031154128,0.031154128,1566947859572
7143,226,Accelerometer,-7.8062944000000005,-0.6356605,5.8909335,1566947859573
7144,226,Gyroscope,-0.069027774,-0.0067195175,0.034208454,1566947859582
7145,226,Accelerometer,-7.8146744,-0.5303157,6.015432,1566947859583
7146,226,Gyroscope,-0.10079276599999999,0.02687807,0.027488936000000002,1566947859592
7147,226,Accelerometer,-7.7368627000000005,-0.51235914,6.1542954000000005,1566947859593
7148,226,Gyroscope,-0.13561209,0.06963864,0.027488936000000002,1566947859602
7149,226,Accelerometer,-7.708132300000001,-0.62728083,6.0381765,1566947859603
7150,226,Gyroscope,-0.17165314,0.1020145,0.032986722999999996,1566947859612
7151,226,Accelerometer,-7.7943234,-0.7733272,5.9388175,1566947859613
7152,226,Gyroscope,-0.19425514,0.13316862,0.040317107000000005,1566947859623
7153,226,Accelerometer,-7.9236107,-0.92895025,5.7819970000000005,1566947859623
7154,226,Gyroscope,-0.21135938,0.15882497,0.054367005999999996,1566947859632
7155,226,Accelerometer,-8.060080000000001,-1.0702082,5.6108117,1566947859633
7156,226,Gyroscope,-0.22602014,0.1777618,0.069027774,1566947859642
7157,226,Accelerometer,-8.169016000000001,-1.1923125,5.449203,1566947859643
7158,226,Gyroscope,-0.23579398,0.1826487,0.084910266,1566947859653
7159,226,Accelerometer,-8.283937,-1.2593501,5.3713913,1566947859653
7160,226,Gyroscope,-0.2565634,0.15882497,0.116675265,1566947859662
7161,226,Accelerometer,-8.323442,-1.3275848999999997,5.1559134,1566947859663
7162,226,Gyroscope,-0.2773328,0.12767084,0.14905111,1566947859672
7163,226,Accelerometer,-8.293514,-1.4197617,4.940435400000001,1566947859673
7164,226,Gyroscope,-0.28283059999999993,0.10445796,0.172264,1566947859682
7165,226,Accelerometer,-8.252813,-1.4652513999999999,4.9428296,1566947859683
7166,226,Gyroscope,-0.27488935,0.07880162,0.18142697,1566947859692
7167,226,Accelerometer,-8.22528,-1.4772223999999998,4.961983,1566947859693
7168,226,Gyroscope,-0.26083946,0.05375614,0.17898351,1566947859702
7169,226,Accelerometer,-8.249222,-1.4712370000000001,4.9895163,1566947859703
7170,226,Gyroscope,-0.2510656,0.012217305,0.16554448,1566947859712
7171,226,Accelerometer,-8.281544,-1.484405,4.9799394999999995,1566947859713
7172,226,Gyroscope,-0.258396,-0.04153884,0.15149458,1566947859722
7173,226,Accelerometer,-8.261192999999999,-1.483208,4.88058,1566947859723
7174,226,Gyroscope,-0.27305678,-0.1020145,0.13927728,1566947859732
7175,226,Accelerometer,-8.204929,-1.4425066,4.7632639999999995,1566947859733
7176,226,Gyroscope,-0.28038713,-0.16310102,0.13316862,1566947859742
7177,226,Accelerometer,-7.949947,-1.3862427,4.672284599999999,1566947859743
7178,226,Gyroscope,-0.27488935,-0.20647246,0.13072516,1566947859753
7179,226,Accelerometer,-7.7093296,-1.2916718999999999,4.734534,1566947859753
7180,226,Gyroscope,-0.26083946,-0.24251351,0.12217305,1566947859762
7181,226,Accelerometer,-7.5549035,-1.2198458,4.8662148,1566947859763
7182,226,Gyroscope,-0.25350907,-0.28955013,0.10934488,1566947859772
7183,226,Accelerometer,-7.369353,-1.2473791,4.8985367,1566947859773
7184,226,Gyroscope,-0.25778514,-0.33536503,0.09590584,1566947859783
7185,226,Accelerometer,-7.37055,-1.2425906999999998,5.076905,1566947859783
7186,226,Gyroscope,-0.26572640000000003,-0.37201694,0.069027774,1566947859792
7187,226,Accelerometer,-7.325060000000001,-1.2497733,5.2421045,1566947859793
7188,226,Gyroscope,-0.28405234,-0.42394048,0.047647487,1566947859802
7189,226,Accelerometer,-7.311891999999999,-1.3180081,5.177461,1566947859803
7190,226,Gyroscope,-0.29749137,-0.45998153,0.029321532999999997,1566947859812
7191,226,Accelerometer,-7.3274539999999995,-1.3874398000000001,5.245696,1566947859813
7192,226,Gyroscope,-0.29077184,-0.47403142,0.0061086523,1566947859822
7193,226,Accelerometer,-7.400477400000001,-1.4197617,5.487509999999999,1566947859823
7194,226,Gyroscope,-0.27183503,-0.4636467000000001,-0.017715093,1566947859832
7195,226,Accelerometer,-7.428011,-1.5598223999999998,5.7377043,1566947859833
7196,226,Gyroscope,-0.25045475,-0.44104472,-0.03604105,1566947859842
7197,226,Accelerometer,-7.605181699999999,-1.780089,5.922058,1566947859843
7198,226,Gyroscope,-0.24251351,-0.3933972,-0.045814894,1566947859852
7199,226,Accelerometer,-8.099585000000001,-2.1727380000000003,6.26802,1566947859853
7200,226,Gyroscope,-0.24129178,-0.32253686,-0.06169739,1566947859862
7201,226,Accelerometer,-8.297106,-2.3379380000000003,6.324283599999999,1566947859863
7202,226,Gyroscope,-0.26511553,-0.24740042,-0.0720821,1566947859872
7203,226,Accelerometer,-8.555679,-2.5306710999999997,6.2285156,1566947859873
7204,226,Gyroscope,-0.3115413,-0.18081611,-0.057421334000000004,1566947859882
7205,226,Accelerometer,-8.671799,-2.682703,6.206968,1566947859883
7206,226,Gyroscope,-0.3817908,-0.116675265,-0.021380282999999996,1566947859892
7207,226,Accelerometer,-8.614338,-2.693477,6.1100025,1566947859893
7208,226,Gyroscope,-0.42027529999999996,-0.08002335,0.018325957,1566947859902
7209,226,Accelerometer,-8.483853,-2.7018566,6.048950700000001,1566947859903
7210,226,Gyroscope,-0.44532076,-0.047647487,0.081855945,1566947859912
7211,226,Accelerometer,-8.282741,-2.694674,6.0333879999999995,1566947859913
7212,226,Gyroscope,-0.4550946,-0.039095376,0.14782938,1566947859923
7213,226,Accelerometer,-7.856573,-2.6910827,6.023811299999999,1566947859923
7214,226,Gyroscope,-0.45753807,-0.056199603,0.19486602,1566947859933
7215,226,Accelerometer,-7.431602000000001,-2.6396074,6.0010667,1566947859933
7216,226,Gyroscope,-0.45875978,-0.07941248,0.22296582,1566947859942
7217,226,Accelerometer,-6.9731125999999986,-2.5306710999999997,6.021417,1566947859943
7218,226,Gyroscope,-0.45998153,-0.08979719,0.24312437,1566947859952
7219,226,Accelerometer,-6.6187705999999995,-2.4289176,6.023811299999999,1566947859953
7220,226,Gyroscope,-0.46181414,-0.08124508,0.25595254,1566947859962
7221,226,Accelerometer,-6.5098343000000005,-2.4013843999999995,6.0585275,1566947859963
7222,226,Gyroscope,-0.4605924,-0.045814894,0.26878070000000004,1566947859972
7223,226,Accelerometer,-6.537368,-2.4528596,6.155493,1566947859973
7224,226,Gyroscope,-0.45020768,0.0067195175,0.28405234,1566947859983
7225,226,Accelerometer,-6.645107,-2.6132712000000002,6.208165,1566947859983
7226,226,Gyroscope,-0.4343252,0.054367005999999996,0.29260445,1566947859992
7227,226,Accelerometer,-6.7959414,-2.7581203,6.2620344,1566947859993
7228,226,Gyroscope,-0.41416663,0.08552113,0.29260445,1566947860002
7229,226,Accelerometer,-6.956353,-2.8502972,6.2105594,1566947860003
7230,226,Gyroscope,-0.3903429,0.10873401,0.28160888,1566947860013
7231,226,Accelerometer,-7.107187700000001,-2.9101522,6.075287,1566947860013
7232,226,Gyroscope,-0.37934732,0.12461651,0.267559,1566947860022
7233,226,Accelerometer,-7.290344,-2.9520507,5.8143187,1566947860023
7234,226,Gyroscope,-0.37873647,0.12461651,0.25411993,1566947860032
7235,226,Accelerometer,-7.4363904000000005,-2.9939492000000003,5.626374,1566947860033
7236,226,Gyroscope,-0.3811799,0.116675265,0.2443461,1566947860042
7237,226,Accelerometer,-7.4986396,-3.0059202000000003,5.604826,1566947860043
7238,226,Gyroscope,-0.37384954,0.0983493,0.23762658,1566947860052
7239,226,Accelerometer,-7.4842744,-3.0131028,5.650316,1566947860053
7240,226,Gyroscope,-0.3475823,0.076358154,0.22540927,1566947860062
7241,226,Accelerometer,-7.4758949999999995,-3.0573955,5.7029886,1566947860063
7242,226,Gyroscope,-0.31948254,0.050701816,0.22052236,1566947860072
7243,226,Accelerometer,-7.4639240000000004,-3.0909145000000002,5.722142,1566947860073
7244,226,Gyroscope,-0.2968805,0.02076942,0.21135938,1566947860082
7245,226,Accelerometer,-7.461529700000001,-3.0969,5.7520695,1566947860083
7246,226,Gyroscope,-0.2846632,0.0018325957999999999,0.20036379999999998,1566947860092
7247,226,Accelerometer,-7.4591354999999995,-3.1028854999999997,5.7377043,1566947860093
7248,226,Gyroscope,-0.28221974,-0.0061086523,0.18997909,1566947860102
7249,226,Accelerometer,-7.502231,-3.083732,5.755661,1566947860103
7250,226,Gyroscope,-0.2864958,-0.0012217305,0.17531833,1566947860112
7251,226,Accelerometer,-7.4950485,-3.0693667000000002,5.765238,1566947860113
7252,226,Gyroscope,-0.29199359999999996,0.034208454,0.15271631,1566947860122
7253,226,Accelerometer,-7.400477400000001,-3.1316159,5.8382607,1566947860123
7254,226,Gyroscope,-0.29443705,0.062308256,0.1441642,1566947860132
7255,226,Accelerometer,-7.345411,-3.2202013,5.8849480000000005,1566947860133
7256,226,Gyroscope,-0.29626966,0.08552113,0.13316862,1566947860142
7257,226,Accelerometer,-7.267599000000001,-3.3554738,5.946000000000001,1566947860143
7258,226,Gyroscope,-0.28283059999999993,0.105068825,0.12644911,1566947860153
7259,226,Accelerometer,-7.038953,-3.5230677000000004,5.9998693,1566947860153
7260,226,Gyroscope,-0.26083946,0.106901415,0.13011430000000002,1566947860162
7261,226,Accelerometer,-6.994660400000001,-3.6703112,5.9292407,1566947860163
7262,226,Gyroscope,-0.23396139,0.08796459400000001,0.12705997,1566947860172
7263,226,Accelerometer,-6.9611415999999995,-3.776853,5.759252,1566947860173
7264,226,Gyroscope,-0.1966986,0.062308256,0.116675265,1566947860182
7265,226,Accelerometer,-6.8366427,-3.7948096,5.559336,1566947860183
7266,226,Gyroscope,-0.15760323,0.03176499,0.124005646,1566947860192
7267,226,Accelerometer,-6.926425500000001,-3.5853171,5.3785739999999995,1566947860193
7268,226,Gyroscope,-0.116675265,0.0030543262,0.14599679999999998,1566947860202
7269,226,Accelerometer,-6.799533,-3.2321722999999998,5.353435,1566947860203
7270,226,Gyroscope,-0.06414085,-0.05497787,0.15699236,1566947860212
7271,226,Accelerometer,-6.983886200000001,-3.0107086,5.3618144999999995,1566947860213
7272,226,Gyroscope,-0.017715093,-0.11178834,0.15332718,1566947860222
7273,226,Accelerometer,-7.153875,-2.8526914,5.346252400000001,1566947860223
7274,226,Gyroscope,0.0018325957999999999,-0.15515977,0.14660765,1566947860232
7275,226,Accelerometer,-7.189788,-2.670732,5.3127337,1566947860233
7276,226,Gyroscope,0.00061086525,-0.20341812,0.13988814,1566947860242
7277,226,Accelerometer,-7.3202715,-2.597709,5.445612000000001,1566947860243
7278,226,Gyroscope,-0.009162978,-0.25961772,0.118507855,1566947860252
7279,226,Accelerometer,-7.4986396,-2.528277,5.6347537,1566947860253
7280,226,Gyroscope,-0.02321288,-0.2864958,0.08307768,1566947860262
7281,226,Accelerometer,-7.393294999999999,-2.3906104999999997,5.9029045,1566947860263
7282,226,Gyroscope,-0.027488936000000002,-0.26206118,0.0580322,1566947860272
7283,226,Accelerometer,-7.2125325,-2.2337902,6.265626,1566947860273
7284,226,Gyroscope,-0.030543262,-0.19792034,0.040317107000000005,1566947860282
7285,226,Accelerometer,-7.073669000000001,-2.1176715,6.6044054,1566947860283
7286,226,Gyroscope,-0.04153884,-0.12339478,0.034208454,1566947860292
7287,226,Accelerometer,-7.035361999999999,-2.0434509999999997,6.8162923,1566947860292
7288,226,Gyroscope,-0.058643065,-0.06047566,0.05009095,1566947860302
7289,226,Accelerometer,-6.9970546,-1.9692308999999997,6.8809357,1566947860303
7290,226,Gyroscope,-0.07819075,-0.005497787,0.08246681,1566947860312
7291,226,Accelerometer,-6.669049,-1.6424223000000002,6.7911529999999996,1566947860313
7292,226,Gyroscope,-0.09773844,0.0580322,0.12339478,1566947860322
7293,226,Accelerometer,-6.647500999999999,-1.532289,6.6283474,1566947860323
7294,226,Gyroscope,-0.11545353400000001,0.12461651,0.16004670000000001,1566947860332
7295,226,Accelerometer,-6.781575999999999,-1.4915876000000001,6.4140663,1566947860333
7296,226,Gyroscope,-0.13744467,0.18509217,0.16920967,1566947860342
7297,226,Accelerometer,-6.9886745999999995,-1.5167267,6.196194,1566947860343
7298,226,Gyroscope,-0.17165314,0.2284636,0.1386664,1566947860352
7299,226,Accelerometer,-7.273585000000001,-1.6376339,6.0321913,1566947860353
7300,226,Gyroscope,-0.19242255,0.21624629,0.11056661,1566947860362
7301,226,Accelerometer,-7.575253999999999,-1.8471266,5.9412117,1566947860363
7302,226,Gyroscope,-0.19914207,0.19853121,0.08979719,1566947860372
7303,226,Accelerometer,-7.7727756999999995,-2.12246,5.8837504,1566947860373
7304,226,Gyroscope,-0.18936823,0.19303341,0.08063421400000001,1566947860382
7305,226,Accelerometer,-7.8888945999999995,-2.3654714,5.791574,1566947860383
7306,226,Gyroscope,-0.16676621,0.18142697,0.08124508,1566947860392
7307,226,Accelerometer,-7.9331875,-2.528277,5.6179943,1566947860393
7308,226,Gyroscope,-0.15088372,0.16187929,0.10018189999999999,1566947860402
7309,226,Accelerometer,-7.911639699999999,-2.5306710999999997,5.3725886,1566947860403
7310,226,Gyroscope,-0.14844026,0.1282817,0.12583824,1566947860412
7311,226,Accelerometer,-7.844601600000001,-2.4085669999999997,5.100847,1566947860413
7312,226,Gyroscope,-0.16676621,0.089186326,0.15088372,1566947860422
7313,226,Accelerometer,-7.7560163,-2.1906946,4.96318,1566947860423
7314,226,Gyroscope,-0.17654006,0.043982297000000004,0.16798794,1566947860432
7315,226,Accelerometer,-7.7224975,-2.0003555,4.9943047,1566947860433
7316,226,Gyroscope,-0.17470746,0.0036651915999999997,0.17654006,1566947860442
7317,226,Accelerometer,-7.681796,-1.8375498,5.153519,1566947860443
7318,226,Gyroscope,-0.16126843,-0.021380282999999996,0.172264,1566947860452
7319,226,Accelerometer,-7.6494746,-1.7525556,5.368997,1566947860453
7320,226,Gyroscope,-0.14966199,-0.031154128,0.15943582,1566947860462
7321,226,Accelerometer,-7.655460000000001,-1.7645266,5.507861,1566947860463
7322,226,Gyroscope,-0.14172074,-0.03604105,0.14660765,1566947860472
7323,226,Accelerometer,-7.7093296,-1.7645266,5.60722,1566947860473
7324,226,Gyroscope,-0.14782938,-0.029321532999999997,0.13500121,1566947860482
7325,226,Accelerometer,-7.726089,-1.7896657999999999,5.6551046,1566947860483
7326,226,Gyroscope,-0.15943582,-0.018325957,0.13255776,1566947860492
7327,226,Accelerometer,-7.750031,-1.780089,5.5988407,1566947860492
7328,226,Gyroscope,-0.17287487,-0.01160644,0.14110987,1566947860502
7329,226,Accelerometer,-7.8218570000000005,-1.7417817,5.54138,1566947860503
7330,226,Gyroscope,-0.17470746,-0.008552114,0.15088372,1566947860512
7331,226,Accelerometer,-7.890092,-1.7118542,5.425261,1566947860513
7332,226,Gyroscope,-0.17470746,-0.012217305,0.16065755,1566947860522
7333,226,Accelerometer,-7.9463553,-1.6316483999999998,5.437232,1566947860523
7334,226,Gyroscope,-0.17165314,-0.0036651915999999997,0.16004670000000001,1566947860532
7335,226,Accelerometer,-8.046911999999999,-1.5873556999999998,5.553351,1566947860533
7336,226,Gyroscope,-0.16920967,-0.0036651915999999997,0.15393804,1566947860543
7337,226,Accelerometer,-8.128314999999999,-1.6663644,5.529408999999999,1566947860543
7338,226,Gyroscope,-0.17531833,-0.01160644,0.15577064,1566947860552
7339,226,Accelerometer,-8.185775999999999,-1.8004397,5.433641000000001,1566947860553
7340,226,Gyroscope,-0.19486602,-0.020158553,0.16432275,1566947860562
7341,226,Accelerometer,-8.261192999999999,-1.9285294999999998,5.437232,1566947860563
7342,226,Gyroscope,-0.21380283,-0.029321532999999997,0.18081611,1566947860572
7343,226,Accelerometer,-8.2995,-2.0075380000000003,5.407305,1566947860573
7344,226,Gyroscope,-0.2302962,-0.057421334000000004,0.21013765,1566947860583
7345,226,Accelerometer,-8.280347,-1.9859903,5.3725886,1566947860583
7346,226,Gyroscope,-0.23701571,-0.07819075,0.22540927,1566947860592
7347,226,Accelerometer,-8.151060000000001,-1.8351556,5.377377,1566947860593
7348,226,Gyroscope,-0.25228736,-0.0842994,0.23396139,1566947860602
7349,226,Accelerometer,-7.973889,-1.6184803,5.3558292000000005,1566947860603
7350,226,Gyroscope,-0.26633725,-0.08307768,0.23640485,1566947860612
7351,226,Accelerometer,-7.8158712,-1.3982137,5.4851160000000005,1566947860613
7352,226,Gyroscope,-0.27916542,-0.07819075,0.24129178,1566947860622
7353,226,Accelerometer,-7.6794020000000005,-1.1887212,5.6347537,1566947860623
7354,226,Gyroscope,-0.29321529999999996,-0.0720821,0.24862215,1566947860633
7355,226,Accelerometer,-7.606379,-1.0546459,5.7065797,1566947860633
7356,226,Gyroscope,-0.3036,-0.06963864,0.2443461,1566947860642
7357,226,Accelerometer,-7.597999000000001,-0.9504981,5.748478400000001,1566947860643
7358,226,Gyroscope,-0.31887165,-0.06291912,0.23762658,1566947860652
7359,226,Accelerometer,-7.639898,-0.8882488000000002,5.771223,1566947860653
7360,226,Gyroscope,-0.3359759,-0.055588737,0.22785273,1566947860662
7361,226,Accelerometer,-7.708132300000001,-0.8535328999999999,5.7700260000000005,1566947860663
7362,226,Gyroscope,-0.36285394,-0.054367005999999996,0.22235495,1566947860672
7363,226,Accelerometer,-7.796717599999999,-0.8762778,5.66947,1566947860673
7364,226,Gyroscope,-0.38789943,-0.06841691,0.21807889999999996,1566947860682
7365,226,Accelerometer,-7.8888945999999995,-0.91338795,5.5461683,1566947860683
7366,226,Gyroscope,-0.4111123,-0.07574729,0.21624629,1566947860692
7367,226,Accelerometer,-7.973889,-0.9516952,5.511451999999999,1566947860693
7368,226,Gyroscope,-0.43066000000000004,-0.05681047,0.21380283,1566947860702
7369,226,Accelerometer,-7.9714947,-1.0498575,5.57849,1566947860703
7370,226,Gyroscope,-0.43860126,-0.05131268,0.22113322,1566947860712
7371,226,Accelerometer,-8.008605000000001,-1.2485761999999998,5.5964465,1566947860713
7372,226,Gyroscope,-0.45081854,-0.05375614,0.23335053,1566947860723
7373,226,Accelerometer,-8.048109,-1.5179238000000002,5.5018754,1566947860723
7374,226,Gyroscope,-0.45631635,-0.077579886,0.25961772,1566947860732
7375,226,Accelerometer,-8.1163435,-1.7250223000000002,5.353435,1566947860733
7376,226,Gyroscope,-0.46609017,-0.09896017,0.2883284,1566947860742
7377,226,Accelerometer,-8.110358,-1.8435352999999999,5.249287000000001,1566947860743
7378,226,Gyroscope,-0.47036624,-0.124005646,0.31337386,1566947860752
7379,226,Accelerometer,-8.171411,-1.8112136000000003,5.2636523,1566947860753
7380,226,Gyroscope,-0.47769663,-0.13561209,0.3268129,1566947860762
7381,226,Accelerometer,-8.201338,-1.6867151000000002,5.2995653,1566947860763
7382,226,Gyroscope,-0.49480084,-0.13927728,0.3390302,1566947860773
7383,226,Accelerometer,-8.1343,-1.484405,5.1690817000000004,1566947860773
7384,226,Gyroscope,-0.5222898,-0.13988814,0.34697145,1566947860782
7385,226,Accelerometer,-8.128314999999999,-1.4676456,5.087678400000001,1566947860783
7386,226,Gyroscope,-0.5546656,-0.15760323,0.35002577,1566947860792
7387,226,Accelerometer,-8.008605000000001,-1.5538370000000001,4.999093,1566947860793
7388,226,Gyroscope,-0.58093286,-0.17654006,0.35979962,1566947860802
7389,226,Accelerometer,-7.855376,-1.6448165000000001,4.936844000000001,1566947860803
7390,226,Gyroscope,-0.6102544,-0.20830505,0.38484509999999994,1566947860813
7391,226,Accelerometer,-7.7440453,-1.62686,4.9679685,1566947860813
7392,226,Gyroscope,-0.61208695,-0.22418754,0.39400807,1566947860822
7393,226,Accelerometer,-7.6111674,-1.6124948000000001,5.067328,1566947860823
7394,226,Gyroscope,-0.61269784,-0.22418754,0.40072759999999996,1566947860832
7395,226,Accelerometer,-7.644686,-1.6651672999999998,5.1343656,1566947860833
7396,226,Gyroscope,-0.61758476,-0.23823744,0.40256020000000003,1566947860842
7397,226,Accelerometer,-7.7428484,-1.8004397,5.246893,1566947860843
7398,226,Gyroscope,-0.6249151,-0.25778514,0.3903429,1566947860852
7399,226,Accelerometer,-7.967903,-1.9464860000000002,5.318719000000001,1566947860853
7400,226,Gyroscope,-0.63713247,-0.30298916,0.38545597,1566947860863
7401,226,Accelerometer,-8.175002000000001,-1.9871874,5.291186,1566947860863
7402,226,Gyroscope,-0.675617,-0.3268129,0.39767328,1566947860872
7403,226,Accelerometer,-8.10557,-1.9572599,5.1439424,1566947860873
7404,226,Gyroscope,-0.7189884,-0.34208453,0.42516220000000005,1566947860882
7405,226,Accelerometer,-7.8829093,-1.8567034,5.17387,1566947860883
7406,226,Gyroscope,-0.7348709,-0.33964106,0.43982297,1566947860892
7407,226,Accelerometer,-7.577648,-1.8016368000000003,5.418078400000001,1566947860893
7408,226,Gyroscope,-0.7257079000000001,-0.32192600000000005,0.43982297,1566947860902
7409,226,Accelerometer,-7.419631,-1.8435352999999999,5.5521536,1566947860903
7410,226,Gyroscope,-0.7165449,-0.31215215,0.44165558,1566947860912
7411,226,Accelerometer,-7.479486,-1.9093759,5.5030727,1566947860913
7412,226,Gyroscope,-0.7263188,-0.30848694,0.43737950000000003,1566947860922
7413,226,Accelerometer,-7.562086,-1.9979613,5.4671597,1566947860923
7414,226,Gyroscope,-0.7538077,-0.3115413,0.43066000000000004,1566947860933
7415,226,Accelerometer,-7.7727756999999995,-2.0805612,5.4563856,1566947860933
7416,226,Gyroscope,-0.7800749,-0.31764993,0.41294490000000006,1566947860942
7417,226,Accelerometer,-7.9104424,-2.1667526,5.459976999999999,1566947860943
7418,226,Gyroscope,-0.80756384,-0.32925636,0.40317106,1566947860952
7419,226,Accelerometer,-7.9104424,-2.3223755,5.334281400000001,1566947860953
7420,226,Gyroscope,-0.8222246,-0.33841935,0.39400807,1566947860962
7421,226,Accelerometer,-7.763199,-2.4983494,5.315128,1566947860963
7422,226,Gyroscope,-0.83016586,-0.34330627,0.38973203,1566947860973
7423,226,Accelerometer,-7.7440453,-2.6515784,5.41329,1566947860973
7424,226,Gyroscope,-0.8228354999999999,-0.3390302,0.37873647,1566947860982
7425,226,Accelerometer,-7.5345526,-2.7138276,5.474342299999999,1566947860983
7426,226,Gyroscope,-0.81000733,-0.34025195,0.3811799,1566947860992
7427,226,Accelerometer,-7.505822,-2.8191724,5.521029,1566947860993
7428,226,Gyroscope,-0.79534656,-0.34269542,0.3921755,1566947861002
7429,226,Accelerometer,-7.574057000000001,-3.0322563999999996,5.547365,1566947861003
7430,226,Gyroscope,-0.7806858,-0.34330627,0.40500367,1566947861012
7431,226,Accelerometer,-7.6255326,-3.2429460999999997,5.555745,1566947861013
7432,226,Gyroscope,-0.77396625,-0.33108896,0.42088616,1566947861023
7433,226,Accelerometer,-7.8888945999999995,-3.3782187000000006,5.530606,1566947861023
7434,226,Gyroscope,-0.7788531999999999,-0.29626966,0.43676865,1566947861032
7435,226,Accelerometer,-7.9990277,-3.4284968,5.595249,1566947861033
7436,226,Gyroscope,-0.7874053000000001,-0.2565634,0.47464229999999996,1566947861042
7437,226,Accelerometer,-8.145074000000001,-3.4284968,5.5605335,1566947861043
7438,226,Gyroscope,-0.8038987,-0.24617869,0.49602258,1566947861052
7439,226,Accelerometer,-8.12233,-3.4620156000000004,5.4408236,1566947861053
7440,226,Gyroscope,-0.82650065,-0.25961772,0.5149594,1566947861062
7441,226,Accelerometer,-7.8709383,-3.5434184,5.41329,1566947861063
7442,226,Gyroscope,-0.8338310999999999,-0.29443705,0.5308419,1566947861072
7443,226,Accelerometer,-7.8326306,-3.513491,5.4695540000000005,1566947861073
7444,226,Gyroscope,-0.8295549999999999,-0.3115413,0.5296202,1566947861082
7445,226,Accelerometer,-7.6650367,-3.2321722999999998,5.687426,1566947861083
7446,226,Gyroscope,-0.8142834,-0.31703907,0.5357288,1566947861092
7447,226,Accelerometer,-7.5094137000000005,-2.9831752999999996,6.0250087,1566947861093
7448,226,Gyroscope,-0.8008443000000001,-0.30421090000000006,0.5412266,1566947861102
7449,226,Accelerometer,-7.4256167,-2.8933928,6.1926026,1566947861103
7450,226,Gyroscope,-0.8014551999999999,-0.27550024,0.5503895999999999,1566947861113
7451,226,Accelerometer,-7.3490020000000005,-2.8933928,6.2608375999999994,1566947861113
7452,226,Gyroscope,-0.816116,-0.23579398,0.5699373000000001,1566947861122
7453,226,Accelerometer,-7.2065472999999995,-2.8119897999999997,6.290765,1566947861123
7454,226,Gyroscope,-0.8368853999999999,-0.1881465,0.5992588000000001,1566947861132
7455,226,Accelerometer,-7.0952168,-2.7665,6.3063273,1566947861133
7456,226,Gyroscope,-0.84788096,-0.14294247,0.6291912,1566947861142
7457,226,Accelerometer,-7.049727000000001,-2.7449522,6.254852,1566947861143
7458,226,Gyroscope,-0.84665924,-0.1020145,0.65484756,1566947861152
7459,226,Accelerometer,-7.041347,-2.7246015,6.184223,1566947861153
7460,226,Gyroscope,-0.84238315,-0.07574729,0.6780604,1566947861163
7461,226,Accelerometer,-7.110779300000001,-2.7246015,6.003461,1566947861163
7462,226,Gyroscope,-0.84116143,-0.06352998,0.68966687,1566947861172
7463,226,Accelerometer,-7.091625,-2.7545290000000002,5.8574142,1566947861173
7464,226,Gyroscope,-0.8368853999999999,-0.06352998,0.68966687,1566947861182
7465,226,Accelerometer,-7.1634517,-2.7724855,5.750872599999999,1566947861183
7466,226,Gyroscope,-0.84788096,-0.07391469,0.68783426,1566947861192
7467,226,Accelerometer,-7.28795,-2.7329812,5.5545480000000005,1566947861193
7468,226,Gyroscope,-0.8491027,-0.07880162,0.6835581999999999,1566947861202
7469,226,Accelerometer,-7.2807674,-2.6898855999999998,5.4551888,1566947861203
7470,226,Gyroscope,-0.8313876,-0.092240654,0.66889745,1566947861213
7471,226,Accelerometer,-7.2807674,-2.8000187999999997,5.5641245999999995,1566947861213
7472,226,Gyroscope,-0.8002335,-0.10995574,0.65484756,1566947861222
7473,226,Accelerometer,-7.420828299999999,-2.9724014,5.6802435,1566947861223
7474,226,Gyroscope,-0.7800749,-0.111177474,0.64751714,1566947861232
7475,226,Accelerometer,-7.499836999999999,-3.2010477,5.6108117,1566947861233
7476,226,Gyroscope,-0.77213365,-0.11789699,0.64568454,1566947861242
7477,226,Accelerometer,-7.4723034,-3.2345665,5.535394,1566947861243
7478,226,Gyroscope,-0.77579886,-0.13744467,0.6414085,1566947861253
7479,226,Accelerometer,-7.3777327999999995,-3.2728736,5.513846400000001,1566947861253
7480,226,Gyroscope,-0.7806858,-0.15515977,0.63285637,1566947861262
7481,226,Accelerometer,-7.249642999999999,-3.193865,5.665878299999999,1566947861263
7482,226,Gyroscope,-0.7641924,-0.14782938,0.6151413,1566947861272
7483,226,Accelerometer,-7.0880339999999995,-3.2477345,5.792771,1566947861273
7484,226,Gyroscope,-0.74281216,-0.13316862,0.59986967,1566947861282
7485,226,Accelerometer,-7.1287354999999994,-3.3339260000000004,5.8262897,1566947861283
7486,226,Gyroscope,-0.729984,-0.13072516,0.58276546,1566947861292
7487,226,Accelerometer,-7.169436999999999,-3.441665,5.7664347000000005,1566947861293
7488,226,Gyroscope,-0.7189884,-0.12339478,0.5717699,1566947861303
7489,226,Accelerometer,-7.133524,-3.5637693,5.730521700000001,1566947861303
7490,226,Gyroscope,-0.70371675,-0.11911872,0.5687156,1566947861312
7491,226,Accelerometer,-7.120356,-3.6367924,5.671864,1566947861313
7492,226,Gyroscope,-0.6927211999999999,-0.12889257,0.56688297,1566947861322
7493,226,Accelerometer,-6.9958572,-3.7038300000000004,5.483919,1566947861323
7494,226,Gyroscope,-0.68600166,-0.12950343,0.54611355,1566947861332
7495,226,Accelerometer,-6.8091097000000005,-3.8690300000000004,5.459976999999999,1566947861333
7496,226,Gyroscope,-0.6603453,-0.14355333,0.5345071,1566947861342
7497,226,Accelerometer,-6.849811,-3.9683892999999997,5.4025164000000006,1566947861343
7498,226,Gyroscope,-0.6224717,-0.1881465,0.5204572000000001,1566947861353
7499,226,Accelerometer,-6.989872,-4.012682,5.3079453,1566947861353
7500,226,Gyroscope,-0.5882632,-0.25473082,0.52656585,1566947861362
7501,226,Accelerometer,-7.035361999999999,-3.8139634,5.279215,1566947861363
7502,226,Gyroscope,-0.5516113,-0.34697145,0.56138515,1566947861372
7503,226,Accelerometer,-7.2484455,-3.3518825,5.3259015,1566947861373
7504,226,Gyroscope,-0.5296202,-0.44409904,0.61269784,1566947861382
7505,226,Accelerometer,-7.121553,-2.789245,5.4623713,1566947861383
7506,226,Gyroscope,-0.516792,-0.52534413,0.6469063,1566947861392
7507,226,Accelerometer,-6.932411,-2.3738509999999997,5.748478400000001,1566947861393
7508,226,Gyroscope,-0.51251596,-0.5558874,0.67073005,1566947861402
7509,226,Accelerometer,-6.811503999999999,-1.8818424999999999,6.242881,1566947861403
7510,226,Gyroscope,-0.52473325,-0.5235115,0.68416905,1566947861412
7511,226,Accelerometer,-6.701370699999999,-1.4640543,6.5828576000000005,1566947861413
7512,226,Gyroscope,-0.5699373000000001,-0.44348818,0.6835581999999999,1566947861422
7513,226,Accelerometer,-6.619967999999999,-1.2497733,6.697779,1566947861423
7514,226,Gyroscope,-0.63591075,-0.34941490000000003,0.6835581999999999,1566947861433
7515,226,Accelerometer,-6.576872,-1.1839328000000002,6.918046,1566947861433
7516,226,Gyroscope,-0.68477994,-0.25350907,0.6872234,1566947861442
7517,226,Accelerometer,-6.5002575,-1.2234371000000002,7.0545154000000005,1566947861443
7518,226,Gyroscope,-0.6994406999999999,-0.17654006,0.6945538,1566947861452
7519,226,Accelerometer,-6.5265937,-1.2653356000000002,7.073669000000001,1566947861453
7520,226,Gyroscope,-0.6914994999999999,-0.11362094,0.70066243,1566947861462
7521,226,Accelerometer,-6.728903999999999,-1.353921,6.8210807,1566947861463
7522,226,Gyroscope,-0.6945538,-0.059253927000000005,0.68966687,1566947861472
7523,226,Accelerometer,-7.162254300000001,-1.400608,6.378153299999999,1566947861473
7524,226,Gyroscope,-0.70371675,-0.03176499,0.66156703,1566947861482
7525,226,Accelerometer,-7.5321584,-1.4377182,6.087258,1566947861483
7526,226,Gyroscope,-0.72204274,-0.02443461,0.6365215999999999,1566947861493
7527,226,Accelerometer,-8.050502999999999,-1.3946223999999998,5.90889,1566947861493
7528,226,Gyroscope,-0.7812967,-0.037873644,0.6377433000000001,1566947861502
7529,226,Accelerometer,-8.3629465,-1.376666,5.750872599999999,1566947861503
7530,226,Gyroscope,-0.8197812,-0.05131268,0.65668017,1566947861512
7531,226,Accelerometer,-8.395268,-1.4341268999999999,5.6670755999999995,1566947861513
7532,226,Gyroscope,-0.8503244000000001,-0.051923547,0.68294734,1566947861522
7533,226,Accelerometer,-8.252813,-1.5693992,5.623979599999999,1566947861523
7534,226,Gyroscope,-0.86620694,-0.06536258,0.711658,1566947861532
7535,226,Accelerometer,-8.1163435,-1.7262194,5.4982843,1566947861533
7536,226,Gyroscope,-0.8772025,-0.07941248,0.73548174,1566947861543
7537,226,Accelerometer,-7.926005,-1.9225439999999998,5.3019595,1566947861543
7538,226,Gyroscope,-0.8918633,-0.09285152,0.7495316,1566947861552
7539,226,Accelerometer,-7.738060000000001,-1.9656396,5.1666875,1566947861553
7540,226,Gyroscope,-0.8979719,-0.112399206,0.75441855,1566947861562
7541,226,Accelerometer,-7.612364299999999,-2.0123265,5.0864816,1566947861563
7542,226,Gyroscope,-0.8949176,-0.14172074,0.7458665,1566947861572
7543,226,Accelerometer,-7.544129400000001,-1.9812019,5.066130599999999,1566947861573
7544,226,Gyroscope,-0.8875871999999999,-0.1685988,0.7287621999999999,1566947861582
7545,226,Accelerometer,-7.5584945999999995,-1.9201498,5.0374002,1566947861583
7546,226,Gyroscope,-0.893085,-0.18997909,0.70371675,1566947861592
7547,226,Accelerometer,-7.5884222999999995,-1.8267759,4.9200845,1566947861593
7548,226,Gyroscope,-0.8900306999999998,-0.20525073,0.6768387,1566947861603
7549,226,Accelerometer,-7.6578539999999995,-1.7405846,5.064934,1566947861603
7550,226,Gyroscope,-0.8772025,-0.22174409,0.65484756,1566947861612
7551,226,Accelerometer,-7.727286,-1.7621324,5.345055,1566947861613
7552,226,Gyroscope,-0.87109387,-0.25228736,0.64996064,1566947861622
7553,226,Accelerometer,-7.973889,-1.8806453999999997,5.410896,1566947861623
7554,226,Gyroscope,-0.88514376,-0.2773328,0.65057147,1566947861632
7555,226,Accelerometer,-8.062474,-2.0015526,5.4683566,1566947861633
7556,226,Gyroscope,-0.8888089,-0.27855456,0.6603453,1566947861642
7557,226,Accelerometer,-8.158242,-2.0841526999999997,5.4982843,1566947861643
7558,226,Gyroscope,-0.8881981,-0.2742785,0.67073005,1566947861653
7559,226,Accelerometer,-8.115147,-2.183512,5.519832,1566947861653
7560,226,Gyroscope,-0.8863655,-0.27550024,0.6713409,1566947861662
7561,226,Accelerometer,-8.025364,-2.3355439,5.3833623,1566947861663
7562,226,Gyroscope,-0.87964594,-0.28588495,0.64568454,1566947861672
7563,226,Accelerometer,-7.884106,-2.4839842,5.3582234,1566947861673
7564,226,Gyroscope,-0.8753699,-0.29382620000000004,0.61208695,1566947861682
7565,226,Accelerometer,-7.836222,-2.585738,5.319916200000001,1566947861683
7566,226,Gyroscope,-0.88147855,-0.29626966,0.5870415,1566947861692
7567,226,Accelerometer,-7.6710224,-2.4372973,5.2444987,1566947861693
7568,226,Gyroscope,-0.8888089,-0.29016098,0.57604593,1566947861702
7569,226,Accelerometer,-7.642291999999999,-2.5222914,5.142745,1566947861703
7570,226,Gyroscope,-0.883922,-0.30543262,0.5546656,1566947861712
7571,226,Accelerometer,-7.702147,-2.6503813,4.9823337,1566947861713
7572,226,Gyroscope,-0.8772025,-0.35430184,0.5161811,1566947861722
7573,226,Accelerometer,-7.9391727,-2.718616,5.009867,1566947861723
7574,226,Gyroscope,-0.8509353000000001,-0.43860126,0.47464229999999996,1566947861732
7575,226,Accelerometer,-8.123527000000001,-2.7485435000000003,5.199008999999999,1566947861733
7576,226,Gyroscope,-0.82833326,-0.45814893,0.47708577,1566947861742
7577,226,Accelerometer,-8.416816,-2.8431146000000003,5.2277393,1566947861743
7578,226,Gyroscope,-0.82894415,-0.45020768,0.50335294,1566947861752
7579,226,Accelerometer,-8.631097,-2.9604304,5.183447,1566947861753
7580,226,Gyroscope,-0.86193085,-0.45570546,0.53878313,1566947861763
7581,226,Accelerometer,-8.714894000000001,-3.0609868,5.3366755999999995,1566947861763
7582,226,Gyroscope,-0.9053023000000001,-0.47158796,0.5705481,1566947861772
7583,226,Accelerometer,-8.65863,-3.1172507,5.6431336,1566947861773
7584,226,Gyroscope,-0.94989544,-0.47769663,0.6059783000000001,1566947861782
7585,226,Accelerometer,-8.333019,-3.0909145000000002,5.971139,1566947861783
7586,226,Gyroscope,-0.98837996,-0.4465425,0.63529986,1566947861792
7587,226,Accelerometer,-7.892486,-2.954445,6.3087215,1566947861793
7588,226,Gyroscope,-1.0189233,-0.37812558,0.6713409,1566947861802
7589,226,Accelerometer,-7.393294999999999,-2.7940332999999997,6.558915600000001,1566947861803
7590,226,Gyroscope,-1.0317514,-0.3145956,0.6994406999999999,1566947861813
7591,226,Accelerometer,-6.8761472999999995,-2.7485435000000003,6.6870055,1566947861813
7592,226,Gyroscope,-1.0390818000000002,-0.267559,0.7171558000000001,1566947861822
7593,226,Accelerometer,-6.5349736,-2.6515784,6.646304,1566947861823
7594,226,Gyroscope,-1.0366384,-0.22540927,0.7293731,1566947861832
7595,226,Accelerometer,-6.245275,-2.528277,6.671442999999999,1566947861833
7596,226,Gyroscope,-1.0183123,-0.19303341,0.7415904000000001,1566947861842
7597,226,Accelerometer,-6.203377,-2.5318682,6.719327000000001,1566947861843
7598,226,Gyroscope,-1.0024298,-0.15393804,0.7556403,1566947861852
7599,226,Accelerometer,-6.373365,-2.5797524,6.619967999999999,1566947861853
7600,226,Gyroscope,-0.9969321,-0.10445796,0.7806858,1566947861862
7601,226,Accelerometer,-6.4583592,-2.566584,6.472724400000001,1566947861863
7602,226,Gyroscope,-0.9877690999999998,-0.04276056599999999,0.7965683000000001,1566947861872
7603,226,Accelerometer,-6.543353,-2.5929205,6.3925184999999995,1566947861873
7604,226,Gyroscope,-0.9669996999999999,-0.0061086523,0.8038987,1566947861882
7605,226,Accelerometer,-6.8809357,-2.6539726000000003,6.1519012,1566947861883
7606,226,Gyroscope,-0.9456194,-0.00061086525,0.8051204000000001,1566947861892
7607,226,Accelerometer,-7.141903999999999,-2.6048915,5.7616463,1566947861893
7608,226,Gyroscope,-0.93584555,-0.014660766,0.79412484,1566947861902
7609,226,Accelerometer,-7.2388687,-2.658761,5.5605335,1566947861903
7610,226,Gyroscope,-0.9138544,-0.03848451,0.77518797,1566947861912
7611,226,Accelerometer,-7.314286,-2.8263552000000005,5.6299653,1566947861913
7612,226,Gyroscope,-0.88697636,-0.069027774,0.7495316,1566947861922
7613,226,Accelerometer,-7.6470804,-3.0346506,5.6299653,1566947861923
7614,226,Gyroscope,-0.8863655,-0.084910266,0.7318166,1566947861932
7615,226,Accelerometer,-7.6578539999999995,-3.003526,5.507861,1566947861933
7616,226,Gyroscope,-0.90285885,-0.08979719,0.72509706,1566947861942
7617,226,Accelerometer,-7.529764,-2.9831752999999996,5.4803276,1566947861943
7618,226,Gyroscope,-0.90408057,-0.10018189999999999,0.72021013,1566947861952
7619,226,Accelerometer,-7.4232225000000005,-3.1878796,5.5162406,1566947861953
7620,226,Gyroscope,-0.88086766,-0.14905111,0.71837753,1566947861962
7621,226,Accelerometer,-7.3609734,-3.4823663000000002,5.623979599999999,1566947861963
7622,226,Gyroscope,-0.8393288000000001,-0.17837265,0.72387534,1566947861972
7623,226,Accelerometer,-7.451953,-3.5302502999999996,5.621585400000001,1566947861973
7624,226,Gyroscope,-0.8344419,-0.17715092,0.7281514,1566947861982
7625,226,Accelerometer,-7.369353,-3.2501287,5.54138,1566947861983
7626,226,Gyroscope,-0.82894415,-0.16065755,0.72204274,1566947861992
7627,226,Accelerometer,-7.2484455,-3.0514099999999997,5.588066599999999,1566947861993
7628,226,Gyroscope,-0.81000733,-0.16004670000000001,0.70616025,1566947862003
7629,226,Accelerometer,-7.2364745,-3.0873232,5.711368,1566947862003
7630,226,Gyroscope,-0.79534656,-0.16187929,0.675617,1566947862012
7631,226,Accelerometer,-7.240066000000001,-3.1028854999999997,5.78918,1566947862013
7632,226,Gyroscope,-0.7965683000000001,-0.15088372,0.6395759,1566947862022
7633,226,Accelerometer,-7.219714999999999,-3.0765493,5.7939680000000005,1566947862023
7634,226,Gyroscope,-0.79717916,-0.11301007,0.60903263,1566947862032
7635,226,Accelerometer,-7.1407065,-3.1531637000000003,5.7808,1566947862033
7636,226,Gyroscope,-0.8026769,-0.084910266,0.59681535,1566947862042
7637,226,Accelerometer,-7.311891999999999,-3.2357635,5.8215012999999995,1566947862043
7638,226,Gyroscope,-0.79717916,-0.095294975,0.5748241999999999,1566947862052
7639,226,Accelerometer,-7.4028716,-3.4081461,5.9029045,1566947862053
7640,226,Gyroscope,-0.7733554,-0.12217305,0.56016344,1566947862063
7641,226,Accelerometer,-7.4112515,-3.6128504,6.005855,1566947862063
7642,226,Gyroscope,-0.7556403,-0.14782938,0.5742133,1566947862072
7643,226,Accelerometer,-7.520187400000001,-3.5553896000000003,5.913678,1566947862073
7644,226,Gyroscope,-0.7538077,-0.16004670000000001,0.59131753,1566947862082
7645,226,Accelerometer,-7.571663,-3.4284968,5.697003,1566947862083
7646,226,Gyroscope,-0.74464476,-0.16554448,0.61269784,1566947862092
7647,226,Accelerometer,-7.5704656,-3.2190042,5.54138,1566947862093
7648,226,Gyroscope,-0.72082096,-0.17165314,0.6432411,1566947862102
7649,226,Accelerometer,-7.249642999999999,-2.8323407000000005,5.6563015,1566947862103
7650,226,Gyroscope,-0.68661255,-0.21624629,0.6933321,1566947862112
7651,226,Accelerometer,-7.4639240000000004,-2.8060042999999997,5.595249,1566947862113
7652,226,Gyroscope,-0.689056,-0.26145032,0.72326446,1566947862122
7653,226,Accelerometer,-7.615956,-2.5953147,5.3282957,1566947862123
7654,226,Gyroscope,-0.7086037,-0.28099802,0.7489208,1566947862132
7655,226,Accelerometer,-7.429208,-2.2840683,5.222951,1566947862133
7656,226,Gyroscope,-0.7147123000000001,-0.31581733,0.7788531999999999,1566947862142
7657,226,Accelerometer,-7.3083005000000005,-2.1535845,5.2049947,1566947862143
7658,226,Gyroscope,-0.6963864000000001,-0.3933972,0.7874053000000001,1566947862152
7659,226,Accelerometer,-7.131129700000001,-2.0027497,5.7939680000000005,1566947862153
7660,226,Gyroscope,-0.65179324,-0.47586402,0.75869465,1566947862163
7661,226,Accelerometer,-6.707356,-1.6364368,6.2620344,1566947862163
7662,226,Gyroscope,-0.6072,-0.46792278,0.6957755,1566947862172
7663,226,Accelerometer,-6.7217210000000005,-1.2473791,6.495469,1566947862173
7664,226,Gyroscope,-0.6017023,-0.37934732,0.62796944,1566947862182
7665,226,Accelerometer,-6.837839999999999,-1.0354922,6.51582,1566947862183
7666,226,Gyroscope,-0.65301496,-0.26511553,0.5338961999999999,1566947862192
7667,226,Accelerometer,-7.207744,-1.0342950999999998,6.4487824,1566947862193
7668,226,Gyroscope,-0.76052725,-0.15943582,0.5045747,1566947862202
7669,226,Accelerometer,-7.539341,-1.2042834999999998,6.654683599999999,1566947862203
7670,226,Gyroscope,-0.8002335,-0.10079276599999999,0.50823987,1566947862212
7671,226,Accelerometer,-7.860164,-1.4185646,6.671442999999999,1566947862213
7672,226,Gyroscope,-0.8313876,-0.070249505,0.5369505,1566947862223
7673,226,Accelerometer,-8.051701,-1.6053122,6.5852520000000005,1566947862223
7674,226,Gyroscope,-0.84482664,-0.0580322,0.5821546,1566947862232
7675,226,Accelerometer,-8.012196000000001,-1.8183962,6.543353,1566947862233
7676,226,Gyroscope,-0.8491027,-0.032375857,0.62980205,1566947862242
7677,226,Accelerometer,-7.931989999999999,-1.9812019,6.301539,1566947862243
7678,226,Gyroscope,-0.8546004999999999,-0.017104227,0.68783426,1566947862252
7679,226,Accelerometer,-7.8158712,-2.0147207,5.996278299999999,1566947862253
7680,226,Gyroscope,-0.86254174,0.005497787,0.7318166,1566947862262
7681,226,Accelerometer,-7.682993400000001,-1.9333179,5.7999535,1566947862263
7682,226,Gyroscope,-0.8680395000000001,0.02565634,0.7672467,1566947862272
7683,226,Accelerometer,-7.524976,-1.7501613999999999,5.626374,1566947862273
7684,226,Gyroscope,-0.86926126,0.021380282999999996,0.7886270000000001,1566947862283
7685,226,Accelerometer,-7.592013400000001,-1.5251063999999999,5.3761797,1566947862283
7686,226,Gyroscope,-0.88086766,0.002443461,0.79534656,1566947862292
7687,226,Accelerometer,-7.568071400000001,-1.3036428999999998,5.1475334,1566947862293
7688,226,Gyroscope,-0.8961393,-0.0067195175,0.7867944,1566947862302
7689,226,Accelerometer,-7.5525093,-1.1180921999999998,4.900931,1566947862303
7690,226,Gyroscope,-0.9193522,0.002443461,0.7623598,1566947862312
7691,226,Accelerometer,-7.6482773,-0.9900024,4.8518495999999995,1566947862313
7692,226,Gyroscope,-0.93218035,-0.0012217305,0.73792523,1566947862322
7693,226,Accelerometer,-7.9391727,-0.9660603999999999,4.802768700000001,1566947862323
7694,226,Gyroscope,-0.9401216,-0.02687807,0.7110472,1566947862332
7695,226,Accelerometer,-8.194156,-1.1719618,4.701015,1566947862333
7696,226,Gyroscope,-0.9505063,-0.073303826,0.6750060999999999,1566947862343
7697,226,Accelerometer,-8.254010000000001,-1.5454572,4.6363715999999995,1566947862343
7698,226,Gyroscope,-0.9505063,-0.1337795,0.6450737,1566947862352
7699,226,Accelerometer,-8.431181,-1.9273324,4.6136265,1566947862353
7700,226,Gyroscope,-0.9474520000000001,-0.18692477,0.6438520000000001,1566947862362
7701,226,Accelerometer,-8.552089,-2.1763293999999997,4.6710877,1566947862363
7702,226,Gyroscope,-0.9431759,-0.23762658,0.66889745,1566947862372
7703,226,Accelerometer,-8.572439,-2.328361,4.689044,1566947862373
7704,226,Gyroscope,-0.93951076,-0.26572640000000003,0.6908886,1566947862382
7705,226,Accelerometer,-8.365341,-2.280477,4.721366000000001,1566947862383
7706,226,Gyroscope,-0.93462384,-0.28710666,0.7104363,1566947862392
7707,226,Accelerometer,-8.177396,-2.0530279,4.88896,1566947862393
7708,226,Gyroscope,-0.93584555,-0.3023783,0.7312057,1566947862402
7709,226,Accelerometer,-8.11395,-1.8387468999999996,4.894945,1566947862403
7710,226,Gyroscope,-0.95172805,-0.33841935,0.73731434,1566947862412
7711,226,Accelerometer,-7.994239299999999,-1.685518,4.8817773,1566947862413
7712,226,Gyroscope,-0.9663888,-0.41538838,0.70432764,1566947862422
7713,226,Accelerometer,-7.9762830000000005,-1.6603789,4.8626237,1566947862423
7714,226,Gyroscope,-0.97433007,-0.48258355,0.66950834,1566947862432
7715,226,Accelerometer,-7.9427642999999994,-1.6136919,4.939238,1566947862433
7716,226,Gyroscope,-1.0012082,-0.5235115,0.6420194,1566947862442
7717,226,Accelerometer,-7.789535000000001,-1.5945383,4.9069166,1566947862443
7718,226,Gyroscope,-1.0244209999999998,-0.5375614000000001,0.62796944,1566947862452
7719,226,Accelerometer,-7.466317999999999,-1.5861586,4.9081135,1566947862453
7720,226,Gyroscope,-1.0305296,-0.52656585,0.60048056,1566947862462
7721,226,Accelerometer,-7.2460512999999995,-1.7681179,5.073313,1566947862463
7722,226,Gyroscope,-1.0195341,-0.5369505,0.5656611999999999,1566947862472
7723,226,Accelerometer,-7.2807674,-1.9847932000000001,5.255273000000001,1566947862473
7724,226,Gyroscope,-1.0103711,-0.548557,0.535118,1566947862483
7725,226,Accelerometer,-7.2640080000000005,-2.219425,5.437232,1566947862483
7726,226,Gyroscope,-0.9950995,-0.52656585,0.5161811,1566947862492
7727,226,Accelerometer,-7.3106947,-2.4193408,5.7005944,1566947862493
7728,226,Gyroscope,-0.9816604,-0.47769663,0.50518554,1566947862502
7729,226,Accelerometer,-7.568071400000001,-2.7724855,5.783194,1566947862503
7730,226,Gyroscope,-0.9841039,-0.42821655,0.51251596,1566947862512
7731,226,Accelerometer,-8.046911999999999,-3.169923,5.6431336,1566947862513
7732,226,Gyroscope,-0.9969321,-0.37690386,0.5338961999999999,1566947862522
7733,226,Accelerometer,-8.358158,-3.4404678,5.671864,1566947862523
7734,226,Gyroscope,-0.9779953000000001,-0.36896262,0.57604593,1566947862532
7735,226,Accelerometer,-8.810661999999999,-3.846285,5.7879825,1566947862539
7736,226,Gyroscope,-0.96577793,-0.39645153,0.61575216,1566947862543
7737,226,Gyroscope,-0.9975429,-0.41783184,0.68477994,1566947862552
7738,226,Accelerometer,-8.854955,-3.5721489999999996,5.488707499999999,1566947862553
7739,226,Gyroscope,-1.0403035,-0.40378192,0.77457714,1566947862562
7740,226,Accelerometer,-8.286332000000002,-3.1304187999999997,5.5701103,1566947862563
7741,226,Gyroscope,-1.0384709,-0.39767328,0.84788096,1566947862572
7742,226,Accelerometer,-7.850587400000001,-3.052607,5.910087,1566947862573
7743,226,Gyroscope,-1.0421360999999998,-0.36163223,0.8875871999999999,1566947862582
7744,226,Accelerometer,-7.393294999999999,-3.1112652,6.105214,1566947862583
7745,226,Gyroscope,-1.0604621,-0.3023783,0.91813046,1566947862592
7746,226,Accelerometer,-6.970718400000001,-3.0490158,6.277597,1566947862593
7747,226,Gyroscope,-1.0818423000000001,-0.2321288,0.9468411,1566947862603
7748,226,Accelerometer,-6.7205243,-2.8383262000000005,6.3829417,1566947862603
7749,226,Gyroscope,-1.0855075,-0.16554448,0.9651671000000001,1566947862612
7750,226,Accelerometer,-6.5852520000000005,-2.7353754,6.254852,1566947862613
7751,226,Gyroscope,-1.069625,-0.13255776,0.9560040999999999,1566947862622
7752,226,Accelerometer,-6.715736,-2.7724855,6.0453589999999995,1566947862623
7753,226,Gyroscope,-1.0574077,-0.10262536,0.93523467,1566947862632
7754,226,Accelerometer,-6.9288197,-2.7736826,5.8394580000000005,1566947862633
7755,226,Gyroscope,-1.0458013000000002,-0.06841691,0.9285152,1566947862642
7756,226,Accelerometer,-7.086836999999999,-2.7940332999999997,5.7999535,1566947862643
7757,226,Gyroscope,-1.0207558,-0.045814894,0.9089674999999999,1566947862652
7758,226,Accelerometer,-7.441178999999999,-2.8921957000000003,5.676652400000001,1566947862653
7759,226,Gyroscope,-0.9755518,-0.04886922,0.8912524,1566947862663
7760,226,Accelerometer,-7.547721000000001,-2.7976246,5.4563856,1566947862663
7761,226,Gyroscope,-0.96577793,-0.059864793,0.8729264000000001,1566947862672
7762,226,Accelerometer,-7.666233999999999,-2.705448,5.3007627,1566947862673
7763,226,Gyroscope,-0.9621128000000001,-0.07391469,0.8576548,1566947862682
7764,226,Accelerometer,-7.7153149999999995,-2.7880477999999997,5.444414599999999,1566947862683
7765,226,Gyroscope,-0.9474520000000001,-0.103847094,0.82650065,1566947862692
7766,226,Accelerometer,-7.9032598,-3.1902738,5.521029,1566947862693
7767,226,Gyroscope,-0.9486737,-0.1386664,0.8008443000000001,1566947862702
7768,226,Accelerometer,-8.115147,-3.2357635,5.269638,1566947862703
7769,226,Gyroscope,-0.99021256,-0.13622294,0.7996226,1566947862712
7770,226,Accelerometer,-7.912836599999999,-3.0921116,5.092467,1566947862713
7771,226,Gyroscope,-1.0079277,-0.13255776,0.7984009,1566947862723
7772,226,Accelerometer,-7.726089,-3.2585083999999997,5.233725,1566947862723
7773,226,Gyroscope,-0.979217,-0.16126843,0.7825184000000001,1566947862732
7774,226,Accelerometer,-7.6255326,-3.6032736000000005,5.3594203,1566947862733
7775,226,Gyroscope,-0.93034774,-0.21807889999999996,0.7538077,1566947862742
7776,226,Accelerometer,-7.524976,-3.6942532,5.4623713,1566947862743
7777,226,Gyroscope,-0.89552844,-0.24495697,0.7287621999999999,1566947862752
7778,226,Accelerometer,-7.492654300000001,-3.5865142,5.4791307,1566947862753
7779,226,Gyroscope,-0.8790351000000001,-0.23457226,0.7287621999999999,1566947862762
7780,226,Accelerometer,-7.419631,-3.4835634,5.507861,1566947862763
7781,226,Gyroscope,-0.8680395000000001,-0.21013765,0.7287621999999999,1566947862772
7782,226,Accelerometer,-7.357382,-3.5853171,5.5581393,1566947862773
7783,226,Gyroscope,-0.8668178,-0.20463985,0.7257079000000001,1566947862783
7784,226,Accelerometer,-7.438784599999999,-3.5338415999999997,5.4001220000000005,1566947862783
7785,226,Gyroscope,-0.86498517,-0.22724187,0.72692966,1566947862792
7786,226,Accelerometer,-7.097611,-3.527856,5.5748987,1566947862793
7787,226,Gyroscope,-0.820392,-0.23701571,0.71593404,1566947862802
7788,226,Accelerometer,-7.073669000000001,-3.6894648,5.886145,1566947862803
7789,226,Gyroscope,-0.784351,-0.25167647,0.68783426,1566947862812
7790,226,Accelerometer,-7.352593400000001,-3.5529952000000007,5.7903767,1566947862813
7791,226,Gyroscope,-0.8026769,-0.24617869,0.6743952,1566947862822
7792,226,Accelerometer,-7.1873937,-3.1028854999999997,5.6203885,1566947862823
7793,226,Gyroscope,-0.82527894,-0.20891592,0.6640105,1566947862833
7794,226,Accelerometer,-7.0066314,-2.8921957000000003,5.7963624000000005,1566947862833
7795,226,Gyroscope,-0.8191703,-0.18142697,0.63713247,1566947862842
7796,226,Accelerometer,-6.931214,-3.0202854,6.007052,1566947862843
7797,226,Gyroscope,-0.7996226,-0.17165314,0.5992588000000001,1566947862852
7798,226,Accelerometer,-7.0581064,-3.1196449,6.1303535,1566947862853
7799,226,Gyroscope,-0.79168135,-0.17654006,0.5644395000000001,1566947862862
7800,226,Accelerometer,-7.204153,-3.071761,6.100425700000001,1566947862863
7801,226,Gyroscope,-0.79229224,-0.14599679999999998,0.54183745,1566947862872
7802,226,Accelerometer,-7.2065472999999995,-3.0933087,5.9998693,1566947862873
7803,226,Gyroscope,-0.7849618,-0.09712757,0.5345071,1566947862882
7804,226,Accelerometer,-7.36217,-3.0992942,5.910087,1566947862883
7805,226,Gyroscope,-0.7654141999999999,-0.10018189999999999,0.51068336,1566947862893
7806,226,Accelerometer,-7.5034279999999995,-3.1986535,5.895722,1566947862893
7807,226,Gyroscope,-0.74220127,-0.10873401,0.49541172,1566947862902
7808,226,Accelerometer,-7.5273699999999995,-3.2369606,5.949591000000001,1566947862903
7809,226,Gyroscope,-0.7367035,-0.11056661,0.5021312,1566947862912
7810,226,Accelerometer,-7.7464395,-2.9903579,5.876568,1566947862913
7811,226,Gyroscope,-0.7464773,-0.099571034,0.5131268,1566947862922
7812,226,Accelerometer,-7.6351094,-2.8670566,5.6802435,1566947862923
7813,226,Gyroscope,-0.74281216,-0.12522738,0.5332854,1566947862932
7814,226,Accelerometer,-7.631517999999999,-2.6719291000000003,5.683835,1566947862933
7815,226,Gyroscope,-0.7147123000000001,-0.1826487,0.56016344,1566947862942
7816,226,Accelerometer,-7.6470804,-2.6192567,5.767632,1566947862943
7817,226,Gyroscope,-0.70005155,-0.2321288,0.5882632,1566947862952
7818,226,Accelerometer,-7.603985000000001,-2.5234885,5.807136,1566947862953
7819,226,Gyroscope,-0.6945538,-0.22968534,0.6200281999999999,1566947862962
7820,226,Accelerometer,-7.339425,-2.4157495,5.899312999999999,1566947862963
7821,226,Gyroscope,-0.6945538,-0.19242255,0.64568454,1566947862972
7822,226,Accelerometer,-7.0940194000000005,-2.4013843999999995,5.9268465,1566947862973
7823,226,Gyroscope,-0.6951646,-0.17715092,0.65301496,1566947862982
7824,226,Accelerometer,-7.026982,-2.4911668,5.920861,1566947862983
7825,226,Gyroscope,-0.6817255999999999,-0.16126843,0.64996064,1566947862992
7826,226,Accelerometer,-6.9252286,-2.5833437000000004,6.0381765,1566947862993
7827,226,Gyroscope,-0.66706485,-0.10873401,0.6401868000000001,1566947863002
7828,226,Accelerometer,-6.827066,-2.5091232999999997,6.1866174,1566947863003
7829,226,Gyroscope,-0.64751714,-0.037873644,0.62125,1566947863012
7830,226,Accelerometer,-6.813898,-2.4073699,6.1938,1566947863013
7831,226,Gyroscope,-0.6407976,0.015271631,0.6114761,1566947863022
7832,226,Accelerometer,-7.005433999999999,-2.2948422,6.063316,1566947863023
7833,226,Gyroscope,-0.64873886,0.03176499,0.6065891999999999,1566947863033
7834,226,Accelerometer,-7.165846000000001,-2.0841526999999997,5.8693852,1566947863033
7835,226,Gyroscope,-0.6450737,0.017104227,0.61758476,1566947863042
7836,226,Accelerometer,-7.2831616,-1.9165584999999998,5.876568,1566947863043
7837,226,Gyroscope,-0.63591075,-0.009162978,0.6377433000000001,1566947863052
7838,226,Accelerometer,-7.311891999999999,-1.7884687,5.8933277,1566947863053
7839,226,Gyroscope,-0.6365215999999999,-0.0421497,0.6560693,1566947863062
7840,226,Accelerometer,-7.2975270000000005,-1.7214310000000002,5.8681884,1566947863063
7841,226,Gyroscope,-0.6444628000000001,-0.06352998,0.6640105,1566947863072
7842,226,Accelerometer,-7.250839699999999,-1.6220716,5.9280434,1566947863073
7843,226,Gyroscope,-0.66156703,-0.06597344599999999,0.65668017,1566947863083
7844,226,Accelerometer,-7.4184339999999995,-1.5693992,5.957971,1566947863083
7845,226,Gyroscope,-0.68416905,-0.06597344599999999,0.6401868000000001,1566947863092
7846,226,Accelerometer,-7.5668745,-1.532289,5.9364233,1566947863093
7847,226,Gyroscope,-0.7171558000000001,-0.061086524,0.6169739000000001,1566947863102
7848,226,Accelerometer,-7.678205,-1.4867992,5.840655,1566947863103
7849,226,Gyroscope,-0.75502944,-0.043982297000000004,0.59803706,1566947863112
7850,226,Accelerometer,-7.8146744,-1.5155296,5.6922144999999995,1566947863113
7851,226,Gyroscope,-0.7812967,-0.039095376,0.589485,1566947863122
7852,226,Accelerometer,-7.9523410000000005,-1.5801731,5.5701103,1566947863123
7853,226,Gyroscope,-0.7825184000000001,-0.032986722999999996,0.57360244,1566947863132
7854,226,Accelerometer,-8.045714,-1.7010802999999999,5.49589,1566947863133
7855,226,Gyroscope,-0.77457714,-0.04520403,0.5681046999999999,1566947863143
7856,226,Accelerometer,-8.037335,-1.7824832,5.463568,1566947863143
7857,226,Gyroscope,-0.7703011,-0.04153884,0.5558874,1566947863152
7858,226,Accelerometer,-8.003817,-1.8794483,5.408501599999999,1566947863153
7859,226,Gyroscope,-0.7733554,-0.064751714,0.5552765000000001,1566947863162
7860,226,Accelerometer,-7.9571295,-1.9189526999999997,5.295974299999999,1566947863163
7861,226,Gyroscope,-0.7965683000000001,-0.10323623,0.5534439,1566947863172
7862,226,Accelerometer,-7.8302364,-1.8459294999999998,5.2037973,1566947863173
7863,226,Gyroscope,-0.8210029000000001,-0.1282817,0.5571090999999999,1566947863182
7864,226,Accelerometer,-7.539341,-1.685518,5.1259856,1566947863183
7865,226,Gyroscope,-0.8399397,-0.15515977,0.5558874,1566947863192
7866,226,Accelerometer,-7.357382,-1.5239093000000001,5.106832,1566947863193
7867,226,Gyroscope,-0.8558222,-0.17104226,0.5503895999999999,1566947863203
7868,226,Accelerometer,-7.114370299999999,-1.4281414,5.209783,1566947863203
7869,226,Gyroscope,-0.8533788,-0.19608775,0.5381723,1566947863212
7870,226,Accelerometer,-6.9671270000000005,-1.483208,5.149928,1566947863213
7871,226,Gyroscope,-0.84482664,-0.23518312,0.5186246,1566947863222
7872,226,Accelerometer,-7.001842999999999,-1.5334862,5.060145400000001,1566947863223
7873,226,Gyroscope,-0.8436049000000001,-0.27488935,0.4905248,1566947863232
7874,226,Accelerometer,-7.1431007,-1.5993267,5.068525,1566947863233
7875,226,Gyroscope,-0.8362745,-0.30604348,0.4569272,1566947863242
7876,226,Accelerometer,-7.357382,-1.6424223000000002,5.1355624,1566947863243
7877,226,Gyroscope,-0.8295549999999999,-0.31703907,0.4269948,1566947863252
7878,226,Accelerometer,-7.541735000000001,-1.7525556,5.177461,1566947863253
7879,226,Gyroscope,-0.82772243,-0.31337386,0.408058,1566947863263
7880,226,Accelerometer,-7.6494746,-2.0290859,5.1463366,1566947863263
7881,226,Gyroscope,-0.8210029000000001,-0.33536503,0.39522982,1566947863272
7882,226,Accelerometer,-7.750031,-2.3774424,5.145139,1566947863273
7883,226,Gyroscope,-0.8002335,-0.37568212,0.38606682,1566947863282
7884,226,Accelerometer,-7.892486,-2.6360161,5.185841,1566947863283
7885,226,Gyroscope,-0.77763146,-0.40622538,0.38484509999999994,1566947863292
7886,226,Accelerometer,-7.9882539999999995,-2.741361,5.189432,1566947863293
7887,226,Gyroscope,-0.75625116,-0.40317106,0.3915646,1566947863302
7888,226,Accelerometer,-8.100781,-2.8802247000000003,5.2397103,1566947863303
7889,226,Gyroscope,-0.74036866,-0.3915646,0.40500367,1566947863312
7890,226,Accelerometer,-8.352172999999999,-2.9963433999999998,5.2816089999999996,1566947863313
7891,226,Gyroscope,-0.74036866,-0.37384954,0.42088616,1566947863323
7892,226,Accelerometer,-8.431181,-3.0059202000000003,5.4168816,1566947863323
7893,226,Gyroscope,-0.743423,-0.37018433,0.43493605,1566947863332
7894,226,Accelerometer,-8.486248,-2.9879637000000003,5.676652400000001,1566947863333
7895,226,Gyroscope,-0.7476991,-0.40744713,0.44715336,1566947863342
7896,226,Accelerometer,-8.516175,-2.956839,5.910087,1566947863343
7897,226,Gyroscope,-0.7519751,-0.4111123,0.45570546,1566947863352
7898,226,Accelerometer,-8.446744,-2.9364884,6.2009826,1566947863353
7899,226,Gyroscope,-0.7629706999999999,-0.36835176,0.46975538,1566947863362
7900,226,Accelerometer,-8.282741,-2.8790276,6.4882865,1566947863363
7901,226,Gyroscope,-0.8167268,-0.30176744,0.49602258,1566947863372
7902,226,Accelerometer,-8.26239,-2.706645,6.345831400000001,1566947863373
7903,226,Gyroscope,-0.87964594,-0.22296582,0.54611355,1566947863383
7904,226,Accelerometer,-7.9463553,-2.4241292000000003,6.235698,1566947863383
7905,226,Gyroscope,-0.9126327,-0.1423316,0.5870415,1566947863392
7906,226,Accelerometer,-7.3885064,-2.445677,6.427234599999999,1566947863393
7907,226,Gyroscope,-0.9126327,-0.08979719,0.59803706,1566947863402
7908,226,Accelerometer,-7.1466923,-2.6994624,6.578069,1566947863403
7909,226,Gyroscope,-0.91813046,-0.040927973,0.59864795,1566947863412
7910,226,Accelerometer,-6.998251400000001,-2.7030537,6.479907,1566947863413
7911,226,Gyroscope,-0.90224797,0.018936822,0.602924,1566947863422
7912,226,Accelerometer,-6.7301009999999994,-2.681506,6.439205599999999,1566947863423
7913,226,Gyroscope,-0.86620694,0.07819075,0.60903263,1566947863432
7914,226,Accelerometer,-6.7911529999999996,-2.6850972,6.2967505,1566947863433
7915,226,Gyroscope,-0.8399397,0.11178834,0.6096435,1566947863443
7916,226,Accelerometer,-7.0485296,-2.657564,5.8562174,1566947863443
7917,226,Gyroscope,-0.8142834,0.12034045,0.61086524,1566947863452
7918,226,Accelerometer,-7.121553,-2.517503,5.5988407,1566947863453
7919,226,Gyroscope,-0.7715228,0.09468412,0.593761,1566947863462
7920,226,Accelerometer,-7.141903999999999,-2.5546130000000002,5.517437999999999,1566947863463
7921,226,Gyroscope,-0.71959925,0.05131268,0.56016344,1566947863472
7922,226,Accelerometer,-7.41604,-2.7569232000000006,5.407305,1566947863473
7923,226,Gyroscope,-0.6908886,-0.01282817,0.5271766999999999,1566947863482
7924,226,Accelerometer,-7.767987299999999,-2.801216,5.2325277,1566947863482
7925,226,Gyroscope,-0.6737844,-0.06169739,0.49907690000000005,1566947863492
7926,226,Accelerometer,-7.896077,-2.7820622999999998,5.1726727,1566947863493
7927,226,Gyroscope,-0.6560693,-0.08796459400000001,0.4728097,1566947863502
7928,226,Accelerometer,-8.042124000000001,-2.8299465,5.209783,1566947863503
7929,226,Gyroscope,-0.65240407,-0.11545353400000001,0.45570546,1566947863512
7930,226,Accelerometer,-8.100781,-2.8299465,5.0936639999999995,1566947863513
7931,226,Gyroscope,-0.6542366999999999,-0.16065755,0.43982297,1566947863522
7932,226,Accelerometer,-7.8733325,-2.7545290000000002,5.0302176,1566947863523
7933,226,Gyroscope,-0.63529986,-0.21380283,0.42027529999999996,1566947863532
7934,226,Accelerometer,-7.584830800000001,-2.753332,5.305551,1566947863533
7935,226,Gyroscope,-0.6084218000000001,-0.25595254,0.39400807,1566947863542
7936,226,Accelerometer,-7.249642999999999,-2.6719291000000003,5.427655000000001,1566947863543
7937,226,Gyroscope,-0.5839871999999999,-0.28893927,0.37507126,1566947863552
7938,226,Accelerometer,-7.08564,-2.598906,5.6946087,1566947863553
7939,226,Gyroscope,-0.5656611999999999,-0.28955013,0.3622431,1566947863562
7940,226,Accelerometer,-6.977900999999999,-2.6982652999999996,6.042965000000001,1566947863563
7941,226,Gyroscope,-0.5314528000000001,-0.26328292,0.32498032,1566947863573
7942,226,Accelerometer,-7.017405,-2.9592332999999997,6.349423000000001,1566947863573
7943,226,Gyroscope,-0.49602258,-0.24678956,0.30970868,1566947863582
7944,226,Accelerometer,-7.2592196,-2.9472623,6.2668230000000005,1566947863583
7945,226,Gyroscope,-0.5204572000000001,-0.19914207,0.31703907,1566947863592
7946,226,Accelerometer,-7.147889,-2.813187,6.129156,1566947863593
7947,226,Gyroscope,-0.5534439,-0.13316862,0.34391713,1566947863602
7948,226,Accelerometer,-7.012616599999999,-2.8191724,6.0944405,1566947863603
7949,226,Gyroscope,-0.56321776,-0.096516706,0.3652974,1566947863612
7950,226,Accelerometer,-6.9503675000000005,-2.9173348,6.0968347000000005,1566947863613
7951,226,Gyroscope,-0.55833083,-0.08246681,0.38362336,1566947863622
7952,226,Accelerometer,-6.851008,-2.9759927000000004,6.161478,1566947863623
7953,226,Gyroscope,-0.5320636,-0.07819075,0.39706242,1566947863633
7954,226,Accelerometer,-6.8438253,-2.9987376,6.2704144,1566947863633
7955,226,Gyroscope,-0.5137377000000001,-0.06780604,0.40194935,1566947863642
7956,226,Accelerometer,-7.0305734,-2.9700072,6.2345014,1566947863643
7957,226,Gyroscope,-0.51251596,-0.047647487,0.3921755,1566947863652
7958,226,Accelerometer,-7.1981673,-2.846706,6.1028199999999995,1566947863653
7959,226,Gyroscope,-0.52473325,-0.018325957,0.37934732,1566947863662
7960,226,Accelerometer,-7.3178773,-2.7329812,5.9878983,1566947863663
7961,226,Gyroscope,-0.5363397,0.00061086525,0.36468655,1566947863672
7962,226,Accelerometer,-7.386112,-2.789245,5.807136,1566947863673
7963,226,Gyroscope,-0.54000485,-0.0067195175,0.34880406,1566947863682
7964,226,Accelerometer,-7.390900599999999,-2.9137435000000003,5.722142,1566947863683
7965,226,Gyroscope,-0.5314528000000001,-0.026267206,0.33353242,1566947863693
7966,226,Accelerometer,-7.37055,-2.9879637000000003,5.641936299999999,1566947863693
7967,226,Gyroscope,-0.5186246,-0.04276056599999999,0.3268129,1566947863702
7968,226,Accelerometer,-7.392098,-3.0478187,5.577293,1566947863703
7969,226,Gyroscope,-0.51251596,-0.06047566,0.30787608,1566947863712
7970,226,Accelerometer,-7.547721000000001,-3.156755,5.4922986,1566947863713
7971,226,Gyroscope,-0.50579643,-0.092240654,0.28893927,1566947863722
7972,226,Accelerometer,-7.653065700000001,-3.1830912000000002,5.4312468,1566947863723
7973,226,Gyroscope,-0.5174029,-0.10995574,0.2779437,1566947863732
7974,226,Accelerometer,-7.550114999999999,-3.1316159,5.331887200000001,1566947863733
7975,226,Gyroscope,-0.535118,-0.12095132,0.26878070000000004,1566947863742
7976,226,Accelerometer,-7.429208,-3.1028854999999997,5.351041,1566947863743
7977,226,Gyroscope,-0.5393939999999999,-0.1386664,0.26083946,1566947863753
7978,226,Accelerometer,-7.208941499999999,-3.1268275,5.4360349999999995,1566947863753
7979,226,Gyroscope,-0.54611355,-0.14538592,0.25595254,1566947863762
7980,226,Accelerometer,-7.061698,-3.1423897999999997,5.4851160000000005,1566947863763
7981,226,Gyroscope,-0.5510005,-0.15454891,0.26511553,1566947863772
7982,226,Accelerometer,-6.9623384,-3.1160536,5.5150437000000005,1566947863773
7983,226,Gyroscope,-0.54611355,-0.17287487,0.29016098,1566947863782
7984,226,Accelerometer,-6.906075,-3.0370448,5.487509999999999,1566947863783
7985,226,Gyroscope,-0.54244834,-0.21380283,0.33536503,1566947863792
7986,226,Accelerometer,-6.985083599999999,-2.6922797999999997,5.391742,1566947863793
7987,226,Gyroscope,-0.535118,-0.2706133,0.41783184,1566947863802
7988,226,Accelerometer,-6.3721676,-2.4552537999999995,5.828684,1566947863803
7989,226,Gyroscope,-0.48136179999999995,-0.31887165,0.47586402,1566947863813
7990,226,Accelerometer,-6.2165446,-2.3894134,6.1650696,1566947863813
7991,226,Gyroscope,-0.4447099,-0.3659083,0.5137377000000001,1566947863822
7992,226,Accelerometer,-6.324283599999999,-2.2074540000000002,6.442796700000001,1566947863823
7993,226,Gyroscope,-0.45631635,-0.3023783,0.5363397,1566947863832
7994,226,Accelerometer,-6.2500634,-1.7621324,6.5218053,1566947863833
7995,226,Gyroscope,-0.48991394,-0.17287487,0.5589417,1566947863842
7996,226,Accelerometer,-6.339846,-1.483208,6.5110316,1566947863843
7997,226,Gyroscope,-0.5131268,-0.029321532999999997,0.552833,1566947863852
7998,226,Accelerometer,-6.5684924,-1.3682863,6.6415157,1566947863853
7999,226,Gyroscope,-0.51068336,0.09896017,0.5235115,1566947863862
8000,226,Accelerometer,-6.884527,-1.2964603000000001,6.719327000000001,1566947863863
8001,226,Gyroscope,-0.5021312,0.1563815,0.4905248,1566947863873
8002,226,Accelerometer,-7.419631,-1.3706805,6.63553,1566947863873
8003,226,Gyroscope,-0.50640726,0.16432275,0.44776422,1566947863882
8004,226,Accelerometer,-8.038532,-1.5526398000000001,6.362591,1566947863883
8005,226,Gyroscope,-0.5149594,0.12950343,0.40866885,1566947863892
8006,226,Accelerometer,-8.500613000000001,-1.7573439999999998,6.0369797,1566947863893
8007,226,Gyroscope,-0.5271766999999999,0.10323623,0.38606682,1566947863902
8008,226,Accelerometer,-8.590396,-1.9488802,5.831078,1566947863903
8009,226,Gyroscope,-0.5503895999999999,0.07269296,0.38789943,1566947863912
8010,226,Accelerometer,-8.453926,-2.1308396000000003,5.6443305,1566947863913
8011,226,Gyroscope,-0.56138515,0.023823743999999997,0.39706242,1566947863923
8012,226,Accelerometer,-8.310274,-2.2469582999999997,5.583278,1566947863923
8013,226,Gyroscope,-0.56321776,-0.0061086523,0.408058,1566947863932
8014,226,Accelerometer,-8.072051,-2.1978772,5.616797,1566947863933
8015,226,Gyroscope,-0.56688297,0.0012217305,0.42332962,1566947863942
8016,226,Accelerometer,-7.7201033,-2.0386627,5.7377043,1566947863943
8017,226,Gyroscope,-0.57543504,0.03176499,0.42516220000000005,1566947863952
8018,226,Accelerometer,-7.541735000000001,-1.9476831000000001,5.779603,1566947863952
8019,226,Gyroscope,-0.589485,0.06536258,0.42394048,1566947863962
8020,226,Accelerometer,-7.522581599999999,-1.8567034,5.7879825,1566947863963
8021,226,Gyroscope,-0.59864795,0.11545353400000001,0.41905355,1566947863972
8022,226,Accelerometer,-7.5273699999999995,-1.7836802999999999,5.768829,1566947863973
8023,226,Gyroscope,-0.5900958000000001,0.14294247,0.40744713,1566947863982
8024,226,Accelerometer,-7.6027875,-1.7381904,5.6431336,1566947863983
8025,226,Gyroscope,-0.56688297,0.1423316,0.40072759999999996,1566947863992
8026,226,Accelerometer,-7.723694999999999,-1.6591818,5.481525,1566947863993
8027,226,Gyroscope,-0.5271766999999999,0.13316862,0.38545597,1566947864002
8028,226,Accelerometer,-7.856573,-1.6328455,5.54138,1566947864003
8029,226,Gyroscope,-0.48136179999999995,0.111177474,0.3567453,1566947864012
8030,226,Accelerometer,-7.953538000000001,-1.6089035,5.5246205,1566947864013
8031,226,Gyroscope,-0.45814893,0.09101892,0.3268129,1566947864022
8032,226,Accelerometer,-7.9343843,-1.5035586,5.4384294,1566947864023
8033,226,Gyroscope,-0.4654793,0.08063421400000001,0.3109304,1566947864032
8034,226,Accelerometer,-7.823053999999999,-1.3958195,5.4863133,1566947864033
8035,226,Gyroscope,-0.48502702,0.07086037,0.29321529999999996,1566947864042
8036,226,Accelerometer,-7.711724,-1.4508862,5.566519,1566947864043
8037,226,Gyroscope,-0.48380527,0.06597344599999999,0.27855456,1566947864052
8038,226,Accelerometer,-7.6961613,-1.6208745,5.695806,1566947864053
8039,226,Gyroscope,-0.45814893,0.055588737,0.26878070000000004,1566947864062
8040,226,Accelerometer,-7.8577699999999995,-1.7549498,5.681441,1566947864063
8041,226,Gyroscope,-0.42332962,0.036651913,0.26511553,1566947864072
8042,226,Accelerometer,-8.000225,-1.7824832,5.6586957,1566947864073
8043,226,Gyroscope,-0.38606682,0.021380282999999996,0.26083946,1566947864082
8044,226,Accelerometer,-8.178593,-1.6484078000000002,5.6407394,1566947864083
8045,226,Gyroscope,-0.36651915,0.029932396,0.24556783,1566947864092
8046,226,Accelerometer,-8.061277,-1.6244658,5.614403,1566947864093
8047,226,Gyroscope,-0.35308012,0.05497787,0.23884831,1566947864102
8048,226,Accelerometer,-7.9307933,-1.6567876,5.4779334,1566947864103
8049,226,Gyroscope,-0.35002577,0.06291912,0.22540927,1566947864112
8050,226,Accelerometer,-7.8302364,-1.7345991000000003,5.437232,1566947864113
8051,226,Gyroscope,-0.33964106,0.0580322,0.21502456,1566947864123
8052,226,Accelerometer,-7.789535000000001,-1.8016368000000003,5.3402667,1566947864123
8053,226,Gyroscope,-0.3323107,0.043982297000000004,0.20525073,1566947864132
8054,226,Accelerometer,-7.7224975,-1.8602947,5.171476,1566947864133
8055,226,Gyroscope,-0.32559118,0.031154128,0.19608775,1566947864143
8056,226,Accelerometer,-7.758410499999999,-1.9309237000000001,5.031415,1566947864143
8057,226,Gyroscope,-0.31642818,-0.01160644,0.18753563,1566947864152
8058,226,Accelerometer,-7.8170686,-1.9452889,4.995502,1566947864153
8059,226,Gyroscope,-0.30298916,-0.044593163,0.15760323,1566947864162
8060,226,Accelerometer,-7.771578999999999,-2.1404164,4.987122,1566947864163
8061,226,Gyroscope,-0.2864958,-0.08246681,0.13500121,1566947864172
8062,226,Accelerometer,-7.8146744,-2.2637177000000004,4.847061,1566947864173
8063,226,Gyroscope,-0.26267207,-0.14905111,0.11911872,1566947864183
8064,226,Accelerometer,-7.8649526,-2.3187842,4.811148,1566947864183
8065,226,Gyroscope,-0.22602014,-0.22174409,0.1020145,1566947864192
8066,226,Accelerometer,-7.823053999999999,-2.349909,4.7919946,1566947864193
8067,226,Gyroscope,-0.17592919,-0.3023783,0.07819075,1566947864203
8068,226,Accelerometer,-7.8829093,-2.4121582999999998,4.911705,1566947864203
8069,226,Gyroscope,-0.12644911,-0.37934732,0.052534412999999995,1566947864212
8070,226,Accelerometer,-7.9367785,-2.4289176,5.040992,1566947864213
8071,226,Gyroscope,-0.09285152,-0.45937067,0.026267206,1566947864222
8072,226,Accelerometer,-8.095993,-2.3618799999999998,5.159505,1566947864223
8073,226,Gyroscope,-0.08124508,-0.5112942,0.01282817,1566947864232
8074,226,Accelerometer,-8.098388,-2.1799207000000003,5.3761797,1566947864233
8075,226,Gyroscope,-0.07819075,-0.52656585,0.012217305,1566947864242
8076,226,Accelerometer,-7.991845,-1.9237411,5.677849299999999,1566947864243
8077,226,Gyroscope,-0.07819075,-0.5271766999999999,0.015882496,1566947864252
8078,226,Accelerometer,-7.9427642999999994,-1.7106571,5.9064955999999995,1566947864253
8079,226,Gyroscope,-0.08552113,-0.5149594,0.02687807,1566947864262
8080,226,Accelerometer,-7.7811556,-1.5801731,6.1770406,1566947864263
8081,226,Gyroscope,-0.12156218,-0.43493605,0.03970624,1566947864272
8082,226,Accelerometer,-7.5549035,-1.4544774999999999,6.562506699999999,1566947864273
8083,226,Gyroscope,-0.14049901,-0.34269542,0.050701816,1566947864282
8084,226,Accelerometer,-7.5285673,-1.4568716999999998,6.831854300000001,1566947864283
8085,226,Gyroscope,-0.15760323,-0.2284636,0.058643065,1566947864293
8086,226,Accelerometer,-7.384915400000001,-1.5155296,7.060500599999999,1566947864293
8087,226,Gyroscope,-0.16554448,-0.116675265,0.059253927000000005,1566947864302
8088,226,Accelerometer,-7.2640080000000005,-1.6472107,7.323863,1566947864303
8089,226,Gyroscope,-0.17348573,-0.019547688,0.05681047,1566947864312
8090,226,Accelerometer,-7.107187700000001,-1.7250223000000002,7.368156,1566947864313
8091,226,Gyroscope,-0.18509217,0.056199603,0.04886922,1566947864322
8092,226,Accelerometer,-6.8198833,-1.7381904,7.1227503,1566947864323
8093,226,Gyroscope,-0.17654006,0.11484267,0.058643065,1566947864332
8094,226,Accelerometer,-6.7743936,-1.8279729999999998,6.894104,1566947864333
8095,226,Gyroscope,-0.15088372,0.16737708,0.069027774,1566947864342
8096,226,Accelerometer,-6.807912299999999,-1.8770541,6.667852000000001,1566947864343
8097,226,Gyroscope,-0.112399206,0.19364429,0.06841691,1566947864353
8098,226,Accelerometer,-6.829460000000001,-1.8854338,6.4523735,1566947864353
8099,226,Gyroscope,-0.08002335,0.19364429,0.062308256,1566947864362
8100,226,Accelerometer,-7.08564,-1.8878279999999998,6.291962,1566947864363
8101,226,Gyroscope,-0.08368854,0.172264,0.054367005999999996,1566947864372
8102,226,Accelerometer,-7.337031,-1.8890251,5.9483943,1566947864373
8103,226,Gyroscope,-0.09468412,0.15332718,0.03359759,1566947864382
8104,226,Accelerometer,-7.6255326,-1.8495207999999999,5.7987566,1566947864383
8105,226,Gyroscope,-0.099571034,0.14110987,-0.0036651915999999997,1566947864392
8106,226,Accelerometer,-7.8757267,-1.9273324,5.923255,1566947864393
8107,226,Gyroscope,-0.12156218,0.119729586,-0.037873644,1566947864402
8108,226,Accelerometer,-8.112753,-2.0374656000000004,5.865794,1566947864403
8109,226,Gyroscope,-0.16432275,0.10812314599999999,-0.06169739,1566947864412
8110,226,Accelerometer,-8.08881,-2.1308396000000003,5.750872599999999,1566947864413
8111,226,Gyroscope,-0.19058995,0.1142318,-0.07269296,1566947864422
8112,226,Accelerometer,-7.8972745,-2.3032220000000003,5.7017913,1566947864423
8113,226,Gyroscope,-0.19853121,0.12095132,-0.06658431,1566947864432
8114,226,Accelerometer,-7.7344685,-2.5510217999999996,5.628768,1566947864433
8115,226,Gyroscope,-0.20158553,0.11056661,-0.04886922,1566947864442
8116,226,Accelerometer,-7.424419400000001,-2.825158,5.529408999999999,1566947864443
8117,226,Gyroscope,-0.1826487,0.09773844,-0.025045475,1566947864452
8118,226,Accelerometer,-7.129933,-3.0322563999999996,5.567716000000001,1566947864453
8119,226,Gyroscope,-0.13988814,0.07819075,-0.004276057,1566947864463
8120,226,Accelerometer,-6.980295,-3.3818099999999998,5.395334,1566947864463
8121,226,Gyroscope,-0.10629055,0.06169739,0.027488936000000002,1566947864472
8122,226,Accelerometer,-7.007828,-3.4177230000000005,5.260061299999999,1566947864473
8123,226,Gyroscope,-0.08368854,0.047647487,0.06536258,1566947864482
8124,226,Accelerometer,-7.064092,-3.3650506,5.2648497,1566947864483
8125,226,Gyroscope,-0.053145275,0.04337143,0.119729586,1566947864493
8126,226,Accelerometer,-7.171831,-3.2273839,5.045780000000001,1566947864493
8127,226,Gyroscope,-0.03726278,0.0030543262,0.15149458,1566947864502
8128,226,Accelerometer,-7.056909599999999,-2.883816,4.8698063,1566947864503
8129,226,Gyroscope,-0.040317107000000005,-0.049480084,0.16615535,1566947864512
8130,226,Accelerometer,-6.981492,-2.566584,4.9643774,1566947864513
8131,226,Gyroscope,-0.029321532999999997,-0.119729586,0.15393804,1566947864523
8132,226,Accelerometer,-7.186196300000001,-2.2984335,5.133168,1566947864523
8133,226,Gyroscope,-0.020158553,-0.16920967,0.14110987,1566947864532
8134,226,Accelerometer,-7.357382,-2.0398598000000003,5.3330839999999995,1566947864533
8135,226,Gyroscope,-0.015882496,-0.19303341,0.12461651,1566947864542
8136,226,Accelerometer,-7.548918,-2.0003555,5.628768,1566947864543
8137,226,Gyroscope,-0.009773844,-0.20525073,0.1020145,1566947864553
8138,226,Accelerometer,-7.848192999999999,-2.1655555,5.819107,1566947864553
8139,226,Gyroscope,-0.018325957,-0.21502456,0.08246681,1566947864562
8140,226,Accelerometer,-7.989451,-2.2828712,5.932832,1566947864563
8141,226,Gyroscope,-0.03359759,-0.19730948,0.07513642,1566947864572
8142,226,Accelerometer,-7.983465700000001,-2.3439236,6.1088057000000004,1566947864573
8143,226,Gyroscope,-0.048258353,-0.16920967,0.07452556,1566947864582
8144,226,Accelerometer,-7.979874000000001,-2.2840683,6.183026,1566947864583
8145,226,Gyroscope,-0.06536258,-0.12461651,0.07574729,1566947864592
8146,226,Accelerometer,-7.697358599999999,-2.1811178,6.269217,1566947864593
8147,226,Gyroscope,-0.07147124,-0.07452556,0.06841691,1566947864602
8148,226,Accelerometer,-7.3274539999999995,-2.2960392999999995,6.39611,1566947864603
8149,226,Gyroscope,-0.0580322,-0.059864793,0.0421497,1566947864613
8150,226,Accelerometer,-7.4016747,-2.5510217999999996,6.489484,1566947864613
8151,226,Gyroscope,-0.062308256,-0.035430185,0.027488936000000002,1566947864622
8152,226,Accelerometer,-7.2699933,-2.5689783,6.3566055,1566947864623
8153,226,Gyroscope,-0.08063421400000001,0.01282817,0.03848451,1566947864632
8154,226,Accelerometer,-7.0305734,-2.5462333999999998,6.362591,1566947864633
8155,226,Gyroscope,-0.07819075,0.06047566,0.043982297000000004,1566947864643
8156,226,Accelerometer,-7.1131735,-2.6539726000000003,6.2763995999999995,1566947864643
8157,226,Gyroscope,-0.081855945,0.089186326,0.06597344599999999,1566947864652
8158,226,Accelerometer,-7.029375999999999,-2.5773582000000004,5.995081,1566947864653
8159,226,Gyroscope,-0.08979719,0.08552113,0.077579886,1566947864662
8160,226,Accelerometer,-6.943185000000001,-2.634819,5.825093,1566947864663
8161,226,Gyroscope,-0.07696902,0.056199603,0.093462385,1566947864673
8162,226,Accelerometer,-7.049727000000001,-2.6791117,5.8466406,1566947864673
8163,226,Gyroscope,-0.0720821,0.032375857,0.10812314599999999,1566947864682
8164,226,Accelerometer,-7.0964136,-2.6503813,5.7975593,1566947864683
8165,226,Gyroscope,-0.076358154,0.01038471,0.1160644,1566947864692
8166,226,Accelerometer,-7.2125325,-2.574964,5.8622026,1566947864693
8167,226,Gyroscope,-0.086132,0.015882496,0.11789699,1566947864703
8168,226,Accelerometer,-7.241263000000001,-2.4971522999999998,5.841851999999999,1566947864703
8169,226,Gyroscope,-0.10873401,0.017715093,0.112399206,1566947864712
8170,226,Accelerometer,-7.2592196,-2.505532,5.861006,1566947864713
8171,226,Gyroscope,-0.13194689,0.023823743999999997,0.070249505,1566947864722
8172,226,Accelerometer,-7.444770299999999,-2.6611552000000005,5.899312999999999,1566947864723
8173,226,Gyroscope,-0.15454891,0.020158553,0.0421497,1566947864733
8174,226,Accelerometer,-7.520187400000001,-2.6192567,5.895722,1566947864733
8175,226,Gyroscope,-0.16737708,0.017104227,0.017715093,1566947864742
8176,226,Accelerometer,-7.631517999999999,-2.633622,5.841851999999999,1566947864743
8177,226,Gyroscope,-0.17287487,0.009773844,0.0018325957999999999,1566947864752
8178,226,Accelerometer,-7.681796,-2.6755204,5.7963624000000005,1566947864753
8179,226,Gyroscope,-0.1777618,0.004886922,-0.007330383,1566947864763
8180,226,Accelerometer,-7.323863,-2.7844564999999997,5.837064,1566947864763
8181,226,Gyroscope,-0.17715092,-0.0018325957999999999,-0.015271631,1566947864772
8182,226,Accelerometer,-7.0688806,-2.9125464,5.9388175,1566947864773
8183,226,Gyroscope,-0.1777618,-0.013439035,-0.008552114,1566947864782
8184,226,Accelerometer,-7.042544400000001,-2.9460652,5.963956400000001,1566947864783
8185,226,Gyroscope,-0.19608775,-0.02687807,0.010995574,1566947864792
8186,226,Accelerometer,-6.931214,-2.8981812000000002,5.9507885,1566947864793
8187,226,Gyroscope,-0.21991149,-0.056199603,0.032375857,1566947864802
8188,226,Accelerometer,-6.9252286,-2.8299465,6.0130377,1566947864803
8189,226,Gyroscope,-0.22602014,-0.07452556,0.06352998,1566947864812
8190,226,Accelerometer,-6.932411,-2.5953147,6.194997,1566947864813
8191,226,Gyroscope,-0.22785273,-0.055588737,0.10018189999999999,1566947864822
8192,226,Accelerometer,-6.807912299999999,-2.4971522999999998,6.314707,1566947864823
8193,226,Gyroscope,-0.23396139,-0.037873644,0.13988814,1566947864832
8194,226,Accelerometer,-6.860584700000001,-2.4648306,6.343437000000001,1566947864833
8195,226,Gyroscope,-0.23884831,-0.009162978,0.17043139999999998,1566947864842
8196,226,Accelerometer,-6.817489,-2.4229321,6.3422403,1566947864843
8197,226,Gyroscope,-0.24007004,0.03604105,0.20341812,1566947864852
8198,226,Accelerometer,-6.75524,-2.4133554,6.278794,1566947864853
8199,226,Gyroscope,-0.24740042,0.092240654,0.2321288,1566947864862
8200,226,Accelerometer,-6.7301009999999994,-2.3319526,6.217741999999999,1566947864863
8201,226,Gyroscope,-0.25961772,0.15149458,0.25900686,1566947864872
8202,226,Accelerometer,-6.7301009999999994,-2.3008277,6.133945,1566947864873
8203,226,Gyroscope,-0.2724459,0.21930063,0.27855456,1566947864882
8204,226,Accelerometer,-6.7504516,-2.2038627,6.115988300000001,1566947864883
8205,226,Gyroscope,-0.27000242,0.2773328,0.2968805,1566947864892
8206,226,Accelerometer,-6.861782000000001,-2.1045034,6.117185,1566947864893
8207,226,Gyroscope,-0.25717425,0.3109304,0.30665436,1566947864902
8208,226,Accelerometer,-7.065289,-2.1308396000000003,6.0441623,1566947864903
8209,226,Gyroscope,-0.23273966,0.32803464,0.31764993,1566947864912
8210,226,Accelerometer,-7.4124484,-2.0937295,5.8586116,1566947864913
8211,226,Gyroscope,-0.22479841,0.34269542,0.3304781,1566947864922
8212,226,Accelerometer,-7.914034,-1.5514427,5.7987566,1566947864923
8213,226,Gyroscope,-0.22174409,0.35124752,0.33475417,1566947864932
8214,226,Accelerometer,-8.039729,-1.3275848999999997,5.864597,1566947864933
8215,226,Gyroscope,-0.21868975,0.34513888,0.32070425,1566947864943
8216,226,Accelerometer,-8.228871,-1.2964603000000001,5.8849480000000005,1566947864943
8217,226,Gyroscope,-0.21746802,0.3286455,0.25473082,1566947864952
8218,226,Accelerometer,-8.465898,-1.3251906999999998,5.767632,1566947864953
8219,226,Gyroscope,-0.22540927,0.28099802,0.19425514,1566947864962
8220,226,Accelerometer,-8.585608,-1.3144168,5.542577,1566947864963
8221,226,Gyroscope,-0.24251351,0.25473082,0.1423316,1566947864972
8222,226,Accelerometer,-8.522161,-1.2653356000000002,5.388150700000001,1566947864973
8223,226,Gyroscope,-0.26206118,0.24373524,0.0983493,1566947864982
8224,226,Accelerometer,-8.293514,-1.2940661,5.305551,1566947864983
8225,226,Gyroscope,-0.26389378,0.2302962,0.057421334000000004,1566947864992
8226,226,Accelerometer,-8.009802,-1.5227122,5.3330839999999995,1566947864993
8227,226,Gyroscope,-0.23945917,0.20219639,0.020158553,1566947865002
8228,226,Accelerometer,-7.881711999999999,-1.8866308999999997,5.2636523,1566947865003
8229,226,Gyroscope,-0.20036379999999998,0.13988814,0.007941248,1566947865012
8230,226,Accelerometer,-7.874529400000001,-2.0254946,5.213374,1566947865013
8231,226,Gyroscope,-0.172264,0.10079276599999999,0.012217305,1566947865022
8232,226,Accelerometer,-7.8027034,-2.0398598000000003,5.248090299999999,1566947865023
8233,226,Gyroscope,-0.15393804,0.07513642,0.015882496,1566947865032
8234,226,Accelerometer,-7.6626425000000005,-2.0506337,5.1523223,1566947865033
8235,226,Gyroscope,-0.14110987,0.04886922,0.023823743999999997,1566947865043
8236,226,Accelerometer,-7.726089,-2.1057005,5.090072599999999,1566947865043
8237,226,Gyroscope,-0.12644911,0.015271631,0.036651913,1566947865052
8238,226,Accelerometer,-7.7727756999999995,-2.0075380000000003,5.1080294,1566947865053
8239,226,Gyroscope,-0.096516706,-0.019547688,0.028099801,1566947865062
8240,226,Accelerometer,-7.811083,-2.0626047,5.197812,1566947865063
8241,226,Gyroscope,-0.057421334000000004,-0.044593163,0.021991148999999998,1566947865072
8242,226,Accelerometer,-7.860164,-2.1990743,5.1726727,1566947865073
8243,226,Gyroscope,-0.025045475,-0.08368854,0.012217305,1566947865082
8244,226,Accelerometer,-8.124723,-2.2481554,5.1080294,1566947865083
8245,226,Gyroscope,-0.007941248,-0.1386664,-0.015271631,1566947865092
8246,226,Accelerometer,-8.236053,-2.0973208,5.064934,1566947865093
8247,226,Gyroscope,-0.009773844,-0.17959438,-0.05681047,1566947865102
8248,226,Accelerometer,-8.238448,-1.9632453999999997,4.9895163,1566947865103
8249,226,Gyroscope,-0.016493361,-0.20463985,-0.10079276599999999,1566947865113
8250,226,Accelerometer,-8.212111,-1.8902221999999997,4.9823337,1566947865113
8251,226,Gyroscope,-0.014660766,-0.24007004,-0.1441642,1566947865122
8252,226,Accelerometer,-8.154651,-1.8962077000000002,5.129576999999999,1566947865123
8253,226,Gyroscope,-0.0030543262,-0.2864958,-0.19853121,1566947865132
8254,226,Accelerometer,-8.139089,-1.9177556,5.2684407,1566947865132
8255,226,Gyroscope,0.012217305,-0.3145956,-0.24495697,1566947865142
8256,226,Accelerometer,-8.057686,-1.9883845000000002,5.425261,1566947865143
8257,226,Gyroscope,0.004276057,-0.31642818,-0.267559,1566947865152
8258,226,Accelerometer,-7.9762830000000005,-2.0901381999999997,5.5126495,1566947865153
8259,226,Gyroscope,-0.005497787,-0.31887165,-0.2773328,1566947865162
8260,226,Accelerometer,-7.8673470000000005,-2.336741,5.652710400000001,1566947865163
8261,226,Gyroscope,-0.01282817,-0.31642818,-0.26267207,1566947865172
8262,226,Accelerometer,-7.702147,-2.5486276,5.8262897,1566947865173
8263,226,Gyroscope,-0.029321532999999997,-0.29810223,-0.20463985,1566947865182
8264,226,Accelerometer,-7.5345526,-2.779668,5.9292407,1566947865183
8265,226,Gyroscope,-0.043982297000000004,-0.30848694,-0.15515977,1566947865192
8266,226,Accelerometer,-7.477092,-2.9053638,6.100425700000001,1566947865193
8267,226,Gyroscope,-0.049480084,-0.30176744,-0.09285152,1566947865202
8268,226,Accelerometer,-7.3322425,-2.8862102000000003,6.312312599999999,1566947865203
8269,226,Gyroscope,-0.06414085,-0.27122417,-0.03481932,1566947865212
8270,226,Accelerometer,-7.1670427,-2.7868507,6.517017,1566947865213
8271,226,Gyroscope,-0.0842994,-0.20525073,0.016493361,1566947865222
8272,226,Accelerometer,-7.055712,-2.6204537999999995,6.667852000000001,1566947865223
8273,226,Gyroscope,-0.119729586,-0.12339478,0.06780604,1566947865232
8274,226,Accelerometer,-6.896497999999999,-2.4432828,6.673837,1566947865233
8275,226,Gyroscope,-0.14721853,-0.03481932,0.11362094,1566947865242
8276,226,Accelerometer,-6.683414,-2.3307555,6.7133417,1566947865243
8277,226,Gyroscope,-0.14599679999999998,0.040317107000000005,0.14172074,1566947865253
8278,226,Accelerometer,-6.6283474,-2.3702598,6.7372837,1566947865253
8279,226,Gyroscope,-0.14599679999999998,0.0983493,0.15821409,1566947865262
8280,226,Accelerometer,-6.8210807,-2.2876596,6.5206084,1566947865263
8281,226,Gyroscope,-0.14477506,0.14294247,0.17043139999999998,1566947865272
8282,226,Accelerometer,-6.8103065,-2.147599,6.2668230000000005,1566947865273
8283,226,Gyroscope,-0.14477506,0.16187929,0.17531833,1566947865283
8284,226,Accelerometer,-6.8869214,-2.1092918,6.0501475,1566947865283
8285,226,Gyroscope,-0.14966199,0.16493362,0.16493362,1566947865292
8286,226,Accelerometer,-7.026982,-2.100912,5.8095303,1566947865293
8287,226,Gyroscope,-0.14477506,0.14905111,0.13988814,1566947865302
8288,226,Accelerometer,-7.114370299999999,-2.100912,5.7281275,1566947865303
8289,226,Gyroscope,-0.13255776,0.118507855,0.10873401,1566947865313
8290,226,Accelerometer,-7.383717999999999,-2.0949266,5.671864,1566947865313
8291,226,Gyroscope,-0.1337795,0.10323623,0.08857546,1566947865322
8292,226,Accelerometer,-7.629123700000001,-2.0661959999999997,5.5102553,1566947865323
8293,226,Gyroscope,-0.13683382,0.07452556,0.06658431,1566947865332
8294,226,Accelerometer,-7.644686,-2.0973208,5.444414599999999,1566947865333
8295,226,Gyroscope,-0.12156218,0.027488936000000002,0.03970624,1566947865342
8296,226,Accelerometer,-7.750031,-2.2948422,5.482722,1566947865343
8297,226,Gyroscope,-0.11301007,-0.008552114,0.027488936000000002,1566947865353
8298,226,Accelerometer,-7.9188222999999995,-2.421735,5.437232,1566947865353
8299,226,Gyroscope,-0.12217305,-0.025045475,0.029932396,1566947865362
8300,226,Accelerometer,-7.8158712,-2.3774424,5.444414599999999,1566947865363
8301,226,Gyroscope,-0.118507855,-0.047036625,0.039095376,1566947865372
8302,226,Accelerometer,-7.6865845,-2.456451,5.5258174,1566947865373
8303,226,Gyroscope,-0.11301007,-0.06719518,0.05681047,1566947865382
8304,226,Accelerometer,-7.314286,-2.5546130000000002,5.7903767,1566947865383
8305,226,Gyroscope,-0.11178834,-0.07880162,0.069027774,1566947865392
8306,226,Accelerometer,-7.223306699999999,-2.5821466,5.9567738,1566947865392
8307,226,Gyroscope,-0.10873401,-0.07513642,0.086132,1566947865403
8308,226,Accelerometer,-7.022193400000001,-2.4552537999999995,6.030994000000001,1566947865403
8309,226,Gyroscope,-0.11056661,-0.06047566,0.096516706,1566947865412
8310,226,Accelerometer,-6.940790700000001,-2.4863784,6.1662664000000005,1566947865413
8311,226,Gyroscope,-0.106901415,-0.027488936000000002,0.08979719,1566947865422
8312,226,Accelerometer,-7.067683000000001,-2.5246856,6.2165446,1566947865423
8313,226,Gyroscope,-0.11362094,-0.0061086523,0.08857546,1566947865432
8314,226,Accelerometer,-7.084442599999999,-2.4779987,6.1626754,1566947865433
8315,226,Gyroscope,-0.12583824,0.021380282999999996,0.09101892,1566947865442
8316,226,Accelerometer,-6.993463,-2.4420857000000002,6.1686606,1566947865443
8317,226,Gyroscope,-0.12339478,0.043982297000000004,0.08552113,1566947865452
8318,226,Accelerometer,-7.032967599999999,-2.5629928,6.2141504,1566947865453
8319,226,Gyroscope,-0.11301007,0.057421334000000004,0.08307768,1566947865462
8320,226,Accelerometer,-7.285556,-2.6420016,6.1183825,1566947865463
8321,226,Gyroscope,-0.12278391400000001,0.06963864,0.086132,1566947865472
8322,226,Accelerometer,-7.3106947,-2.5617957000000002,5.951985400000001,1566947865473
8323,226,Gyroscope,-0.14538592,0.10140363,0.092240654,1566947865483
8324,226,Accelerometer,-7.2699933,-2.5234885,5.8478374,1566947865483
8325,226,Gyroscope,-0.15577064,0.10873401,0.09162979,1566947865492
8326,226,Accelerometer,-7.243657000000001,-2.5222914,5.840655,1566947865493
8327,226,Gyroscope,-0.15760323,0.092240654,0.07269296,1566947865502
8328,226,Accelerometer,-7.2975270000000005,-2.553416,5.875371,1566947865503
8329,226,Gyroscope,-0.16065755,0.08124508,0.056199603,1566947865513
8330,226,Accelerometer,-7.3992805,-2.6443958,5.911283999999999,1566947865513
8331,226,Gyroscope,-0.16982053,0.08368854,0.043982297000000004,1566947865522
8332,226,Accelerometer,-7.523778999999999,-2.730587,5.8226986,1566947865523
8333,226,Gyroscope,-0.1881465,0.07819075,0.047036625,1566947865532
8334,226,Accelerometer,-7.60997,-2.6527755,5.729325,1566947865533
8335,226,Gyroscope,-0.21746802,0.08063421400000001,0.054367005999999996,1566947865542
8336,226,Accelerometer,-7.368156,-2.5881321,5.711368,1566947865543
8337,226,Gyroscope,-0.21991149,0.096516706,0.058643065,1566947865553
8338,226,Accelerometer,-7.204153,-2.8299465,5.8322754,1566947865553
8339,226,Gyroscope,-0.21013765,0.105068825,0.07391469,1566947865562
8340,226,Accelerometer,-7.1969705,-3.0131028,5.7616463,1566947865563
8341,226,Gyroscope,-0.21197024,0.10567969,0.09285152,1566947865572
8342,226,Accelerometer,-6.989872,-2.9269116000000004,5.762843599999999,1566947865573
8343,226,Gyroscope,-0.20280726,0.1160644,0.10018189999999999,1566947865582
8344,226,Accelerometer,-6.865373599999999,-2.9173348,5.935226,1566947865583
8345,226,Gyroscope,-0.18325958,0.12889257,0.09468412,1566947865592
8346,226,Accelerometer,-6.933608,-3.039439,6.053739,1566947865593
8347,226,Gyroscope,-0.16126843,0.12339478,0.07880162,1566947865603
8348,226,Accelerometer,-7.301117999999999,-3.1256304,6.0262055,1566947865603
8349,226,Gyroscope,-0.16126843,0.13133603,0.06841691,1566947865612
8350,226,Accelerometer,-7.597999000000001,-3.0741549999999997,5.7616463,1566947865613
8351,226,Gyroscope,-0.18387043,0.14477506,0.07819075,1566947865622
8352,226,Accelerometer,-7.5584945999999995,-2.9125464,5.559336,1566947865623
8353,226,Gyroscope,-0.18692477,0.11789699,0.08307768,1566947865632
8354,226,Accelerometer,-7.4842744,-2.9640217,5.5329999999999995,1566947865633
8355,226,Gyroscope,-0.16371189,0.07880162,0.0720821,1566947865642
8356,226,Accelerometer,-7.3166804,-3.2094273999999996,5.565322,1566947865643
8357,226,Gyroscope,-0.12217305,0.06780604,0.07513642,1566947865652
8358,226,Accelerometer,-7.267599000000001,-3.228581,5.613206,1566947865653
8359,226,Gyroscope,-0.10995574,0.04886922,0.103847094,1566947865662
8360,226,Accelerometer,-7.4268136,-3.1136593999999995,5.5976434,1566947865663
8361,226,Gyroscope,-0.11545353400000001,0.016493361,0.12644911,1566947865672
8362,226,Accelerometer,-7.4735007,-2.861071,5.6910176,1566947865673
8363,226,Gyroscope,-0.13072516,0.009773844,0.13622294,1566947865682
8364,226,Accelerometer,-7.4974427,-2.5007436000000003,5.803545,1566947865683
8365,226,Gyroscope,-0.14844026,-0.004886922,0.15210545,1566947865693
8366,226,Accelerometer,-7.4028716,-2.3654714,5.7975593,1566947865693
8367,226,Gyroscope,-0.18203785,-0.0018325957999999999,0.16737708,1566947865702
8368,226,Accelerometer,-7.322665700000001,-2.1811178,5.7377043,1566947865703
8369,226,Gyroscope,-0.204029,0.036651913,0.17592919,1566947865712
8370,226,Accelerometer,-7.036558599999999,-2.0829554,5.699397,1566947865713
8371,226,Gyroscope,-0.19486602,0.064751714,0.17470746,1566947865722
8372,226,Accelerometer,-6.9360023,-2.2026656000000004,5.7544637000000005,1566947865723
8373,226,Gyroscope,-0.16371189,0.07880162,0.16676621,1566947865732
8374,226,Accelerometer,-7.0664864000000005,-2.3654714,5.895722,1566947865733
8375,226,Gyroscope,-0.13927728,0.09285152,0.16798794,1566947865742
8376,226,Accelerometer,-7.311891999999999,-2.385822,5.954379599999999,1566947865743
8377,226,Gyroscope,-0.13622294,0.13316862,0.17409660000000002,1566947865752
8378,226,Accelerometer,-7.3406224,-2.2158337,5.930437599999999,1566947865753
8379,226,Gyroscope,-0.13439035,0.15760323,0.17837265,1566947865762
8380,226,Accelerometer,-7.499836999999999,-2.1631612999999996,5.9364233,1566947865763
8381,226,Gyroscope,-0.14599679999999998,0.15577064,0.17531833,1566947865772
8382,226,Accelerometer,-7.765592999999999,-2.1260512,5.8226986,1566947865773
8383,226,Gyroscope,-0.17104226,0.13805555,0.16493362,1566947865782
8384,226,Accelerometer,-7.773973,-2.0266917,5.57849,1566947865783
8385,226,Gyroscope,-0.19058995,0.116675265,0.15210545,1566947865792
8386,226,Accelerometer,-7.6794020000000005,-1.9871874,5.4970870000000005,1566947865793
8387,226,Gyroscope,-0.19547687,0.08857546,0.12278391400000001,1566947865802
8388,226,Accelerometer,-7.7464395,-2.0111293999999997,5.5030727,1566947865803
8389,226,Gyroscope,-0.18448131,0.058643065,0.08552113,1566947865812
8390,226,Accelerometer,-7.8649526,-1.9800048,5.673061,1566947865813
8391,226,Gyroscope,-0.1685988,0.048258353,0.04153884,1566947865822
8392,226,Accelerometer,-7.9523410000000005,-1.9847932000000001,5.8502316,1566947865823
8393,226,Gyroscope,-0.16493362,0.05681047,0.009162978,1566947865832
8394,226,Accelerometer,-8.046911999999999,-2.1380222,5.7736173,1566947865833
8395,226,Gyroscope,-0.17898351,0.062308256,-0.0012217305,1566947865842
8396,226,Accelerometer,-7.7667904000000005,-2.6563668,5.3857565,1566947865843
8397,226,Gyroscope,-0.18875736,0.0580322,0.005497787,1566947865852
8398,226,Accelerometer,-7.5800424,-2.9652187999999997,5.1247888,1566947865853
8399,226,Gyroscope,-0.18631389999999998,0.02687807,0.021991148999999998,1566947865862
8400,226,Accelerometer,-7.5345526,-3.0454244999999998,4.8482585,1566947865863
8401,226,Gyroscope,-0.18325958,-0.01282817,0.040317107000000005,1566947865873
8402,226,Accelerometer,-7.400477400000001,-3.0310593,4.823119,1566947865873
8403,226,Gyroscope,-0.14110987,-0.070249505,0.04886922,1566947865882
8404,226,Accelerometer,-7.3825210000000006,-2.9759927000000004,5.0002904,1566947865883
8405,226,Gyroscope,-0.099571034,-0.10812314599999999,0.036651913,1566947865892
8406,226,Accelerometer,-7.457938,-2.8874072999999996,5.1822495,1566947865893
8407,226,Gyroscope,-0.06169739,-0.14355333,0.016493361,1566947865902
8408,226,Accelerometer,-7.61835,-2.7329812,5.185841,1566947865903
8409,226,Gyroscope,-0.039095376,-0.16798794,0.009162978,1566947865913
8410,226,Accelerometer,-7.752425,-2.6443958,5.2301335,1566947865913
8411,226,Gyroscope,-0.017715093,-0.18936823,0.012217305,1566947865922
8412,226,Accelerometer,-7.935581699999999,-2.5797524,5.346252400000001,1566947865923
8413,226,Gyroscope,0.0012217305,-0.21013765,0.014049901000000002,1566947865932
8414,226,Accelerometer,-8.039729,-2.492364,5.4911017,1566947865933
8415,226,Gyroscope,0.01038471,-0.22235495,0.015882496,1566947865942
8416,226,Accelerometer,-8.145074000000001,-2.4001873,5.547365,1566947865943
8417,226,Gyroscope,0.0030543262,-0.23090707,0.018325957,1566947865952
8418,226,Accelerometer,-8.1402855,-2.327164,5.608417500000001,1566947865953
8419,226,Gyroscope,-0.007330383,-0.23396139,0.013439035,1566947865962
8420,226,Accelerometer,-8.104372999999999,-2.3415293999999998,5.746084,1566947865963
8421,226,Gyroscope,-0.020158553,-0.22602014,0.008552114,1566947865972
8422,226,Accelerometer,-8.055291,-2.2756886,5.8334722999999995,1566947865973
8423,226,Gyroscope,-0.03359759,-0.20891592,0.0036651915999999997,1566947865982
8424,226,Accelerometer,-7.81228,-2.2409727999999998,5.9747305,1566947865983
8425,226,Gyroscope,-0.036651913,-0.18692477,-0.0018325957999999999,1566947865992
8426,226,Accelerometer,-7.643489,-2.2613235,6.042965000000001,1566947865993
8427,226,Gyroscope,-0.045814894,-0.14782938,-0.0030543262,1566947866002
8428,226,Accelerometer,-7.4351935,-2.1942859,6.0142345,1566947866003
8429,226,Gyroscope,-0.056199603,-0.11056661,-0.00061086525,1566947866012
8430,226,Accelerometer,-7.2125325,-2.1320367,6.053739,1566947866013
8431,226,Gyroscope,-0.062308256,-0.09407325,-0.0061086523,1566947866022
8432,226,Accelerometer,-7.1634517,-2.1452047999999997,6.2057709999999995,1566947866023
8433,226,Gyroscope,-0.059253927000000005,-0.076358154,-0.018325957,1566947866032
8434,226,Accelerometer,-7.289147,-2.1631612999999996,6.206968,1566947866033
8435,226,Gyroscope,-0.07819075,-0.047647487,-0.015271631,1566947866042
8436,226,Accelerometer,-7.3083005000000005,-1.9991584,6.1650696,1566947866043
8437,226,Gyroscope,-0.112399206,-0.018936822,-0.0018325957999999999,1566947866052
8438,226,Accelerometer,-7.184999499999999,-1.8866308999999997,6.2488665999999995,1566947866053
8439,226,Gyroscope,-0.12522738,0.0030543262,0.0030543262,1566947866062
8440,226,Accelerometer,-7.176619500000001,-1.9919758,6.324283599999999,1566947866063
8441,226,Gyroscope,-0.1282817,0.014049901000000002,-0.0012217305,1566947866072
8442,226,Accelerometer,-7.1179619999999995,-2.1057005,6.339846,1566947866073
8443,226,Gyroscope,-0.13561209,0.02687807,0.007941248,1566947866083
8444,226,Accelerometer,-7.098808,-2.1428106,6.333860400000001,1566947866083
8445,226,Gyroscope,-0.14782938,0.043982297000000004,0.028099801,1566947866092
8446,226,Accelerometer,-7.0964136,-2.124854,6.315904,1566947866093
8447,226,Gyroscope,-0.15882497,0.0580322,0.04642576,1566947866102
8448,226,Accelerometer,-6.9826894,-2.1200657000000005,6.3087215,1566947866103
8449,226,Gyroscope,-0.16004670000000001,0.09773844,0.06047566,1566947866112
8450,226,Accelerometer,-7.012616599999999,-2.2589292999999997,6.26802,1566947866113
8451,226,Gyroscope,-0.16310102,0.1160644,0.077579886,1566947866122
8452,226,Accelerometer,-7.079654,-2.3582888,6.0824695,1566947866123
8453,226,Gyroscope,-0.17165314,0.12950343,0.093462385,1566947866133
8454,226,Accelerometer,-6.9719152,-2.3870192,5.9268465,1566947866133
8455,226,Gyroscope,-0.15515977,0.12156218,0.10262536,1566947866142
8456,226,Accelerometer,-6.9719152,-2.480393,5.8598084,1566947866143
8457,226,Gyroscope,-0.13988814,0.11362094,0.11484267,1566947866152
8458,226,Accelerometer,-7.100005,-2.5366566,5.801151,1566947866153
8459,226,Gyroscope,-0.12950343,0.103847094,0.12705997,1566947866162
8460,226,Accelerometer,-7.114370299999999,-2.4073699,5.7365074,1566947866163
8461,226,Gyroscope,-0.12644911,0.08857546,0.12889257,1566947866173
8462,226,Accelerometer,-7.1287354999999994,-2.2697031,5.73531,1566947866173
8463,226,Gyroscope,-0.13011430000000002,0.07696902,0.11362094,1566947866182
8464,226,Accelerometer,-7.1227503,-2.3343467999999996,5.6922144999999995,1566947866183
8465,226,Gyroscope,-0.14355333,0.06841691,0.10262536,1566947866192
8466,226,Accelerometer,-7.2963295,-2.4037786,5.705383,1566947866193
8467,226,Gyroscope,-0.16432275,0.069027774,0.093462385,1566947866202
8468,226,Accelerometer,-7.4124484,-2.2876596,5.7365074,1566947866203
8469,226,Gyroscope,-0.17715092,0.08735373,0.077579886,1566947866212
8470,226,Accelerometer,-7.358579,-2.2744915,5.792771,1566947866213
8471,226,Gyroscope,-0.172264,0.09285152,0.059864793,1566947866222
8472,226,Accelerometer,-7.465121000000001,-2.4899697,5.819107,1566947866223
8473,226,Gyroscope,-0.17043139999999998,0.10812314599999999,0.044593163,1566947866232
8474,226,Accelerometer,-7.607576,-2.7042507999999996,5.7987566,1566947866233
8475,226,Gyroscope,-0.1685988,0.118507855,0.03848451,1566947866242
8476,226,Accelerometer,-7.690175999999999,-2.837129,5.747281,1566947866243
8477,226,Gyroscope,-0.16432275,0.124005646,0.0421497,1566947866252
8478,226,Accelerometer,-7.754819400000001,-2.8898015,5.710171,1566947866253
8479,226,Gyroscope,-0.15821409,0.13316862,0.044593163,1566947866262
8480,226,Accelerometer,-7.721300599999999,-2.9556419999999997,5.7496753,1566947866263
8481,226,Gyroscope,-0.15271631,0.12583824,0.040927973,1566947866272
8482,226,Accelerometer,-7.776367,-3.0454244999999998,5.750872599999999,1566947866273
8483,226,Gyroscope,-0.16065755,0.12889257,0.050701816,1566947866282
8484,226,Accelerometer,-7.8027034,-3.0669725,5.6179943,1566947866283
8485,226,Gyroscope,-0.17715092,0.13133603,0.059253927000000005,1566947866292
8486,226,Accelerometer,-7.7105265,-2.9963433999999998,5.4934959999999995,1566947866293
8487,226,Gyroscope,-0.18142697,0.11789699,0.06352998,1566947866302
8488,226,Accelerometer,-7.417236999999999,-3.1711202000000003,5.3606176,1566947866303
8489,226,Gyroscope,-0.18142697,0.11362094,0.069027774,1566947866312
8490,226,Accelerometer,-7.4088573,-3.2441432,5.2923827,1566947866313
8491,226,Gyroscope,-0.17409660000000002,0.08307768,0.0720821,1566947866323
8492,226,Accelerometer,-7.284358500000001,-3.3530796,5.3127337,1566947866323
8493,226,Gyroscope,-0.15821409,0.043982297000000004,0.06963864,1566947866332
8494,226,Accelerometer,-7.217321000000001,-3.4213142,5.334281400000001,1566947866333
8495,226,Gyroscope,-0.14294247,0.027488936000000002,0.08368854,1566947866342
8496,226,Accelerometer,-7.1490865,-3.3602622,5.374983,1566947866343
8497,226,Gyroscope,-0.12339478,0.0018325957999999999,0.0842994,1566947866352
8498,226,Accelerometer,-7.183802,-3.3470940000000002,5.513846400000001,1566947866353
8499,226,Gyroscope,-0.093462385,-0.019547688,0.069027774,1566947866362
8500,226,Accelerometer,-7.322665700000001,-3.2896330000000003,5.650316,1566947866363
8501,226,Gyroscope,-0.08124508,-0.021380282999999996,0.07269296,1566947866373
8502,226,Accelerometer,-7.3897038,-2.9580362,5.677849299999999,1566947866373
8503,226,Gyroscope,-0.09773844,-0.002443461,0.09468412,1566947866382
8504,226,Accelerometer,-7.368156,-2.4875755,5.686229,1566947866383
8505,226,Gyroscope,-0.12583824,0.015882496,0.09896017,1566947866392
8506,226,Accelerometer,-7.4124484,-2.31639,5.8238955,1566947866393
8507,226,Gyroscope,-0.15210545,0.029932396,0.10018189999999999,1566947866403
8508,226,Accelerometer,-7.547721000000001,-2.280477,5.901707,1566947866403
8509,226,Gyroscope,-0.18875736,0.029932396,0.111177474,1566947866412
8510,226,Accelerometer,-7.553706,-2.0805612,5.957971,1566947866413
8511,226,Gyroscope,-0.22235495,0.047036625,0.12889257,1566947866422
8512,226,Accelerometer,-7.4483614000000005,-2.0518308000000003,6.0250087,1566947866423
8513,226,Gyroscope,-0.23396139,0.06841691,0.14721853,1566947866432
8514,226,Accelerometer,-7.430405,-2.1643584,6.099229,1566947866433
8515,226,Gyroscope,-0.22479841,0.095294975,0.16249016,1566947866442
8516,226,Accelerometer,-7.387309599999999,-2.1667526,6.0968347000000005,1566947866443
8517,226,Gyroscope,-0.21013765,0.11789699,0.18203785,1566947866453
8518,226,Accelerometer,-7.328651400000001,-2.1212628,6.123171,1566947866453
8519,226,Gyroscope,-0.19242255,0.13500121,0.1881465,1566947866462
8520,226,Accelerometer,-7.254431200000001,-2.0961237,6.1411276,1566947866463
8521,226,Gyroscope,-0.17837265,0.14782938,0.18631389999999998,1566947866472
8522,226,Accelerometer,-7.2448545,-2.0757727999999998,6.171055,1566947866473
8523,226,Gyroscope,-0.16432275,0.15699236,0.172264,1566947866482
8524,226,Accelerometer,-7.407660000000001,-2.1092918,5.997475,1566947866483
8525,226,Gyroscope,-0.17470746,0.15821409,0.16554448,1566947866492
8526,226,Accelerometer,-7.499836999999999,-1.9440918000000003,5.6910176,1566947866493
8527,226,Gyroscope,-0.19608775,0.17165314,0.14844026,1566947866502
8528,226,Accelerometer,-7.4088573,-1.8507179,5.4695540000000005,1566947866503
8529,226,Gyroscope,-0.1966986,0.16004670000000001,0.12034045,1566947866513
8530,226,Accelerometer,-7.489063000000001,-1.9644424999999999,5.334281400000001,1566947866513
8531,226,Gyroscope,-0.18631389999999998,0.12583824,0.07513642,1566947866522
8532,226,Accelerometer,-7.4639240000000004,-2.098518,5.2265425,1566947866523
8533,226,Gyroscope,-0.16493362,0.07452556,0.043982297000000004,1566947866532
8534,226,Accelerometer,-7.4639240000000004,-2.255338,5.2061915,1566947866533
8535,226,Gyroscope,-0.12950343,0.021991148999999998,0.022602014,1566947866542
8536,226,Accelerometer,-7.529764,-2.3247697,5.2540755,1566947866543
8537,226,Gyroscope,-0.09773844,-0.0012217305,0.009162978,1566947866552
8538,226,Accelerometer,-7.5345526,-2.4887726000000003,5.2385135,1566947866553
8539,226,Gyroscope,-0.07452556,-0.03481932,-0.004886922,1566947866563
8540,226,Accelerometer,-7.8290396,-2.7557259999999997,5.2265425,1566947866563
8541,226,Gyroscope,-0.055588737,-0.05375614,-0.007330383,1566947866572
8542,226,Accelerometer,-8.030152000000001,-2.8682537,5.260061299999999,1566947866573
8543,226,Gyroscope,-0.06352998,-0.02687807,-0.007330383,1566947866582
8544,226,Accelerometer,-8.180987,-2.8491,5.225345,1566947866583
8545,226,Gyroscope,-0.08246681,-0.010995574,-0.014049901000000002,1566947866592
8546,226,Accelerometer,-8.330625,-2.8514943,5.1200004,1566947866593
8547,226,Gyroscope,-0.09101892,-0.014660766,-0.025045475,1566947866602
8548,226,Accelerometer,-8.329428,-2.8790276,5.045780000000001,1566947866603
8549,226,Gyroscope,-0.0842994,-0.044593163,-0.029321532999999997,1566947866612
8550,226,Accelerometer,-8.322245,-2.846706,4.9919105,1566947866613
8551,226,Gyroscope,-0.076358154,-0.09101892,-0.028710667000000002,1566947866623
8552,226,Accelerometer,-8.207322999999999,-2.7138276,4.9440265,1566947866623
8553,226,Gyroscope,-0.059864793,-0.13744467,-0.02321288,1566947866632
8554,226,Accelerometer,-7.9571295,-2.5390507999999996,4.9883194,1566947866633
8555,226,Gyroscope,-0.03481932,-0.19486602,-0.030543262,1566947866642
8556,226,Accelerometer,-7.7224975,-2.4109612,5.142745,1566947866643
8557,226,Gyroscope,-0.01160644,-0.24495697,-0.04337143,1566947866652
8558,226,Accelerometer,-7.5429325,-2.420538,5.4659624,1566947866653
8559,226,Gyroscope,0.009773844,-0.28221974,-0.06352998,1566947866662
8560,226,Accelerometer,-7.515399,-2.4037786,5.750872599999999,1566947866663
8561,226,Gyroscope,0.016493361,-0.28344148,-0.06658431,1566947866673
8562,226,Accelerometer,-7.6003933,-2.3523033,6.0345855,1566947866673
8563,226,Gyroscope,-0.0036651915999999997,-0.24923302,-0.055588737,1566947866682
8564,226,Accelerometer,-7.5046253,-2.2170308,6.211755999999999,1566947866683
8565,226,Gyroscope,-0.025045475,-0.19730948,-0.029932396,1566947866692
8566,226,Accelerometer,-7.27957,-2.1176715,6.4188547,1566947866693
8567,226,Gyroscope,-0.040317107000000005,-0.1423316,-0.0012217305,1566947866702
8568,226,Accelerometer,-7.077260000000001,-2.1583729,6.5241995,1566947866703
8569,226,Gyroscope,-0.056199603,-0.08979719,0.02321288,1566947866712
8570,226,Accelerometer,-6.8581905,-2.2493525,6.590039999999999,1566947866713
8571,226,Gyroscope,-0.061086524,-0.04337143,0.04153884,1566947866722
8572,226,Accelerometer,-6.719327000000001,-2.3427265,6.6391215,1566947866723
8573,226,Gyroscope,-0.059864793,-0.004886922,0.05497787,1566947866732
8574,226,Accelerometer,-6.853402,-2.3989902,6.576872,1566947866733
8575,226,Gyroscope,-0.06047566,0.035430185,0.055588737,1566947866742
8576,226,Accelerometer,-7.011419999999999,-2.3511062000000003,6.361394000000001,1566947866743
8577,226,Gyroscope,-0.076358154,0.09162979,0.0580322,1566947866752
8578,226,Accelerometer,-7.168239999999999,-2.232593,6.184223,1566947866753
8579,226,Gyroscope,-0.08674286,0.14355333,0.061086524,1566947866762
8580,226,Accelerometer,-7.250839699999999,-2.2768857000000002,5.8562174,1566947866763
8581,226,Gyroscope,-0.08552113,0.15027285,0.06536258,1566947866772
8582,226,Accelerometer,-7.4471645,-2.3403322999999996,5.7041855,1566947866773
8583,226,Gyroscope,-0.08368854,0.14110987,0.06597344599999999,1566947866782
8584,226,Accelerometer,-7.6614455999999995,-2.2409727999999998,5.529408999999999,1566947866783
8585,226,Gyroscope,-0.09285152,0.13133603,0.06780604,1566947866792
8586,226,Accelerometer,-7.818265400000001,-2.2266076,5.3019595,1566947866793
8587,226,Gyroscope,-0.11789699,0.12278391400000001,0.06780604,1566947866802
8588,226,Accelerometer,-7.904457000000001,-2.3415293999999998,5.17387,1566947866803
8589,226,Gyroscope,-0.13011430000000002,0.10079276599999999,0.06414085,1566947866812
8590,226,Accelerometer,-7.959523700000001,-2.4672248,5.175066999999999,1566947866813
8591,226,Gyroscope,-0.12950343,0.06536258,0.06414085,1566947866822
8592,226,Accelerometer,-7.8577699999999995,-2.4049757,5.209783,1566947866823
8593,226,Gyroscope,-0.12217305,0.04337143,0.05681047,1566947866833
8594,226,Accelerometer,-7.612364299999999,-2.3678656000000005,5.3486465999999995,1566947866833
8595,226,Gyroscope,-0.092240654,0.002443461,0.03970624,1566947866842
8596,226,Accelerometer,-7.5584945999999995,-2.493561,5.521029,1566947866843
8597,226,Gyroscope,-0.06658431,-0.04520403,0.0036651915999999997,1566947866852
8598,226,Accelerometer,-7.705738,-2.6839,5.707777,1566947866853
8599,226,Gyroscope,-0.064751714,-0.062308256,-0.015271631,1566947866862
8600,226,Accelerometer,-7.8086886,-2.6396074,5.710171,1566947866863
8601,226,Gyroscope,-0.07452556,-0.059253927000000005,-0.015271631,1566947866873
8602,226,Accelerometer,-7.586028,-2.4600422,5.7879825,1566947866873
8603,226,Gyroscope,-0.07452556,-0.045814894,-0.005497787,1566947866882
8604,226,Accelerometer,-7.4711065,-2.5881321,5.723339,1566947866883
8605,226,Gyroscope,-0.06169739,-0.044593163,0.01038471,1566947866892
8606,226,Accelerometer,-7.4112515,-2.6288335,5.638344999999999,1566947866893
8607,226,Gyroscope,-0.06047566,-0.058643065,0.037873644,1566947866902
8608,226,Accelerometer,-7.240066000000001,-2.5510217999999996,5.494693,1566947866903
8609,226,Gyroscope,-0.073303826,-0.0580322,0.06536258,1566947866913
8610,226,Accelerometer,-6.9288197,-2.5079262000000004,5.6156,1566947866913
8611,226,Gyroscope,-0.056199603,-0.07941248,0.07696902,1566947866922
8612,226,Accelerometer,-6.9970546,-2.6743232999999997,5.837064,1566947866923
8613,226,Gyroscope,-0.040317107000000005,-0.10751228,0.08735373,1566947866932
8614,226,Accelerometer,-7.217321000000001,-2.5234885,5.841851999999999,1566947866933
8615,226,Gyroscope,-0.06841691,-0.08674286,0.10079276599999999,1566947866942
8616,226,Accelerometer,-7.041347,-2.2266076,5.8262897,1566947866943
8617,226,Gyroscope,-0.09712757,-0.050701816,0.10323623,1566947866952
8618,226,Accelerometer,-7.131129700000001,-2.2505496,5.913678,1566947866953
8619,226,Gyroscope,-0.106901415,-0.03970624,0.10079276599999999,1566947866963
8620,226,Accelerometer,-7.3166804,-2.4061728,5.9938839999999995,1566947866963
8621,226,Gyroscope,-0.11362094,-0.02565634,0.096516706,1566947866972
8622,226,Accelerometer,-7.351396,-2.4133554,6.0740894999999995,1566947866973
8623,226,Gyroscope,-0.12095132,-0.0030543262,0.10079276599999999,1566947866982
8624,226,Accelerometer,-7.387309599999999,-2.4516625,6.1363389999999995,1566947866983
8625,226,Gyroscope,-0.11789699,0.014049901000000002,0.10567969,1566947866992
8626,226,Accelerometer,-7.608772999999999,-2.4468741,6.05733,1566947866993
8627,226,Gyroscope,-0.13500121,0.048258353,0.10873401,1566947867002
8628,226,Accelerometer,-7.520187400000001,-2.44448,6.0525417,1566947867003
8629,226,Gyroscope,-0.15699236,0.073303826,0.11911872,1566947867012
8630,226,Accelerometer,-7.4327993,-2.4241292000000003,6.115988300000001,1566947867013
8631,226,Gyroscope,-0.18081611,0.0983493,0.12583824,1566947867023
8632,226,Accelerometer,-7.338228,-2.409764,6.0968347000000005,1566947867023
8633,226,Gyroscope,-0.21502456,0.13500121,0.13988814,1566947867032
8634,226,Accelerometer,-7.1969705,-2.3654714,6.0764837,1566947867033
8635,226,Gyroscope,-0.21502456,0.14538592,0.13439035,1566947867042
8636,226,Accelerometer,-7.1227503,-2.4528596,6.1938,1566947867043
8637,226,Gyroscope,-0.20952678,0.15149458,0.119729586,1566947867052
8638,226,Accelerometer,-7.1431007,-2.5366566,6.235698,1566947867053
8639,226,Gyroscope,-0.21319197,0.16004670000000001,0.11789699,1566947867062
8640,226,Accelerometer,-7.252037,-2.5605986,6.159084,1566947867063
8641,226,Gyroscope,-0.226631,0.18753563,0.1160644,1566947867072
8642,226,Accelerometer,-7.265205,-2.517503,6.0441623,1566947867073
8643,226,Gyroscope,-0.23273966,0.20036379999999998,0.11056661,1566947867083
8644,226,Accelerometer,-7.2807674,-2.5941176,5.9064955999999995,1566947867083
8645,226,Gyroscope,-0.22418754,0.20219639,0.09773844,1566947867092
8646,226,Accelerometer,-7.3047094,-2.7114333999999998,5.815516000000001,1566947867093
8647,226,Gyroscope,-0.20769419,0.19120082,0.08307768,1566947867102
8648,226,Accelerometer,-7.315483,-2.8670566,5.762843599999999,1566947867103
8649,226,Gyroscope,-0.1966986,0.18631389999999998,0.076358154,1566947867112
8650,226,Accelerometer,-7.4591354999999995,-2.9281087,5.5748987,1566947867113
8651,226,Gyroscope,-0.1966986,0.19181168,0.069027774,1566947867122
8652,226,Accelerometer,-7.45315,-2.9592332999999997,5.347449299999999,1566947867123
8653,226,Gyroscope,-0.18875736,0.1777618,0.06597344599999999,1566947867133
8654,226,Accelerometer,-7.4399820000000005,-3.0538042,5.2061915,1566947867133
8655,226,Gyroscope,-0.17043139999999998,0.15577064,0.059253927000000005,1566947867142
8656,226,Accelerometer,-7.49026,-3.0753522,5.087678400000001,1566947867143
8657,226,Gyroscope,-0.14477506,0.11484267,0.05497787,1566947867152
8658,226,Accelerometer,-7.515399,-3.1004913,4.9799394999999995,1566947867153
8659,226,Gyroscope,-0.11911872,0.08307768,0.05009095,1566947867162
8660,226,Accelerometer,-7.478289,-3.0849290000000003,4.88896,1566947867163
8661,226,Gyroscope,-0.10323623,0.05681047,0.044593163,1566947867172
8662,226,Accelerometer,-7.4723034,-3.004723,4.817133999999999,1566947867173
8663,226,Gyroscope,-0.08857546,0.05131268,0.037873644,1566947867183
8664,226,Accelerometer,-7.386112,-3.0597897,4.8159366,1566947867183
8665,226,Gyroscope,-0.08246681,0.04520403,0.03604105,1566947867192
8666,226,Accelerometer,-7.501034,-3.0322563999999996,4.8542438,1566947867193
8667,226,Gyroscope,-0.07086037,0.0018325957999999999,0.03848451,1566947867202
8668,226,Accelerometer,-7.799111999999999,-2.8754362999999996,4.9583917,1566947867203
8669,226,Gyroscope,-0.04276056599999999,-0.055588737,0.044593163,1566947867212
8670,226,Accelerometer,-7.949947,-2.8191724,5.207389,1566947867213
8671,226,Gyroscope,-0.025045475,-0.103847094,0.05497787,1566947867222
8672,226,Accelerometer,-8.277952,-2.385822,5.49589,1566947867223
8673,226,Gyroscope,-0.021991148999999998,-0.13072516,0.06597344599999999,1566947867232
8674,226,Accelerometer,-8.273164,-2.1452047999999997,5.5126495,1566947867233
8675,226,Gyroscope,-0.031154128,-0.16554448,0.07819075,1566947867243
8676,226,Accelerometer,-8.172607000000001,-2.0135236,5.6467247,1566947867243
8677,226,Gyroscope,-0.04337143,-0.20158553,0.07696902,1566947867252
8678,226,Accelerometer,-7.985860000000001,-1.9788077000000002,5.931635,1566947867253
8679,226,Gyroscope,-0.037873644,-0.20830505,0.032375857,1566947867262
8680,226,Accelerometer,-7.7919292,-1.9967641999999999,6.2345014,1566947867263
8681,226,Gyroscope,-0.04642576,-0.17043139999999998,0.0036651915999999997,1566947867272
8682,226,Accelerometer,-7.590816499999999,-1.9428947,6.455965,1566947867273
8683,226,Gyroscope,-0.06963864,-0.08002335,-0.005497787,1566947867282
8684,226,Accelerometer,-7.380127000000001,-1.8519150000000002,6.561310000000001,1566947867283
8685,226,Gyroscope,-0.096516706,0.016493361,-0.013439035,1566947867292
8686,226,Accelerometer,-7.1634517,-1.8614918000000003,6.487089599999999,1566947867293
8687,226,Gyroscope,-0.1282817,0.09896017,-0.010995574,1566947867303
8688,226,Accelerometer,-6.9228344,-1.9931729,6.331466000000001,1566947867303
8689,226,Gyroscope,-0.15943582,0.15882497,-0.00061086525,1566947867312
8690,226,Accelerometer,-6.800729799999999,-2.1691467999999996,6.173449,1566947867313
8691,226,Gyroscope,-0.1777618,0.19364429,0.017715093,1566947867322
8692,226,Accelerometer,-6.708553299999999,-2.3187842,6.1100025,1566947867323
8693,226,Gyroscope,-0.18020524,0.20219639,0.04276056599999999,1566947867332
8694,226,Accelerometer,-6.673837,-2.5091232999999997,6.089652,1566947867333
8695,226,Gyroscope,-0.16065755,0.19120082,0.06963864,1566947867342
8696,226,Accelerometer,-6.7971387000000005,-2.634819,6.129156,1566947867343
8697,226,Gyroscope,-0.13927728,0.18020524,0.08857546,1566947867352
8698,226,Accelerometer,-6.9599442,-2.6647465,6.048950700000001,1566947867353
8699,226,Gyroscope,-0.14844026,0.17043139999999998,0.12644911,1566947867363
8700,226,Accelerometer,-7.076063,-2.4372973,5.9124813,1566947867363
8701,226,Gyroscope,-0.17470746,0.13316862,0.17470746,1566947867373
8702,226,Accelerometer,-7.0808516,-2.146402,5.8215012999999995,1566947867373
8703,226,Gyroscope,-0.18692477,0.08002335,0.17470746,1566947867382
8704,226,Accelerometer,-7.2221093,-1.8746599,5.78918,1566947867383
8705,226,Gyroscope,-0.18997909,0.07269296,0.11728613,1566947867392
8706,226,Accelerometer,-7.797915,-1.9835961,5.5856724,1566947867393
8707,226,Gyroscope,-0.23273966,0.10934488,0.08796459400000001,1566947867402
8708,226,Accelerometer,-7.898471400000001,-1.7369933000000002,5.4659624,1566947867403
8709,226,Gyroscope,-0.26022860000000003,0.13316862,0.03848451,1566947867413
8710,226,Accelerometer,-7.9954367,-1.7693150000000002,5.483919,1566947867413
8711,226,Gyroscope,-0.22785273,0.118507855,-0.0061086523,1566947867422
8712,226,Accelerometer,-8.112753,-2.3116016,5.482722,1566947867423
8713,226,Gyroscope,-0.1423316,0.081855945,-0.031154128,1566947867432
8714,226,Accelerometer,-8.100781,-2.5342624,5.555745,1566947867433
8715,226,Gyroscope,-0.048258353,0.04642576,-0.061086524,1566947867442
8716,226,Accelerometer,-8.201338,-2.6396074,5.603629,1566947867443
8717,226,Gyroscope,0.018936822,0.014660766,-0.0842994,1566947867453
8718,226,Accelerometer,-8.259995,-2.6120741,5.623979599999999,1566947867453
8719,226,Gyroscope,0.05375614,0.052534412999999995,-0.09468412,1566947867462
8720,226,Accelerometer,-8.256405,-2.3714569,5.767632,1566947867463
8721,226,Gyroscope,0.039095376,0.03604105,-0.09101892,1566947867472
8722,226,Accelerometer,-7.728483,-1.9716251,5.5737014,1566947867473
8723,226,Gyroscope,0.0012217305,0.06597344599999999,-0.096516706,1566947867482
8724,226,Accelerometer,-7.444770299999999,-1.9069817,5.9041014,1566947867483
8725,226,Gyroscope,-0.051923547,0.056199603,-0.08002335,1566947867492
8726,226,Accelerometer,-7.3334399999999995,-1.9716251,5.6802435,1566947867493
8727,226,Gyroscope,-0.047647487,0.07147124,-0.052534412999999995,1566947867502
8728,226,Accelerometer,-7.2867527,-2.2254104999999997,5.8502316,1566947867503
8729,226,Gyroscope,-0.01282817,0.09712757,-0.03604105,1566947867513
8730,226,Accelerometer,-7.5285673,-2.4827871,5.9280434,1566947867513
8731,226,Gyroscope,0.06841691,0.084910266,-0.018936822,1566947867522
8732,226,Accelerometer,-7.759608,-2.6982652999999996,5.9448028,1566947867523
8733,226,Gyroscope,0.18448131,0.07941248,-0.03359759,1566947867532
8734,226,Accelerometer,-8.128314999999999,-2.731784,5.9448028,1566947867533
8735,226,Gyroscope,0.23518312,0.10323623,-0.03848451,1566947867542
8736,226,Accelerometer,-8.309077,-2.657564,5.7939680000000005,1566947867543
8737,226,Gyroscope,0.27000242,0.12950343,-0.08796459400000001,1566947867552
8738,226,Accelerometer,-8.261192999999999,-2.493561,5.895722,1566947867553
8739,226,Gyroscope,0.18325958,0.22174409,-0.16187929,1566947867562
8740,226,Accelerometer,-8.474277,-2.1930888,5.616797,1566947867563
8741,226,Gyroscope,0.004276057,0.24556783,-0.12767084,1566947867573
8742,226,Accelerometer,-8.058883,-1.9728221999999997,5.085284,1566947867573
8743,226,Gyroscope,-0.11056661,0.18753563,-0.16493362,1566947867582
8744,226,Accelerometer,-7.959523700000001,-1.5526398000000001,4.8506527,1566947867583
8745,226,Gyroscope,-0.05375614,0.14660765,-0.22418754,1566947867592
8746,226,Accelerometer,-7.03177,-0.748188,5.637148000000001,1566947867593
8747,226,Gyroscope,0.005497787,0.032375857,-0.06841691,1566947867602
8748,226,Accelerometer,-7.4842744,-2.8167782000000003,4.4879313,1566947867603
8749,226,Gyroscope,0.08063421400000001,0.029321532999999997,-0.12705997,1566947867612
8750,226,Accelerometer,-7.2664022,-2.146402,5.270835,1566947867613
8751,226,Gyroscope,0.23518312,0.07513642,-0.16249016,1566947867622
8752,226,Accelerometer,-7.691373,-2.6874914,5.7377043,1566947867623
8753,226,Gyroscope,0.3145956,0.059864793,-0.20219639,1566947867633
8754,226,Accelerometer,-7.826645399999999,-2.9029696,5.676652400000001,1566947867633
8755,226,Gyroscope,0.36835176,0.18387043,-0.226631,1566947867642
8756,226,Accelerometer,-8.273164,-3.2166099999999997,6.232107,1566947867643
8757,226,Gyroscope,0.30604348,0.111177474,-0.20280726,1566947867652
8758,226,Accelerometer,-8.016983999999999,-2.8275523,5.2061915,1566947867653
8759,226,Gyroscope,0.18081611,0.043982297000000004,-0.17837265,1566947867662
8760,226,Accelerometer,-7.9068513,-2.4001873,5.2756233,1566947867663
8761,226,Gyroscope,0.06047566,-0.043982297000000004,-0.19364429,1566947867672
8762,226,Accelerometer,-7.457938,-1.9309237000000001,5.408501599999999,1566947867673
8763,226,Gyroscope,-0.01038471,-0.10079276599999999,-0.20708331,1566947867682
8764,226,Accelerometer,-6.906075,-1.9800048,5.738901599999999,1566947867683
8765,226,Gyroscope,-0.043982297000000004,-0.12339478,-0.22052236,1566947867692
8766,226,Accelerometer,-6.702567599999999,-2.256535,5.972336299999999,1566947867693
8767,226,Gyroscope,-0.028710667000000002,-0.09040806,-0.19975294,1566947867702
8768,226,Accelerometer,-6.385336,-2.3594859,5.930437599999999,1566947867703
8769,226,Gyroscope,0.02565634,-0.081855945,-0.14477506,1566947867712
8770,226,Accelerometer,-6.257246,-2.2517467,6.1578870000000006,1566947867713
8771,226,Gyroscope,0.17348573,-0.10079276599999999,-0.106901415,1566947867722
8772,226,Accelerometer,-6.390124299999999,-2.1823148999999997,6.208165,1566947867723
8773,226,Gyroscope,0.29749137,-0.10567969,-0.1142318,1566947867732
8774,226,Accelerometer,-6.931214,-2.1799207000000003,6.155493,1566947867733
8775,226,Gyroscope,0.35735616,-0.076358154,-0.1441642,1566947867743
8776,226,Accelerometer,-7.284358500000001,-2.2541409,5.875371,1566947867743
8777,226,Gyroscope,0.35002577,-0.01282817,-0.16310102,1566947867752
8778,226,Accelerometer,-7.730877400000001,-2.1787236,5.685032,1566947867753
8779,226,Gyroscope,0.29749137,0.017104227,-0.18203785,1566947867762
8780,226,Accelerometer,-7.8003089999999995,-1.9189526999999997,5.2289367,1566947867763
8781,226,Gyroscope,0.24617869,-0.036651913,-0.22052236,1566947867772
8782,226,Accelerometer,-7.396886299999999,-1.043872,5.141548,1566947867773
8783,226,Gyroscope,0.21502456,-0.084910266,-0.25900686,1566947867782
8784,226,Accelerometer,-7.1227503,-1.2198458,5.175066999999999,1566947867783
8785,226,Gyroscope,0.10018189999999999,-0.06597344599999999,-0.25350907,1566947867792
8786,226,Accelerometer,-7.583634,-2.3822308,5.207389,1566947867793
8787,226,Gyroscope,-0.07819075,-0.028710667000000002,-0.22479841,1566947867803
8788,226,Accelerometer,-7.524976,-2.6300306,5.377377,1566947867803
8789,226,Gyroscope,-0.15210545,-0.070249505,-0.22357668,1566947867812
8790,226,Accelerometer,-7.3083005000000005,-2.7138276,5.677849299999999,1566947867813
8791,226,Gyroscope,-0.10140363,-0.13072516,-0.1966986,1566947867822
8792,226,Accelerometer,-6.8330517,-1.8088194,5.984307299999999,1566947867823
8793,226,Gyroscope,0.007941248,-0.14782938,-0.24984388,1566947867832
8794,226,Accelerometer,-6.569689299999999,-0.9947908000000001,6.06571,1566947867833
8795,226,Gyroscope,0.02076942,-0.14110987,-0.29932398,1566947867842
8796,226,Accelerometer,-7.395689,-2.3475148999999997,5.649119000000001,1566947867843
8797,226,Gyroscope,-0.092240654,-0.11789699,-0.29016098,1566947867852
8798,226,Accelerometer,-7.751228,-2.873042,6.069301,1566947867853
8799,226,Gyroscope,-0.03481932,-0.02565634,-0.24862215,1566947867863
8800,226,Accelerometer,-7.728483,-2.6982652999999996,6.7588315,1566947867863
8801,226,Gyroscope,0.11484267,0.118507855,-0.21868975,1566947867872
8802,226,Accelerometer,-7.505822,-2.586935,6.354211299999999,1566947867873
8803,226,Gyroscope,0.16615535,0.14966199,-0.26572640000000003,1566947867882
8804,226,Accelerometer,-7.369353,-2.3690627,5.942408599999999,1566947867883
8805,226,Gyroscope,0.12644911,0.17470746,-0.32253686,1566947867892
8806,226,Accelerometer,-7.4351935,-1.9692308999999997,6.0321913,1566947867893
8807,226,Gyroscope,0.05375614,0.28344148,-0.3286455,1566947867902
8808,226,Accelerometer,-7.478289,-2.4720132,5.876568,1566947867903
8809,226,Gyroscope,-0.04276056599999999,0.22296582,-0.3023783,1566947867912
8810,226,Accelerometer,-8.026561000000001,-3.3411086,5.518635,1566947867913
8811,226,Gyroscope,-0.059864793,0.19364429,-0.16554448,1566947867922
8812,226,Accelerometer,-7.159860000000001,-3.2561142000000003,5.5006785,1566947867923
8813,226,Gyroscope,-0.09590584,0.09285152,-0.073303826,1566947867932
8814,226,Accelerometer,-6.7636199999999995,-3.2824504,5.474342299999999,1566947867933
8815,226,Gyroscope,-0.105068825,-0.005497787,-0.10445796,1566947867942
8816,226,Accelerometer,-6.769605,-3.1160536,5.8179099999999995,1566947867943
8817,226,Gyroscope,-0.020158553,-0.012217305,-0.22418754,1566947867952
8818,226,Accelerometer,-7.023391,-2.6659436000000003,6.199784999999999,1566947867953
8819,226,Gyroscope,0.010995574,0.118507855,-0.24862215,1566947867962
8820,226,Accelerometer,-7.351396,-2.5198972,6.4140663,1566947867963
8821,226,Gyroscope,0.012217305,0.20769419,-0.17409660000000002,1566947867972
8822,226,Accelerometer,-7.708132300000001,-3.0657754,5.955577,1566947867973
8823,226,Gyroscope,0.010995574,0.22174409,-0.08979719,1566947867982
8824,226,Accelerometer,-7.357382,-3.4153287000000003,5.7125654,1566947867983
8825,226,Gyroscope,-0.012217305,0.24801129,-0.04886922,1566947867992
8826,226,Accelerometer,-7.313089,-3.2716765,5.8717794,1566947867993
8827,226,Gyroscope,-0.069027774,0.3268129,-0.00061086525,1566947868002
8828,226,Accelerometer,-7.4974427,-3.0190883,5.9400144,1566947868003
8829,226,Gyroscope,-0.09896017,0.43676865,0.052534412999999995,1566947868012
8830,226,Accelerometer,-7.2807674,-2.967613,6.0441623,1566947868013
8831,226,Gyroscope,-0.106901415,0.42760566,0.12278391400000001,1566947868022
8832,226,Accelerometer,-6.8127007,-3.2381577,5.7245364,1566947868023
8833,226,Gyroscope,-0.058643065,0.37873647,0.22174409,1566947868032
8834,226,Accelerometer,-6.7791820000000005,-3.1376014,5.6586957,1566947868033
8835,226,Gyroscope,0.04276056599999999,0.37018433,0.27183503,1566947868042
8836,226,Accelerometer,-6.4380083,-3.0801406000000005,5.8921304,1566947868043
8837,226,Gyroscope,0.09040806,0.3115413,0.3036,1566947868053
8838,226,Accelerometer,-6.681019999999999,-3.1435869,5.471948,1566947868053
8839,226,Gyroscope,0.059253927000000005,0.20586158,0.26206118,1566947868062
8840,226,Accelerometer,-7.029375999999999,-3.4524388,5.379771,1566947868063
8841,226,Gyroscope,0.0067195175,0.17104226,0.18509217,1566947868072
8842,226,Accelerometer,-7.351396,-3.5984852,5.518635,1566947868073
8843,226,Gyroscope,-0.043982297000000004,0.12950343,0.1386664,1566947868082
8844,226,Accelerometer,-7.352593400000001,-3.6715082999999997,5.7867856,1566947868083
8845,226,Gyroscope,-0.064751714,0.15271631,0.12034045,1566947868092
8846,226,Accelerometer,-7.526173,-3.6343982000000006,6.0704985,1566947868093
8847,226,Gyroscope,-0.086132,0.2443461,0.13439035,1566947868102
8848,226,Accelerometer,-7.7560163,-3.1124623,5.804742,1566947868103
8849,226,Gyroscope,-0.099571034,0.32498032,0.16982053,1566947868113
8850,226,Accelerometer,-7.8757267,-2.9113493,5.5629277,1566947868113
8851,226,Gyroscope,-0.10934488,0.32498032,0.2321288,1566947868122
8852,226,Accelerometer,-8.2276745,-2.5689783,4.985925,1566947868123
8853,226,Gyroscope,-0.1423316,0.18875736,0.2565634,1566947868132
8854,226,Accelerometer,-8.12233,-2.4157495,4.799176999999999,1566947868133
8855,226,Gyroscope,-0.18081611,0.07086037,0.25961772,1566947868142
8856,226,Accelerometer,-8.067263,-2.3606830000000003,5.279215,1566947868143
8857,226,Gyroscope,-0.17287487,-0.032986722999999996,0.22357668,1566947868152
8858,226,Accelerometer,-7.9762830000000005,-2.493561,5.5222263,1566947868153
8859,226,Gyroscope,-0.13805555,-0.048258353,0.12461651,1566947868162
8860,226,Accelerometer,-8.275558,-2.6024973,5.4049106,1566947868163
8861,226,Gyroscope,-0.116675265,-0.01282817,0.04886922,1566947868173
8862,226,Accelerometer,-8.450335,-2.9628246,5.305551,1566947868173
8863,226,Gyroscope,-0.10323623,-0.002443461,0.077579886,1566947868182
8864,226,Accelerometer,-8.057686,-2.967613,4.8853683,1566947868183
8865,226,Gyroscope,-0.10018189999999999,-0.10140363,0.13133603,1566947868192
8866,226,Accelerometer,-7.703344,-2.859874,4.9344497,1566947868193
8867,226,Gyroscope,-0.077579886,-0.14844026,0.12583824,1566947868202
8868,226,Accelerometer,-7.445967,-2.9281087,5.1080294,1566947868203
8869,226,Gyroscope,-0.03481932,-0.19242255,0.07513642,1566947868212
8870,226,Accelerometer,-7.398083,-2.979584,5.035006,1566947868213
8871,226,Gyroscope,0.0018325957999999999,-0.27672195,0.019547688,1566947868222
8872,226,Accelerometer,-7.6722193,-3.2609026,5.087678400000001,1566947868223
8873,226,Gyroscope,0.04520403,-0.30787608,-0.02443461,1566947868233
8874,226,Accelerometer,-7.8003089999999995,-3.4021605999999998,5.470751,1566947868233
8875,226,Gyroscope,0.099571034,-0.25778514,-0.035430185,1566947868242
8876,226,Accelerometer,-7.959523700000001,-3.7002387000000003,5.4695540000000005,1566947868243
8877,226,Gyroscope,0.13683382,-0.29749137,-0.023823743999999997,1566947868252
8878,226,Accelerometer,-7.9523410000000005,-3.8175547,5.3402667,1566947868253
8879,226,Gyroscope,0.14049901,-0.376293,0.004276057,1566947868262
8880,226,Accelerometer,-8.063671000000001,-3.8570589999999996,5.5725045,1566947868263
8881,226,Gyroscope,0.12156218,-0.40500367,0.035430185,1566947868272
8882,226,Accelerometer,-7.9714947,-3.8857894,5.886145,1566947868273
8883,226,Gyroscope,0.112399206,-0.3811799,0.052534412999999995,1566947868282
8884,226,Accelerometer,-7.937975999999999,-3.4847605,6.123171,1566947868283
8885,226,Gyroscope,0.12156218,-0.3378085,0.06414085,1566947868293
8886,226,Accelerometer,-7.844601600000001,-3.1531637000000003,6.2740054,1566947868293
8887,226,Gyroscope,0.14538592,-0.28527406,0.06291912,1566947868302
8888,226,Accelerometer,-7.451953,-2.432509,6.290765,1566947868303
8889,226,Gyroscope,0.16798794,-0.21868975,0.037873644,1566947868312
8890,226,Accelerometer,-7.3166804,-1.8411411,6.226121400000001,1566947868313
8891,226,Gyroscope,0.17592919,-0.1966986,0.0067195175,1566947868322
8892,226,Accelerometer,-7.121553,-1.6304513,6.242881,1566947868323
8893,226,Gyroscope,0.19792034,-0.16737708,-0.06352998,1566947868332
8894,226,Accelerometer,-6.459556,-1.4520833,6.811503999999999,1566947868333
8895,226,Gyroscope,0.2883284,-0.12705997,-0.37995818,1566947868342
8896,226,Accelerometer,-6.5708866,-4.614824,5.347449299999999,1566947868343
8897,226,Gyroscope,-0.02565634,-0.46670106,-0.34819320000000004,1566947868353
8898,226,Accelerometer,-9.269152,-0.7541734999999999,6.1542954000000005,1566947868353
8899,226,Gyroscope,-0.09590584,-0.16615535,-0.12095132,1566947868362
8900,226,Accelerometer,-6.6965823,0.05865794,7.7919292,1566947868363
8901,226,Gyroscope,-0.030543262,0.24678956,-0.14905111,1566947868372
8902,226,Accelerometer,-7.047333,-1.400608,6.634333,1566947868373
8903,226,Gyroscope,0.05375614,0.29443705,-0.16737708,1566947868382
8904,226,Accelerometer,-7.1371155,-2.3331497000000003,6.196194,1566947868383
8905,226,Gyroscope,0.13439035,0.23335053,-0.15821409,1566947868392
8906,226,Accelerometer,-7.0449386,-2.4528596,6.1902084,1566947868393
8907,226,Gyroscope,0.15821409,0.16249016,-0.09285152,1566947868402
8908,226,Accelerometer,-6.8162923,-2.0003555,6.1243677000000005,1566947868402
8909,226,Gyroscope,0.13805555,0.13744467,-0.10262536,1566947868413
8910,226,Accelerometer,-6.627150500000001,-1.9560628,6.1938,1566947868413
8911,226,Gyroscope,0.119729586,0.106901415,-0.13500121,1566947868422
8912,226,Accelerometer,-6.8342485,-2.1631612999999996,6.023811299999999,1566947868423
8913,226,Gyroscope,0.09040806,0.10812314599999999,-0.15454891,1566947868432
8914,226,Accelerometer,-7.1826053,-2.2230163,6.029797,1566947868433
8915,226,Gyroscope,0.093462385,0.20769419,-0.16187929,1566947868442
8916,226,Accelerometer,-7.358579,-2.2517467,6.2225304,1566947868443
8917,226,Gyroscope,0.12339478,0.28893927,-0.14172074,1566947868452
8918,226,Accelerometer,-7.465121000000001,-2.1619642000000003,6.135142,1566947868453
8919,226,Gyroscope,0.13133603,0.33658674,-0.081855945,1566947868462
8920,226,Accelerometer,-7.547721000000001,-2.1763293999999997,6.0118403,1566947868463
8921,226,Gyroscope,0.13927728,0.47403142,-0.015882496,1566947868473
8922,226,Accelerometer,-7.7129207,-2.1523874,6.5218053,1566947868473
8923,226,Gyroscope,0.14844026,0.5290093000000001,-0.021991148999999998,1566947868482
8924,226,Accelerometer,-7.747636999999999,-1.8698715,6.0285997,1566947868483
8925,226,Gyroscope,0.16004670000000001,0.42821655,-0.09040806,1566947868492
8926,226,Accelerometer,-7.559692,-1.5717934,5.6299653,1566947868493
8927,226,Gyroscope,0.24862215,0.11178834,-0.24251351,1566947868502
8928,226,Accelerometer,-6.131551,0.05267244,4.9799394999999995,1566947868503
8929,226,Gyroscope,0.3115413,0.13439035,-0.27122417,1566947868512
8930,226,Accelerometer,-7.0521210000000005,-0.7649474,6.017826,1566947868513
8931,226,Gyroscope,0.29749137,0.17959438,-0.30604348,1566947868522
8932,226,Accelerometer,-7.201759,-1.2737153,5.8394580000000005,1566947868523
8933,226,Gyroscope,0.25045475,0.21380283,-0.36713,1566947868532
8934,226,Accelerometer,-7.539341,-1.5813701999999998,6.008249299999999,1566947868533
8935,226,Gyroscope,0.20952678,0.23823744,-0.42332962,1566947868542
8936,226,Accelerometer,-7.969100500000001,-2.0039468,6.167464,1566947868543
8937,226,Gyroscope,0.17959438,0.24068089999999998,-0.44104472,1566947868552
8938,226,Accelerometer,-8.408437,-2.4911668,6.155493,1566947868553
8939,226,Gyroscope,0.17592919,0.17898351,-0.42332962,1566947868562
8940,226,Accelerometer,-8.261192999999999,-2.6144682999999995,5.919664,1566947868563
8941,226,Gyroscope,0.20525073,0.13316862,-0.38240165,1566947868572
8942,226,Accelerometer,-7.963114699999999,-2.6001031,5.8274870000000005,1566947868573
8943,226,Gyroscope,0.24678956,0.11728613,-0.35308012,1566947868582
8944,226,Accelerometer,-7.631517999999999,-2.5929205,5.7867856,1566947868583
8945,226,Gyroscope,0.26511553,0.16065755,-0.35430184,1566947868592
8946,226,Accelerometer,-7.5968018,-2.6994624,5.9148755,1566947868593
8947,226,Gyroscope,0.2742785,0.16798794,-0.31764993,1566947868602
8948,226,Accelerometer,-7.250839699999999,-2.4313118,5.9280434,1566947868603
8949,226,Gyroscope,0.26328292,0.17104226,-0.30298916,1566947868613
8950,226,Accelerometer,-7.1287354999999994,-2.3678656000000005,5.7520695,1566947868613
8951,226,Gyroscope,0.21746802,0.16249016,-0.2846632,1566947868622
8952,226,Accelerometer,-7.007828,-2.5965118,5.6886234,1566947868623
8953,226,Gyroscope,0.18875736,0.15515977,-0.25228736,1566947868632
8954,226,Accelerometer,-6.985083599999999,-2.6994624,5.5485625,1566947868633
8955,226,Gyroscope,0.16798794,0.15943582,-0.2144137,1566947868642
8956,226,Accelerometer,-6.9503675000000005,-2.7784709999999997,5.4851160000000005,1566947868643
8957,226,Gyroscope,0.16065755,0.19242255,-0.18875736,1566947868652
8958,226,Accelerometer,-6.879739,-2.7473464,5.4659624,1566947868653
8959,226,Gyroscope,0.15332718,0.23273966,-0.16249016,1566947868662
8960,226,Accelerometer,-6.8198833,-2.6910827,5.418078400000001,1566947868663
8961,226,Gyroscope,0.15027285,0.25473082,-0.13805555,1566947868673
8962,226,Accelerometer,-6.7887588,-2.6443958,5.434838,1566947868673
8963,226,Gyroscope,0.15332718,0.25534168,-0.11301007,1566947868682
8964,226,Accelerometer,-6.8821330000000005,-2.566584,5.5054669999999994,1566947868683
8965,226,Gyroscope,0.15149458,0.24984388,-0.10323623,1566947868692
8966,226,Accelerometer,-7.0820484,-2.4827871,5.5725045,1566947868693
8967,226,Gyroscope,0.14110987,0.23884831,-0.09896017,1566947868702
8968,226,Accelerometer,-7.345411,-2.4396915,5.553351,1566947868703
8969,226,Gyroscope,0.12217305,0.20525073,-0.0983493,1566947868712
8970,226,Accelerometer,-7.5429325,-2.4085669999999997,5.470751,1566947868713
8971,226,Gyroscope,0.11056661,0.15515977,-0.09712757,1566947868722
8972,226,Accelerometer,-7.636306299999999,-2.4887726000000003,5.3402667,1566947868723
8973,226,Gyroscope,0.111177474,0.105068825,-0.10018189999999999,1566947868733
8974,226,Accelerometer,-7.659051400000001,-2.6910827,5.2564697,1566947868733
8975,226,Gyroscope,0.12339478,0.06658431,-0.09896017,1566947868742
8976,226,Accelerometer,-7.6219410000000005,-2.8299465,5.294777,1566947868743
8977,226,Gyroscope,0.13622294,0.03970624,-0.10140363,1566947868752
8978,226,Accelerometer,-7.5561004,-2.8670566,5.4360349999999995,1566947868753
8979,226,Gyroscope,0.1423316,0.018325957,-0.09773844,1566947868762
8980,226,Accelerometer,-7.524976,-2.8155810000000003,5.41329,1566947868763
8981,226,Gyroscope,0.1337795,-0.016493361,-0.093462385,1566947868772
8982,226,Accelerometer,-7.393294999999999,-2.6767175,5.4683566,1566947868773
8983,226,Gyroscope,0.12461651,-0.047036625,-0.09468412,1566947868782
8984,226,Accelerometer,-7.299921,-2.5941176,5.614403,1566947868783
8985,226,Gyroscope,0.13194689,-0.069027774,-0.106901415,1566947868792
8986,226,Accelerometer,-7.260416499999999,-2.5450362999999996,5.7089739999999995,1566947868793
8987,226,Gyroscope,0.14721853,-0.084910266,-0.11911872,1566947868802
8988,226,Accelerometer,-7.260416499999999,-2.493561,5.756858,1566947868803
8989,226,Gyroscope,0.16187929,-0.08857546,-0.13011430000000002,1566947868812
8990,226,Accelerometer,-7.2185183,-2.4289176,5.853823,1566947868813
8991,226,Gyroscope,0.17715092,-0.08674286,-0.13622294,1566947868822
8992,226,Accelerometer,-7.250839699999999,-2.432509,5.852626,1566947868823
8993,226,Gyroscope,0.19058995,-0.084910266,-0.13927728,1566947868832
8994,226,Accelerometer,-7.3406224,-2.6001031,5.756858,1566947868833
8995,226,Gyroscope,0.19058995,-0.08796459400000001,-0.12644911,1566947868842
8996,226,Accelerometer,-7.390900599999999,-2.7856536,5.612008599999999,1566947868843
8997,226,Gyroscope,0.17104226,-0.106901415,-0.103847094,1566947868852
8998,226,Accelerometer,-7.267599000000001,-2.8550856,5.590461,1566947868853
8999,226,Gyroscope,0.15027285,-0.13133603,-0.08002335,1566947868862
9000,226,Accelerometer,-7.105990400000001,-2.883816,5.6670755999999995,1566947868863
9001,226,Gyroscope,0.1441642,-0.13439035,-0.06291912,1566947868872
9002,226,Accelerometer,-7.012616599999999,-2.8526914,5.8669910000000005,1566947868873
9003,226,Gyroscope,0.16615535,-0.1160644,-0.06963864,1566947868882
9004,226,Accelerometer,-6.9886745999999995,-2.8802247000000003,6.0848637000000005,1566947868883
9005,226,Gyroscope,0.18142697,-0.07941248,-0.08796459400000001,1566947868892
9006,226,Accelerometer,-6.970718400000001,-2.8682537,6.2057709999999995,1566947868893
9007,226,Gyroscope,0.1881465,-0.007330383,-0.10323623,1566947868903
9008,226,Accelerometer,-6.9288197,-2.8323407000000005,6.327875,1566947868903
9009,226,Gyroscope,0.18142697,0.035430185,-0.096516706,1566947868912
9010,226,Accelerometer,-7.3178773,-2.859874,6.1818290000000005,1566947868913
9011,226,Gyroscope,0.16676621,0.040927973,-0.11056661,1566947868922
9012,226,Accelerometer,-7.6351094,-2.7449522,5.9364233,1566947868923
9013,226,Gyroscope,0.16982053,0.018325957,-0.124005646,1566947868932
9014,226,Accelerometer,-7.69257,-2.8874072999999996,5.841851999999999,1566947868933
9015,226,Gyroscope,0.15882497,-0.030543262,-0.1142318,1566947868942
9016,226,Accelerometer,-7.612364299999999,-2.9712042999999997,5.699397,1566947868944
9017,226,Gyroscope,0.14110987,-0.048258353,-0.092240654,1566947868952
9018,226,Accelerometer,-7.265205,-3.064578,5.7209449999999995,1566947868953
9019,226,Gyroscope,0.13622294,-0.056199603,-0.084910266,1566947868963
9020,226,Accelerometer,-7.053317999999999,-3.0131028,5.8705826,1566947868963
9021,226,Gyroscope,0.15393804,-0.043982297000000004,-0.08979719,1566947868972
9022,226,Accelerometer,-7.029375999999999,-2.9628246,6.1973910000000005,1566947868973
9023,226,Gyroscope,0.16920967,-0.007330383,-0.08674286,1566947868982
9024,226,Accelerometer,-7.0245875999999985,-2.883816,6.432023,1566947868983
9025,226,Gyroscope,0.16004670000000001,0.025045475,-0.07147124,1566947868992
9026,226,Accelerometer,-7.1634517,-2.801216,6.451176599999999,1566947868993
9027,226,Gyroscope,0.124005646,0.05375614,-0.055588737,1566947869002
9028,226,Accelerometer,-7.260416499999999,-2.707842,6.3925184999999995,1566947869003
9029,226,Gyroscope,0.08307768,0.095294975,-0.03604105,1566947869012
9030,226,Accelerometer,-7.260416499999999,-2.6384103,6.415263700000001,1566947869013
9031,226,Gyroscope,0.05009095,0.14599679999999998,-0.02443461,1566947869022
9032,226,Accelerometer,-7.232883500000001,-2.5486276,6.3949127,1566947869023
9033,226,Gyroscope,0.02687807,0.18448131,-0.029321532999999997,1566947869032
9034,226,Accelerometer,-7.2915410000000005,-2.4875755,6.2943563,1566947869033
9035,226,Gyroscope,0.021991148999999998,0.22052236,-0.043982297000000004,1566947869042
9036,226,Accelerometer,-7.153875,-2.5462333999999998,6.114791,1566947869043
9037,226,Gyroscope,0.022602014,0.24068089999999998,-0.048258353,1566947869052
9038,226,Accelerometer,-7.1502833,-2.5785553,5.923255,1566947869053
9039,226,Gyroscope,0.02565634,0.20647246,-0.044593163,1566947869062
9040,226,Accelerometer,-7.315483,-2.5821466,5.459976999999999,1566947869063
9041,226,Gyroscope,0.036651913,0.14721853,-0.04886922,1566947869072
9042,226,Accelerometer,-7.380127000000001,-2.5366566,5.470751,1566947869073
9043,226,Gyroscope,0.049480084,0.116675265,-0.048258353,1566947869082
9044,226,Accelerometer,-7.583634,-2.5019407000000005,5.403713,1566947869082
9045,226,Gyroscope,0.055588737,0.08735373,-0.040317107000000005,1566947869092
9046,226,Accelerometer,-7.824250999999999,-2.4277205000000004,5.257667,1566947869093
9047,226,Gyroscope,0.05375614,-0.01038471,-0.02321288,1566947869102
9048,226,Accelerometer,-7.920019,-2.3918076,5.449203,1566947869103
9049,226,Gyroscope,0.077579886,-0.06414085,0.004276057,1566947869112
9050,226,Accelerometer,-8.015787,-2.2697031,5.60722,1566947869113
9051,226,Gyroscope,0.08552113,-0.10323623,0.03359759,1566947869122
9052,226,Accelerometer,-8.046911999999999,-2.1188686000000003,5.625177,1566947869123
9053,226,Gyroscope,0.08857546,-0.11056661,0.05009095,1566947869132
9054,226,Accelerometer,-7.8793178,-2.0039468,5.616797,1566947869133
9055,226,Gyroscope,0.07147124,-0.0842994,0.056199603,1566947869142
9056,226,Accelerometer,-7.629123700000001,-1.9895816000000002,5.5748987,1566947869143
9057,226,Gyroscope,0.04886922,-0.035430185,0.04642576,1566947869152
9058,226,Accelerometer,-7.48188,-2.0231004,5.60722,1566947869153
9059,226,Gyroscope,0.036651913,0.0067195175,0.028099801,1566947869162
9060,226,Accelerometer,-7.546523599999999,-2.0422540000000002,5.6443305,1566947869163
9061,226,Gyroscope,0.03604105,0.02443461,0.00061086525,1566947869172
9062,226,Accelerometer,-7.599196000000001,-2.1212628,5.6203885,1566947869173
9063,226,Gyroscope,0.04337143,0.03176499,-0.016493361,1566947869182
9064,226,Accelerometer,-7.730877400000001,-2.2134395000000002,5.5389857000000005,1566947869183
9065,226,Gyroscope,0.03970624,0.029321532999999997,-0.028099801,1566947869192
9066,226,Accelerometer,-7.77517,-2.2780828,5.425261,1566947869193
9067,226,Gyroscope,0.03176499,0.017104227,-0.023823743999999997,1566947869203
9068,226,Accelerometer,-7.7943234,-2.3535004,5.398925,1566947869203
9069,226,Gyroscope,0.028099801,-0.02443461,-0.005497787,1566947869212
9070,226,Accelerometer,-7.789535000000001,-2.3403322999999996,5.5258174,1566947869213
9071,226,Gyroscope,0.03604105,-0.070249505,0.019547688,1566947869222
9072,226,Accelerometer,-7.739257,-2.2266076,5.6443305,1566947869223
9073,226,Gyroscope,0.04642576,-0.10751228,0.053145275,1566947869232
9074,226,Accelerometer,-7.631517999999999,-2.0254946,5.7245364,1566947869233
9075,226,Gyroscope,0.043982297000000004,-0.12339478,0.08552113,1566947869242
9076,226,Accelerometer,-7.443573,-1.8052281000000003,5.753267,1566947869243
9077,226,Gyroscope,0.018936822,-0.13439035,0.112399206,1566947869253
9078,226,Accelerometer,-7.3334399999999995,-1.6412252,5.729325,1566947869253
9079,226,Gyroscope,-0.027488936000000002,-0.14355333,0.12095132,1566947869262
9080,226,Accelerometer,-7.2065472999999995,-1.4820108,5.767632,1566947869263
9081,226,Gyroscope,-0.08124508,-0.14905111,0.11545353400000001,1566947869272
9082,226,Accelerometer,-7.162254300000001,-1.4030021000000001,5.777209,1566947869273
9083,226,Gyroscope,-0.14049901,-0.14660765,0.105068825,1566947869282
9084,226,Accelerometer,-7.120356,-1.2856863,5.971139,1566947869283
9085,226,Gyroscope,-0.1826487,-0.10445796,0.09468412,1566947869292
9086,226,Accelerometer,-7.0485296,-1.2389994,6.303933,1566947869293
9087,226,Gyroscope,-0.20586158,-0.032986722999999996,0.099571034,1566947869302
9088,226,Accelerometer,-7.041347,-1.2940661,6.554127,1566947869303
9089,226,Gyroscope,-0.20891592,0.017104227,0.1160644,1566947869313
9090,226,Accelerometer,-7.21373,-1.3970166000000002,6.5241995,1566947869313
9091,226,Gyroscope,-0.20891592,0.0580322,0.13133603,1566947869322
9092,226,Accelerometer,-7.273585000000001,-1.483208,6.5984197,1566947869323
9093,226,Gyroscope,-0.20952678,0.14477506,0.172264,1566947869332
9094,226,Accelerometer,-7.285556,-1.4951789,6.5684924,1566947869333
9095,226,Gyroscope,-0.21197024,0.19730948,0.1966986,1566947869343
9096,226,Accelerometer,-7.337031,-1.5741876000000001,6.493075,1566947869343
9097,226,Gyroscope,-0.20525073,0.22113322,0.20219639,1566947869352
9098,226,Accelerometer,-7.5608889999999995,-1.7034745,6.289568,1566947869353
9099,226,Gyroscope,-0.20463985,0.23457226,0.19364429,1566947869362
9100,226,Accelerometer,-7.6889787,-1.7405846,6.0250087,1566947869363
9101,226,Gyroscope,-0.20769419,0.2321288,0.16737708,1566947869373
9102,226,Accelerometer,-7.745242599999999,-1.6460136000000003,5.8478374,1566947869373
9103,226,Gyroscope,-0.21197024,0.21502456,0.13194689,1566947869382
9104,226,Accelerometer,-7.856573,-1.4760253,5.8274870000000005,1566947869383
9105,226,Gyroscope,-0.22235495,0.20586158,0.09590584,1566947869392
9106,226,Accelerometer,-7.904457000000001,-1.2617443000000002,5.9184665999999995,1566947869393
9107,226,Gyroscope,-0.23335053,0.20525073,0.06169739,1566947869402
9108,226,Accelerometer,-7.9104424,-1.2054806,5.889736,1566947869403
9109,226,Gyroscope,-0.22724187,0.19425514,0.029321532999999997,1566947869412
9110,226,Accelerometer,-8.008605000000001,-1.1935096,5.718550700000001,1566947869413
9111,226,Gyroscope,-0.20891592,0.17898351,-0.0018325957999999999,1566947869422
9112,226,Accelerometer,-7.963114699999999,-1.3371617,5.651513,1566947869423
9113,226,Gyroscope,-0.17898351,0.15515977,-0.025045475,1566947869432
9114,226,Accelerometer,-8.001422,-1.5478513999999999,5.580883999999999,1566947869433
9115,226,Gyroscope,-0.14172074,0.13072516,-0.034208454,1566947869442
9116,226,Accelerometer,-8.130709,-1.8459294999999998,5.5102553,1566947869443
9117,226,Gyroscope,-0.11911872,0.086132,-0.03359759,1566947869452
9118,226,Accelerometer,-8.236053,-2.0961237,5.3366755999999995,1566947869453
9119,226,Gyroscope,-0.11178834,0.044593163,-0.031154128,1566947869462
9120,226,Accelerometer,-8.133103,-2.2170308,5.237316000000001,1566947869463
9121,226,Gyroscope,-0.0983493,-0.00061086525,-0.03604105,1566947869472
9122,226,Accelerometer,-7.9331875,-2.2852653999999997,5.2409077,1566947869473
9123,226,Gyroscope,-0.07941248,-0.055588737,-0.05009095,1566947869482
9124,226,Accelerometer,-7.8625584,-2.336741,5.2636523,1566947869483
9125,226,Gyroscope,-0.06597344599999999,-0.106901415,-0.06047566,1566947869492
9126,226,Accelerometer,-7.7440453,-2.3870192,5.153519,1566947869493
9127,226,Gyroscope,-0.053145275,-0.15760323,-0.07147124,1566947869503
9128,226,Accelerometer,-7.5549035,-2.2744915,5.002684599999999,1566947869503
9129,226,Gyroscope,-0.03848451,-0.18753563,-0.09285152,1566947869512
9130,226,Accelerometer,-7.4591354999999995,-2.1260512,5.073313,1566947869513
9131,226,Gyroscope,-0.010995574,-0.20280726,-0.12583824,1566947869522
9132,226,Accelerometer,-7.457938,-2.087744,5.6323595,1566947869523
9133,226,Gyroscope,0.023823743999999997,-0.22479841,-0.16310102,1566947869532
9134,226,Accelerometer,-7.773973,-2.0374656000000004,5.8215012999999995,1566947869533
9135,226,Gyroscope,0.0421497,-0.24373524,-0.19975294,1566947869542
9136,226,Accelerometer,-8.013392999999999,-1.8710686,5.955577,1566947869543
9137,226,Gyroscope,0.025045475,-0.23823744,-0.23090707,1566947869552
9138,226,Accelerometer,-8.079233,-1.8327613999999999,6.1507044,1566947869553
9139,226,Gyroscope,-0.007941248,-0.21746802,-0.24740042,1566947869562
9140,226,Accelerometer,-8.151060000000001,-1.8878279999999998,6.325481,1566947869563
9141,226,Gyroscope,-0.08063421400000001,-0.19608775,-0.23151793,1566947869572
9142,226,Accelerometer,-8.147469000000001,-1.9189526999999997,6.363788,1566947869573
9143,226,Gyroscope,-0.13439035,-0.17409660000000002,-0.19486602,1566947869582
9144,226,Accelerometer,-7.916428,-1.8746599,6.5026517,1566947869583
9145,226,Gyroscope,-0.1826487,-0.12767084,-0.13927728,1566947869592
9146,226,Accelerometer,-7.529764,-1.9105729999999999,6.7217210000000005,1566947869593
9147,226,Gyroscope,-0.21197024,-0.08307768,-0.08246681,1566947869603
9148,226,Accelerometer,-7.147889,-2.0039468,6.859388,1566947869603
9149,226,Gyroscope,-0.22785273,-0.04276056599999999,-0.05375614,1566947869612
9150,226,Accelerometer,-6.7504516,-2.1404164,6.9611415999999995,1566947869613
9151,226,Gyroscope,-0.2321288,-0.04276056599999999,-0.04276056599999999,1566947869622
9152,226,Accelerometer,-6.381745,-2.2876596,6.975507,1566947869623
9153,226,Gyroscope,-0.25350907,0.053145275,-0.035430185,1566947869632
9154,226,Accelerometer,-6.1926026,-2.4361002,6.868964699999999,1566947869633
9155,226,Gyroscope,-0.27183503,0.11545353400000001,-0.017715093,1566947869642
9156,226,Accelerometer,-6.1243677000000005,-2.60968,6.804321300000001,1566947869643
9157,226,Gyroscope,-0.27122417,0.18936823,-0.0012217305,1566947869652
9158,226,Accelerometer,-6.123171,-2.8311436000000003,6.780379300000001,1566947869653
9159,226,Gyroscope,-0.24740042,0.26022860000000003,0.019547688,1566947869662
9160,226,Accelerometer,-6.2249246,-3.0358477,6.586448700000001,1566947869663
9161,226,Gyroscope,-0.226631,0.30787608,0.05497787,1566947869672
9162,226,Accelerometer,-6.457162,-3.1483752999999997,6.2620344,1566947869673
9163,226,Gyroscope,-0.19547687,0.34513888,0.09773844,1566947869682
9164,226,Accelerometer,-6.657078,-3.0885203,6.002263500000001,1566947869683
9165,226,Gyroscope,-0.16126843,0.35613444,0.13622294,1566947869692
9166,226,Accelerometer,-6.9288197,-2.979584,5.7161565,1566947869693
9167,226,Gyroscope,-0.13194689,0.34086279999999997,0.15210545,1566947869703
9168,226,Accelerometer,-7.273585000000001,-2.8574797999999997,5.4934959999999995,1566947869703
9169,226,Gyroscope,-0.118507855,0.31887165,0.16004670000000001,1566947869712
9170,226,Accelerometer,-7.462726600000001,-2.7629087,5.2983685,1566947869713
9171,226,Gyroscope,-0.12034045,0.2761111,0.15699236,1566947869722
9172,226,Accelerometer,-7.590816499999999,-2.6384103,5.1702785,1566947869723
9173,226,Gyroscope,-0.12217305,0.22174409,0.14110987,1566947869732
9174,226,Accelerometer,-7.655460000000001,-2.5713725,5.0996494000000006,1566947869733
9175,226,Gyroscope,-0.11911872,0.16615535,0.11911872,1566947869742
9176,226,Accelerometer,-7.726089,-2.5486276,5.12838,1566947869743
9177,226,Gyroscope,-0.10262536,0.10629055,0.08979719,1566947869752
9178,226,Accelerometer,-7.776367,-2.6264392999999995,5.177461,1566947869753
9179,226,Gyroscope,-0.081855945,0.044593163,0.06047566,1566947869762
9180,226,Accelerometer,-7.8757267,-2.6767175,5.1882353,1566947869764
9181,226,Gyroscope,-0.07391469,-0.0036651915999999997,0.036651913,1566947869772
9182,226,Accelerometer,-7.799111999999999,-2.5558102000000003,5.17387,1566947869773
9183,226,Gyroscope,-0.0720821,-0.032986722999999996,0.016493361,1566947869782
9184,226,Accelerometer,-7.575253999999999,-2.5330652999999996,5.3378725,1566947869783
9185,226,Gyroscope,-0.05497787,-0.059253927000000005,-0.012217305,1566947869792
9186,226,Accelerometer,-7.468712299999999,-2.7210102000000003,5.5629277,1566947869793
9187,226,Gyroscope,-0.03970624,-0.064751714,-0.01282817,1566947869802
9188,226,Accelerometer,-7.384915400000001,-2.8778305,5.676652400000001,1566947869803
9189,226,Gyroscope,-0.034208454,-0.059253927000000005,-0.007941248,1566947869812
9190,226,Accelerometer,-7.298723700000001,-2.8622682,5.803545,1566947869813
9191,226,Gyroscope,-0.036651913,-0.04153884,-0.004276057,1566947869822
9192,226,Accelerometer,-7.309498,-2.8562827,5.920861,1566947869823
9193,226,Gyroscope,-0.04520403,-0.009162978,0.0036651915999999997,1566947869832
9194,226,Accelerometer,-7.3442134999999995,-2.7964275,5.997475,1566947869833
9195,226,Gyroscope,-0.05375614,0.018325957,0.013439035,1566947869842
9196,226,Accelerometer,-7.305906299999999,-2.7832594,6.007052,1566947869843
9197,226,Gyroscope,-0.05131268,0.035430185,0.022602014,1566947869852
9198,226,Accelerometer,-7.2484455,-2.8754362999999996,6.0166287,1566947869853
9199,226,Gyroscope,-0.043982297000000004,0.04520403,0.028710667000000002,1566947869863
9200,226,Accelerometer,-7.249642999999999,-2.9867666,5.969942,1566947869863
9201,226,Gyroscope,-0.040317107000000005,0.04642576,0.036651913,1566947869872
9202,226,Accelerometer,-7.2927384,-2.9963433999999998,5.9029045,1566947869873
9203,226,Gyroscope,-0.045814894,0.039095376,0.050701816,1566947869882
9204,226,Accelerometer,-7.3178773,-2.8670566,5.765238,1566947869883
9205,226,Gyroscope,-0.047036625,0.036651913,0.059253927000000005,1566947869892
9206,226,Accelerometer,-7.249642999999999,-2.7210102000000003,5.758055000000001,1566947869893
9207,226,Gyroscope,-0.04276056599999999,0.030543262,0.058643065,1566947869902
9208,226,Accelerometer,-7.1981673,-2.6755204,5.747281,1566947869903
9209,226,Gyroscope,-0.036651913,0.020158553,0.037873644,1566947869912
9210,226,Accelerometer,-7.1431007,-2.681506,5.774814599999999,1566947869913
9211,226,Gyroscope,-0.04337143,0.012217305,0.015882496,1566947869922
9212,226,Accelerometer,-7.2460512999999995,-2.6886885,5.8382607,1566947869922
9213,226,Gyroscope,-0.0580322,0.018325957,0.004276057,1566947869933
9214,226,Accelerometer,-7.323863,-2.6120741,5.8119245,1566947869933
9215,226,Gyroscope,-0.06780604,0.028710667000000002,-0.009773844,1566947869942
9216,226,Accelerometer,-7.2664022,-2.670732,5.7640405,1566947869943
9217,226,Gyroscope,-0.06780604,0.028710667000000002,-0.02443461,1566947869952
9218,226,Accelerometer,-7.2759789999999995,-2.9257145,5.748478400000001,1566947869953
9219,226,Gyroscope,-0.062308256,0.028710667000000002,-0.021380282999999996,1566947869962
9220,226,Accelerometer,-7.3490020000000005,-3.1651347000000003,5.7017913,1566947869963
9221,226,Gyroscope,-0.058643065,0.030543262,-0.01160644,1566947869972
9222,226,Accelerometer,-7.3202715,-3.1783028,5.614403,1566947869973
9223,226,Gyroscope,-0.047647487,0.031154128,-0.0061086523,1566947869982
9224,226,Accelerometer,-7.314286,-3.345897,5.619191000000001,1566947869983
9225,226,Gyroscope,-0.036651913,0.021991148999999998,-0.00061086525,1566947869993
9226,226,Accelerometer,-7.380127000000001,-3.3147724000000003,5.635950599999999,1566947869993
9227,226,Gyroscope,-0.02565634,0.021991148999999998,0.0018325957999999999,1566947870002
9228,226,Accelerometer,-7.4184339999999995,-3.2213984,5.66947,1566947870003
9229,226,Gyroscope,-0.025045475,-0.02687807,0.0012217305,1566947870012
9230,226,Accelerometer,-7.3406224,-3.0298622,5.7365074,1566947870013
9231,226,Gyroscope,-0.027488936000000002,-0.03604105,0.014049901000000002,1566947870022
9232,226,Accelerometer,-7.462726600000001,-2.7030537,5.7939680000000005,1566947870023
9233,226,Gyroscope,-0.029932396,-0.053145275,0.037873644,1566947870032
9234,226,Accelerometer,-7.5932107,-2.5821466,5.803545,1566947870033
9235,226,Gyroscope,-0.03604105,-0.103847094,0.050701816,1566947870042
9236,226,Accelerometer,-7.4603324,-2.6168625,5.889736,1566947870043
9237,226,Gyroscope,-0.039095376,-0.14294247,0.06352998,1566947870052
9238,226,Accelerometer,-7.3214690000000004,-2.56419,6.041768,1566947870053
9239,226,Gyroscope,-0.052534412999999995,-0.15699236,0.07880162,1566947870062
9240,226,Accelerometer,-7.3992805,-2.4241292000000003,6.0956373,1566947870063
9241,226,Gyroscope,-0.09040806,-0.15577064,0.08552113,1566947870072
9242,226,Accelerometer,-7.278373200000001,-2.3558946,6.156689599999999,1566947870073
9243,226,Gyroscope,-0.13744467,-0.13744467,0.086132,1566947870082
9244,226,Accelerometer,-7.133524,-2.3894134,6.2584434,1566947870084
9245,226,Gyroscope,-0.16676621,-0.11362094,0.09712757,1566947870092
9246,226,Accelerometer,-6.9970546,-2.3786395000000002,6.278794,1566947870093
9247,226,Gyroscope,-0.19242255,-0.07880162,0.10934488,1566947870102
9248,226,Accelerometer,-6.754042999999999,-2.3116016,6.319495,1566947870103
9249,226,Gyroscope,-0.204029,-0.014049901000000002,0.12644911,1566947870113
9250,226,Accelerometer,-6.491878,-2.2493525,6.439205599999999,1566947870113
9251,226,Gyroscope,-0.19853121,0.0580322,0.15271631,1566947870122
9252,226,Accelerometer,-6.4332199999999995,-2.1404164,6.420052,1566947870123
9253,226,Gyroscope,-0.19181168,0.12644911,0.17165314,1566947870132
9254,226,Accelerometer,-6.4499793,-2.134431,6.336254599999999,1566947870133
9255,226,Gyroscope,-0.17654006,0.18020524,0.18325958,1566947870142
9256,226,Accelerometer,-6.6630635,-2.1811178,6.1411276,1566947870143
9257,226,Gyroscope,-0.172264,0.22907446,0.19058995,1566947870152
9258,226,Accelerometer,-7.100005,-2.1739352000000003,5.8346696,1566947870153
9259,226,Gyroscope,-0.18631389999999998,0.23396139,0.19730948,1566947870162
9260,226,Accelerometer,-7.505822,-2.1619642000000003,5.637148000000001,1566947870163
9261,226,Gyroscope,-0.18692477,0.20097467,0.18753563,1566947870172
9262,226,Accelerometer,-7.872135000000001,-2.2290018,5.7029886,1566947870173
9263,226,Gyroscope,-0.17348573,0.16065755,0.1685988,1566947870183
9264,226,Accelerometer,-8.298303,-2.2984335,5.722142,1566947870183
9265,226,Gyroscope,-0.16310102,0.12217305,0.14905111,1566947870192
9266,226,Accelerometer,-8.559271,-2.3068132,5.511451999999999,1566947870193
9267,226,Gyroscope,-0.17409660000000002,0.08674286,0.13744467,1566947870202
9268,226,Accelerometer,-8.566454,-2.3331497000000003,5.261258,1566947870203
9269,226,Gyroscope,-0.19242255,0.06352998,0.13439035,1566947870212
9270,226,Accelerometer,-8.383297,-2.3786395000000002,5.058948,1566947870213
9271,226,Gyroscope,-0.20586158,0.05009095,0.1386664,1566947870222
9272,226,Accelerometer,-8.064867999999999,-2.3918076,5.021838,1566947870223
9273,226,Gyroscope,-0.21563543,0.03176499,0.15332718,1566947870232
9274,226,Accelerometer,-7.702147,-2.4253263,5.033809,1566947870233
9275,226,Gyroscope,-0.21991149,0.0067195175,0.16982053,1566947870242
9276,226,Accelerometer,-7.443573,-2.421735,5.183447,1566947870243
9277,226,Gyroscope,-0.22235495,-0.018325957,0.16737708,1566947870252
9278,226,Accelerometer,-7.28795,-2.2888567,5.363012,1566947870253
9279,226,Gyroscope,-0.21319197,-0.013439035,0.15271631,1566947870262
9280,226,Accelerometer,-7.20535,-2.1883004,5.5377884,1566947870263
9281,226,Gyroscope,-0.20036379999999998,-0.004276057,0.1423316,1566947870272
9282,226,Accelerometer,-7.231686,-2.1284454,5.681441,1566947870273
9283,226,Gyroscope,-0.18509217,0.009162978,0.13194689,1566947870283
9284,226,Accelerometer,-7.3777327999999995,-2.0949266,5.7377043,1566947870283
9285,226,Gyroscope,-0.17409660000000002,0.018936822,0.12644911,1566947870292
9286,226,Accelerometer,-7.583634,-2.1152773,5.677849299999999,1566947870293
9287,226,Gyroscope,-0.16249016,0.015882496,0.13133603,1566947870302
9288,226,Accelerometer,-7.728483,-2.1152773,5.614403,1566947870303
9289,226,Gyroscope,-0.15271631,0.010995574,0.13439035,1566947870313
9290,226,Accelerometer,-7.8757267,-2.1200657000000005,5.601235,1566947870313
9291,226,Gyroscope,-0.14477506,0.0067195175,0.13316862,1566947870322
9292,226,Accelerometer,-7.966706299999999,-2.1200657000000005,5.66947,1566947870323
9293,226,Gyroscope,-0.15149458,-0.009773844,0.12339478,1566947870332
9294,226,Accelerometer,-8.049306,-2.1799207000000003,5.645528,1566947870333
9295,226,Gyroscope,-0.17043139999999998,-0.029932396,0.10751228,1566947870342
9296,226,Accelerometer,-8.085219,-2.1966799999999997,5.6431336,1566947870343
9297,226,Gyroscope,-0.18875736,-0.05009095,0.08674286,1566947870352
9298,226,Accelerometer,-7.966706299999999,-2.1308396000000003,5.662287,1566947870353
9299,226,Gyroscope,-0.20280726,-0.06414085,0.061086524,1566947870362
9300,226,Accelerometer,-7.7787614000000005,-2.0697872999999998,5.7209449999999995,1566947870363
9301,226,Gyroscope,-0.21258110000000002,-0.07086037,0.032986722999999996,1566947870372
9302,226,Accelerometer,-7.5561004,-2.0374656000000004,5.795165,1566947870373
9303,226,Gyroscope,-0.20586158,-0.070249505,0.009773844,1566947870383
9304,226,Accelerometer,-7.3430165999999994,-2.054225,5.8909335,1566947870383
9305,226,Gyroscope,-0.19608775,-0.059864793,-0.01038471,1566947870392
9306,226,Accelerometer,-7.277176,-2.067393,5.9567738,1566947870393
9307,226,Gyroscope,-0.19547687,-0.05009095,-0.01160644,1566947870402
9308,226,Accelerometer,-7.2101383000000006,-2.112883,5.901707,1566947870403
9309,226,Gyroscope,-0.18936823,-0.035430185,-0.008552114,1566947870413
9310,226,Accelerometer,-7.1395097000000005,-2.2732944,5.877765,1566947870413
9311,226,Gyroscope,-0.17715092,-0.02565634,-0.01038471,1566947870422
9312,226,Accelerometer,-7.089231,-2.5139117000000004,5.8885393,1566947870423
9313,226,Gyroscope,-0.14905111,-0.02687807,-0.019547688,1566947870432
9314,226,Accelerometer,-7.1407065,-2.8155810000000003,5.876568,1566947870433
9315,226,Gyroscope,-0.12522738,-0.040927973,-0.032986722999999996,1566947870443
9316,226,Accelerometer,-7.455544000000001,-3.1028854999999997,5.8969190000000005,1566947870443
9317,226,Gyroscope,-0.111177474,-0.049480084,-0.0421497,1566947870452
9318,226,Accelerometer,-7.6267295,-3.0765493,5.881356200000001,1566947870453
9319,226,Gyroscope,-0.1142318,-0.04337143,-0.04153884,1566947870462
9320,226,Accelerometer,-7.7332716,-2.9520507,5.831078,1566947870463
9321,226,Gyroscope,-0.12950343,-0.023823743999999997,-0.027488936000000002,1566947870473
9322,226,Accelerometer,-7.632714999999999,-2.767697,5.7065797,1566947870473
9323,226,Gyroscope,-0.15882497,-0.01038471,0.01160644,1566947870482
9324,226,Accelerometer,-7.4866686,-2.7006595,5.7017913,1566947870483
9325,226,Gyroscope,-0.17287487,-0.0018325957999999999,0.03726278,1566947870492
9326,226,Accelerometer,-7.351396,-2.6743232999999997,5.7257333,1566947870493
9327,226,Gyroscope,-0.17837265,-0.014660766,0.051923547,1566947870503
9328,226,Accelerometer,-7.2484455,-2.6599581000000003,5.774814599999999,1566947870503
9329,226,Gyroscope,-0.17959438,-0.021380282999999996,0.06291912,1566947870512
9330,226,Accelerometer,-7.2963295,-2.6240451,5.864597,1566947870513
9331,226,Gyroscope,-0.19058995,-0.018325957,0.06719518,1566947870522
9332,226,Accelerometer,-7.3166804,-2.4851813,6.005855,1566947870523
9333,226,Gyroscope,-0.20158553,0.002443461,0.06658431,1566947870532
9334,226,Accelerometer,-7.325060000000001,-2.397793,6.115988300000001,1566947870533
9335,226,Gyroscope,-0.20647246,0.022602014,0.059253927000000005,1566947870542
9336,226,Accelerometer,-7.313089,-2.433706,6.1698580000000005,1566947870543
9337,226,Gyroscope,-0.21135938,0.047647487,0.05131268,1566947870552
9338,226,Accelerometer,-7.3645644,-2.4672248,6.1662664000000005,1566947870553
9339,226,Gyroscope,-0.21807889999999996,0.0720821,0.047647487,1566947870562
9340,226,Accelerometer,-7.376535400000001,-2.4612392999999995,6.1698580000000005,1566947870562
9341,226,Gyroscope,-0.21868975,0.095294975,0.05131268,1566947870572
9342,226,Accelerometer,-7.395689,-2.4516625,6.1746464,1566947870573
9343,226,Gyroscope,-0.21807889999999996,0.12095132,0.0580322,1566947870582
9344,226,Accelerometer,-7.313089,-2.4265234,6.1040173,1566947870583
9345,226,Gyroscope,-0.22418754,0.15088372,0.07086037,1566947870592
9346,226,Accelerometer,-7.260416499999999,-2.4277205000000004,5.957971,1566947870593
9347,226,Gyroscope,-0.23457226,0.16126843,0.08002335,1566947870603
9348,226,Accelerometer,-7.1454949999999995,-2.4384943999999997,5.8358665,1566947870603
9349,226,Gyroscope,-0.22907446,0.16310102,0.08368854,1566947870612
9350,226,Accelerometer,-7.0066314,-2.5833437000000004,5.901707,1566947870613
9351,226,Gyroscope,-0.20769419,0.15271631,0.07880162,1566947870622
9352,226,Accelerometer,-7.1454949999999995,-2.6982652999999996,5.8502316,1566947870623
9353,226,Gyroscope,-0.20830505,0.13622294,0.076358154,1566947870632
9354,226,Accelerometer,-7.2209125,-2.6862943,5.6826377,1566947870633
9355,226,Gyroscope,-0.21685717,0.13561209,0.08674286,1566947870643
9356,226,Accelerometer,-7.186196300000001,-2.681506,5.559336,1566947870643
9357,226,Gyroscope,-0.21135938,0.13500121,0.09101892,1566947870652
9358,226,Accelerometer,-7.301117999999999,-2.767697,5.473145,1566947870653
9359,226,Gyroscope,-0.19181168,0.11911872,0.09101892,1566947870662
9360,226,Accelerometer,-7.353790299999999,-2.835932,5.4049106,1566947870663
9361,226,Gyroscope,-0.16432275,0.095294975,0.086132,1566947870672
9362,226,Accelerometer,-7.468712299999999,-2.9472623,5.366603,1566947870673
9363,226,Gyroscope,-0.1386664,0.06169739,0.0842994,1566947870682
9364,226,Accelerometer,-7.632714999999999,-2.9364884,5.2983685,1566947870683
9365,226,Gyroscope,-0.12889257,0.029321532999999997,0.08368854,1566947870693
9366,226,Accelerometer,-7.668628,-2.823961,5.2899885,1566947870693
9367,226,Gyroscope,-0.12156218,0.010995574,0.07880162,1566947870702
9368,226,Accelerometer,-7.6578539999999995,-2.7665,5.3737855,1566947870703
9369,226,Gyroscope,-0.119729586,-0.01038471,0.06841691,1566947870712
9370,226,Accelerometer,-7.630321,-2.7952304,5.3761797,1566947870713
9371,226,Gyroscope,-0.12644911,-0.03176499,0.070249505,1566947870722
9372,226,Accelerometer,-7.5034279999999995,-2.8395232999999998,5.3725886,1566947870723
9373,226,Gyroscope,-0.1282817,-0.044593163,0.07391469,1566947870732
9374,226,Accelerometer,-7.4112515,-2.8407204,5.418078400000001,1566947870733
9375,226,Gyroscope,-0.112399206,-0.049480084,0.070249505,1566947870743
9376,226,Accelerometer,-7.3490020000000005,-2.835932,5.474342299999999,1566947870743
9377,226,Gyroscope,-0.09773844,-0.047036625,0.06963864,1566947870752
9378,226,Accelerometer,-7.3430165999999994,-2.835932,5.5150437000000005,1566947870753
9379,226,Gyroscope,-0.08552113,-0.047036625,0.06414085,1566947870762
9380,226,Accelerometer,-7.357382,-2.8526914,5.5377884,1566947870763
9381,226,Gyroscope,-0.07147124,-0.04276056599999999,0.056199603,1566947870772
9382,226,Accelerometer,-7.4268136,-2.8766334,5.559336,1566947870773
9383,226,Gyroscope,-0.07147124,-0.04337143,0.047036625,1566947870783
9384,226,Accelerometer,-7.522581599999999,-2.8443117,5.553351,1566947870783
9385,226,Gyroscope,-0.07696902,-0.039095376,0.04276056599999999,1566947870792
9386,226,Accelerometer,-7.499836999999999,-2.7976246,5.592855,1566947870793
9387,226,Gyroscope,-0.08246681,-0.037873644,0.04153884,1566947870802
9388,226,Accelerometer,-7.5082164,-2.8000187999999997,5.627571,1566947870803
9389,226,Gyroscope,-0.08674286,-0.06047566,0.04337143,1566947870812
9390,226,Accelerometer,-7.614758500000001,-2.7784709999999997,5.556941999999999,1566947870813
9391,226,Gyroscope,-0.09162979,-0.08002335,0.03359759,1566947870822
9392,226,Accelerometer,-7.405266,-2.8335377999999998,5.5820813,1566947870823
9393,226,Gyroscope,-0.081855945,-0.084910266,0.021380282999999996,1566947870832
9394,226,Accelerometer,-7.189788,-2.9891607999999996,5.6898203,1566947870833
9395,226,Gyroscope,-0.07269296,-0.08368854,0.02565634,1566947870842
9396,226,Accelerometer,-7.260416499999999,-3.0765493,5.718550700000001,1566947870843
9397,226,Gyroscope,-0.073303826,-0.06169739,0.03848451,1566947870852
9398,226,Accelerometer,-7.1790137000000005,-3.083732,5.7377043,1566947870853
9399,226,Gyroscope,-0.076358154,-0.04886922,0.05497787,1566947870862
9400,226,Accelerometer,-7.1742253,-3.1256304,5.7065797,1566947870863
9401,226,Gyroscope,-0.0842994,-0.06169739,0.084910266,1566947870873
9402,226,Accelerometer,-7.313089,-2.9592332999999997,5.6826377,1566947870873
9403,226,Gyroscope,-0.08552113,-0.0720821,0.0983493,1566947870882
9404,226,Accelerometer,-7.125144500000001,-2.7868507,5.8454432,1566947870883
9405,226,Gyroscope,-0.084910266,-0.06719518,0.12217305,1566947870892
9406,226,Accelerometer,-7.019799000000001,-2.7210102000000003,6.0561333,1566947870893
9407,226,Gyroscope,-0.09162979,-0.04276056599999999,0.14477506,1566947870902
9408,226,Accelerometer,-7.184999499999999,-2.2828712,6.1411276,1566947870903
9409,226,Gyroscope,-0.111177474,-0.004276057,0.16432275,1566947870912
9410,226,Accelerometer,-7.243657000000001,-2.148796,6.1985884,1566947870913
9411,226,Gyroscope,-0.13683382,0.034208454,0.18325958,1566947870923
9412,226,Accelerometer,-7.414842599999999,-1.9261352999999999,6.1782374,1566947870923
9413,226,Gyroscope,-0.17287487,0.05131268,0.19120082,1566947870932
9414,226,Accelerometer,-7.3214690000000004,-1.697489,6.265626,1566947870933
9415,226,Gyroscope,-0.20219639,0.06536258,0.18142697,1566947870942
9416,226,Accelerometer,-7.184999499999999,-1.5382746,6.5206084,1566947870943
9417,226,Gyroscope,-0.22357668,0.112399206,0.17837265,1566947870952
9418,226,Accelerometer,-7.2484455,-1.4879963,6.6762314,1566947870953
9419,226,Gyroscope,-0.24007004,0.18448131,0.16493362,1566947870962
9420,226,Accelerometer,-7.254431200000001,-1.5610195,6.766014,1566947870963
9421,226,Gyroscope,-0.24740042,0.26206118,0.14599679999999998,1566947870972
9422,226,Accelerometer,-7.281964299999999,-1.6759412,6.739678,1566947870973
9423,226,Gyroscope,-0.26022860000000003,0.34025195,0.13622294,1566947870982
9424,226,Accelerometer,-7.431602000000001,-1.7513584999999998,6.471527,1566947870983
9425,226,Gyroscope,-0.27488935,0.37690386,0.13133603,1566947870992
9426,226,Accelerometer,-7.57286,-1.8195933000000002,6.2153480000000005,1566947870993
9427,226,Gyroscope,-0.28038713,0.40256020000000003,0.12644911,1566947871002
9428,226,Accelerometer,-7.6650367,-1.9249381999999997,5.990292500000001,1566947871003
9429,226,Gyroscope,-0.27855456,0.40256020000000003,0.11728613,1566947871013
9430,226,Accelerometer,-7.7703815,-1.9788077000000002,5.6563015,1566947871013
9431,226,Gyroscope,-0.2742785,0.3921755,0.105068825,1566947871022
9432,226,Accelerometer,-7.8517847000000005,-2.0350714,5.3941364,1566947871023
9433,226,Gyroscope,-0.26267207,0.37079520000000005,0.099571034,1566947871032
9434,226,Accelerometer,-7.8757267,-2.1296425,5.1810527,1566947871033
9435,226,Gyroscope,-0.23823744,0.34208453,0.10995574,1566947871042
9436,226,Accelerometer,-7.921216499999999,-2.2014685000000003,4.999093,1566947871043
9437,226,Gyroscope,-0.22052236,0.30482176,0.12095132,1566947871052
9438,226,Accelerometer,-7.9236107,-2.2098482,4.8638205999999995,1566947871053
9439,226,Gyroscope,-0.20341812,0.26083946,0.13316862,1566947871063
9440,226,Accelerometer,-7.898471400000001,-2.1918917,4.76925,1566947871063
9441,226,Gyroscope,-0.18936823,0.22113322,0.14110987,1566947871072
9442,226,Accelerometer,-7.904457000000001,-2.2158337,4.7165775000000005,1566947871073
9443,226,Gyroscope,-0.1685988,0.16676621,0.14660765,1566947871082
9444,226,Accelerometer,-8.031349,-2.1918917,4.6495394999999995,1566947871083
9445,226,Gyroscope,-0.14172074,0.099571034,0.13744467,1566947871092
9446,226,Accelerometer,-8.207322999999999,-2.1140802000000005,4.6244005999999995,1566947871093
9447,226,Gyroscope,-0.111177474,0.03726278,0.118507855,1566947871103
9448,226,Accelerometer,-8.415619,-2.0003555,4.590882,1566947871103
9449,226,Gyroscope,-0.07941248,-0.022602014,0.09773844,1566947871112
9450,226,Accelerometer,-8.637083,-1.8291701,4.55856,1566947871113
9451,226,Gyroscope,-0.0580322,-0.077579886,0.06658431,1566947871122
9452,226,Accelerometer,-8.637083,-1.6531962,4.6160207,1566947871123
9453,226,Gyroscope,-0.049480084,-0.124005646,0.03848451,1566947871132
9454,226,Accelerometer,-8.6095495,-1.5059528,4.701015,1566947871133
9455,226,Gyroscope,-0.05375614,-0.16920967,0.0067195175,1566947871142
9456,226,Accelerometer,-8.520964,-1.3958195,4.844666999999999,1566947871143
9457,226,Gyroscope,-0.06658431,-0.21013765,-0.023823743999999997,1566947871152
9458,226,Accelerometer,-8.452729,-1.4065934,5.055357,1566947871153
9459,226,Gyroscope,-0.07696902,-0.22602014,-0.051923547,1566947871162
9460,226,Accelerometer,-8.254010000000001,-1.484405,5.3127337,1566947871163
9461,226,Gyroscope,-0.08735373,-0.21074851,-0.084910266,1566947871172
9462,226,Accelerometer,-8.14268,-1.6328455,5.4934959999999995,1566947871173
9463,226,Gyroscope,-0.1020145,-0.18692477,-0.09773844,1566947871182
9464,226,Accelerometer,-8.034941,-1.8255788,5.631162000000001,1566947871183
9465,226,Gyroscope,-0.105068825,-0.17287487,-0.093462385,1566947871192
9466,226,Accelerometer,-7.9272017,-2.0410569,5.7281275,1566947871193
9467,226,Gyroscope,-0.105068825,-0.15943582,-0.08246681,1566947871202
9468,226,Accelerometer,-7.7847466,-2.1499932,5.785588300000001,1566947871203
9469,226,Gyroscope,-0.1142318,-0.13988814,-0.06719518,1566947871212
9470,226,Accelerometer,-7.632714999999999,-2.1739352000000003,5.865794,1566947871213
9471,226,Gyroscope,-0.12950343,-0.12156218,-0.047647487,1566947871222
9472,226,Accelerometer,-7.4699089999999995,-2.1535845,5.931635,1566947871222
9473,226,Gyroscope,-0.13683382,-0.09590584,-0.028710667000000002,1566947871233
9474,226,Accelerometer,-7.3166804,-2.1930888,5.9998693,1566947871233
9475,226,Gyroscope,-0.13683382,-0.07513642,-0.007941248,1566947871242
9476,226,Accelerometer,-7.217321000000001,-2.2589292999999997,6.0202203,1566947871243
9477,226,Gyroscope,-0.1386664,-0.05131268,0.014660766,1566947871252
9478,226,Accelerometer,-7.0784574000000005,-2.2732944,5.9771247,1566947871253
9479,226,Gyroscope,-0.13011430000000002,-0.028099801,0.03481932,1566947871262
9480,226,Accelerometer,-6.9587474,-2.2529437999999997,5.9160724,1566947871263
9481,226,Gyroscope,-0.124005646,-0.014049901000000002,0.043982297000000004,1566947871273
9482,226,Accelerometer,-7.037756,-2.255338,5.7999535,1566947871273
9483,226,Gyroscope,-0.11789699,-0.0067195175,0.03604105,1566947871282
9484,226,Accelerometer,-7.1610575,-2.2361843999999995,5.6790465999999995,1566947871283
9485,226,Gyroscope,-0.11789699,-0.012217305,0.009162978,1566947871292
9486,226,Accelerometer,-7.3178773,-2.1918917,5.5389857000000005,1566947871293
9487,226,Gyroscope,-0.12034045,-0.034208454,-0.017104227,1566947871302
9488,226,Accelerometer,-7.451953,-2.2146366000000004,5.3330839999999995,1566947871303
9489,226,Gyroscope,-0.12217305,-0.059864793,-0.03726278,1566947871312
9490,226,Accelerometer,-7.595605,-2.348712,5.201403,1566947871313
9491,226,Gyroscope,-0.11728613,-0.07696902,-0.056199603,1566947871323
9492,226,Accelerometer,-7.6853875999999985,-2.4061728,5.2540755,1566947871323
9493,226,Gyroscope,-0.10323623,-0.099571034,-0.07269296,1566947871332
9494,226,Accelerometer,-7.716512,-2.4540567,5.420472599999999,1566947871333
9495,226,Gyroscope,-0.086132,-0.14721853,-0.081855945,1566947871342
9496,226,Accelerometer,-7.835025,-2.5617957000000002,5.6299653,1566947871343
9497,226,Gyroscope,-0.08674286,-0.19853121,-0.0842994,1566947871352
9498,226,Accelerometer,-7.966706299999999,-2.574964,5.74369,1566947871353
9499,226,Gyroscope,-0.10629055,-0.22113322,-0.058643065,1566947871362
9500,226,Accelerometer,-7.823053999999999,-2.6408044999999998,6.05733,1566947871363
9501,226,Gyroscope,-0.1160644,-0.21502456,-0.023823743999999997,1566947871372
9502,226,Accelerometer,-7.4327993,-2.6527755,6.2249246,1566947871373
9503,226,Gyroscope,-0.12461651,-0.19547687,0.01160644,1566947871382
9504,226,Accelerometer,-7.123947,-2.60968,6.2847795,1566947871383
9505,226,Gyroscope,-0.13744467,-0.13561209,0.04520403,1566947871392
9506,226,Accelerometer,-6.8186865,-2.6192567,6.3757589999999995,1566947871393
9507,226,Gyroscope,-0.14660765,0.004886922,0.09040806,1566947871402
9508,226,Accelerometer,-6.7205243,-2.6551697,6.4212489999999995,1566947871403
9509,226,Gyroscope,-0.1386664,0.10018189999999999,0.10934488,1566947871413
9510,226,Accelerometer,-6.789956,-2.6192567,6.2273190000000005,1566947871413
9511,226,Gyroscope,-0.12522738,0.16310102,0.118507855,1566947871422
9512,226,Accelerometer,-6.981492,-2.6013002,6.105214,1566947871423
9513,226,Gyroscope,-0.105068825,0.20341812,0.111177474,1566947871432
9514,226,Accelerometer,-7.3322425,-2.64679,5.901707,1566947871433
9515,226,Gyroscope,-0.10445796,0.23151793,0.0983493,1566947871442
9516,226,Accelerometer,-7.7129207,-2.5725696,5.626374,1566947871443
9517,226,Gyroscope,-0.116675265,0.25778514,0.08979719,1566947871452
9518,226,Accelerometer,-7.949947,-2.5151088,5.21936,1566947871453
9519,226,Gyroscope,-0.13072516,0.26267207,0.08246681,1566947871463
9520,226,Accelerometer,-8.158242,-2.5677812,4.859032,1566947871463
9521,226,Gyroscope,-0.13133603,0.23396139,0.073303826,1566947871472
9522,226,Accelerometer,-8.264783999999999,-2.6599581000000003,4.656722,1566947871473
9523,226,Gyroscope,-0.11362094,0.17287487,0.06963864,1566947871482
9524,226,Accelerometer,-8.309077,-2.7365725,4.6375684999999995,1566947871483
9525,226,Gyroscope,-0.07880162,0.08124508,0.064751714,1566947871492
9526,226,Accelerometer,-8.340200999999999,-2.7114333999999998,4.759673,1566947871493
9527,226,Gyroscope,-0.0421497,-0.022602014,0.04276056599999999,1566947871503
9528,226,Accelerometer,-8.3629465,-2.634819,4.8542438,1566947871503
9529,226,Gyroscope,-0.02076942,-0.106901415,0.018325957,1566947871512
9530,226,Accelerometer,-8.336611,-2.586935,4.876989,1566947871513
9531,226,Gyroscope,-0.023823743999999997,-0.16798794,-0.0061086523,1566947871522
9532,226,Accelerometer,-8.180987,-2.5007436000000003,5.021838,1566947871523
9533,226,Gyroscope,-0.02321288,-0.21135938,-0.027488936000000002,1566947871532
9534,226,Accelerometer,-8.043321,-2.4887726000000003,5.3139305,1566947871533
9535,226,Gyroscope,-0.021991148999999998,-0.21991149,-0.04276056599999999,1566947871542
9536,226,Accelerometer,-7.908048,-2.4265234,5.5006785,1566947871543
9537,226,Gyroscope,-0.03726278,-0.20219639,-0.050701816,1566947871552
9538,226,Accelerometer,-7.730877400000001,-2.3092074,5.5725045,1566947871553
9539,226,Gyroscope,-0.058643065,-0.18203785,-0.05009095,1566947871562
9540,226,Accelerometer,-7.374141000000001,-2.2373814999999997,5.732916,1566947871563
9541,226,Gyroscope,-0.06780604,-0.13927728,-0.051923547,1566947871572
9542,226,Accelerometer,-6.8988924,-2.4492682999999995,6.1507044,1566947871573
9543,226,Gyroscope,-0.040927973,-0.12217305,-0.06291912,1566947871582
9544,226,Accelerometer,-7.1742253,-2.7569232000000006,6.206968,1566947871583
9545,226,Gyroscope,-0.03726278,-0.12278391400000001,-0.053145275,1566947871592
9546,226,Accelerometer,-7.313089,-2.6874914,6.0980315,1566947871593
9547,226,Gyroscope,-0.070249505,-0.04276056599999999,-0.01160644,1566947871602
9548,226,Accelerometer,-6.985083599999999,-2.505532,6.0321913,1566947871603
9549,226,Gyroscope,-0.0842994,0.021991148999999998,0.01160644,1566947871613
9550,226,Accelerometer,-6.9012866,-2.5330652999999996,6.0836663,1566947871613
9551,226,Gyroscope,-0.073303826,0.029321532999999997,0.017104227,1566947871622
9552,226,Accelerometer,-6.8988924,-2.7617116000000004,6.125565,1566947871623
9553,226,Gyroscope,-0.06352998,0.021991148999999998,0.025045475,1566947871632
9554,226,Accelerometer,-7.005433999999999,-2.814384,6.0465565,1566947871633
9555,226,Gyroscope,-0.08063421400000001,0.0018325957999999999,0.037873644,1566947871642
9556,226,Accelerometer,-7.232883500000001,-2.7473464,5.8849480000000005,1566947871643
9557,226,Gyroscope,-0.11178834,0.0067195175,0.059253927000000005,1566947871652
9558,226,Accelerometer,-7.21373,-2.5965118,5.7987566,1566947871653
9559,226,Gyroscope,-0.1337795,0.01282817,0.076358154,1566947871662
9560,226,Accelerometer,-7.0593038,-2.4600422,5.8837504,1566947871663
9561,226,Gyroscope,-0.14599679999999998,0.015882496,0.08307768,1566947871672
9562,226,Accelerometer,-6.8641763,-2.5570072999999995,6.009446,1566947871673
9563,226,Gyroscope,-0.14966199,0.027488936000000002,0.0842994,1566947871682
9564,226,Accelerometer,-6.867767999999999,-2.7521348,6.0118403,1566947871683
9565,226,Gyroscope,-0.16249016,0.035430185,0.08368854,1566947871692
9566,226,Accelerometer,-6.8306575,-2.72939,5.9160724,1566947871693
9567,226,Gyroscope,-0.17287487,0.047036625,0.0842994,1566947871702
9568,226,Accelerometer,-6.7636199999999995,-2.7162217999999996,5.949591000000001,1566947871703
9569,226,Gyroscope,-0.16920967,0.053145275,0.07574729,1566947871712
9570,226,Accelerometer,-6.8486137000000005,-2.8658595,5.960365299999999,1566947871713
9571,226,Gyroscope,-0.16737708,0.07086037,0.07086037,1566947871722
9572,226,Accelerometer,-6.861782000000001,-3.1148564999999997,5.9280434,1566947871723
9573,226,Gyroscope,-0.16493362,0.093462385,0.076358154,1566947871732
9574,226,Accelerometer,-6.9826894,-3.301604,5.825093,1566947871733
9575,226,Gyroscope,-0.17104226,0.10079276599999999,0.07880162,1566947871742
9576,226,Accelerometer,-7.076063,-3.465607,5.686229,1566947871743
9577,226,Gyroscope,-0.15577064,0.10995574,0.08674286,1566947871752
9578,226,Accelerometer,-7.0724716,-3.6343982000000006,5.6922144999999995,1566947871753
9579,226,Gyroscope,-0.15149458,0.12217305,0.09773844,1566947871763
9580,226,Accelerometer,-7.2460512999999995,-3.6116532999999995,5.5365915,1566947871763
9581,226,Gyroscope,-0.15821409,0.14844026,0.1142318,1566947871772
9582,226,Accelerometer,-7.2268977,-3.5577837999999997,5.3821654,1566947871773
9583,226,Gyroscope,-0.14966199,0.14538592,0.12644911,1566947871782
9584,226,Accelerometer,-7.204153,-3.5673605999999998,5.445612000000001,1566947871783
9585,226,Gyroscope,-0.13439035,0.12461651,0.12156218,1566947871792
9586,226,Accelerometer,-7.290344,-3.5302502999999996,5.529408999999999,1566947871793
9587,226,Gyroscope,-0.12217305,0.13744467,0.118507855,1566947871802
9588,226,Accelerometer,-7.076063,-3.4488475,5.6946087,1566947871803
9589,226,Gyroscope,-0.1020145,0.17715092,0.12644911,1566947871812
9590,226,Accelerometer,-7.077260000000001,-3.357868,5.919664,1566947871813
9591,226,Gyroscope,-0.0983493,0.23335053,0.13744467,1566947871823
9592,226,Accelerometer,-7.358579,-3.2130187,6.06571,1566947871823
9593,226,Gyroscope,-0.11789699,0.29199359999999996,0.16737708,1566947871832
9594,226,Accelerometer,-7.513005000000001,-2.5234885,6.232107,1566947871833
9595,226,Gyroscope,-0.13011430000000002,0.33841935,0.20280726,1566947871842
9596,226,Accelerometer,-7.4914570000000005,-2.2158337,6.4823010000000005,1566947871843
9597,226,Gyroscope,-0.12767084,0.38484509999999994,0.21991149,1566947871852
9598,226,Accelerometer,-7.465121000000001,-2.0578163000000003,6.5469446,1566947871853
9599,226,Gyroscope,-0.116675265,0.42638394,0.20036379999999998,1566947871862
9600,226,Accelerometer,-7.6506715,-2.0027497,6.329072,1566947871863
9601,226,Gyroscope,-0.12339478,0.44837508,0.16737708,1566947871872
9602,226,Accelerometer,-8.008605000000001,-1.8997990000000002,6.1399302,1566947871873
9603,226,Gyroscope,-0.14110987,0.4538729,0.12278391400000001,1566947871883
9604,226,Accelerometer,-8.3390045,-1.6927006000000002,5.85502,1566947871883
9605,226,Gyroscope,-0.15821409,0.41966440000000005,0.07086037,1566947871892
9606,226,Accelerometer,-8.394072,-1.5885528,5.6982,1566947871893
9607,226,Gyroscope,-0.17470746,0.376293,0.014049901000000002,1566947871902
9608,226,Accelerometer,-8.183380999999999,-1.8028339,5.603629,1566947871903
9609,226,Gyroscope,-0.1881465,0.34391713,-0.03848451,1566947871912
9610,226,Accelerometer,-8.032547000000001,-2.2697031,5.397728,1566947871913
9611,226,Gyroscope,-0.18875736,0.312763,-0.08063421400000001,1566947871922
9612,226,Accelerometer,-7.7153149999999995,-2.6048915,5.323507299999999,1566947871923
9613,226,Gyroscope,-0.18997909,0.29810223,-0.106901415,1566947871933
9614,226,Accelerometer,-7.48188,-2.789245,5.185841,1566947871933
9615,226,Gyroscope,-0.1826487,0.29260445,-0.13011430000000002,1566947871942
9616,226,Accelerometer,-7.311891999999999,-2.932897,5.044583,1566947871943
9617,226,Gyroscope,-0.16126843,0.29321529999999996,-0.14355333,1566947871952
9618,226,Accelerometer,-7.277176,-3.1040826,4.783615,1566947871953
9619,226,Gyroscope,-0.13805555,0.29138273,-0.14660765,1566947871962
9620,226,Accelerometer,-7.249642999999999,-3.2429460999999997,4.569334,1566947871963
9621,226,Gyroscope,-0.112399206,0.28405234,-0.1423316,1566947871972
9622,226,Accelerometer,-7.1610575,-3.4320881,4.441244,1566947871973
9623,226,Gyroscope,-0.059864793,0.26145032,-0.12889257,1566947871982
9624,226,Accelerometer,-7.311891999999999,-3.6990415999999997,4.507085,1566947871983
9625,226,Gyroscope,0.007941248,0.21868975,-0.10995574,1566947871992
9626,226,Accelerometer,-7.636306299999999,-3.9145198,4.5860934,1566947871993
9627,226,Gyroscope,0.07086037,0.14721853,-0.07880162,1566947872002
9628,226,Accelerometer,-7.929596000000001,-3.9396589,4.5681367,1566947872003
9629,226,Gyroscope,0.118507855,0.06169739,-0.054367005999999996,1566947872012
9630,226,Accelerometer,-8.100781,-3.6954502999999996,4.650737,1566947872013
9631,226,Gyroscope,0.15271631,-0.002443461,-0.05009095,1566947872022
9632,226,Accelerometer,-8.238448,-3.4045547999999997,4.747701999999999,1566947872023
9633,226,Gyroscope,0.17104226,-0.047647487,-0.06719518,1566947872032
9634,226,Accelerometer,-8.312667999999999,-3.145981,4.8985367,1566947872033
9635,226,Gyroscope,0.18387043,-0.08368854,-0.09040806,1566947872043
9636,226,Accelerometer,-8.416816,-2.8562827,5.0721164000000005,1566947872043
9637,226,Gyroscope,0.1777618,-0.09712757,-0.112399206,1566947872052
9638,226,Accelerometer,-8.210915,-2.5007436000000003,5.2444987,1566947872053
9639,226,Gyroscope,0.14721853,-0.08002335,-0.12950343,1566947872062
9640,226,Accelerometer,-7.81228,-2.3535004,5.415684,1566947872063
9641,226,Gyroscope,0.11301007,-0.04520403,-0.13744467,1566947872072
9642,226,Accelerometer,-7.410054,-2.3942018,5.6586957,1566947872073
9643,226,Gyroscope,0.086132,0.0030543262,-0.13561209,1566947872082
9644,226,Accelerometer,-7.2951326000000005,-2.4241292000000003,5.741296,1566947872083
9645,226,Gyroscope,0.07086037,0.032986722999999996,-0.1423316,1566947872092
9646,226,Accelerometer,-7.2340803,-2.4408886,5.792771,1566947872093
9647,226,Gyroscope,0.06169739,0.062308256,-0.14782938,1566947872103
9648,226,Accelerometer,-7.200561500000001,-2.4971522999999998,5.7700260000000005,1566947872103
9649,226,Gyroscope,0.06719518,0.069027774,-0.15027285,1566947872112
9650,226,Accelerometer,-7.199364699999999,-2.7006595,5.6910176,1566947872113
9651,226,Gyroscope,0.08063421400000001,0.064751714,-0.15760323,1566947872122
9652,226,Accelerometer,-7.2592196,-2.9161377,5.6431336,1566947872123
9653,226,Gyroscope,0.105068825,0.053145275,-0.15149458,1566947872132
9654,226,Accelerometer,-7.386112,-3.122039,5.588066599999999,1566947872133
9655,226,Gyroscope,0.10995574,0.051923547,-0.13988814,1566947872142
9656,226,Accelerometer,-7.483077499999999,-3.1184477999999998,5.5282116,1566947872143
9657,226,Gyroscope,0.10934488,0.05497787,-0.12278391400000001,1566947872153
9658,226,Accelerometer,-7.454347,-3.0238767,5.6347537,1566947872153
9659,226,Gyroscope,0.099571034,0.08246681,-0.10629055,1566947872162
9660,226,Accelerometer,-7.3825210000000006,-2.954445,5.723339,1566947872163
9661,226,Gyroscope,0.084910266,0.08796459400000001,-0.07391469,1566947872172
9662,226,Accelerometer,-7.5429325,-2.9053638,5.675455,1566947872173
9663,226,Gyroscope,0.06963864,0.07696902,-0.059253927000000005,1566947872182
9664,226,Accelerometer,-7.492654300000001,-2.7509377,5.693412,1566947872183
9665,226,Gyroscope,0.07147124,0.08246681,-0.05375614,1566947872192
9666,226,Accelerometer,-7.345411,-2.6312277,5.744887,1566947872193
9667,226,Gyroscope,0.08246681,0.10629055,-0.06719518,1566947872202
9668,226,Accelerometer,-7.326257000000001,-2.4959552000000005,5.7400985,1566947872203
9669,226,Gyroscope,0.08368854,0.12339478,-0.08674286,1566947872213
9670,226,Accelerometer,-7.387309599999999,-2.4025814999999997,5.459976999999999,1566947872213
9671,226,Gyroscope,0.09590584,0.12339478,-0.1020145,1566947872222
9672,226,Accelerometer,-7.5572976999999995,-2.4384943999999997,5.377377,1566947872223
9673,226,Gyroscope,0.119729586,0.10873401,-0.12095132,1566947872232
9674,226,Accelerometer,-7.789535000000001,-2.493561,5.3378725,1566947872233
9675,226,Gyroscope,0.1337795,0.08002335,-0.13439035,1566947872242
9676,226,Accelerometer,-7.9236107,-2.5570072999999995,5.2049947,1566947872243
9677,226,Gyroscope,0.13439035,0.047036625,-0.14294247,1566947872252
9678,226,Accelerometer,-7.969100500000001,-2.6036943999999997,4.9787426,1566947872253
9679,226,Gyroscope,0.13255776,0.0018325957999999999,-0.14660765,1566947872263
9680,226,Accelerometer,-7.8709383,-2.6659436000000003,4.879383,1566947872263
9681,226,Gyroscope,0.13622294,-0.037873644,-0.15149458,1566947872272
9682,226,Accelerometer,-7.788338,-2.7150247000000003,4.981137,1566947872273
9683,226,Gyroscope,0.15454891,-0.06780604,-0.16004670000000001,1566947872282
9684,226,Accelerometer,-7.750031,-2.7521348,5.183447,1566947872283
9685,226,Gyroscope,0.18570304,-0.10262536,-0.16371189,1566947872292
9686,226,Accelerometer,-7.8853035,-2.779668,5.1702785,1566947872293
9687,226,Gyroscope,0.20952678,-0.13683382,-0.17104226,1566947872302
9688,226,Accelerometer,-7.8589673,-2.6671407000000005,5.1571107000000005,1566947872303
9689,226,Gyroscope,0.20891592,-0.14294247,-0.18387043,1566947872312
9690,226,Accelerometer,-7.7943234,-2.529474,5.197812,1566947872313
9691,226,Gyroscope,0.20036379999999998,-0.1423316,-0.20280726,1566947872322
9692,226,Accelerometer,-7.72968,-2.4672248,5.3163247,1566947872323
9693,226,Gyroscope,0.18448131,-0.13255776,-0.20708331,1566947872332
9694,226,Accelerometer,-7.682993400000001,-2.4480712000000002,5.392939,1566947872333
9695,226,Gyroscope,0.18325958,-0.11301007,-0.20158553,1566947872342
9696,226,Accelerometer,-7.6482773,-2.3989902,5.5246205,1566947872343
9697,226,Gyroscope,0.16798794,-0.07941248,-0.18509217,1566947872352
9698,226,Accelerometer,-7.597999000000001,-2.3451207000000003,5.608417500000001,1566947872353
9699,226,Gyroscope,0.15210545,-0.05131268,-0.15760323,1566947872363
9700,226,Accelerometer,-7.586028,-2.3570917000000002,5.7125654,1566947872363
9701,226,Gyroscope,0.13805555,-0.029932396,-0.12095132,1566947872372
9702,226,Accelerometer,-7.454347,-2.3331497000000003,5.829880999999999,1566947872373
9703,226,Gyroscope,0.12522738,-0.012217305,-0.08307768,1566947872382
9704,226,Accelerometer,-7.156269,-2.3331497000000003,6.027403,1566947872383
9705,226,Gyroscope,0.13622294,-0.0018325957999999999,-0.047647487,1566947872392
9706,226,Accelerometer,-6.906075,-2.4528596,6.142324400000001,1566947872393
9707,226,Gyroscope,0.16065755,-0.002443461,-0.02687807,1566947872402
9708,226,Accelerometer,-6.831854300000001,-2.610877,6.0716953,1566947872403
9709,226,Gyroscope,0.17898351,-0.002443461,-0.014660766,1566947872412
9710,226,Accelerometer,-6.8881183,-2.681506,5.9651537,1566947872413
9711,226,Gyroscope,0.18142697,0.002443461,-0.0067195175,1566947872423
9712,226,Accelerometer,-6.9132576,-2.5594015,5.876568,1566947872423
9713,226,Gyroscope,0.17654006,0.015882496,-0.009162978,1566947872432
9714,226,Accelerometer,-6.9515649999999996,-2.4037786,5.8837504,1566947872433
9715,226,Gyroscope,0.16920967,0.03359759,-0.022602014,1566947872442
9716,226,Accelerometer,-7.133524,-2.3175871,5.785588300000001,1566947872443
9717,226,Gyroscope,0.14049901,0.049480084,-0.035430185,1566947872452
9718,226,Accelerometer,-7.241263000000001,-2.1894975,5.4911017,1566947872453
9719,226,Gyroscope,0.09407325,0.057421334000000004,-0.040317107000000005,1566947872462
9720,226,Accelerometer,-7.204153,-2.098518,5.3390699999999995,1566947872463
9721,226,Gyroscope,0.06047566,0.07086037,-0.040927973,1566947872473
9722,226,Accelerometer,-7.261614,-2.1200657000000005,5.343858200000001,1566947872473
9723,226,Gyroscope,0.058643065,0.08368854,-0.05009095,1566947872482
9724,226,Accelerometer,-7.4064630000000005,-2.2541409,5.398925,1566947872483
9725,226,Gyroscope,0.069027774,0.09101892,-0.06414085,1566947872492
9726,226,Accelerometer,-7.6171527,-2.4085669999999997,5.380968,1566947872493
9727,226,Gyroscope,0.076358154,0.08246681,-0.07574729,1566947872502
9728,226,Accelerometer,-8.019378999999999,-2.4983494,5.225345,1566947872503
9729,226,Gyroscope,0.07391469,0.04153884,-0.08857546,1566947872512
9730,226,Accelerometer,-8.185775999999999,-2.5785553,5.139154,1566947872513
9731,226,Gyroscope,0.07269296,-0.009162978,-0.10079276599999999,1566947872522
9732,226,Accelerometer,-8.273164,-2.7748797,5.0984526,1566947872523
9733,226,Gyroscope,0.08063421400000001,-0.07269296,-0.10445796,1566947872533
9734,226,Accelerometer,-8.287529,-2.9843724,5.1487308,1566947872533
9735,226,Gyroscope,0.09285152,-0.12705997,-0.096516706,1566947872542
9736,226,Accelerometer,-8.221688,-3.0789435000000003,5.225345,1566947872543
9737,226,Gyroscope,0.11056661,-0.16310102,-0.08246681,1566947872552
9738,226,Accelerometer,-8.049306,-3.0190883,5.4480059999999995,1566947872553
9739,226,Gyroscope,0.1423316,-0.17043139999999998,-0.0842994,1566947872562
9740,226,Accelerometer,-7.961917999999999,-2.9340942,5.6299653,1566947872563
9741,226,Gyroscope,0.1441642,-0.16798794,-0.08307768,1566947872572
9742,226,Accelerometer,-8.019378999999999,-2.7940332999999997,5.677849299999999,1566947872573
9743,226,Gyroscope,0.12522738,-0.15577064,-0.08246681,1566947872583
9744,226,Accelerometer,-7.920019,-2.5797524,5.6922144999999995,1566947872583
9745,226,Gyroscope,0.1020145,-0.14110987,-0.07880162,1566947872592
9746,226,Accelerometer,-7.6650367,-2.4468741,5.714959599999999,1566947872593
9747,226,Gyroscope,0.093462385,-0.13011430000000002,-0.08307768,1566947872602
9748,226,Accelerometer,-7.390900599999999,-2.4756044999999998,5.7736173,1566947872603
9749,226,Gyroscope,0.1020145,-0.112399206,-0.081855945,1566947872612
9750,226,Accelerometer,-7.231686,-2.5761611,5.8705826,1566947872613
9751,226,Gyroscope,0.1142318,-0.08796459400000001,-0.07696902,1566947872622
9752,226,Accelerometer,-7.153875,-2.6120741,5.951985400000001,1566947872623
9753,226,Gyroscope,0.119729586,-0.06352998,-0.07147124,1566947872632
9754,226,Accelerometer,-7.076063,-2.5629928,6.0046577,1566947872633
9755,226,Gyroscope,0.124005646,-0.035430185,-0.06780604,1566947872643
9756,226,Accelerometer,-7.101202000000001,-2.5342624,5.9926867,1566947872643
9757,226,Gyroscope,0.12278391400000001,-0.009773844,-0.06658431,1566947872652
9758,226,Accelerometer,-7.141903999999999,-2.5510217999999996,5.9986725,1566947872653
9759,226,Gyroscope,0.11178834,0.014660766,-0.07086037,1566947872662
9760,226,Accelerometer,-7.2927384,-2.5893292000000003,5.967548000000001,1566947872663
9761,226,Gyroscope,0.096516706,0.040317107000000005,-0.06352998,1566947872672
9762,226,Accelerometer,-7.451953,-2.5821466,5.934029,1566947872673
9763,226,Gyroscope,0.08063421400000001,0.044593163,-0.058643065,1566947872682
9764,226,Accelerometer,-7.4746976,-2.565387,5.895722,1566947872683
9765,226,Gyroscope,0.0720821,0.039095376,-0.06291912,1566947872692
9766,226,Accelerometer,-7.4806833,-2.6862943,5.9124813,1566947872693
9767,226,Gyroscope,0.069027774,0.034208454,-0.053145275,1566947872703
9768,226,Accelerometer,-7.538144,-2.8060042999999997,5.9364233,1566947872703
9769,226,Gyroscope,0.054367005999999996,0.029321532999999997,-0.04520403,1566947872712
9770,226,Accelerometer,-7.462726600000001,-2.7545290000000002,5.9412117,1566947872713
9771,226,Gyroscope,0.043982297000000004,0.03481932,-0.0421497,1566947872722
9772,226,Accelerometer,-7.2723875,-2.657564,6.0381765,1566947872723
9773,226,Gyroscope,0.034208454,0.04153884,-0.043982297000000004,1566947872732
9774,226,Accelerometer,-7.133524,-2.64679,6.0836663,1566947872733
9775,226,Gyroscope,0.02321288,0.049480084,-0.047036625,1566947872742
9776,226,Accelerometer,-6.998251400000001,-2.6791117,6.1040173,1566947872743
9777,226,Gyroscope,0.01282817,0.06352998,-0.047647487,1566947872752
9778,226,Accelerometer,-6.719327000000001,-2.693477,6.087258,1566947872753
9779,226,Gyroscope,0.015271631,0.070249505,-0.050701816,1566947872763
9780,226,Accelerometer,-6.793547,-2.791639,6.0046577,1566947872763
9781,226,Gyroscope,0.012217305,0.07452556,-0.04520403,1566947872772
9782,226,Accelerometer,-6.987478,-2.834735,5.9184665999999995,1566947872773
9783,226,Gyroscope,0.0012217305,0.07880162,-0.03359759,1566947872782
9784,226,Accelerometer,-7.204153,-2.8514943,5.8825536,1566947872783
9785,226,Gyroscope,-0.0061086523,0.07696902,-0.028710667000000002,1566947872792
9786,226,Accelerometer,-7.1191587,-2.9436709999999997,5.9160724,1566947872793
9787,226,Gyroscope,-0.014660766,0.1142318,-0.019547688,1566947872802
9788,226,Accelerometer,-7.0102224,-2.9819782000000004,5.9160724,1566947872803
9789,226,Gyroscope,-0.022602014,0.15027285,-0.0036651915999999997,1566947872812
9790,226,Accelerometer,-7.165846000000001,-2.9604304,5.8454432,1566947872813
9791,226,Gyroscope,-0.031154128,0.16676621,0.010995574,1566947872823
9792,226,Accelerometer,-7.193378999999999,-3.0370448,5.7975593,1566947872823
9793,226,Gyroscope,-0.047036625,0.15760323,0.017715093,1566947872832
9794,226,Accelerometer,-7.309498,-2.9747956,5.719748,1566947872833
9795,226,Gyroscope,-0.05375614,0.15088372,0.017104227,1566947872842
9796,226,Accelerometer,-7.3753386,-2.9137435000000003,5.671864,1566947872843
9797,226,Gyroscope,-0.064751714,0.14660765,0.015882496,1566947872852
9798,226,Accelerometer,-7.380127000000001,-2.8993783,5.5377884,1566947872853
9799,226,Gyroscope,-0.073303826,0.14172074,0.014660766,1566947872862
9800,226,Accelerometer,-7.3346367,-2.9460652,5.471948,1566947872863
9801,226,Gyroscope,-0.08002335,0.1423316,0.01038471,1566947872873
9802,226,Accelerometer,-7.4184339999999995,-3.1531637000000003,5.4192758,1566947872873
9803,226,Gyroscope,-0.07147124,0.13561209,0.0061086523,1566947872882
9804,226,Accelerometer,-7.478289,-3.3123782,5.446809,1566947872883
9805,226,Gyroscope,-0.059253927000000005,0.13011430000000002,0.014049901000000002,1566947872892
9806,226,Accelerometer,-7.5189905,-3.3889925,5.49589,1566947872893
9807,226,Gyroscope,-0.043982297000000004,0.13561209,0.03359759,1566947872902
9808,226,Accelerometer,-7.496245399999999,-3.4284968,5.4683566,1566947872903
9809,226,Gyroscope,-0.03176499,0.14355333,0.05497787,1566947872912
9810,226,Accelerometer,-7.48188,-3.4356794,5.4671597,1566947872913
9811,226,Gyroscope,-0.017715093,0.14966199,0.07391469,1566947872922
9812,226,Accelerometer,-7.5788455,-3.4703953000000003,5.4025164000000006,1566947872923
9813,226,Gyroscope,-0.00061086525,0.14172074,0.08552113,1566947872933
9814,226,Accelerometer,-7.592013400000001,-3.4931402,5.363012,1566947872933
9815,226,Gyroscope,0.022602014,0.124005646,0.10018189999999999,1566947872942
9816,226,Accelerometer,-7.5788455,-3.3973722,5.306748000000001,1566947872943
9817,226,Gyroscope,0.051923547,0.11056661,0.1142318,1566947872952
9818,226,Accelerometer,-7.619547,-3.2034418999999996,5.305551,1566947872953
9819,226,Gyroscope,0.08857546,0.08368854,0.12339478,1566947872962
9820,226,Accelerometer,-7.7105265,-2.932897,5.319916200000001,1566947872963
9821,226,Gyroscope,0.12644911,0.04520403,0.119729586,1566947872972
9822,226,Accelerometer,-7.716512,-2.6132712000000002,5.389348,1566947872973
9823,226,Gyroscope,0.15577064,0.010995574,0.10873401,1566947872983
9824,226,Accelerometer,-7.856573,-2.268506,5.41329,1566947872983
9825,226,Gyroscope,0.16982053,-0.02443461,0.076358154,1566947872992
9826,226,Accelerometer,-7.9224133000000005,-1.9476831000000001,5.4001220000000005,1566947872993
9827,226,Gyroscope,0.16371189,-0.069027774,0.04153884,1566947873002
9828,226,Accelerometer,-7.9188222999999995,-1.6962918999999999,5.5150437000000005,1566947873003
9829,226,Gyroscope,0.1441642,-0.08857546,-0.0036651915999999997,1566947873012
9830,226,Accelerometer,-7.8637557000000005,-1.5143325,5.7017913,1566947873013
9831,226,Gyroscope,0.10323623,-0.10079276599999999,-0.035430185,1566947873022
9832,226,Accelerometer,-7.807492,-1.4449007999999999,5.8789620000000005,1566947873023
9833,226,Gyroscope,0.07574729,-0.10079276599999999,-0.06352998,1566947873032
9834,226,Accelerometer,-7.6410947,-1.4628572,6.0381765,1566947873033
9835,226,Gyroscope,0.05009095,-0.06963864,-0.08796459400000001,1566947873043
9836,226,Accelerometer,-7.4339960000000005,-1.5562311000000002,6.226121400000001,1566947873043
9837,226,Gyroscope,0.023823743999999997,-0.022602014,-0.09590584,1566947873052
9838,226,Accelerometer,-7.3274539999999995,-1.6460136000000003,6.2404866,1566947873053
9839,226,Gyroscope,0.008552114,0.028710667000000002,-0.08735373,1566947873062
9840,226,Accelerometer,-7.3047094,-1.7298107,6.26802,1566947873063
9841,226,Gyroscope,0.002443461,0.07147124,-0.07269296,1566947873072
9842,226,Accelerometer,-7.290344,-1.7681179,6.3350577,1566947873073
9843,226,Gyroscope,-0.0012217305,0.096516706,-0.057421334000000004,1566947873082
9844,226,Accelerometer,-7.271190600000001,-1.7884687,6.3685765,1566947873083
9845,226,Gyroscope,-0.009162978,0.1160644,-0.040317107000000005,1566947873092
9846,226,Accelerometer,-7.2939353,-1.7824832,6.3302693,1566947873093
9847,226,Gyroscope,-0.017715093,0.13011430000000002,-0.02687807,1566947873103
9848,226,Accelerometer,-7.322665700000001,-1.7022773999999998,6.348225599999999,1566947873103
9849,226,Gyroscope,-0.02321288,0.15149458,-0.019547688,1566947873112
9850,226,Accelerometer,-7.4699089999999995,-1.5957354,6.3805475,1566947873113
9851,226,Gyroscope,-0.034208454,0.17531833,-0.01160644,1566947873122
9852,226,Accelerometer,-7.6231384,-1.5119383,6.379350700000001,1566947873123
9853,226,Gyroscope,-0.047647487,0.1966986,-0.004276057,1566947873132
9854,226,Accelerometer,-7.677007700000001,-1.42455,6.254852,1566947873133
9855,226,Gyroscope,-0.064751714,0.21502456,0.007941248,1566947873142
9856,226,Accelerometer,-7.738060000000001,-1.4030021000000001,6.023811299999999,1566947873143
9857,226,Gyroscope,-0.07391469,0.21624629,0.022602014,1566947873152
9858,226,Accelerometer,-7.745242599999999,-1.4496891,5.8274870000000005,1566947873153
9859,226,Gyroscope,-0.076358154,0.22479841,0.03359759,1566947873163
9860,226,Accelerometer,-7.6650367,-1.472434,5.664681400000001,1566947873163
9861,226,Gyroscope,-0.070249505,0.23762658,0.040317107000000005,1566947873172
9862,226,Accelerometer,-7.606379,-1.5239093000000001,5.5270147000000005,1566947873173
9863,226,Gyroscope,-0.053145275,0.23823744,0.03726278,1566947873182
9864,226,Accelerometer,-7.615956,-1.5526398000000001,5.3833623,1566947873183
9865,226,Gyroscope,-0.039095376,0.22357668,0.031154128,1566947873192
9866,226,Accelerometer,-7.5764512999999996,-1.6256628999999998,5.245696,1566947873193
9867,226,Gyroscope,-0.015882496,0.19058995,0.021991148999999998,1566947873202
9868,226,Accelerometer,-7.562086,-1.7046716,5.1355624,1566947873203
9869,226,Gyroscope,0.002443461,0.13500121,0.01038471,1566947873212
9870,226,Accelerometer,-7.565677,-1.7932571,4.983531,1566947873214
9871,226,Gyroscope,0.018936822,0.08552113,-0.012217305,1566947873223
9872,226,Accelerometer,-7.574057000000001,-1.8447324,5.070919,1566947873223
9873,226,Gyroscope,0.043982297000000004,0.036651913,-0.04276056599999999,1566947873232
9874,226,Accelerometer,-7.684190299999999,-1.9261352999999999,5.1116204000000005,1566947873233
9875,226,Gyroscope,0.061086524,-0.005497787,-0.07513642,1566947873242
9876,226,Accelerometer,-7.7344685,-2.0530279,5.1200004,1566947873243
9877,226,Gyroscope,0.06291912,-0.0421497,-0.11362094,1566947873252
9878,226,Accelerometer,-7.7943234,-2.136825,5.1080294,1566947873253
9879,226,Gyroscope,0.062308256,-0.07574729,-0.12767084,1566947873262
9880,226,Accelerometer,-7.728483,-2.2086509999999997,5.255273000000001,1566947873263
9881,226,Gyroscope,0.07086037,-0.10995574,-0.13500121,1566947873272
9882,226,Accelerometer,-7.69257,-2.2756886,5.3713913,1566947873273
9883,226,Gyroscope,0.09162979,-0.16493362,-0.1423316,1566947873282
9884,226,Accelerometer,-7.77517,-2.3056161,5.529408999999999,1566947873283
9885,226,Gyroscope,0.10873401,-0.19792034,-0.15515977,1566947873292
9886,226,Accelerometer,-7.740454,-2.2720973,5.5641245999999995,1566947873293
9887,226,Gyroscope,0.10567969,-0.2144137,-0.16554448,1566947873302
9888,226,Accelerometer,-7.6255326,-2.1188686000000003,5.664681400000001,1566947873303
9889,226,Gyroscope,0.11301007,-0.22540927,-0.17898351,1566947873312
9890,226,Accelerometer,-7.517792999999999,-2.0697872999999998,5.8442464,1566947873313
9891,226,Gyroscope,0.12034045,-0.23335053,-0.19181168,1566947873322
9892,226,Accelerometer,-7.4950485,-2.1308396000000003,5.932832,1566947873323
9893,226,Gyroscope,0.12522738,-0.2321288,-0.20219639,1566947873332
9894,226,Accelerometer,-7.511808,-2.1894975,6.0561333,1566947873333
9895,226,Gyroscope,0.12461651,-0.20463985,-0.21502456,1566947873342
9896,226,Accelerometer,-7.444770299999999,-2.2768857000000002,6.1327476999999995,1566947873343
9897,226,Gyroscope,0.118507855,-0.15454891,-0.21991149,1566947873352
9898,226,Accelerometer,-7.395689,-2.3930047,6.1686606,1566947873353
9899,226,Gyroscope,0.10629055,-0.11178834,-0.21746802,1566947873362
9900,226,Accelerometer,-7.428011,-2.5043349999999998,6.2249246,1566947873363
9901,226,Gyroscope,0.08735373,-0.08063421400000001,-0.20219639,1566947873372
9902,226,Accelerometer,-7.517792999999999,-2.540248,6.3326635,1566947873373
9903,226,Gyroscope,0.062308256,-0.059864793,-0.1826487,1566947873382
9904,226,Accelerometer,-7.5932107,-2.4708161,6.506243,1566947873383
9905,226,Gyroscope,0.03848451,-0.03604105,-0.15943582,1566947873392
9906,226,Accelerometer,-7.6135616,-2.3918076,6.6654577,1566947873393
9907,226,Gyroscope,0.0061086523,-0.007330383,-0.13072516,1566947873402
9908,226,Accelerometer,-7.5369470000000005,-2.3427265,6.6606693,1566947873403
9909,226,Gyroscope,-0.029321532999999997,0.036651913,-0.09896017,1566947873412
9910,226,Accelerometer,-7.3214690000000004,-2.4516625,6.5852520000000005,1566947873413
9911,226,Gyroscope,-0.058643065,0.095294975,-0.05497787,1566947873422
9912,226,Accelerometer,-7.289147,-2.5917234000000002,6.471527,1566947873423
9913,226,Gyroscope,-0.08979719,0.17043139999999998,-0.01038471,1566947873432
9914,226,Accelerometer,-7.156269,-2.7126305,6.3566055,1566947873433
9915,226,Gyroscope,-0.10140363,0.21807889999999996,0.031154128,1566947873443
9916,226,Accelerometer,-7.2029557,-2.6898855999999998,6.144718599999999,1566947873443
9917,226,Gyroscope,-0.118507855,0.25778514,0.073303826,1566947873452
9918,226,Accelerometer,-7.2101383000000006,-2.5222914,5.8634,1566947873453
9919,226,Gyroscope,-0.13316862,0.3005457,0.092240654,1566947873462
9920,226,Accelerometer,-7.1634517,-2.3965959999999997,5.612008599999999,1566947873463
9921,226,Gyroscope,-0.10873401,0.28283059999999993,0.07086037,1566947873472
9922,226,Accelerometer,-7.302314999999999,-2.3355439,5.4384294,1566947873473
9923,226,Gyroscope,-0.0842994,0.24251351,0.03848451,1566947873482
9924,226,Accelerometer,-7.501034,-2.3415293999999998,5.2504845,1566947873483
9925,226,Gyroscope,-0.07452556,0.20219639,0.014660766,1566947873492
9926,226,Accelerometer,-7.584830800000001,-2.2948422,5.076905,1566947873493
9927,226,Gyroscope,-0.05131268,0.16004670000000001,-0.016493361,1566947873503
9928,226,Accelerometer,-7.590816499999999,-2.3379380000000003,5.1116204000000005,1566947873503
9929,226,Gyroscope,-0.013439035,0.103847094,-0.048258353,1566947873512
9930,226,Accelerometer,-7.726089,-2.541445,5.197812,1566947873513
9931,226,Gyroscope,0.009773844,0.059864793,-0.06597344599999999,1566947873522
9932,226,Accelerometer,-7.911639699999999,-2.6803088,5.195418,1566947873523
9933,226,Gyroscope,0.01038471,0.02321288,-0.06780604,1566947873532
9934,226,Accelerometer,-7.868544,-2.633622,5.1487308,1566947873533
9935,226,Gyroscope,0.013439035,-0.013439035,-0.06719518,1566947873542
9936,226,Accelerometer,-7.8027034,-2.6850972,5.2899885,1566947873543
9937,226,Gyroscope,0.02443461,-0.03481932,-0.064751714,1566947873552
9938,226,Accelerometer,-7.769184599999999,-2.765303,5.507861,1566947873553
9939,226,Gyroscope,0.032986722999999996,-0.040927973,-0.058643065,1566947873563
9940,226,Accelerometer,-7.6889787,-2.7964275,5.623979599999999,1566947873563
9941,226,Gyroscope,0.04642576,-0.04886922,-0.051923547,1566947873573
9942,226,Accelerometer,-7.574057000000001,-2.801216,5.730521700000001,1566947873573
9943,226,Gyroscope,0.055588737,-0.03970624,-0.045814894,1566947873582
9944,226,Accelerometer,-7.5106106,-2.7234043999999997,5.8059389999999995,1566947873583
9945,226,Gyroscope,0.056199603,-0.022602014,-0.0421497,1566947873592
9946,226,Accelerometer,-7.407660000000001,-2.6144682999999995,5.8586116,1566947873593
9947,226,Gyroscope,0.057421334000000004,-0.0061086523,-0.040317107000000005,1566947873602
9948,226,Accelerometer,-7.249642999999999,-2.5605986,5.8562174,1566947873603
9949,226,Gyroscope,0.059253927000000005,-0.005497787,-0.03726278,1566947873612
9950,226,Accelerometer,-7.241263000000001,-2.5845408,5.8502316,1566947873613
9951,226,Gyroscope,0.050701816,-0.013439035,-0.032375857,1566947873623
9952,226,Accelerometer,-7.243657000000001,-2.5486276,5.747281,1566947873623
9953,226,Gyroscope,0.037873644,-0.007330383,-0.027488936000000002,1566947873633
9954,226,Accelerometer,-7.1586633,-2.493561,5.755661,1566947873633
9955,226,Gyroscope,0.028710667000000002,-0.0061086523,-0.028710667000000002,1566947873642
9956,226,Accelerometer,-7.231686,-2.5833437000000004,5.8059389999999995,1566947873643
9957,226,Gyroscope,0.020158553,-0.002443461,-0.021991148999999998,1566947873652
9958,226,Accelerometer,-7.309498,-2.6503813,5.911283999999999,1566947873653
9959,226,Gyroscope,0.010995574,0.004886922,-0.021380282999999996,1566947873662
9960,226,Accelerometer,-7.285556,-2.6324248,6.039374,1566947873663
9961,226,Gyroscope,0.0012217305,0.017104227,-0.027488936000000002,1566947873672
9962,226,Accelerometer,-7.3490020000000005,-2.7712884,6.1040173,1566947873672
9963,226,Gyroscope,-0.016493361,0.034208454,-0.02565634,1566947873683
9964,226,Accelerometer,-7.2975270000000005,-2.695871,6.0836663,1566947873683
9965,226,Gyroscope,-0.03848451,0.05131268,-0.03176499,1566947873692
9966,226,Accelerometer,-7.207744,-2.7772740000000002,6.089652,1566947873693
9967,226,Gyroscope,-0.053145275,0.09712757,-0.036651913,1566947873702
9968,226,Accelerometer,-7.243657000000001,-2.9125464,5.995081,1566947873703
9969,226,Gyroscope,-0.06536258,0.10934488,-0.034208454,1566947873712
9970,226,Accelerometer,-7.253234,-2.9891607999999996,5.872977,1566947873713
9971,226,Gyroscope,-0.07147124,0.11301007,-0.028099801,1566947873722
9972,226,Accelerometer,-7.2125325,-2.9807810000000003,5.7245364,1566947873723
9973,226,Gyroscope,-0.08124508,0.119729586,-0.019547688,1566947873732
9974,226,Accelerometer,-7.1095820000000005,-2.9532477999999998,5.676652400000001,1566947873733
9975,226,Gyroscope,-0.08246681,0.12705997,-0.015882496,1566947873743
9976,226,Accelerometer,-7.023391,-3.0178912,5.659893,1566947873743
9977,226,Gyroscope,-0.07513642,0.124005646,-0.018936822,1566947873752
9978,226,Accelerometer,-7.1754226999999995,-3.1364042999999997,5.649119000000001,1566947873753
9979,226,Gyroscope,-0.06963864,0.10140363,-0.027488936000000002,1566947873762
9980,226,Accelerometer,-7.2388687,-3.1890767,5.6203885,1566947873763
9981,226,Gyroscope,-0.069027774,0.07941248,-0.04153884,1566947873772
9982,226,Accelerometer,-7.311891999999999,-3.169923,5.589264,1566947873773
9983,226,Gyroscope,-0.07086037,0.06658431,-0.058643065,1566947873782
9984,226,Accelerometer,-7.315483,-3.2190042,5.5820813,1566947873783
9985,226,Gyroscope,-0.07452556,0.070249505,-0.07391469,1566947873792
9986,226,Accelerometer,-7.315483,-3.345897,5.5868697,1566947873793
9987,226,Gyroscope,-0.08246681,0.06414085,-0.07819075,1566947873803
9988,226,Accelerometer,-7.419631,-3.4344822999999995,5.5365915,1566947873803
9989,226,Gyroscope,-0.08735373,0.03176499,-0.07696902,1566947873812
9990,226,Accelerometer,-7.4028716,-3.4428620000000003,5.49589,1566947873813
9991,226,Gyroscope,-0.08796459400000001,-0.005497787,-0.059253927000000005,1566947873822
9992,226,Accelerometer,-7.273585000000001,-3.345897,5.531803,1566947873823
9993,226,Gyroscope,-0.08552113,-0.017104227,-0.031154128,1566947873832
9994,226,Accelerometer,-7.0593038,-3.1364042999999997,5.638344999999999,1566947873833
9995,226,Gyroscope,-0.076358154,-0.009162978,0.010995574,1566947873842
9996,226,Accelerometer,-6.8809357,-3.0585926,5.7017913,1566947873843
9997,226,Gyroscope,-0.06352998,-0.01282817,0.06352998,1566947873852
9998,226,Accelerometer,-6.872555999999999,-2.8754362999999996,5.755661,1566947873853
9999,226,Gyroscope,-0.055588737,-0.014049901000000002,0.10018189999999999,1566947873863
10000,226,Accelerometer,-6.8330517,-2.6599581000000003,5.9771247,1566947873863
10001,226,Gyroscope,-0.040927973,-0.002443461,0.12705997,1566947873872
10002,226,Accelerometer,-6.992266000000001,-2.3834279,6.173449,1566947873873
10003,226,Gyroscope,-0.04642576,0.02443461,0.14966199,1566947873882
10004,226,Accelerometer,-7.2364745,-2.1871033,6.1519012,1566947873883
10005,226,Gyroscope,-0.062308256,0.062308256,0.16004670000000001,1566947873892
10006,226,Accelerometer,-7.4256167,-2.1092918,6.115988300000001,1566947873893
10007,226,Gyroscope,-0.0842994,0.09285152,0.16004670000000001,1566947873902
10008,226,Accelerometer,-7.5453267,-2.0242975,6.069301,1566947873903
10009,226,Gyroscope,-0.09040806,0.1142318,0.16004670000000001,1566947873912
10010,226,Accelerometer,-7.643489,-1.9752164,6.0800753,1566947873913
10011,226,Gyroscope,-0.073303826,0.13316862,0.16676621,1566947873922
10012,226,Accelerometer,-7.6518690000000005,-1.8579005000000002,6.0944405,1566947873923
10013,226,Gyroscope,-0.051923547,0.13988814,0.16432275,1566947873932
10014,226,Accelerometer,-7.6638399999999995,-1.7094599999999998,6.0513449999999995,1566947873933
10015,226,Gyroscope,-0.026267206,0.16249016,0.14110987,1566947873942
10016,226,Accelerometer,-7.684190299999999,-1.6136919,5.9651537,1566947873943
10017,226,Gyroscope,-0.0421497,0.15454891,0.118507855,1566947873952
10018,226,Accelerometer,-7.754819400000001,-1.483208,5.693412,1566947873953
10019,226,Gyroscope,-0.069027774,0.10751228,0.08796459400000001,1566947873962
10020,226,Accelerometer,-7.7488337,-1.3814543,5.579687,1566947873963
10021,226,Gyroscope,-0.10323623,0.077579886,0.0580322,1566947873972
10022,226,Accelerometer,-7.751228,-1.2629413999999999,5.616797,1566947873973
10023,226,Gyroscope,-0.13072516,0.056199603,0.027488936000000002,1566947873982
10024,226,Accelerometer,-7.7248917,-1.2725182,5.600037599999999,1566947873983
10025,226,Gyroscope,-0.14660765,0.056199603,0.0012217305,1566947873992
10026,226,Accelerometer,-7.77517,-1.5011643999999997,5.5820813,1566947873994
10027,226,Gyroscope,-0.14966199,0.06780604,-0.007941248,1566947874002
10028,226,Accelerometer,-7.818265400000001,-1.7848773999999998,5.5641245999999995,1566947874003
10029,226,Gyroscope,-0.13622294,0.07941248,0.004886922,1566947874012
10030,226,Accelerometer,-7.845799,-2.0614076,5.5222263,1566947874013
10031,226,Gyroscope,-0.11362094,0.08857546,0.022602014,1566947874022
10032,226,Accelerometer,-7.820659599999999,-2.3008277,5.5150437000000005,1566947874023
10033,226,Gyroscope,-0.084910266,0.093462385,0.04337143,1566947874032
10034,226,Accelerometer,-7.890092,-2.5306710999999997,5.5270147000000005,1566947874033
10035,226,Gyroscope,-0.057421334000000004,0.086132,0.06291912,1566947874042
10036,226,Accelerometer,-8.009802,-2.6396074,5.4671597,1566947874043
10037,226,Gyroscope,-0.052534412999999995,0.08552113,0.08246681,1566947874052
10038,226,Accelerometer,-8.075643,-2.6120741,5.343858200000001,1566947874053
10039,226,Gyroscope,-0.051923547,0.07574729,0.093462385,1566947874062
10040,226,Accelerometer,-8.072051,-2.4253263,5.1319714,1566947874063
10041,226,Gyroscope,-0.045814894,0.055588737,0.095294975,1566947874072
10042,226,Accelerometer,-7.964312,-2.280477,5.070919,1566947874073
10043,226,Gyroscope,-0.03359759,0.018936822,0.08002335,1566947874082
10044,226,Accelerometer,-7.931989999999999,-2.1332338,4.9895163,1566947874083
10045,226,Gyroscope,-0.018325957,-0.044593163,0.059253927000000005,1566947874092
10046,226,Accelerometer,-7.9092455,-1.9800048,4.900931,1566947874093
10047,226,Gyroscope,-0.01282817,-0.119729586,0.037873644,1566947874102
10048,226,Accelerometer,-7.892486,-1.7214310000000002,4.8458643,1566947874103
10049,226,Gyroscope,-0.02076942,-0.17715092,0.023823743999999997,1566947874112
10050,226,Accelerometer,-7.787141,-1.3886370000000001,4.911705,1566947874113
10051,226,Gyroscope,-0.032375857,-0.22724187,0.005497787,1566947874123
10052,226,Accelerometer,-7.5932107,-1.1707646999999999,5.3163247,1566947874123
10053,226,Gyroscope,-0.036651913,-0.27550024,-0.01160644,1566947874132
10054,226,Accelerometer,-7.3753386,-1.2294226000000001,5.5497594,1566947874133
10055,226,Gyroscope,-0.03359759,-0.30604348,-0.03970624,1566947874142
10056,226,Accelerometer,-7.323863,-1.3359646,5.710171,1566947874143
10057,226,Gyroscope,-0.03481932,-0.32070425,-0.07513642,1566947874152
10058,226,Accelerometer,-7.311891999999999,-1.5442601,5.9531827,1566947874153
10059,226,Gyroscope,-0.03176499,-0.312763,-0.13805555,1566947874163
10060,226,Accelerometer,-7.501034,-1.7465701,6.1638722,1566947874163
10061,226,Gyroscope,-0.030543262,-0.28160888,-0.17043139999999998,1566947874172
10062,226,Accelerometer,-7.6470804,-1.9369092,6.384139,1566947874173
10063,226,Gyroscope,-0.04153884,-0.21991149,-0.19608775,1566947874183
10064,226,Accelerometer,-7.698555499999999,-2.160767,6.4260373,1566947874183
10065,226,Gyroscope,-0.051923547,-0.14599679999999998,-0.20341812,1566947874192
10066,226,Accelerometer,-7.6494746,-2.3343467999999996,6.4643445,1566947874193
10067,226,Gyroscope,-0.06047566,-0.07574729,-0.20280726,1566947874202
10068,226,Accelerometer,-7.529764,-2.5450362999999996,6.4763155,1566947874203
10069,226,Gyroscope,-0.061086524,-0.031154128,-0.17959438,1566947874212
10070,226,Accelerometer,-7.541735000000001,-2.6767175,6.348225599999999,1566947874213
10071,226,Gyroscope,-0.07941248,0.0030543262,-0.13988814,1566947874222
10072,226,Accelerometer,-7.404069,-2.5833437000000004,6.1100025,1566947874223
10073,226,Gyroscope,-0.09896017,0.037873644,-0.10140363,1566947874233
10074,226,Accelerometer,-7.1634517,-2.469619,6.0513449999999995,1566947874233
10075,226,Gyroscope,-0.10323623,0.056199603,-0.07147124,1566947874242
10076,226,Accelerometer,-7.132327,-2.457648,6.0441623,1566947874243
10077,226,Gyroscope,-0.106901415,0.044593163,-0.047036625,1566947874253
10078,226,Accelerometer,-7.208941499999999,-2.3523033,5.9986725,1566947874253
10079,226,Gyroscope,-0.119729586,0.013439035,-0.034208454,1566947874262
10080,226,Accelerometer,-7.1407065,-2.2050598,6.1602809999999995,1566947874263
10081,226,Gyroscope,-0.124005646,0.013439035,-0.03176499,1566947874273
10082,226,Accelerometer,-7.131129700000001,-2.1428106,6.397307,1566947874273
10083,226,Gyroscope,-0.12705997,0.0067195175,-0.036651913,1566947874282
10084,226,Accelerometer,-7.2185183,-2.0949266,6.542155999999999,1566947874283
10085,226,Gyroscope,-0.14782938,0.017715093,-0.037873644,1566947874293
10086,226,Accelerometer,-7.2101383000000006,-2.100912,6.63553,1566947874293
10087,226,Gyroscope,-0.172264,0.05375614,-0.023823743999999997,1566947874302
10088,226,Accelerometer,-7.123947,-2.1440077,6.7229185,1566947874303
10089,226,Gyroscope,-0.18753563,0.10323623,-0.0067195175,1566947874313
10090,226,Accelerometer,-7.077260000000001,-2.2625206,6.667852000000001,1566947874313
10091,226,Gyroscope,-0.21258110000000002,0.16737708,0.012217305,1566947874322
10092,226,Accelerometer,-7.060500599999999,-2.469619,6.483498,1566947874323
10093,226,Gyroscope,-0.22968534,0.23396139,0.040317107000000005,1566947874333
10094,226,Accelerometer,-7.1167645,-2.7461493,6.3111157,1566947874333
10095,226,Gyroscope,-0.23090707,0.30176744,0.06963864,1566947874342
10096,226,Accelerometer,-7.2149267,-2.9843724,6.078878,1566947874343
10097,226,Gyroscope,-0.22235495,0.35613444,0.0983493,1566947874352
10098,226,Accelerometer,-7.309498,-3.1268275,5.804742,1566947874353
10099,226,Gyroscope,-0.20463985,0.38728857,0.12278391400000001,1566947874363
10100,226,Accelerometer,-7.3609734,-3.1507695,5.449203,1566947874363
10101,226,Gyroscope,-0.18509217,0.38789943,0.1337795,1566947874372
10102,226,Accelerometer,-7.479486,-3.168726,5.140351,1566947874373
10103,226,Gyroscope,-0.15821409,0.36285394,0.14172074,1566947874382
10104,226,Accelerometer,-7.589619,-3.1076740000000003,4.9200845,1566947874383
10105,226,Gyroscope,-0.119729586,0.28405234,0.12339478,1566947874392
10106,226,Accelerometer,-7.753622,-3.0382418999999996,4.7752349999999995,1566947874393
10107,226,Gyroscope,-0.064751714,0.21868975,0.09773844,1566947874402
10108,226,Accelerometer,-7.8996687,-2.9317,4.720168599999999,1566947874403
10109,226,Gyroscope,-0.03726278,0.14905111,0.07086037,1566947874412
10110,226,Accelerometer,-8.095993,-2.847903,4.720168599999999,1566947874413
10111,226,Gyroscope,-0.02443461,0.08002335,0.04520403,1566947874422
10112,226,Accelerometer,-8.267178999999999,-2.6886885,4.6603136,1566947874423
10113,226,Gyroscope,-0.02687807,0.02443461,0.016493361,1566947874432
10114,226,Accelerometer,-8.177396,-2.5797524,4.7309427,1566947874433
10115,226,Gyroscope,-0.020158553,-0.0421497,-0.018936822,1566947874442
10116,226,Accelerometer,-8.151060000000001,-2.6731262000000005,4.8039656,1566947874443
10117,226,Gyroscope,-0.012217305,-0.105068825,-0.03726278,1566947874452
10118,226,Accelerometer,-8.153454,-2.7868507,4.9057193,1566947874453
10119,226,Gyroscope,-0.01160644,-0.13927728,-0.047036625,1566947874462
10120,226,Accelerometer,-7.961917999999999,-2.7246015,5.056554,1566947874463
10121,226,Gyroscope,-0.002443461,-0.16004670000000001,-0.054367005999999996,1566947874472
10122,226,Accelerometer,-7.751228,-2.7425580000000003,5.306748000000001,1566947874473
10123,226,Gyroscope,0.009773844,-0.16615535,-0.062308256,1566947874482
10124,226,Accelerometer,-7.6518690000000005,-2.8550856,5.5246205,1566947874483
10125,226,Gyroscope,0.014049901000000002,-0.17043139999999998,-0.061086524,1566947874492
10126,226,Accelerometer,-7.5608889999999995,-2.882619,5.613206,1566947874493
10127,226,Gyroscope,0.007941248,-0.16371189,-0.050701816,1566947874502
10128,226,Accelerometer,-7.352593400000001,-2.861071,5.664681400000001,1566947874503
10129,226,Gyroscope,0.0018325957999999999,-0.15821409,-0.040317107000000005,1566947874512
10130,226,Accelerometer,-7.1981673,-2.8886043999999997,5.717354,1566947874513
10131,226,Gyroscope,0.007941248,-0.14844026,-0.030543262,1566947874522
10132,226,Accelerometer,-7.015011,-2.9197290000000002,5.8634,1566947874523
10133,226,Gyroscope,0.019547688,-0.13927728,-0.02321288,1566947874532
10134,226,Accelerometer,-6.884527,-3.0083144,6.009446,1566947874533
10135,226,Gyroscope,0.03359759,-0.12889257,-0.010995574,1566947874542
10136,226,Accelerometer,-6.975507,-3.0430303,6.125565,1566947874543
10137,226,Gyroscope,0.029932396,-0.10995574,0.009162978,1566947874553
10138,226,Accelerometer,-7.042544400000001,-2.9532477999999998,6.131551,1566947874553
10139,226,Gyroscope,0.019547688,-0.08674286,0.027488936000000002,1566947874562
10140,226,Accelerometer,-7.0341644,-2.8491,6.1770406,1566947874563
10141,226,Gyroscope,0.008552114,-0.064751714,0.04337143,1566947874572
10142,226,Accelerometer,-7.0904284,-2.8119897999999997,6.1662664000000005,1566947874573
10143,226,Gyroscope,-0.014660766,-0.044593163,0.06352998,1566947874582
10144,226,Accelerometer,-7.036558599999999,-2.7545290000000002,6.112396700000001,1566947874583
10145,226,Gyroscope,-0.03359759,-0.021380282999999996,0.070249505,1566947874592
10146,226,Accelerometer,-7.0209966,-2.6982652999999996,6.131551,1566947874593
10147,226,Gyroscope,-0.056199603,-0.0061086523,0.06841691,1566947874602
10148,226,Accelerometer,-7.016208,-2.5151088,6.1088057000000004,1566947874603
10149,226,Gyroscope,-0.081855945,0.012217305,0.06414085,1566947874612
10150,226,Accelerometer,-6.994660400000001,-2.4109612,6.0800753,1566947874613
10151,226,Gyroscope,-0.10140363,0.03848451,0.049480084,1566947874622
10152,226,Accelerometer,-7.065289,-2.445677,6.0968347000000005,1566947874623
10153,226,Gyroscope,-0.11789699,0.061086524,0.034208454,1566947874632
10154,226,Accelerometer,-7.1191587,-2.4468741,6.113594,1566947874633
10155,226,Gyroscope,-0.12522738,0.070249505,0.02443461,1566947874642
10156,226,Accelerometer,-7.2101383000000006,-2.4744074,6.1387334000000005,1566947874643
10157,226,Gyroscope,-0.13439035,0.08796459400000001,0.017715093,1566947874653
10158,226,Accelerometer,-7.253234,-2.553416,6.1327476999999995,1566947874653
10159,226,Gyroscope,-0.15088372,0.10140363,0.013439035,1566947874662
10160,226,Accelerometer,-7.366958599999999,-2.5713725,6.105214,1566947874663
10161,226,Gyroscope,-0.16676621,0.11056661,0.018325957,1566947874672
10162,226,Accelerometer,-7.352593400000001,-2.542642,6.1243677000000005,1566947874673
10163,226,Gyroscope,-0.18448131,0.13194689,0.031154128,1566947874682
10164,226,Accelerometer,-7.2364745,-2.6252422,6.133945,1566947874683
10165,226,Gyroscope,-0.19242255,0.14477506,0.037873644,1566947874692
10166,226,Accelerometer,-7.152677499999999,-2.7557259999999997,6.1040173,1566947874693
10167,226,Gyroscope,-0.19364429,0.15210545,0.045814894,1566947874702
10168,226,Accelerometer,-7.134721300000001,-2.8993783,5.973533,1566947874703
10169,226,Gyroscope,-0.19058995,0.16187929,0.056199603,1566947874712
10170,226,Accelerometer,-7.053317999999999,-2.9855695,5.8921304,1566947874713
10171,226,Gyroscope,-0.18142697,0.17654006,0.06597344599999999,1566947874723
10172,226,Accelerometer,-7.0593038,-3.0238767,5.804742,1566947874723
10173,226,Gyroscope,-0.17043139999999998,0.18448131,0.077579886,1566947874732
10174,226,Accelerometer,-7.074866,-3.0262709,5.6563015,1566947874733
10175,226,Gyroscope,-0.14966199,0.18570304,0.09101892,1566947874742
10176,226,Accelerometer,-7.0880339999999995,-3.0933087,5.5760955999999995,1566947874743
10177,226,Gyroscope,-0.12339478,0.17531833,0.10018189999999999,1566947874753
10178,226,Accelerometer,-7.1981673,-3.1842883,5.4695540000000005,1566947874753
10179,226,Gyroscope,-0.093462385,0.14477506,0.10812314599999999,1566947874762
10180,226,Accelerometer,-7.2963295,-3.1519666,5.33069,1566947874763
10181,226,Gyroscope,-0.07513642,0.116675265,0.11362094,1566947874772
10182,226,Accelerometer,-7.387309599999999,-3.0059202000000003,5.197812,1566947874773
10183,226,Gyroscope,-0.0580322,0.08735373,0.11911872,1566947874782
10184,226,Accelerometer,-7.548918,-2.835932,5.1200004,1566947874783
10185,226,Gyroscope,-0.050701816,0.059864793,0.11545353400000001,1566947874792
10186,226,Accelerometer,-7.559692,-2.6384103,5.0840874000000005,1566947874793
10187,226,Gyroscope,-0.049480084,0.030543262,0.103847094,1566947874802
10188,226,Accelerometer,-7.5309615,-2.6001031,5.145139,1566947874803
10189,226,Gyroscope,-0.039095376,-0.0012217305,0.08124508,1566947874812
10190,226,Accelerometer,-7.487866,-2.6503813,5.3366755999999995,1566947874813
10191,226,Gyroscope,-0.030543262,-0.020158553,0.054367005999999996,1566947874822
10192,226,Accelerometer,-7.608772999999999,-2.8095956,5.513846400000001,1566947874823
10193,226,Gyroscope,-0.023823743999999997,-0.03604105,0.027488936000000002,1566947874832
10194,226,Accelerometer,-7.81228,-2.8646624,5.6407394,1566947874833
10195,226,Gyroscope,-0.02687807,-0.031154128,0.01038471,1566947874842
10196,226,Accelerometer,-7.9008656,-2.8502972,5.7257333,1566947874843
10197,226,Gyroscope,-0.034208454,-0.007941248,0.0061086523,1566947874853
10198,226,Accelerometer,-7.961917999999999,-2.8562827,5.7640405,1566947874853
10199,226,Gyroscope,-0.028710667000000002,0.016493361,0.0067195175,1566947874862
10200,226,Accelerometer,-7.8972745,-2.8443117,5.718550700000001,1566947874863
10201,226,Gyroscope,-0.020158553,0.02076942,0.009162978,1566947874872
10202,226,Accelerometer,-7.769184599999999,-2.9293058,5.676652400000001,1566947874873
10203,226,Gyroscope,-0.012217305,0.014660766,0.02076942,1566947874883
10204,226,Accelerometer,-7.6518690000000005,-2.9843724,5.626374,1566947874883
10205,226,Gyroscope,-0.01160644,-0.0012217305,0.03176499,1566947874892
10206,226,Accelerometer,-7.60997,-2.8969840000000002,5.5844755,1566947874893
10207,226,Gyroscope,-0.014660766,-0.016493361,0.043982297000000004,1566947874902
10208,226,Accelerometer,-7.517792999999999,-2.6994624,5.60722,1566947874903
10209,226,Gyroscope,-0.018325957,-0.027488936000000002,0.05009095,1566947874912
10210,226,Accelerometer,-7.3214690000000004,-2.540248,5.6096144,1566947874913
10211,226,Gyroscope,-0.010995574,-0.04276056599999999,0.04153884,1566947874922
10212,226,Accelerometer,-7.1287354999999994,-2.4756044999999998,5.676652400000001,1566947874923
10213,226,Gyroscope,0.004886922,-0.05375614,0.014660766,1566947874932
10214,226,Accelerometer,-7.049727000000001,-2.540248,5.8262897,1566947874933
10215,226,Gyroscope,0.012217305,-0.06169739,-0.012217305,1566947874942
10216,226,Accelerometer,-7.183802,-2.5582043999999997,5.8574142,1566947874944
10217,226,Gyroscope,0.007330383,-0.0580322,-0.03359759,1566947874952
10218,226,Accelerometer,-7.368156,-2.5210943,5.825093,1566947874953
10219,226,Gyroscope,-0.007330383,-0.03604105,-0.040317107000000005,1566947874962
10220,226,Accelerometer,-7.5082164,-2.469619,5.7999535,1566947874963
10221,226,Gyroscope,-0.028099801,-0.021380282999999996,-0.044593163,1566947874972
10222,226,Accelerometer,-7.571663,-2.4839842,5.741296,1566947874973
10223,226,Gyroscope,-0.048258353,-0.019547688,-0.04642576,1566947874983
10224,226,Accelerometer,-7.4866686,-2.5677812,5.677849299999999,1566947874983
10225,226,Gyroscope,-0.05131268,-0.039095376,-0.0421497,1566947874992
10226,226,Accelerometer,-7.392098,-2.6779146000000003,5.686229,1566947874993
10227,226,Gyroscope,-0.048258353,-0.05497787,-0.040927973,1566947875002
10228,226,Accelerometer,-7.285556,-2.7629087,5.7760115,1566947875003
10229,226,Gyroscope,-0.04642576,-0.0580322,-0.029932396,1566947875012
10230,226,Accelerometer,-7.2304892999999995,-2.7808652,5.8669910000000005,1566947875013
10231,226,Gyroscope,-0.045814894,-0.04886922,-0.020158553,1566947875022
10232,226,Accelerometer,-7.237672,-2.7521348,6.003461,1566947875023
10233,226,Gyroscope,-0.052534412999999995,-0.040317107000000005,-0.020158553,1566947875032
10234,226,Accelerometer,-7.255628,-2.7976246,6.063316,1566947875033
10235,226,Gyroscope,-0.07696902,-0.031154128,-0.015882496,1566947875042
10236,226,Accelerometer,-7.2628107,-2.8335377999999998,6.035782299999999,1566947875043
10237,226,Gyroscope,-0.105068825,-0.017715093,-0.012217305,1566947875052
10238,226,Accelerometer,-7.2388687,-2.9771897999999997,5.9268465,1566947875053
10239,226,Gyroscope,-0.13011430000000002,-0.017715093,-0.0061086523,1566947875062
10240,226,Accelerometer,-7.255628,-3.0202854,5.935226,1566947875063
10241,226,Gyroscope,-0.13988814,-0.02565634,-0.0061086523,1566947875072
10242,226,Accelerometer,-7.153875,-2.9987376,6.0010667,1566947875073
10243,226,Gyroscope,-0.12644911,-0.02321288,0.02076942,1566947875083
10244,226,Accelerometer,-7.0030399999999995,-2.9041667,6.048950700000001,1566947875083
10245,226,Gyroscope,-0.106901415,0.0067195175,0.03970624,1566947875092
10246,226,Accelerometer,-6.941988,-2.7868507,6.089652,1566947875093
10247,226,Gyroscope,-0.10445796,0.044593163,0.052534412999999995,1566947875102
10248,226,Accelerometer,-6.920439999999999,-2.8335377999999998,6.1530986,1566947875103
10249,226,Gyroscope,-0.10629055,0.08674286,0.056199603,1566947875113
10250,226,Accelerometer,-7.0545154000000005,-2.9496564999999997,6.131551,1566947875113
10251,226,Gyroscope,-0.11301007,0.11056661,0.06597344599999999,1566947875122
10252,226,Accelerometer,-7.3418193,-3.0095115000000003,5.9364233,1566947875123
10253,226,Gyroscope,-0.1386664,0.11301007,0.07819075,1566947875132
10254,226,Accelerometer,-7.493850999999999,-2.9963433999999998,5.657499,1566947875133
10255,226,Gyroscope,-0.17104226,0.11362094,0.092240654,1566947875143
10256,226,Accelerometer,-7.5453267,-2.9712042999999997,5.4360349999999995,1566947875143
10257,226,Gyroscope,-0.19608775,0.11484267,0.103847094,1566947875152
10258,226,Accelerometer,-7.526173,-3.0322563999999996,5.2768207,1566947875153
10259,226,Gyroscope,-0.19303341,0.09040806,0.111177474,1566947875162
10260,226,Accelerometer,-7.642291999999999,-3.1016884,5.386954,1566947875163
10261,226,Gyroscope,-0.16249016,0.05375614,0.11362094,1566947875172
10262,226,Accelerometer,-7.608772999999999,-3.13401,5.5401826,1566947875173
10263,226,Gyroscope,-0.13561209,0.039095376,0.1160644,1566947875182
10264,226,Accelerometer,-7.541735000000001,-3.028665,5.555745,1566947875183
10265,226,Gyroscope,-0.12644911,0.02565634,0.11789699,1566947875192
10266,226,Accelerometer,-7.514202,-2.9352913,5.474342299999999,1566947875193
10267,226,Gyroscope,-0.13072516,0.008552114,0.11789699,1566947875202
10268,226,Accelerometer,-7.4016747,-2.8538885,5.4480059999999995,1566947875203
10269,226,Gyroscope,-0.14110987,-0.009162978,0.12278391400000001,1566947875212
10270,226,Accelerometer,-7.413645699999999,-2.7521348,5.427655000000001,1566947875213
10271,226,Gyroscope,-0.15454891,-0.015271631,0.13255776,1566947875222
10272,226,Accelerometer,-7.428011,-2.6671407000000005,5.432443599999999,1566947875223
10273,226,Gyroscope,-0.16920967,-0.018936822,0.14599679999999998,1566947875232
10274,226,Accelerometer,-7.4567413,-2.597709,5.5258174,1566947875233
10275,226,Gyroscope,-0.17409660000000002,-0.017104227,0.15821409,1566947875243
10276,226,Accelerometer,-7.5525093,-2.597709,5.714959599999999,1566947875243
10277,226,Gyroscope,-0.16004670000000001,-0.01160644,0.16737708,1566947875252
10278,226,Accelerometer,-7.638700500000001,-2.657564,5.8669910000000005,1566947875253
10279,226,Gyroscope,-0.14294247,0.0067195175,0.17348573,1566947875262
10280,226,Accelerometer,-7.6710224,-2.7473464,5.9124813,1566947875263
10281,226,Gyroscope,-0.14110987,0.026267206,0.17959438,1566947875273
10282,226,Accelerometer,-7.714117999999999,-2.8431146000000003,5.7161565,1566947875273
10283,226,Gyroscope,-0.15943582,0.036651913,0.19181168,1566947875282
10284,226,Accelerometer,-7.7811556,-2.8862102000000003,5.494693,1566947875283
10285,226,Gyroscope,-0.1826487,0.045814894,0.20769419,1566947875292
10286,226,Accelerometer,-7.824250999999999,-2.861071,5.284003299999999,1566947875293
10287,226,Gyroscope,-0.20219639,0.045814894,0.22235495,1566947875302
10288,226,Accelerometer,-7.789535000000001,-2.8095956,5.2121773000000005,1566947875303
10289,226,Gyroscope,-0.19853121,0.014049901000000002,0.23457226,1566947875313
10290,226,Accelerometer,-7.716512,-2.7665,5.16549,1566947875313
10291,226,Gyroscope,-0.18448131,-0.018325957,0.2321288,1566947875322
10292,226,Accelerometer,-7.693767,-2.6922797999999997,5.1942205,1566947875323
10293,226,Gyroscope,-0.17409660000000002,-0.03726278,0.21991149,1566947875332
10294,226,Accelerometer,-7.708132300000001,-2.5617957000000002,5.343858200000001,1566947875333
10295,226,Gyroscope,-0.1881465,-0.031154128,0.21380283,1566947875343
10296,226,Accelerometer,-7.771578999999999,-2.445677,5.4396260000000005,1566947875343
10297,226,Gyroscope,-0.226631,-0.02076942,0.21746802,1566947875352
10298,226,Accelerometer,-7.837419000000001,-2.3930047,5.4192758,1566947875353
10299,226,Gyroscope,-0.27550024,-0.014049901000000002,0.22968534,1566947875362
10300,226,Accelerometer,-7.8517847000000005,-2.4025814999999997,5.342661,1566947875363
10301,226,Gyroscope,-0.3145956,-0.040927973,0.24617869,1566947875373
10302,226,Accelerometer,-7.8086886,-2.469619,5.2397103,1566947875373
10303,226,Gyroscope,-0.3359759,-0.06536258,0.2565634,1566947875382
10304,226,Accelerometer,-7.771578999999999,-2.4660277,5.2923827,1566947875383
10305,226,Gyroscope,-0.34086279999999997,-0.08552113,0.26022860000000003,1566947875392
10306,226,Accelerometer,-7.741650999999999,-2.4085669999999997,5.270835,1566947875393
10307,226,Gyroscope,-0.34697145,-0.10140363,0.25595254,1566947875403
10308,226,Accelerometer,-7.711724,-2.327164,5.267244,1566947875403
10309,226,Gyroscope,-0.35979962,-0.11362094,0.25473082,1566947875412
10310,226,Accelerometer,-7.691373,-2.2840683,5.317522,1566947875413
10311,226,Gyroscope,-0.37812558,-0.12034045,0.25534168,1566947875422
10312,226,Accelerometer,-7.642291999999999,-2.2732944,5.412093,1566947875423
10313,226,Gyroscope,-0.39645153,-0.12095132,0.25473082,1566947875433
10314,226,Accelerometer,-7.614758500000001,-2.2972363999999996,5.5725045,1566947875433
10315,226,Gyroscope,-0.41355577,-0.12278391400000001,0.25534168,1566947875442
10316,226,Accelerometer,-7.599196000000001,-2.3690627,5.6323595,1566947875443
10317,226,Gyroscope,-0.43127087,-0.124005646,0.26694809999999997,1566947875452
10318,226,Accelerometer,-7.6351094,-2.4480712000000002,5.6096144,1566947875453
10319,226,Gyroscope,-0.4465425,-0.1160644,0.28344148,1566947875463
10320,226,Accelerometer,-7.6746134999999995,-2.4887726000000003,5.601235,1566947875463
10321,226,Gyroscope,-0.45875978,-0.10445796,0.3023783,1566947875472
10322,226,Accelerometer,-7.60997,-2.5354595,5.5545480000000005,1566947875473
10323,226,Gyroscope,-0.46609017,-0.10018189999999999,0.32498032,1566947875482
10324,226,Accelerometer,-7.559692,-2.5725696,5.5329999999999995,1566947875483
10325,226,Gyroscope,-0.46670106,-0.12217305,0.34941490000000003,1566947875493
10326,226,Accelerometer,-7.548918,-2.5821466,5.391742,1566947875493
10327,226,Gyroscope,-0.46486846,-0.13561209,0.36835176,1566947875502
10328,226,Accelerometer,-7.540538300000001,-2.5043349999999998,5.4025164000000006,1566947875503
10329,226,Gyroscope,-0.46914452,-0.14660765,0.38423425,1566947875512
10330,226,Accelerometer,-7.462726600000001,-2.1535845,5.3486465999999995,1566947875513
10331,226,Gyroscope,-0.48380527,-0.15271631,0.3921755,1566947875522
10332,226,Accelerometer,-7.431602000000001,-2.0470424,5.342661,1566947875523
10333,226,Gyroscope,-0.50885075,-0.16432275,0.39400807,1566947875532
10334,226,Accelerometer,-7.455544000000001,-2.055422,5.433641000000001,1566947875533
10335,226,Gyroscope,-0.52839845,-0.17959438,0.38423425,1566947875542
10336,226,Accelerometer,-7.5764512999999996,-2.1404164,5.4683566,1566947875543
10337,226,Gyroscope,-0.55771995,-0.20830505,0.3830125,1566947875552
10338,226,Accelerometer,-7.6865845,-2.1906946,5.4432178,1566947875553
10339,226,Gyroscope,-0.5839871999999999,-0.20219639,0.40011674,1566947875562
10340,226,Accelerometer,-7.687782,-2.2062569,5.422867,1566947875563
10341,226,Gyroscope,-0.6035349,-0.19730948,0.41783184,1566947875572
10342,226,Accelerometer,-7.574057000000001,-2.3080103,5.407305,1566947875573
10343,226,Gyroscope,-0.61208695,-0.20097467,0.42516220000000005,1566947875582
10344,226,Accelerometer,-7.345411,-2.4600422,5.21936,1566947875583
10345,226,Gyroscope,-0.6267477,-0.22052236,0.4288274,1566947875592
10346,226,Accelerometer,-7.298723700000001,-2.5486276,5.16549,1566947875593
10347,226,Gyroscope,-0.6377433000000001,-0.23518312,0.43249258,1566947875602
10348,226,Accelerometer,-7.3190745999999995,-2.4720132,5.2444987,1566947875603
10349,226,Gyroscope,-0.6432411,-0.24129178,0.43127087,1566947875612
10350,226,Accelerometer,-7.3083005000000005,-2.4145525,5.1762643,1566947875613
10351,226,Gyroscope,-0.6646214,-0.26450464,0.4288274,1566947875622
10352,226,Accelerometer,-7.1730285,-2.3953989,4.940435400000001,1566947875623
10353,226,Gyroscope,-0.689056,-0.2968805,0.41783184,1566947875633
10354,226,Accelerometer,-7.121553,-2.385822,5.026626599999999,1566947875633
10355,226,Gyroscope,-0.6927211999999999,-0.31215215,0.39400807,1566947875642
10356,226,Accelerometer,-7.114370299999999,-2.445677,5.323507299999999,1566947875643
10357,226,Gyroscope,-0.6780604,-0.31581733,0.36468655,1566947875652
10358,226,Accelerometer,-7.255628,-2.6024973,5.4779334,1566947875653
10359,226,Gyroscope,-0.66339964,-0.33108896,0.34269542,1566947875662
10360,226,Accelerometer,-7.4711065,-2.7988217,5.5090580000000005,1566947875663
10361,226,Gyroscope,-0.6579019,-0.34086279999999997,0.3378085,1566947875672
10362,226,Accelerometer,-7.667431,-3.0083144,5.513846400000001,1566947875673
10363,226,Gyroscope,-0.657291,-0.33353242,0.34330627,1566947875682
10364,226,Accelerometer,-7.8086886,-3.2309752,5.482722,1566947875683
10365,226,Gyroscope,-0.65301496,-0.3323107,0.35491269999999997,1566947875692
10366,226,Accelerometer,-7.9272017,-3.4440591,5.445612000000001,1566947875693
10367,226,Gyroscope,-0.6554584,-0.344528,0.3640757,1566947875702
10368,226,Accelerometer,-8.1079645,-3.6499605,5.408501599999999,1566947875703
10369,226,Gyroscope,-0.6591236,-0.36835176,0.38056904,1566947875712
10370,226,Accelerometer,-8.172607000000001,-3.6990415999999997,5.5006785,1566947875713
10371,226,Gyroscope,-0.66950834,-0.3866777,0.40317106,1566947875723
10372,226,Accelerometer,-8.166622,-3.6367924,5.647922,1566947875723
10373,226,Gyroscope,-0.68416905,-0.37568212,0.42821655,1566947875732
10374,226,Accelerometer,-7.893683,-3.4644098,5.840655,1566947875733
10375,226,Gyroscope,-0.6994406999999999,-0.35308012,0.45814893,1566947875742
10376,226,Accelerometer,-7.711724,-3.2082303,6.0118403,1566947875743
10377,226,Gyroscope,-0.711658,-0.31031954,0.48197266,1566947875752
10378,226,Accelerometer,-7.547721000000001,-3.0071173,6.2141504,1566947875753
10379,226,Gyroscope,-0.7244862,-0.26511553,0.50640726,1566947875762
10380,226,Accelerometer,-7.3442134999999995,-2.906561,6.3566055,1566947875763
10381,226,Gyroscope,-0.75625116,-0.19364429,0.54244834,1566947875773
10382,226,Accelerometer,-7.181408,-2.9233203,6.355408000000001,1566947875773
10383,226,Gyroscope,-0.77579886,-0.16493362,0.55833083,1566947875782
10384,226,Accelerometer,-7.0664864000000005,-3.0059202000000003,6.353014,1566947875783
10385,226,Gyroscope,-0.77946407,-0.14966199,0.5705481,1566947875792
10386,226,Accelerometer,-6.953958999999999,-3.003526,6.338649,1566947875793
10387,226,Gyroscope,-0.7733554,-0.13561209,0.5864305999999999,1566947875802
10388,226,Accelerometer,-6.770802499999999,-3.0897174,6.2153480000000005,1566947875803
10389,226,Gyroscope,-0.7648033000000001,-0.11911872,0.5919284,1566947875813
10390,226,Accelerometer,-6.829460000000001,-3.0753522,6.114791,1566947875813
10391,226,Gyroscope,-0.75625116,-0.10323623,0.6078109,1566947875822
10392,226,Accelerometer,-6.998251400000001,-3.1028854999999997,5.9687448,1566947875823
10393,226,Gyroscope,-0.75808376,-0.08124508,0.61941737,1566947875832
10394,226,Accelerometer,-6.9395940000000005,-3.0885203,5.7903767,1566947875833
10395,226,Gyroscope,-0.7501425,-0.070249505,0.6243043,1566947875842
10396,226,Accelerometer,-6.9587474,-3.0657754,5.748478400000001,1566947875843
10397,226,Gyroscope,-0.73426,-0.07147124,0.62125,1566947875852
10398,226,Accelerometer,-7.017405,-3.0789435000000003,5.726930599999999,1566947875853
10399,226,Gyroscope,-0.7141015000000001,-0.07819075,0.6133086999999999,1566947875863
10400,226,Accelerometer,-7.026982,-3.1352072,5.7808,1566947875863
10401,226,Gyroscope,-0.6982189999999999,-0.086132,0.6053675000000001,1566947875872
10402,226,Accelerometer,-7.184999499999999,-3.156755,5.8358665,1566947875873
10403,226,Gyroscope,-0.6951646,-0.095294975,0.6017023,1566947875882
10404,226,Accelerometer,-7.337031,-3.1411927000000004,5.7041855,1566947875883
10405,226,Gyroscope,-0.7031059000000001,-0.09896017,0.59498274,1566947875892
10406,226,Accelerometer,-7.407660000000001,-3.0657754,5.555745,1566947875893
10407,226,Gyroscope,-0.7098253999999999,-0.10323623,0.5888741,1566947875903
10408,226,Accelerometer,-7.431602000000001,-3.0502129,5.488707499999999,1566947875903
10409,226,Gyroscope,-0.70432764,-0.11484267,0.5815437,1566947875912
10410,226,Accelerometer,-7.455544000000001,-3.0992942,5.523423,1566947875913
10411,226,Gyroscope,-0.6951646,-0.12339478,0.57360244,1566947875922
10412,226,Accelerometer,-7.4016747,-3.204639,5.653907299999999,1566947875923
10413,226,Gyroscope,-0.6780604,-0.13316862,0.55955255,1566947875932
10414,226,Accelerometer,-7.396886299999999,-3.323152,5.8107276,1566947875933
10415,226,Gyroscope,-0.66767573,-0.13316862,0.5448918,1566947875942
10416,226,Accelerometer,-7.493850999999999,-3.3530796,5.9052987,1566947875943
10417,226,Gyroscope,-0.66523224,-0.12217305,0.52839845,1566947875953
10418,226,Accelerometer,-7.445967,-3.3542766999999998,5.9412117,1566947875953
10419,226,Gyroscope,-0.66339964,-0.103847094,0.5180137,1566947875962
10420,226,Accelerometer,-7.443573,-3.406949,5.93762,1566947875963
10421,226,Gyroscope,-0.6560693,-0.08979719,0.5112942,1566947875972
10422,226,Accelerometer,-7.4088573,-3.4883518,5.865794,1566947875973
10423,226,Gyroscope,-0.6438520000000001,-0.084910266,0.50335294,1566947875982
10424,226,Accelerometer,-7.2340803,-3.5206735,5.8669910000000005,1566947875983
10425,226,Gyroscope,-0.6243043,-0.073303826,0.48441613,1566947875992
10426,226,Accelerometer,-7.254431200000001,-3.5936968,5.747281,1566947875993
10427,226,Gyroscope,-0.6047566,-0.084910266,0.4654793,1566947876003
10428,226,Accelerometer,-7.345411,-3.5936968,5.5006785,1566947876003
10429,226,Gyroscope,-0.59131753,-0.11728613,0.45875978,1566947876013
10430,226,Accelerometer,-7.3190745999999995,-3.5027169999999996,5.4025164000000006,1566947876013
10431,226,Gyroscope,-0.5766568,-0.15760323,0.462425,1566947876022
10432,226,Accelerometer,-7.162254300000001,-3.3494883,5.507861,1566947876023
10433,226,Gyroscope,-0.54611355,-0.20097467,0.48685959999999995,1566947876032
10434,226,Accelerometer,-7.1047934999999995,-3.110068,5.5976434,1566947876033
10435,226,Gyroscope,-0.5119051,-0.26206118,0.5235115,1566947876043
10436,226,Accelerometer,-7.110779300000001,-2.9197290000000002,5.635950599999999,1566947876043
10437,226,Gyroscope,-0.48258355,-0.32986724,0.5491679,1566947876052
10438,226,Accelerometer,-7.1167645,-2.8083985,5.7365074,1566947876053
10439,226,Gyroscope,-0.45265114,-0.37812558,0.5656611999999999,1566947876062
10440,226,Accelerometer,-7.086836999999999,-2.5713725,5.9148755,1566947876063
10441,226,Gyroscope,-0.44287730000000003,-0.39400807,0.57604593,1566947876072
10442,226,Accelerometer,-6.983886200000001,-2.2337902,6.0501475,1566947876073
10443,226,Gyroscope,-0.4728097,-0.37018433,0.5839871999999999,1566947876082
10444,226,Accelerometer,-7.055712,-1.8351556,6.223726999999999,1566947876083
10445,226,Gyroscope,-0.52839845,-0.30421090000000006,0.57787853,1566947876093
10446,226,Accelerometer,-7.0341644,-1.6101006000000002,6.460753400000001,1566947876093
10447,226,Gyroscope,-0.5766568,-0.23823744,0.571159,1566947876102
10448,226,Accelerometer,-6.871359,-1.5334862,6.634333,1566947876103
10449,226,Gyroscope,-0.6059783000000001,-0.17348573,0.5717699,1566947876112
10450,226,Accelerometer,-6.846219500000001,-1.5646108,6.695385000000001,1566947876113
10451,226,Gyroscope,-0.61453044,-0.12644911,0.5687156,1566947876122
10452,226,Accelerometer,-6.824671700000001,-1.5574282,6.591237,1566947876123
10453,226,Gyroscope,-0.61636305,-0.08796459400000001,0.5534439,1566947876132
10454,226,Accelerometer,-6.9012866,-1.4736311000000002,6.4128695,1566947876134
10455,226,Gyroscope,-0.62980205,-0.05375614,0.5375614000000001,1566947876143
10456,226,Accelerometer,-7.047333,-1.3395559,6.290765,1566947876143
10457,226,Gyroscope,-0.6462954000000001,-0.02321288,0.52656585,1566947876152
10458,226,Accelerometer,-7.2388687,-1.2808979,6.2045736,1566947876153
10459,226,Gyroscope,-0.67011917,-0.0030543262,0.5204572000000001,1566947876162
10460,226,Accelerometer,-7.4471645,-1.3036428999999998,6.149507,1566947876163
10461,226,Gyroscope,-0.6988298000000001,0.0012217305,0.52534413,1566947876172
10462,226,Accelerometer,-7.629123700000001,-1.4030021000000001,6.0824695,1566947876173
10463,226,Gyroscope,-0.729984,0.0018325957999999999,0.54611355,1566947876183
10464,226,Accelerometer,-7.721300599999999,-1.5490485,5.907693,1566947876183
10465,226,Gyroscope,-0.7629706999999999,-0.01038471,0.56199604,1566947876192
10466,226,Accelerometer,-7.7727756999999995,-1.7944542,5.686229,1566947876193
10467,226,Gyroscope,-0.7874053000000001,-0.023823743999999997,0.5687156,1566947876202
10468,226,Accelerometer,-7.811083,-2.006341,5.507861,1566947876203
10469,226,Gyroscope,-0.8051204000000001,-0.040317107000000005,0.5729916,1566947876212
10470,226,Accelerometer,-7.8853035,-2.1212628,5.3821654,1566947876213
10471,226,Gyroscope,-0.8210029000000001,-0.059864793,0.5876524000000001,1566947876222
10472,226,Accelerometer,-7.854178999999999,-2.067393,5.2648497,1566947876223
10473,226,Gyroscope,-0.8368853999999999,-0.07880162,0.6078109,1566947876232
10474,226,Accelerometer,-7.820659599999999,-1.9847932000000001,5.175066999999999,1566947876233
10475,226,Gyroscope,-0.8356636999999999,-0.11301007,0.63529986,1566947876242
10476,226,Accelerometer,-7.77517,-1.8986019,5.2516812999999996,1566947876243
10477,226,Gyroscope,-0.8197812,-0.14660765,0.63407815,1566947876252
10478,226,Accelerometer,-7.666233999999999,-1.9177556,5.291186,1566947876253
10479,226,Gyroscope,-0.8179486,-0.18875736,0.625526,1566947876262
10480,226,Accelerometer,-7.6794020000000005,-1.9692308999999997,5.3043537,1566947876263
10481,226,Gyroscope,-0.820392,-0.21807889999999996,0.6151413,1566947876272
10482,226,Accelerometer,-7.767987299999999,-1.9177556,5.3618144999999995,1566947876273
10483,226,Gyroscope,-0.8338310999999999,-0.22540927,0.6206391,1566947876282
10484,226,Accelerometer,-7.845799,-1.8626889,5.4049106,1566947876283
10485,226,Gyroscope,-0.84116143,-0.21624629,0.62980205,1566947876292
10486,226,Accelerometer,-7.835025,-1.8590976000000001,5.449203,1566947876293
10487,226,Gyroscope,-0.8344419,-0.21380283,0.63224554,1566947876302
10488,226,Accelerometer,-7.813477000000001,-1.9704279999999998,5.446809,1566947876303
10489,226,Gyroscope,-0.82527894,-0.22235495,0.63041294,1566947876313
10490,226,Accelerometer,-7.8062944000000005,-2.055422,5.531803,1566947876313
10491,226,Gyroscope,-0.8185594,-0.22357668,0.63041294,1566947876322
10492,226,Accelerometer,-7.8062944000000005,-2.0242975,5.5964465,1566947876323
10493,226,Gyroscope,-0.8216136999999999,-0.22785273,0.63224554,1566947876332
10494,226,Accelerometer,-7.837419000000001,-1.9656396,5.5497594,1566947876333
10495,226,Gyroscope,-0.8368853999999999,-0.22724187,0.63041294,1566947876342
10496,226,Accelerometer,-7.769184599999999,-1.9057846,5.499480999999999,1566947876343
10497,226,Gyroscope,-0.8521569999999999,-0.23151793,0.62980205,1566947876352
10498,226,Accelerometer,-7.728483,-1.8830396,5.535394,1566947876353
10499,226,Gyroscope,-0.86009824,-0.23945917,0.62980205,1566947876363
10500,226,Accelerometer,-7.738060000000001,-1.8974048,5.5485625,1566947876363
10501,226,Gyroscope,-0.86437434,-0.24129178,0.6267477,1566947876372
10502,226,Accelerometer,-7.714117999999999,-1.9069817,5.579687,1566947876373
10503,226,Gyroscope,-0.86437434,-0.23884831,0.6261369000000001,1566947876382
10504,226,Accelerometer,-7.747636999999999,-1.9213468999999996,5.6802435,1566947876383
10505,226,Gyroscope,-0.8613200000000001,-0.24617869,0.6249151,1566947876392
10506,226,Accelerometer,-7.876923599999999,-1.9871874,5.695806,1566947876393
10507,226,Gyroscope,-0.8613200000000001,-0.25045475,0.62858033,1566947876402
10508,226,Accelerometer,-7.931989999999999,-2.0745756999999996,5.671864,1566947876403
10509,226,Gyroscope,-0.8686504,-0.25350907,0.6450737,1566947876413
10510,226,Accelerometer,-7.902063,-2.086547,5.6634839999999995,1566947876413
10511,226,Gyroscope,-0.88147855,-0.26450464,0.65668017,1566947876422
10512,226,Accelerometer,-7.855376,-2.12246,5.577293,1566947876423
10513,226,Gyroscope,-0.8924741,-0.27672195,0.66889745,1566947876432
10514,226,Accelerometer,-7.6865845,-2.0470424,5.5509567,1566947876433
10515,226,Gyroscope,-0.89980453,-0.2773328,0.6713409,1566947876442
10516,226,Accelerometer,-7.633912,-1.8914193,5.604826,1566947876443
10517,226,Gyroscope,-0.9059132,-0.26816985,0.6792821,1566947876453
10518,226,Accelerometer,-7.586028,-1.8531121,5.664681400000001,1566947876453
10519,226,Gyroscope,-0.9126327,-0.26328292,0.6805039,1566947876462
10520,226,Accelerometer,-7.666233999999999,-1.8207904,5.785588300000001,1566947876463
10521,226,Gyroscope,-0.9077458,-0.26633725,0.65484756,1566947876472
10522,226,Accelerometer,-7.915230800000001,-1.8028339,5.7760115,1566947876473
10523,226,Gyroscope,-0.91813046,-0.25778514,0.6450737,1566947876482
10524,226,Accelerometer,-7.884106,-1.7860744999999998,5.677849299999999,1566947876483
10525,226,Gyroscope,-0.9431759,-0.24129178,0.6401868000000001,1566947876492
10526,226,Accelerometer,-7.8302364,-1.8207904,5.5150437000000005,1566947876493
10527,226,Gyroscope,-0.97494096,-0.2284636,0.6249151,1566947876502
10528,226,Accelerometer,-7.7368627000000005,-1.9632453999999997,5.368997,1566947876503
10529,226,Gyroscope,-0.99265605,-0.23640485,0.6084218000000001,1566947876512
10530,226,Accelerometer,-7.5429325,-2.0685901999999996,5.209783,1566947876513
10531,226,Gyroscope,-0.9975429,-0.26022860000000003,0.5907066999999999,1566947876522
10532,226,Accelerometer,-7.338228,-2.067393,5.0038815,1566947876523
10533,226,Gyroscope,-0.99387777,-0.30421090000000006,0.5742133,1566947876532
10534,226,Accelerometer,-7.067683000000001,-2.1332338,4.8781857,1566947876533
10535,226,Gyroscope,-0.9779953000000001,-0.35918877,0.54367006,1566947876543
10536,226,Accelerometer,-6.955156,-2.2002714,4.8542438,1566947876543
10537,226,Gyroscope,-0.95111716,-0.42027529999999996,0.5039638,1566947876552
10538,226,Accelerometer,-6.9228344,-2.232593,4.993108,1566947876553
10539,226,Gyroscope,-0.9236283000000002,-0.4550946,0.45204028,1566947876562
10540,226,Accelerometer,-7.0449386,-2.2709002000000003,5.2409077,1566947876563
10541,226,Gyroscope,-0.90469146,-0.46181414,0.42271876,1566947876572
10542,226,Accelerometer,-7.2807674,-2.3618799999999998,5.529408999999999,1566947876573
10543,226,Gyroscope,-0.883922,-0.43737950000000003,0.40378192,1566947876583
10544,226,Accelerometer,-7.5944076,-2.6719291000000003,5.7400985,1566947876583
10545,226,Gyroscope,-0.870483,-0.43493605,0.3903429,1566947876592
10546,226,Accelerometer,-7.9750857,-3.1747115000000004,5.772420400000001,1566947876593
10547,226,Gyroscope,-0.86498517,-0.46120325,0.39400807,1566947876602
10548,226,Accelerometer,-8.494628,-3.6822822,5.7245364,1566947876603
10549,226,Gyroscope,-0.86742866,-0.48808134,0.41355577,1566947876612
10550,226,Accelerometer,-8.791509,-3.9612067000000004,5.6299653,1566947876613
10551,226,Gyroscope,-0.8857546000000001,-0.49357912,0.45081854,1566947876622
10552,226,Accelerometer,-8.981848,-3.98874,5.5737014,1566947876623
10553,226,Gyroscope,-0.9114109,-0.48808134,0.5137377000000001,1566947876632
10554,226,Accelerometer,-8.856152999999999,-3.834314,5.6203885,1566947876633
10555,226,Gyroscope,-0.9425650999999999,-0.4636467000000001,0.57848936,1566947876642
10556,226,Accelerometer,-8.331821000000001,-3.6727053999999995,5.841851999999999,1566947876643
10557,226,Gyroscope,-0.95111716,-0.44776422,0.6377433000000001,1566947876652
10558,226,Accelerometer,-7.6027875,-3.4632127,6.1542954000000005,1566947876653
10559,226,Gyroscope,-0.9425650999999999,-0.43799037,0.6805039,1566947876662
10560,226,Accelerometer,-6.9395940000000005,-3.1639376,6.4212489999999995,1566947876663
10561,226,Gyroscope,-0.9315694999999999,-0.42638394,0.711658,1566947876672
10562,226,Accelerometer,-6.3685765,-2.8167782000000003,6.691794,1566947876673
10563,226,Gyroscope,-0.9083565999999998,-0.40744713,0.72692966,1566947876683
10564,226,Accelerometer,-6.0764837,-2.540248,6.892906699999999,1566947876683
10565,226,Gyroscope,-0.8979719,-0.34513888,0.73975784,1566947876692
10566,226,Accelerometer,-5.951985400000001,-2.3798366,7.03177,1566947876693
10567,226,Gyroscope,-0.89369583,-0.20708331,0.74281216,1566947876702
10568,226,Accelerometer,-5.946000000000001,-2.3666685000000003,7.015011,1566947876703
10569,226,Gyroscope,-0.9053023000000001,-0.11911872,0.7489208,1566947876712
10570,226,Accelerometer,-6.0369797,-2.4085669999999997,6.891710000000001,1566947876713
10571,226,Gyroscope,-0.9089674999999999,-0.05131268,0.7538077,1566947876722
10572,226,Accelerometer,-6.1183825,-2.4899697,6.623558999999999,1566947876722
10573,226,Gyroscope,-0.8979719,-0.014049901000000002,0.75625116,1566947876733
10574,226,Accelerometer,-6.277597,-2.622848,6.3757589999999995,1566947876733
10575,226,Gyroscope,-0.8686504,-0.01160644,0.7489208,1566947876742
10576,226,Accelerometer,-6.4990606,-2.823961,6.172251999999999,1566947876743
10577,226,Gyroscope,-0.8350528,-0.030543262,0.73853606,1566947876752
10578,226,Accelerometer,-6.9012866,-2.992752,6.021417,1566947876753
10579,226,Gyroscope,-0.8136725,-0.03176499,0.73426,1566947876762
10580,226,Accelerometer,-7.184999499999999,-3.028665,5.931635,1566947876763
10581,226,Gyroscope,-0.8008443000000001,-0.018325957,0.72509706,1566947876772
10582,226,Accelerometer,-7.352593400000001,-2.9963433999999998,5.876568,1566947876773
10583,226,Gyroscope,-0.7959574,0.009162978,0.70921457,1566947876783
10584,226,Accelerometer,-7.485471700000001,-2.9831752999999996,5.8837504,1566947876783
10585,226,Gyroscope,-0.8002335,0.019547688,0.6872234,1566947876792
10586,226,Accelerometer,-7.6470804,-3.0178912,5.7065797,1566947876793
10587,226,Gyroscope,-0.81061816,0.019547688,0.6621779000000001,1566947876802
10588,226,Accelerometer,-7.631517999999999,-3.0873232,5.531803,1566947876803
10589,226,Gyroscope,-0.79717916,-0.04886922,0.6346890000000001,1566947876812
10590,226,Accelerometer,-7.6494746,-3.2692822999999995,5.5270147000000005,1566947876813
10591,226,Gyroscope,-0.7800749,-0.095294975,0.6059783000000001,1566947876822
10592,226,Accelerometer,-7.762002000000001,-3.4009635,5.483919,1566947876823
10593,226,Gyroscope,-0.77274454,-0.12339478,0.5888741,1566947876832
10594,226,Accelerometer,-7.846996300000001,-3.3794157999999994,5.433641000000001,1566947876833
10595,226,Gyroscope,-0.7715228,-0.12034045,0.5705481,1566947876843
10596,226,Accelerometer,-7.7093296,-3.3087866000000004,5.4312468,1566947876843
10597,226,Gyroscope,-0.7696901999999999,-0.09407325,0.5497787,1566947876852
10598,226,Accelerometer,-7.562086,-3.4033577000000004,5.5042696,1566947876853
10599,226,Gyroscope,-0.7666359,-0.08857546,0.5308419,1566947876862
10600,226,Accelerometer,-7.581239699999999,-3.606865,5.483919,1566947876863
10601,226,Gyroscope,-0.75808376,-0.10812314599999999,0.5039638,1566947876872
10602,226,Accelerometer,-7.478289,-3.7445314,5.449203,1566947876873
10603,226,Gyroscope,-0.74281216,-0.13133603,0.47219884,1566947876882
10604,226,Accelerometer,-7.3214690000000004,-3.7780502,5.6108117,1566947876883
10605,226,Gyroscope,-0.7153232,-0.12278391400000001,0.44776422,1566947876892
10606,226,Accelerometer,-7.2568254,-3.9205053,5.567716000000001,1566947876893
10607,226,Gyroscope,-0.6976081000000001,-0.13988814,0.43066000000000004,1566947876903
10608,226,Accelerometer,-7.462726600000001,-3.776853,5.5006785,1566947876903
10609,226,Gyroscope,-0.66645396,-0.20647246,0.44043383,1566947876912
10610,226,Accelerometer,-7.337031,-3.453636,5.6407394,1566947876913
10611,226,Gyroscope,-0.6273586,-0.28527406,0.47464229999999996,1566947876922
10612,226,Accelerometer,-7.41604,-3.193865,5.6060233,1566947876923
10613,226,Gyroscope,-0.57848936,-0.3903429,0.56321776,1566947876932
10614,226,Accelerometer,-7.314286,-2.9089549999999997,5.4563856,1566947876933
10615,226,Gyroscope,-0.5656611999999999,-0.42332962,0.63529986,1566947876942
10616,226,Accelerometer,-7.0904284,-2.6132712000000002,5.357026,1566947876943
10617,226,Gyroscope,-0.56688297,-0.43188173,0.7067711,1566947876953
10618,226,Accelerometer,-6.851008,-2.2948422,5.481525,1566947876953
10619,226,Gyroscope,-0.56199604,-0.44959682,0.75991637,1566947876962
10620,226,Accelerometer,-6.672640299999999,-1.9847932000000001,5.7161565,1566947876963
10621,226,Gyroscope,-0.54733527,-0.45753807,0.7806858,1566947876972
10622,226,Accelerometer,-6.4739213,-1.685518,6.0441623,1566947876973
10623,226,Gyroscope,-0.5314528000000001,-0.43004912,0.7696901999999999,1566947876982
10624,226,Accelerometer,-6.588842999999999,-1.3227965,6.459556,1566947876983
10625,226,Gyroscope,-0.5357288,-0.34025195,0.72387534,1566947876992
10626,226,Accelerometer,-6.540959,-1.079785,6.6774287,1566947876993
10627,226,Gyroscope,-0.58032197,-0.23579398,0.6597345,1566947877002
10628,226,Accelerometer,-6.8342485,-0.90381116,6.5241995,1566947877003
10629,226,Gyroscope,-0.65301496,-0.17409660000000002,0.58459806,1566947877013
10630,226,Accelerometer,-7.2245035,-0.9576806999999999,6.475118599999999,1566947877013
10631,226,Gyroscope,-0.72021013,-0.12583824,0.52473325,1566947877022
10632,226,Accelerometer,-7.539341,-1.1133038,6.443994,1566947877023
10633,226,Gyroscope,-0.75686204,-0.096516706,0.49907690000000005,1566947877032
10634,226,Accelerometer,-7.8493905,-1.3443443000000002,6.4499793,1566947877033
10635,226,Gyroscope,-0.7678576,-0.086132,0.50579643,1566947877042
10636,226,Accelerometer,-8.069656,-1.5275006000000002,6.4416,1566947877043
10637,226,Gyroscope,-0.7696901999999999,-0.096516706,0.5369505,1566947877052
10638,226,Accelerometer,-8.129512,-1.6460136000000003,6.349423000000001,1566947877053
10639,226,Gyroscope,-0.7855727,-0.11362094,0.5821546,1566947877063
10640,226,Accelerometer,-7.9990277,-1.6831238000000002,6.1746464,1566947877063
10641,226,Gyroscope,-0.81061816,-0.12950343,0.64568454,1566947877072
10642,226,Accelerometer,-7.8146744,-1.6603789,5.9986725,1566947877073
10643,226,Gyroscope,-0.8533788,-0.13072516,0.6988298000000001,1566947877082
10644,226,Accelerometer,-7.589619,-1.5921441,5.825093,1566947877083
10645,226,Gyroscope,-0.893085,-0.13011430000000002,0.74464476,1566947877092
10646,226,Accelerometer,-7.3418193,-1.5023615,5.7736173,1566947877093
10647,226,Gyroscope,-0.90408057,-0.11362094,0.7672467,1566947877102
10648,226,Accelerometer,-7.229292,-1.411382,5.765238,1566947877103
10649,226,Gyroscope,-0.9083565999999998,-0.06291912,0.7861836,1566947877112
10650,226,Accelerometer,-7.1826053,-1.3886370000000001,5.638344999999999,1566947877112
10651,226,Gyroscope,-0.9089674999999999,-0.027488936000000002,0.79290307,1566947877123
10652,226,Accelerometer,-7.3346367,-1.459266,5.403713,1566947877123
10653,226,Gyroscope,-0.92057395,-0.021991148999999998,0.7806858,1566947877132
10654,226,Accelerometer,-7.4256167,-1.6400281000000003,5.1475334,1566947877133
10655,226,Gyroscope,-0.93584555,-0.03481932,0.7641924,1566947877142
10656,226,Accelerometer,-7.5668745,-1.7705121,5.038597599999999,1566947877143
10657,226,Gyroscope,-0.9407325000000001,-0.058643065,0.743423,1566947877152
10658,226,Accelerometer,-7.7189064,-1.8291701,4.914099,1566947877153
10659,226,Gyroscope,-0.93462384,-0.17409660000000002,0.7171558000000001,1566947877162
10660,226,Accelerometer,-7.966706299999999,-1.8387468999999996,4.7261543,1566947877163
10661,226,Gyroscope,-0.9266825999999999,-0.23579398,0.7079928000000001,1566947877172
10662,226,Accelerometer,-7.985860000000001,-1.7561468999999996,4.748899,1566947877173
10663,226,Gyroscope,-0.9193522,-0.25167647,0.7049385,1566947877182
10664,226,Accelerometer,-7.9427642999999994,-1.7357962,4.947618,1566947877183
10665,226,Gyroscope,-0.9101892,-0.27672195,0.7079928000000001,1566947877192
10666,226,Accelerometer,-8.021772,-1.8375498,4.9883194,1566947877193
10667,226,Gyroscope,-0.906524,-0.29504790000000003,0.711658,1566947877202
10668,226,Accelerometer,-8.052897,-1.9752164,5.1116204000000005,1566947877203
10669,226,Gyroscope,-0.9095783000000002,-0.29993483,0.7122689,1566947877212
10670,226,Accelerometer,-8.12233,-2.0494366000000004,5.2899885,1566947877213
10671,226,Gyroscope,-0.91507614,-0.31337386,0.6988298000000001,1566947877222
10672,226,Accelerometer,-8.157045,-2.0853498,5.353435,1566947877223
10673,226,Gyroscope,-0.91751957,-0.35308012,0.68416905,1566947877232
10674,226,Accelerometer,-8.1319065,-2.219425,5.278017500000001,1566947877233
10675,226,Gyroscope,-0.93218035,-0.35918877,0.66339964,1566947877242
10676,226,Accelerometer,-7.985860000000001,-2.2242134,5.2516812999999996,1566947877243
10677,226,Gyroscope,-0.9401216,-0.36041048,0.65179324,1566947877252
10678,226,Accelerometer,-7.9248075,-2.2421699,5.076905,1566947877253
10679,226,Gyroscope,-0.93401295,-0.40072759999999996,0.6389651,1566947877262
10680,226,Accelerometer,-7.767987299999999,-2.3259668,4.841076,1566947877263
10681,226,Gyroscope,-0.9193522,-0.46181414,0.6133086999999999,1566947877272
10682,226,Accelerometer,-7.60997,-2.4025814999999997,4.674679,1566947877273
10683,226,Gyroscope,-0.89919364,-0.51068336,0.5888741,1566947877283
10684,226,Accelerometer,-7.547721000000001,-2.409764,4.691438,1566947877283
10685,226,Gyroscope,-0.88086766,-0.52106804,0.5656611999999999,1566947877292
10686,226,Accelerometer,-7.479486,-2.3331497000000003,4.985925,1566947877293
10687,226,Gyroscope,-0.86070913,-0.50579643,0.54000485,1566947877302
10688,226,Accelerometer,-7.4711065,-2.3678656000000005,5.407305,1566947877303
10689,226,Gyroscope,-0.83077675,-0.4636467000000001,0.5186246,1566947877312
10690,226,Accelerometer,-7.563283,-2.5761611,5.8274870000000005,1566947877313
10691,226,Gyroscope,-0.82894415,-0.39522982,0.5112942,1566947877322
10692,226,Accelerometer,-7.884106,-2.9113493,5.9400144,1566947877323
10693,226,Gyroscope,-0.8588764999999999,-0.33536503,0.52839845,1566947877333
10694,226,Accelerometer,-8.249222,-3.2740707000000002,5.840655,1566947877333
10695,226,Gyroscope,-0.9053023000000001,-0.3378085,0.5699373000000001,1566947877342
10696,226,Accelerometer,-8.710106,-3.5553896000000003,5.6551046,1566947877343
10697,226,Gyroscope,-0.9425650999999999,-0.36468655,0.6151413,1566947877352
10698,226,Accelerometer,-8.942344,-3.606865,5.6790465999999995,1566947877353
10699,226,Gyroscope,-0.96577793,-0.408058,0.6713409,1566947877362
10700,226,Accelerometer,-8.614338,-3.4368765,5.963956400000001,1566947877363
10701,226,Gyroscope,-0.9798279000000001,-0.42760566,0.72509706,1566947877372
10702,226,Accelerometer,-8.106767,-3.181894,6.242881,1566947877373
10703,226,Gyroscope,-0.9841039,-0.42577308,0.7678576,1566947877382
10704,226,Accelerometer,-7.5453267,-2.9293058,6.405687,1566947877383
10705,226,Gyroscope,-0.9877690999999998,-0.39461896,0.7910705,1566947877392
10706,226,Accelerometer,-7.043741000000001,-2.7210102000000003,6.5337762999999995,1566947877393
10707,226,Gyroscope,-1.0054842,-0.34880406,0.79717916,1566947877402
10708,226,Accelerometer,-6.513426,-2.585738,6.701370699999999,1566947877403
10709,226,Gyroscope,-1.0085385,-0.27977628,0.7996226,1566947877412
10710,226,Accelerometer,-6.25964,-2.6240451,6.793547,1566947877413
10711,226,Gyroscope,-1.010982,-0.19914207,0.7965683000000001,1566947877423
10712,226,Accelerometer,-6.2285156,-2.5917234000000002,6.602011,1566947877423
10713,226,Gyroscope,-1.0103711,-0.12461651,0.79351395,1566947877432
10714,226,Accelerometer,-6.1818290000000005,-2.5929205,6.378153299999999,1566947877433
10715,226,Gyroscope,-0.99265605,-0.054367005999999996,0.7892378999999999,1566947877442
10716,226,Accelerometer,-6.379350700000001,-2.6874914,6.2512608,1566947877443
10717,226,Gyroscope,-0.9621128000000001,0.002443461,0.7733554,1566947877452
10718,226,Accelerometer,-6.6606693,-2.8550856,5.9687448,1566947877453
10719,226,Gyroscope,-0.9388999,0.019547688,0.75991637,1566947877462
10720,226,Accelerometer,-7.035361999999999,-2.9041667,5.6682725,1566947877463
10721,226,Gyroscope,-0.9211848,0.028099801,0.75136423,1566947877472
10722,226,Accelerometer,-7.195773,-2.9867666,5.4922986,1566947877473
10723,226,Gyroscope,-0.90102625,0.02076942,0.7507534,1566947877482
10724,226,Accelerometer,-7.5046253,-3.0370448,5.322310400000001,1566947877483
10725,226,Gyroscope,-0.893085,-0.009162978,0.7495316,1566947877492
10726,226,Accelerometer,-7.6518690000000005,-3.0681696,5.1463366,1566947877493
10727,226,Gyroscope,-0.8912524,-0.05375614,0.7501425,1566947877502
10728,226,Accelerometer,-7.638700500000001,-3.1136593999999995,5.2157683,1566947877503
10729,226,Gyroscope,-0.87109387,-0.10812314599999999,0.74036866,1566947877512
10730,226,Accelerometer,-7.654263,-3.2130187,5.345055,1566947877513
10731,226,Gyroscope,-0.8564331000000001,-0.16554448,0.7318166,1566947877523
10732,226,Accelerometer,-7.6746134999999995,-3.2453402999999996,5.384559599999999,1566947877523
10733,226,Gyroscope,-0.84482664,-0.20463985,0.7141015000000001,1566947877532
10734,226,Accelerometer,-7.6638399999999995,-3.2740707000000002,5.5018754,1566947877533
10735,226,Gyroscope,-0.82894415,-0.24007004,0.7012733,1566947877542
10736,226,Accelerometer,-7.6650367,-3.217807,5.511451999999999,1566947877543
10737,226,Gyroscope,-0.8222246,-0.24556783,0.6963864000000001,1566947877552
10738,226,Accelerometer,-7.477092,-3.1004913,5.5126495,1566947877553
10739,226,Gyroscope,-0.81489426,-0.22785273,0.6817255999999999,1566947877562
10740,226,Accelerometer,-7.271190600000001,-3.1495724,5.6802435,1566947877563
10741,226,Gyroscope,-0.79534656,-0.21624629,0.66523224,1566947877572
10742,226,Accelerometer,-7.2245035,-3.2225955,5.717354,1566947877573
10743,226,Gyroscope,-0.7855727,-0.20891592,0.65118235,1566947877582
10744,226,Accelerometer,-7.071274799999999,-3.144784,5.7640405,1566947877583
10745,226,Gyroscope,-0.7788531999999999,-0.19425514,0.6346890000000001,1566947877592
10746,226,Accelerometer,-7.019799000000001,-3.13401,5.8226986,1566947877593
10747,226,Gyroscope,-0.77213365,-0.17959438,0.6151413,1566947877602
10748,226,Accelerometer,-7.0820484,-3.1783028,5.8586116,1566947877603
10749,226,Gyroscope,-0.7703011,-0.17470746,0.58093286,1566947877612
10750,226,Accelerometer,-7.2101383000000006,-3.1735144,5.8933277,1566947877613
10751,226,Gyroscope,-0.7703011,-0.17409660000000002,0.5497787,1566947877623
10752,226,Accelerometer,-7.216124000000001,-3.1830912000000002,5.9998693,1566947877623
10753,226,Gyroscope,-0.76174897,-0.17104226,0.52595496,1566947877632
10754,226,Accelerometer,-7.36217,-3.2441432,6.0202203,1566947877633
10755,226,Gyroscope,-0.7648033000000001,-0.16371189,0.50823987,1566947877642
10756,226,Accelerometer,-7.4351935,-3.25372,5.961562000000001,1566947877643
10757,226,Gyroscope,-0.7684685,-0.13072516,0.50640726,1566947877652
10758,226,Accelerometer,-7.2915410000000005,-3.2249897,5.9627595,1566947877653
10759,226,Gyroscope,-0.76174897,-0.08674286,0.5198463,1566947877663
10760,226,Accelerometer,-7.2628107,-3.2549171,5.961562000000001,1566947877663
10761,226,Gyroscope,-0.76174897,-0.08246681,0.5290093000000001,1566947877672
10762,226,Accelerometer,-7.3418193,-3.3889925,5.8789620000000005,1566947877673
10763,226,Gyroscope,-0.7611380999999999,-0.11056661,0.52412236,1566947877682
10764,226,Accelerometer,-7.3992805,-3.4751837,5.8179099999999995,1566947877683
10765,226,Gyroscope,-0.75869465,-0.10995574,0.52473325,1566947877692
10766,226,Accelerometer,-7.27957,-3.3650506,5.8933277,1566947877693
10767,226,Gyroscope,-0.7483099,-0.07574729,0.52290064,1566947877702
10768,226,Accelerometer,-7.1873937,-3.2776620000000003,5.997475,1566947877703
10769,226,Gyroscope,-0.73364913,-0.048258353,0.5045747,1566947877712
10770,226,Accelerometer,-7.231686,-3.301604,5.9747305,1566947877713
10771,226,Gyroscope,-0.7348709,-0.03176499,0.48441613,1566947877722
10772,226,Accelerometer,-7.27957,-3.3195608,5.910087,1566947877723
10773,226,Gyroscope,-0.73792523,-0.054367005999999996,0.47708577,1566947877732
10774,226,Accelerometer,-7.4256167,-3.217807,5.7161565,1566947877733
10775,226,Gyroscope,-0.72692966,-0.08307768,0.48014009999999996,1566947877742
10776,226,Accelerometer,-7.3789296,-3.0226796,5.6802435,1566947877743
10777,226,Gyroscope,-0.70554936,-0.124005646,0.49846604,1566947877753
10778,226,Accelerometer,-7.3825210000000006,-2.7114333999999998,5.5844755,1566947877753
10779,226,Gyroscope,-0.6969972,-0.15088372,0.5143485,1566947877762
10780,226,Accelerometer,-7.314286,-2.5151088,5.4803276,1566947877763
10781,226,Gyroscope,-0.6933321,-0.17348573,0.52534413,1566947877772
10782,226,Accelerometer,-7.176619500000001,-2.4349031,5.45878,1566947877773
10783,226,Gyroscope,-0.68416905,-0.1826487,0.5345071,1566947877782
10784,226,Accelerometer,-7.0545154000000005,-2.4768016,5.518635,1566947877783
10785,226,Gyroscope,-0.68233645,-0.20219639,0.54367006,1566947877792
10786,226,Accelerometer,-7.0209966,-2.517503,5.49589,1566947877793
10787,226,Gyroscope,-0.68600166,-0.20525073,0.548557,1566947877802
10788,226,Accelerometer,-6.920439999999999,-2.4684220000000003,5.813122,1566947877803
10789,226,Gyroscope,-0.68966687,-0.17287487,0.5552765000000001,1566947877812
10790,226,Accelerometer,-6.7743936,-2.3930047,5.9807158,1566947877813
10791,226,Gyroscope,-0.6921103,-0.1337795,0.55833083,1566947877822
10792,226,Accelerometer,-6.8905125,-2.4349031,6.0884547,1566947877823
10793,226,Gyroscope,-0.6835581999999999,-0.112399206,0.552833,1566947877832
10794,226,Accelerometer,-7.121553,-2.3762453,6.143522,1566947877833
10795,226,Gyroscope,-0.6786713000000001,-0.09040806,0.552833,1566947877842
10796,226,Accelerometer,-7.2759789999999995,-2.2242134,6.1746464,1566947877843
10797,226,Gyroscope,-0.67011917,-0.056199603,0.56199604,1566947877852
10798,226,Accelerometer,-7.350199000000001,-2.148796,6.159084,1566947877853
10799,226,Gyroscope,-0.6627888000000001,-0.036651913,0.56199604,1566947877863
10800,226,Accelerometer,-7.5046253,-2.2074540000000002,6.114791,1566947877863
10801,226,Gyroscope,-0.6713409,-0.028099801,0.5571090999999999,1566947877872
10802,226,Accelerometer,-7.699753,-2.255338,5.9867015,1566947877873
10803,226,Gyroscope,-0.6939429,-0.016493361,0.5571090999999999,1566947877882
10804,226,Accelerometer,-7.765592999999999,-2.2182279,5.8849480000000005,1566947877883
10805,226,Gyroscope,-0.7189884,-0.004886922,0.5552765000000001,1566947877892
10806,226,Accelerometer,-7.7153149999999995,-2.1727380000000003,5.85502,1566947877893
10807,226,Gyroscope,-0.73975784,0.007330383,0.5479460999999999,1566947877902
10808,226,Accelerometer,-7.6375036,-2.1703438999999998,5.718550700000001,1566947877903
10809,226,Gyroscope,-0.7538077,0.018936822,0.53878313,1566947877913
10810,226,Accelerometer,-7.499836999999999,-2.2098482,5.6682725,1566947877913
10811,226,Gyroscope,-0.75808376,0.028099801,0.5296202,1566947877922
10812,226,Accelerometer,-7.4351935,-2.2481554,5.681441,1566947877923
10813,226,Gyroscope,-0.74220127,0.017715093,0.51923543,1566947877932
10814,226,Accelerometer,-7.4327993,-2.31639,5.73531,1566947877933
10815,226,Gyroscope,-0.72021013,-0.007941248,0.50823987,1566947877942
10816,226,Accelerometer,-7.4567413,-2.3666685000000003,5.6826377,1566947877943
10817,226,Gyroscope,-0.7122689,-0.022602014,0.49602258,1566947877953
10818,226,Accelerometer,-7.4986396,-2.3355439,5.4563856,1566947877953
10819,226,Gyroscope,-0.7257079000000001,-0.027488936000000002,0.49846604,1566947877962
10820,226,Accelerometer,-7.548918,-2.2780828,5.2540755,1566947877963
10821,226,Gyroscope,-0.7330383,-0.018936822,0.50335294,1566947877972
10822,226,Accelerometer,-7.477092,-2.256535,5.195418,1566947877973
10823,226,Gyroscope,-0.72387534,-0.028099801,0.5002986,1566947877982
10824,226,Accelerometer,-7.492654300000001,-2.3259668,5.2444987,1566947877983
10825,226,Gyroscope,-0.70554936,-0.040317107000000005,0.48808134,1566947877993
10826,226,Accelerometer,-7.5561004,-2.2756886,5.2816089999999996,1566947877993
10827,226,Gyroscope,-0.6957755,-0.049480084,0.47403142,1566947878002
10828,226,Accelerometer,-7.599196000000001,-2.2301989,5.295974299999999,1566947878003
10829,226,Gyroscope,-0.6817255999999999,-0.07452556,0.45937067,1566947878012
10830,226,Accelerometer,-7.6949644,-2.3690627,5.3330839999999995,1566947878013
10831,226,Gyroscope,-0.6646214,-0.12339478,0.44104472,1566947878022
10832,226,Accelerometer,-7.693767,-2.5917234000000002,5.334281400000001,1566947878023
10833,226,Gyroscope,-0.6542366999999999,-0.16554448,0.41538838,1566947878032
10834,226,Accelerometer,-7.7847466,-2.7269957000000002,5.2516812999999996,1566947878033
10835,226,Gyroscope,-0.65301496,-0.20097467,0.40133846,1566947878042
10836,226,Accelerometer,-7.771578999999999,-2.6994624,5.070919,1566947878043
10837,226,Gyroscope,-0.6560693,-0.22052236,0.398895,1566947878053
10838,226,Accelerometer,-7.726089,-2.6204537999999995,5.0697220000000005,1566947878053
10839,226,Gyroscope,-0.6401868000000001,-0.22296582,0.39584067,1566947878062
10840,226,Accelerometer,-7.714117999999999,-2.6180596,5.1666875,1566947878063
10841,226,Gyroscope,-0.61269784,-0.22235495,0.3817908,1566947878072
10842,226,Accelerometer,-7.7428484,-2.6420016,5.303157,1566947878073
10843,226,Gyroscope,-0.5907066999999999,-0.20586158,0.3555236,1566947878082
10844,226,Accelerometer,-7.782352400000001,-2.6994624,5.4683566,1566947878083
10845,226,Gyroscope,-0.56199604,-0.21197024,0.3475823,1566947878092
10846,226,Accelerometer,-8.013392999999999,-2.8562827,5.5988407,1566947878093
10847,226,Gyroscope,-0.5626069,-0.20891592,0.35491269999999997,1566947878102
10848,226,Accelerometer,-8.159439,-2.9532477999999998,5.6096144,1566947878103
10849,226,Gyroscope,-0.58032197,-0.19425514,0.36774087,1566947878113
10850,226,Accelerometer,-8.177396,-2.9400797,5.579687,1566947878113
10851,226,Gyroscope,-0.5882632,-0.16982053,0.3921755,1566947878122
10852,226,Accelerometer,-8.080430999999999,-2.9245174,5.623979599999999,1566947878123
10853,226,Gyroscope,-0.6041456999999999,-0.16554448,0.40622538,1566947878132
10854,226,Accelerometer,-7.926005,-2.8981812000000002,5.566519,1566947878133
10855,226,Gyroscope,-0.6151413,-0.18509217,0.41477749999999997,1566947878142
10856,226,Accelerometer,-7.666233999999999,-2.813187,5.542577,1566947878143
10857,226,Gyroscope,-0.6188064999999999,-0.19242255,0.41783184,1566947878152
10858,226,Accelerometer,-7.3549875999999985,-2.6850972,5.74369,1566947878153
10859,226,Gyroscope,-0.6078109,-0.19120082,0.41905355,1566947878162
10860,226,Accelerometer,-7.133524,-2.5833437000000004,5.969942,1566947878164
10861,226,Gyroscope,-0.589485,-0.18081611,0.41294490000000006,1566947878173
10862,226,Accelerometer,-6.924031299999999,-2.4995465,6.194997,1566947878173
10863,226,Gyroscope,-0.571159,-0.15515977,0.40622538,1566947878182
10864,226,Accelerometer,-6.793547,-2.4851813,6.3721676,1566947878183
10865,226,Gyroscope,-0.5510005,-0.12156218,0.3921755,1566947878192
10866,226,Accelerometer,-6.7767878,-2.5582043999999997,6.4260373,1566947878193
10867,226,Gyroscope,-0.54428095,-0.07941248,0.37995818,1566947878202
10868,226,Accelerometer,-6.8426285,-2.5558102000000003,6.373365,1566947878203
10869,226,Gyroscope,-0.5412266,-0.02443461,0.37812558,1566947878212
10870,226,Accelerometer,-6.981492,-2.5043349999999998,6.1973910000000005,1566947878213
10871,226,Gyroscope,-0.5320636,0.02321288,0.37079520000000005,1566947878223
10872,226,Accelerometer,-7.073669000000001,-2.5761611,5.996278299999999,1566947878223
10873,226,Gyroscope,-0.5155702999999999,0.05131268,0.36346483,1566947878232
10874,226,Accelerometer,-7.2628107,-2.6839,5.8502316,1566947878233
10875,226,Gyroscope,-0.50701815,0.048258353,0.35430184,1566947878242
10876,226,Accelerometer,-7.407660000000001,-2.7988217,5.604826,1566947878243
10877,226,Gyroscope,-0.48624873,0.02687807,0.34697145,1566947878252
10878,226,Accelerometer,-7.541735000000001,-2.9496564999999997,5.3737855,1566947878253
10879,226,Gyroscope,-0.46120325,-0.0061086523,0.33658674,1566947878262
10880,226,Accelerometer,-7.745242599999999,-3.1184477999999998,5.2289367,1566947878263
10881,226,Gyroscope,-0.4538729,-0.04276056599999999,0.33169982,1566947878272
10882,226,Accelerometer,-7.8853035,-3.0382418999999996,4.9895163,1566947878273
10883,226,Gyroscope,-0.44837508,-0.07696902,0.3286455,1566947878283
10884,226,Accelerometer,-7.856573,-3.0334535,5.0972550000000005,1566947878283
10885,226,Gyroscope,-0.42455134,-0.11545353400000001,0.31581733,1566947878292
10886,226,Accelerometer,-7.9068513,-2.9867666,5.1439424,1566947878293
10887,226,Gyroscope,-0.4111123,-0.14538592,0.3005457,1566947878302
10888,226,Accelerometer,-7.835025,-2.835932,5.0996494000000006,1566947878303
10889,226,Gyroscope,-0.41233405,-0.16493362,0.29016098,1566947878312
10890,226,Accelerometer,-7.745242599999999,-2.7760768,5.1487308,1566947878313
10891,226,Gyroscope,-0.408058,-0.1685988,0.28893927,1566947878322
10892,226,Accelerometer,-7.730877400000001,-2.8203697,5.213374,1566947878323
10893,226,Gyroscope,-0.40133846,-0.1826487,0.27916542,1566947878332
10894,226,Accelerometer,-7.8086886,-2.8969840000000002,5.245696,1566947878333
10895,226,Gyroscope,-0.40561453,-0.19058995,0.26878070000000004,1566947878343
10896,226,Accelerometer,-7.769184599999999,-2.9472623,5.351041,1566947878343
10897,226,Gyroscope,-0.40439278,-0.18448131,0.26083946,1566947878352
10898,226,Accelerometer,-7.753622,-2.9460652,5.422867,1566947878353
10899,226,Gyroscope,-0.40256020000000003,-0.16065755,0.25045475,1566947878362
10900,226,Accelerometer,-7.7488337,-2.8921957000000003,5.4515970000000005,1566947878363
10901,226,Gyroscope,-0.39706242,-0.15088372,0.2443461,1566947878372
10902,226,Accelerometer,-7.693767,-2.9484594,5.4408236,1566947878373
10903,226,Gyroscope,-0.38851030000000003,-0.1563815,0.23823744,1566947878382
10904,226,Accelerometer,-7.590816499999999,-2.9903579,5.474342299999999,1566947878383
10905,226,Gyroscope,-0.37568212,-0.16798794,0.23457226,1566947878392
10906,226,Accelerometer,-7.544129400000001,-2.9819782000000004,5.473145,1566947878393
10907,226,Gyroscope,-0.3622431,-0.18142697,0.23396139,1566947878403
10908,226,Accelerometer,-7.523778999999999,-2.9460652,5.475539,1566947878403
10909,226,Gyroscope,-0.35735616,-0.18997909,0.23335053,1566947878413
10910,226,Accelerometer,-7.4735007,-2.8658595,5.613206,1566947878413
10911,226,Gyroscope,-0.35124752,-0.18631389999999998,0.23335053,1566947878422
10912,226,Accelerometer,-7.428011,-2.7832594,5.750872599999999,1566947878423
10913,226,Gyroscope,-0.34697145,-0.18875736,0.22602014,1566947878432
10914,226,Accelerometer,-7.352593400000001,-2.7449522,5.8622026,1566947878433
10915,226,Gyroscope,-0.34697145,-0.18020524,0.21624629,1566947878442
10916,226,Accelerometer,-7.219714999999999,-2.681506,5.978321599999999,1566947878443
10917,226,Gyroscope,-0.35063666,-0.16737708,0.20280726,1566947878452
10918,226,Accelerometer,-7.1909847000000005,-2.6479871,6.0262055,1566947878453
10919,226,Gyroscope,-0.3567453,-0.15882497,0.19181168,1566947878463
10920,226,Accelerometer,-7.147889,-2.6001031,6.0166287,1566947878463
10921,226,Gyroscope,-0.37018433,-0.1386664,0.18387043,1566947878472
10922,226,Accelerometer,-7.056909599999999,-2.5198972,6.0333879999999995,1566947878473
10923,226,Gyroscope,-0.38912117,-0.11056661,0.18325958,1566947878482
10924,226,Accelerometer,-7.0581064,-2.5127146000000002,6.059724299999999,1566947878483
10925,226,Gyroscope,-0.40439278,-0.09101892,0.1881465,1566947878492
10926,226,Accelerometer,-6.981492,-2.5198972,6.171055,1566947878493
10927,226,Gyroscope,-0.41050145,-0.076358154,0.1881465,1566947878502
10928,226,Accelerometer,-6.7684083,-2.6755204,6.2740054,1566947878503
10929,226,Gyroscope,-0.41599923,-0.047647487,0.19486602,1566947878512
10930,226,Accelerometer,-6.7360864000000005,-2.8814217999999996,6.2847795,1566947878513
10931,226,Gyroscope,-0.42088616,-0.015271631,0.21319197,1566947878522
10932,226,Accelerometer,-6.8306575,-2.9652187999999997,6.1902084,1566947878523
10933,226,Gyroscope,-0.42821655,0.017104227,0.22968534,1566947878532
10934,226,Accelerometer,-6.9120603,-3.0083144,6.171055,1566947878533
10935,226,Gyroscope,-0.43188173,0.064751714,0.25228736,1566947878542
10936,226,Accelerometer,-6.870162,-3.063381,6.149507,1566947878543
10937,226,Gyroscope,-0.43493605,0.111177474,0.26389378,1566947878552
10938,226,Accelerometer,-6.847417,-3.1878796,6.072892700000001,1566947878553
10939,226,Gyroscope,-0.44715336,0.13133603,0.2773328,1566947878562
10940,226,Accelerometer,-7.1263413,-3.1364042999999997,5.756858,1566947878563
10941,226,Gyroscope,-0.46181414,0.13072516,0.28527406,1566947878573
10942,226,Accelerometer,-7.2149267,-3.1136593999999995,5.625177,1566947878573
10943,226,Gyroscope,-0.46486846,0.13011430000000002,0.29626966,1566947878582
10944,226,Accelerometer,-7.156269,-3.0741549999999997,5.685032,1566947878583
10945,226,Gyroscope,-0.45570546,0.11911872,0.31703907,1566947878592
10946,226,Accelerometer,-7.255628,-2.813187,5.756858,1566947878593
10947,226,Gyroscope,-0.44409904,0.099571034,0.35002577,1566947878602
10948,226,Accelerometer,-7.346607700000001,-2.6300306,5.7377043,1566947878603
10949,226,Gyroscope,-0.44532076,0.07513642,0.3811799,1566947878612
10950,226,Accelerometer,-7.393294999999999,-2.505532,5.6886234,1566947878613
10951,226,Gyroscope,-0.45753807,0.05131268,0.40561453,1566947878622
10952,226,Accelerometer,-7.369353,-2.3594859,5.639542,1566947878623
10953,226,Gyroscope,-0.4642576,0.03481932,0.4288274,1566947878633
10954,226,Accelerometer,-7.420828299999999,-2.2337902,5.659893,1566947878633
10955,226,Gyroscope,-0.46303585,0.03970624,0.43799037,1566947878642
10956,226,Accelerometer,-7.3789296,-2.148796,5.8023477,1566947878643
10957,226,Gyroscope,-0.45142943,0.070249505,0.43554693,1566947878652
10958,226,Accelerometer,-7.358579,-2.1404164,5.9747305,1566947878653
10959,226,Gyroscope,-0.44348818,0.118507855,0.41844269999999995,1566947878662
10960,226,Accelerometer,-7.4363904000000005,-2.1021092,6.053739,1566947878663
10961,226,Gyroscope,-0.44165558,0.17531833,0.39950588,1566947878672
10962,226,Accelerometer,-7.516596300000001,-2.0242975,6.0836663,1566947878673
10963,226,Gyroscope,-0.44898596,0.23823744,0.3830125,1566947878682
10964,226,Accelerometer,-7.741650999999999,-1.9871874,6.039374,1566947878683
10965,226,Gyroscope,-0.45998153,0.24617869,0.35308012,1566947878693
10966,226,Accelerometer,-7.917625,-1.8219875,5.639542,1566947878693
10967,226,Gyroscope,-0.47586402,0.2443461,0.32375857,1566947878702
10968,226,Accelerometer,-8.033744,-1.7836802999999999,5.346252400000001,1566947878703
10969,226,Gyroscope,-0.48991394,0.23273966,0.2968805,1566947878712
10970,226,Accelerometer,-8.086416,-1.8614918000000003,5.079299,1566947878713
10971,226,Gyroscope,-0.49724430000000003,0.19181168,0.26633725,1566947878722
10972,226,Accelerometer,-8.067263,-2.054225,4.896142500000001,1566947878723
10973,226,Gyroscope,-0.49235737,0.14172074,0.2443461,1566947878732
10974,226,Accelerometer,-8.020576,-2.493561,4.844666999999999,1566947878733
10975,226,Gyroscope,-0.4783075,0.08552113,0.2321288,1566947878742
10976,226,Accelerometer,-7.839813,-2.6024973,4.820725,1566947878743
10977,226,Gyroscope,-0.4654793,0.03604105,0.23090707,1566947878752
10978,226,Accelerometer,-7.771578999999999,-2.657564,4.76925,1566947878753
10979,226,Gyroscope,-0.44959682,-0.015271631,0.24678956,1566947878762
10980,226,Accelerometer,-7.728483,-2.6372132,4.7680526,1566947878763
10981,226,Gyroscope,-0.41844269999999995,-0.07147124,0.26633725,1566947878772
10982,226,Accelerometer,-7.702147,-2.553416,4.856637999999999,1566947878773
10983,226,Gyroscope,-0.39400807,-0.086132,0.27550024,1566947878782
10984,226,Accelerometer,-7.8218570000000005,-2.4588451,4.9643774,1566947878783
10985,226,Gyroscope,-0.37995818,-0.09101892,0.28221974,1566947878792
10986,226,Accelerometer,-7.9571295,-2.3642743,4.995502,1566947878793
10987,226,Gyroscope,-0.37262779999999995,-0.08735373,0.2846632,1566947878803
10988,226,Accelerometer,-8.080430999999999,-2.3092074,5.0864816,1566947878803
10989,226,Gyroscope,-0.37018433,-0.08002335,0.28344148,1566947878812
10990,226,Accelerometer,-8.197746,-2.292448,5.207389,1566947878813
10991,226,Gyroscope,-0.36468655,-0.08307768,0.28160888,1566947878822
10992,226,Accelerometer,-8.234857,-2.2876596,5.2121773000000005,1566947878823
10993,226,Gyroscope,-0.36468655,-0.10751228,0.28099802,1566947878832
10994,226,Accelerometer,-8.190564,-2.2613235,5.1367598,1566947878833
10995,226,Gyroscope,-0.3659083,-0.13988814,0.27855456,1566947878842
10996,226,Accelerometer,-8.1079645,-2.1703438999999998,5.171476,1566947878843
10997,226,Gyroscope,-0.35185838,-0.16371189,0.27305678,1566947878853
10998,226,Accelerometer,-7.928399000000001,-2.0290859,5.306748000000001,1566947878853
10999,226,Gyroscope,-0.33658674,-0.18509217,0.25900686,1566947878862
11000,226,Accelerometer,-7.8158712,-1.9129671999999998,5.391742,1566947878863
11001,226,Gyroscope,-0.32131509999999996,-0.19608775,0.24190263,1566947878872
11002,226,Accelerometer,-7.705738,-1.8183962,5.5617304,1566947878873
11003,226,Gyroscope,-0.31031954,-0.18325958,0.22052236,1566947878882
11004,226,Accelerometer,-7.619547,-1.8136078000000002,5.7089739999999995,1566947878883
11005,226,Gyroscope,-0.3115413,-0.15882497,0.19792034,1566947878892
11006,226,Accelerometer,-7.668628,-1.8614918000000003,5.8215012999999995,1566947878893
11007,226,Gyroscope,-0.32498032,-0.13255776,0.18570304,1566947878902
11008,226,Accelerometer,-7.7201033,-1.9309237000000001,5.8825536,1566947878903
11009,226,Gyroscope,-0.34147367,-0.10018189999999999,0.18509217,1566947878913
11010,226,Accelerometer,-7.740454,-2.0422540000000002,5.8705826,1566947878913
11011,226,Gyroscope,-0.35491269999999997,-0.06841691,0.19058995,1566947878922
11012,226,Accelerometer,-7.654263,-2.1906946,5.7939680000000005,1566947878923
11013,226,Gyroscope,-0.35857790000000006,-0.03848451,0.20280726,1566947878933
11014,226,Accelerometer,-7.5704656,-2.2828712,5.6946087,1566947878933
11015,226,Gyroscope,-0.3475823,-0.018325957,0.204029,1566947878942
11016,226,Accelerometer,-7.514202,-2.2984335,5.6060233,1566947878943
11017,226,Gyroscope,-0.32803464,-0.002443461,0.20097467,1566947878952
11018,226,Accelerometer,-7.4914570000000005,-2.2960392999999995,5.553351,1566947878953
11019,226,Gyroscope,-0.30909783,0.0030543262,0.18875736,1566947878962
11020,226,Accelerometer,-7.5333557,-2.292448,5.3833623,1566947878963
11021,226,Gyroscope,-0.29993483,-0.01282817,0.17715092,1566947878972
11022,226,Accelerometer,-7.582436599999999,-2.2589292999999997,5.199008999999999,1566947878973
11023,226,Gyroscope,-0.29871312,-0.035430185,0.16493362,1566947878982
11024,226,Accelerometer,-7.642291999999999,-2.2505496,5.044583,1566947878983
11025,226,Gyroscope,-0.28955013,-0.07452556,0.14905111,1566947878992
11026,226,Accelerometer,-7.668628,-2.2984335,5.0721164000000005,1566947878993
11027,226,Gyroscope,-0.26450464,-0.10567969,0.12339478,1566947879002
11028,226,Accelerometer,-7.753622,-2.4121582999999998,5.2049947,1566947879003
11029,226,Gyroscope,-0.22602014,-0.13500121,0.08674286,1566947879012
11030,226,Accelerometer,-7.8948803,-2.48159,5.2887917,1566947879013
11031,226,Gyroscope,-0.22052236,-0.14599679999999998,0.06352998,1566947879022
11032,226,Accelerometer,-8.025364,-2.56419,5.3522377,1566947879023
11033,226,Gyroscope,-0.22296582,-0.15760323,0.05131268,1566947879032
11034,226,Accelerometer,-8.189366999999999,-2.7042507999999996,5.341464,1566947879033
11035,226,Gyroscope,-0.2302962,-0.1563815,0.05131268,1566947879042
11036,226,Accelerometer,-8.246828,-2.7545290000000002,5.2744265,1566947879043
11037,226,Gyroscope,-0.2321288,-0.14599679999999998,0.050701816,1566947879052
11038,226,Accelerometer,-8.125919999999999,-2.7712884,5.2852,1566947879053
11039,226,Gyroscope,-0.21258110000000002,-0.15027285,0.054367005999999996,1566947879062
11040,226,Accelerometer,-7.997831,-2.80361,5.3247046,1566947879063
11041,226,Gyroscope,-0.19242255,-0.16615535,0.05009095,1566947879073
11042,226,Accelerometer,-7.9523410000000005,-2.7712884,5.347449299999999,1566947879073
11043,226,Gyroscope,-0.18448131,-0.19058995,0.044593163,1566947879082
11044,226,Accelerometer,-7.8493905,-2.6779146000000003,5.410896,1566947879083
11045,226,Gyroscope,-0.1826487,-0.20463985,0.039095376,1566947879092
11046,226,Accelerometer,-7.745242599999999,-2.5594015,5.5006785,1566947879093
11047,226,Gyroscope,-0.19181168,-0.20891592,0.039095376,1566947879102
11048,226,Accelerometer,-7.6638399999999995,-2.4636335,5.5976434,1566947879103
11049,226,Gyroscope,-0.20219639,-0.204029,0.040927973,1566947879113
11050,226,Accelerometer,-7.517792999999999,-2.3810337,5.717354,1566947879113
11051,226,Gyroscope,-0.1966986,-0.19547687,0.044593163,1566947879122
11052,226,Accelerometer,-7.303512,-2.3558946,5.803545,1566947879123
11053,226,Gyroscope,-0.18448131,-0.17715092,0.045814894,1566947879133
11054,226,Accelerometer,-7.098808,-2.385822,5.9507885,1566947879133
11055,226,Gyroscope,-0.16982053,-0.14660765,0.0421497,1566947879142
11056,226,Accelerometer,-6.991069,-2.4684220000000003,6.0968347000000005,1566947879143
11057,226,Gyroscope,-0.17043139999999998,-0.10629055,0.0421497,1566947879152
11058,226,Accelerometer,-7.019799000000001,-2.4851813,6.1866174,1566947879153
11059,226,Gyroscope,-0.18142697,-0.047036625,0.04886922,1566947879162
11060,226,Accelerometer,-7.055712,-2.517503,6.2380924,1566947879163
11061,226,Gyroscope,-0.18875736,-0.0030543262,0.06414085,1566947879172
11062,226,Accelerometer,-7.2149267,-2.5043349999999998,6.184223,1566947879173
11063,226,Gyroscope,-0.19242255,0.023823743999999997,0.07086037,1566947879182
11064,226,Accelerometer,-7.322665700000001,-2.4791958,6.1028199999999995,1566947879183
11065,226,Gyroscope,-0.19181168,0.03726278,0.08124508,1566947879192
11066,226,Accelerometer,-7.338228,-2.4468741,5.8143187,1566947879193
11067,226,Gyroscope,-0.17348573,0.0421497,0.089186326,1566947879203
11068,226,Accelerometer,-7.511808,-2.4971522999999998,5.7257333,1566947879203
11069,226,Gyroscope,-0.15393804,0.04520403,0.08979719,1566947879212
11070,226,Accelerometer,-7.6506715,-2.610877,5.6802435,1566947879213
11071,226,Gyroscope,-0.14294247,0.032375857,0.081855945,1566947879222
11072,226,Accelerometer,-7.803900200000001,-2.657564,5.600037599999999,1566947879223
11073,226,Gyroscope,-0.14477506,0.018936822,0.07452556,1566947879232
11074,226,Accelerometer,-7.836222,-2.6084828,5.483919,1566947879233
11075,226,Gyroscope,-0.18020524,0.028099801,0.07941248,1566947879242
11076,226,Accelerometer,-7.777564,-2.6072857000000003,5.3725886,1566947879243
11077,226,Gyroscope,-0.19364429,0.031154128,0.08307768,1566947879252
11078,226,Accelerometer,-7.660248299999999,-2.7246015,5.322310400000001,1566947879253
11079,226,Gyroscope,-0.19547687,0.018325957,0.09468412,1566947879262
11080,226,Accelerometer,-7.553706,-2.837129,5.2289367,1566947879263
11081,226,Gyroscope,-0.18142697,-0.0067195175,0.105068825,1566947879272
11082,226,Accelerometer,-7.547721000000001,-2.861071,5.175066999999999,1566947879273
11083,226,Gyroscope,-0.16371189,-0.02076942,0.1160644,1566947879282
11084,226,Accelerometer,-7.507019500000001,-2.80361,5.1690817000000004,1566947879283
11085,226,Gyroscope,-0.14599679999999998,-0.030543262,0.12156218,1566947879292
11086,226,Accelerometer,-7.574057000000001,-2.707842,5.1678843,1566947879293
11087,226,Gyroscope,-0.13561209,-0.03604105,0.12034045,1566947879302
11088,226,Accelerometer,-7.6949644,-2.693477,5.2026005,1566947879303
11089,226,Gyroscope,-0.14477506,-0.04276056599999999,0.10873401,1566947879312
11090,226,Accelerometer,-7.7811556,-2.6994624,5.2205567,1566947879313
11091,226,Gyroscope,-0.15577064,-0.044593163,0.10445796,1566947879322
11092,226,Accelerometer,-7.9032598,-2.7006595,5.2361193,1566947879323
11093,226,Gyroscope,-0.16249016,-0.04276056599999999,0.105068825,1566947879332
11094,226,Accelerometer,-7.9008656,-2.6527755,5.2995653,1566947879333
11095,226,Gyroscope,-0.16493362,-0.047036625,0.105068825,1566947879342
11096,226,Accelerometer,-7.8062944000000005,-2.6312277,5.4312468,1566947879343
11097,226,Gyroscope,-0.15271631,-0.0580322,0.10262536,1566947879352
11098,226,Accelerometer,-7.727286,-2.6874914,5.5162406,1566947879353
11099,226,Gyroscope,-0.14110987,-0.077579886,0.086132,1566947879363
11100,226,Accelerometer,-7.660248299999999,-2.6803088,5.5329999999999995,1566947879363
11101,226,Gyroscope,-0.14049901,-0.095294975,0.07452556,1566947879372
11102,226,Accelerometer,-7.5213847000000005,-2.5629928,5.6299653,1566947879373
11103,226,Gyroscope,-0.14049901,-0.10812314599999999,0.06352998,1566947879382
11104,226,Accelerometer,-7.381324,-2.5031377999999997,5.710171,1566947879383
11105,226,Gyroscope,-0.13255776,-0.12461651,0.051923547,1566947879393
11106,226,Accelerometer,-7.302314999999999,-2.4995465,5.7939680000000005,1566947879393
11107,226,Gyroscope,-0.12705997,-0.13133603,0.043982297000000004,1566947879402
11108,226,Accelerometer,-7.2185183,-2.5139117000000004,5.837064,1566947879403
11109,226,Gyroscope,-0.12217305,-0.12156218,0.04337143,1566947879412
11110,226,Accelerometer,-7.0820484,-2.5797524,5.954379599999999,1566947879413
11111,226,Gyroscope,-0.1160644,-0.0983493,0.048258353,1566947879422
11112,226,Accelerometer,-7.060500599999999,-2.7246015,6.0405707,1566947879423
11113,226,Gyroscope,-0.11056661,-0.07819075,0.053145275,1566947879432
11114,226,Accelerometer,-7.065289,-2.7976246,6.0525417,1566947879433
11115,226,Gyroscope,-0.11484267,-0.059253927000000005,0.06414085,1566947879442
11116,226,Accelerometer,-7.077260000000001,-2.8048072,6.039374,1566947879443
11117,226,Gyroscope,-0.12095132,-0.020158553,0.07941248,1566947879452
11118,226,Accelerometer,-7.0593038,-2.779668,5.9651537,1566947879453
11119,226,Gyroscope,-0.12705997,-0.009162978,0.09468412,1566947879463
11120,226,Accelerometer,-7.038953,-2.8395232999999998,5.8969190000000005,1566947879463
11121,226,Gyroscope,-0.13927728,0.007330383,0.10995574,1566947879472
11122,226,Accelerometer,-7.0066314,-2.8000187999999997,5.8358665,1566947879473
11123,226,Gyroscope,-0.1441642,0.013439035,0.12217305,1566947879482
11124,226,Accelerometer,-6.932411,-2.7581203,5.815516000000001,1566947879483
11125,226,Gyroscope,-0.1423316,0.01160644,0.12461651,1566947879493
11126,226,Accelerometer,-6.9048777,-2.7736826,5.8023477,1566947879493
11127,226,Gyroscope,-0.1441642,0.018936822,0.11911872,1566947879502
11128,226,Accelerometer,-6.895301,-2.8658595,5.831078,1566947879503
11129,226,Gyroscope,-0.14905111,0.036651913,0.11056661,1566947879512
11130,226,Accelerometer,-7.019799000000001,-2.883816,5.8586116,1566947879513
11131,226,Gyroscope,-0.16126843,0.059253927000000005,0.10079276599999999,1566947879523
11132,226,Accelerometer,-7.1969705,-2.8562827,5.7843914000000005,1566947879523
11133,226,Gyroscope,-0.17470746,0.07391469,0.08674286,1566947879532
11134,226,Accelerometer,-7.369353,-2.9951463,5.7281275,1566947879533
11135,226,Gyroscope,-0.18387043,0.058643065,0.07147124,1566947879542
11136,226,Accelerometer,-7.5285673,-3.0885203,5.7209449999999995,1566947879543
11137,226,Gyroscope,-0.1966986,0.049480084,0.06963864,1566947879552
11138,226,Accelerometer,-7.595605,-3.1507695,5.697003,1566947879553
11139,226,Gyroscope,-0.21563543,0.044593163,0.084910266,1566947879562
11140,226,Accelerometer,-7.636306299999999,-3.0813377,5.6982,1566947879563
11141,226,Gyroscope,-0.23396139,0.03848451,0.11178834,1566947879572
11142,226,Accelerometer,-7.57286,-3.0753522,5.722142,1566947879573
11143,226,Gyroscope,-0.25473082,0.032986722999999996,0.14599679999999998,1566947879582
11144,226,Accelerometer,-7.4591354999999995,-3.0885203,5.816713,1566947879583
11145,226,Gyroscope,-0.27366763,0.05375614,0.19425514,1566947879593
11146,226,Accelerometer,-7.302314999999999,-2.8443117,5.9268465,1566947879593
11147,226,Gyroscope,-0.29565877,0.096516706,0.24923302,1566947879602
11148,226,Accelerometer,-7.111975999999999,-2.60968,6.023811299999999,1566947879603
11149,226,Gyroscope,-0.31642818,0.14660765,0.3005457,1566947879612
11150,226,Accelerometer,-6.968324000000001,-2.4265234,6.078878,1566947879613
11151,226,Gyroscope,-0.3304781,0.18631389999999998,0.33414328,1566947879622
11152,226,Accelerometer,-6.943185000000001,-2.2840683,6.145916000000001,1566947879623
11153,226,Gyroscope,-0.33292156,0.22785273,0.35430184,1566947879632
11154,226,Accelerometer,-6.985083599999999,-2.1751322999999996,6.226121400000001,1566947879633
11155,226,Gyroscope,-0.32253686,0.2761111,0.36041048,1566947879642
11156,226,Accelerometer,-7.0832458,-2.055422,6.245275,1566947879643
11157,226,Gyroscope,-0.3036,0.33292156,0.35918877,1566947879652
11158,226,Accelerometer,-7.255628,-2.055422,6.1207767,1566947879653
11159,226,Gyroscope,-0.28099802,0.3811799,0.34086279999999997,1566947879662
11160,226,Accelerometer,-7.684190299999999,-1.8698715,5.966350599999999,1566947879663
11161,226,Gyroscope,-0.26389378,0.41599923,0.30665436,1566947879672
11162,226,Accelerometer,-7.965509,-1.8219875,5.657499,1566947879673
11163,226,Gyroscope,-0.26450464,0.42332962,0.26633725,1566947879682
11164,226,Accelerometer,-8.196549000000001,-1.8291701,5.246893,1566947879682
11165,226,Gyroscope,-0.28283059999999993,0.36285394,0.19486602,1566947879693
11166,226,Accelerometer,-8.2995,-1.8411411,5.0038815,1566947879693
11167,226,Gyroscope,-0.28160888,0.30726522,0.13927728,1566947879702
11168,226,Accelerometer,-8.334216,-1.9464860000000002,4.811148,1566947879703
11169,226,Gyroscope,-0.26816985,0.24251351,0.092240654,1566947879712
11170,226,Accelerometer,-8.316259,-2.146402,4.6603136,1566947879713
11171,226,Gyroscope,-0.25289822,0.17470746,0.059864793,1566947879723
11172,226,Accelerometer,-8.157045,-2.3702598,4.614824,1566947879723
11173,226,Gyroscope,-0.22479841,0.11056661,0.040927973,1566947879732
11174,226,Accelerometer,-7.969100500000001,-2.5198972,4.6818614,1566947879733
11175,226,Gyroscope,-0.19547687,0.053145275,0.03726278,1566947879742
11176,226,Accelerometer,-7.908048,-2.6060886,4.710592,1566947879743
11177,226,Gyroscope,-0.1685988,-0.002443461,0.045814894,1566947879752
11178,226,Accelerometer,-7.884106,-2.6036943999999997,4.7560816,1566947879753
11179,226,Gyroscope,-0.14355333,-0.03848451,0.055588737,1566947879762
11180,226,Accelerometer,-7.869741,-2.5929205,4.844666999999999,1566947879763
11181,226,Gyroscope,-0.12217305,-0.059253927000000005,0.069027774,1566947879772
11182,226,Accelerometer,-7.969100500000001,-2.5115175,4.8374844,1566947879773
11183,226,Gyroscope,-0.111177474,-0.06047566,0.0720821,1566947879782
11184,226,Accelerometer,-8.076839,-2.44448,4.832696,1566947879783
11185,226,Gyroscope,-0.09896017,-0.061086524,0.07574729,1566947879793
11186,226,Accelerometer,-8.212111,-2.385822,4.88896,1566947879793
11187,226,Gyroscope,-0.08124508,-0.06291912,0.07452556,1566947879802
11188,226,Accelerometer,-8.35337,-2.2732944,5.026626599999999,1566947879803
11189,226,Gyroscope,-0.06780604,-0.06352998,0.06841691,1566947879812
11190,226,Accelerometer,-8.385692,-2.1332338,5.142745,1566947879813
11191,226,Gyroscope,-0.059253927000000005,-0.06352998,0.05681047,1566947879822
11192,226,Accelerometer,-8.401254,-2.0123265,5.245696,1566947879823
11193,226,Gyroscope,-0.06841691,-0.06291912,0.047647487,1566947879832
11194,226,Accelerometer,-8.342596,-1.8962077000000002,5.2923827,1566947879833
11195,226,Gyroscope,-0.086132,-0.06352998,0.03848451,1566947879842
11196,226,Accelerometer,-8.24204,-1.7992426,5.3282957,1566947879842
11197,226,Gyroscope,-0.10629055,-0.059253927000000005,0.035430185,1566947879853
11198,226,Accelerometer,-8.080430999999999,-1.7561468999999996,5.4061074,1566947879853
11199,226,Gyroscope,-0.11545353400000001,-0.05681047,0.039095376,1566947879862
11200,226,Accelerometer,-7.9272017,-1.8016368000000003,5.579687,1566947879863
11201,226,Gyroscope,-0.106901415,-0.059253927000000005,0.03848451,1566947879872
11202,226,Accelerometer,-7.7703815,-1.7717092,5.705383,1566947879873
11203,226,Gyroscope,-0.103847094,-0.06536258,0.034208454,1566947879883
11204,226,Accelerometer,-7.697358599999999,-1.7776948000000001,5.714959599999999,1566947879883
11205,226,Gyroscope,-0.10018189999999999,-0.062308256,0.03359759,1566947879892
11206,226,Accelerometer,-7.6255326,-1.7250223000000002,5.718550700000001,1566947879893
11207,226,Gyroscope,-0.096516706,-0.045814894,0.03359759,1566947879902
11208,226,Accelerometer,-7.5094137000000005,-1.6663644,5.726930599999999,1566947879903
11209,226,Gyroscope,-0.0983493,-0.021380282999999996,0.02321288,1566947879913
11210,226,Accelerometer,-7.5309615,-1.6879122,5.7736173,1566947879913
11211,226,Gyroscope,-0.093462385,-0.005497787,0.015271631,1566947879922
11212,226,Accelerometer,-7.6111674,-1.7860744999999998,5.765238,1566947879923
11213,226,Gyroscope,-0.1020145,0.01038471,0.010995574,1566947879932
11214,226,Accelerometer,-7.6027875,-1.8387468999999996,5.6790465999999995,1566947879933
11215,226,Gyroscope,-0.10323623,0.007941248,0.0067195175,1566947879943
11216,226,Accelerometer,-7.5968018,-1.9297266,5.5940523,1566947879943
11217,226,Gyroscope,-0.095294975,-0.007941248,0.005497787,1566947879952
11218,226,Accelerometer,-7.5561004,-2.0362685000000003,5.4863133,1566947879953
11219,226,Gyroscope,-0.0842994,-0.032986722999999996,0.0018325957999999999,1566947879962
11220,226,Accelerometer,-7.57286,-2.1212628,5.397728,1566947879963
11221,226,Gyroscope,-0.07391469,-0.06352998,-0.004886922,1566947879972
11222,226,Accelerometer,-7.5549035,-2.135628,5.331887200000001,1566947879973
11223,226,Gyroscope,-0.06780604,-0.089186326,-0.0061086523,1566947879982
11224,226,Accelerometer,-7.538144,-2.0709844,5.222951,1566947879983
11225,226,Gyroscope,-0.06352998,-0.10995574,-0.017104227,1566947879992
11226,226,Accelerometer,-7.4711065,-1.9440918000000003,5.177461,1566947879993
11227,226,Gyroscope,-0.04520403,-0.12095132,-0.029321532999999997,1566947880002
11228,226,Accelerometer,-7.422025,-1.9823990000000002,5.3139305,1566947880003
11229,226,Gyroscope,-0.026267206,-0.12767084,-0.054367005999999996,1566947880013
11230,226,Accelerometer,-7.516596300000001,-2.1811178,5.396530599999999,1566947880013
11231,226,Gyroscope,-0.021380282999999996,-0.12583824,-0.07269296,1566947880022
11232,226,Accelerometer,-7.750031,-2.384625,5.3725886,1566947880023
11233,226,Gyroscope,-0.027488936000000002,-0.11545353400000001,-0.08002335,1566947880032
11234,226,Accelerometer,-7.8996687,-2.493561,5.2875943,1566947880033
11235,226,Gyroscope,-0.03970624,-0.11911872,-0.07941248,1566947880043
11236,226,Accelerometer,-8.090008000000001,-2.5378537,5.1271830000000005,1566947880043
11237,226,Gyroscope,-0.040927973,-0.13011430000000002,-0.07880162,1566947880052
11238,226,Accelerometer,-8.043321,-2.6850972,5.1523223,1566947880053
11239,226,Gyroscope,-0.026267206,-0.15821409,-0.06963864,1566947880062
11240,226,Accelerometer,-7.943961,-2.7724855,5.243302,1566947880063
11241,226,Gyroscope,-0.01160644,-0.18936823,-0.06169739,1566947880072
11242,226,Accelerometer,-7.893683,-2.8095956,5.329493,1566947880073
11243,226,Gyroscope,-0.002443461,-0.22357668,-0.06047566,1566947880082
11244,226,Accelerometer,-7.833828,-2.7090392000000003,5.4432178,1566947880083
11245,226,Gyroscope,-0.0030543262,-0.25411993,-0.049480084,1566947880092
11246,226,Accelerometer,-7.8326306,-2.5629928,5.592855,1566947880093
11247,226,Gyroscope,-0.02076942,-0.26694809999999997,-0.03359759,1566947880102
11248,226,Accelerometer,-7.762002000000001,-2.3930047,5.730521700000001,1566947880103
11249,226,Gyroscope,-0.04276056599999999,-0.2565634,-0.022602014,1566947880112
11250,226,Accelerometer,-7.620744,-2.2876596,6.2165446,1566947880113
11251,226,Gyroscope,-0.069027774,-0.22418754,-0.010995574,1566947880122
11252,226,Accelerometer,-7.352593400000001,-2.3139958,6.361394000000001,1566947880123
11253,226,Gyroscope,-0.09712757,-0.16676621,0.004276057,1566947880132
11254,226,Accelerometer,-7.2951326000000005,-2.3535004,6.361394000000001,1566947880133
11255,226,Gyroscope,-0.12644911,-0.09468412,0.020158553,1566947880142
11256,226,Accelerometer,-7.241263000000001,-2.3523033,6.291962,1566947880143
11257,226,Gyroscope,-0.15088372,-0.02565634,0.051923547,1566947880152
11258,226,Accelerometer,-7.070077400000001,-2.3355439,6.2464724,1566947880153
11259,226,Gyroscope,-0.172264,0.073303826,0.06841691,1566947880162
11260,226,Accelerometer,-6.979098,-2.4313118,6.133945,1566947880163
11261,226,Gyroscope,-0.18203785,0.119729586,0.086132,1566947880172
11262,226,Accelerometer,-7.084442599999999,-2.5031377999999997,5.90889,1566947880173
11263,226,Gyroscope,-0.18936823,0.15027285,0.1020145,1566947880182
11264,226,Accelerometer,-7.1646485,-2.4875755,5.762843599999999,1566947880183
11265,226,Gyroscope,-0.18936823,0.16493362,0.11301007,1566947880192
11266,226,Accelerometer,-7.3442134999999995,-2.456451,5.695806,1566947880193
11267,226,Gyroscope,-0.17409660000000002,0.17348573,0.10934488,1566947880203
11268,226,Accelerometer,-7.5704656,-2.44448,5.6108117,1566947880203
11269,226,Gyroscope,-0.16004670000000001,0.16920967,0.10567969,1566947880212
11270,226,Accelerometer,-7.706935400000001,-2.4468741,5.4671597,1566947880213
11271,226,Gyroscope,-0.15271631,0.14049901,0.09590584,1566947880222
11272,226,Accelerometer,-7.8278419999999995,-2.5043349999999998,5.351041,1566947880223
11273,226,Gyroscope,-0.13805555,0.10018189999999999,0.07880162,1566947880232
11274,226,Accelerometer,-7.9475527,-2.5905263,5.2816089999999996,1566947880233
11275,226,Gyroscope,-0.13622294,0.051923547,0.06841691,1566947880243
11276,226,Accelerometer,-7.9822683,-2.6156653999999997,5.104438,1566947880243
11277,226,Gyroscope,-0.13805555,0.005497787,0.07269296,1566947880252
11278,226,Accelerometer,-7.777564,-2.5965118,5.056554,1566947880253
11279,226,Gyroscope,-0.1282817,-0.03970624,0.07574729,1566947880262
11280,226,Accelerometer,-7.540538300000001,-2.731784,5.1367598,1566947880263
11281,226,Gyroscope,-0.09590584,-0.08735373,0.07391469,1566947880273
11282,226,Accelerometer,-7.5273699999999995,-2.8742392000000003,5.257667,1566947880273
11283,226,Gyroscope,-0.06169739,-0.116675265,0.06841691,1566947880282
11284,226,Accelerometer,-7.4603324,-2.835932,5.354632,1566947880283
11285,226,Gyroscope,-0.04337143,-0.11789699,0.06780604,1566947880292
11286,226,Accelerometer,-7.466317999999999,-2.7545290000000002,5.418078400000001,1566947880293
11287,226,Gyroscope,-0.03481932,-0.11362094,0.064751714,1566947880303
11288,226,Accelerometer,-7.462726600000001,-2.7712884,5.4504004,1566947880303
11289,226,Gyroscope,-0.025045475,-0.12034045,0.057421334000000004,1566947880312
11290,226,Accelerometer,-7.451953,-2.8550856,5.4851160000000005,1566947880313
11291,226,Gyroscope,-0.019547688,-0.106901415,0.051923547,1566947880322
11292,226,Accelerometer,-7.4507556,-2.9879637000000003,5.4934959999999995,1566947880323
11293,226,Gyroscope,-0.01160644,-0.10751228,0.04153884,1566947880333
11294,226,Accelerometer,-7.691373,-3.0142999,5.4192758,1566947880333
11295,226,Gyroscope,-0.020158553,-0.11484267,0.03604105,1566947880342
11296,226,Accelerometer,-7.7344685,-2.9364884,5.3678,1566947880343
11297,226,Gyroscope,-0.027488936000000002,-0.10751228,0.037873644,1566947880352
11298,226,Accelerometer,-7.631517999999999,-2.8574797999999997,5.4970870000000005,1566947880353
11299,226,Gyroscope,-0.022602014,-0.08857546,0.02687807,1566947880362
11300,226,Accelerometer,-7.387309599999999,-3.0681696,5.732916,1566947880363
11301,226,Gyroscope,-0.0067195175,-0.08674286,-0.0036651915999999997,1566947880373
11302,226,Accelerometer,-7.455544000000001,-3.2776620000000003,5.816713,1566947880373
11303,226,Gyroscope,-0.01160644,-0.0983493,-0.0030543262,1566947880382
11304,226,Accelerometer,-7.614758500000001,-3.0693667000000002,5.7616463,1566947880383
11305,226,Gyroscope,-0.053145275,-0.08307768,-0.0036651915999999997,1566947880392
11306,226,Accelerometer,-7.4758949999999995,-2.7952304,5.843049,1566947880393
11307,226,Gyroscope,-0.06597344599999999,-0.062308256,-0.014049901000000002,1566947880402
11308,226,Accelerometer,-7.350199000000001,-2.8323407000000005,6.0106435,1566947880403
11309,226,Gyroscope,-0.08063421400000001,-0.040927973,-0.02321288,1566947880412
11310,226,Accelerometer,-7.345411,-2.8921957000000003,6.159084,1566947880413
11311,226,Gyroscope,-0.10323623,-0.040927973,-0.025045475,1566947880422
11312,226,Accelerometer,-7.231686,-2.7521348,6.3230867,1566947880423
11313,226,Gyroscope,-0.13561209,0.050701816,-0.02076942,1566947880433
11314,226,Accelerometer,-7.055712,-2.8455088,6.385336,1566947880433
11315,226,Gyroscope,-0.18081611,0.08979719,-0.017715093,1566947880442
11316,226,Accelerometer,-6.970718400000001,-2.8921957000000003,6.3422403,1566947880443
11317,226,Gyroscope,-0.20891592,0.13439035,-0.008552114,1566947880452
11318,226,Accelerometer,-6.754042999999999,-3.0825348,6.513426,1566947880453
11319,226,Gyroscope,-0.22602014,0.20097467,0.023823743999999997,1566947880462
11320,226,Accelerometer,-6.432023,-3.2620997000000003,6.633136,1566947880463
11321,226,Gyroscope,-0.24617869,0.2565634,0.054367005999999996,1566947880472
11322,226,Accelerometer,-6.625953,-3.2956185,6.423643,1566947880473
11323,226,Gyroscope,-0.26389378,0.2742785,0.076358154,1566947880482
11324,226,Accelerometer,-6.658275,-3.2213984,6.233304,1566947880483
11325,226,Gyroscope,-0.26083946,0.28221974,0.106901415,1566947880493
11326,226,Accelerometer,-6.5816603,-3.2034418999999996,6.2249246,1566947880493
11327,226,Gyroscope,-0.24617869,0.32070425,0.14844026,1566947880502
11328,226,Accelerometer,-6.5577183,-3.0705638,6.184223,1566947880503
11329,226,Gyroscope,-0.23457226,0.36041048,0.19181168,1566947880512
11330,226,Accelerometer,-6.6307415999999995,-2.9317,5.954379599999999,1566947880513
11331,226,Gyroscope,-0.24312437,0.37507126,0.2284636,1566947880522
11332,226,Accelerometer,-6.7372837,-2.8491,5.685032,1566947880523
11333,226,Gyroscope,-0.25350907,0.36346483,0.26878070000000004,1566947880532
11334,226,Accelerometer,-6.872555999999999,-2.7940332999999997,5.5222263,1566947880533
11335,226,Gyroscope,-0.25595254,0.3567453,0.3023783,1566947880542
11336,226,Accelerometer,-6.9886745999999995,-2.7246015,5.5641245999999995,1566947880543
11337,226,Gyroscope,-0.24984388,0.36651915,0.31337386,1566947880552
11338,226,Accelerometer,-7.0245875999999985,-2.4720132,5.571307,1566947880553
11339,226,Gyroscope,-0.24007004,0.41050145,0.2968805,1566947880563
11340,226,Accelerometer,-7.201759,-2.3594859,5.711368,1566947880563
11341,226,Gyroscope,-0.23640485,0.462425,0.26694809999999997,1566947880572
11342,226,Accelerometer,-7.553706,-2.397793,5.738901599999999,1566947880573
11343,226,Gyroscope,-0.226631,0.49296826,0.21624629,1566947880582
11344,226,Accelerometer,-8.588001,-2.540248,5.664681400000001,1566947880583
11345,226,Gyroscope,-0.20219639,0.48380527,0.15515977,1566947880593
11346,226,Accelerometer,-8.876503,-2.6084828,5.3642087,1566947880593
11347,226,Gyroscope,-0.19058995,0.44165558,0.06414085,1566947880602
11348,226,Accelerometer,-8.779537,-2.6515784,5.076905,1566947880603
11349,226,Gyroscope,-0.20280726,0.36163223,0.00061086525,1566947880612
11350,226,Accelerometer,-8.558074000000001,-2.8179752999999996,5.0122614,1566947880613
11351,226,Gyroscope,-0.23457226,0.3378085,-0.040927973,1566947880623
11352,226,Accelerometer,-8.311471000000001,-3.0226796,5.005079,1566947880623
11353,226,Gyroscope,-0.24251351,0.32803464,-0.05497787,1566947880632
11354,226,Accelerometer,-7.915230800000001,-3.1004913,5.0757074,1566947880633
11355,226,Gyroscope,-0.22296582,0.32925636,-0.05497787,1566947880642
11356,226,Accelerometer,-7.493850999999999,-3.0861259999999997,5.1235914000000005,1566947880643
11357,226,Gyroscope,-0.18081611,0.33169982,-0.053145275,1566947880652
11358,226,Accelerometer,-7.356185000000001,-3.0226796,5.027823400000001,1566947880653
11359,226,Gyroscope,-0.13927728,0.32803464,-0.059864793,1566947880663
11360,226,Accelerometer,-7.4256167,-2.944868,4.8662148,1566947880663
11361,226,Gyroscope,-0.10812314599999999,0.31398472,-0.07391469,1566947880673
11362,226,Accelerometer,-7.5668745,-2.9233203,4.722563,1566947880673
11363,226,Gyroscope,-0.08368854,0.30421090000000006,-0.092240654,1566947880682
11364,226,Accelerometer,-7.697358599999999,-3.1208419999999997,4.704606500000001,1566947880683
11365,226,Gyroscope,-0.050701816,0.29382620000000004,-0.10445796,1566947880692
11366,226,Accelerometer,-7.825448,-3.3135752999999997,4.7907977,1566947880693
11367,226,Gyroscope,-0.018936822,0.26328292,-0.12644911,1566947880702
11368,226,Accelerometer,-7.753622,-3.6248214,4.5860934,1566947880703
11369,226,Gyroscope,0.008552114,0.20097467,-0.13194689,1566947880713
11370,226,Accelerometer,-7.8972745,-3.8391025,4.392163,1566947880713
11371,226,Gyroscope,0.04886922,0.12339478,-0.14355333,1566947880722
11372,226,Accelerometer,-8.002619000000001,-3.916914,4.378995,1566947880723
11373,226,Gyroscope,0.09896017,0.03481932,-0.16920967,1566947880732
11374,226,Accelerometer,-7.9547353,-3.8953662000000002,4.404134,1566947880733
11375,226,Gyroscope,0.14966199,-0.04153884,-0.18387043,1566947880742
11376,226,Accelerometer,-8.185775999999999,-3.6918589999999996,4.362235500000001,1566947880743
11377,226,Gyroscope,0.18020524,-0.1160644,-0.19425514,1566947880752
11378,226,Accelerometer,-8.115147,-3.4045547999999997,4.5262384,1566947880753
11379,226,Gyroscope,0.19914207,-0.15515977,-0.19608775,1566947880763
11380,226,Accelerometer,-8.141483000000001,-3.1962593,4.787205999999999,1566947880763
11381,226,Gyroscope,0.20158553,-0.19792034,-0.18020524,1566947880772
11382,226,Accelerometer,-8.005013,-2.9376855,5.045780000000001,1566947880773
11383,226,Gyroscope,0.18387043,-0.21258110000000002,-0.15943582,1566947880782
11384,226,Accelerometer,-7.8050976,-2.8119897999999997,5.2624555,1566947880783
11385,226,Gyroscope,0.16065755,-0.20647246,-0.13439035,1566947880792
11386,226,Accelerometer,-7.4950485,-2.681506,5.5329999999999995,1566947880793
11387,226,Gyroscope,0.1441642,-0.15882497,-0.11728613,1566947880802
11388,226,Accelerometer,-7.3202715,-2.5701754,5.6886234,1566947880803
11389,226,Gyroscope,0.13072516,-0.08857546,-0.11301007,1566947880812
11390,226,Accelerometer,-7.232883500000001,-2.586935,5.697003,1566947880813
11391,226,Gyroscope,0.124005646,-0.049480084,-0.12767084,1566947880822
11392,226,Accelerometer,-7.219714999999999,-2.682703,5.6946087,1566947880823
11393,226,Gyroscope,0.13011430000000002,-0.02076942,-0.14782938,1566947880832
11394,226,Accelerometer,-7.255628,-2.861071,5.758055000000001,1566947880833
11395,226,Gyroscope,0.14477506,0.017715093,-0.1563815,1566947880842
11396,226,Accelerometer,-7.350199000000001,-3.0095115000000003,5.772420400000001,1566947880843
11397,226,Gyroscope,0.16432275,0.01282817,-0.15088372,1566947880852
11398,226,Accelerometer,-7.48188,-3.0789435000000003,5.7245364,1566947880853
11399,226,Gyroscope,0.18448131,-0.0018325957999999999,-0.14110987,1566947880862
11400,226,Accelerometer,-7.61835,-3.0154970000000003,5.7520695,1566947880863
11401,226,Gyroscope,0.20158553,-0.019547688,-0.1441642,1566947880872
11402,226,Accelerometer,-7.608772999999999,-2.6611552000000005,5.901707,1566947880873
11403,226,Gyroscope,0.17654006,-0.050701816,-0.13927728,1566947880882
11404,226,Accelerometer,-7.704541000000001,-2.4289176,5.5856724,1566947880883
11405,226,Gyroscope,0.15149458,-0.09407325,-0.12095132,1566947880893
11406,226,Accelerometer,-7.7811556,-2.3008277,5.3737855,1566947880893
11407,226,Gyroscope,0.1386664,-0.12705997,-0.106901415,1566947880902
11408,226,Accelerometer,-7.762002000000001,-2.2062569,5.4061074,1566947880903
11409,226,Gyroscope,0.1386664,-0.13194689,-0.08979719,1566947880912
11410,226,Accelerometer,-7.667431,-2.134431,5.427655000000001,1566947880913
11411,226,Gyroscope,0.1386664,-0.116675265,-0.07880162,1566947880922
11412,226,Accelerometer,-7.546523599999999,-2.0015526,5.5006785,1566947880923
11413,226,Gyroscope,0.13439035,-0.07941248,-0.07086037,1566947880932
11414,226,Accelerometer,-7.387309599999999,-1.8878279999999998,5.6898203,1566947880933
11415,226,Gyroscope,0.12583824,-0.02443461,-0.06719518,1566947880942
11416,226,Accelerometer,-7.225700999999999,-1.8519150000000002,5.783194,1566947880943
11417,226,Gyroscope,0.11545353400000001,0.020158553,-0.064751714,1566947880952
11418,226,Accelerometer,-7.0784574000000005,-1.8650831,5.765238,1566947880953
11419,226,Gyroscope,0.11362094,0.0580322,-0.06597344599999999,1566947880962
11420,226,Accelerometer,-6.9731125999999986,-1.8770541,5.7161565,1566947880963
11421,226,Gyroscope,0.12034045,0.08002335,-0.06658431,1566947880972
11422,226,Accelerometer,-6.921637,-1.9009962,5.5461683,1566947880973
11423,226,Gyroscope,0.13683382,0.07269296,-0.076358154,1566947880983
11424,226,Accelerometer,-6.892906699999999,-1.9512744,5.3019595,1566947880983
11425,226,Gyroscope,0.16615535,0.05375614,-0.08246681,1566947880992
11426,226,Accelerometer,-7.025785000000001,-2.0434509999999997,5.1571107000000005,1566947880993
11427,226,Gyroscope,0.19242255,0.03359759,-0.089186326,1566947881002
11428,226,Accelerometer,-7.253234,-2.087744,5.1583076,1566947881003
11429,226,Gyroscope,0.19853121,-0.0067195175,-0.096516706,1566947881012
11430,226,Accelerometer,-7.4088573,-2.0925324,5.0816930000000005,1566947881013
11431,226,Gyroscope,0.19608775,-0.049480084,-0.10262536,1566947881022
11432,226,Accelerometer,-7.5213847000000005,-2.1799207000000003,5.197812,1566947881023
11433,226,Gyroscope,0.19058995,-0.08368854,-0.1020145,1566947881032
11434,226,Accelerometer,-7.654263,-2.3870192,5.3259015,1566947881033
11435,226,Gyroscope,0.18875736,-0.12522738,-0.08979719,1566947881042
11436,226,Accelerometer,-7.747636999999999,-2.6264392999999995,5.518635,1566947881043
11437,226,Gyroscope,0.18936823,-0.16371189,-0.076358154,1566947881052
11438,226,Accelerometer,-7.6710224,-2.658761,5.616797,1566947881053
11439,226,Gyroscope,0.19792034,-0.17715092,-0.06169739,1566947881062
11440,226,Accelerometer,-7.601590600000001,-2.718616,5.641936299999999,1566947881063
11441,226,Gyroscope,0.20830505,-0.17409660000000002,-0.043982297000000004,1566947881073
11442,226,Accelerometer,-7.4866686,-2.6970682,5.553351,1566947881073
11443,226,Gyroscope,0.204029,-0.17409660000000002,-0.04520403,1566947881082
11444,226,Accelerometer,-7.2699933,-2.598906,5.590461,1566947881083
11445,226,Gyroscope,0.19303341,-0.15332718,-0.04520403,1566947881092
11446,226,Accelerometer,-7.138312299999999,-2.4528596,5.7808,1566947881093
11447,226,Gyroscope,0.19425514,-0.12644911,-0.04642576,1566947881102
11448,226,Accelerometer,-7.0593038,-2.3295584,5.979519,1566947881103
11449,226,Gyroscope,0.19792034,-0.095294975,-0.0580322,1566947881112
11450,226,Accelerometer,-7.144297999999999,-2.280477,6.1207767,1566947881113
11451,226,Gyroscope,0.20280726,-0.06597344599999999,-0.06841691,1566947881122
11452,226,Accelerometer,-7.3885064,-2.2589292999999997,6.2273190000000005,1566947881123
11453,226,Gyroscope,0.20219639,-0.020158553,-0.08002335,1566947881132
11454,226,Accelerometer,-7.6626425000000005,-2.1751322999999996,6.295553,1566947881133
11455,226,Gyroscope,0.1881465,0.032375857,-0.086132,1566947881142
11456,226,Accelerometer,-7.996633500000001,-2.134431,6.2380924,1566947881143
11457,226,Gyroscope,0.16187929,0.08002335,-0.09285152,1566947881152
11458,226,Accelerometer,-8.358158,-2.2134395000000002,5.973533,1566947881153
11459,226,Gyroscope,0.111177474,0.10995574,-0.07880162,1566947881162
11460,226,Accelerometer,-8.597578,-2.3894134,5.5701103,1566947881163
11461,226,Gyroscope,0.062308256,0.12339478,-0.06597344599999999,1566947881172
11462,226,Accelerometer,-8.565256,-2.5474305,5.305551,1566947881173
11463,226,Gyroscope,0.035430185,0.1282817,-0.05497787,1566947881183
11464,226,Accelerometer,-8.441956,-2.7246015,5.2265425,1566947881183
11465,226,Gyroscope,0.02443461,0.13316862,-0.045814894,1566947881192
11466,226,Accelerometer,-8.280347,-2.8886043999999997,5.1906295,1566947881193
11467,226,Gyroscope,0.035430185,0.12278391400000001,-0.039095376,1566947881202
11468,226,Accelerometer,-8.115147,-2.9592332999999997,5.129576999999999,1566947881203
11469,226,Gyroscope,0.054367005999999996,0.0983493,-0.0421497,1566947881212
11470,226,Accelerometer,-7.973889,-2.8909986,5.114014599999999,1566947881213
11471,226,Gyroscope,0.07513642,0.06597344599999999,-0.05009095,1566947881223
11472,226,Accelerometer,-7.872135000000001,-2.767697,5.1080294,1566947881223
11473,226,Gyroscope,0.089186326,0.03970624,-0.06414085,1566947881232
11474,226,Accelerometer,-7.7787614000000005,-2.622848,5.076905,1566947881233
11475,226,Gyroscope,0.0983493,0.010995574,-0.08124508,1566947881242
11476,226,Accelerometer,-7.723694999999999,-2.5354595,5.0745106,1566947881243
11477,226,Gyroscope,0.10812314599999999,-0.022602014,-0.10140363,1566947881253
11478,226,Accelerometer,-7.717708999999999,-2.516306,5.1355624,1566947881253
11479,226,Gyroscope,0.11789699,-0.06047566,-0.11728613,1566947881262
11480,226,Accelerometer,-7.730877400000001,-2.4863784,5.209783,1566947881263
11481,226,Gyroscope,0.13011430000000002,-0.08796459400000001,-0.12705997,1566947881272
11482,226,Accelerometer,-7.7464395,-2.4384943999999997,5.319916200000001,1566947881273
11483,226,Gyroscope,0.13622294,-0.10018189999999999,-0.12705997,1566947881282
11484,226,Accelerometer,-7.7129207,-2.4432828,5.4288526,1566947881283
11485,226,Gyroscope,0.1423316,-0.10567969,-0.12522738,1566947881293
11486,226,Accelerometer,-7.684190299999999,-2.4468741,5.5605335,1566947881293
11487,226,Gyroscope,0.1423316,-0.11178834,-0.12278391400000001,1566947881302
11488,226,Accelerometer,-7.631517999999999,-2.4600422,5.7245364,1566947881303
11489,226,Gyroscope,0.13316862,-0.11301007,-0.11728613,1566947881312
11490,226,Accelerometer,-7.5788455,-2.5198972,5.8382607,1566947881313
11491,226,Gyroscope,0.12583824,-0.111177474,-0.11484267,1566947881322
11492,226,Accelerometer,-7.541735000000001,-2.565387,5.919664,1566947881323
11493,226,Gyroscope,0.10812314599999999,-0.095294975,-0.11789699,1566947881333
11494,226,Accelerometer,-7.451953,-2.5797524,6.005855,1566947881333
11495,226,Gyroscope,0.09896017,-0.076358154,-0.1142318,1566947881342
11496,226,Accelerometer,-7.394492,-2.6252422,6.0908489999999995,1566947881343
11497,226,Gyroscope,0.08857546,-0.044593163,-0.10995574,1566947881352
11498,226,Accelerometer,-7.3202715,-2.6671407000000005,6.18542,1566947881353
11499,226,Gyroscope,0.07391469,-0.012217305,-0.09712757,1566947881362
11500,226,Accelerometer,-7.240066000000001,-2.6922797999999997,6.2093620000000005,1566947881363
11501,226,Gyroscope,0.06780604,0.020158553,-0.08124508,1566947881373
11502,226,Accelerometer,-7.114370299999999,-2.72939,6.1818290000000005,1566947881373
11503,226,Gyroscope,0.059253927000000005,0.057421334000000004,-0.062308256,1566947881382
11504,226,Accelerometer,-7.013814,-2.7425580000000003,6.187814,1566947881383
11505,226,Gyroscope,0.047036625,0.08002335,-0.047036625,1566947881392
11506,226,Accelerometer,-6.918046,-2.741361,6.1183825,1566947881393
11507,226,Gyroscope,0.037873644,0.09712757,-0.03481932,1566947881402
11508,226,Accelerometer,-6.895301,-2.6982652999999996,6.0956373,1566947881403
11509,226,Gyroscope,0.027488936000000002,0.111177474,-0.03359759,1566947881413
11510,226,Accelerometer,-6.8162923,-2.6767175,6.089652,1566947881413
11511,226,Gyroscope,0.018936822,0.11728613,-0.043982297000000004,1566947881422
11512,226,Accelerometer,-6.767211,-2.6994624,6.078878,1566947881423
11513,226,Gyroscope,0.0067195175,0.1160644,-0.05497787,1566947881432
11514,226,Accelerometer,-6.8773446,-2.7605145,6.030994000000001,1566947881433
11515,226,Gyroscope,-0.0061086523,0.12217305,-0.07452556,1566947881442
11516,226,Accelerometer,-6.9012866,-2.8107927000000004,6.077681,1566947881443
11517,226,Gyroscope,-0.014660766,0.14477506,-0.08735373,1566947881452
11518,226,Accelerometer,-6.947973299999999,-2.9424740000000003,6.114791,1566947881453
11519,226,Gyroscope,-0.021380282999999996,0.17165314,-0.077579886,1566947881462
11520,226,Accelerometer,-7.1047934999999995,-2.9843724,6.054936,1566947881463
11521,226,Gyroscope,-0.035430185,0.18631389999999998,-0.06841691,1566947881472
11522,226,Accelerometer,-7.225700999999999,-3.1136593999999995,5.8622026,1566947881473
11523,226,Gyroscope,-0.03848451,0.17898351,-0.056199603,1566947881482
11524,226,Accelerometer,-7.240066000000001,-3.2585083999999997,5.7819970000000005,1566947881483
11525,226,Gyroscope,-0.03481932,0.18631389999999998,-0.04337143,1566947881493
11526,226,Accelerometer,-7.247248599999999,-3.4177230000000005,5.7257333,1566947881493
11527,226,Gyroscope,-0.031154128,0.19975294,-0.026267206,1566947881502
11528,226,Accelerometer,-7.3071036,-3.5589809999999997,5.41329,1566947881503
11529,226,Gyroscope,-0.03359759,0.21135938,-0.004276057,1566947881512
11530,226,Accelerometer,-7.305906299999999,-3.537433,5.261258,1566947881513
11531,226,Gyroscope,-0.03726278,0.21380283,0.02687807,1566947881522
11532,226,Accelerometer,-7.1095820000000005,-3.3506854,5.2361193,1566947881523
11533,226,Gyroscope,-0.03604105,0.19058995,0.06780604,1566947881532
11534,226,Accelerometer,-7.091625,-3.2154129,5.2540755,1566947881533
11535,226,Gyroscope,0.0012217305,0.11056661,0.13988814,1566947881543
11536,226,Accelerometer,-7.271190600000001,-3.0693667000000002,5.2540755,1566947881543
11537,226,Gyroscope,0.031154128,0.03726278,0.1685988,1566947881552
11538,226,Accelerometer,-7.386112,-2.8107927000000004,5.2863975,1566947881553
11539,226,Gyroscope,0.05131268,-0.009162978,0.19181168,1566947881562
11540,226,Accelerometer,-7.6135616,-2.4492682999999995,5.303157,1566947881563
11541,226,Gyroscope,0.051923547,-0.03481932,0.20463985,1566947881572
11542,226,Accelerometer,-7.7368627000000005,-2.1416135,5.391742,1566947881573
11543,226,Gyroscope,0.04520403,-0.047036625,0.19914207,1566947881582
11544,226,Accelerometer,-7.7093296,-1.8028339,5.601235,1566947881583
11545,226,Gyroscope,0.04276056599999999,-0.03726278,0.18570304,1566947881592
11546,226,Accelerometer,-7.684190299999999,-1.5406688,5.9890957,1566947881593
11547,226,Gyroscope,0.045814894,-0.0012217305,0.17654006,1566947881602
11548,226,Accelerometer,-7.7344685,-1.3012487,6.208165,1566947881603
11549,226,Gyroscope,0.040317107000000005,0.040927973,0.16065755,1566947881612
11550,226,Accelerometer,-7.789535000000001,-1.1671733999999998,6.300341599999999,1566947881613
11551,226,Gyroscope,0.021380282999999996,0.08002335,0.13072516,1566947881622
11552,226,Accelerometer,-7.7643960000000005,-1.1528081000000001,6.2392898,1566947881623
11553,226,Gyroscope,0.004276057,0.11789699,0.09590584,1566947881633
11554,226,Accelerometer,-7.787141,-1.1025299,6.06571,1566947881633
11555,226,Gyroscope,-0.018936822,0.15760323,0.052534412999999995,1566947881642
11556,226,Accelerometer,-7.831434,-1.1001357,5.853823,1566947881643
11557,226,Gyroscope,-0.06047566,0.19547687,-0.00061086525,1566947881652
11558,226,Accelerometer,-7.884106,-1.2006921999999998,5.653907299999999,1566947881653
11559,226,Gyroscope,-0.099571034,0.2144137,-0.043982297000000004,1566947881662
11560,226,Accelerometer,-7.9702972999999995,-1.3431472,5.649119000000001,1566947881663
11561,226,Gyroscope,-0.12705997,0.226631,-0.07269296,1566947881672
11562,226,Accelerometer,-8.066066000000001,-1.5275006000000002,5.649119000000001,1566947881673
11563,226,Gyroscope,-0.13683382,0.21868975,-0.08002335,1566947881682
11564,226,Accelerometer,-8.154651,-1.7717092,5.614403,1566947881683
11565,226,Gyroscope,-0.13072516,0.20219639,-0.06780604,1566947881692
11566,226,Accelerometer,-8.098388,-1.9189526999999997,5.5748987,1566947881693
11567,226,Gyroscope,-0.11178834,0.17654006,-0.04153884,1566947881702
11568,226,Accelerometer,-8.010999,-1.9333179,5.5401826,1566947881703
11569,226,Gyroscope,-0.08735373,0.15210545,-0.01160644,1566947881712
11570,226,Accelerometer,-7.9367785,-1.8423381999999997,5.474342299999999,1566947881713
11571,226,Gyroscope,-0.07147124,0.13194689,0.01282817,1566947881722
11572,226,Accelerometer,-7.9248075,-1.733402,5.4264584000000005,1566947881723
11573,226,Gyroscope,-0.06719518,0.12217305,0.032986722999999996,1566947881732
11574,226,Accelerometer,-7.961917999999999,-1.6400281000000003,5.3725886,1566947881733
11575,226,Gyroscope,-0.07452556,0.11484267,0.04276056599999999,1566947881742
11576,226,Accelerometer,-8.027759,-1.6208745,5.384559599999999,1566947881743
11577,226,Gyroscope,-0.084910266,0.1020145,0.04886922,1566947881752
11578,226,Accelerometer,-8.110358,-1.7034745,5.3163247,1566947881753
11579,226,Gyroscope,-0.08674286,0.076358154,0.04886922,1566947881763
11580,226,Accelerometer,-8.081628,-1.745373,5.2409077,1566947881763
11581,226,Gyroscope,-0.06597344599999999,0.05681047,0.04153884,1566947881772
11582,226,Accelerometer,-7.987056699999999,-1.7142484,5.246893,1566947881773
11583,226,Gyroscope,-0.03848451,0.06352998,0.025045475,1566947881782
11584,226,Accelerometer,-7.9583262999999995,-1.6627731,5.2899885,1566947881783
11585,226,Gyroscope,-0.013439035,0.06597344599999999,0.01282817,1566947881792
11586,226,Accelerometer,-7.9846625,-1.5825673,5.3390699999999995,1566947881793
11587,226,Gyroscope,0.010995574,0.06414085,-0.005497787,1566947881802
11588,226,Accelerometer,-7.9714947,-1.5298948,5.354632,1566947881802
11589,226,Gyroscope,0.02687807,0.06047566,-0.018936822,1566947881813
11590,226,Accelerometer,-8.009802,-1.5215151000000002,5.4312468,1566947881813
11591,226,Gyroscope,0.036651913,0.040927973,-0.03176499,1566947881822
11592,226,Accelerometer,-8.050502999999999,-1.5562311000000002,5.446809,1566947881823
11593,226,Gyroscope,0.035430185,0.0067195175,-0.0421497,1566947881832
11594,226,Accelerometer,-8.010999,-1.650802,5.4025164000000006,1566947881833
11595,226,Gyroscope,0.036651913,-0.028710667000000002,-0.0421497,1566947881842
11596,226,Accelerometer,-7.9571295,-1.7477672,5.4264584000000005,1566947881843
11597,226,Gyroscope,0.032375857,-0.05681047,-0.03726278,1566947881852
11598,226,Accelerometer,-7.917625,-1.7657237000000001,5.4767364999999995,1566947881853
11599,226,Gyroscope,0.029932396,-0.06841691,-0.03970624,1566947881863
11600,226,Accelerometer,-7.666233999999999,-1.7082629,5.685032,1566947881863
11601,226,Gyroscope,0.04520403,-0.07147124,-0.05375614,1566947881872
11602,226,Accelerometer,-7.538144,-1.8471266,5.943606,1566947881873
11603,226,Gyroscope,0.06597344599999999,-0.0720821,-0.061086524,1566947881882
11604,226,Accelerometer,-7.750031,-2.0003555,6.060921700000001,1566947881883
11605,226,Gyroscope,0.059864793,-0.0720821,-0.05497787,1566947881892
11606,226,Accelerometer,-7.833828,-1.8926164,5.946000000000001,1566947881893
11607,226,Gyroscope,0.045814894,-0.0421497,-0.03604105,1566947881902
11608,226,Accelerometer,-7.592013400000001,-1.6101006000000002,5.8274870000000005,1566947881903
11609,226,Gyroscope,0.04520403,-0.004886922,-0.029321532999999997,1566947881913
11610,226,Accelerometer,-7.3202715,-1.412579,5.791574,1566947881913
11611,226,Gyroscope,0.04276056599999999,0.017715093,-0.026267206,1566947881922
11612,226,Accelerometer,-7.2340803,-1.4891934,5.762843599999999,1566947881923
11613,226,Gyroscope,0.047036625,0.014049901000000002,-0.031154128,1566947881932
11614,226,Accelerometer,-7.2951326000000005,-1.5562311000000002,5.753267,1566947881933
11615,226,Gyroscope,0.047036625,-0.0067195175,-0.045814894,1566947881942
11616,226,Accelerometer,-7.5082164,-1.4951789,5.657499,1566947881943
11617,226,Gyroscope,0.032375857,-0.014049901000000002,-0.06352998,1566947881952
11618,226,Accelerometer,-7.668628,-1.3503298000000001,5.631162000000001,1566947881953
11619,226,Gyroscope,0.00061086525,-0.025045475,-0.08307768,1566947881963
11620,226,Accelerometer,-7.6638399999999995,-1.2677298000000001,5.5282116,1566947881963
11621,226,Gyroscope,-0.026267206,-0.017715093,-0.10751228,1566947881972
11622,226,Accelerometer,-7.6410947,-1.5646108,5.571307,1566947881973
11623,226,Gyroscope,-0.034208454,-0.018325957,-0.13072516,1566947881982
11624,226,Accelerometer,-7.7105265,-1.9405005000000002,5.623979599999999,1566947881983
11625,226,Gyroscope,-0.022602014,-0.03726278,-0.14355333,1566947881992
11626,226,Accelerometer,-7.8876976999999995,-2.1954830000000003,5.5725045,1566947881993
11627,226,Gyroscope,-0.004886922,-0.06414085,-0.13622294,1566947882002
11628,226,Accelerometer,-8.010999,-2.2852653999999997,5.5401826,1566947882003
11629,226,Gyroscope,-0.005497787,-0.058643065,-0.12156218,1566947882012
11630,226,Accelerometer,-7.9367785,-2.3391352000000003,5.463568,1566947882013
11631,226,Gyroscope,-0.017104227,-0.045814894,-0.103847094,1566947882022
11632,226,Accelerometer,-7.8003089999999995,-2.5007436000000003,5.4192758,1566947882023
11633,226,Gyroscope,-0.021991148999999998,-0.029932396,-0.09162979,1566947882032
11634,226,Accelerometer,-7.6638399999999995,-2.6886885,5.4025164000000006,1566947882033
11635,226,Gyroscope,-0.021380282999999996,-0.021380282999999996,-0.08735373,1566947882042
11636,226,Accelerometer,-7.563283,-2.789245,5.377377,1566947882043
11637,226,Gyroscope,-0.01282817,-0.026267206,-0.084910266,1566947882052
11638,226,Accelerometer,-7.501034,-2.835932,5.420472599999999,1566947882053
11639,226,Gyroscope,-0.01282817,-0.050701816,-0.093462385,1566947882062
11640,226,Accelerometer,-7.430405,-2.8502972,5.3103394999999995,1566947882063
11641,226,Gyroscope,0.01160644,-0.10445796,-0.09101892,1566947882072
11642,226,Accelerometer,-7.285556,-2.8107927000000004,5.2648497,1566947882073
11643,226,Gyroscope,0.018936822,-0.13255776,-0.093462385,1566947882082
11644,226,Accelerometer,-7.1730285,-2.7353754,5.3642087,1566947882083
11645,226,Gyroscope,0.035430185,-0.15699236,-0.089186326,1566947882092
11646,226,Accelerometer,-7.249642999999999,-2.633622,5.4982843,1566947882093
11647,226,Gyroscope,0.056199603,-0.20219639,-0.08796459400000001,1566947882102
11648,226,Accelerometer,-7.325060000000001,-2.4660277,5.729325,1566947882103
11649,226,Gyroscope,0.076358154,-0.23701571,-0.08063421400000001,1566947882112
11650,226,Accelerometer,-7.4327993,-2.2313959999999997,5.990292500000001,1566947882113
11651,226,Gyroscope,0.08307768,-0.24373524,-0.07452556,1566947882122
11652,226,Accelerometer,-7.461529700000001,-1.9764134999999998,6.1985884,1566947882123
11653,226,Gyroscope,0.062308256,-0.22907446,-0.06719518,1566947882133
11654,226,Accelerometer,-7.668628,-1.8016368000000003,6.341043,1566947882133
11655,226,Gyroscope,0.016493361,-0.1881465,-0.062308256,1566947882142
11656,226,Accelerometer,-7.645883,-1.8650831,6.5361705,1566947882143
11657,226,Gyroscope,-0.043982297000000004,-0.1282817,-0.05009095,1566947882152
11658,226,Accelerometer,-7.716512,-2.0458453000000003,6.603208,1566947882153
11659,226,Gyroscope,-0.11178834,-0.03970624,-0.030543262,1566947882162
11660,226,Accelerometer,-7.6650367,-2.255338,6.578069,1566947882163
11661,226,Gyroscope,-0.16371189,0.059253927000000005,0.004886922,1566947882172
11662,226,Accelerometer,-7.53575,-2.4516625,6.5816603,1566947882173
11663,226,Gyroscope,-0.18081611,0.14172074,0.044593163,1566947882182
11664,226,Accelerometer,-7.400477400000001,-2.5773582000000004,6.5230026,1566947882183
11665,226,Gyroscope,-0.16676621,0.20036379999999998,0.08246681,1566947882192
11666,226,Accelerometer,-7.217321000000001,-2.5833437000000004,6.333860400000001,1566947882193
11667,226,Gyroscope,-0.15027285,0.24740042,0.112399206,1566947882202
11668,226,Accelerometer,-7.1167645,-2.433706,6.0704985,1566947882203
11669,226,Gyroscope,-0.13744467,0.26328292,0.12278391400000001,1566947882212
11670,226,Accelerometer,-7.1586633,-2.1511902999999997,5.8574142,1566947882213
11671,226,Gyroscope,-0.12950343,0.25900686,0.10873401,1566947882222
11672,226,Accelerometer,-7.284358500000001,-1.8818424999999999,5.631162000000001,1566947882223
11673,226,Gyroscope,-0.13927728,0.24007004,0.08124508,1566947882232
11674,226,Accelerometer,-7.36217,-1.6651672999999998,5.323507299999999,1566947882233
11675,226,Gyroscope,-0.14966199,0.21991149,0.050701816,1566947882243
11676,226,Accelerometer,-7.156269,-1.5586253,5.255273000000001,1566947882243
11677,226,Gyroscope,-0.13133603,0.16493362,-0.0012217305,1566947882252
11678,226,Accelerometer,-7.1263413,-1.8495207999999999,5.4539914000000005,1566947882253
11679,226,Gyroscope,-0.10812314599999999,0.111177474,-0.034208454,1566947882262
11680,226,Accelerometer,-7.4591354999999995,-2.1775265,5.518635,1566947882263
11681,226,Gyroscope,-0.09773844,0.08857546,-0.048258353,1566947882272
11682,226,Accelerometer,-7.574057000000001,-2.3044189999999998,5.449203,1566947882273
11683,226,Gyroscope,-0.08124508,0.06841691,-0.06536258,1566947882282
11684,226,Accelerometer,-7.6734165999999995,-2.48159,5.482722,1566947882283
11685,226,Gyroscope,-0.05375614,0.039095376,-0.07880162,1566947882292
11686,226,Accelerometer,-7.9248075,-2.8060042999999997,5.5341973,1566947882293
11687,226,Gyroscope,-0.04337143,0.027488936000000002,-0.07696902,1566947882302
11688,226,Accelerometer,-8.099585000000001,-3.0490158,5.4791307,1566947882303
11689,226,Gyroscope,-0.05131268,0.026267206,-0.061086524,1566947882312
11690,226,Accelerometer,-8.064867999999999,-3.1555579,5.398925,1566947882313
11691,226,Gyroscope,-0.053145275,0.009773844,-0.04276056599999999,1566947882322
11692,226,Accelerometer,-8.042124000000001,-3.2597055,5.3678,1566947882323
11693,226,Gyroscope,-0.04886922,0.004886922,-0.014049901000000002,1566947882332
11694,226,Accelerometer,-7.905653999999999,-3.3315318,5.388150700000001,1566947882333
11695,226,Gyroscope,-0.04276056599999999,-0.014049901000000002,0.01038471,1566947882342
11696,226,Accelerometer,-7.717708999999999,-3.3435028,5.425261,1566947882343
11697,226,Gyroscope,-0.032375857,-0.04642576,0.032986722999999996,1566947882353
11698,226,Accelerometer,-7.5525093,-3.2070332,5.506664,1566947882353
11699,226,Gyroscope,-0.028099801,-0.057421334000000004,0.043982297000000004,1566947882362
11700,226,Accelerometer,-7.326257000000001,-2.9113493,5.5737014,1566947882363
11701,226,Gyroscope,-0.03176499,-0.05131268,0.047036625,1566947882372
11702,226,Accelerometer,-7.0880339999999995,-2.6312277,5.641936299999999,1566947882373
11703,226,Gyroscope,-0.037873644,-0.04520403,0.04153884,1566947882382
11704,226,Accelerometer,-6.897695,-2.529474,5.767632,1566947882383
11705,226,Gyroscope,-0.045814894,-0.047036625,0.03359759,1566947882392
11706,226,Accelerometer,-6.919242999999999,-2.5043349999999998,5.837064,1566947882393
11707,226,Gyroscope,-0.062308256,-0.026267206,0.027488936000000002,1566947882403
11708,226,Accelerometer,-6.955156,-2.4588451,5.8741736,1566947882403
11709,226,Gyroscope,-0.07941248,0.007330383,0.021380282999999996,1566947882412
11710,226,Accelerometer,-6.989872,-2.4636335,5.9184665999999995,1566947882413
11711,226,Gyroscope,-0.092240654,0.03726278,0.017715093,1566947882422
11712,226,Accelerometer,-7.200561500000001,-2.7569232000000006,5.995081,1566947882423
11713,226,Gyroscope,-0.09712757,0.056199603,0.015882496,1566947882432
11714,226,Accelerometer,-7.3334399999999995,-2.8514943,5.9627595,1566947882433
11715,226,Gyroscope,-0.10262536,0.069027774,0.018325957,1566947882442
11716,226,Accelerometer,-7.454347,-2.8095956,5.815516000000001,1566947882443
11717,226,Gyroscope,-0.1337795,0.089186326,0.028710667000000002,1566947882452
11718,226,Accelerometer,-7.4758949999999995,-2.7784709999999997,5.6910176,1566947882453
11719,226,Gyroscope,-0.14782938,0.1020145,0.03359759,1566947882463
11720,226,Accelerometer,-7.419631,-2.8323407000000005,5.616797,1566947882463
11721,226,Gyroscope,-0.15577064,0.10140363,0.03481932,1566947882472
11722,226,Accelerometer,-7.483077499999999,-2.9436709999999997,5.6407394,1566947882473
11723,226,Gyroscope,-0.14905111,0.09101892,0.030543262,1566947882482
11724,226,Accelerometer,-7.4471645,-2.9759927000000004,5.714959599999999,1566947882483
11725,226,Gyroscope,-0.14110987,0.08796459400000001,0.013439035,1566947882492
11726,226,Accelerometer,-7.589619,-3.0107086,5.7017913,1566947882493
11727,226,Gyroscope,-0.13011430000000002,0.077579886,0.013439035,1566947882502
11728,226,Accelerometer,-7.690175999999999,-3.0358477,5.653907299999999,1566947882503
11729,226,Gyroscope,-0.13255776,0.070249505,-0.004886922,1566947882512
11730,226,Accelerometer,-7.693767,-3.0514099999999997,5.54138,1566947882513
11731,226,Gyroscope,-0.13500121,0.06291912,0.0012217305,1566947882523
11732,226,Accelerometer,-7.5213847000000005,-3.0681696,5.4779334,1566947882523
11733,226,Gyroscope,-0.13316862,0.040317107000000005,0.007330383,1566947882532
11734,226,Accelerometer,-7.347805,-3.1040826,5.45878,1566947882533
11735,226,Gyroscope,-0.12339478,0.0036651915999999997,0.017715093,1566947882542
11736,226,Accelerometer,-7.281964299999999,-3.1399956,5.4192758,1566947882543
11737,226,Gyroscope,-0.11178834,-0.039095376,0.025045475,1566947882552
11738,226,Accelerometer,-7.138312299999999,-3.0729580000000003,5.4432178,1566947882553
11739,226,Gyroscope,-0.10445796,-0.06719518,0.03481932,1566947882562
11740,226,Accelerometer,-6.8581905,-2.9532477999999998,5.6156,1566947882563
11741,226,Gyroscope,-0.09773844,-0.056199603,0.050701816,1566947882572
11742,226,Accelerometer,-6.708553299999999,-2.64679,5.9029045,1566947882573
11743,226,Gyroscope,-0.092240654,-0.01160644,0.064751714,1566947882583
11744,226,Accelerometer,-6.7743936,-2.4193408,6.131551,1566947882583
11745,226,Gyroscope,-0.092240654,0.03726278,0.081855945,1566947882592
11746,226,Accelerometer,-6.999449,-2.3223755,6.2009826,1566947882593
11747,226,Gyroscope,-0.11301007,0.09101892,0.09101892,1566947882602
11748,226,Accelerometer,-7.237672,-2.2948422,6.149507,1566947882603
11749,226,Gyroscope,-0.14599679999999998,0.14355333,0.099571034,1566947882612
11750,226,Accelerometer,-7.5345526,-2.2349873,6.0166287,1566947882613
11751,226,Gyroscope,-0.16737708,0.16554448,0.112399206,1566947882622
11752,226,Accelerometer,-7.727286,-2.2337902,5.8622026,1566947882623
11753,226,Gyroscope,-0.16920967,0.16126843,0.12583824,1566947882632
11754,226,Accelerometer,-7.7703815,-2.3355439,5.8598084,1566947882633
11755,226,Gyroscope,-0.14599679999999998,0.15943582,0.13927728,1566947882643
11756,226,Accelerometer,-7.782352400000001,-2.3965959999999997,6.0130377,1566947882643
11757,226,Gyroscope,-0.119729586,0.18387043,0.15027285,1566947882652
11758,226,Accelerometer,-7.8637557000000005,-2.280477,6.063316,1566947882653
11759,226,Gyroscope,-0.10995574,0.22785273,0.16737708,1566947882662
11760,226,Accelerometer,-7.751228,-2.0973208,5.975927400000001,1566947882663
11761,226,Gyroscope,-0.12339478,0.27000242,0.19058995,1566947882672
11762,226,Accelerometer,-7.738060000000001,-1.9680338,5.853823,1566947882673
11763,226,Gyroscope,-0.14049901,0.26694809999999997,0.19058995,1566947882682
11764,226,Accelerometer,-7.735666,-1.8171991000000003,5.7065797,1566947882683
11765,226,Gyroscope,-0.15149458,0.20280726,0.17592919,1566947882693
11766,226,Accelerometer,-7.740454,-1.6328455,5.601235,1566947882693
11767,226,Gyroscope,-0.15454891,0.15882497,0.1423316,1566947882703
11768,226,Accelerometer,-7.751228,-1.3670892,5.602432,1566947882703
11769,226,Gyroscope,-0.16065755,0.13744467,0.09285152,1566947882712
11770,226,Accelerometer,-7.8302364,-1.2042834999999998,5.57849,1566947882713
11771,226,Gyroscope,-0.17715092,0.13072516,0.036651913,1566947882722
11772,226,Accelerometer,-7.917625,-1.2389994,5.5605335,1566947882723
11773,226,Gyroscope,-0.1826487,0.11362094,-0.012217305,1566947882732
11774,226,Accelerometer,-7.929596000000001,-1.4389153000000001,5.5389857000000005,1566947882733
11775,226,Gyroscope,-0.18081611,0.09773844,-0.031154128,1566947882742
11776,226,Accelerometer,-7.896077,-1.6771383000000002,5.583278,1566947882743
11777,226,Gyroscope,-0.16371189,0.09101892,-0.02687807,1566947882753
11778,226,Accelerometer,-7.765592999999999,-1.8914193,5.5844755,1566947882753
11779,226,Gyroscope,-0.1423316,0.10629055,-0.012217305,1566947882762
11780,226,Accelerometer,-7.619547,-2.0410569,5.4899044,1566947882763
11781,226,Gyroscope,-0.11911872,0.119729586,0.004276057,1566947882772
11782,226,Accelerometer,-7.6027875,-2.1308396000000003,5.408501599999999,1566947882773
11783,226,Gyroscope,-0.10629055,0.13500121,0.016493361,1566947882782
11784,226,Accelerometer,-7.680599000000001,-2.1284454,5.343858200000001,1566947882783
11785,226,Gyroscope,-0.10934488,0.14110987,0.02565634,1566947882792
11786,226,Accelerometer,-7.833828,-2.100912,5.1882353,1566947882793
11787,226,Gyroscope,-0.11728613,0.14538592,0.03848451,1566947882802
11788,226,Accelerometer,-8.027759,-2.0075380000000003,5.145139,1566947882803
11789,226,Gyroscope,-0.1160644,0.14355333,0.040927973,1566947882813
11790,226,Accelerometer,-8.151060000000001,-1.9488802,5.130774,1566947882813
11791,226,Gyroscope,-0.10751228,0.12583824,0.039095376,1566947882822
11792,226,Accelerometer,-8.23366,-1.8698715,5.1319714,1566947882823
11793,226,Gyroscope,-0.09468412,0.09896017,0.03604105,1566947882832
11794,226,Accelerometer,-8.236053,-1.8423381999999997,5.1104236,1566947882833
11795,226,Gyroscope,-0.08552113,0.06963864,0.02565634,1566947882842
11796,226,Accelerometer,-8.237250999999999,-1.6603789,5.056554,1566947882843
11797,226,Gyroscope,-0.07574729,0.037873644,0.01282817,1566947882852
11798,226,Accelerometer,-8.052897,-1.4856021000000001,5.0541596,1566947882853
11799,226,Gyroscope,-0.06536258,0.002443461,-0.010995574,1566947882862
11800,226,Accelerometer,-7.9224133000000005,-1.4556746,5.1080294,1566947882863
11801,226,Gyroscope,-0.049480084,-0.04520403,-0.03481932,1566947882873
11802,226,Accelerometer,-7.8170686,-1.5646108,5.2049947,1566947882873
11803,226,Gyroscope,-0.03604105,-0.086132,-0.044593163,1566947882882
11804,226,Accelerometer,-7.835025,-1.8435352999999999,5.4240639999999996,1566947882883
11805,226,Gyroscope,-0.030543262,-0.09590584,-0.05497787,1566947882892
11806,226,Accelerometer,-7.955932000000001,-1.8854338,5.481525,1566947882893
11807,226,Gyroscope,-0.03604105,-0.09162979,-0.051923547,1566947882902
11808,226,Accelerometer,-7.8829093,-1.8638860000000002,5.5485625,1566947882903
11809,226,Gyroscope,-0.0421497,-0.06658431,-0.04642576,1566947882912
11810,226,Accelerometer,-7.799111999999999,-1.9955671000000001,5.5820813,1566947882913
11811,226,Gyroscope,-0.031154128,-0.05131268,-0.036651913,1566947882923
11812,226,Accelerometer,-7.916428,-2.1523874,5.5162406,1566947882923
11813,226,Gyroscope,-0.019547688,-0.06291912,-0.034208454,1566947882932
11814,226,Accelerometer,-7.825448,-2.1535845,5.3785739999999995,1566947882933
11815,226,Gyroscope,-0.016493361,-0.07696902,-0.032986722999999996,1566947882942
11816,226,Accelerometer,-7.7440453,-2.099715,5.3127337,1566947882943
11817,226,Gyroscope,-0.008552114,-0.08674286,-0.05131268,1566947882952
11818,226,Accelerometer,-7.773973,-2.0530279,5.319916200000001,1566947882953
11819,226,Gyroscope,-0.0030543262,-0.1020145,-0.07696902,1566947882962
11820,226,Accelerometer,-7.763199,-2.0829554,5.366603,1566947882963
11821,226,Gyroscope,-0.0012217305,-0.12461651,-0.10812314599999999,1566947882972
11822,226,Accelerometer,-7.789535000000001,-2.146402,5.3941364,1566947882972
11823,226,Gyroscope,0.0030543262,-0.15760323,-0.14049901,1566947882983
11824,226,Accelerometer,-7.905653999999999,-2.1942859,5.410896,1566947882983
11825,226,Gyroscope,-0.004276057,-0.16676621,-0.1685988,1566947882992
11826,226,Accelerometer,-7.826645399999999,-2.2158337,5.3941364,1566947882993
11827,226,Gyroscope,-0.010995574,-0.17531833,-0.1826487,1566947883002
11828,226,Accelerometer,-7.705738,-2.3750482,5.353435,1566947883003
11829,226,Gyroscope,-0.014049901000000002,-0.18631389999999998,-0.18753563,1566947883012
11830,226,Accelerometer,-7.61835,-2.5450362999999996,5.4144874000000005,1566947883013
11831,226,Gyroscope,-0.010995574,-0.18448131,-0.18020524,1566947883022
11832,226,Accelerometer,-7.4603324,-2.7353754,5.5150437000000005,1566947883023
11833,226,Gyroscope,-0.0067195175,-0.18692477,-0.15088372,1566947883032
11834,226,Accelerometer,-7.380127000000001,-2.8538885,5.5581393,1566947883033
11835,226,Gyroscope,-0.007330383,-0.19242255,-0.116675265,1566947883043
11836,226,Accelerometer,-7.298723700000001,-2.859874,5.6467247,1566947883043
11837,226,Gyroscope,-0.005497787,-0.18325958,-0.07941248,1566947883052
11838,226,Accelerometer,-7.268796400000001,-2.8802247000000003,5.7867856,1566947883053
11839,226,Gyroscope,-0.005497787,-0.15821409,-0.039095376,1566947883062
11840,226,Accelerometer,-7.3549875999999985,-2.8514943,5.865794,1566947883063
11841,226,Gyroscope,-0.01282817,-0.111177474,0.0036651915999999997,1566947883072
11842,226,Accelerometer,-7.394492,-2.789245,5.881356200000001,1566947883073
11843,226,Gyroscope,-0.018325957,-0.06658431,0.05131268,1566947883082
11844,226,Accelerometer,-7.438784599999999,-2.670732,5.9268465,1566947883083
11845,226,Gyroscope,-0.018325957,-0.028099801,0.09773844,1566947883092
11846,226,Accelerometer,-7.424419400000001,-2.5486276,5.9567738,1566947883093
11847,226,Gyroscope,-0.02687807,-0.009162978,0.124005646,1566947883103
11848,226,Accelerometer,-7.615956,-2.3175871,5.895722,1566947883103
11849,226,Gyroscope,-0.049480084,-0.016493361,0.119729586,1566947883112
11850,226,Accelerometer,-7.6650367,-2.0829554,5.8622026,1566947883113
11851,226,Gyroscope,-0.08246681,0.007330383,0.10445796,1566947883122
11852,226,Accelerometer,-7.6518690000000005,-2.0398598000000003,5.8598084,1566947883123
11853,226,Gyroscope,-0.1020145,0.007330383,0.07696902,1566947883132
11854,226,Accelerometer,-7.7787614000000005,-2.0578163000000003,5.8226986,1566947883133
11855,226,Gyroscope,-0.11362094,-0.0067195175,0.047647487,1566947883142
11856,226,Accelerometer,-7.6578539999999995,-2.0123265,5.841851999999999,1566947883143
11857,226,Gyroscope,-0.11178834,0.0012217305,0.008552114,1566947883152
11858,226,Accelerometer,-7.546523599999999,-2.1200657000000005,5.8849480000000005,1566947883153
11859,226,Gyroscope,-0.10140363,-0.0018325957999999999,-0.013439035,1566947883163
11860,226,Accelerometer,-7.583634,-2.2361843999999995,5.840655,1566947883163
11861,226,Gyroscope,-0.103847094,-0.0012217305,-0.021991148999999998,1566947883172
11862,226,Accelerometer,-7.550114999999999,-2.3379380000000003,5.774814599999999,1566947883173
11863,226,Gyroscope,-0.10445796,0.005497787,-0.02076942,1566947883182
11864,226,Accelerometer,-7.444770299999999,-2.385822,5.792771,1566947883183
11865,226,Gyroscope,-0.10018189999999999,0.007330383,-0.014660766,1566947883192
11866,226,Accelerometer,-7.3885064,-2.4995465,5.8203044,1566947883193
11867,226,Gyroscope,-0.10995574,0.01038471,0.0036651915999999997,1566947883202
11868,226,Accelerometer,-7.3442134999999995,-2.5438392000000003,5.7377043,1566947883203
11869,226,Gyroscope,-0.12095132,0.021991148999999998,0.021380282999999996,1566947883213
11870,226,Accelerometer,-7.2388687,-2.5486276,5.718550700000001,1566947883213
11871,226,Gyroscope,-0.11911872,0.030543262,0.03848451,1566947883223
11872,226,Accelerometer,-7.1706343,-2.6779146000000003,5.78918,1566947883223
11873,226,Gyroscope,-0.118507855,0.032375857,0.047036625,1566947883232
11874,226,Accelerometer,-7.231686,-2.707842,5.767632,1566947883233
11875,226,Gyroscope,-0.12278391400000001,0.03481932,0.05131268,1566947883242
11876,226,Accelerometer,-7.156269,-2.6324248,5.7616463,1566947883243
11877,226,Gyroscope,-0.10812314599999999,0.045814894,0.05497787,1566947883252
11878,226,Accelerometer,-7.155071700000001,-2.681506,5.831078,1566947883253
11879,226,Gyroscope,-0.0983493,0.04642576,0.06169739,1566947883263
11880,226,Accelerometer,-7.3166804,-2.7150247000000003,5.7005944,1566947883263
11881,226,Gyroscope,-0.10812314599999999,0.04886922,0.07696902,1566947883273
11882,226,Accelerometer,-7.274781699999999,-2.5773582000000004,5.595249,1566947883273
11883,226,Gyroscope,-0.10445796,0.047036625,0.09040806,1566947883282
11884,226,Accelerometer,-7.114370299999999,-2.4540567,5.6156,1566947883283
11885,226,Gyroscope,-0.084910266,0.034208454,0.07941248,1566947883292
11886,226,Accelerometer,-7.062895,-2.6491842,5.7377043,1566947883293
11887,226,Gyroscope,-0.069027774,0.009162978,0.06658431,1566947883302
11888,226,Accelerometer,-7.347805,-2.8646624,5.8394580000000005,1566947883303
11889,226,Gyroscope,-0.077579886,0.004276057,0.05681047,1566947883312
11890,226,Accelerometer,-7.590816499999999,-2.7485435000000003,5.8179099999999995,1566947883313
11891,226,Gyroscope,-0.10323623,0.04153884,0.050701816,1566947883323
11892,226,Accelerometer,-7.511808,-2.658761,5.7700260000000005,1566947883323
11893,226,Gyroscope,-0.11056661,0.069027774,0.040317107000000005,1566947883332
11894,226,Accelerometer,-7.5944076,-2.8514943,5.803545,1566947883333
11895,226,Gyroscope,-0.112399206,0.073303826,0.036651913,1566947883342
11896,226,Accelerometer,-7.643489,-2.966416,5.531803,1566947883343
11897,226,Gyroscope,-0.11789699,0.07574729,0.05131268,1566947883352
11898,226,Accelerometer,-7.467515,-2.8778305,5.483919,1566947883353
11899,226,Gyroscope,-0.11362094,0.07147124,0.05009095,1566947883362
11900,226,Accelerometer,-7.356185000000001,-2.9831752999999996,5.5150437000000005,1566947883363
11901,226,Gyroscope,-0.095294975,0.04276056599999999,0.04337143,1566947883372
11902,226,Accelerometer,-7.346607700000001,-2.9652187999999997,5.621585400000001,1566947883373
11903,226,Gyroscope,-0.08063421400000001,0.014049901000000002,0.026267206,1566947883382
11904,226,Accelerometer,-7.422025,-2.823961,5.675455,1566947883383
11905,226,Gyroscope,-0.089186326,0.01160644,0.016493361,1566947883392
11906,226,Accelerometer,-7.420828299999999,-2.695871,5.603629,1566947883393
11907,226,Gyroscope,-0.106901415,0.022602014,0.008552114,1566947883402
11908,226,Accelerometer,-7.357382,-2.694674,5.5748987,1566947883403
11909,226,Gyroscope,-0.111177474,0.019547688,0.00061086525,1566947883412
11910,226,Accelerometer,-7.314286,-2.8431146000000003,5.657499,1566947883413
11911,226,Gyroscope,-0.10934488,0.013439035,0.0018325957999999999,1566947883422
11912,226,Accelerometer,-7.352593400000001,-2.9460652,5.7065797,1566947883423
11913,226,Gyroscope,-0.105068825,0.010995574,0.009773844,1566947883432
11914,226,Accelerometer,-7.420828299999999,-2.9855695,5.710171,1566947883433
11915,226,Gyroscope,-0.106901415,0.017715093,0.02443461,1566947883443
11916,226,Accelerometer,-7.5572976999999995,-2.9735985,5.638344999999999,1566947883443
11917,226,Gyroscope,-0.11728613,0.015882496,0.03481932,1566947883452
11918,226,Accelerometer,-7.4914570000000005,-2.8766334,5.604826,1566947883453
11919,226,Gyroscope,-0.12217305,0.012217305,0.047036625,1566947883462
11920,226,Accelerometer,-7.3334399999999995,-2.823961,5.665878299999999,1566947883463
11921,226,Gyroscope,-0.119729586,0.01160644,0.047647487,1566947883472
11922,226,Accelerometer,-7.2029557,-2.8215668,5.7257333,1566947883473
11923,226,Gyroscope,-0.11728613,0.01160644,0.044593163,1566947883482
11924,226,Accelerometer,-7.0880339999999995,-2.8155810000000003,5.7760115,1566947883483
11925,226,Gyroscope,-0.12767084,0.028710667000000002,0.037873644,1566947883492
11926,226,Accelerometer,-7.110779300000001,-2.837129,5.7963624000000005,1566947883493
11927,226,Gyroscope,-0.14782938,0.057421334000000004,0.0421497,1566947883503
11928,226,Accelerometer,-7.1873937,-2.730587,5.722142,1566947883503
11929,226,Gyroscope,-0.16615535,0.07086037,0.044593163,1566947883512
11930,226,Accelerometer,-7.289147,-2.730587,5.722142,1566947883513
11931,226,Gyroscope,-0.16676621,0.0720821,0.0421497,1566947883522
11932,226,Accelerometer,-7.254431200000001,-2.8862102000000003,5.816713,1566947883523
11933,226,Gyroscope,-0.15760323,0.07574729,0.049480084,1566947883532
11934,226,Accelerometer,-7.247248599999999,-3.1088709999999997,5.8179099999999995,1566947883533
11935,226,Gyroscope,-0.15699236,0.09285152,0.06719518,1566947883542
11936,226,Accelerometer,-7.3442134999999995,-3.1747115000000004,5.685032,1566947883543
11937,226,Gyroscope,-0.16737708,0.11789699,0.08674286,1566947883552
11938,226,Accelerometer,-7.3071036,-3.1208419999999997,5.6802435,1566947883554
11939,226,Gyroscope,-0.16187929,0.14172074,0.12034045,1566947883563
11940,226,Accelerometer,-7.400477400000001,-3.0226796,5.7137623,1566947883563
11941,226,Gyroscope,-0.1563815,0.1337795,0.15088372,1566947883573
11942,226,Accelerometer,-7.4914570000000005,-2.8670566,5.614403,1566947883573
11943,226,Gyroscope,-0.16310102,0.11911872,0.17654006,1566947883582
11944,226,Accelerometer,-7.493850999999999,-2.6647465,5.4863133,1566947883583
11945,226,Gyroscope,-0.17898351,0.09590584,0.19914207,1566947883592
11946,226,Accelerometer,-7.451953,-2.4361002,5.511451999999999,1566947883593
11947,226,Gyroscope,-0.18936823,0.10629055,0.22724187,1566947883602
11948,226,Accelerometer,-7.4914570000000005,-2.3307555,5.686229,1566947883603
11949,226,Gyroscope,-0.17898351,0.1386664,0.23701571,1566947883612
11950,226,Accelerometer,-7.478289,-2.2744915,5.8238955,1566947883613
11951,226,Gyroscope,-0.15210545,0.172264,0.24129178,1566947883623
11952,226,Accelerometer,-7.420828299999999,-2.2661119,5.9268465,1566947883623
11953,226,Gyroscope,-0.12950343,0.20280726,0.23151793,1566947883632
11954,226,Accelerometer,-7.429208,-2.2409727999999998,5.9867015,1566947883633
11955,226,Gyroscope,-0.11056661,0.22968534,0.21868975,1566947883642
11956,226,Accelerometer,-7.57286,-2.1164744,5.959168,1566947883643
11957,226,Gyroscope,-0.105068825,0.24129178,0.19242255,1566947883652
11958,226,Accelerometer,-7.765592999999999,-1.9393034,5.8717794,1566947883653
11959,226,Gyroscope,-0.11056661,0.24190263,0.15760323,1566947883662
11960,226,Accelerometer,-7.9810715,-1.8160020000000001,5.729325,1566947883663
11961,226,Gyroscope,-0.12217305,0.22968534,0.1160644,1566947883672
11962,226,Accelerometer,-8.164227499999999,-1.6843209,5.5701103,1566947883673
11963,226,Gyroscope,-0.13011430000000002,0.19730948,0.076358154,1566947883683
11964,226,Accelerometer,-8.232463000000001,-1.602918,5.4264584000000005,1566947883683
11965,226,Gyroscope,-0.13561209,0.15882497,0.039095376,1566947883692
11966,226,Accelerometer,-8.192958,-1.5705963,5.3247046,1566947883693
11967,226,Gyroscope,-0.13744467,0.13439035,0.005497787,1566947883702
11968,226,Accelerometer,-8.033744,-1.7046716,5.291186,1566947883703
11969,226,Gyroscope,-0.13072516,0.096516706,-0.021380282999999996,1566947883712
11970,226,Accelerometer,-7.904457000000001,-1.8722657,5.249287000000001,1566947883713
11971,226,Gyroscope,-0.11301007,0.062308256,-0.032375857,1566947883722
11972,226,Accelerometer,-7.8218570000000005,-1.9919758,5.305551,1566947883723
11973,226,Gyroscope,-0.095294975,0.04886922,-0.04153884,1566947883732
11974,226,Accelerometer,-7.7703815,-2.1296425,5.3857565,1566947883733
11975,226,Gyroscope,-0.08674286,0.029932396,-0.03359759,1566947883743
11976,226,Accelerometer,-7.869741,-2.2050598,5.3378725,1566947883743
11977,226,Gyroscope,-0.092240654,0.02321288,-0.022602014,1566947883753
11978,226,Accelerometer,-7.9032598,-2.1823148999999997,5.2002063,1566947883753
11979,226,Gyroscope,-0.099571034,0.022602014,-0.004276057,1566947883762
11980,226,Accelerometer,-7.8278419999999995,-2.1871033,5.100847,1566947883763
11981,226,Gyroscope,-0.09590584,0.0067195175,0.007330383,1566947883772
11982,226,Accelerometer,-7.8050976,-2.2373814999999997,5.0637364,1566947883773
11983,226,Gyroscope,-0.086132,-0.017104227,0.021380282999999996,1566947883782
11984,226,Accelerometer,-7.801506,-2.2409727999999998,4.9823337,1566947883783
11985,226,Gyroscope,-0.0720821,-0.039095376,0.021991148999999998,1566947883793
11986,226,Accelerometer,-7.776367,-2.1631612999999996,4.983531,1566947883793
11987,226,Gyroscope,-0.052534412999999995,-0.06658431,0.01282817,1566947883802
11988,226,Accelerometer,-7.943961,-2.0242975,5.036203400000001,1566947883803
11989,226,Gyroscope,-0.04520403,-0.093462385,-0.0067195175,1566947883812
11990,226,Accelerometer,-7.8853035,-2.0171148999999997,5.088876,1566947883813
11991,226,Gyroscope,-0.040927973,-0.116675265,-0.030543262,1566947883822
11992,226,Accelerometer,-7.852981599999999,-2.0661959999999997,5.1678843,1566947883823
11993,226,Gyroscope,-0.034208454,-0.14355333,-0.058643065,1566947883832
11994,226,Accelerometer,-7.874529400000001,-2.0961237,5.243302,1566947883833
11995,226,Gyroscope,-0.02565634,-0.17348573,-0.07269296,1566947883842
11996,226,Accelerometer,-7.868544,-2.183512,5.347449299999999,1566947883843
11997,226,Gyroscope,-0.018325957,-0.18387043,-0.081855945,1566947883853
11998,226,Accelerometer,-7.9068513,-2.3259668,5.461174,1566947883853
11999,226,Gyroscope,-0.01282817,-0.19120082,-0.08979719,1566947883862
12000,226,Accelerometer,-7.902063,-2.3882163,5.542577,1566947883863
12001,226,Gyroscope,-0.014660766,-0.18692477,-0.084910266,1566947883872
12002,226,Accelerometer,-7.752425,-2.4289176,5.619191000000001,1566947883873
12003,226,Gyroscope,-0.018325957,-0.17654006,-0.08002335,1566947883882
12004,226,Accelerometer,-7.6375036,-2.5043349999999998,5.697003,1566947883883
12005,226,Gyroscope,-0.023823743999999997,-0.17165314,-0.07086037,1566947883892
12006,226,Accelerometer,-7.502231,-2.5905263,5.772420400000001,1566947883893
12007,226,Gyroscope,-0.018325957,-0.16920967,-0.056199603,1566947883903
12008,226,Accelerometer,-7.374141000000001,-2.5821466,5.853823,1566947883903
12009,226,Gyroscope,-0.012217305,-0.15882497,-0.04337143,1566947883912
12010,226,Accelerometer,-7.2831616,-2.6048915,5.9890957,1566947883913
12011,226,Gyroscope,-0.007330383,-0.13561209,-0.031154128,1566947883922
12012,226,Accelerometer,-7.219714999999999,-2.5306710999999997,6.0836663,1566947883923
12013,226,Gyroscope,-0.0036651915999999997,-0.11178834,-0.023823743999999997,1566947883932
12014,226,Accelerometer,-7.2029557,-2.4779987,6.1650696,1566947883933
12015,226,Gyroscope,-0.00061086525,-0.069027774,-0.016493361,1566947883943
12016,226,Accelerometer,-7.3106947,-2.4061728,6.191406,1566947883943
12017,226,Gyroscope,-0.014049901000000002,-0.04276056599999999,-0.0030543262,1566947883952
12018,226,Accelerometer,-7.419631,-2.3127987,6.0130377,1566947883953
12019,226,Gyroscope,-0.044593163,-0.02443461,0.019547688,1566947883962
12020,226,Accelerometer,-7.4016747,-2.2110453,5.7819970000000005,1566947883963
12021,226,Gyroscope,-0.076358154,-0.021380282999999996,0.036651913,1566947883972
12022,226,Accelerometer,-7.1873937,-2.280477,5.6443305,1566947883973
12023,226,Gyroscope,-0.07819075,-0.026267206,0.047647487,1566947883982
12024,226,Accelerometer,-7.055712,-2.4229321,5.7879825,1566947883983
12025,226,Gyroscope,-0.056199603,-0.03359759,0.050701816,1566947883992
12026,226,Accelerometer,-7.181408,-2.5222914,5.951985400000001,1566947883993
12027,226,Gyroscope,-0.039095376,-0.043982297000000004,0.053145275,1566947884002
12028,226,Accelerometer,-7.315483,-2.4073699,5.9807158,1566947884003
12029,226,Gyroscope,-0.055588737,-0.017715093,0.062308256,1566947884012
12030,226,Accelerometer,-7.4339960000000005,-2.2170308,5.9531827,1566947884013
12031,226,Gyroscope,-0.089186326,0.029932396,0.06597344599999999,1566947884022
12032,226,Accelerometer,-7.477092,-2.0458453000000003,5.90889,1566947884023
12033,226,Gyroscope,-0.124005646,0.07513642,0.059253927000000005,1566947884032
12034,226,Accelerometer,-7.607576,-2.0242975,5.849035,1566947884033
12035,226,Gyroscope,-0.14844026,0.11301007,0.048258353,1566947884042
12036,226,Accelerometer,-7.7811556,-2.1775265,5.758055000000001,1566947884043
12037,226,Gyroscope,-0.15882497,0.14049901,0.040927973,1566947884052
12038,226,Accelerometer,-7.892486,-2.3056161,5.6467247,1566947884053
12039,226,Gyroscope,-0.16371189,0.16249016,0.03604105,1566947884063
12040,226,Accelerometer,-7.8673470000000005,-2.5390507999999996,5.544971,1566947884063
12041,226,Gyroscope,-0.13683382,0.15577064,0.031154128,1566947884072
12042,226,Accelerometer,-8.038532,-2.8287494,5.521029,1566947884073
12043,226,Gyroscope,-0.09040806,0.11484267,0.037873644,1566947884082
12044,226,Accelerometer,-8.095993,-2.8898015,5.4767364999999995,1566947884083
12045,226,Gyroscope,-0.07269296,0.09590584,0.047036625,1566947884092
12046,226,Accelerometer,-7.943961,-2.8670566,5.4264584000000005,1566947884093
12047,226,Gyroscope,-0.061086524,0.06658431,0.05131268,1566947884102
12048,226,Accelerometer,-7.8709383,-2.8766334,5.29358,1566947884103
12049,226,Gyroscope,-0.06719518,0.02687807,0.057421334000000004,1566947884112
12050,226,Accelerometer,-7.754819400000001,-2.7150247000000003,5.1786585,1566947884113
12051,226,Gyroscope,-0.069027774,-0.012217305,0.051923547,1566947884122
12052,226,Accelerometer,-7.4711065,-2.4779987,5.2241483,1566947884123
12053,226,Gyroscope,-0.05375614,-0.031154128,0.045814894,1566947884132
12054,226,Accelerometer,-7.392098,-2.4181437000000003,5.3211129999999995,1566947884133
12055,226,Gyroscope,-0.045814894,-0.040927973,0.039095376,1566947884142
12056,226,Accelerometer,-7.315483,-2.2840683,5.3019595,1566947884143
12057,226,Gyroscope,-0.03604105,-0.05681047,0.029321532999999997,1566947884152
12058,226,Accelerometer,-7.141903999999999,-2.1727380000000003,5.4432178,1566947884153
12059,226,Gyroscope,-0.016493361,-0.056199603,0.0061086523,1566947884162
12060,226,Accelerometer,-7.076063,-2.3295584,5.7496753,1566947884163
12061,226,Gyroscope,-0.004276057,-0.061086524,-0.021380282999999996,1566947884172
12062,226,Accelerometer,-7.3310455999999995,-2.6312277,5.8274870000000005,1566947884173
12063,226,Gyroscope,-0.02443461,-0.047647487,-0.031154128,1566947884182
12064,226,Accelerometer,-7.7105265,-2.6204537999999995,5.687426,1566947884183
12065,226,Gyroscope,-0.062308256,-0.015271631,-0.027488936000000002,1566947884192
12066,226,Accelerometer,-7.773973,-2.4768016,5.626374,1566947884193
12067,226,Gyroscope,-0.076358154,0.004886922,-0.021991148999999998,1566947884202
12068,226,Accelerometer,-7.6494746,-2.6168625,5.66947,1566947884203
12069,226,Gyroscope,-0.064751714,0.002443461,-0.016493361,1566947884212
12070,226,Accelerometer,-7.6614455999999995,-2.9293058,5.8083334,1566947884213
12071,226,Gyroscope,-0.06169739,-0.013439035,-0.004886922,1566947884222
12072,226,Accelerometer,-7.7201033,-3.0095115000000003,5.8143187,1566947884223
12073,226,Gyroscope,-0.0720821,-0.020158553,0.01282817,1566947884232
12074,226,Accelerometer,-7.684190299999999,-2.9735985,5.7400985,1566947884233
12075,226,Gyroscope,-0.08735373,-0.017104227,0.027488936000000002,1566947884243
12076,226,Accelerometer,-7.6111674,-2.9652187999999997,5.693412,1566947884243
12077,226,Gyroscope,-0.09773844,-0.015271631,0.039095376,1566947884252
12078,226,Accelerometer,-7.5213847000000005,-2.906561,5.746084,1566947884253
12079,226,Gyroscope,-0.105068825,-0.01038471,0.04520403,1566947884263
12080,226,Accelerometer,-7.260416499999999,-2.6862943,5.877765,1566947884263
12081,226,Gyroscope,-0.1160644,-0.0012217305,0.044593163,1566947884272
12082,226,Accelerometer,-7.219714999999999,-2.6408044999999998,5.804742,1566947884273
12083,226,Gyroscope,-0.124005646,0.005497787,0.037873644,1566947884283
12084,226,Accelerometer,-7.171831,-2.598906,5.731719,1566947884283
12085,226,Gyroscope,-0.13988814,0.009162978,0.036651913,1566947884292
12086,226,Accelerometer,-7.1263413,-2.6312277,5.7616463,1566947884293
12087,226,Gyroscope,-0.14905111,0.018325957,0.029932396,1566947884302
12088,226,Accelerometer,-7.0664864000000005,-2.6898855999999998,5.8358665,1566947884303
12089,226,Gyroscope,-0.15027285,0.032375857,0.027488936000000002,1566947884312
12090,226,Accelerometer,-7.035361999999999,-2.7904419999999996,5.853823,1566947884313
12091,226,Gyroscope,-0.15271631,0.037873644,0.028710667000000002,1566947884322
12092,226,Accelerometer,-7.2304892999999995,-2.8550856,5.803545,1566947884323
12093,226,Gyroscope,-0.16065755,0.03848451,0.028099801,1566947884332
12094,226,Accelerometer,-7.053317999999999,-2.9855695,5.8346696,1566947884333
12095,226,Gyroscope,-0.17165314,0.059253927000000005,0.03359759,1566947884343
12096,226,Accelerometer,-7.1095820000000005,-2.9999347000000003,5.85502,1566947884343
12097,226,Gyroscope,-0.17959438,0.070249505,0.03481932,1566947884352
12098,226,Accelerometer,-7.184999499999999,-2.9496564999999997,5.853823,1566947884353
12099,226,Gyroscope,-0.19730948,0.09712757,0.040317107000000005,1566947884362
12100,226,Accelerometer,-6.8545995,-2.9783869,5.853823,1566947884363
12101,226,Gyroscope,-0.20036379999999998,0.124005646,0.053145275,1566947884372
12102,226,Accelerometer,-6.892906699999999,-3.1148564999999997,5.7939680000000005,1566947884373
12103,226,Gyroscope,-0.20280726,0.14355333,0.062308256,1566947884382
12104,226,Accelerometer,-6.903681,-3.1986535,5.657499,1566947884383
12105,226,Gyroscope,-0.19792034,0.15332718,0.077579886,1566947884392
12106,226,Accelerometer,-7.013814,-3.3315318,5.5760955999999995,1566947884393
12107,226,Gyroscope,-0.17959438,0.15332718,0.084910266,1566947884402
12108,226,Accelerometer,-7.060500599999999,-3.5218705999999997,5.6634839999999995,1566947884403
12109,226,Gyroscope,-0.16004670000000001,0.15027285,0.105068825,1566947884413
12110,226,Accelerometer,-7.026982,-3.3554738,5.756858,1566947884413
12111,226,Gyroscope,-0.14294247,0.17287487,0.13194689,1566947884422
12112,226,Accelerometer,-7.017405,-3.0992942,5.843049,1566947884423
12113,226,Gyroscope,-0.12950343,0.226631,0.16126843,1566947884432
12114,226,Accelerometer,-6.96593,-3.0334535,5.954379599999999,1566947884433
12115,226,Gyroscope,-0.10751228,0.27122417,0.18203785,1566947884443
12116,226,Accelerometer,-7.232883500000001,-2.9293058,5.923255,1566947884443
12117,226,Gyroscope,-0.10873401,0.29749137,0.20586158,1566947884452
12118,226,Accelerometer,-7.5309615,-2.6144682999999995,5.699397,1566947884453
12119,226,Gyroscope,-0.13255776,0.31031954,0.22785273,1566947884462
12120,226,Accelerometer,-7.7488337,-2.3116016,5.4934959999999995,1566947884463
12121,226,Gyroscope,-0.15577064,0.31887165,0.23701571,1566947884473
12122,226,Accelerometer,-7.8218570000000005,-2.054225,5.461174,1566947884473
12123,226,Gyroscope,-0.15577064,0.32559118,0.2321288,1566947884482
12124,226,Accelerometer,-7.926005,-2.0207062,5.547365,1566947884483
12125,226,Gyroscope,-0.13133603,0.30604348,0.19975294,1566947884492
12126,226,Accelerometer,-8.117541000000001,-2.0350714,5.626374,1566947884493
12127,226,Gyroscope,-0.119729586,0.26022860000000003,0.14660765,1566947884502
12128,226,Accelerometer,-8.271967,-2.0015526,5.638344999999999,1566947884503
12129,226,Gyroscope,-0.116675265,0.21685717,0.07452556,1566947884512
12130,226,Accelerometer,-8.450335,-2.100912,5.649119000000001,1566947884513
12131,226,Gyroscope,-0.13133603,0.16920967,0.014049901000000002,1566947884522
12132,226,Accelerometer,-8.585608,-2.0757727999999998,5.5090580000000005,1566947884523
12133,226,Gyroscope,-0.18631389999999998,0.17348573,-0.040317107000000005,1566947884532
12134,226,Accelerometer,-8.271967,-2.0207062,5.4384294,1566947884533
12135,226,Gyroscope,-0.21258110000000002,0.20586158,-0.0421497,1566947884543
12136,226,Accelerometer,-7.987056699999999,-2.2481554,5.334281400000001,1566947884543
12137,226,Gyroscope,-0.21991149,0.21991149,-0.04276056599999999,1566947884552
12138,226,Accelerometer,-7.721300599999999,-2.4552537999999995,5.279215,1566947884553
12139,226,Gyroscope,-0.20586158,0.22174409,-0.032375857,1566947884562
12140,226,Accelerometer,-7.407660000000001,-2.585738,5.2804117,1566947884563
12141,226,Gyroscope,-0.18753563,0.21685717,-0.01282817,1566947884573
12142,226,Accelerometer,-7.371747,-2.5833437000000004,5.2169657,1566947884573
12143,226,Gyroscope,-0.16310102,0.20586158,-0.005497787,1566947884582
12144,226,Accelerometer,-7.374141000000001,-2.5330652999999996,5.279215,1566947884583
12145,226,Gyroscope,-0.12767084,0.20647246,0.0036651915999999997,1566947884592
12146,226,Accelerometer,-7.515399,-2.5486276,5.384559599999999,1566947884593
12147,226,Gyroscope,-0.10323623,0.2144137,0.008552114,1566947884602
12148,226,Accelerometer,-7.751228,-2.5881321,5.410896,1566947884603
12149,226,Gyroscope,-0.093462385,0.21807889999999996,0.012217305,1566947884612
12150,226,Accelerometer,-7.9427642999999994,-2.6144682999999995,5.3247046,1566947884613
12151,226,Gyroscope,-0.089186326,0.21197024,0.017715093,1566947884622
12152,226,Accelerometer,-8.002619000000001,-2.5737667,5.2528787,1566947884623
12153,226,Gyroscope,-0.07880162,0.19730948,0.02076942,1566947884632
12154,226,Accelerometer,-8.043321,-2.5151088,5.140351,1566947884633
12155,226,Gyroscope,-0.06414085,0.17470746,0.01282817,1566947884642
12156,226,Accelerometer,-8.072051,-2.44448,5.0816930000000005,1566947884643
12157,226,Gyroscope,-0.03848451,0.15821409,-0.004886922,1566947884652
12158,226,Accelerometer,-8.073248,-2.3116016,5.0745106,1566947884653
12159,226,Gyroscope,-0.017715093,0.12889257,-0.030543262,1566947884662
12160,226,Accelerometer,-8.086416,-2.2026656000000004,5.0517654,1566947884663
12161,226,Gyroscope,-0.018936822,0.10567969,-0.05497787,1566947884673
12162,226,Accelerometer,-8.117541000000001,-2.0841526999999997,5.021838,1566947884673
12163,226,Gyroscope,-0.028099801,0.093462385,-0.06719518,1566947884682
12164,226,Accelerometer,-8.042124000000001,-2.0506337,4.9919105,1566947884683
12165,226,Gyroscope,-0.03726278,0.077579886,-0.06841691,1566947884692
12166,226,Accelerometer,-7.9607205,-2.1068976000000004,4.941632299999999,1566947884693
12167,226,Gyroscope,-0.04153884,0.06352998,-0.069027774,1566947884702
12168,226,Accelerometer,-7.825448,-2.1811178,4.957195,1566947884703
12169,226,Gyroscope,-0.029932396,0.057421334000000004,-0.076358154,1566947884712
12170,226,Accelerometer,-7.6255326,-2.3295584,5.050568599999999,1566947884713
12171,226,Gyroscope,-0.004276057,0.04276056599999999,-0.089186326,1566947884722
12172,226,Accelerometer,-7.801506,-2.5330652999999996,5.139154,1566947884723
12173,226,Gyroscope,0.013439035,0.030543262,-0.095294975,1566947884732
12174,226,Accelerometer,-7.890092,-2.5378537,5.1355624,1566947884733
12175,226,Gyroscope,0.014660766,0.027488936000000002,-0.095294975,1566947884743
12176,226,Accelerometer,-7.9248075,-2.5737667,5.1475334,1566947884743
12177,226,Gyroscope,0.007941248,0.022602014,-0.09101892,1566947884752
12178,226,Accelerometer,-7.9475527,-2.6479871,5.1930237,1566947884753
12179,226,Gyroscope,0.0018325957999999999,0.014049901000000002,-0.08307768,1566947884762
12180,226,Accelerometer,-7.9762830000000005,-2.6743232999999997,5.1810527,1566947884763
12181,226,Gyroscope,-0.0012217305,0.007330383,-0.07452556,1566947884773
12182,226,Accelerometer,-7.824250999999999,-2.6264392999999995,5.2002063,1566947884773
12183,226,Gyroscope,-0.0012217305,0.00061086525,-0.07086037,1566947884782
12184,226,Accelerometer,-7.61835,-2.5546130000000002,5.294777,1566947884783
12185,226,Gyroscope,0.005497787,-0.010995574,-0.07452556,1566947884792
12186,226,Accelerometer,-7.538144,-2.5210943,5.291186,1566947884793
12187,226,Gyroscope,0.014660766,-0.02443461,-0.062308256,1566947884803
12188,226,Accelerometer,-7.5213847000000005,-2.4349031,5.3211129999999995,1566947884803
12189,226,Gyroscope,0.029321532999999997,-0.034208454,-0.054367005999999996,1566947884812
12190,226,Accelerometer,-7.559692,-2.3930047,5.3833623,1566947884813
12191,226,Gyroscope,0.04642576,-0.0421497,-0.05497787,1566947884822
12192,226,Accelerometer,-7.763199,-2.4313118,5.408501599999999,1566947884823
12193,226,Gyroscope,0.055588737,-0.055588737,-0.05681047,1566947884833
12194,226,Accelerometer,-7.9236107,-2.4732103,5.2899885,1566947884833
12195,226,Gyroscope,0.04276056599999999,-0.069027774,-0.055588737,1566947884842
12196,226,Accelerometer,-7.892486,-2.4468741,5.140351,1566947884843
12197,226,Gyroscope,0.031154128,-0.08307768,-0.048258353,1566947884852
12198,226,Accelerometer,-7.716512,-2.433706,5.1822495,1566947884853
12199,226,Gyroscope,0.03970624,-0.10567969,-0.044593163,1566947884862
12200,226,Accelerometer,-7.5309615,-2.4253263,5.234922,1566947884863
12201,226,Gyroscope,0.05009095,-0.12705997,-0.04153884,1566947884872
12202,226,Accelerometer,-7.381324,-2.445677,5.2061915,1566947884873
12203,226,Gyroscope,0.06352998,-0.14172074,-0.039095376,1566947884882
12204,226,Accelerometer,-7.3274539999999995,-2.4181437000000003,5.2516812999999996,1566947884883
12205,226,Gyroscope,0.0720821,-0.15943582,-0.04153884,1566947884892
12206,226,Accelerometer,-7.424419400000001,-2.3953989,5.2121773000000005,1566947884893
12207,226,Gyroscope,0.06597344599999999,-0.17470746,-0.049480084,1566947884903
12208,226,Accelerometer,-7.468712299999999,-2.2816741,5.1571107000000005,1566947884903
12209,226,Gyroscope,0.0421497,-0.17715092,-0.05375614,1566947884912
12210,226,Accelerometer,-7.4112515,-2.1583729,5.171476,1566947884913
12211,226,Gyroscope,0.02687807,-0.17592919,-0.058643065,1566947884922
12212,226,Accelerometer,-7.3274539999999995,-2.2002714,5.1882353,1566947884923
12213,226,Gyroscope,0.027488936000000002,-0.172264,-0.057421334000000004,1566947884933
12214,226,Accelerometer,-7.350199000000001,-2.3953989,5.2421045,1566947884933
12215,226,Gyroscope,0.03848451,-0.16126843,-0.05497787,1566947884942
12216,226,Accelerometer,-7.444770299999999,-2.4875755,5.3019595,1566947884943
12217,226,Gyroscope,0.05375614,-0.16737708,-0.055588737,1566947884952
12218,226,Accelerometer,-7.550114999999999,-2.5258827,5.4671597,1566947884953
12219,226,Gyroscope,0.06841691,-0.16249016,-0.059864793,1566947884962
12220,226,Accelerometer,-7.6494746,-2.5127146000000002,5.7005944,1566947884963
12221,226,Gyroscope,0.08124508,-0.14294247,-0.059253927000000005,1566947884972
12222,226,Accelerometer,-7.831434,-2.4624363999999996,5.837064,1566947884973
12223,226,Gyroscope,0.08735373,-0.12889257,-0.06597344599999999,1566947884982
12224,226,Accelerometer,-7.872135000000001,-2.5234885,5.9807158,1566947884983
12225,226,Gyroscope,0.09407325,-0.12889257,-0.07574729,1566947884992
12226,226,Accelerometer,-8.064867999999999,-2.6072857000000003,6.030994000000001,1566947884993
12227,226,Gyroscope,0.08368854,-0.13622294,-0.070249505,1566947885002
12228,226,Accelerometer,-8.135497,-2.60968,5.955577,1566947885003
12229,226,Gyroscope,0.06780604,-0.1386664,-0.054367005999999996,1566947885012
12230,226,Accelerometer,-8.013392999999999,-2.5450362999999996,5.8921304,1566947885013
12231,226,Gyroscope,0.05497787,-0.12095132,-0.039095376,1566947885022
12232,226,Accelerometer,-7.677007700000001,-2.4624363999999996,5.919664,1566947885023
12233,226,Gyroscope,0.04520403,-0.08735373,-0.025045475,1566947885033
12234,226,Accelerometer,-7.443573,-2.4600422,5.971139,1566947885033
12235,226,Gyroscope,0.04276056599999999,-0.04520403,-0.020158553,1566947885042
12236,226,Accelerometer,-7.313089,-2.505532,5.9771247,1566947885043
12237,226,Gyroscope,0.026267206,0.015882496,-0.008552114,1566947885052
12238,226,Accelerometer,-7.3047094,-2.3953989,5.920861,1566947885053
12239,226,Gyroscope,0.002443461,0.06719518,0.004276057,1566947885062
12240,226,Accelerometer,-7.323863,-2.2098482,5.801151,1566947885063
12241,226,Gyroscope,-0.014660766,0.105068825,0.008552114,1566947885072
12242,226,Accelerometer,-7.3202715,-2.086547,5.7161565,1566947885073
12243,226,Gyroscope,-0.014049901000000002,0.12217305,0.00061086525,1566947885082
12244,226,Accelerometer,-7.4112515,-2.1272482999999998,5.686229,1566947885083
12245,226,Gyroscope,-0.014049901000000002,0.12522738,-0.008552114,1566947885092
12246,226,Accelerometer,-7.6351094,-2.2541409,5.488707499999999,1566947885093
12247,226,Gyroscope,-0.022602014,0.11484267,-0.013439035,1566947885102
12248,226,Accelerometer,-7.7332716,-2.292448,5.3402667,1566947885103
12249,226,Gyroscope,-0.02076942,0.09712757,-0.02321288,1566947885112
12250,226,Accelerometer,-7.740454,-2.3199813,5.3618144999999995,1566947885113
12251,226,Gyroscope,-0.0061086523,0.07269296,-0.043982297000000004,1566947885122
12252,226,Accelerometer,-7.7608047000000004,-2.4181437000000003,5.461174,1566947885123
12253,226,Gyroscope,0.01282817,0.051923547,-0.050701816,1566947885132
12254,226,Accelerometer,-7.8733325,-2.6144682999999995,5.5090580000000005,1566947885133
12255,226,Gyroscope,0.012217305,0.0421497,-0.051923547,1566947885142
12256,226,Accelerometer,-7.8613615,-2.6731262000000005,5.427655000000001,1566947885143
12257,226,Gyroscope,0.005497787,0.027488936000000002,-0.049480084,1566947885152
12258,226,Accelerometer,-7.8218570000000005,-2.6647465,5.386954,1566947885153
12259,226,Gyroscope,0.0012217305,0.020158553,-0.050701816,1566947885162
12260,226,Accelerometer,-7.739257,-2.7198130000000003,5.3821654,1566947885163
12261,226,Gyroscope,0.005497787,0.01282817,-0.04276056599999999,1566947885172
12262,226,Accelerometer,-7.6734165999999995,-2.8383262000000005,5.3486465999999995,1566947885173
12263,226,Gyroscope,0.017104227,-0.0012217305,-0.03176499,1566947885182
12264,226,Accelerometer,-7.5046253,-2.7928362,5.1583076,1566947885183
12265,226,Gyroscope,0.022602014,-0.021991148999999998,-0.021380282999999996,1566947885192
12266,226,Accelerometer,-7.483077499999999,-2.730587,5.222951,1566947885193
12267,226,Gyroscope,0.036651913,-0.047647487,-0.019547688,1566947885202
12268,226,Accelerometer,-7.451953,-2.7569232000000006,5.2528787,1566947885203
12269,226,Gyroscope,0.05375614,-0.06780604,-0.02321288,1566947885212
12270,226,Accelerometer,-7.505822,-2.7736826,5.295974299999999,1566947885213
12271,226,Gyroscope,0.06291912,-0.09896017,-0.027488936000000002,1566947885223
12272,226,Accelerometer,-7.633912,-2.7569232000000006,5.3366755999999995,1566947885223
12273,226,Gyroscope,0.057421334000000004,-0.118507855,-0.02321288,1566947885232
12274,226,Accelerometer,-7.6171527,-2.60968,5.4408236,1566947885233
12275,226,Gyroscope,0.04520403,-0.12339478,-0.026267206,1566947885242
12276,226,Accelerometer,-7.574057000000001,-2.5462333999999998,5.5737014,1566947885243
12277,226,Gyroscope,0.032375857,-0.12767084,-0.03481932,1566947885253
12278,226,Accelerometer,-7.589619,-2.6036943999999997,5.6407394,1566947885253
12279,226,Gyroscope,0.014660766,-0.13194689,-0.036651913,1566947885262
12280,226,Accelerometer,-7.586028,-2.6180596,5.6790465999999995,1566947885263
12281,226,Gyroscope,-0.01282817,-0.12522738,-0.03176499,1566947885272
12282,226,Accelerometer,-7.413645699999999,-2.5246856,5.74369,1566947885273
12283,226,Gyroscope,-0.032986722999999996,-0.10812314599999999,-0.026267206,1566947885282
12284,226,Accelerometer,-7.277176,-2.4827871,5.919664,1566947885283
12285,226,Gyroscope,-0.03726278,-0.081855945,-0.03176499,1566947885292
12286,226,Accelerometer,-7.097611,-2.6264392999999995,6.2093620000000005,1566947885293
12287,226,Gyroscope,-0.028099801,-0.049480084,-0.051923547,1566947885302
12288,226,Accelerometer,-7.1981673,-2.9173348,6.355408000000001,1566947885303
12289,226,Gyroscope,-0.031154128,-0.023823743999999997,-0.05375614,1566947885312
12290,226,Accelerometer,-7.441178999999999,-2.9293058,6.317101,1566947885313
12291,226,Gyroscope,-0.0580322,0.016493361,-0.04276056599999999,1566947885322
12292,226,Accelerometer,-7.430405,-2.7820622999999998,6.18542,1566947885323
12293,226,Gyroscope,-0.096516706,0.06536258,-0.018325957,1566947885332
12294,226,Accelerometer,-7.281964299999999,-2.7126305,6.041768,1566947885333
12295,226,Gyroscope,-0.12095132,0.092240654,0.0067195175,1566947885342
12296,226,Accelerometer,-7.110779300000001,-2.8179752999999996,5.899312999999999,1566947885343
12297,226,Gyroscope,-0.12522738,0.09285152,0.022602014,1566947885353
12298,226,Accelerometer,-6.9503675000000005,-2.9532477999999998,5.8322754,1566947885353
12299,226,Gyroscope,-0.116675265,0.07452556,0.039095376,1566947885362
12300,226,Accelerometer,-7.019799000000001,-2.9712042999999997,5.748478400000001,1566947885363
12301,226,Gyroscope,-0.10995574,0.05497787,0.047036625,1566947885372
12302,226,Accelerometer,-6.7851677,-2.956839,5.816713,1566947885373
12303,226,Gyroscope,-0.10751228,0.06291912,0.053145275,1566947885382
12304,226,Accelerometer,-6.6870055,-2.8742392000000003,5.895722,1566947885383
12305,226,Gyroscope,-0.106901415,0.07941248,0.052534412999999995,1566947885392
12306,226,Accelerometer,-6.9252286,-2.8311436000000003,5.895722,1566947885393
12307,226,Gyroscope,-0.12156218,0.105068825,0.05131268,1566947885402
12308,226,Accelerometer,-6.980295,-2.9436709999999997,5.7939680000000005,1566947885403
12309,226,Gyroscope,-0.14721853,0.13011430000000002,0.06047566,1566947885412
12310,226,Accelerometer,-7.0545154000000005,-2.9783869,5.729325,1566947885413
12311,226,Gyroscope,-0.16798794,0.14599679999999998,0.0720821,1566947885422
12312,226,Accelerometer,-7.131129700000001,-2.9712042999999997,5.6982,1566947885423
12313,226,Gyroscope,-0.17654006,0.14355333,0.09407325,1566947885432
12314,226,Accelerometer,-7.0784574000000005,-3.13401,5.651513,1566947885433
12315,226,Gyroscope,-0.16676621,0.13561209,0.11545353400000001,1566947885442
12316,226,Accelerometer,-7.060500599999999,-3.2166099999999997,5.5964465,1566947885443
12317,226,Gyroscope,-0.15088372,0.15454891,0.14782938,1566947885452
12318,226,Accelerometer,-7.1754226999999995,-3.2597055,5.5102553,1566947885453
12319,226,Gyroscope,-0.13072516,0.16676621,0.16371189,1566947885462
12320,226,Accelerometer,-7.290344,-3.2273839,5.5042696,1566947885463
12321,226,Gyroscope,-0.12767084,0.1881465,0.17959438,1566947885473
12322,226,Accelerometer,-7.380127000000001,-3.0825348,5.499480999999999,1566947885473
12323,226,Gyroscope,-0.1337795,0.22052236,0.19303341,1566947885482
12324,226,Accelerometer,-7.479486,-2.9819782000000004,5.523423,1566947885483
12325,226,Gyroscope,-0.13927728,0.25534168,0.19730948,1566947885492
12326,226,Accelerometer,-7.6171527,-2.9221232,5.5150437000000005,1566947885493
12327,226,Gyroscope,-0.13622294,0.2724459,0.20097467,1566947885502
12328,226,Accelerometer,-7.789535000000001,-2.8766334,5.5485625,1566947885503
12329,226,Gyroscope,-0.12278391400000001,0.27366763,0.19853121,1566947885512
12330,226,Accelerometer,-8.048109,-2.7844564999999997,5.518635,1566947885513
12331,226,Gyroscope,-0.09896017,0.24740042,0.18936823,1566947885522
12332,226,Accelerometer,-8.346188,-2.5677812,5.4396260000000005,1566947885523
12333,226,Gyroscope,-0.07696902,0.20647246,0.16676621,1566947885532
12334,226,Accelerometer,-8.470686,-2.2768857000000002,5.3725886,1566947885533
12335,226,Gyroscope,-0.069027774,0.15821409,0.13072516,1566947885542
12336,226,Accelerometer,-8.482656500000001,-1.9704279999999998,5.2923827,1566947885543
12337,226,Gyroscope,-0.07513642,0.10873401,0.08796459400000001,1566947885552
12338,226,Accelerometer,-8.349778,-1.8112136000000003,5.2804117,1566947885553
12339,226,Gyroscope,-0.08796459400000001,0.07147124,0.045814894,1566947885562
12340,226,Accelerometer,-8.136695,-1.8818424999999999,5.3127337,1566947885563
12341,226,Gyroscope,-0.09590584,0.047647487,0.01038471,1566947885572
12342,226,Accelerometer,-7.967903,-2.0482395,5.386954,1566947885573
12343,226,Gyroscope,-0.0983493,0.04886922,-0.017715093,1566947885582
12344,226,Accelerometer,-7.771578999999999,-2.1894975,5.483919,1566947885583
12345,226,Gyroscope,-0.092240654,0.070249505,-0.03848451,1566947885592
12346,226,Accelerometer,-7.565677,-2.3175871,5.553351,1566947885593
12347,226,Gyroscope,-0.073303826,0.0983493,-0.05681047,1566947885602
12348,226,Accelerometer,-7.514202,-2.3882163,5.579687,1566947885603
12349,226,Gyroscope,-0.059253927000000005,0.119729586,-0.06536258,1566947885613
12350,226,Accelerometer,-7.5884222999999995,-2.3930047,5.5341973,1566947885613
12351,226,Gyroscope,-0.04520403,0.12889257,-0.054367005999999996,1566947885622
12352,226,Accelerometer,-7.6961613,-2.280477,5.4575830000000005,1566947885623
12353,226,Gyroscope,-0.03359759,0.1337795,-0.03970624,1566947885632
12354,226,Accelerometer,-7.765592999999999,-2.1380222,5.45878,1566947885633
12355,226,Gyroscope,-0.02443461,0.1282817,-0.028710667000000002,1566947885642
12356,226,Accelerometer,-7.823053999999999,-2.0003555,5.5018754,1566947885643
12357,226,Gyroscope,-0.021991148999999998,0.10751228,-0.012217305,1566947885653
12358,226,Accelerometer,-7.876923599999999,-1.8926164,5.4934959999999995,1566947885653
12359,226,Gyroscope,-0.027488936000000002,0.08796459400000001,-0.004276057,1566947885662
12360,226,Accelerometer,-7.856573,-1.8950106,5.488707499999999,1566947885663
12361,226,Gyroscope,-0.03970624,0.06597344599999999,0.0030543262,1566947885672
12362,226,Accelerometer,-7.908048,-1.9524715,5.5617304,1566947885673
12363,226,Gyroscope,-0.040317107000000005,0.034208454,0.009773844,1566947885682
12364,226,Accelerometer,-7.959523700000001,-1.9165584999999998,5.601235,1566947885682
12365,226,Gyroscope,-0.04520403,0.032375857,0.014660766,1566947885693
12366,226,Accelerometer,-7.9104424,-1.7645266,5.613206,1566947885693
12367,226,Gyroscope,-0.048258353,0.053145275,0.016493361,1566947885702
12368,226,Accelerometer,-7.799111999999999,-1.6041151000000002,5.6179943,1566947885703
12369,226,Gyroscope,-0.047647487,0.08796459400000001,0.015271631,1566947885712
12370,226,Accelerometer,-7.6961613,-1.5634137,5.6299653,1566947885713
12371,226,Gyroscope,-0.03481932,0.10629055,0.010995574,1566947885722
12372,226,Accelerometer,-7.6746134999999995,-1.6496049,5.5964465,1566947885723
12373,226,Gyroscope,-0.022602014,0.1142318,0.0061086523,1566947885732
12374,226,Accelerometer,-7.667431,-1.6472107,5.5509567,1566947885733
12375,226,Gyroscope,-0.016493361,0.12705997,0.005497787,1566947885742
12376,226,Accelerometer,-7.5944076,-1.5622166000000002,5.463568,1566947885743
12377,226,Gyroscope,-0.01038471,0.13316862,-0.0018325957999999999,1566947885752
12378,226,Accelerometer,-7.507019500000001,-1.6891093000000001,5.4420204000000005,1566947885753
12379,226,Gyroscope,0.004886922,0.12950343,-0.015271631,1566947885763
12380,226,Accelerometer,-7.574057000000001,-1.8842366999999998,5.4539914000000005,1566947885763
12381,226,Gyroscope,0.021991148999999998,0.105068825,-0.03176499,1566947885772
12382,226,Accelerometer,-7.7368627000000005,-2.0171148999999997,5.3606176,1566947885773
12383,226,Gyroscope,0.029321532999999997,0.08124508,-0.044593163,1566947885782
12384,226,Accelerometer,-7.8278419999999995,-2.0805612,5.2899885,1566947885783
12385,226,Gyroscope,0.029932396,0.06047566,-0.050701816,1566947885792
12386,226,Accelerometer,-7.890092,-2.0578163000000003,5.2145715,1566947885793
12387,226,Gyroscope,0.032375857,0.040927973,-0.050701816,1566947885803
12388,226,Accelerometer,-7.860164,-2.0231004,5.2361193,1566947885803
12389,226,Gyroscope,0.03604105,0.028099801,-0.04520403,1566947885812
12390,226,Accelerometer,-7.809886,-2.0278888,5.2648497,1566947885813
12391,226,Gyroscope,0.043982297000000004,0.017104227,-0.03481932,1566947885822
12392,226,Accelerometer,-7.6853875999999985,-2.0254946,5.3486465999999995,1566947885823
12393,226,Gyroscope,0.0580322,-0.01160644,-0.031154128,1566947885832
12394,226,Accelerometer,-7.8218570000000005,-2.054225,5.418078400000001,1566947885833
12395,226,Gyroscope,0.059253927000000005,-0.032986722999999996,-0.029932396,1566947885843
12396,226,Accelerometer,-7.9571295,-1.9476831000000001,5.408501599999999,1566947885843
12397,226,Gyroscope,0.039095376,-0.037873644,-0.03176499,1566947885852
12398,226,Accelerometer,-7.843405000000001,-1.8363526999999997,5.3259015,1566947885853
12399,226,Gyroscope,0.027488936000000002,-0.048258353,-0.04337143,1566947885862
12400,226,Accelerometer,-7.7572136,-1.8423381999999997,5.403713,1566947885863
12401,226,Gyroscope,0.036651913,-0.0720821,-0.06780604,1566947885872
12402,226,Accelerometer,-7.833828,-1.9416976000000001,5.473145,1566947885873
12403,226,Gyroscope,0.050701816,-0.086132,-0.08857546,1566947885882
12404,226,Accelerometer,-7.824250999999999,-1.9189526999999997,5.4144874000000005,1566947885883
12405,226,Gyroscope,0.055588737,-0.096516706,-0.11056661,1566947885892
12406,226,Accelerometer,-7.773973,-1.9369092,5.3678,1566947885893
12407,226,Gyroscope,0.06597344599999999,-0.106901415,-0.13744467,1566947885902
12408,226,Accelerometer,-7.753622,-2.054225,5.329493,1566947885903
12409,226,Gyroscope,0.06963864,-0.13072516,-0.17043139999999998,1566947885912
12410,226,Accelerometer,-7.705738,-2.1260512,5.261258,1566947885913
12411,226,Gyroscope,0.070249505,-0.1386664,-0.18325958,1566947885923
12412,226,Accelerometer,-7.6470804,-2.2744915,5.269638,1566947885923
12413,226,Gyroscope,0.070249505,-0.13744467,-0.1826487,1566947885932
12414,226,Accelerometer,-7.6614455999999995,-2.3295584,5.279215,1566947885933
12415,226,Gyroscope,0.06658431,-0.14844026,-0.1826487,1566947885942
12416,226,Accelerometer,-7.607576,-2.2732944,5.273229,1566947885943
12417,226,Gyroscope,0.06414085,-0.16493362,-0.18020524,1566947885952
12418,226,Accelerometer,-7.723694999999999,-2.2361843999999995,5.409699,1566947885953
12419,226,Gyroscope,0.069027774,-0.17959438,-0.18020524,1566947885963
12420,226,Accelerometer,-7.776367,-2.2373814999999997,5.5940523,1566947885963
12421,226,Gyroscope,0.06719518,-0.20280726,-0.18325958,1566947885972
12422,226,Accelerometer,-7.846996300000001,-2.27928,5.792771,1566947885973
12423,226,Gyroscope,0.06047566,-0.21319197,-0.18509217,1566947885982
12424,226,Accelerometer,-7.9702972999999995,-2.3989902,6.0381765,1566947885983
12425,226,Gyroscope,0.040927973,-0.18631389999999998,-0.17104226,1566947885992
12426,226,Accelerometer,-7.963114699999999,-2.4875755,6.244078,1566947885993
12427,226,Gyroscope,0.005497787,-0.14294247,-0.13500121,1566947886003
12428,226,Accelerometer,-7.779958199999999,-2.5546130000000002,6.3111157,1566947886003
12429,226,Gyroscope,-0.02321288,-0.084910266,-0.08857546,1566947886012
12430,226,Accelerometer,-7.5525093,-2.7126305,6.2704144,1566947886013
12431,226,Gyroscope,-0.03726278,-0.019547688,-0.03359759,1566947886022
12432,226,Accelerometer,-7.325060000000001,-2.8981812000000002,6.2488665999999995,1566947886023
12433,226,Gyroscope,-0.044593163,0.05131268,0.030543262,1566947886032
12434,226,Accelerometer,-7.141903999999999,-2.9939492000000003,6.1602809999999995,1566947886033
12435,226,Gyroscope,-0.05009095,0.12461651,0.09590584,1566947886043
12436,226,Accelerometer,-6.96593,-2.8850130000000003,6.0621184999999995,1566947886043
12437,226,Gyroscope,-0.04642576,0.17592919,0.13316862,1566947886052
12438,226,Accelerometer,-6.803124,-2.6431987,5.8837504,1566947886053
12439,226,Gyroscope,-0.040317107000000005,0.20097467,0.14721853,1566947886062
12440,226,Accelerometer,-6.847417,-2.4540567,5.6586957,1566947886063
12441,226,Gyroscope,-0.028099801,0.204029,0.1282817,1566947886072
12442,226,Accelerometer,-7.067683000000001,-2.3044189999999998,5.4695540000000005,1566947886073
12443,226,Gyroscope,-0.02076942,0.19058995,0.095294975,1566947886082
12444,226,Accelerometer,-7.465121000000001,-2.2146366000000004,5.245696,1566947886083
12445,226,Gyroscope,-0.026267206,0.17715092,0.054367005999999996,1566947886092
12446,226,Accelerometer,-7.7320743,-2.1763293999999997,5.106832,1566947886093
12447,226,Gyroscope,-0.02321288,0.14294247,0.015882496,1566947886102
12448,226,Accelerometer,-8.000225,-2.4480712000000002,5.0613421999999995,1566947886103
12449,226,Gyroscope,-0.004276057,0.092240654,-0.017715093,1566947886112
12450,226,Accelerometer,-8.264783999999999,-2.6084828,4.97156,1566947886113
12451,226,Gyroscope,0.017104227,0.030543262,-0.03726278,1566947886122
12452,226,Accelerometer,-8.270769999999999,-2.681506,4.960786,1566947886123
12453,226,Gyroscope,0.03176499,-0.044593163,-0.040927973,1566947886132
12454,226,Accelerometer,-8.090008000000001,-2.6611552000000005,5.036203400000001,1566947886133
12455,226,Gyroscope,0.035430185,-0.1282817,-0.051923547,1566947886142
12456,226,Accelerometer,-7.758410499999999,-2.634819,5.2816089999999996,1566947886143
12457,226,Gyroscope,0.050701816,-0.17043139999999998,-0.07269296,1566947886152
12458,226,Accelerometer,-7.739257,-2.705448,5.5054669999999994,1566947886153
12459,226,Gyroscope,0.04642576,-0.18203785,-0.077579886,1566947886162
12460,226,Accelerometer,-7.559692,-2.48159,5.565322,1566947886163
12461,226,Gyroscope,0.028710667000000002,-0.17165314,-0.07941248,1566947886172
12462,226,Accelerometer,-7.2388687,-2.3606830000000003,5.760449400000001,1566947886173
12463,226,Gyroscope,0.02687807,-0.15577064,-0.08246681,1566947886182
12464,226,Accelerometer,-7.1873937,-2.4073699,5.920861,1566947886183
12465,226,Gyroscope,0.02443461,-0.13316862,-0.07696902,1566947886192
12466,226,Accelerometer,-7.047333,-2.4720132,5.828684,1566947886193
12467,226,Gyroscope,0.015882496,-0.10934488,-0.05681047,1566947886202
12468,226,Accelerometer,-6.900089299999999,-2.528277,5.9268465,1566947886203
12469,226,Gyroscope,0.025045475,-0.07880162,-0.040927973,1566947886212
12470,226,Accelerometer,-6.956353,-2.7281928,6.089652,1566947886213
12471,226,Gyroscope,0.047036625,-0.064751714,-0.028099801,1566947886222
12472,226,Accelerometer,-7.201759,-2.8443117,6.2045736,1566947886223
12473,226,Gyroscope,0.055588737,-0.035430185,-0.009773844,1566947886232
12474,226,Accelerometer,-7.3777327999999995,-2.814384,6.1985884,1566947886232
12475,226,Gyroscope,0.039095376,0.012217305,0.01038471,1566947886243
12476,226,Accelerometer,-7.514202,-2.730587,6.0908489999999995,1566947886243
12477,226,Gyroscope,0.013439035,0.040317107000000005,0.026267206,1566947886252
12478,226,Accelerometer,-7.603985000000001,-2.6647465,5.972336299999999,1566947886253
12479,226,Gyroscope,-0.013439035,0.05497787,0.03481932,1566947886262
12480,226,Accelerometer,-7.5453267,-2.529474,5.923255,1566947886263
12481,226,Gyroscope,-0.032375857,0.06963864,0.036651913,1566947886272
12482,226,Accelerometer,-7.466317999999999,-2.4636335,5.9124813,1566947886273
12483,226,Gyroscope,-0.04642576,0.06963864,0.03176499,1566947886283
12484,226,Accelerometer,-7.5046253,-2.492364,5.8885393,1566947886283
12485,226,Gyroscope,-0.061086524,0.07086037,0.025045475,1566947886292
12486,226,Accelerometer,-7.4327993,-2.4372973,5.816713,1566947886293
12487,226,Gyroscope,-0.077579886,0.07819075,0.02321288,1566947886302
12488,226,Accelerometer,-7.3190745999999995,-2.3666685000000003,5.831078,1566947886303
12489,226,Gyroscope,-0.08246681,0.08552113,0.007330383,1566947886312
12490,226,Accelerometer,-7.192182000000001,-2.4396915,5.907693,1566947886313
12491,226,Gyroscope,-0.08124508,0.08246681,-0.010995574,1566947886322
12492,226,Accelerometer,-7.328651400000001,-2.6048915,5.8693852,1566947886323
12493,226,Gyroscope,-0.08857546,0.0842994,-0.021380282999999996,1566947886332
12494,226,Accelerometer,-7.337031,-2.6659436000000003,5.801151,1566947886333
12495,226,Gyroscope,-0.103847094,0.10079276599999999,-0.022602014,1566947886342
12496,226,Accelerometer,-7.313089,-2.718616,5.795165,1566947886343
12497,226,Gyroscope,-0.10812314599999999,0.11056661,-0.022602014,1566947886352
12498,226,Accelerometer,-7.2975270000000005,-2.789245,5.7999535,1566947886353
12499,226,Gyroscope,-0.10323623,0.12217305,-0.02321288,1566947886363
12500,226,Accelerometer,-7.311891999999999,-2.96881,5.750872599999999,1566947886363
12501,226,Gyroscope,-0.10079276599999999,0.1337795,-0.010995574,1566947886372
12502,226,Accelerometer,-7.4351935,-3.0897174,5.677849299999999,1566947886373
12503,226,Gyroscope,-0.11301007,0.1337795,0.0061086523,1566947886382
12504,226,Accelerometer,-7.4232225000000005,-3.063381,5.5401826,1566947886383
12505,226,Gyroscope,-0.12461651,0.13194689,0.028710667000000002,1566947886392
12506,226,Accelerometer,-7.278373200000001,-2.9735985,5.482722,1566947886393
12507,226,Gyroscope,-0.12461651,0.12278391400000001,0.043982297000000004,1566947886402
12508,226,Accelerometer,-7.171831,-2.9293058,5.499480999999999,1566947886403
12509,226,Gyroscope,-0.11545353400000001,0.111177474,0.05497787,1566947886412
12510,226,Accelerometer,-7.042544400000001,-2.89459,5.5401826,1566947886413
12511,226,Gyroscope,-0.09712757,0.10079276599999999,0.047036625,1566947886422
12512,226,Accelerometer,-6.9767036,-2.9843724,5.6886234,1566947886423
12513,226,Gyroscope,-0.08063421400000001,0.07880162,0.028710667000000002,1566947886432
12514,226,Accelerometer,-7.243657000000001,-3.1531637000000003,5.795165,1566947886433
12515,226,Gyroscope,-0.09285152,0.08124508,0.02443461,1566947886443
12516,226,Accelerometer,-7.574057000000001,-3.0107086,5.6551046,1566947886443
12517,226,Gyroscope,-0.1337795,0.12461651,0.02687807,1566947886452
12518,226,Accelerometer,-7.575253999999999,-2.8562827,5.482722,1566947886453
12519,226,Gyroscope,-0.15149458,0.15149458,0.025045475,1566947886462
12520,226,Accelerometer,-7.492654300000001,-2.9843724,5.459976999999999,1566947886463
12521,226,Gyroscope,-0.14660765,0.15393804,0.039095376,1566947886472
12522,226,Accelerometer,-7.4088573,-3.1783028,5.418078400000001,1566947886473
12523,226,Gyroscope,-0.13133603,0.16249016,0.06414085,1566947886482
12524,226,Accelerometer,-7.184999499999999,-3.2597055,5.420472599999999,1566947886483
12525,226,Gyroscope,-0.10812314599999999,0.16615535,0.09712757,1566947886492
12526,226,Accelerometer,-7.268796400000001,-3.3303347000000003,5.430049400000001,1566947886493
12527,226,Gyroscope,-0.095294975,0.172264,0.118507855,1566947886502
12528,226,Accelerometer,-7.492654300000001,-3.1639376,5.345055,1566947886503
12529,226,Gyroscope,-0.08735373,0.16187929,0.13133603,1566947886512
12530,226,Accelerometer,-7.5285673,-2.8634652999999997,5.3833623,1566947886513
12531,226,Gyroscope,-0.07696902,0.15882497,0.14355333,1566947886522
12532,226,Accelerometer,-7.465121000000001,-2.622848,5.568912999999999,1566947886523
12533,226,Gyroscope,-0.07452556,0.1685988,0.16432275,1566947886532
12534,226,Accelerometer,-7.655460000000001,-2.493561,5.6443305,1566947886533
12535,226,Gyroscope,-0.08063421400000001,0.16004670000000001,0.17898351,1566947886543
12536,226,Accelerometer,-7.902063,-2.3139958,5.5844755,1566947886543
12537,226,Gyroscope,-0.08246681,0.13255776,0.18081611,1566947886552
12538,226,Accelerometer,-8.002619000000001,-2.2086509999999997,5.6060233,1566947886553
12539,226,Gyroscope,-0.070249505,0.10567969,0.17592919,1566947886562
12540,226,Accelerometer,-8.038532,-2.0578163000000003,5.791574,1566947886563
12541,226,Gyroscope,-0.06841691,0.1282817,0.15943582,1566947886572
12542,226,Accelerometer,-7.991845,-2.0769699,5.8059389999999995,1566947886573
12543,226,Gyroscope,-0.07941248,0.14538592,0.12767084,1566947886582
12544,226,Accelerometer,-7.9954367,-2.0266917,5.8143187,1566947886583
12545,226,Gyroscope,-0.08735373,0.14721853,0.09285152,1566947886593
12546,226,Accelerometer,-7.860164,-1.8878279999999998,5.841851999999999,1566947886593
12547,226,Gyroscope,-0.09162979,0.172264,0.03481932,1566947886602
12548,226,Accelerometer,-7.7105265,-1.7729063000000003,5.7939680000000005,1566947886603
12549,226,Gyroscope,-0.09407325,0.1826487,0.004276057,1566947886612
12550,226,Accelerometer,-7.540538300000001,-1.6962918999999999,5.674258,1566947886613
12551,226,Gyroscope,-0.10140363,0.19975294,-0.018325957,1566947886622
12552,226,Accelerometer,-7.309498,-1.6651672999999998,5.5820813,1566947886623
12553,226,Gyroscope,-0.105068825,0.20341812,-0.04153884,1566947886632
12554,226,Accelerometer,-7.2185183,-1.7705121,5.559336,1566947886633
12555,226,Gyroscope,-0.093462385,0.18631389999999998,-0.062308256,1566947886643
12556,226,Accelerometer,-7.303512,-1.9405005000000002,5.5940523,1566947886643
12557,226,Gyroscope,-0.08796459400000001,0.16432275,-0.07269296,1566947886652
12558,226,Accelerometer,-7.414842599999999,-2.1511902999999997,5.612008599999999,1566947886653
12559,226,Gyroscope,-0.08246681,0.14844026,-0.07269296,1566947886662
12560,226,Accelerometer,-7.668628,-2.3511062000000003,5.6156,1566947886663
12561,226,Gyroscope,-0.08002335,0.13744467,-0.059253927000000005,1566947886672
12562,226,Accelerometer,-7.8876976999999995,-2.3870192,5.608417500000001,1566947886673
12563,226,Gyroscope,-0.08674286,0.14660765,-0.04276056599999999,1566947886682
12564,226,Accelerometer,-7.945158500000001,-2.4013843999999995,5.487509999999999,1566947886683
12565,226,Gyroscope,-0.0842994,0.14355333,-0.025045475,1566947886692
12566,226,Accelerometer,-8.10557,-2.5091232999999997,5.380968,1566947886693
12567,226,Gyroscope,-0.07696902,0.13255776,-0.004276057,1566947886702
12568,226,Accelerometer,-8.157045,-2.3678656000000005,5.255273000000001,1566947886703
12569,226,Gyroscope,-0.07819075,0.12644911,0.018325957,1566947886712
12570,226,Accelerometer,-7.931989999999999,-2.124854,5.1235914000000005,1566947886713
12571,226,Gyroscope,-0.08246681,0.12339478,0.036651913,1566947886722
12572,226,Accelerometer,-7.819463000000001,-2.0242975,5.079299,1566947886723
12573,226,Gyroscope,-0.06719518,0.105068825,0.04153884,1566947886732
12574,226,Accelerometer,-7.852981599999999,-2.0302830000000003,5.0960584,1566947886733
12575,226,Gyroscope,-0.049480084,0.08857546,0.045814894,1566947886742
12576,226,Accelerometer,-7.94037,-1.9895816000000002,5.116409,1566947886743
12577,226,Gyroscope,-0.044593163,0.073303826,0.043982297000000004,1566947886753
12578,226,Accelerometer,-8.030152000000001,-1.8890251,5.103241000000001,1566947886753
12579,226,Gyroscope,-0.03970624,0.051923547,0.02687807,1566947886762
12580,226,Accelerometer,-7.973889,-1.8207904,5.0254292000000005,1566947886763
12581,226,Gyroscope,-0.032986722999999996,0.02565634,0.008552114,1566947886772
12582,226,Accelerometer,-8.032547000000001,-1.8495207999999999,4.876989,1566947886773
12583,226,Gyroscope,-0.028099801,0.009773844,-0.008552114,1566947886782
12584,226,Accelerometer,-8.135497,-1.8830396,4.7453080000000005,1566947886783
12585,226,Gyroscope,-0.02076942,-0.0036651915999999997,-0.022602014,1566947886792
12586,226,Accelerometer,-8.215703,-1.9309237000000001,4.708197599999999,1566947886793
12587,226,Gyroscope,-0.009162978,-0.014660766,-0.035430185,1566947886802
12588,226,Accelerometer,-8.221688,-1.9273324,4.709395,1566947886803
12589,226,Gyroscope,-0.004886922,-0.0421497,-0.052534412999999995,1566947886812
12590,226,Accelerometer,-8.112753,-1.9177556,4.7979803,1566947886813
12591,226,Gyroscope,-0.0030543262,-0.07513642,-0.06719518,1566947886822
12592,226,Accelerometer,-7.9547353,-2.0254946,4.9799394999999995,1566947886823
12593,226,Gyroscope,0.0030543262,-0.13072516,-0.08552113,1566947886832
12594,226,Accelerometer,-7.941567,-2.15957,5.0637364,1566947886833
12595,226,Gyroscope,-0.0030543262,-0.16493362,-0.081855945,1566947886842
12596,226,Accelerometer,-7.8757267,-2.1954830000000003,5.1666875,1566947886843
12597,226,Gyroscope,-0.005497787,-0.16920967,-0.07819075,1566947886852
12598,226,Accelerometer,-7.7332716,-2.1200657000000005,5.415684,1566947886853
12599,226,Gyroscope,0.004276057,-0.15821409,-0.07269296,1566947886863
12600,226,Accelerometer,-7.615956,-2.098518,5.681441,1566947886863
12601,226,Gyroscope,0.0067195175,-0.14721853,-0.058643065,1566947886872
12602,226,Accelerometer,-7.5788455,-2.1272482999999998,5.7975593,1566947886873
12603,226,Gyroscope,0.0012217305,-0.1337795,-0.03604105,1566947886882
12604,226,Accelerometer,-7.515399,-2.0709844,5.8741736,1566947886883
12605,226,Gyroscope,-0.004886922,-0.112399206,-0.015271631,1566947886892
12606,226,Accelerometer,-7.381324,-2.0135236,5.9268465,1566947886893
12607,226,Gyroscope,-0.0061086523,-0.08735373,-0.004886922,1566947886902
12608,226,Accelerometer,-7.314286,-2.0733786,5.9364233,1566947886903
12609,226,Gyroscope,-0.0061086523,-0.06414085,-0.004276057,1566947886912
12610,226,Accelerometer,-7.301117999999999,-2.2086509999999997,5.901707,1566947886913
12611,226,Gyroscope,-0.008552114,-0.054367005999999996,-0.0030543262,1566947886923
12612,226,Accelerometer,-7.3897038,-2.220622,5.747281,1566947886923
12613,226,Gyroscope,-0.021380282999999996,-0.040317107000000005,-0.015882496,1566947886932
12614,226,Accelerometer,-7.328651400000001,-2.1260512,5.590461,1566947886933
12615,226,Gyroscope,-0.007941248,-0.037873644,-0.037873644,1566947886942
12616,226,Accelerometer,-7.315483,-2.2301989,5.5581393,1566947886943
12617,226,Gyroscope,0.009773844,-0.04520403,-0.06719518,1566947886952
12618,226,Accelerometer,-7.4746976,-2.3056161,5.5282116,1566947886953
12619,226,Gyroscope,0.010995574,-0.061086524,-0.09773844,1566947886962
12620,226,Accelerometer,-7.5106106,-2.1942859,5.4563856,1566947886963
12621,226,Gyroscope,0.020158553,-0.10079276599999999,-0.12278391400000001,1566947886973
12622,226,Accelerometer,-7.5788455,-2.2038627,5.4360349999999995,1566947886973
12623,226,Gyroscope,0.03848451,-0.14355333,-0.13927728,1566947886982
12624,226,Accelerometer,-7.6889787,-2.2517467,5.589264,1566947886983
12625,226,Gyroscope,0.037873644,-0.17104226,-0.13622294,1566947886992
12626,226,Accelerometer,-7.831434,-2.3044189999999998,5.6563015,1566947886993
12627,226,Gyroscope,0.030543262,-0.19547687,-0.12461651,1566947887002
12628,226,Accelerometer,-7.966706299999999,-2.4109612,5.758055000000001,1566947887003
12629,226,Gyroscope,0.014049901000000002,-0.20525073,-0.09896017,1566947887012
12630,226,Accelerometer,-7.949947,-2.480393,5.9400144,1566947887013
12631,226,Gyroscope,-0.0067195175,-0.17715092,-0.06841691,1566947887022
12632,226,Accelerometer,-7.773973,-2.5222914,6.1746464,1566947887023
12633,226,Gyroscope,-0.026267206,-0.12034045,-0.04153884,1566947887033
12634,226,Accelerometer,-7.5345526,-2.8287494,6.1662664000000005,1566947887033
12635,226,Gyroscope,-0.04642576,-0.051923547,-0.010995574,1566947887042
12636,226,Accelerometer,-7.550114999999999,-2.9400797,6.0824695,1566947887043
12637,226,Gyroscope,-0.07147124,0.030543262,0.017104227,1566947887052
12638,226,Accelerometer,-7.541735000000001,-2.9580362,5.9507885,1566947887053
12639,226,Gyroscope,-0.11789699,0.16798794,0.06047566,1566947887062
12640,226,Accelerometer,-7.429208,-2.8107927000000004,5.695806,1566947887063
12641,226,Gyroscope,-0.11789699,0.21135938,0.0842994,1566947887072
12642,226,Accelerometer,-7.422025,-2.6803088,5.41329,1566947887073
12643,226,Gyroscope,-0.09040806,0.22174409,0.10079276599999999,1566947887083
12644,226,Accelerometer,-7.3645644,-2.5809495,5.2624555,1566947887083
12645,226,Gyroscope,-0.048258353,0.20219639,0.095294975,1566947887092
12646,226,Accelerometer,-7.49026,-2.5917234000000002,5.118803,1566947887093
12647,226,Gyroscope,-0.004886922,0.15760323,0.07147124,1566947887102
12648,226,Accelerometer,-7.78355,-2.6252422,4.9440265,1566947887103
12649,226,Gyroscope,0.007941248,0.09712757,0.0421497,1566947887112
12650,226,Accelerometer,-8.037335,-2.5103204,4.7931919999999995,1566947887113
12651,226,Gyroscope,0.005497787,0.032375857,0.010995574,1566947887122
12652,226,Accelerometer,-8.177396,-2.3953989,4.7848120000000005,1566947887123
12653,226,Gyroscope,0.00061086525,-0.025045475,-0.016493361,1566947887133
12654,226,Accelerometer,-8.219294999999999,-2.4013843999999995,4.818331,1566947887133
12655,226,Gyroscope,-0.004276057,-0.07880162,-0.03604105,1566947887142
12656,226,Accelerometer,-8.103176,-2.4229321,4.8817773,1566947887143
12657,226,Gyroscope,-0.0036651915999999997,-0.13011430000000002,-0.050701816,1566947887152
12658,226,Accelerometer,-7.8422074,-2.4169466,5.0960584,1566947887153
12659,226,Gyroscope,0.002443461,-0.16493362,-0.06291912,1566947887162
12660,226,Accelerometer,-7.577648,-2.4169466,5.303157,1566947887163
12661,226,Gyroscope,0.019547688,-0.19547687,-0.070249505,1566947887172
12662,226,Accelerometer,-7.516596300000001,-2.4768016,5.471948,1566947887173
12663,226,Gyroscope,0.032986722999999996,-0.20158553,-0.06352998,1566947887183
12664,226,Accelerometer,-7.4974427,-2.4947581000000003,5.671864,1566947887183
12665,226,Gyroscope,0.040317107000000005,-0.18753563,-0.050701816,1566947887192
12666,226,Accelerometer,-7.4256167,-2.4648306,5.8478374,1566947887193
12667,226,Gyroscope,0.037873644,-0.17104226,-0.034208454,1566947887202
12668,226,Accelerometer,-7.358579,-2.4648306,6.0345855,1566947887203
12669,226,Gyroscope,0.03359759,-0.15027285,-0.018936822,1566947887212
12670,226,Accelerometer,-7.277176,-2.5210943,6.126762,1566947887213
12671,226,Gyroscope,0.018325957,-0.119729586,0.0018325957999999999,1566947887222
12672,226,Accelerometer,-7.277176,-2.5510217999999996,6.2057709999999995,1566947887223
12673,226,Gyroscope,0.0061086523,-0.07513642,0.02076942,1566947887232
12674,226,Accelerometer,-7.277176,-2.552219,6.247669,1566947887233
12675,226,Gyroscope,-0.0061086523,-0.03176499,0.029932396,1566947887243
12676,226,Accelerometer,-7.241263000000001,-2.4971522999999998,6.2644286,1566947887243
12677,226,Gyroscope,-0.015882496,0.004276057,0.032986722999999996,1566947887252
12678,226,Accelerometer,-7.284358500000001,-2.4600422,6.247669,1566947887253
12679,226,Gyroscope,-0.028099801,0.036651913,0.032375857,1566947887262
12680,226,Accelerometer,-7.2831616,-2.4073699,6.25964,1566947887263
12681,226,Gyroscope,-0.040317107000000005,0.06780604,0.026267206,1566947887272
12682,226,Accelerometer,-7.2580222999999995,-2.420538,6.2045736,1566947887273
12683,226,Gyroscope,-0.055588737,0.07941248,0.022602014,1566947887282
12684,226,Accelerometer,-7.3166804,-2.4672248,6.081272,1566947887283
12685,226,Gyroscope,-0.07269296,0.09040806,0.018936822,1566947887292
12686,226,Accelerometer,-7.346607700000001,-2.5127146000000002,6.009446,1566947887293
12687,226,Gyroscope,-0.095294975,0.10567969,0.02321288,1566947887302
12688,226,Accelerometer,-7.322665700000001,-2.5127146000000002,5.9567738,1566947887303
12689,226,Gyroscope,-0.10567969,0.11789699,0.028710667000000002,1566947887312
12690,226,Accelerometer,-7.2723875,-2.5725696,5.875371,1566947887313
12691,226,Gyroscope,-0.11362094,0.13133603,0.03359759,1566947887322
12692,226,Accelerometer,-7.241263000000001,-2.670732,5.815516000000001,1566947887323
12693,226,Gyroscope,-0.11911872,0.13622294,0.03726278,1566947887332
12694,226,Accelerometer,-7.298723700000001,-2.7126305,5.783194,1566947887333
12695,226,Gyroscope,-0.13316862,0.1337795,0.03359759,1566947887342
12696,226,Accelerometer,-7.337031,-2.6898855999999998,5.681441,1566947887342
12697,226,Gyroscope,-0.15088372,0.1423316,0.03176499,1566947887353
12698,226,Accelerometer,-7.3442134999999995,-2.6982652999999996,5.626374,1566947887353
12699,226,Gyroscope,-0.16249016,0.1423316,0.02687807,1566947887362
12700,226,Accelerometer,-7.3992805,-2.7401638,5.5701103,1566947887363
12701,226,Gyroscope,-0.16615535,0.13988814,0.019547688,1566947887372
12702,226,Accelerometer,-7.4016747,-2.7724855,5.523423,1566947887373
12703,226,Gyroscope,-0.15821409,0.1337795,0.015882496,1566947887382
12704,226,Accelerometer,-7.311891999999999,-2.873042,5.5641245999999995,1566947887383
12705,226,Gyroscope,-0.13744467,0.11911872,0.004886922,1566947887392
12706,226,Accelerometer,-7.309498,-3.110068,5.623979599999999,1566947887392
12707,226,Gyroscope,-0.119729586,0.099571034,0.0012217305,1566947887403
12708,226,Accelerometer,-7.5345526,-3.2740707000000002,5.544971,1566947887403
12709,226,Gyroscope,-0.12156218,0.08307768,0.004276057,1566947887412
12710,226,Accelerometer,-7.6410947,-3.2489316,5.396530599999999,1566947887413
12711,226,Gyroscope,-0.12217305,0.07269296,0.015271631,1566947887422
12712,226,Accelerometer,-7.540538300000001,-3.2190042,5.357026,1566947887423
12713,226,Gyroscope,-0.11789699,0.062308256,0.025045475,1566947887432
12714,226,Accelerometer,-7.5453267,-3.229778,5.3582234,1566947887433
12715,226,Gyroscope,-0.10934488,0.039095376,0.03481932,1566947887442
12716,226,Accelerometer,-7.442375999999999,-3.3087866000000004,5.295974299999999,1566947887443
12717,226,Gyroscope,-0.10079276599999999,0.022602014,0.050701816,1566947887452
12718,226,Accelerometer,-7.285556,-3.3255462999999996,5.2564697,1566947887453
12719,226,Gyroscope,-0.08796459400000001,-0.00061086525,0.06658431,1566947887463
12720,226,Accelerometer,-7.2807674,-3.1806970000000003,5.261258,1566947887463
12721,226,Gyroscope,-0.08368854,-0.013439035,0.06658431,1566947887472
12722,226,Accelerometer,-7.261614,-3.0370448,5.2995653,1566947887473
12723,226,Gyroscope,-0.08368854,-0.01282817,0.06414085,1566947887482
12724,226,Accelerometer,-7.1586633,-2.9077580000000003,5.4683566,1566947887483
12725,226,Gyroscope,-0.08063421400000001,-0.012217305,0.050701816,1566947887492
12726,226,Accelerometer,-7.176619500000001,-3.027468,5.5581393,1566947887493
12727,226,Gyroscope,-0.07880162,-0.007330383,0.037873644,1566947887502
12728,226,Accelerometer,-7.323863,-3.132813,5.579687,1566947887503
12729,226,Gyroscope,-0.07391469,-0.02443461,0.02321288,1566947887512
12730,226,Accelerometer,-7.487866,-2.9556419999999997,5.5617304,1566947887513
12731,226,Gyroscope,-0.08307768,-0.02321288,0.04153884,1566947887523
12732,226,Accelerometer,-7.441178999999999,-2.8263552000000005,5.531803,1566947887523
12733,226,Gyroscope,-0.10323623,-0.013439035,0.069027774,1566947887532
12734,226,Accelerometer,-7.3190745999999995,-2.767697,5.5617304,1566947887533
12735,226,Gyroscope,-0.10934488,-0.014049901000000002,0.10812314599999999,1566947887542
12736,226,Accelerometer,-7.3418193,-2.7018566,5.600037599999999,1566947887543
12737,226,Gyroscope,-0.10751228,-0.023823743999999997,0.14660765,1566947887552
12738,226,Accelerometer,-7.277176,-2.6144682999999995,5.7400985,1566947887553
12739,226,Gyroscope,-0.10629055,-0.021380282999999996,0.18081611,1566947887562
12740,226,Accelerometer,-7.3346367,-2.5187001,5.971139,1566947887563
12741,226,Gyroscope,-0.10262536,0.0012217305,0.20891592,1566947887573
12742,226,Accelerometer,-7.41604,-2.3570917000000002,6.1100025,1566947887573
12743,226,Gyroscope,-0.103847094,0.040317107000000005,0.22968534,1566947887582
12744,226,Accelerometer,-7.48188,-2.2158337,6.217741999999999,1566947887583
12745,226,Gyroscope,-0.11545353400000001,0.10934488,0.23823744,1566947887592
12746,226,Accelerometer,-7.539341,-2.1272482999999998,6.2213330000000004,1566947887593
12747,226,Gyroscope,-0.13439035,0.1685988,0.23823744,1566947887602
12748,226,Accelerometer,-7.642291999999999,-1.9285294999999998,6.126762,1566947887603
12749,226,Gyroscope,-0.14294247,0.21319197,0.22357668,1566947887612
12750,226,Accelerometer,-7.660248299999999,-1.7573439999999998,6.072892700000001,1566947887613
12751,226,Gyroscope,-0.13744467,0.24190263,0.20219639,1566947887622
12752,226,Accelerometer,-7.699753,-1.6244658,6.008249299999999,1566947887623
12753,226,Gyroscope,-0.13439035,0.25595254,0.17104226,1566947887633
12754,226,Accelerometer,-7.854178999999999,-1.5610195,5.865794,1566947887633
12755,226,Gyroscope,-0.12705997,0.22540927,0.13255776,1566947887642
12756,226,Accelerometer,-8.026561000000001,-1.5107412,5.681441,1566947887643
12757,226,Gyroscope,-0.13133603,0.1777618,0.096516706,1566947887652
12758,226,Accelerometer,-8.006210000000001,-1.5131354,5.553351,1566947887653
12759,226,Gyroscope,-0.13439035,0.14294247,0.064751714,1566947887662
12760,226,Accelerometer,-7.94037,-1.5406688,5.5054669999999994,1566947887663
12761,226,Gyroscope,-0.14294247,0.11301007,0.039095376,1566947887672
12762,226,Accelerometer,-7.9248075,-1.62686,5.395334,1566947887673
12763,226,Gyroscope,-0.15210545,0.089186326,0.02076942,1566947887683
12764,226,Accelerometer,-7.860164,-1.7896657999999999,5.319916200000001,1566947887683
12765,226,Gyroscope,-0.15760323,0.07147124,0.013439035,1566947887692
12766,226,Accelerometer,-7.893683,-1.9285294999999998,5.33069,1566947887693
12767,226,Gyroscope,-0.15699236,0.061086524,0.01038471,1566947887702
12768,226,Accelerometer,-7.914034,-2.0171148999999997,5.389348,1566947887703
12769,226,Gyroscope,-0.14599679999999998,0.055588737,0.015271631,1566947887712
12770,226,Accelerometer,-7.9583262999999995,-2.098518,5.471948,1566947887713
12771,226,Gyroscope,-0.13316862,0.06597344599999999,0.02443461,1566947887722
12772,226,Accelerometer,-8.032547000000001,-2.0757727999999998,5.474342299999999,1566947887723
12773,226,Gyroscope,-0.12644911,0.08307768,0.040927973,1566947887732
12774,226,Accelerometer,-8.003817,-2.0099323,5.343858200000001,1566947887733
12775,226,Gyroscope,-0.12583824,0.08735373,0.05681047,1566947887743
12776,226,Accelerometer,-7.9786773,-1.9716251,5.2636523,1566947887743
12777,226,Gyroscope,-0.12156218,0.07941248,0.073303826,1566947887752
12778,226,Accelerometer,-7.929596000000001,-1.9357121,5.1966147000000005,1566947887753
12779,226,Gyroscope,-0.11301007,0.05497787,0.07819075,1566947887762
12780,226,Accelerometer,-7.878121000000001,-1.9572599,5.139154,1566947887763
12781,226,Gyroscope,-0.09712757,0.026267206,0.07513642,1566947887772
12782,226,Accelerometer,-7.9391727,-1.9021933000000002,5.1379566,1566947887773
12783,226,Gyroscope,-0.09407325,0.017715093,0.06841691,1566947887782
12784,226,Accelerometer,-7.908048,-1.8052281000000003,5.1678843,1566947887783
12785,226,Gyroscope,-0.08246681,0.0018325957999999999,0.058643065,1566947887792
12786,226,Accelerometer,-7.8302364,-1.6747441000000003,5.2301335,1566947887793
12787,226,Gyroscope,-0.069027774,-0.02321288,0.04276056599999999,1566947887803
12788,226,Accelerometer,-7.860164,-1.7010802999999999,5.347449299999999,1566947887803
12789,226,Gyroscope,-0.062308256,-0.05497787,0.028710667000000002,1566947887813
12790,226,Accelerometer,-7.935581699999999,-1.6244658,5.331887200000001,1566947887813
12791,226,Gyroscope,-0.07269296,-0.058643065,0.023823743999999997,1566947887822
12792,226,Accelerometer,-7.8793178,-1.5753847,5.2983685,1566947887823
12793,226,Gyroscope,-0.08002335,-0.06291912,0.018325957,1566947887832
12794,226,Accelerometer,-7.6626425000000005,-1.5478513999999999,5.257667,1566947887833
12795,226,Gyroscope,-0.07574729,-0.08368854,-0.007941248,1566947887842
12796,226,Accelerometer,-7.6003933,-1.7489643,5.291186,1566947887843
12797,226,Gyroscope,-0.06719518,-0.09896017,-0.020158553,1566947887853
12798,226,Accelerometer,-7.6865845,-1.9237411,5.3833623,1566947887853
12799,226,Gyroscope,-0.051923547,-0.11056661,-0.027488936000000002,1566947887862
12800,226,Accelerometer,-7.846996300000001,-2.0362685000000003,5.482722,1566947887863
12801,226,Gyroscope,-0.04520403,-0.10018189999999999,-0.03726278,1566947887872
12802,226,Accelerometer,-8.01459,-2.0805612,5.555745,1566947887873
12803,226,Gyroscope,-0.0580322,-0.077579886,-0.043982297000000004,1566947887882
12804,226,Accelerometer,-7.9762830000000005,-2.0290859,5.5605335,1566947887883
12805,226,Gyroscope,-0.06597344599999999,-0.077579886,-0.058643065,1566947887892
12806,226,Accelerometer,-7.809886,-2.0290859,5.5844755,1566947887893
12807,226,Gyroscope,-0.06047566,-0.095294975,-0.059864793,1566947887902
12808,226,Accelerometer,-7.836222,-2.2182279,5.5270147000000005,1566947887903
12809,226,Gyroscope,-0.057421334000000004,-0.10629055,-0.069027774,1566947887913
12810,226,Accelerometer,-7.6171527,-2.2625206,5.4695540000000005,1566947887913
12811,226,Gyroscope,-0.043982297000000004,-0.11545353400000001,-0.08857546,1566947887922
12812,226,Accelerometer,-7.599196000000001,-2.3139958,5.4575830000000005,1566947887923
12813,226,Gyroscope,-0.036651913,-0.12522738,-0.1142318,1566947887932
12814,226,Accelerometer,-7.6003933,-2.336741,5.4911017,1566947887933
12815,226,Gyroscope,-0.0421497,-0.13927728,-0.1441642,1566947887942
12816,226,Accelerometer,-7.5525093,-2.3211784,5.521029,1566947887943
12817,226,Gyroscope,-0.057421334000000004,-0.1423316,-0.16615535,1566947887952
12818,226,Accelerometer,-7.515399,-2.3379380000000003,5.626374,1566947887953
12819,226,Gyroscope,-0.073303826,-0.124005646,-0.17165314,1566947887962
12820,226,Accelerometer,-7.3789296,-2.3702598,5.7065797,1566947887963
12821,226,Gyroscope,-0.08002335,-0.10751228,-0.15332718,1566947887973
12822,226,Accelerometer,-7.3442134999999995,-2.4648306,5.8262897,1566947887973
12823,226,Gyroscope,-0.077579886,-0.09407325,-0.111177474,1566947887982
12824,226,Accelerometer,-7.53575,-2.5701754,5.9244523000000004,1566947887983
12825,226,Gyroscope,-0.0720821,-0.089186326,-0.06597344599999999,1566947887992
12826,226,Accelerometer,-7.6961613,-2.5474305,6.0860605,1566947887993
12827,226,Gyroscope,-0.08674286,-0.06719518,-0.019547688,1566947888002
12828,226,Accelerometer,-7.660248299999999,-2.5067291000000003,6.1818290000000005,1566947888003
12829,226,Gyroscope,-0.09590584,-0.040927973,0.017104227,1566947888012
12830,226,Accelerometer,-7.680599000000001,-2.5965118,6.2273190000000005,1566947888013
12831,226,Gyroscope,-0.11301007,0.0030543262,0.044593163,1566947888022
12832,226,Accelerometer,-7.691373,-2.6408044999999998,6.1519012,1566947888023
12833,226,Gyroscope,-0.13927728,0.056199603,0.06536258,1566947888033
12834,226,Accelerometer,-7.7105265,-2.6324248,5.9890957,1566947888033
12835,226,Gyroscope,-0.16432275,0.10018189999999999,0.08246681,1566947888042
12836,226,Accelerometer,-7.706935400000001,-2.4708161,5.8059389999999995,1566947888043
12837,226,Gyroscope,-0.18631389999999998,0.13683382,0.08735373,1566947888052
12838,226,Accelerometer,-7.5788455,-2.4049757,5.6108117,1566947888053
12839,226,Gyroscope,-0.1881465,0.14782938,0.086132,1566947888062
12840,226,Accelerometer,-7.5788455,-2.3930047,5.4408236,1566947888063
12841,226,Gyroscope,-0.17898351,0.12950343,0.07147124,1566947888072
12842,226,Accelerometer,-7.529764,-2.3008277,5.329493,1566947888073
12843,226,Gyroscope,-0.15760323,0.10018189999999999,0.05009095,1566947888082
12844,226,Accelerometer,-7.390900599999999,-2.2649147999999997,5.306748000000001,1566947888083
12845,226,Gyroscope,-0.1337795,0.069027774,0.015882496,1566947888093
12846,226,Accelerometer,-7.413645699999999,-2.3570917000000002,5.3282957,1566947888093
12847,226,Gyroscope,-0.11056661,0.040317107000000005,-0.008552114,1566947888102
12848,226,Accelerometer,-7.404069,-2.3523033,5.331887200000001,1566947888103
12849,226,Gyroscope,-0.099571034,0.02321288,-0.022602014,1566947888112
12850,226,Accelerometer,-7.337031,-2.4552537999999995,5.363012,1566947888113
12851,226,Gyroscope,-0.08857546,0.015882496,-0.02443461,1566947888122
12852,226,Accelerometer,-7.466317999999999,-2.7030537,5.4539914000000005,1566947888123
12853,226,Gyroscope,-0.07147124,-0.0018325957999999999,-0.013439035,1566947888132
12854,226,Accelerometer,-7.659051400000001,-2.8898015,5.483919,1566947888133
12855,226,Gyroscope,-0.069027774,-0.005497787,0.009162978,1566947888142
12856,226,Accelerometer,-7.831434,-2.9281087,5.4420204000000005,1566947888143
12857,226,Gyroscope,-0.069027774,-0.007330383,0.03359759,1566947888153
12858,226,Accelerometer,-7.860164,-2.9388826,5.470751,1566947888153
12859,226,Gyroscope,-0.06719518,-0.00061086525,0.054367005999999996,1566947888162
12860,226,Accelerometer,-7.8158712,-2.8562827,5.4934959999999995,1566947888163
12861,226,Gyroscope,-0.059253927000000005,-0.005497787,0.062308256,1566947888172
12862,226,Accelerometer,-7.7201033,-2.741361,5.5988407,1566947888173
12863,226,Gyroscope,-0.051923547,-0.018936822,0.06536258,1566947888182
12864,226,Accelerometer,-7.5094137000000005,-2.6013002,5.741296,1566947888183
12865,226,Gyroscope,-0.0421497,-0.026267206,0.058643065,1566947888192
12866,226,Accelerometer,-7.3992805,-2.566584,5.8358665,1566947888193
12867,226,Gyroscope,-0.03481932,-0.028099801,0.056199603,1566947888202
12868,226,Accelerometer,-7.3178773,-2.4684220000000003,5.816713,1566947888203
12869,226,Gyroscope,-0.040927973,0.0036651915999999997,0.04520403,1566947888213
12870,226,Accelerometer,-7.2340803,-2.4037786,5.779603,1566947888213
12871,226,Gyroscope,-0.050701816,0.019547688,0.047036625,1566947888222
12872,226,Accelerometer,-7.2484455,-2.4540567,5.7377043,1566947888223
12873,226,Gyroscope,-0.052534412999999995,0.031154128,0.05131268,1566947888232
12874,226,Accelerometer,-7.232883500000001,-2.5438392000000003,5.719748,1566947888233
12875,226,Gyroscope,-0.04642576,0.029321532999999997,0.059253927000000005,1566947888242
12876,226,Accelerometer,-7.299921,-2.634819,5.7760115,1566947888243
12877,226,Gyroscope,-0.045814894,0.029321532999999997,0.06780604,1566947888252
12878,226,Accelerometer,-7.3657618000000005,-2.6156653999999997,5.7544637000000005,1566947888253
12879,226,Gyroscope,-0.054367005999999996,0.03481932,0.06780604,1566947888263
12880,226,Accelerometer,-7.2939353,-2.5821466,5.6910176,1566947888263
12881,226,Gyroscope,-0.048258353,0.04276056599999999,0.06291912,1566947888272
12882,226,Accelerometer,-7.3214690000000004,-2.6360161,5.719748,1566947888273
12883,226,Gyroscope,-0.04642576,0.045814894,0.04642576,1566947888282
12884,226,Accelerometer,-7.45315,-2.6563668,5.755661,1566947888283
12885,226,Gyroscope,-0.05131268,0.048258353,0.035430185,1566947888292
12886,226,Accelerometer,-7.5525093,-2.645593,5.6886234,1566947888293
12887,226,Gyroscope,-0.06352998,0.055588737,0.021380282999999996,1566947888302
12888,226,Accelerometer,-7.630321,-2.7006595,5.592855,1566947888303
12889,226,Gyroscope,-0.07086037,0.052534412999999995,0.013439035,1566947888312
12890,226,Accelerometer,-7.6578539999999995,-2.753332,5.5461683,1566947888313
12891,226,Gyroscope,-0.076358154,0.04337143,0.007941248,1566947888323
12892,226,Accelerometer,-7.6482773,-2.7581203,5.5856724,1566947888323
12893,226,Gyroscope,-0.070249505,0.03726278,0.009162978,1566947888332
12894,226,Accelerometer,-7.544129400000001,-2.7940332999999997,5.647922,1566947888333
12895,226,Gyroscope,-0.07086037,0.030543262,0.007330383,1566947888342
12896,226,Accelerometer,-7.522581599999999,-2.846706,5.6682725,1566947888343
12897,226,Gyroscope,-0.08124508,0.02076942,0.0067195175,1566947888352
12898,226,Accelerometer,-7.4339960000000005,-2.814384,5.6299653,1566947888353
12899,226,Gyroscope,-0.095294975,0.019547688,0.0030543262,1566947888362
12900,226,Accelerometer,-7.329848299999999,-2.80361,5.6563015,1566947888363
12901,226,Gyroscope,-0.10323623,0.021380282999999996,-0.004276057,1566947888372
12902,226,Accelerometer,-7.28795,-2.9400797,5.6898203,1566947888373
12903,226,Gyroscope,-0.11362094,0.026267206,-0.007330383,1566947888383
12904,226,Accelerometer,-7.315483,-3.0322563999999996,5.718550700000001,1566947888383
12905,226,Gyroscope,-0.124005646,0.032986722999999996,-0.002443461,1566947888392
12906,226,Accelerometer,-7.352593400000001,-3.0370448,5.685032,1566947888393
12907,226,Gyroscope,-0.13133603,0.047036625,-0.0012217305,1566947888402
12908,226,Accelerometer,-7.3657618000000005,-3.1830912000000002,5.5820813,1566947888403
12909,226,Gyroscope,-0.13500121,0.051923547,0.0036651915999999997,1566947888412
12910,226,Accelerometer,-7.315483,-3.252523,5.5461683,1566947888413
12911,226,Gyroscope,-0.12889257,0.047036625,0.01160644,1566947888422
12912,226,Accelerometer,-7.237672,-3.2776620000000003,5.591658,1566947888423
12913,226,Gyroscope,-0.11911872,0.040317107000000005,0.022602014,1566947888432
12914,226,Accelerometer,-7.290344,-3.2752678,5.5545480000000005,1566947888433
12915,226,Gyroscope,-0.11362094,0.032986722999999996,0.031154128,1566947888443
12916,226,Accelerometer,-7.346607700000001,-3.1759086,5.4647654999999995,1566947888443
12917,226,Gyroscope,-0.1282817,0.037873644,0.03970624,1566947888452
12918,226,Accelerometer,-7.2915410000000005,-3.13401,5.499480999999999,1566947888453
12919,226,Gyroscope,-0.1423316,0.040927973,0.04276056599999999,1566947888462
12920,226,Accelerometer,-7.2185183,-3.0346506,5.580883999999999,1566947888463
12921,226,Gyroscope,-0.15821409,0.04153884,0.043982297000000004,1566947888472
12922,226,Accelerometer,-7.180211,-3.0442273999999996,5.683835,1566947888473
12923,226,Gyroscope,-0.16798794,0.040927973,0.04520403,1566947888482
12924,226,Accelerometer,-7.0209966,-3.0933087,5.829880999999999,1566947888483
12925,226,Gyroscope,-0.17592919,0.040927973,0.058643065,1566947888492
12926,226,Accelerometer,-6.943185000000001,-3.0142999,5.932832,1566947888493
12927,226,Gyroscope,-0.1826487,0.061086524,0.07819075,1566947888503
12928,226,Accelerometer,-6.9623384,-2.9137435000000003,6.005855,1566947888503
12929,226,Gyroscope,-0.19364429,0.08124508,0.124005646,1566947888512
12930,226,Accelerometer,-7.023391,-2.6384103,5.9878983,1566947888513
12931,226,Gyroscope,-0.20036379999999998,0.1160644,0.15760323,1566947888522
12932,226,Accelerometer,-6.8067155,-2.4301147000000003,6.047753299999999,1566947888523
12933,226,Gyroscope,-0.19730948,0.17348573,0.18936823,1566947888532
12934,226,Accelerometer,-6.749254700000001,-2.280477,6.1112,1566947888533
12935,226,Gyroscope,-0.1966986,0.24556783,0.22113322,1566947888542
12936,226,Accelerometer,-6.953958999999999,-2.1655555,6.053739,1566947888543
12937,226,Gyroscope,-0.20891592,0.29810223,0.24801129,1566947888553
12938,226,Accelerometer,-7.0928226,-2.0949266,6.0166287,1566947888553
12939,226,Gyroscope,-0.21319197,0.33964106,0.24373524,1566947888562
12940,226,Accelerometer,-7.2448545,-2.12246,6.0956373,1566947888563
12941,226,Gyroscope,-0.20525073,0.37995818,0.21930063,1566947888572
12942,226,Accelerometer,-7.57286,-2.2254104999999997,6.053739,1566947888573
12943,226,Gyroscope,-0.18936823,0.39645153,0.18448131,1566947888582
12944,226,Accelerometer,-7.9487495,-2.2816741,5.8849480000000005,1566947888583
12945,226,Gyroscope,-0.18203785,0.36774087,0.14905111,1566947888592
12946,226,Accelerometer,-8.257602,-2.267309,5.604826,1566947888593
12947,226,Gyroscope,-0.1826487,0.3268129,0.11789699,1566947888602
12948,226,Accelerometer,-8.51857,-2.2146366000000004,5.3007627,1566947888603
12949,226,Gyroscope,-0.18570304,0.28283059999999993,0.08674286,1566947888613
12950,226,Accelerometer,-8.589199,-2.1416135,5.092467,1566947888613
12951,226,Gyroscope,-0.17409660000000002,0.23335053,0.054367005999999996,1566947888622
12952,226,Accelerometer,-8.428787,-2.1906946,5.0577510000000006,1566947888623
12953,226,Gyroscope,-0.15332718,0.19181168,0.01282817,1566947888632
12954,226,Accelerometer,-8.259995,-2.3906104999999997,5.0972550000000005,1566947888633
12955,226,Gyroscope,-0.12889257,0.16249016,-0.02321288,1566947888642
12956,226,Accelerometer,-8.221688,-2.6144682999999995,5.006275700000001,1566947888643
12957,226,Gyroscope,-0.13683382,0.14172074,-0.03359759,1566947888652
12958,226,Accelerometer,-8.111555000000001,-2.6180596,4.844666999999999,1566947888653
12959,226,Gyroscope,-0.16004670000000001,0.14110987,-0.026267206,1566947888662
12960,226,Accelerometer,-7.843405000000001,-2.5941176,4.8518495999999995,1566947888663
12961,226,Gyroscope,-0.14721853,0.14538592,-0.004276057,1566947888673
12962,226,Accelerometer,-7.6506715,-2.705448,4.960786,1566947888673
12963,226,Gyroscope,-0.116675265,0.13072516,0.01038471,1566947888682
12964,226,Accelerometer,-7.529764,-2.7820622999999998,4.894945,1566947888683
12965,226,Gyroscope,-0.06536258,0.10140363,0.026267206,1566947888692
12966,226,Accelerometer,-7.520187400000001,-2.8167782000000003,4.855441000000001,1566947888693
12967,226,Gyroscope,-0.018325957,0.08124508,0.03848451,1566947888702
12968,226,Accelerometer,-7.6734165999999995,-2.7425580000000003,4.935647,1566947888703
12969,226,Gyroscope,0.0067195175,0.0720821,0.047647487,1566947888712
12970,226,Accelerometer,-7.928399000000001,-2.4995465,5.0002904,1566947888713
12971,226,Gyroscope,0.017104227,0.06047566,0.049480084,1566947888722
12972,226,Accelerometer,-8.110358,-2.3008277,5.103241000000001,1566947888723
12973,226,Gyroscope,0.021991148999999998,0.04337143,0.04153884,1566947888732
12974,226,Accelerometer,-8.173803999999999,-2.1320367,5.1726727,1566947888733
12975,226,Gyroscope,0.02687807,0.02687807,0.023823743999999997,1566947888742
12976,226,Accelerometer,-8.158242,-2.0003555,5.195418,1566947888743
12977,226,Gyroscope,0.03359759,0.014049901000000002,-0.007330383,1566947888752
12978,226,Accelerometer,-8.151060000000001,-1.8686744,5.233725,1566947888753
12979,226,Gyroscope,0.03176499,0.007330383,-0.03176499,1566947888762
12980,226,Accelerometer,-8.196549000000001,-1.7202339,5.269638,1566947888763
12981,226,Gyroscope,0.017104227,0.009773844,-0.050701816,1566947888772
12982,226,Accelerometer,-8.158242,-1.5310919,5.3163247,1566947888773
12983,226,Gyroscope,0.004886922,0.018936822,-0.06352998,1566947888783
12984,226,Accelerometer,-8.019378999999999,-1.5155296,5.422867,1566947888783
12985,226,Gyroscope,0.002443461,0.025045475,-0.06597344599999999,1566947888792
12986,226,Accelerometer,-7.872135000000001,-1.6986861,5.518635,1566947888793
12987,226,Gyroscope,0.004276057,0.014049901000000002,-0.056199603,1566947888802
12988,226,Accelerometer,-7.8996687,-1.8770541,5.5940523,1566947888803
12989,226,Gyroscope,0.0067195175,0.012217305,-0.03359759,1566947888812
12990,226,Accelerometer,-7.9547353,-2.0027497,5.635950599999999,1566947888813
12991,226,Gyroscope,-0.0067195175,0.03359759,-0.004276057,1566947888822
12992,226,Accelerometer,-7.855376,-1.9728221999999997,5.614403,1566947888823
12993,226,Gyroscope,-0.02076942,0.047647487,0.028099801,1566947888832
12994,226,Accelerometer,-7.6231384,-1.9081788,5.5964465,1566947888833
12995,226,Gyroscope,-0.017104227,0.040927973,0.05681047,1566947888842
12996,226,Accelerometer,-7.410054,-1.9189526999999997,5.6227827,1566947888843
12997,226,Gyroscope,-0.004276057,0.045814894,0.08063421400000001,1566947888852
12998,226,Accelerometer,-7.314286,-1.8986019,5.625177,1566947888853
12999,226,Gyroscope,0.01282817,0.049480084,0.084910266,1566947888862
13000,226,Accelerometer,-7.285556,-1.8399439999999998,5.571307,1566947888863
13001,226,Gyroscope,0.029321532999999997,0.052534412999999995,0.06780604,1566947888872
13002,226,Accelerometer,-7.5429325,-1.7441759,5.4803276,1566947888873
13003,226,Gyroscope,0.040317107000000005,0.051923547,0.036651913,1566947888882
13004,226,Accelerometer,-7.699753,-1.6783354,5.3103394999999995,1566947888883
13005,226,Gyroscope,0.047647487,0.028710667000000002,0.0030543262,1566947888892
13006,226,Accelerometer,-7.7667904000000005,-1.6651672999999998,5.12838,1566947888893
13007,226,Gyroscope,0.050701816,-0.0036651915999999997,-0.03359759,1566947888902
13008,226,Accelerometer,-7.7201033,-1.6831238000000002,4.965574299999999,1566947888903
13009,226,Gyroscope,0.053145275,-0.06963864,-0.08857546,1566947888912
13010,226,Accelerometer,-7.668628,-1.7106571,4.8841715,1566947888913
13011,226,Gyroscope,0.059864793,-0.118507855,-0.11911872,1566947888922
13012,226,Accelerometer,-7.700949700000001,-1.7405846,4.8398786,1566947888923
13013,226,Gyroscope,0.06658431,-0.17409660000000002,-0.14538592,1566947888932
13014,226,Accelerometer,-7.785944000000001,-1.8650831,4.8817773,1566947888933
13015,226,Gyroscope,0.077579886,-0.2284636,-0.17898351,1566947888943
13016,226,Accelerometer,-8.042124000000001,-2.1164744,4.867412,1566947888943
13017,226,Gyroscope,0.07086037,-0.27122417,-0.20219639,1566947888952
13018,226,Accelerometer,-8.221688,-2.2744915,4.8853683,1566947888953
13019,226,Gyroscope,0.06291912,-0.30787608,-0.22174409,1566947888962
13020,226,Accelerometer,-8.178593,-2.397793,5.006275700000001,1566947888963
13021,226,Gyroscope,0.064751714,-0.33108896,-0.24068089999999998,1566947888972
13022,226,Accelerometer,-7.9990277,-2.6168625,5.2421045,1566947888973
13023,226,Gyroscope,0.073303826,-0.3371976,-0.24495697,1566947888982
13024,226,Accelerometer,-8.084022000000001,-2.8874072999999996,5.4288526,1566947888983
13025,226,Gyroscope,0.073303826,-0.3371976,-0.22540927,1566947888992
13026,226,Accelerometer,-8.046911999999999,-2.9041667,5.589264,1566947888993
13027,226,Gyroscope,0.059253927000000005,-0.30482176,-0.18631389999999998,1566947889002
13028,226,Accelerometer,-7.854178999999999,-2.7605145,5.843049,1566947889003
13029,226,Gyroscope,0.049480084,-0.25595254,-0.13255776,1566947889012
13030,226,Accelerometer,-7.693767,-2.6539726000000003,6.054936,1566947889013
13031,226,Gyroscope,0.04642576,-0.20219639,-0.089186326,1566947889022
13032,226,Accelerometer,-7.584830800000001,-2.6168625,6.25964,1566947889023
13033,226,Gyroscope,0.047647487,-0.16187929,-0.053145275,1566947889032
13034,226,Accelerometer,-7.4639240000000004,-2.6324248,6.403292700000001,1566947889033
13035,226,Gyroscope,0.040317107000000005,-0.11484267,-0.017104227,1566947889042
13036,226,Accelerometer,-7.3406224,-2.5151088,6.459556,1566947889043
13037,226,Gyroscope,0.021380282999999996,-0.052534412999999995,0.018325957,1566947889052
13038,226,Accelerometer,-7.2209125,-2.3702598,6.4823010000000005,1566947889053
13039,226,Gyroscope,0.0018325957999999999,0.02076942,0.04276056599999999,1566947889062
13040,226,Accelerometer,-7.144297999999999,-2.2960392999999995,6.455965,1566947889063
13041,226,Gyroscope,-0.005497787,0.09040806,0.061086524,1566947889072
13042,226,Accelerometer,-7.217321000000001,-2.3654714,6.2847795,1566947889073
13043,226,Gyroscope,-0.01282817,0.14782938,0.0720821,1566947889082
13044,226,Accelerometer,-7.3202715,-2.3822308,5.9986725,1566947889083
13045,226,Gyroscope,-0.023823743999999997,0.18692477,0.076358154,1566947889092
13046,226,Accelerometer,-7.4268136,-2.3379380000000003,5.685032,1566947889093
13047,226,Gyroscope,-0.04153884,0.19792034,0.07147124,1566947889102
13048,226,Accelerometer,-7.477092,-2.2014685000000003,5.3713913,1566947889103
13049,226,Gyroscope,-0.04886922,0.1826487,0.052534412999999995,1566947889112
13050,226,Accelerometer,-7.6027875,-2.1727380000000003,5.1475334,1566947889113
13051,226,Gyroscope,-0.043982297000000004,0.16065755,0.029932396,1566947889122
13052,226,Accelerometer,-7.773973,-2.2110453,4.9943047,1566947889122
13053,226,Gyroscope,-0.043982297000000004,0.124005646,0.01038471,1566947889132
13054,226,Accelerometer,-7.833828,-2.2254104999999997,4.891354,1566947889133
13055,226,Gyroscope,-0.02321288,0.027488936000000002,-0.023823743999999997,1566947889142
13056,226,Accelerometer,-7.9236107,-2.4025814999999997,4.959589,1566947889143
13057,226,Gyroscope,-0.012217305,-0.036651913,-0.029932396,1566947889152
13058,226,Accelerometer,-8.135497,-2.5366566,4.9667715999999995,1566947889153
13059,226,Gyroscope,-0.020158553,-0.076358154,-0.029932396,1566947889162
13060,226,Accelerometer,-8.121132000000001,-2.5582043999999997,4.983531,1566947889163
13061,226,Gyroscope,-0.03176499,-0.10079276599999999,-0.023823743999999997,1566947889172
13062,226,Accelerometer,-7.9846625,-2.5941176,5.094861,1566947889173
13063,226,Gyroscope,-0.034208454,-0.10751228,-0.02443461,1566947889182
13064,226,Accelerometer,-7.711724,-2.6479871,5.2995653,1566947889183
13065,226,Gyroscope,-0.02321288,-0.11362094,-0.02076942,1566947889192
13066,226,Accelerometer,-7.493850999999999,-2.7557259999999997,5.519832,1566947889193
13067,226,Gyroscope,-0.012217305,-0.10995574,-0.023823743999999997,1566947889203
13068,226,Accelerometer,-7.424419400000001,-2.7832594,5.6922144999999995,1566947889203
13069,226,Gyroscope,-0.012217305,-0.09896017,-0.02565634,1566947889212
13070,226,Accelerometer,-7.3274539999999995,-2.7246015,5.816713,1566947889213
13071,226,Gyroscope,-0.012217305,-0.07513642,-0.028099801,1566947889223
13072,226,Accelerometer,-7.3166804,-2.634819,5.889736,1566947889223
13073,226,Gyroscope,-0.00061086525,-0.05131268,-0.026267206,1566947889232
13074,226,Accelerometer,-7.299921,-2.6384103,5.9052987,1566947889233
13075,226,Gyroscope,0.004886922,-0.03970624,-0.018936822,1566947889243
13076,226,Accelerometer,-7.363367599999999,-2.7341783,5.963956400000001,1566947889243
13077,226,Gyroscope,0.004886922,-0.018936822,-0.0012217305,1566947889252
13078,226,Accelerometer,-7.3753386,-2.7006595,5.9567738,1566947889253
13079,226,Gyroscope,0.0012217305,0.009162978,0.015271631,1566947889263
13080,226,Accelerometer,-7.303512,-2.6324248,5.957971,1566947889263
13081,226,Gyroscope,0.0012217305,0.03604105,0.02076942,1566947889272
13082,226,Accelerometer,-7.243657000000001,-2.6563668,5.990292500000001,1566947889273
13083,226,Gyroscope,-0.0036651915999999997,0.04642576,0.020158553,1566947889283
13084,226,Accelerometer,-7.3645644,-2.7868507,5.9926867,1566947889283
13085,226,Gyroscope,-0.015271631,0.0580322,0.021380282999999996,1566947889292
13086,226,Accelerometer,-7.4974427,-2.7736826,5.9148755,1566947889293
13087,226,Gyroscope,-0.03848451,0.08246681,0.02565634,1566947889303
13088,226,Accelerometer,-7.441178999999999,-2.7329812,5.815516000000001,1566947889303
13089,226,Gyroscope,-0.045814894,0.089186326,0.026267206,1566947889312
13090,226,Accelerometer,-7.381324,-2.7425580000000003,5.803545,1566947889313
13091,226,Gyroscope,-0.045814894,0.081855945,0.019547688,1566947889322
13092,226,Accelerometer,-7.299921,-2.8287494,5.738901599999999,1566947889323
13093,226,Gyroscope,-0.03970624,0.06780604,0.014049901000000002,1566947889332
13094,226,Accelerometer,-7.2304892999999995,-2.813187,5.729325,1566947889333
13095,226,Gyroscope,-0.03176499,0.05375614,0.010995574,1566947889342
13096,226,Accelerometer,-7.237672,-2.718616,5.7640405,1566947889343
13097,226,Gyroscope,-0.034208454,0.040317107000000005,0.002443461,1566947889352
13098,226,Accelerometer,-7.169436999999999,-2.6013002,5.8562174,1566947889353
13099,226,Gyroscope,-0.039095376,0.047036625,-0.007330383,1566947889363
13100,226,Accelerometer,-7.1395097000000005,-2.5318682,5.93762,1566947889363
13101,226,Gyroscope,-0.057421334000000004,0.07880162,-0.017715093,1566947889372
13102,226,Accelerometer,-7.261614,-2.4851813,5.911283999999999,1566947889373
13103,226,Gyroscope,-0.0842994,0.08857546,-0.02565634,1566947889382
13104,226,Accelerometer,-7.3274539999999995,-2.493561,5.8454432,1566947889383
13105,226,Gyroscope,-0.103847094,0.092240654,-0.03604105,1566947889392
13106,226,Accelerometer,-7.376535400000001,-2.5833437000000004,5.872977,1566947889393
13107,226,Gyroscope,-0.10995574,0.10567969,-0.03604105,1566947889402
13108,226,Accelerometer,-7.4339960000000005,-2.6982652999999996,5.861006,1566947889403
13109,226,Gyroscope,-0.11301007,0.118507855,-0.03176499,1566947889412
13110,226,Accelerometer,-7.5333557,-2.7712884,5.707777,1566947889413
13111,226,Gyroscope,-0.11301007,0.11789699,-0.02687807,1566947889422
13112,226,Accelerometer,-7.539341,-2.8766334,5.588066599999999,1566947889423
13113,226,Gyroscope,-0.10323623,0.10079276599999999,-0.022602014,1566947889433
13114,226,Accelerometer,-7.5608889999999995,-2.9364884,5.463568,1566947889433
13115,226,Gyroscope,-0.09590584,0.07452556,-0.025045475,1566947889442
13116,226,Accelerometer,-7.544129400000001,-2.96881,5.366603,1566947889443
13117,226,Gyroscope,-0.096516706,0.058643065,-0.027488936000000002,1566947889452
13118,226,Accelerometer,-7.499836999999999,-2.9556419999999997,5.3582234,1566947889453
13119,226,Gyroscope,-0.10079276599999999,0.056199603,-0.035430185,1566947889463
13120,226,Accelerometer,-7.430405,-2.9173348,5.3079453,1566947889463
13121,226,Gyroscope,-0.111177474,0.06536258,-0.040317107000000005,1566947889472
13122,226,Accelerometer,-7.3418193,-2.930503,5.2169657,1566947889473
13123,226,Gyroscope,-0.12705997,0.062308256,-0.050701816,1566947889482
13124,226,Accelerometer,-7.356185000000001,-2.9999347000000003,5.1571107000000005,1566947889483
13125,226,Gyroscope,-0.13683382,0.044593163,-0.06352998,1566947889493
13126,226,Accelerometer,-7.3789296,-3.028665,5.2768207,1566947889493
13127,226,Gyroscope,-0.13316862,0.018325957,-0.07513642,1566947889502
13128,226,Accelerometer,-7.419631,-3.095703,5.4683566,1566947889503
13129,226,Gyroscope,-0.12034045,0.0012217305,-0.07574729,1566947889512
13130,226,Accelerometer,-7.49026,-3.1208419999999997,5.5701103,1566947889513
13131,226,Gyroscope,-0.11728613,-0.0030543262,-0.062308256,1566947889522
13132,226,Accelerometer,-7.3897038,-3.168726,5.487509999999999,1566947889523
13133,226,Gyroscope,-0.13500121,0.008552114,-0.028710667000000002,1566947889532
13134,226,Accelerometer,-7.1263413,-3.2106244999999998,5.3522377,1566947889533
13135,226,Gyroscope,-0.1441642,0.01160644,0.008552114,1566947889542
13136,226,Accelerometer,-6.9348054,-3.095703,5.3857565,1566947889543
13137,226,Gyroscope,-0.13011430000000002,0.005497787,0.051923547,1566947889552
13138,226,Accelerometer,-6.7205243,-3.028665,5.555745,1566947889553
13139,226,Gyroscope,-0.10445796,0.010995574,0.08063421400000001,1566947889563
13140,226,Accelerometer,-6.5637039999999995,-2.8778305,5.726930599999999,1566947889563
13141,226,Gyroscope,-0.08124508,0.029932396,0.095294975,1566947889572
13142,226,Accelerometer,-6.715736,-2.6994624,5.895722,1566947889573
13143,226,Gyroscope,-0.07086037,0.04153884,0.09162979,1566947889582
13144,226,Accelerometer,-6.8402343,-2.7210102000000003,6.0824695,1566947889583
13145,226,Gyroscope,-0.0720821,0.06963864,0.07513642,1566947889593
13146,226,Accelerometer,-6.906075,-2.7222072999999996,6.2967505,1566947889593
13147,226,Gyroscope,-0.09162979,0.16126843,0.029321532999999997,1566947889602
13148,226,Accelerometer,-7.189788,-2.731784,6.363788,1566947889603
13149,226,Gyroscope,-0.11178834,0.23396139,0.015271631,1566947889612
13150,226,Accelerometer,-7.4711065,-2.823961,6.3230867,1566947889613
13151,226,Gyroscope,-0.12522738,0.29871312,0.014660766,1566947889622
13152,226,Accelerometer,-7.619547,-2.9436709999999997,6.2273190000000005,1566947889623
13153,226,Gyroscope,-0.12461651,0.34636059999999996,0.016493361,1566947889632
13154,226,Accelerometer,-7.753622,-3.039439,6.0645127,1566947889633
13155,226,Gyroscope,-0.111177474,0.36896262,0.021380282999999996,1566947889642
13156,226,Accelerometer,-7.8003089999999995,-3.083732,5.852626,1566947889643
13157,226,Gyroscope,-0.09162979,0.35246924,0.023823743999999997,1566947889652
13158,226,Accelerometer,-7.773973,-3.1256304,5.639542,1566947889653
13159,226,Gyroscope,-0.07269296,0.30909783,0.02687807,1566947889662
13160,226,Accelerometer,-7.7344685,-3.1735144,5.4312468,1566947889663
13161,226,Gyroscope,-0.06291912,0.25350907,0.02076942,1566947889672
13162,226,Accelerometer,-7.691373,-3.1974563999999996,5.2444987,1566947889673
13163,226,Gyroscope,-0.054367005999999996,0.18142697,-0.0012217305,1566947889682
13164,226,Accelerometer,-7.630321,-3.1771057000000003,5.0996494000000006,1566947889683
13165,226,Gyroscope,-0.051923547,0.13072516,-0.03726278,1566947889693
13166,226,Accelerometer,-7.550114999999999,-3.0597897,5.1271830000000005,1566947889693
13167,226,Gyroscope,-0.050701816,0.106901415,-0.07574729,1566947889702
13168,226,Accelerometer,-7.465121000000001,-3.0190883,5.2744265,1566947889703
13169,226,Gyroscope,-0.051923547,0.0983493,-0.12095132,1566947889712
13170,226,Accelerometer,-7.419631,-3.1196449,5.422867,1566947889713
13171,226,Gyroscope,-0.05497787,0.10873401,-0.15332718,1566947889723
13172,226,Accelerometer,-7.267599000000001,-3.3399115,5.5497594,1566947889723
13173,226,Gyroscope,-0.0421497,0.12583824,-0.17104226,1566947889732
13174,226,Accelerometer,-7.1431007,-3.5829230000000005,5.6096144,1566947889733
13175,226,Gyroscope,-0.017715093,0.13927728,-0.16920967,1566947889742
13176,226,Accelerometer,-7.073669000000001,-3.7972038,5.5748987,1566947889743
13177,226,Gyroscope,0.007330383,0.14905111,-0.15760323,1566947889753
13178,226,Accelerometer,-6.9767036,-3.9013517,5.529408999999999,1566947889753
13179,226,Gyroscope,0.044593163,0.1563815,-0.13805555,1566947889762
13180,226,Accelerometer,-6.95755,-3.9145198,5.4683566,1566947889763
13181,226,Gyroscope,0.08552113,0.16554448,-0.118507855,1566947889772
13182,226,Accelerometer,-7.046135400000001,-3.7984009,5.4695540000000005,1566947889773
13183,226,Gyroscope,0.119729586,0.17715092,-0.106901415,1566947889782
13184,226,Accelerometer,-7.200561500000001,-3.702633,5.432443599999999,1566947889783
13185,226,Gyroscope,0.14294247,0.17043139999999998,-0.09773844,1566947889792
13186,226,Accelerometer,-7.437587700000001,-3.4823663000000002,5.401319,1566947889793
13187,226,Gyroscope,0.15454891,0.15699236,-0.096516706,1566947889802
13188,226,Accelerometer,-7.437587700000001,-3.2321722999999998,5.461174,1566947889803
13189,226,Gyroscope,0.16310102,0.14477506,-0.10934488,1566947889812
13190,226,Accelerometer,-7.3609734,-3.0095115000000003,5.583278,1566947889813
13191,226,Gyroscope,0.1826487,0.13622294,-0.14599679999999998,1566947889822
13192,226,Accelerometer,-7.5453267,-2.9508536,5.717354,1566947889823
13193,226,Gyroscope,0.2144137,0.13988814,-0.16371189,1566947889832
13194,226,Accelerometer,-7.5944076,-2.8311436000000003,5.711368,1566947889833
13195,226,Gyroscope,0.22907446,0.14782938,-0.18692477,1566947889842
13196,226,Accelerometer,-7.632714999999999,-2.8502972,5.8107276,1566947889843
13197,226,Gyroscope,0.23457226,0.16676621,-0.20341812,1566947889852
13198,226,Accelerometer,-7.539341,-2.9340942,5.849035,1566947889853
13199,226,Gyroscope,0.23090707,0.19914207,-0.21991149,1566947889862
13200,226,Accelerometer,-7.395689,-2.9903579,5.8801594,1566947889863
13201,226,Gyroscope,0.2302962,0.22418754,-0.22785273,1566947889872
13202,226,Accelerometer,-7.2939353,-3.0358477,5.815516000000001,1566947889873
13203,226,Gyroscope,0.24190263,0.21930063,-0.23701571,1566947889883
13204,226,Accelerometer,-7.1742253,-3.0310593,5.768829,1566947889883
13205,226,Gyroscope,0.27488935,0.22357668,-0.25350907,1566947889892
13206,226,Accelerometer,-7.037756,-3.2237926,5.8825536,1566947889893
13207,226,Gyroscope,0.30909783,0.24007004,-0.24190263,1566947889902
13208,226,Accelerometer,-7.073669000000001,-3.2237926,5.719748,1566947889903
13209,226,Gyroscope,0.33964106,0.23701571,-0.23884831,1566947889912
13210,226,Accelerometer,-6.955156,-3.2261868,5.686229,1566947889913
13211,226,Gyroscope,0.376293,0.24495697,-0.23640485,1566947889922
13212,226,Accelerometer,-6.9826894,-3.2944214,5.6563015,1566947889923
13213,226,Gyroscope,0.4092797,0.25595254,-0.24007004,1566947889932
13214,226,Accelerometer,-7.028179,-3.3315318,5.707777,1566947889933
13215,226,Gyroscope,0.43982297,0.26267207,-0.24617869,1566947889942
13216,226,Accelerometer,-7.107187700000001,-3.3758245000000002,5.6910176,1566947889943
13217,226,Gyroscope,0.46792278,0.26083946,-0.25717425,1566947889953
13218,226,Accelerometer,-7.2268977,-3.394978,5.687426,1566947889953
13219,226,Gyroscope,0.5002986,0.258396,-0.27366763,1566947889962
13220,226,Accelerometer,-7.281964299999999,-3.3435028,5.638344999999999,1566947889963
13221,226,Gyroscope,0.52839845,0.25900686,-0.29993483,1566947889972
13222,226,Accelerometer,-7.3106947,-3.3183637000000004,5.5605335,1566947889973
13223,226,Gyroscope,0.5540548000000001,0.25534168,-0.33475417,1566947889983
13224,226,Accelerometer,-7.325060000000001,-3.3087866000000004,5.388150700000001,1566947889983
13225,226,Gyroscope,0.5766568,0.25473082,-0.36957347,1566947889992
13226,226,Accelerometer,-7.6171527,-3.4201171,5.2564697,1566947889993
13227,226,Gyroscope,0.602924,0.2144137,-0.39706242,1566947890002
13228,226,Accelerometer,-7.485471700000001,-3.2213984,5.258864,1566947890003
13229,226,Gyroscope,0.63713247,0.1777618,-0.42760566,1566947890012
13230,226,Accelerometer,-7.4950485,-3.2261868,5.380968,1566947890013
13231,226,Gyroscope,0.66645396,0.14110987,-0.44104472,1566947890022
13232,226,Accelerometer,-7.5584945999999995,-3.252523,5.475539,1566947890023
13233,226,Gyroscope,0.6872234,0.116675265,-0.44409904,1566947890032
13234,226,Accelerometer,-7.607576,-3.1651347000000003,5.616797,1566947890033
13235,226,Gyroscope,0.6969972,0.09468412,-0.44409904,1566947890042
13236,226,Accelerometer,-7.589619,-3.0262709,5.7029886,1566947890043
13237,226,Gyroscope,0.7012733,0.08735373,-0.44715336,1566947890052
13238,226,Accelerometer,-7.4399820000000005,-2.7844564999999997,5.756858,1566947890053
13239,226,Gyroscope,0.6963864000000001,0.14294247,-0.45020768,1566947890062
13240,226,Accelerometer,-7.405266,-2.8072014,5.840655,1566947890063
13241,226,Gyroscope,0.6817255999999999,0.16737708,-0.45753807,1566947890072
13242,226,Accelerometer,-7.3645644,-2.5438392000000003,5.7808,1566947890073
13243,226,Gyroscope,0.6805039,0.19547687,-0.47403142,1566947890082
13244,226,Accelerometer,-7.20535,-2.5689783,5.9172697,1566947890083
13245,226,Gyroscope,0.675617,0.21991149,-0.48197266,1566947890092
13246,226,Accelerometer,-7.255628,-2.6719291000000003,5.829880999999999,1566947890093
13247,226,Gyroscope,0.6609562,0.24617869,-0.48441613,1566947890102
13248,226,Accelerometer,-7.253234,-2.6551697,5.7400985,1566947890103
13249,226,Gyroscope,0.66889745,0.26083946,-0.5021312,1566947890113
13250,226,Accelerometer,-7.171831,-2.5366566,5.8681884,1566947890113
13251,226,Gyroscope,0.6963864000000001,0.28588495,-0.5131268,1566947890122
13252,226,Accelerometer,-7.207744,-2.566584,6.0645127,1566947890123
13253,226,Gyroscope,0.74097955,0.30848694,-0.52656585,1566947890132
13254,226,Accelerometer,-7.3190745999999995,-2.6443958,6.0848637000000005,1566947890133
13255,226,Gyroscope,0.7666359,0.3268129,-0.54611355,1566947890143
13256,226,Accelerometer,-7.4363904000000005,-2.7880477999999997,5.8681884,1566947890143
13257,226,Gyroscope,0.7672467,0.33108896,-0.56382865,1566947890152
13258,226,Accelerometer,-7.581239699999999,-2.873042,5.5509567,1566947890153
13259,226,Gyroscope,0.7611380999999999,0.32498032,-0.58032197,1566947890162
13260,226,Accelerometer,-7.7224975,-2.7868507,5.432443599999999,1566947890163
13261,226,Gyroscope,0.7690793,0.3109304,-0.5919284,1566947890172
13262,226,Accelerometer,-7.6853875999999985,-2.7629087,5.4420204000000005,1566947890173
13263,226,Gyroscope,0.77518797,0.27488935,-0.6059783000000001,1566947890182
13264,226,Accelerometer,-7.568071400000001,-2.7605145,5.343858200000001,1566947890183
13265,226,Gyroscope,0.79473567,0.22785273,-0.6096435,1566947890192
13266,226,Accelerometer,-7.5094137000000005,-2.765303,5.384559599999999,1566947890193
13267,226,Gyroscope,0.8228354999999999,0.21074851,-0.61575216,1566947890202
13268,226,Accelerometer,-7.429208,-2.7700913,5.5126495,1566947890203
13269,226,Gyroscope,0.8509353000000001,0.21807889999999996,-0.6249151,1566947890213
13270,226,Accelerometer,-7.366958599999999,-2.7246015,5.686229,1566947890213
13271,226,Gyroscope,0.86620694,0.24801129,-0.6420194,1566947890223
13272,226,Accelerometer,-7.3178773,-2.7198130000000003,5.815516000000001,1566947890223
13273,226,Gyroscope,0.8521569999999999,0.27977628,-0.66156703,1566947890232
13274,226,Accelerometer,-7.305906299999999,-2.7521348,5.758055000000001,1566947890233
13275,226,Gyroscope,0.82527894,0.27672195,-0.67256266,1566947890242
13276,226,Accelerometer,-7.455544000000001,-2.7222072999999996,5.5521536,1566947890243
13277,226,Gyroscope,0.82527894,0.26511553,-0.6908886,1566947890253
13278,226,Accelerometer,-7.8027034,-2.5019407000000005,5.7544637000000005,1566947890253
13279,226,Gyroscope,0.84482664,0.2773328,-0.7257079000000001,1566947890262
13280,226,Accelerometer,-7.776367,-2.5378537,5.7041855,1566947890263
13281,226,Gyroscope,0.8594874,0.29321529999999996,-0.7593055000000001,1566947890272
13282,226,Accelerometer,-7.69257,-2.6048915,5.463568,1566947890273
13283,226,Gyroscope,0.8527679,0.29810223,-0.77824235,1566947890282
13284,226,Accelerometer,-7.739257,-2.7605145,5.408501599999999,1566947890283
13285,226,Gyroscope,0.8741482,0.25228736,-0.7770206000000001,1566947890292
13286,226,Accelerometer,-7.678205,-2.8658595,5.530606,1566947890293
13287,226,Gyroscope,0.87964594,0.23457226,-0.7684685,1566947890303
13288,226,Accelerometer,-7.3406224,-3.0011318,5.604826,1566947890303
13289,226,Gyroscope,0.86193085,0.2510656,-0.7440339,1566947890312
13290,226,Accelerometer,-7.2364745,-3.1148564999999997,5.6790465999999995,1566947890313
13291,226,Gyroscope,0.8405505999999999,0.27488935,-0.70738196,1566947890322
13292,226,Accelerometer,-7.289147,-3.0861259999999997,5.639542,1566947890323
13293,226,Gyroscope,0.8155051,0.27855456,-0.6579019,1566947890332
13294,226,Accelerometer,-7.301117999999999,-2.9807810000000003,5.4396260000000005,1566947890333
13295,226,Gyroscope,0.8020661,0.2761111,-0.6096435,1566947890342
13296,226,Accelerometer,-7.2268977,-2.906561,5.2528787,1566947890343
13297,226,Gyroscope,0.81245077,0.29871312,-0.57604593,1566947890352
13298,226,Accelerometer,-7.325060000000001,-2.7665,5.246893,1566947890353
13299,226,Gyroscope,0.8417723,0.31520647,-0.5522222,1566947890363
13300,226,Accelerometer,-7.4758949999999995,-2.7006595,5.2768207,1566947890363
13301,226,Gyroscope,0.86559606,0.31520647,-0.53878313,1566947890372
13302,226,Accelerometer,-7.642291999999999,-2.6276363999999997,5.2002063,1566947890373
13303,226,Gyroscope,0.87109387,0.29565877,-0.5375614000000001,1566947890382
13304,226,Accelerometer,-7.803900200000001,-2.566584,5.175066999999999,1566947890383
13305,226,Gyroscope,0.86376345,0.28160888,-0.5448918,1566947890393
13306,226,Accelerometer,-7.9882539999999995,-2.5785553,5.1583076,1566947890393
13307,226,Gyroscope,0.8533788,0.27183503,-0.5552765000000001,1566947890402
13308,226,Accelerometer,-8.237250999999999,-2.5821466,5.1235914000000005,1566947890403
13309,226,Gyroscope,0.8472700999999999,0.258396,-0.5656611999999999,1566947890413
13310,226,Accelerometer,-8.415619,-2.574964,5.0745106,1566947890413
13311,226,Gyroscope,0.8362745,0.23701571,-0.5699373000000001,1566947890422
13312,226,Accelerometer,-8.414422,-2.5091232999999997,5.055357,1566947890423
13313,226,Gyroscope,0.8191703,0.21746802,-0.57726765,1566947890432
13314,226,Accelerometer,-8.219294999999999,-2.4109612,5.1678843,1566947890433
13315,226,Gyroscope,0.81306165,0.21013765,-0.5888741,1566947890442
13316,226,Accelerometer,-7.996633500000001,-2.385822,5.368997,1566947890443
13317,226,Gyroscope,0.81061816,0.20463985,-0.59803706,1566947890452
13318,226,Accelerometer,-7.787141,-2.5019407000000005,5.3941364,1566947890453
13319,226,Gyroscope,0.8051204000000001,0.19853121,-0.6017023,1566947890462
13320,226,Accelerometer,-7.514202,-2.5378537,5.4360349999999995,1566947890463
13321,226,Gyroscope,0.7886270000000001,0.19730948,-0.6017023,1566947890472
13322,226,Accelerometer,-7.285556,-2.4732103,5.418078400000001,1566947890473
13323,226,Gyroscope,0.77640975,0.19242255,-0.593761,1566947890482
13324,226,Accelerometer,-7.111975999999999,-2.5258827,5.4659624,1566947890483
13325,226,Gyroscope,0.7696901999999999,0.20280726,-0.5833763000000001,1566947890492
13326,226,Accelerometer,-7.1969705,-2.694674,5.487509999999999,1566947890493
13327,226,Gyroscope,0.7648033000000001,0.21074851,-0.56688297,1566947890502
13328,226,Accelerometer,-7.363367599999999,-2.8203697,5.403713,1566947890503
13329,226,Gyroscope,0.7507534,0.204029,-0.54367006,1566947890512
13330,226,Accelerometer,-7.4112515,-2.8048072,5.4061074,1566947890513
13331,226,Gyroscope,0.7318166,0.20036379999999998,-0.5027421,1566947890522
13332,226,Accelerometer,-7.3825210000000006,-2.8323407000000005,5.463568,1566947890523
13333,226,Gyroscope,0.71959925,0.22052236,-0.47586402,1566947890532
13334,226,Accelerometer,-7.3777327999999995,-2.9077580000000003,5.5401826,1566947890533
13335,226,Gyroscope,0.7067711,0.22785273,-0.45753807,1566947890542
13336,226,Accelerometer,-7.5094137000000005,-2.8814217999999996,5.595249,1566947890543
13337,226,Gyroscope,0.6969972,0.23151793,-0.45081854,1566947890553
13338,226,Accelerometer,-7.612364299999999,-2.7617116000000004,5.687426,1566947890553
13339,226,Gyroscope,0.6774496,0.24678956,-0.45204028,1566947890562
13340,226,Accelerometer,-7.5944076,-2.5965118,5.74369,1566947890563
13341,226,Gyroscope,0.6554584,0.27550024,-0.45937067,1566947890572
13342,226,Accelerometer,-7.553706,-2.4504653999999997,5.765238,1566947890573
13343,226,Gyroscope,0.62858033,0.29810223,-0.46609017,1566947890582
13344,226,Accelerometer,-7.5704656,-2.3630772,5.723339,1566947890583
13345,226,Gyroscope,0.59742624,0.3023783,-0.47158796,1566947890592
13346,226,Accelerometer,-7.6470804,-2.3235726000000003,5.683835,1566947890593
13347,226,Gyroscope,0.5662721,0.30482176,-0.47403142,1566947890602
13348,226,Accelerometer,-7.619547,-2.2888567,5.6922144999999995,1566947890603
13349,226,Gyroscope,0.5375614000000001,0.31703907,-0.4654793,1566947890612
13350,226,Accelerometer,-7.394492,-2.397793,5.7065797,1566947890613
13351,226,Gyroscope,0.52534413,0.33292156,-0.44837508,1566947890622
13352,226,Accelerometer,-7.328651400000001,-2.529474,5.6922144999999995,1566947890623
13353,226,Gyroscope,0.5161811,0.3359759,-0.41844269999999995,1566947890632
13354,226,Accelerometer,-7.374141000000001,-2.6443958,5.5988407,1566947890633
13355,226,Gyroscope,0.50762904,0.36468655,-0.3921755,1566947890642
13356,226,Accelerometer,-7.004237,-2.7952304,5.6706667,1566947890643
13357,226,Gyroscope,0.5015204000000001,0.39828414,-0.35918877,1566947890652
13358,226,Accelerometer,-7.135917999999999,-2.80361,5.608417500000001,1566947890653
13359,226,Gyroscope,0.49235737,0.4092797,-0.32803464,1566947890662
13360,226,Accelerometer,-7.311891999999999,-2.7844564999999997,5.4779334,1566947890663
13361,226,Gyroscope,0.48075095,0.39828414,-0.30115658,1566947890672
13362,226,Accelerometer,-7.4339960000000005,-2.835932,5.396530599999999,1566947890673
13363,226,Gyroscope,0.4709771,0.40622538,-0.27000242,1566947890682
13364,226,Accelerometer,-7.544129400000001,-2.7449522,5.3282957,1566947890683
13365,226,Gyroscope,0.46670106,0.41599923,-0.24129178,1566947890692
13366,226,Accelerometer,-7.607576,-2.657564,5.2995653,1566947890693
13367,226,Gyroscope,0.47219884,0.42394048,-0.21013765,1566947890703
13368,226,Accelerometer,-7.6614455999999995,-2.6060886,5.2899885,1566947890703
13369,226,Gyroscope,0.48136179999999995,0.45448375,-0.18203785,1566947890712
13370,226,Accelerometer,-7.8709383,-2.5474305,5.389348,1566947890713
13371,226,Gyroscope,0.48991394,0.48563787,-0.15393804,1566947890722
13372,226,Accelerometer,-8.046911999999999,-2.5510217999999996,5.3163247,1566947890723
13373,226,Gyroscope,0.49724430000000003,0.48991394,-0.13500121,1566947890732
13374,226,Accelerometer,-8.3390045,-2.5725696,5.2061915,1566947890733
13375,226,Gyroscope,0.50640726,0.47158796,-0.12217305,1566947890742
13376,226,Accelerometer,-8.461109,-2.4624363999999996,5.035006,1566947890743
13377,226,Gyroscope,0.51007247,0.45081854,-0.1337795,1566947890752
13378,226,Accelerometer,-8.567651,-2.3714569,4.83509,1566947890753
13379,226,Gyroscope,0.51251596,0.41599923,-0.16554448,1566947890762
13380,226,Accelerometer,-8.651448,-2.3523033,4.708197599999999,1566947890763
13381,226,Gyroscope,0.5174029,0.36346483,-0.21746802,1566947890772
13382,226,Accelerometer,-8.655039,-2.3666685000000003,4.560954,1566947890773
13383,226,Gyroscope,0.51923543,0.29016098,-0.27488935,1566947890783
13384,226,Accelerometer,-8.556877,-2.2613235,4.462791999999999,1566947890783
13385,226,Gyroscope,0.52534413,0.22113322,-0.33475417,1566947890792
13386,226,Accelerometer,-8.277952,-2.0913353,4.534618,1566947890793
13387,226,Gyroscope,0.54000485,0.17592919,-0.39400807,1566947890802
13388,226,Accelerometer,-7.9511437,-1.9847932000000001,4.7309427,1566947890803
13389,226,Gyroscope,0.5558874,0.15515977,-0.4447099,1566947890812
13390,226,Accelerometer,-7.681796,-2.1188686000000003,4.996699,1566947890813
13391,226,Gyroscope,0.5748241999999999,0.14049901,-0.47891834,1566947890822
13392,226,Accelerometer,-7.575253999999999,-2.3666685000000003,5.1882353,1566947890823
13393,226,Gyroscope,0.5925393,0.12217305,-0.49296826,1566947890832
13394,226,Accelerometer,-7.584830800000001,-2.610877,5.2301335,1566947890833
13395,226,Gyroscope,0.59681535,0.10751228,-0.48136179999999995,1566947890842
13396,226,Accelerometer,-7.607576,-2.6803088,5.2923827,1566947890843
13397,226,Gyroscope,0.602924,0.111177474,-0.45937067,1566947890852
13398,226,Accelerometer,-7.638700500000001,-2.6850972,5.368997,1566947890853
13399,226,Gyroscope,0.61391956,0.116675265,-0.43310347,1566947890863
13400,226,Accelerometer,-7.684190299999999,-2.6839,5.379771,1566947890863
13401,226,Gyroscope,0.62858033,0.11545353400000001,-0.408058,1566947890872
13402,226,Accelerometer,-7.6578539999999995,-2.6180596,5.4144874000000005,1566947890873
13403,226,Gyroscope,0.6401868000000001,0.111177474,-0.38789943,1566947890882
13404,226,Accelerometer,-7.645883,-2.4181437000000003,5.4863133,1566947890883
13405,226,Gyroscope,0.6536258,0.11178834,-0.37873647,1566947890892
13406,226,Accelerometer,-7.6794020000000005,-2.1918917,5.5497594,1566947890893
13407,226,Gyroscope,0.6469063,0.119729586,-0.38362336,1566947890903
13408,226,Accelerometer,-7.779958199999999,-1.9548656999999998,5.5760955999999995,1566947890903
13409,226,Gyroscope,0.63163465,0.13683382,-0.38606682,1566947890912
13410,226,Accelerometer,-7.872135000000001,-1.7741034,5.6227827,1566947890913
13411,226,Gyroscope,0.6169739000000001,0.15271631,-0.39584067,1566947890922
13412,226,Accelerometer,-7.979874000000001,-1.6795325,5.6682725,1566947890923
13413,226,Gyroscope,0.6035349,0.16676621,-0.4098906,1566947890932
13414,226,Accelerometer,-7.985860000000001,-1.6735470000000001,5.730521700000001,1566947890933
13415,226,Gyroscope,0.5882632,0.17715092,-0.41599923,1566947890943
13416,226,Accelerometer,-7.9463553,-1.7693150000000002,5.755661,1566947890943
13417,226,Gyroscope,0.58276546,0.19792034,-0.42210788,1566947890952
13418,226,Accelerometer,-7.860164,-1.9249381999999997,5.801151,1566947890953
13419,226,Gyroscope,0.57971114,0.21380283,-0.4288274,1566947890962
13420,226,Accelerometer,-7.797915,-2.1080947,5.768829,1566947890963
13421,226,Gyroscope,0.5821546,0.24190263,-0.41355577,1566947890972
13422,226,Accelerometer,-7.738060000000001,-2.1212628,5.705383,1566947890973
13423,226,Gyroscope,0.57726765,0.25534168,-0.40439278,1566947890982
13424,226,Accelerometer,-7.590816499999999,-2.086547,5.6431336,1566947890983
13425,226,Gyroscope,0.5748241999999999,0.26694809999999997,-0.39584067,1566947890992
13426,226,Accelerometer,-7.445967,-2.0362685000000003,5.601235,1566947890993
13427,226,Gyroscope,0.58459806,0.2761111,-0.39584067,1566947891002
13428,226,Accelerometer,-7.430405,-2.0626047,5.6407394,1566947891003
13429,226,Gyroscope,0.59681535,0.29504790000000003,-0.40011674,1566947891012
13430,226,Accelerometer,-7.5369470000000005,-2.079364,5.665878299999999,1566947891013
13431,226,Gyroscope,0.6041456999999999,0.30421090000000006,-0.40744713,1566947891022
13432,226,Accelerometer,-7.675811,-2.0482395,5.604826,1566947891024
13433,226,Gyroscope,0.6084218000000001,0.30482176,-0.41477749999999997,1566947891033
13434,226,Accelerometer,-7.754819400000001,-2.0147207,5.523423,1566947891033
13435,226,Gyroscope,0.6133086999999999,0.29199359999999996,-0.42455134,1566947891042
13436,226,Accelerometer,-7.789535000000001,-2.0159178,5.398925,1566947891043
13437,226,Gyroscope,0.61758476,0.2779437,-0.43676865,1566947891052
13438,226,Accelerometer,-7.813477000000001,-2.0386627,5.306748000000001,1566947891053
13439,226,Gyroscope,0.6236934000000001,0.25778514,-0.44715336,1566947891062
13440,226,Accelerometer,-7.8062944000000005,-2.0781669999999997,5.2409077,1566947891063
13441,226,Gyroscope,0.6414085,0.24495697,-0.45875978,1566947891072
13442,226,Accelerometer,-7.7560163,-2.0913353,5.305551,1566947891073
13443,226,Gyroscope,0.6591236,0.23457226,-0.4728097,1566947891082
13444,226,Accelerometer,-7.740454,-2.1164744,5.4623713,1566947891083
13445,226,Gyroscope,0.6786713000000001,0.22785273,-0.4886922,1566947891092
13446,226,Accelerometer,-7.717708999999999,-2.1535845,5.568912999999999,1566947891093
13447,226,Gyroscope,0.68783426,0.22968534,-0.50823987,1566947891102
13448,226,Accelerometer,-7.6626425000000005,-2.1823148999999997,5.650316,1566947891103
13449,226,Gyroscope,0.68783426,0.23579398,-0.5326744999999999,1566947891112
13450,226,Accelerometer,-7.6722193,-2.2122424,5.556941999999999,1566947891113
13451,226,Gyroscope,0.68600166,0.24312437,-0.5552765000000001,1566947891122
13452,226,Accelerometer,-7.759608,-2.2589292999999997,5.481525,1566947891123
13453,226,Gyroscope,0.6927211999999999,0.23151793,-0.58093286,1566947891132
13454,226,Accelerometer,-7.9786773,-2.2385786,5.33069,1566947891133
13455,226,Gyroscope,0.70738196,0.21135938,-0.60231316,1566947891143
13456,226,Accelerometer,-8.163031,-2.2828712,5.1690817000000004,1566947891143
13457,226,Gyroscope,0.71593404,0.17470746,-0.62125,1566947891152
13458,226,Accelerometer,-8.209717999999999,-2.2661119,5.087678400000001,1566947891153
13459,226,Gyroscope,0.73792523,0.13439035,-0.6432411,1566947891162
13460,226,Accelerometer,-8.118738,-2.2493525,5.151125,1566947891163
13461,226,Gyroscope,0.752586,0.11484267,-0.6774496,1566947891172
13462,226,Accelerometer,-8.110358,-2.3104044999999998,5.3713913,1566947891173
13463,226,Gyroscope,0.752586,0.111177474,-0.70432764,1566947891183
13464,226,Accelerometer,-8.104372999999999,-2.4779987,5.4899044,1566947891183
13465,226,Gyroscope,0.74036866,0.11178834,-0.72692966,1566947891192
13466,226,Accelerometer,-8.050502999999999,-2.6120741,5.589264,1566947891193
13467,226,Gyroscope,0.72082096,0.1142318,-0.7263188,1566947891202
13468,226,Accelerometer,-7.917625,-2.730587,5.631162000000001,1566947891203
13469,226,Gyroscope,0.6982189999999999,0.12583824,-0.70371675,1566947891212
13470,226,Accelerometer,-7.687782,-2.8060042999999997,5.5270147000000005,1566947891213
13471,226,Gyroscope,0.68416905,0.13439035,-0.68477994,1566947891222
13472,226,Accelerometer,-7.466317999999999,-2.8802247000000003,5.4515970000000005,1566947891223
13473,226,Gyroscope,0.66950834,0.14294247,-0.6579019,1566947891233
13474,226,Accelerometer,-7.2915410000000005,-2.9400797,5.463568,1566947891233
13475,226,Gyroscope,0.6591236,0.16676621,-0.6261369000000001,1566947891242
13476,226,Accelerometer,-7.184999499999999,-2.9352913,5.4922986,1566947891243
13477,226,Gyroscope,0.657291,0.19730948,-0.5864305999999999,1566947891252
13478,226,Accelerometer,-7.1646485,-2.89459,5.567716000000001,1566947891253
13479,226,Gyroscope,0.66156703,0.22235495,-0.5497787,1566947891262
13480,226,Accelerometer,-7.193378999999999,-2.8850130000000003,5.556941999999999,1566947891263
13481,226,Gyroscope,0.66889745,0.25289822,-0.5131268,1566947891273
13482,226,Accelerometer,-7.2915410000000005,-2.8431146000000003,5.5509567,1566947891273
13483,226,Gyroscope,0.66950834,0.28221974,-0.48380527,1566947891283
13484,226,Accelerometer,-7.383717999999999,-2.779668,5.474342299999999,1566947891283
13485,226,Gyroscope,0.6646214,0.2883284,-0.45570546,1566947891292
13486,226,Accelerometer,-7.551311999999999,-2.658761,5.341464,1566947891293
13487,226,Gyroscope,0.65668017,0.26939157,-0.44104472,1566947891302
13488,226,Accelerometer,-7.753622,-2.5605986,5.225345,1566947891303
13489,226,Gyroscope,0.64812803,0.2302962,-0.4392121,1566947891312
13490,226,Accelerometer,-7.728483,-2.516306,5.1726727,1566947891313
13491,226,Gyroscope,0.6401868000000001,0.19730948,-0.44287730000000003,1566947891323
13492,226,Accelerometer,-7.826645399999999,-2.4241292000000003,5.1583076,1566947891323
13493,226,Gyroscope,0.6426301999999999,0.15882497,-0.45998153,1566947891332
13494,226,Accelerometer,-7.7643960000000005,-2.4073699,5.2995653,1566947891333
13495,226,Gyroscope,0.64873886,0.13439035,-0.48258355,1566947891342
13496,226,Accelerometer,-7.605181699999999,-2.3834279,5.5162406,1566947891343
13497,226,Gyroscope,0.6432411,0.1337795,-0.49846604,1566947891352
13498,226,Accelerometer,-7.522581599999999,-2.3295584,5.637148000000001,1566947891353
13499,226,Gyroscope,0.63041294,0.13255776,-0.50885075,1566947891363
13500,226,Accelerometer,-7.514202,-2.2816741,5.7281275,1566947891363
13501,226,Gyroscope,0.61575216,0.13927728,-0.5119051,1566947891373
13502,226,Accelerometer,-7.384915400000001,-2.220622,5.753267,1566947891373
13503,226,Gyroscope,0.59864795,0.15271631,-0.5137377000000001,1566947891382
13504,226,Accelerometer,-7.2460512999999995,-2.2409727999999998,5.7640405,1566947891383
13505,226,Gyroscope,0.5900958000000001,0.17043139999999998,-0.5137377000000001,1566947891392
13506,226,Accelerometer,-7.144297999999999,-2.3882163,5.7377043,1566947891393
13507,226,Gyroscope,0.59559363,0.18142697,-0.5112942,1566947891402
13508,226,Accelerometer,-7.089231,-2.5701754,5.7089739999999995,1566947891403
13509,226,Gyroscope,0.60231316,0.18509217,-0.50762904,1566947891413
13510,226,Accelerometer,-7.134721300000001,-2.7449522,5.662287,1566947891413
13511,226,Gyroscope,0.59681535,0.18203785,-0.49907690000000005,1566947891422
13512,226,Accelerometer,-7.165846000000001,-2.8323407000000005,5.638344999999999,1566947891423
13513,226,Gyroscope,0.59315014,0.1826487,-0.48930305,1566947891432
13514,226,Accelerometer,-7.165846000000001,-2.883816,5.674258,1566947891433
13515,226,Gyroscope,0.5821546,0.18997909,-0.4642576,1566947891442
13516,226,Accelerometer,-7.1826053,-2.9580362,5.649119000000001,1566947891443
13517,226,Gyroscope,0.56505036,0.20097467,-0.44348818,1566947891452
13518,226,Accelerometer,-7.231686,-2.979584,5.601235,1566947891453
13519,226,Gyroscope,0.5491679,0.20708331,-0.41905355,1566947891462
13520,226,Accelerometer,-7.2460512999999995,-2.9376855,5.614403,1566947891463
13521,226,Gyroscope,0.535118,0.20708331,-0.40500367,1566947891473
13522,226,Accelerometer,-7.278373200000001,-2.8670566,5.616797,1566947891473
13523,226,Gyroscope,0.52106804,0.20830505,-0.39461896,1566947891482
13524,226,Accelerometer,-7.3178773,-2.8275523,5.6096144,1566947891483
13525,226,Gyroscope,0.51068336,0.21685717,-0.38973203,1566947891492
13526,226,Accelerometer,-7.374141000000001,-2.789245,5.649119000000001,1566947891493
13527,226,Gyroscope,0.49663344,0.22479841,-0.3817908,1566947891502
13528,226,Accelerometer,-7.466317999999999,-2.7868507,5.647922,1566947891503
13529,226,Gyroscope,0.48075095,0.22418754,-0.36896262,1566947891512
13530,226,Accelerometer,-7.507019500000001,-2.7868507,5.602432,1566947891513
13531,226,Gyroscope,0.45875978,0.22724187,-0.35491269999999997,1566947891523
13532,226,Accelerometer,-7.479486,-2.813187,5.577293,1566947891523
13533,226,Gyroscope,0.43860126,0.23090707,-0.3390302,1566947891532
13534,226,Accelerometer,-7.438784599999999,-2.8215668,5.5485625,1566947891533
13535,226,Gyroscope,0.41722095,0.2302962,-0.32131509999999996,1566947891542
13536,226,Accelerometer,-7.366958599999999,-2.859874,5.518635,1566947891543
13537,226,Gyroscope,0.398895,0.23273966,-0.30421090000000006,1566947891552
13538,226,Accelerometer,-7.284358500000001,-2.825158,5.521029,1566947891553
13539,226,Gyroscope,0.3915646,0.23762658,-0.29016098,1566947891562
13540,226,Accelerometer,-7.2640080000000005,-2.8119897999999997,5.5605335,1566947891563
13541,226,Gyroscope,0.3866777,0.23335053,-0.27977628,1566947891573
13542,226,Accelerometer,-7.413645699999999,-2.7605145,5.595249,1566947891573
13543,226,Gyroscope,0.38362336,0.24556783,-0.26939157,1566947891582
13544,226,Accelerometer,-7.325060000000001,-2.9053638,5.699397,1566947891583
13545,226,Gyroscope,0.37812558,0.27977628,-0.25900686,1566947891592
13546,226,Accelerometer,-7.3190745999999995,-2.8993783,5.731719,1566947891593
13547,226,Gyroscope,0.35735616,0.31948254,-0.24068089999999998,1566947891602
13548,226,Accelerometer,-7.5944076,-2.9125464,5.57849,1566947891603
13549,226,Gyroscope,0.33475417,0.33169982,-0.22052236,1566947891612
13550,226,Accelerometer,-7.584830800000001,-2.9747956,5.366603,1566947891613
13551,226,Gyroscope,0.32620203,0.3323107,-0.20952678,1566947891623
13552,226,Accelerometer,-7.524976,-2.930503,5.282806,1566947891623
13553,226,Gyroscope,0.33169982,0.32498032,-0.19730948,1566947891632
13554,226,Accelerometer,-7.429208,-2.991555,5.092467,1566947891633
13555,226,Gyroscope,0.35063666,0.30787608,-0.18570304,1566947891642
13556,226,Accelerometer,-7.489063000000001,-3.004723,5.0936639999999995,1566947891643
13557,226,Gyroscope,0.36774087,0.30665436,-0.17531833,1566947891652
13558,226,Accelerometer,-7.553706,-3.0178912,5.080496,1566947891653
13559,226,Gyroscope,0.3811799,0.30298916,-0.15943582,1566947891662
13560,226,Accelerometer,-7.754819400000001,-2.9759927000000004,5.1056349999999995,1566947891663
13561,226,Gyroscope,0.398895,0.29077184,-0.1337795,1566947891672
13562,226,Accelerometer,-7.935581699999999,-2.8682537,5.1439424,1566947891673
13563,226,Gyroscope,0.40744713,0.27122417,-0.112399206,1566947891682
13564,226,Accelerometer,-8.064867999999999,-2.7605145,5.2397103,1566947891683
13565,226,Gyroscope,0.41172317,0.26939157,-0.099571034,1566947891692
13566,226,Accelerometer,-8.167819,-2.6144682999999995,5.305551,1566947891693
13567,226,Gyroscope,0.4166101,0.26633725,-0.0983493,1566947891702
13568,226,Accelerometer,-8.280347,-2.5103204,5.2995653,1566947891703
13569,226,Gyroscope,0.42027529999999996,0.26694809999999997,-0.10873401,1566947891712
13570,226,Accelerometer,-8.458714500000001,-2.4013843999999995,5.213374,1566947891713
13571,226,Gyroscope,0.41477749999999997,0.26389378,-0.1386664,1566947891722
13572,226,Accelerometer,-8.6334915,-2.2625206,5.1080294,1566947891723
13573,226,Gyroscope,0.4092797,0.24312437,-0.17898351,1566947891733
13574,226,Accelerometer,-8.640674,-2.098518,5.0397944,1566947891733
13575,226,Gyroscope,0.40256020000000003,0.21807889999999996,-0.23273966,1566947891742
13576,226,Accelerometer,-8.511387,-2.0207062,5.045780000000001,1566947891743
13577,226,Gyroscope,0.39400807,0.19242255,-0.28588495,1566947891752
13578,226,Accelerometer,-8.325836,-2.1212628,5.0541596,1566947891753
13579,226,Gyroscope,0.37873647,0.16920967,-0.32375857,1566947891762
13580,226,Accelerometer,-8.037335,-2.267309,5.0577510000000006,1566947891763
13581,226,Gyroscope,0.37140608,0.15210545,-0.34880406,1566947891772
13582,226,Accelerometer,-7.762002000000001,-2.3427265,5.1056349999999995,1566947891773
13583,226,Gyroscope,0.37568212,0.14294247,-0.36346483,1566947891782
13584,226,Accelerometer,-7.496245399999999,-2.3882163,5.1607018,1566947891783
13585,226,Gyroscope,0.398895,0.12583824,-0.36774087,1566947891792
13586,226,Accelerometer,-7.3885064,-2.432509,5.246893,1566947891793
13587,226,Gyroscope,0.42577308,0.111177474,-0.36957347,1566947891802
13588,226,Accelerometer,-7.381324,-2.492364,5.3522377,1566947891803
13589,226,Gyroscope,0.45204028,0.10445796,-0.36468655,1566947891812
13590,226,Accelerometer,-7.479486,-2.529474,5.4659624,1566947891813
13591,226,Gyroscope,0.4709771,0.11056661,-0.35979962,1566947891822
13592,226,Accelerometer,-7.565677,-2.5701754,5.5748987,1566947891823
13593,226,Gyroscope,0.47708577,0.118507855,-0.344528,1566947891832
13594,226,Accelerometer,-7.7129207,-2.552219,5.6407394,1566947891833
13595,226,Gyroscope,0.48197266,0.1386664,-0.32803464,1566947891843
13596,226,Accelerometer,-7.7847466,-2.4516625,5.705383,1566947891843
13597,226,Gyroscope,0.48136179999999995,0.15088372,-0.30848694,1566947891852
13598,226,Accelerometer,-7.809886,-2.3582888,5.697003,1566947891853
13599,226,Gyroscope,0.48136179999999995,0.16310102,-0.29321529999999996,1566947891862
13600,226,Accelerometer,-7.795521000000001,-2.2337902,5.683835,1566947891863
13601,226,Gyroscope,0.4831944,0.18020524,-0.28527406,1566947891872
13602,226,Accelerometer,-7.7344685,-2.087744,5.659893,1566947891873
13603,226,Gyroscope,0.48441613,0.1881465,-0.28588495,1566947891882
13604,226,Accelerometer,-7.6578539999999995,-1.9656396,5.657499,1566947891883
13605,226,Gyroscope,0.48624873,0.18753563,-0.2968805,1566947891893
13606,226,Accelerometer,-7.563283,-1.8435352999999999,5.7029886,1566947891893
13607,226,Gyroscope,0.48991394,0.18631389999999998,-0.31581733,1566947891902
13608,226,Accelerometer,-7.485471700000001,-1.7585411,5.7017913,1566947891903
13609,226,Gyroscope,0.49907690000000005,0.18325958,-0.33536503,1566947891912
13610,226,Accelerometer,-7.454347,-1.7417817,5.7161565,1566947891913
13611,226,Gyroscope,0.50579643,0.19486602,-0.35491269999999997,1566947891922
13612,226,Accelerometer,-7.49026,-1.7764976000000003,5.734113,1566947891923
13613,226,Gyroscope,0.5015204000000001,0.21868975,-0.37018433,1566947891933
13614,226,Accelerometer,-7.5453267,-1.8770541,5.7257333,1566947891933
13615,226,Gyroscope,0.49663344,0.24007004,-0.37812558,1566947891942
13616,226,Accelerometer,-7.601590600000001,-1.9560628,5.7209449999999995,1566947891943
13617,226,Gyroscope,0.49968776,0.2565634,-0.37995818,1566947891952
13618,226,Accelerometer,-7.5944076,-2.0709844,5.7281275,1566947891953
13619,226,Gyroscope,0.50579643,0.27183503,-0.37934732,1566947891962
13620,226,Accelerometer,-7.541735000000001,-2.2098482,5.74369,1566947891963
13621,226,Gyroscope,0.5204572000000001,0.27366763,-0.37690386,1566947891972
13622,226,Accelerometer,-7.544129400000001,-2.3319526,5.639542,1566947891973
13623,226,Gyroscope,0.5314528000000001,0.27916542,-0.37873647,1566947891982
13624,226,Accelerometer,-7.526173,-2.3726540000000003,5.5605335,1566947891983
13625,226,Gyroscope,0.54611355,0.27550024,-0.3817908,1566947891993
13626,226,Accelerometer,-7.53575,-2.3211784,5.4863133,1566947891993
13627,226,Gyroscope,0.5705481,0.27000242,-0.39461896,1566947892002
13628,226,Accelerometer,-7.597999000000001,-2.2421699,5.5006785,1566947892003
13629,226,Gyroscope,0.5882632,0.25961772,-0.41294490000000006,1566947892012
13630,226,Accelerometer,-7.723694999999999,-2.1823148999999997,5.449203,1566947892013
13631,226,Gyroscope,0.602924,0.24740042,-0.43066000000000004,1566947892022
13632,226,Accelerometer,-7.788338,-2.1523874,5.389348,1566947892023
13633,226,Gyroscope,0.6133086999999999,0.23762658,-0.45081854,1566947892032
13634,226,Accelerometer,-7.8673470000000005,-2.1787236,5.3582234,1566947892033
13635,226,Gyroscope,0.625526,0.22968534,-0.4636467000000001,1566947892042
13636,226,Accelerometer,-7.893683,-2.2170308,5.3582234,1566947892043
13637,226,Gyroscope,0.62858033,0.23273966,-0.46792278,1566947892053
13638,226,Accelerometer,-7.9248075,-2.2972363999999996,5.3247046,1566947892053
13639,226,Gyroscope,0.63224554,0.22907446,-0.46853364,1566947892062
13640,226,Accelerometer,-7.979874000000001,-2.3343467999999996,5.3390699999999995,1566947892063
13641,226,Gyroscope,0.6401868000000001,0.22479841,-0.462425,1566947892072
13642,226,Accelerometer,-7.963114699999999,-2.3379380000000003,5.395334,1566947892073
13643,226,Gyroscope,0.6542366999999999,0.21991149,-0.46120325,1566947892082
13644,226,Accelerometer,-7.987056699999999,-2.3008277,5.4168816,1566947892083
13645,226,Gyroscope,0.66339964,0.20769419,-0.4642576,1566947892092
13646,226,Accelerometer,-7.9547353,-2.348712,5.231331,1566947892093
13647,226,Gyroscope,0.66339964,0.19975294,-0.46914452,1566947892103
13648,226,Accelerometer,-7.891288799999999,-2.2888567,5.1930237,1566947892103
13649,226,Gyroscope,0.66339964,0.19608775,-0.47708577,1566947892112
13650,226,Accelerometer,-7.801506,-2.1859062000000002,5.261258,1566947892113
13651,226,Gyroscope,0.66950834,0.19608775,-0.48685959999999995,1566947892122
13652,226,Accelerometer,-7.693767,-2.1284454,5.3390699999999995,1566947892123
13653,226,Gyroscope,0.6817255999999999,0.19425514,-0.5131268,1566947892132
13654,226,Accelerometer,-7.750031,-2.1284454,5.407305,1566947892133
13655,226,Gyroscope,0.6835581999999999,0.19792034,-0.52778757,1566947892142
13656,226,Accelerometer,-7.8649526,-2.1703438999999998,5.471948,1566947892143
13657,226,Gyroscope,0.68477994,0.20525073,-0.54244834,1566947892152
13658,226,Accelerometer,-7.937975999999999,-2.1320367,5.5054669999999994,1566947892153
13659,226,Gyroscope,0.68477994,0.20891592,-0.5552765000000001,1566947892162
13660,226,Accelerometer,-7.898471400000001,-2.2218192,5.5389857000000005,1566947892163
13661,226,Gyroscope,0.6921103,0.20952678,-0.56321776,1566947892172
13662,226,Accelerometer,-7.912836599999999,-2.3175871,5.4779334,1566947892173
13663,226,Gyroscope,0.6969972,0.20647246,-0.5681046999999999,1566947892182
13664,226,Accelerometer,-7.8086886,-2.348712,5.4934959999999995,1566947892183
13665,226,Gyroscope,0.7110472,0.19547687,-0.5723807,1566947892192
13666,226,Accelerometer,-7.7189064,-2.3247697,5.5389857000000005,1566947892193
13667,226,Gyroscope,0.7104363,0.18203785,-0.5821546,1566947892202
13668,226,Accelerometer,-7.601590600000001,-2.327164,5.506664,1566947892203
13669,226,Gyroscope,0.7110472,0.16493362,-0.58276546,1566947892213
13670,226,Accelerometer,-7.550114999999999,-2.2864625,5.628768,1566947892213
13671,226,Gyroscope,0.72326446,0.16798794,-0.593761,1566947892222
13672,226,Accelerometer,-7.4842744,-2.2649147999999997,5.853823,1566947892223
13673,226,Gyroscope,0.7360926,0.17959438,-0.60048056,1566947892232
13674,226,Accelerometer,-7.5106106,-2.2828712,5.911283999999999,1566947892233
13675,226,Gyroscope,0.74464476,0.19547687,-0.6078109,1566947892242
13676,226,Accelerometer,-7.5668745,-2.3415293999999998,5.972336299999999,1566947892243
13677,226,Gyroscope,0.7489208,0.22174409,-0.6151413,1566947892252
13678,226,Accelerometer,-7.636306299999999,-2.3379380000000003,5.9867015,1566947892253
13679,226,Gyroscope,0.7470882,0.24373524,-0.63713247,1566947892263
13680,226,Accelerometer,-7.773973,-2.2984335,5.9005103,1566947892263
13681,226,Gyroscope,0.7507534,0.25534168,-0.6640105,1566947892272
13682,226,Accelerometer,-7.881711999999999,-2.2984335,5.785588300000001,1566947892273
13683,226,Gyroscope,0.73975784,0.25717425,-0.6939429,1566947892282
13684,226,Accelerometer,-7.9343843,-2.3295584,5.662287,1566947892283
13685,226,Gyroscope,0.71776664,0.25350907,-0.7134906,1566947892292
13686,226,Accelerometer,-7.914034,-2.3798366,5.5485625,1566947892293
13687,226,Gyroscope,0.6988298000000001,0.24862215,-0.72509706,1566947892302
13688,226,Accelerometer,-7.835025,-2.4145525,5.474342299999999,1566947892303
13689,226,Gyroscope,0.68233645,0.25534168,-0.7153232,1566947892312
13690,226,Accelerometer,-7.723694999999999,-2.4768016,5.4384294,1566947892313
13691,226,Gyroscope,0.66645396,0.27183503,-0.6945538,1566947892323
13692,226,Accelerometer,-7.540538300000001,-2.6408044999999998,5.3905449999999995,1566947892323
13693,226,Gyroscope,0.65240407,0.28893927,-0.6621779000000001,1566947892332
13694,226,Accelerometer,-7.424419400000001,-2.8311436000000003,5.2887917,1566947892333
13695,226,Gyroscope,0.6224717,0.27977628,-0.6243043,1566947892342
13696,226,Accelerometer,-7.3106947,-2.9580362,5.0254292000000005,1566947892343
13697,226,Gyroscope,0.5900958000000001,0.26267207,-0.5815437,1566947892352
13698,226,Accelerometer,-7.186196300000001,-2.979584,5.038597599999999,1566947892353
13699,226,Gyroscope,0.58276546,0.25411993,-0.5149594,1566947892362
13700,226,Accelerometer,-7.133524,-2.930503,5.1271830000000005,1566947892363
13701,226,Gyroscope,0.6096435,0.24007004,-0.48380527,1566947892373
13702,226,Accelerometer,-7.0808516,-2.9472623,5.1942205,1566947892373
13703,226,Gyroscope,0.6438520000000001,0.22602014,-0.47036624,1566947892382
13704,226,Accelerometer,-7.0940194000000005,-2.8969840000000002,5.2744265,1566947892383
13705,226,Gyroscope,0.675617,0.20525073,-0.46853364,1566947892392
13706,226,Accelerometer,-7.232883500000001,-2.8443117,5.3761797,1566947892393
13707,226,Gyroscope,0.68294734,0.1966986,-0.46792278,1566947892402
13708,226,Accelerometer,-7.400477400000001,-2.7988217,5.437232,1566947892403
13709,226,Gyroscope,0.67256266,0.19425514,-0.46853364,1566947892412
13710,226,Accelerometer,-7.538144,-2.6204537999999995,5.506664,1566947892413
13711,226,Gyroscope,0.6609562,0.18875736,-0.47708577,1566947892422
13712,226,Accelerometer,-7.6135616,-2.5139117000000004,5.6299653,1566947892423
13713,226,Gyroscope,0.65057147,0.19486602,-0.49113566,1566947892432
13714,226,Accelerometer,-7.728483,-2.5797524,5.7209449999999995,1566947892433
13715,226,Gyroscope,0.63713247,0.20647246,-0.5002986,1566947892442
13716,226,Accelerometer,-7.77517,-2.5139117000000004,5.651513,1566947892443
13717,226,Gyroscope,0.6310238,0.20708331,-0.50335294,1566947892452
13718,226,Accelerometer,-7.698555499999999,-2.4624363999999996,5.5868697,1566947892453
13719,226,Gyroscope,0.63346726,0.21013765,-0.5021312,1566947892462
13720,226,Accelerometer,-7.6135616,-2.5486276,5.60722,1566947892463
13721,226,Gyroscope,0.6365215999999999,0.22418754,-0.49480084,1566947892472
13722,226,Accelerometer,-7.4735007,-2.6503813,5.5748987,1566947892472
13723,226,Gyroscope,0.6310238,0.22174409,-0.48930305,1566947892483
13724,226,Accelerometer,-7.429208,-2.767697,5.4695540000000005,1566947892483
13725,226,Gyroscope,0.6243043,0.21197024,-0.47952923,1566947892492
13726,226,Accelerometer,-7.363367599999999,-2.835932,5.3857565,1566947892493
13727,226,Gyroscope,0.61758476,0.20463985,-0.46914452,1566947892502
13728,226,Accelerometer,-7.315483,-2.8431146000000003,5.3785739999999995,1566947892503
13729,226,Gyroscope,0.6078109,0.20830505,-0.462425,1566947892512
13730,226,Accelerometer,-7.267599000000001,-2.8874072999999996,5.386954,1566947892513
13731,226,Gyroscope,0.59437186,0.20952678,-0.45081854,1566947892522
13732,226,Accelerometer,-7.247248599999999,-2.873042,5.342661,1566947892523
13733,226,Gyroscope,0.589485,0.20525073,-0.43676865,1566947892532
13734,226,Accelerometer,-7.2460512999999995,-2.8538885,5.374983,1566947892533
13735,226,Gyroscope,0.59437186,0.19914207,-0.42577308,1566947892543
13736,226,Accelerometer,-7.268796400000001,-2.89459,5.444414599999999,1566947892543
13737,226,Gyroscope,0.60048056,0.20463985,-0.41477749999999997,1566947892552
13738,226,Accelerometer,-7.4711065,-2.9149406000000004,5.568912999999999,1566947892553
13739,226,Gyroscope,0.59864795,0.20830505,-0.41172317,1566947892562
13740,226,Accelerometer,-7.5189905,-2.8694507999999996,5.5725045,1566947892563
13741,226,Gyroscope,0.5900958000000001,0.20097467,-0.40683624,1566947892572
13742,226,Accelerometer,-7.5561004,-2.813187,5.494693,1566947892573
13743,226,Gyroscope,0.5674938,0.19181168,-0.40439278,1566947892582
13744,226,Accelerometer,-7.603985000000001,-2.7545290000000002,5.4551888,1566947892583
13745,226,Gyroscope,0.5338961999999999,0.1777618,-0.40500367,1566947892592
13746,226,Accelerometer,-7.5584945999999995,-2.7353754,5.506664,1566947892593
13747,226,Gyroscope,0.5112942,0.18325958,-0.40317106,1566947892602
13748,226,Accelerometer,-7.477092,-2.6874914,5.5844755,1566947892603
13749,226,Gyroscope,0.4905248,0.19730948,-0.39461896,1566947892612
13750,226,Accelerometer,-7.5608889999999995,-2.6671407000000005,5.604826,1566947892613
13751,226,Gyroscope,0.47464229999999996,0.22052236,-0.38851030000000003,1566947892622
13752,226,Accelerometer,-7.3202715,-2.718616,5.683835,1566947892623
13753,226,Gyroscope,0.45570546,0.26572640000000003,-0.38056904,1566947892632
13754,226,Accelerometer,-7.4327993,-2.8167782000000003,5.614403,1566947892633
13755,226,Gyroscope,0.4392121,0.29504790000000003,-0.36774087,1566947892642
13756,226,Accelerometer,-7.357382,-2.8909986,5.473145,1566947892643
13757,226,Gyroscope,0.43188173,0.27916542,-0.3475823,1566947892652
13758,226,Accelerometer,-7.3430165999999994,-2.9364884,5.4144874000000005,1566947892653
13759,226,Gyroscope,0.42455134,0.25534168,-0.3323107,1566947892662
13760,226,Accelerometer,-7.301117999999999,-2.8766334,5.427655000000001,1566947892663
13761,226,Gyroscope,0.41233405,0.26206118,-0.31826079999999995,1566947892672
13762,226,Accelerometer,-7.396886299999999,-2.779668,5.4480059999999995,1566947892673
13763,226,Gyroscope,0.40133846,0.26816985,-0.31031954,1566947892682
13764,226,Accelerometer,-7.4974427,-2.870648,5.4551888,1566947892683
13765,226,Gyroscope,0.40133846,0.27122417,-0.2968805,1566947892692
13766,226,Accelerometer,-7.478289,-2.9759927000000004,5.4803276,1566947892693
13767,226,Gyroscope,0.39584067,0.29138273,-0.2706133,1566947892702
13768,226,Accelerometer,-7.5429325,-2.956839,5.4791307,1566947892703
13769,226,Gyroscope,0.38912117,0.32009340000000003,-0.23945917,1566947892713
13770,226,Accelerometer,-7.5668745,-2.9281087,5.4144874000000005,1566947892713
13771,226,Gyroscope,0.37751472,0.3390302,-0.19914207,1566947892723
13772,226,Accelerometer,-7.726089,-2.9137435000000003,5.2875943,1566947892723
13773,226,Gyroscope,0.36468655,0.35063666,-0.15699236,1566947892732
13774,226,Accelerometer,-7.845799,-2.7880477999999997,5.12838,1566947892733
13775,226,Gyroscope,0.35124752,0.35185838,-0.12217305,1566947892742
13776,226,Accelerometer,-7.782352400000001,-2.682703,5.100847,1566947892743
13777,226,Gyroscope,0.35002577,0.34208453,-0.093462385,1566947892752
13778,226,Accelerometer,-7.77517,-2.528277,5.0721164000000005,1566947892753
13779,226,Gyroscope,0.36041048,0.3390302,-0.07147124,1566947892762
13780,226,Accelerometer,-7.8577699999999995,-2.3618799999999998,5.1259856,1566947892763
13781,226,Gyroscope,0.3830125,0.3475823,-0.06719518,1566947892773
13782,226,Accelerometer,-8.067263,-2.2876596,5.1642933,1566947892773
13783,226,Gyroscope,0.40133846,0.35308012,-0.08307768,1566947892782
13784,226,Accelerometer,-8.346188,-2.2014685000000003,5.1319714,1566947892783
13785,226,Gyroscope,0.398895,0.34697145,-0.12156218,1566947892792
13786,226,Accelerometer,-8.647857,-2.147599,5.0972550000000005,1566947892793
13787,226,Gyroscope,0.38606682,0.32436943,-0.16737708,1566947892802
13788,226,Accelerometer,-8.840589999999999,-2.1428106,5.0637364,1566947892803
13789,226,Gyroscope,0.36713,0.29504790000000003,-0.23945917,1566947892812
13790,226,Accelerometer,-8.943541,-2.2134395000000002,4.983531,1566947892813
13791,226,Gyroscope,0.35308012,0.26694809999999997,-0.28160888,1566947892823
13792,226,Accelerometer,-8.881291000000001,-2.2948422,4.8099513,1566947892823
13793,226,Gyroscope,0.35369098,0.23762658,-0.31215215,1566947892832
13794,226,Accelerometer,-8.579621000000001,-2.3451207000000003,4.7381253,1566947892833
13795,226,Gyroscope,0.37751472,0.21868975,-0.3378085,1566947892842
13796,226,Accelerometer,-8.133103,-2.3415293999999998,4.7860093,1566947892843
13797,226,Gyroscope,0.41844269999999995,0.18753563,-0.3622431,1566947892852
13798,226,Accelerometer,-7.717708999999999,-2.3582888,4.823119,1566947892853
13799,226,Gyroscope,0.4605924,0.13133603,-0.38362336,1566947892862
13800,226,Accelerometer,-7.4723034,-2.456451,4.830302,1566947892863
13801,226,Gyroscope,0.49418998,0.081855945,-0.3921755,1566947892872
13802,226,Accelerometer,-7.4471645,-2.540248,4.876989,1566947892873
13803,226,Gyroscope,0.5198463,0.058643065,-0.39767328,1566947892882
13804,226,Accelerometer,-7.478289,-2.553416,5.027823400000001,1566947892883
13805,226,Gyroscope,0.53023106,0.059253927000000005,-0.39645153,1566947892892
13806,226,Accelerometer,-7.562086,-2.6084828,5.1810527,1566947892893
13807,226,Gyroscope,0.54000485,0.064751714,-0.3921755,1566947892902
13808,226,Accelerometer,-7.699753,-2.6431987,5.3007627,1566947892903
13809,226,Gyroscope,0.5497787,0.070249505,-0.38606682,1566947892912
13810,226,Accelerometer,-7.797915,-2.5761611,5.4049106,1566947892913
13811,226,Gyroscope,0.56199604,0.07574729,-0.37812558,1566947892922
13812,226,Accelerometer,-7.856573,-2.4552537999999995,5.507861,1566947892923
13813,226,Gyroscope,0.5729916,0.07880162,-0.37568212,1566947892932
13814,226,Accelerometer,-7.9571295,-2.3475148999999997,5.5545480000000005,1566947892933
13815,226,Gyroscope,0.57726765,0.07574729,-0.37873647,1566947892943
13816,226,Accelerometer,-8.006210000000001,-2.1954830000000003,5.5509567,1566947892943
13817,226,Gyroscope,0.57726765,0.073303826,-0.3811799,1566947892952
13818,226,Accelerometer,-7.987056699999999,-2.0374656000000004,5.592855,1566947892953
13819,226,Gyroscope,0.5766568,0.07269296,-0.38851030000000003,1566947892962
13820,226,Accelerometer,-7.916428,-1.8674773,5.649119000000001,1566947892963
13821,226,Gyroscope,0.56321776,0.07147124,-0.39828414,1566947892972
13822,226,Accelerometer,-7.8589673,-1.7681179,5.66947,1566947892973
13823,226,Gyroscope,0.5516113,0.07574729,-0.40500367,1566947892982
13824,226,Accelerometer,-7.807492,-1.7310078000000002,5.722142,1566947892983
13825,226,Gyroscope,0.54000485,0.09407325,-0.4111123,1566947892993
13826,226,Accelerometer,-7.7189064,-1.7357962,5.792771,1566947892993
13827,226,Gyroscope,0.52839845,0.11728613,-0.41294490000000006,1566947893002
13828,226,Accelerometer,-7.5800424,-1.7561468999999996,5.865794,1566947893003
13829,226,Gyroscope,0.5137377000000001,0.14905111,-0.41172317,1566947893012
13830,226,Accelerometer,-7.328651400000001,-1.9009962,6.0130377,1566947893013
13831,226,Gyroscope,0.5112942,0.1826487,-0.41050145,1566947893022
13832,226,Accelerometer,-7.2759789999999995,-2.019509,5.9687448,1566947893023
13833,226,Gyroscope,0.5039638,0.21502456,-0.40683624,1566947893032
13834,226,Accelerometer,-7.249642999999999,-2.1092918,5.9148755,1566947893033
13835,226,Gyroscope,0.49724430000000003,0.24862215,-0.39828414,1566947893042
13836,226,Accelerometer,-7.290344,-2.111686,5.899312999999999,1566947893043
13837,226,Gyroscope,0.48991394,0.29749137,-0.39706242,1566947893053
13838,226,Accelerometer,-7.352593400000001,-2.148796,5.8825536,1566947893053
13839,226,Gyroscope,0.49602258,0.31215215,-0.39461896,1566947893062
13840,226,Accelerometer,-7.5034279999999995,-2.2888567,5.734113,1566947893063
13841,226,Gyroscope,0.5002986,0.3115413,-0.3933972,1566947893072
13842,226,Accelerometer,-7.615956,-2.384625,5.583278,1566947893073
13843,226,Gyroscope,0.50701815,0.3023783,-0.38851030000000003,1566947893082
13844,226,Accelerometer,-7.6734165999999995,-2.3834279,5.483919,1566947893083
13845,226,Gyroscope,0.5149594,0.29565877,-0.3915646,1566947893092
13846,226,Accelerometer,-7.7224975,-2.3403322999999996,5.420472599999999,1566947893093
13847,226,Gyroscope,0.52595496,0.2864958,-0.3933972,1566947893102
13848,226,Accelerometer,-7.7847466,-2.348712,5.3522377,1566947893103
13849,226,Gyroscope,0.5375614000000001,0.27672195,-0.39828414,1566947893113
13850,226,Accelerometer,-7.8709383,-2.3594859,5.3079453,1566947893113
13851,226,Gyroscope,0.54733527,0.25778514,-0.4092797,1566947893122
13852,226,Accelerometer,-7.8278419999999995,-2.2577322,5.363012,1566947893123
13853,226,Gyroscope,0.5503895999999999,0.25045475,-0.42455134,1566947893132
13854,226,Accelerometer,-7.8302364,-2.1883004,5.401319,1566947893133
13855,226,Gyroscope,0.5491679,0.24801129,-0.44043383,1566947893142
13856,226,Accelerometer,-7.81228,-2.1583729,5.4240639999999996,1566947893143
13857,226,Gyroscope,0.54183745,0.24801129,-0.45448375,1566947893152
13858,226,Accelerometer,-7.854178999999999,-2.1847090000000002,5.3618144999999995,1566947893153
13859,226,Gyroscope,0.535118,0.24495697,-0.46609017,1566947893162
13860,226,Accelerometer,-7.846996300000001,-2.2433669999999997,5.234922,1566947893163
13861,226,Gyroscope,0.5332854,0.24007004,-0.46731192,1566947893173
13862,226,Accelerometer,-7.782352400000001,-2.2230163,5.1810527,1566947893173
13863,226,Gyroscope,0.54550266,0.23640485,-0.47464229999999996,1566947893182
13864,226,Accelerometer,-7.7907324000000004,-2.3211784,5.2301335,1566947893183
13865,226,Gyroscope,0.55833083,0.23823744,-0.48258355,1566947893192
13866,226,Accelerometer,-7.825448,-2.3738509999999997,5.3594203,1566947893193
13867,226,Gyroscope,0.57543504,0.23273966,-0.49174652,1566947893202
13868,226,Accelerometer,-7.9523410000000005,-2.3953989,5.4647654999999995,1566947893203
13869,226,Gyroscope,0.5833763000000001,0.22907446,-0.5021312,1566947893212
13870,226,Accelerometer,-8.104372999999999,-2.3953989,5.531803,1566947893213
13871,226,Gyroscope,0.59131753,0.20586158,-0.5155702999999999,1566947893222
13872,226,Accelerometer,-8.1319065,-2.4277205000000004,5.475539,1566947893223
13873,226,Gyroscope,0.59131753,0.18997909,-0.52778757,1566947893233
13874,226,Accelerometer,-8.183380999999999,-2.4779987,5.401319,1566947893233
13875,226,Gyroscope,0.59620446,0.16982053,-0.54183745,1566947893242
13876,226,Accelerometer,-8.161833999999999,-2.4839842,5.3678,1566947893243
13877,226,Gyroscope,0.59803706,0.14660765,-0.5589417,1566947893252
13878,226,Accelerometer,-8.204929,-2.4672248,5.303157,1566947893253
13879,226,Gyroscope,0.5900958000000001,0.13561209,-0.57543504,1566947893262
13880,226,Accelerometer,-8.130709,-2.421735,5.357026,1566947893263
13881,226,Gyroscope,0.57543504,0.14172074,-0.5852089,1566947893272
13882,226,Accelerometer,-8.081628,-2.4013843999999995,5.4527946,1566947893273
13883,226,Gyroscope,0.56321776,0.16371189,-0.5839871999999999,1566947893283
13884,226,Accelerometer,-7.845799,-2.4133554,5.571307,1566947893283
13885,226,Gyroscope,0.54733527,0.19181168,-0.56688297,1566947893292
13886,226,Accelerometer,-7.540538300000001,-2.4636335,5.653907299999999,1566947893293
13887,226,Gyroscope,0.54061574,0.22907446,-0.54305923,1566947893302
13888,226,Accelerometer,-7.298723700000001,-2.5187001,5.686229,1566947893303
13889,226,Gyroscope,0.5381723,0.27488935,-0.5180137,1566947893312
13890,226,Accelerometer,-7.223306699999999,-2.6563668,5.6586957,1566947893313
13891,226,Gyroscope,0.5357288,0.30604348,-0.49480084,1566947893322
13892,226,Accelerometer,-7.2939353,-2.834735,5.4420204000000005,1566947893323
13893,226,Gyroscope,0.5180137,0.32742378,-0.47464229999999996,1566947893332
13894,226,Accelerometer,-7.3992805,-2.9951463,5.189432,1566947893333
13895,226,Gyroscope,0.49113566,0.33475417,-0.45814893,1566947893343
13896,226,Accelerometer,-7.443573,-3.1232362,4.9559975,1566947893343
13897,226,Gyroscope,0.47036624,0.3268129,-0.44043383,1566947893352
13898,226,Accelerometer,-7.462726600000001,-3.2357635,4.7967830000000005,1566947893353
13899,226,Gyroscope,0.47342056,0.29993483,-0.4269948,1566947893362
13900,226,Accelerometer,-7.49026,-3.2273839,4.7848120000000005,1566947893363
13901,226,Gyroscope,0.49602258,0.24678956,-0.42149702,1566947893372
13902,226,Accelerometer,-7.5584945999999995,-3.0813377,4.7979803,1566947893373
13903,226,Gyroscope,0.5222898,0.19364429,-0.43188173,1566947893382
13904,226,Accelerometer,-7.550114999999999,-2.883816,4.950012,1566947893383
13905,226,Gyroscope,0.54183745,0.15149458,-0.44837508,1566947893392
13906,226,Accelerometer,-7.551311999999999,-2.767697,5.133168,1566947893393
13907,226,Gyroscope,0.55771995,0.1142318,-0.4642576,1566947893403
13908,226,Accelerometer,-7.6171527,-2.6839,5.2528787,1566947893403
13909,226,Gyroscope,0.56016344,0.09101892,-0.47647488,1566947893412
13910,226,Accelerometer,-7.6171527,-2.6360161,5.3857565,1566947893413
13911,226,Gyroscope,0.5516113,0.08124508,-0.4783075,1566947893422
13912,226,Accelerometer,-7.684190299999999,-2.6408044999999998,5.4504004,1566947893423
13913,226,Gyroscope,0.5308419,0.08063421400000001,-0.47403142,1566947893432
13914,226,Accelerometer,-7.708132300000001,-2.621651,5.4695540000000005,1566947893433
13915,226,Gyroscope,0.50518554,0.09040806,-0.4642576,1566947893442
13916,226,Accelerometer,-7.655460000000001,-2.552219,5.5102553,1566947893443
13917,226,Gyroscope,0.49418998,0.1020145,-0.45020768,1566947893452
13918,226,Accelerometer,-7.583634,-2.5318682,5.608417500000001,1566947893453
13919,226,Gyroscope,0.48502702,0.13072516,-0.43615779999999993,1566947893463
13920,226,Accelerometer,-7.442375999999999,-2.5007436000000003,5.664681400000001,1566947893463
13921,226,Gyroscope,0.47769663,0.14721853,-0.42271876,1566947893472
13922,226,Accelerometer,-7.28795,-2.505532,5.673061,1566947893473
13923,226,Gyroscope,0.47158796,0.15882497,-0.41599923,1566947893482
13924,226,Accelerometer,-6.981492,-2.5318682,5.7808,1566947893483
13925,226,Gyroscope,0.47219884,0.17959438,-0.4111123,1566947893492
13926,226,Accelerometer,-6.983886200000001,-2.6731262000000005,5.779603,1566947893493
13927,226,Gyroscope,0.46975538,0.204029,-0.39828414,1566947893502
13928,226,Accelerometer,-7.0784574000000005,-2.7760768,5.772420400000001,1566947893503
13929,226,Gyroscope,0.47952923,0.23640485,-0.37934732,1566947893512
13930,226,Accelerometer,-7.250839699999999,-2.8742392000000003,5.7664347000000005,1566947893513
13931,226,Gyroscope,0.48441613,0.24373524,-0.36468655,1566947893523
13932,226,Accelerometer,-7.41604,-2.9771897999999997,5.6467247,1566947893523
13933,226,Gyroscope,0.49357912,0.24678956,-0.35124752,1566947893532
13934,226,Accelerometer,-7.5692687,-3.0585926,5.4934959999999995,1566947893533
13935,226,Gyroscope,0.48930305,0.2443461,-0.3378085,1566947893542
13936,226,Accelerometer,-7.6003933,-3.0621839,5.334281400000001,1566947893543
13937,226,Gyroscope,0.48502702,0.22357668,-0.3268129,1566947893552
13938,226,Accelerometer,-7.571663,-3.0573955,5.2325277,1566947893553
13939,226,Gyroscope,0.4886922,0.20525073,-0.32192600000000005,1566947893562
13940,226,Accelerometer,-7.513005000000001,-2.9975405,5.248090299999999,1566947893563
13941,226,Gyroscope,0.4886922,0.19914207,-0.32253686,1566947893573
13942,226,Accelerometer,-7.505822,-2.9161377,5.248090299999999,1566947893573
13943,226,Gyroscope,0.48685959999999995,0.18570304,-0.3268129,1566947893582
13944,226,Accelerometer,-7.523778999999999,-2.8742392000000003,5.297171,1566947893583
13945,226,Gyroscope,0.47586402,0.17165314,-0.33353242,1566947893592
13946,226,Accelerometer,-7.568071400000001,-2.8083985,5.3139305,1566947893593
13947,226,Gyroscope,0.4654793,0.15821409,-0.3359759,1566947893602
13948,226,Accelerometer,-7.6470804,-2.767697,5.3247046,1566947893603
13949,226,Gyroscope,0.45570546,0.14966199,-0.3359759,1566947893612
13950,226,Accelerometer,-7.6638399999999995,-2.7449522,5.351041,1566947893613
13951,226,Gyroscope,0.4447099,0.15027285,-0.3371976,1566947893622
13952,226,Accelerometer,-7.6243353,-2.7497406000000004,5.386954,1566947893623
13953,226,Gyroscope,0.43615779999999993,0.1563815,-0.33353242,1566947893633
13954,226,Accelerometer,-7.574057000000001,-2.7952304,5.3594203,1566947893633
13955,226,Gyroscope,0.41844269999999995,0.16249016,-0.3323107,1566947893642
13956,226,Accelerometer,-7.6027875,-2.8491,5.3905449999999995,1566947893643
13957,226,Gyroscope,0.41355577,0.15821409,-0.33108896,1566947893652
13958,226,Accelerometer,-7.721300599999999,-2.9460652,5.410896,1566947893653
13959,226,Gyroscope,0.40194935,0.15699236,-0.32436943,1566947893662
13960,226,Accelerometer,-7.7129207,-3.0166939999999998,5.4001220000000005,1566947893663
13961,226,Gyroscope,0.3866777,0.15760323,-0.31337386,1566947893672
13962,226,Accelerometer,-7.717708999999999,-2.991555,5.334281400000001,1566947893673
13963,226,Gyroscope,0.37201694,0.14905111,-0.30482176,1566947893682
13964,226,Accelerometer,-7.699753,-2.9831752999999996,5.351041,1566947893683
13965,226,Gyroscope,0.36835176,0.14782938,-0.29321529999999996,1566947893693
13966,226,Accelerometer,-7.6375036,-3.0178912,5.365406,1566947893693
13967,226,Gyroscope,0.36651915,0.14660765,-0.28038713,1566947893702
13968,226,Accelerometer,-7.6626425000000005,-2.956839,5.3725886,1566947893703
13969,226,Gyroscope,0.36896262,0.14355333,-0.2742785,1566947893712
13970,226,Accelerometer,-7.5932107,-2.8850130000000003,5.449203,1566947893713
13971,226,Gyroscope,0.37507126,0.1441642,-0.26816985,1566947893722
13972,226,Accelerometer,-7.4914570000000005,-2.8060042999999997,5.471948,1566947893723
13973,226,Gyroscope,0.3744604,0.14660765,-0.26450464,1566947893732
13974,226,Accelerometer,-7.5213847000000005,-2.7030537,5.445612000000001,1566947893733
13975,226,Gyroscope,0.34880406,0.15027285,-0.26267207,1566947893742
13976,226,Accelerometer,-7.539341,-2.6479871,5.4144874000000005,1566947893743
13977,226,Gyroscope,0.32375857,0.14660765,-0.25900686,1566947893753
13978,226,Accelerometer,-7.590816499999999,-2.6527755,5.3378725,1566947893753
13979,226,Gyroscope,0.3005457,0.14782938,-0.24923302,1566947893762
13980,226,Accelerometer,-7.5788455,-2.6527755,5.317522,1566947893763
13981,226,Gyroscope,0.27916542,0.16676621,-0.23090707,1566947893772
13982,226,Accelerometer,-7.523778999999999,-2.6431987,5.3486465999999995,1566947893773
13983,226,Gyroscope,0.26939157,0.19303341,-0.20830505,1566947893782
13984,226,Accelerometer,-7.4986396,-2.682703,5.4025164000000006,1566947893783
13985,226,Gyroscope,0.2706133,0.22357668,-0.18387043,1566947893792
13986,226,Accelerometer,-7.5273699999999995,-2.7341783,5.445612000000001,1566947893793
13987,226,Gyroscope,0.27977628,0.24373524,-0.15332718,1566947893802
13988,226,Accelerometer,-7.6027875,-2.7329812,5.445612000000001,1566947893803
13989,226,Gyroscope,0.27672195,0.25778514,-0.12889257,1566947893813
13990,226,Accelerometer,-7.669825,-2.7114333999999998,5.363012,1566947893813
13991,226,Gyroscope,0.27672195,0.26572640000000003,-0.10995574,1566947893822
13992,226,Accelerometer,-7.753622,-2.657564,5.319916200000001,1566947893823
13993,226,Gyroscope,0.28283059999999993,0.26939157,-0.092240654,1566947893832
13994,226,Accelerometer,-7.8793178,-2.5605986,5.323507299999999,1566947893833
13995,226,Gyroscope,0.28771752,0.267559,-0.081855945,1566947893842
13996,226,Accelerometer,-8.034941,-2.4480712000000002,5.295974299999999,1566947893843
13997,226,Gyroscope,0.2864958,0.26206118,-0.07880162,1566947893852
13998,226,Accelerometer,-8.139089,-2.3654714,5.2636523,1566947893853
13999,226,Gyroscope,0.2864958,0.2443461,-0.093462385,1566947893863
14000,226,Accelerometer,-8.24204,-2.2541409,5.2277393,1566947893863
14001,226,Gyroscope,0.27977628,0.22113322,-0.12034045,1566947893872
14002,226,Accelerometer,-8.319851,-2.1511902999999997,5.1846437000000005,1566947893873
14003,226,Gyroscope,0.26816985,0.18936823,-0.15943582,1566947893882
14004,226,Accelerometer,-8.310274,-2.0805612,5.149928,1566947893883
14005,226,Gyroscope,0.25961772,0.16187929,-0.20463985,1566947893892
14006,226,Accelerometer,-8.226477000000001,-2.0518308000000003,5.187037999999999,1566947893893
14007,226,Gyroscope,0.25961772,0.14172074,-0.24312437,1566947893902
14008,226,Accelerometer,-8.112753,-2.0590134,5.2504845,1566947893903
14009,226,Gyroscope,0.25534168,0.12278391400000001,-0.2742785,1566947893912
14010,226,Accelerometer,-7.917625,-2.111686,5.3007627,1566947893913
14011,226,Gyroscope,0.25717425,0.10445796,-0.28588495,1566947893923
14012,226,Accelerometer,-7.7201033,-2.2541409,5.29358,1566947893923
14013,226,Gyroscope,0.27366763,0.08674286,-0.28221974,1566947893932
14014,226,Accelerometer,-7.547721000000001,-2.385822,5.4563856,1566947893933
14015,226,Gyroscope,0.29504790000000003,0.08796459400000001,-0.26939157,1566947893942
14016,226,Accelerometer,-7.3789296,-2.4049757,5.518635,1566947893943
14017,226,Gyroscope,0.3145956,0.10567969,-0.25228736,1566947893952
14018,226,Accelerometer,-7.4711065,-2.4133554,5.5581393,1566947893953
14019,226,Gyroscope,0.3286455,0.13255776,-0.24129178,1566947893962
14020,226,Accelerometer,-7.627927000000001,-2.4013843999999995,5.544971,1566947893963
14021,226,Gyroscope,0.33108896,0.16371189,-0.22724187,1566947893972
14022,226,Accelerometer,-7.7931266,-2.3199813,5.4803276,1566947893973
14023,226,Gyroscope,0.32436943,0.17531833,-0.22052236,1566947893982
14024,226,Accelerometer,-7.912836599999999,-2.2062569,5.473145,1566947893983
14025,226,Gyroscope,0.31948254,0.17531833,-0.21319197,1566947893992
14026,226,Accelerometer,-7.967903,-2.0937295,5.445612000000001,1566947893993
14027,226,Gyroscope,0.31642818,0.17043139999999998,-0.20769419,1566947894002
14028,226,Accelerometer,-7.990648299999999,-1.9883845000000002,5.391742,1566947894003
14029,226,Gyroscope,0.31398472,0.15760323,-0.20219639,1566947894012
14030,226,Accelerometer,-7.963114699999999,-1.9033904,5.3366755999999995,1566947894013
14031,226,Gyroscope,0.312763,0.14782938,-0.19730948,1566947894022
14032,226,Accelerometer,-7.920019,-1.7848773999999998,5.341464,1566947894023
14033,226,Gyroscope,0.31215215,0.13927728,-0.20219639,1566947894032
14034,226,Accelerometer,-7.929596000000001,-1.6927006000000002,5.4240639999999996,1566947894033
14035,226,Gyroscope,0.30909783,0.1337795,-0.20830505,1566947894042
14036,226,Accelerometer,-7.965509,-1.6472107,5.5222263,1566947894043
14037,226,Gyroscope,0.30298916,0.12950343,-0.21563543,1566947894053
14038,226,Accelerometer,-7.9750857,-1.6711528000000002,5.608417500000001,1566947894053
14039,226,Gyroscope,0.29626966,0.124005646,-0.22540927,1566947894062
14040,226,Accelerometer,-7.9307933,-1.745373,5.619191000000001,1566947894063
14041,226,Gyroscope,0.29077184,0.12095132,-0.23335053,1566947894072
14042,226,Accelerometer,-7.868544,-1.7980455000000002,5.6586957,1566947894073
14043,226,Gyroscope,0.28160888,0.13988814,-0.24190263,1566947894082
14044,226,Accelerometer,-7.758410499999999,-1.8423381999999997,5.659893,1566947894083
14045,226,Gyroscope,0.27672195,0.15821409,-0.24129178,1566947894092
14046,226,Accelerometer,-7.702147,-1.8997990000000002,5.589264,1566947894093
14047,226,Gyroscope,0.28221974,0.16676621,-0.23823744,1566947894102
14048,226,Accelerometer,-7.6219410000000005,-1.9476831000000001,5.5988407,1566947894103
14049,226,Gyroscope,0.29199359999999996,0.17837265,-0.23640485,1566947894112
14050,226,Accelerometer,-7.6003933,-2.0015526,5.6323595,1566947894113
14051,226,Gyroscope,0.3005457,0.18570304,-0.23457226,1566947894122
14052,226,Accelerometer,-7.6865845,-2.0685901999999996,5.625177,1566947894123
14053,226,Gyroscope,0.3036,0.1966986,-0.23090707,1566947894132
14054,226,Accelerometer,-7.776367,-2.079364,5.5760955999999995,1566947894133
14055,226,Gyroscope,0.3036,0.20158553,-0.22724187,1566947894142
14056,226,Accelerometer,-7.7643960000000005,-2.136825,5.5258174,1566947894143
14057,226,Gyroscope,0.30970868,0.19547687,-0.22296582,1566947894152
14058,226,Accelerometer,-7.7727756999999995,-2.1583729,5.446809,1566947894153
14059,226,Gyroscope,0.31520647,0.18081611,-0.22357668,1566947894163
14060,226,Accelerometer,-7.8170686,-2.1176715,5.346252400000001,1566947894163
14061,226,Gyroscope,0.32192600000000005,0.16310102,-0.22113322,1566947894172
14062,226,Accelerometer,-7.765592999999999,-2.0566192,5.2301335,1566947894173
14063,226,Gyroscope,0.31826079999999995,0.14110987,-0.22968534,1566947894182
14064,226,Accelerometer,-7.721300599999999,-1.9093759,5.201403,1566947894183
14065,226,Gyroscope,0.31826079999999995,0.10873401,-0.24495697,1566947894192
14066,226,Accelerometer,-7.752425,-1.8148049,5.1786585,1566947894193
14067,226,Gyroscope,0.30970868,0.049480084,-0.25717425,1566947894202
14068,226,Accelerometer,-7.716512,-1.7824832,5.1822495,1566947894203
14069,226,Gyroscope,0.30482176,0.034208454,-0.2565634,1566947894212
14070,226,Accelerometer,-7.714117999999999,-1.7621324,5.2516812999999996,1566947894213
14071,226,Gyroscope,0.29504790000000003,0.05009095,-0.25961772,1566947894222
14072,226,Accelerometer,-7.7105265,-1.7393875,5.341464,1566947894223
14073,226,Gyroscope,0.28588495,0.0580322,-0.27000242,1566947894232
14074,226,Accelerometer,-7.820659599999999,-1.7441759,5.3678,1566947894233
14075,226,Gyroscope,0.27672195,0.0580322,-0.28771752,1566947894242
14076,226,Accelerometer,-7.855376,-1.8650831,5.3211129999999995,1566947894243
14077,226,Gyroscope,0.25778514,0.040317107000000005,-0.29871312,1566947894252
14078,226,Accelerometer,-7.9331875,-2.0135236,5.142745,1566947894253
14079,226,Gyroscope,0.24007004,0.025045475,-0.30665436,1566947894262
14080,226,Accelerometer,-7.8829093,-2.1523874,5.0421886,1566947894263
14081,226,Gyroscope,0.24190263,0.027488936000000002,-0.30970868,1566947894272
14082,226,Accelerometer,-7.803900200000001,-2.2074540000000002,5.153519,1566947894273
14083,226,Gyroscope,0.25534168,0.03481932,-0.3115413,1566947894282
14084,226,Accelerometer,-7.703344,-2.2852653999999997,5.315128,1566947894283
14085,226,Gyroscope,0.26694809999999997,0.03176499,-0.31031954,1566947894292
14086,226,Accelerometer,-7.687782,-2.4468741,5.347449299999999,1566947894293
14087,226,Gyroscope,0.27122417,0.02321288,-0.30726522,1566947894302
14088,226,Accelerometer,-7.716512,-2.6288335,5.3139305,1566947894303
14089,226,Gyroscope,0.27000242,0.028710667000000002,-0.30848694,1566947894313
14090,226,Accelerometer,-7.721300599999999,-2.7234043999999997,5.3366755999999995,1566947894313
14091,226,Gyroscope,0.26878070000000004,0.03359759,-0.30970868,1566947894322
14092,226,Accelerometer,-7.7608047000000004,-2.8072014,5.351041,1566947894323
14093,226,Gyroscope,0.27550024,0.02076942,-0.30298916,1566947894332
14094,226,Accelerometer,-7.8146744,-2.9293058,5.303157,1566947894333
14095,226,Gyroscope,0.2773328,0.0067195175,-0.29443705,1566947894343
14096,226,Accelerometer,-7.8326306,-3.0322563999999996,5.2863975,1566947894343
14097,226,Gyroscope,0.2846632,-0.007941248,-0.27672195,1566947894352
14098,226,Accelerometer,-7.8027034,-3.1028854999999997,5.335478299999999,1566947894353
14099,226,Gyroscope,0.29260445,-0.014049901000000002,-0.26022860000000003,1566947894362
14100,226,Accelerometer,-7.69257,-3.1136593999999995,5.408501599999999,1566947894363
14101,226,Gyroscope,0.30543262,-0.026267206,-0.24068089999999998,1566947894372
14102,226,Accelerometer,-7.630321,-3.0190883,5.5222263,1566947894373
14103,226,Gyroscope,0.31887165,-0.043982297000000004,-0.22785273,1566947894382
14104,226,Accelerometer,-7.606379,-2.858677,5.613206,1566947894383
14105,226,Gyroscope,0.32131509999999996,-0.045814894,-0.21930063,1566947894392
14106,226,Accelerometer,-7.568071400000001,-2.6527755,5.801151,1566947894393
14107,226,Gyroscope,0.3109304,-0.035430185,-0.2144137,1566947894402
14108,226,Accelerometer,-7.4974427,-2.110489,5.8969190000000005,1566947894403
14109,226,Gyroscope,0.29260445,-0.023823743999999997,-0.21930063,1566947894413
14110,226,Accelerometer,-7.584830800000001,-1.9680338,5.951985400000001,1566947894413
14111,226,Gyroscope,0.2706133,-0.014660766,-0.23457226,1566947894422
14112,226,Accelerometer,-7.523778999999999,-1.8878279999999998,6.0142345,1566947894423
14113,226,Gyroscope,0.24312437,0.025045475,-0.25778514,1566947894432
14114,226,Accelerometer,-7.457938,-1.9381063000000003,6.1040173,1566947894433
14115,226,Gyroscope,0.21624629,0.048258353,-0.2779437,1566947894442
14116,226,Accelerometer,-7.4327993,-2.0398598000000003,6.223726999999999,1566947894443
14117,226,Gyroscope,0.21135938,0.06291912,-0.29016098,1566947894452
14118,226,Accelerometer,-7.323863,-2.160767,6.23091,1566947894453
14119,226,Gyroscope,0.21563543,0.08063421400000001,-0.29138273,1566947894462
14120,226,Accelerometer,-7.20535,-2.2984335,6.257246,1566947894463
14121,226,Gyroscope,0.22785273,0.10140363,-0.28527406,1566947894472
14122,226,Accelerometer,-7.125144500000001,-2.4552537999999995,6.1782374,1566947894473
14123,226,Gyroscope,0.23151793,0.11545353400000001,-0.25961772,1566947894482
14124,226,Accelerometer,-7.0664864000000005,-2.5761611,6.087258,1566947894483
14125,226,Gyroscope,0.23335053,0.14172074,-0.23518312,1566947894492
14126,226,Accelerometer,-7.0952168,-2.681506,6.0561333,1566947894493
14127,226,Gyroscope,0.23640485,0.16676621,-0.20341812,1566947894503
14128,226,Accelerometer,-7.195773,-2.7389667,6.015432,1566947894503
14129,226,Gyroscope,0.2302962,0.20219639,-0.17837265,1566947894512
14130,226,Accelerometer,-7.28795,-2.7042507999999996,5.9244523000000004,1566947894513
14131,226,Gyroscope,0.22602014,0.22113322,-0.15699236,1566947894522
14132,226,Accelerometer,-7.325060000000001,-2.693477,5.8262897,1566947894523
14133,226,Gyroscope,0.21991149,0.23823744,-0.13500121,1566947894533
14134,226,Accelerometer,-7.3549875999999985,-2.6420016,5.7281275,1566947894533
14135,226,Gyroscope,0.21380283,0.24068089999999998,-0.124005646,1566947894542
14136,226,Accelerometer,-7.2664022,-2.553416,5.6347537,1566947894543
14137,226,Gyroscope,0.21746802,0.23457226,-0.11911872,1566947894552
14138,226,Accelerometer,-7.2831616,-2.6300306,5.577293,1566947894553
14139,226,Gyroscope,0.22724187,0.226631,-0.11911872,1566947894562
14140,226,Accelerometer,-7.383717999999999,-2.6767175,5.5054669999999994,1566947894563
14141,226,Gyroscope,0.23090707,0.21807889999999996,-0.12156218,1566947894573
14142,226,Accelerometer,-7.430405,-2.6431987,5.4695540000000005,1566947894573
14143,226,Gyroscope,0.23335053,0.20463985,-0.13133603,1566947894582
14144,226,Accelerometer,-7.553706,-2.6743232999999997,5.432443599999999,1566947894583
14145,226,Gyroscope,0.23884831,0.18875736,-0.14721853,1566947894592
14146,226,Accelerometer,-7.6722193,-2.682703,5.374983,1566947894593
14147,226,Gyroscope,0.24495697,0.15821409,-0.16187929,1566947894602
14148,226,Accelerometer,-7.7703815,-2.7102362999999996,5.327099,1566947894603
14149,226,Gyroscope,0.24678956,0.13500121,-0.18203785,1566947894612
14150,226,Accelerometer,-7.8410106,-2.7593174,5.2875943,1566947894613
14151,226,Gyroscope,0.24129178,0.11178834,-0.1966986,1566947894622
14152,226,Accelerometer,-7.8146744,-2.7437549999999997,5.295974299999999,1566947894623
14153,226,Gyroscope,0.23884831,0.09896017,-0.20891592,1566947894633
14154,226,Accelerometer,-7.6470804,-2.7485435000000003,5.4001220000000005,1566947894633
14155,226,Gyroscope,0.23762658,0.086132,-0.22296582,1566947894642
14156,226,Accelerometer,-7.5046253,-2.7688942,5.5389857000000005,1566947894643
14157,226,Gyroscope,0.24129178,0.07696902,-0.23884831,1566947894652
14158,226,Accelerometer,-7.351396,-2.8287494,5.592855,1566947894653
14159,226,Gyroscope,0.24862215,0.070249505,-0.25228736,1566947894662
14160,226,Accelerometer,-7.3166804,-2.873042,5.635950599999999,1566947894663
14161,226,Gyroscope,0.25473082,0.07513642,-0.25717425,1566947894672
14162,226,Accelerometer,-7.37055,-2.9412768,5.638344999999999,1566947894673
14163,226,Gyroscope,0.24984388,0.08552113,-0.25534168,1566947894682
14164,226,Accelerometer,-7.398083,-2.9592332999999997,5.6347537,1566947894683
14165,226,Gyroscope,0.2510656,0.09162979,-0.24801129,1566947894692
14166,226,Accelerometer,-7.430405,-3.0178912,5.6467247,1566947894694
14167,226,Gyroscope,0.24617869,0.09040806,-0.2321288,1566947894702
14168,226,Accelerometer,-7.438784599999999,-3.098097,5.619191000000001,1566947894703
14169,226,Gyroscope,0.24251351,0.09162979,-0.21074851,1566947894712
14170,226,Accelerometer,-7.372944400000001,-3.1160536,5.583278,1566947894713
14171,226,Gyroscope,0.23640485,0.08368854,-0.19364429,1566947894722
14172,226,Accelerometer,-7.3214690000000004,-3.0741549999999997,5.5940523,1566947894723
14173,226,Gyroscope,0.23090707,0.08124508,-0.17959438,1566947894732
14174,226,Accelerometer,-7.326257000000001,-3.0442273999999996,5.580883999999999,1566947894733
14175,226,Gyroscope,0.2302962,0.07391469,-0.17287487,1566947894743
14176,226,Accelerometer,-7.3657618000000005,-2.9508536,5.6096144,1566947894743
14177,226,Gyroscope,0.2302962,0.061086524,-0.17409660000000002,1566947894752
14178,226,Accelerometer,-7.380127000000001,-2.8191724,5.6467247,1566947894753
14179,226,Gyroscope,0.22296582,0.044593163,-0.1881465,1566947894763
14180,226,Accelerometer,-7.36217,-2.6910827,5.711368,1566947894763
14181,226,Gyroscope,0.21013765,0.052534412999999995,-0.204029,1566947894772
14182,226,Accelerometer,-7.20535,-2.7784709999999997,5.825093,1566947894773
14183,226,Gyroscope,0.19975294,0.07269296,-0.20891592,1566947894782
14184,226,Accelerometer,-7.3202715,-2.8167782000000003,5.8825536,1566947894783
14185,226,Gyroscope,0.17592919,0.12217305,-0.19792034,1566947894792
14186,226,Accelerometer,-7.335833999999999,-2.9161377,5.8059389999999995,1566947894793
14187,226,Gyroscope,0.15271631,0.15088372,-0.172264,1566947894802
14188,226,Accelerometer,-7.2915410000000005,-2.9209259999999997,5.746084,1566947894803
14189,226,Gyroscope,0.14844026,0.13500121,-0.14110987,1566947894812
14190,226,Accelerometer,-7.444770299999999,-2.7126305,5.746084,1566947894814
14191,226,Gyroscope,0.15882497,0.086132,-0.10812314599999999,1566947894822
14192,226,Accelerometer,-7.444770299999999,-2.7820622999999998,5.7664347000000005,1566947894823
14193,226,Gyroscope,0.17470746,0.064751714,-0.07391469,1566947894832
14194,226,Accelerometer,-7.2640080000000005,-2.7605145,5.865794,1566947894833
14195,226,Gyroscope,0.1777618,0.086132,-0.043982297000000004,1566947894842
14196,226,Accelerometer,-7.2185183,-2.6431987,5.8789620000000005,1566947894843
14197,226,Gyroscope,0.16920967,0.10567969,-0.025045475,1566947894852
14198,226,Accelerometer,-7.352593400000001,-2.657564,5.7496753,1566947894853
14199,226,Gyroscope,0.16676621,0.09590584,-0.023823743999999997,1566947894862
14200,226,Accelerometer,-7.636306299999999,-2.529474,5.955577,1566947894863
14201,226,Gyroscope,0.17043139999999998,0.10262536,-0.023823743999999997,1566947894872
14202,226,Accelerometer,-7.776367,-2.3702598,5.898116,1566947894873
14203,226,Gyroscope,0.16126843,0.112399206,-0.016493361,1566947894882
14204,226,Accelerometer,-7.754819400000001,-2.2230163,5.8143187,1566947894883
14205,226,Gyroscope,0.1337795,0.11728613,-0.014049901000000002,1566947894892
14206,226,Accelerometer,-7.708132300000001,-2.1859062000000002,5.7377043,1566947894893
14207,226,Gyroscope,0.09101892,0.15027285,-0.014049901000000002,1566947894903
14208,226,Accelerometer,-7.5584945999999995,-2.1188686000000003,5.623979599999999,1566947894903
14209,226,Gyroscope,0.0720821,0.18203785,0.015882496,1566947894912
14210,226,Accelerometer,-7.4232225000000005,-2.0841526999999997,5.481525,1566947894913
14211,226,Gyroscope,0.059253927000000005,0.19914207,0.03359759,1566947894922
14212,226,Accelerometer,-7.313089,-2.0506337,5.3785739999999995,1566947894923
14213,226,Gyroscope,0.06047566,0.20463985,0.04153884,1566947894932
14214,226,Accelerometer,-7.314286,-2.0386627,5.3594203,1566947894933
14215,226,Gyroscope,0.069027774,0.19853121,0.035430185,1566947894942
14216,226,Accelerometer,-7.414842599999999,-2.0638018,5.270835,1566947894943
14217,226,Gyroscope,0.06597344599999999,0.16920967,0.014660766,1566947894952
14218,226,Accelerometer,-7.612364299999999,-2.1380222,5.1487308,1566947894953
14219,226,Gyroscope,0.054367005999999996,0.13072516,-0.010995574,1566947894962
14220,226,Accelerometer,-7.7572136,-2.2661119,5.1247888,1566947894963
14221,226,Gyroscope,0.047647487,0.092240654,-0.039095376,1566947894972
14222,226,Accelerometer,-7.935581699999999,-2.384625,5.145139,1566947894973
14223,226,Gyroscope,0.05131268,0.05497787,-0.056199603,1566947894982
14224,226,Accelerometer,-8.031349,-2.5151088,5.1523223,1566947894983
14225,226,Gyroscope,0.06291912,0.029321532999999997,-0.061086524,1566947894992
14226,226,Accelerometer,-8.062474,-2.5510217999999996,5.118803,1566947894993
14227,226,Gyroscope,0.06291912,0.004886922,-0.062308256,1566947895002
14228,226,Accelerometer,-8.034941,-2.5139117000000004,5.1343656,1566947895003
14229,226,Gyroscope,0.059864793,-0.0030543262,-0.06414085,1566947895013
14230,226,Accelerometer,-7.9810715,-2.4085669999999997,5.177461,1566947895013
14231,226,Gyroscope,0.045814894,-0.010995574,-0.059864793,1566947895022
14232,226,Accelerometer,-7.9068513,-2.291251,5.1343656,1566947895023
14233,226,Gyroscope,0.025045475,-0.015882496,-0.052534412999999995,1566947895032
14234,226,Accelerometer,-7.823053999999999,-2.1990743,5.106832,1566947895033
14235,226,Gyroscope,-0.00061086525,-0.018936822,-0.047036625,1566947895042
14236,226,Accelerometer,-7.7643960000000005,-2.1751322999999996,5.1367598,1566947895043
14237,226,Gyroscope,-0.017104227,-0.022602014,-0.03970624,1566947895052
14238,226,Accelerometer,-7.7368627000000005,-2.1499932,5.2385135,1566947895053
14239,226,Gyroscope,-0.021380282999999996,-0.020158553,-0.029932396,1566947895063
14240,226,Accelerometer,-7.739257,-2.1811178,5.391742,1566947895063
14241,226,Gyroscope,-0.017715093,-0.014660766,-0.01282817,1566947895072
14242,226,Accelerometer,-7.745242599999999,-2.219425,5.49589,1566947895073
14243,226,Gyroscope,-0.013439035,-0.008552114,0.002443461,1566947895082
14244,226,Accelerometer,-7.708132300000001,-2.2433669999999997,5.57849,1566947895083
14245,226,Gyroscope,-0.004276057,0.002443461,0.018936822,1566947895093
14246,226,Accelerometer,-7.711724,-2.2098482,5.623979599999999,1566947895093
14247,226,Gyroscope,0.007941248,0.0061086523,0.02565634,1566947895102
14248,226,Accelerometer,-7.7919292,-2.086547,5.592855,1566947895103
14249,226,Gyroscope,0.0036651915999999997,0.008552114,0.035430185,1566947895112
14250,226,Accelerometer,-7.912836599999999,-1.9297266,5.602432,1566947895112
14251,226,Gyroscope,-0.009162978,0.02443461,0.047036625,1566947895122
14252,226,Accelerometer,-8.013392999999999,-1.7310078000000002,5.641936299999999,1566947895123
14253,226,Gyroscope,-0.036651913,0.032375857,0.056199603,1566947895132
14254,226,Accelerometer,-8.024167,-1.6041151000000002,5.66947,1566947895133
14255,226,Gyroscope,-0.05009095,0.032986722999999996,0.0580322,1566947895142
14256,226,Accelerometer,-7.985860000000001,-1.5837643999999997,5.742492700000001,1566947895143
14257,226,Gyroscope,-0.056199603,0.030543262,0.043982297000000004,1566947895152
14258,226,Accelerometer,-7.915230800000001,-1.6831238000000002,5.7760115,1566947895153
14259,226,Gyroscope,-0.069027774,0.037873644,0.02443461,1566947895162
14260,226,Accelerometer,-7.914034,-1.8650831,5.7137623,1566947895163
14261,226,Gyroscope,-0.0842994,0.03481932,0.01282817,1566947895173
14262,226,Accelerometer,-7.8589673,-1.9357121,5.5940523,1566947895173
14263,226,Gyroscope,-0.0983493,0.032375857,0.007330383,1566947895182
14264,226,Accelerometer,-7.728483,-1.9644424999999999,5.5377884,1566947895183
14265,226,Gyroscope,-0.10812314599999999,0.03359759,-0.00061086525,1566947895192
14266,226,Accelerometer,-7.601590600000001,-1.9596541,5.5222263,1566947895193
14267,226,Gyroscope,-0.10812314599999999,0.040927973,-0.005497787,1566947895202
14268,226,Accelerometer,-7.405266,-1.9704279999999998,5.556941999999999,1566947895203
14269,226,Gyroscope,-0.10445796,0.04886922,-0.01160644,1566947895212
14270,226,Accelerometer,-7.3490020000000005,-1.9560628,5.637148000000001,1566947895213
14271,226,Gyroscope,-0.10079276599999999,0.05375614,-0.015271631,1566947895222
14272,226,Accelerometer,-7.3897038,-1.9560628,5.697003,1566947895223
14273,226,Gyroscope,-0.09712757,0.05131268,-0.02565634,1566947895232
14274,226,Accelerometer,-7.485471700000001,-1.9823990000000002,5.7065797,1566947895233
14275,226,Gyroscope,-0.09407325,0.045814894,-0.031154128,1566947895242
14276,226,Accelerometer,-7.587225,-2.0566192,5.695806,1566947895243
14277,226,Gyroscope,-0.093462385,0.029321532999999997,-0.03726278,1566947895253
14278,226,Accelerometer,-7.714117999999999,-2.1643584,5.625177,1566947895253
14279,226,Gyroscope,-0.0983493,0.014660766,-0.03726278,1566947895262
14280,226,Accelerometer,-7.797915,-2.2397757,5.5341973,1566947895263
14281,226,Gyroscope,-0.10751228,-0.0036651915999999997,-0.032986722999999996,1566947895272
14282,226,Accelerometer,-7.7811556,-2.315193,5.4515970000000005,1566947895273
14283,226,Gyroscope,-0.103847094,-0.014660766,-0.022602014,1566947895282
14284,226,Accelerometer,-7.795521000000001,-2.349909,5.4551888,1566947895283
14285,226,Gyroscope,-0.09590584,-0.02076942,-0.007330383,1566947895292
14286,226,Accelerometer,-7.726089,-2.3774424,5.4803276,1566947895293
14287,226,Gyroscope,-0.08246681,-0.03848451,0.002443461,1566947895302
14288,226,Accelerometer,-7.603985000000001,-2.3786395000000002,5.471948,1566947895303
14289,226,Gyroscope,-0.07452556,-0.053145275,0.005497787,1566947895312
14290,226,Accelerometer,-7.4699089999999995,-2.3726540000000003,5.433641000000001,1566947895313
14291,226,Gyroscope,-0.073303826,-0.061086524,0.0030543262,1566947895322
14292,226,Accelerometer,-7.395689,-2.2601264,5.5162406,1566947895323
14293,226,Gyroscope,-0.07391469,-0.06597344599999999,-0.007941248,1566947895333
14294,226,Accelerometer,-7.405266,-2.219425,5.657499,1566947895333
14295,226,Gyroscope,-0.070249505,-0.061086524,-0.029321532999999997,1566947895342
14296,226,Accelerometer,-7.437587700000001,-2.2541409,5.777209,1566947895343
14297,226,Gyroscope,-0.06414085,-0.040927973,-0.06658431,1566947895352
14298,226,Accelerometer,-7.4495587,-2.3535004,5.853823,1566947895353
14299,226,Gyroscope,-0.049480084,-0.0036651915999999997,-0.08735373,1566947895362
14300,226,Accelerometer,-7.4986396,-2.4995465,5.8885393,1566947895363
14301,226,Gyroscope,-0.03848451,0.013439035,-0.10934488,1566947895372
14302,226,Accelerometer,-7.599196000000001,-2.6072857000000003,5.9268465,1566947895373
14303,226,Gyroscope,-0.032375857,0.018936822,-0.12217305,1566947895382
14304,226,Accelerometer,-7.6889787,-2.7042507999999996,5.932832,1566947895383
14305,226,Gyroscope,-0.02443461,0.018936822,-0.12339478,1566947895392
14306,226,Accelerometer,-7.799111999999999,-2.7880477999999997,5.8921304,1566947895393
14307,226,Gyroscope,-0.029932396,0.009773844,-0.11545353400000001,1566947895403
14308,226,Accelerometer,-7.8050976,-2.8323407000000005,5.813122,1566947895403
14309,226,Gyroscope,-0.044593163,-0.0018325957999999999,-0.096516706,1566947895412
14310,226,Accelerometer,-7.750031,-2.8790276,5.750872599999999,1566947895413
14311,226,Gyroscope,-0.054367005999999996,-0.017104227,-0.073303826,1566947895422
14312,226,Accelerometer,-7.583634,-2.8766334,5.753267,1566947895423
14313,226,Gyroscope,-0.06597344599999999,-0.0061086523,-0.045814894,1566947895432
14314,226,Accelerometer,-7.337031,-2.9616275,5.7400985,1566947895433
14315,226,Gyroscope,-0.07391469,0.0036651915999999997,-0.018936822,1566947895442
14316,226,Accelerometer,-7.2268977,-3.0154970000000003,5.747281,1566947895443
14317,226,Gyroscope,-0.06597344599999999,0.009773844,0.010995574,1566947895452
14318,226,Accelerometer,-7.147889,-2.956839,5.7819970000000005,1566947895453
14319,226,Gyroscope,-0.05681047,0.015271631,0.04153884,1566947895462
14320,226,Accelerometer,-7.110779300000001,-2.791639,5.774814599999999,1566947895463
14321,226,Gyroscope,-0.04642576,0.026267206,0.062308256,1566947895472
14322,226,Accelerometer,-7.0952168,-2.6192567,5.8143187,1566947895473
14323,226,Gyroscope,-0.031154128,0.037873644,0.06352998,1566947895482
14324,226,Accelerometer,-7.2209125,-2.6288335,5.901707,1566947895483
14325,226,Gyroscope,-0.014660766,0.048258353,0.05681047,1566947895493
14326,226,Accelerometer,-7.4483614000000005,-2.5833437000000004,5.813122,1566947895493
14327,226,Gyroscope,-0.02076942,0.0720821,0.047647487,1566947895502
14328,226,Accelerometer,-7.577648,-2.4265234,5.647922,1566947895503
14329,226,Gyroscope,-0.03481932,0.09407325,0.037873644,1566947895512
14330,226,Accelerometer,-7.643489,-2.3451207000000003,5.5605335,1566947895513
14331,226,Gyroscope,-0.04153884,0.11056661,0.02443461,1566947895522
14332,226,Accelerometer,-7.6578539999999995,-2.3415293999999998,5.5329999999999995,1566947895523
14333,226,Gyroscope,-0.03176499,0.106901415,-0.002443461,1566947895533
14334,226,Accelerometer,-7.7248917,-2.4420857000000002,5.5461683,1566947895533
14335,226,Gyroscope,-0.018325957,0.092240654,-0.023823743999999997,1566947895542
14336,226,Accelerometer,-7.7931266,-2.445677,5.4779334,1566947895543
14337,226,Gyroscope,-0.017104227,0.07819075,-0.037873644,1566947895552
14338,226,Accelerometer,-7.6518690000000005,-2.4181437000000003,5.4695540000000005,1566947895553
14339,226,Gyroscope,-0.02076942,0.06841691,-0.048258353,1566947895563
14340,226,Accelerometer,-7.5764512999999996,-2.48159,5.494693,1566947895563
14341,226,Gyroscope,-0.017104227,0.03970624,-0.049480084,1566947895572
14342,226,Accelerometer,-7.5285673,-2.6024973,5.559336,1566947895573
14343,226,Gyroscope,-0.010995574,0.020158553,-0.040317107000000005,1566947895582
14344,226,Accelerometer,-7.5668745,-2.6767175,5.719748,1566947895583
14345,226,Gyroscope,-0.010995574,0.027488936000000002,-0.028099801,1566947895592
14346,226,Accelerometer,-7.597999000000001,-2.6743232999999997,5.753267,1566947895593
14347,226,Gyroscope,-0.025045475,0.03970624,-0.01038471,1566947895603
14348,226,Accelerometer,-7.587225,-2.6276363999999997,5.6982,1566947895603
14349,226,Gyroscope,-0.030543262,0.05131268,0.0036651915999999997,1566947895612
14350,226,Accelerometer,-7.5046253,-2.657564,5.758055000000001,1566947895613
14351,226,Gyroscope,-0.02687807,0.059864793,0.015271631,1566947895622
14352,226,Accelerometer,-7.3897038,-2.7605145,5.767632,1566947895623
14353,226,Gyroscope,-0.015882496,0.06536258,0.022602014,1566947895632
14354,226,Accelerometer,-7.4064630000000005,-2.8203697,5.722142,1566947895633
14355,226,Gyroscope,-0.014049901000000002,0.07086037,0.031154128,1566947895643
14356,226,Accelerometer,-7.376535400000001,-2.8048072,5.653907299999999,1566947895643
14357,226,Gyroscope,-0.017715093,0.06963864,0.03726278,1566947895652
14358,226,Accelerometer,-7.4088573,-2.7437549999999997,5.579687,1566947895653
14359,226,Gyroscope,-0.015271631,0.07147124,0.0421497,1566947895662
14360,226,Accelerometer,-7.352593400000001,-2.6072857000000003,5.567716000000001,1566947895663
14361,226,Gyroscope,-0.01160644,0.064751714,0.040317107000000005,1566947895672
14362,226,Accelerometer,-7.2209125,-2.4959552000000005,5.608417500000001,1566947895673
14363,226,Gyroscope,-0.0018325957999999999,0.05497787,0.025045475,1566947895682
14364,226,Accelerometer,-7.243657000000001,-2.5809495,5.7125654,1566947895684
14365,226,Gyroscope,-0.0018325957999999999,0.057421334000000004,0.0030543262,1566947895692
14366,226,Accelerometer,-7.371747,-2.6563668,5.792771,1566947895693
14367,226,Gyroscope,-0.016493361,0.057421334000000004,-0.019547688,1566947895702
14368,226,Accelerometer,-7.5561004,-2.6204537999999995,5.722142,1566947895703
14369,226,Gyroscope,-0.03848451,0.061086524,-0.032375857,1566947895712
14370,226,Accelerometer,-7.680599000000001,-2.5917234000000002,5.6096144,1566947895713
14371,226,Gyroscope,-0.052534412999999995,0.06780604,-0.04520403,1566947895722
14372,226,Accelerometer,-7.6889787,-2.6503813,5.5545480000000005,1566947895723
14373,226,Gyroscope,-0.052534412999999995,0.06414085,-0.053145275,1566947895733
14374,226,Accelerometer,-7.645883,-2.7964275,5.54138,1566947895733
14375,226,Gyroscope,-0.04886922,0.062308256,-0.057421334000000004,1566947895742
14376,226,Accelerometer,-7.606379,-2.9436709999999997,5.626374,1566947895743
14377,226,Gyroscope,-0.051923547,0.062308256,-0.05131268,1566947895752
14378,226,Accelerometer,-7.581239699999999,-3.0059202000000003,5.5617304,1566947895753
14379,226,Gyroscope,-0.054367005999999996,0.064751714,-0.0421497,1566947895762
14380,226,Accelerometer,-7.547721000000001,-2.9843724,5.5054669999999994,1566947895763
14381,226,Gyroscope,-0.059864793,0.06352998,-0.03726278,1566947895772
14382,226,Accelerometer,-7.4711065,-2.9855695,5.4863133,1566947895772
14383,226,Gyroscope,-0.05681047,0.056199603,-0.03726278,1566947895783
14384,226,Accelerometer,-7.374141000000001,-3.0849290000000003,5.5545480000000005,1566947895783
14385,226,Gyroscope,-0.051923547,0.043982297000000004,-0.037873644,1566947895792
14386,226,Accelerometer,-7.395689,-3.0825348,5.5102553,1566947895793
14387,226,Gyroscope,-0.050701816,0.03359759,-0.03481932,1566947895802
14388,226,Accelerometer,-7.3885064,-3.0849290000000003,5.4791307,1566947895803
14389,226,Gyroscope,-0.056199603,0.035430185,-0.02687807,1566947895812
14390,226,Accelerometer,-7.372944400000001,-3.0969,5.5006785,1566947895813
14391,226,Gyroscope,-0.05497787,0.026267206,-0.02076942,1566947895822
14392,226,Accelerometer,-7.3549875999999985,-3.1004913,5.5641245999999995,1566947895823
14393,226,Gyroscope,-0.044593163,0.021991148999999998,-0.028710667000000002,1566947895833
14394,226,Accelerometer,-7.249642999999999,-3.2154129,5.577293,1566947895833
14395,226,Gyroscope,-0.040927973,0.029932396,-0.02565634,1566947895842
14396,226,Accelerometer,-7.2699933,-3.2333694,5.567716000000001,1566947895843
14397,226,Gyroscope,-0.04153884,0.036651913,-0.026267206,1566947895852
14398,226,Accelerometer,-7.273585000000001,-3.1878796,5.5389857000000005,1566947895853
14399,226,Gyroscope,-0.043982297000000004,0.03176499,-0.022602014,1566947895862
14400,226,Accelerometer,-7.1466923,-3.1136593999999995,5.5868697,1566947895863
14401,226,Gyroscope,-0.05375614,0.029932396,-0.012217305,1566947895873
14402,226,Accelerometer,-7.232883500000001,-2.9652187999999997,5.595249,1566947895873
14403,226,Gyroscope,-0.06169739,0.021380282999999996,0.004276057,1566947895882
14404,226,Accelerometer,-7.1634517,-2.7281928,5.665878299999999,1566947895883
14405,226,Gyroscope,-0.0580322,0.015271631,0.025045475,1566947895892
14406,226,Accelerometer,-7.074866,-2.597709,5.8107276,1566947895893
14407,226,Gyroscope,-0.06169739,0.027488936000000002,0.05131268,1566947895902
14408,226,Accelerometer,-7.1023993,-2.4947581000000003,5.8921304,1566947895903
14409,226,Gyroscope,-0.06963864,0.03359759,0.07880162,1566947895912
14410,226,Accelerometer,-7.177817,-2.4121582999999998,6.005855,1566947895913
14411,226,Gyroscope,-0.07819075,0.053145275,0.10079276599999999,1566947895922
14412,226,Accelerometer,-7.1670427,-2.3870192,6.143522,1566947895923
14413,226,Gyroscope,-0.08857546,0.09590584,0.12278391400000001,1566947895932
14414,226,Accelerometer,-7.195773,-2.2876596,6.1698580000000005,1566947895933
14415,226,Gyroscope,-0.105068825,0.1441642,0.13683382,1566947895942
14416,226,Accelerometer,-7.2628107,-2.244564,6.1638722,1566947895943
14417,226,Gyroscope,-0.1160644,0.204029,0.14966199,1566947895952
14418,226,Accelerometer,-7.3334399999999995,-2.2493525,6.1028199999999995,1566947895953
14419,226,Gyroscope,-0.12095132,0.25778514,0.15393804,1566947895963
14420,226,Accelerometer,-7.4639240000000004,-2.2062569,6.021417,1566947895963
14421,226,Gyroscope,-0.11362094,0.2968805,0.15027285,1566947895972
14422,226,Accelerometer,-7.606379,-2.1871033,5.8346696,1566947895973
14423,226,Gyroscope,-0.09468412,0.29993483,0.13194689,1566947895982
14424,226,Accelerometer,-7.782352400000001,-2.1212628,5.7041855,1566947895983
14425,226,Gyroscope,-0.069027774,0.27672195,0.10567969,1566947895992
14426,226,Accelerometer,-7.9092455,-2.0410569,5.518635,1566947895993
14427,226,Gyroscope,-0.051923547,0.23335053,0.073303826,1566947896002
14428,226,Accelerometer,-8.008605000000001,-1.99437,5.291186,1566947896004
14429,226,Gyroscope,-0.05009095,0.18387043,0.03726278,1566947896013
14430,226,Accelerometer,-8.10557,-1.9333179,5.151125,1566947896013
14431,226,Gyroscope,-0.054367005999999996,0.13133603,0.0067195175,1566947896022
14432,226,Accelerometer,-8.039729,-1.9165584999999998,5.0960584,1566947896023
14433,226,Gyroscope,-0.06597344599999999,0.08002335,-0.02321288,1566947896032
14434,226,Accelerometer,-7.94037,-1.9656396,5.0996494000000006,1566947896033
14435,226,Gyroscope,-0.06597344599999999,0.039095376,-0.03726278,1566947896042
14436,226,Accelerometer,-7.799111999999999,-2.0805612,5.161899,1566947896043
14437,226,Gyroscope,-0.059864793,0.01160644,-0.035430185,1566947896053
14438,226,Accelerometer,-7.7320743,-2.1631612999999996,5.2265425,1566947896053
14439,226,Gyroscope,-0.06291912,0.00061086525,-0.030543262,1566947896062
14440,226,Accelerometer,-7.7105265,-2.2134395000000002,5.2744265,1566947896063
14441,226,Gyroscope,-0.06291912,-0.0012217305,-0.015882496,1566947896072
14442,226,Accelerometer,-7.6710224,-2.2709002000000003,5.291186,1566947896073
14443,226,Gyroscope,-0.06169739,0.009773844,-0.0018325957999999999,1566947896082
14444,226,Accelerometer,-7.699753,-2.384625,5.3259015,1566947896083
14445,226,Gyroscope,-0.053145275,0.018325957,0.015882496,1566947896092
14446,226,Accelerometer,-7.758410499999999,-2.4791958,5.357026,1566947896093
14447,226,Gyroscope,-0.048258353,0.017715093,0.039095376,1566947896102
14448,226,Accelerometer,-7.881711999999999,-2.4791958,5.3701944,1566947896103
14449,226,Gyroscope,-0.03604105,0.02687807,0.054367005999999996,1566947896112
14450,226,Accelerometer,-7.9810715,-2.4085669999999997,5.3785739999999995,1566947896113
14451,226,Gyroscope,-0.026267206,0.03359759,0.06841691,1566947896123
14452,226,Accelerometer,-8.032547000000001,-2.3570917000000002,5.365406,1566947896124
14453,226,Gyroscope,-0.016493361,0.036651913,0.07452556,1566947896132
14454,226,Accelerometer,-8.057686,-2.3092074,5.319916200000001,1566947896133
14455,226,Gyroscope,-0.017104227,0.03481932,0.0720821,1566947896142
14456,226,Accelerometer,-8.098388,-2.1894975,5.2409077,1566947896143
14457,226,Gyroscope,-0.020158553,0.02565634,0.064751714,1566947896152
14458,226,Accelerometer,-8.015787,-2.1212628,5.2181625,1566947896153
14459,226,Gyroscope,-0.02443461,0.01282817,0.05131268,1566947896162
14460,226,Accelerometer,-8.000225,-2.005144,5.2301335,1566947896163
14461,226,Gyroscope,-0.029932396,-0.0012217305,0.03848451,1566947896172
14462,226,Accelerometer,-7.928399000000001,-1.9428947,5.270835,1566947896173
14463,226,Gyroscope,-0.034208454,-0.015271631,0.018936822,1566947896182
14464,226,Accelerometer,-7.8829093,-1.8399439999999998,5.278017500000001,1566947896183
14465,226,Gyroscope,-0.03726278,-0.031154128,0.005497787,1566947896192
14466,226,Accelerometer,-7.7572136,-1.7836802999999999,5.335478299999999,1566947896193
14467,226,Gyroscope,-0.03359759,-0.03726278,-0.014660766,1566947896202
14468,226,Accelerometer,-7.4758949999999995,-1.8686744,5.437232,1566947896203
14469,226,Gyroscope,-0.01282817,-0.05375614,-0.032986722999999996,1566947896213
14470,226,Accelerometer,-7.4639240000000004,-2.1272482999999998,5.601235,1566947896213
14471,226,Gyroscope,0.009162978,-0.061086524,-0.0421497,1566947896222
14472,226,Accelerometer,-7.643489,-2.292448,5.7005944,1566947896223
14473,226,Gyroscope,0.009773844,-0.06169739,-0.039095376,1566947896232
14474,226,Accelerometer,-7.735666,-2.2134395000000002,5.5090580000000005,1566947896233
14475,226,Gyroscope,-0.00061086525,-0.062308256,-0.034208454,1566947896242
14476,226,Accelerometer,-7.517792999999999,-2.2433669999999997,5.5401826,1566947896243
14477,226,Gyroscope,-0.00061086525,-0.06169739,-0.0421497,1566947896252
14478,226,Accelerometer,-7.445967,-2.3894134,5.556941999999999,1566947896253
14479,226,Gyroscope,0.008552114,-0.073303826,-0.05009095,1566947896262
14480,226,Accelerometer,-7.465121000000001,-2.4612392999999995,5.5521536,1566947896263
14481,226,Gyroscope,0.018325957,-0.09162979,-0.06169739,1566947896272
14482,226,Accelerometer,-7.454347,-2.4085669999999997,5.5401826,1566947896273
14483,226,Gyroscope,0.032986722999999996,-0.09590584,-0.0842994,1566947896282
14484,226,Accelerometer,-7.438784599999999,-2.3343467999999996,5.601235,1566947896283
14485,226,Gyroscope,0.04886922,-0.09407325,-0.105068825,1566947896292
14486,226,Accelerometer,-7.455544000000001,-2.3690627,5.6886234,1566947896293
14487,226,Gyroscope,0.06658431,-0.09773844,-0.12278391400000001,1566947896302
14488,226,Accelerometer,-7.4950485,-2.4720132,5.6790465999999995,1566947896303
14489,226,Gyroscope,0.07086037,-0.10018189999999999,-0.13072516,1566947896312
14490,226,Accelerometer,-7.5429325,-2.4875755,5.707777,1566947896313
14491,226,Gyroscope,0.062308256,-0.095294975,-0.13561209,1566947896322
14492,226,Accelerometer,-7.5106106,-2.4732103,5.765238,1566947896323
14493,226,Gyroscope,0.05131268,-0.092240654,-0.13255776,1566947896332
14494,226,Accelerometer,-7.526173,-2.4839842,5.8095303,1566947896333
14495,226,Gyroscope,0.047647487,-0.08063421400000001,-0.12217305,1566947896342
14496,226,Accelerometer,-7.5932107,-2.4552537999999995,5.8705826,1566947896344
14497,226,Gyroscope,0.03176499,-0.06291912,-0.11056661,1566947896353
14498,226,Accelerometer,-7.571663,-2.4779987,5.932832,1566947896353
14499,226,Gyroscope,0.021380282999999996,-0.047647487,-0.09712757,1566947896362
14500,226,Accelerometer,-7.603985000000001,-2.6013002,5.98311,1566947896363
14501,226,Gyroscope,0.013439035,-0.03604105,-0.08307768,1566947896372
14502,226,Accelerometer,-7.6614455999999995,-2.6515784,5.949591000000001,1566947896373
14503,226,Gyroscope,-0.014049901000000002,-0.015271631,-0.05497787,1566947896382
14504,226,Accelerometer,-7.627927000000001,-2.5378537,5.8717794,1566947896383
14505,226,Gyroscope,-0.04520403,0.018325957,-0.026267206,1566947896392
14506,226,Accelerometer,-7.4735007,-2.4049757,5.887341999999999,1566947896392
14507,226,Gyroscope,-0.064751714,0.04520403,-0.005497787,1566947896403
14508,226,Accelerometer,-7.419631,-2.3666685000000003,5.872977,1566947896403
14509,226,Gyroscope,-0.07391469,0.069027774,0.0036651915999999997,1566947896412
14510,226,Accelerometer,-7.374141000000001,-2.349909,5.919664,1566947896413
14511,226,Gyroscope,-0.081855945,0.09773844,0.004886922,1566947896422
14512,226,Accelerometer,-7.394492,-2.3535004,5.9029045,1566947896423
14513,226,Gyroscope,-0.0842994,0.11911872,0.005497787,1566947896432
14514,226,Accelerometer,-7.513005000000001,-2.3690627,5.795165,1566947896433
14515,226,Gyroscope,-0.084910266,0.13255776,0.0018325957999999999,1566947896442
14516,226,Accelerometer,-7.601590600000001,-2.397793,5.6670755999999995,1566947896443
14517,226,Gyroscope,-0.09285152,0.13683382,-0.00061086525,1566947896452
14518,226,Accelerometer,-7.700949700000001,-2.4540567,5.5258174,1566947896453
14519,226,Gyroscope,-0.09101892,0.13744467,0.0012217305,1566947896462
14520,226,Accelerometer,-7.7560163,-2.540248,5.45878,1566947896463
14521,226,Gyroscope,-0.08246681,0.12644911,0.002443461,1566947896472
14522,226,Accelerometer,-7.7919292,-2.634819,5.4025164000000006,1566947896473
14523,226,Gyroscope,-0.06719518,0.10934488,0.009162978,1566947896482
14524,226,Accelerometer,-7.833828,-2.6599581000000003,5.427655000000001,1566947896483
14525,226,Gyroscope,-0.05009095,0.10262536,0.015271631,1566947896492
14526,226,Accelerometer,-7.811083,-2.5881321,5.374983,1566947896493
14527,226,Gyroscope,-0.044593163,0.08552113,0.02443461,1566947896502
14528,226,Accelerometer,-7.7464395,-2.5474305,5.318719000000001,1566947896503
14529,226,Gyroscope,-0.040317107000000005,0.058643065,0.028099801,1566947896512
14530,226,Accelerometer,-7.53575,-2.5246856,5.3259015,1566947896513
14531,226,Gyroscope,-0.02076942,0.03848451,0.028099801,1566947896522
14532,226,Accelerometer,-7.442375999999999,-2.598906,5.432443599999999,1566947896523
14533,226,Gyroscope,-0.004886922,0.027488936000000002,0.02565634,1566947896532
14534,226,Accelerometer,-7.4723034,-2.6384103,5.494693,1566947896533
14535,226,Gyroscope,0.0067195175,0.020158553,0.02321288,1566947896542
14536,226,Accelerometer,-7.4866686,-2.5797524,5.5246205,1566947896543
14537,226,Gyroscope,0.014660766,0.015271631,0.018936822,1566947896553
14538,226,Accelerometer,-7.523778999999999,-2.5737667,5.589264,1566947896553
14539,226,Gyroscope,0.015271631,0.017715093,0.012217305,1566947896562
14540,226,Accelerometer,-7.5572976999999995,-2.5629928,5.5868697,1566947896563
14541,226,Gyroscope,0.013439035,0.014660766,0.007330383,1566947896572
14542,226,Accelerometer,-7.581239699999999,-2.5582043999999997,5.6096144,1566947896573
14543,226,Gyroscope,0.012217305,0.01282817,0.0018325957999999999,1566947896582
14544,226,Accelerometer,-7.539341,-2.5605986,5.664681400000001,1566947896583
14545,226,Gyroscope,0.0067195175,0.016493361,-0.0018325957999999999,1566947896592
14546,226,Accelerometer,-7.57286,-2.5941176,5.747281,1566947896593
14547,226,Gyroscope,-0.010995574,0.022602014,-0.004886922,1566947896603
14548,226,Accelerometer,-7.644686,-2.5498247000000003,5.746084,1566947896603
14549,226,Gyroscope,-0.03359759,0.036651913,-0.005497787,1566947896612
14550,226,Accelerometer,-7.540538300000001,-2.4612392999999995,5.718550700000001,1566947896613
14551,226,Gyroscope,-0.04642576,0.047036625,-0.014049901000000002,1566947896622
14552,226,Accelerometer,-7.311891999999999,-2.517503,5.7640405,1566947896623
14553,226,Gyroscope,-0.03481932,0.043982297000000004,-0.026267206,1566947896632
14554,226,Accelerometer,-7.298723700000001,-2.7724855,5.876568,1566947896633
14555,226,Gyroscope,-0.032986722999999996,0.03726278,-0.03359759,1566947896642
14556,226,Accelerometer,-7.467515,-2.871845,5.8717794,1566947896643
14557,226,Gyroscope,-0.047647487,0.054367005999999996,-0.03970624,1566947896652
14558,226,Accelerometer,-7.5094137000000005,-2.7557259999999997,5.8119245,1566947896653
14559,226,Gyroscope,-0.06536258,0.0720821,-0.03604105,1566947896663
14560,226,Accelerometer,-7.4842744,-2.706645,5.6946087,1566947896663
14561,226,Gyroscope,-0.06963864,0.076358154,-0.034208454,1566947896672
14562,226,Accelerometer,-7.380127000000001,-2.7928362,5.591658,1566947896673
14563,226,Gyroscope,-0.06352998,0.06841691,-0.026267206,1566947896682
14564,226,Accelerometer,-7.3071036,-2.9269116000000004,5.5605335,1566947896683
14565,226,Gyroscope,-0.0580322,0.06169739,-0.017715093,1566947896692
14566,226,Accelerometer,-7.2807674,-2.9424740000000003,5.511451999999999,1566947896693
14567,226,Gyroscope,-0.059253927000000005,0.0580322,-0.01282817,1566947896702
14568,226,Accelerometer,-7.268796400000001,-2.8802247000000003,5.463568,1566947896703
14569,226,Gyroscope,-0.057421334000000004,0.057421334000000004,-0.009162978,1566947896712
14570,226,Accelerometer,-7.290344,-2.8814217999999996,5.517437999999999,1566947896713
14571,226,Gyroscope,-0.05497787,0.040317107000000005,-0.014049901000000002,1566947896723
14572,226,Accelerometer,-7.3083005000000005,-2.8874072999999996,5.5365915,1566947896723
14573,226,Gyroscope,-0.04886922,0.032375857,-0.015882496,1566947896732
14574,226,Accelerometer,-7.3047094,-2.89459,5.5365915,1566947896733
14575,226,Gyroscope,-0.052534412999999995,0.031154128,-0.02321288,1566947896742
14576,226,Accelerometer,-7.353790299999999,-2.8215668,5.4970870000000005,1566947896743
14577,226,Gyroscope,-0.059864793,0.02443461,-0.023823743999999997,1566947896752
14578,226,Accelerometer,-7.3609734,-2.7557259999999997,5.4779334,1566947896753
14579,226,Gyroscope,-0.06291912,0.017104227,-0.02443461,1566947896762
14580,226,Accelerometer,-7.2963295,-2.813187,5.556941999999999,1566947896763
14581,226,Gyroscope,-0.057421334000000004,0.019547688,-0.02565634,1566947896773
14582,226,Accelerometer,-7.358579,-2.8874072999999996,5.657499,1566947896773
14583,226,Gyroscope,-0.048258353,0.014049901000000002,-0.032986722999999996,1566947896782
14584,226,Accelerometer,-7.390900599999999,-2.9628246,5.674258,1566947896783
14585,226,Gyroscope,-0.051923547,0.009162978,-0.034208454,1566947896792
14586,226,Accelerometer,-7.358579,-2.9532477999999998,5.647922,1566947896793
14587,226,Gyroscope,-0.059864793,0.01038471,-0.021991148999999998,1566947896802
14588,226,Accelerometer,-7.3609734,-2.9735985,5.603629,1566947896803
14589,226,Gyroscope,-0.0720821,0.0030543262,-0.012217305,1566947896812
14590,226,Accelerometer,-7.395689,-2.8802247000000003,5.635950599999999,1566947896813
14591,226,Gyroscope,-0.0720821,-0.014049901000000002,-0.004886922,1566947896823
14592,226,Accelerometer,-7.1909847000000005,-2.9712042999999997,5.723339,1566947896823
14593,226,Gyroscope,-0.06597344599999999,-0.007941248,0.01282817,1566947896833
14594,226,Accelerometer,-6.994660400000001,-2.9424740000000003,5.865794,1566947896833
14595,226,Gyroscope,-0.054367005999999996,0.018936822,0.021991148999999998,1566947896842
14596,226,Accelerometer,-6.895301,-2.9484594,6.035782299999999,1566947896843
14597,226,Gyroscope,-0.04886922,0.07696902,0.03604105,1566947896852
14598,226,Accelerometer,-6.989872,-2.8670566,5.967548000000001,1566947896853
14599,226,Gyroscope,-0.057421334000000004,0.11362094,0.040317107000000005,1566947896862
14600,226,Accelerometer,-7.176619500000001,-2.8395232999999998,5.8598084,1566947896863
14601,226,Gyroscope,-0.064751714,0.1337795,0.03176499,1566947896872
14602,226,Accelerometer,-7.4184339999999995,-2.7688942,5.7616463,1566947896873
14603,226,Gyroscope,-0.07086037,0.12461651,0.02687807,1566947896883
14604,226,Accelerometer,-7.6470804,-2.6671407000000005,5.5856724,1566947896883
14605,226,Gyroscope,-0.0720821,0.08979719,0.014660766,1566947896892
14606,226,Accelerometer,-7.6470804,-2.6683377999999998,5.591658,1566947896893
14607,226,Gyroscope,-0.06291912,0.055588737,-0.00061086525,1566947896902
14608,226,Accelerometer,-7.614758500000001,-2.7114333999999998,5.674258,1566947896903
14609,226,Gyroscope,-0.05131268,0.034208454,-0.0012217305,1566947896912
14610,226,Accelerometer,-7.5273699999999995,-2.681506,5.744887,1566947896913
14611,226,Gyroscope,-0.044593163,0.014660766,0.007330383,1566947896922
14612,226,Accelerometer,-7.4256167,-2.6611552000000005,5.791574,1566947896923
14613,226,Gyroscope,-0.054367005999999996,0.010995574,0.02321288,1566947896932
14614,226,Accelerometer,-7.384915400000001,-2.585738,5.767632,1566947896933
14615,226,Gyroscope,-0.08063421400000001,0.014660766,0.03970624,1566947896942
14616,226,Accelerometer,-7.384915400000001,-2.5103204,5.6922144999999995,1566947896943
14617,226,Gyroscope,-0.116675265,0.028099801,0.052534412999999995,1566947896952
14618,226,Accelerometer,-7.3214690000000004,-2.4732103,5.683835,1566947896953
14619,226,Gyroscope,-0.13805555,0.05375614,0.07574729,1566947896962
14620,226,Accelerometer,-7.369353,-2.541445,5.795165,1566947896963
14621,226,Gyroscope,-0.14110987,0.069027774,0.08796459400000001,1566947896972
14622,226,Accelerometer,-7.444770299999999,-2.5773582000000004,5.8095303,1566947896973
14623,226,Gyroscope,-0.1441642,0.1142318,0.09407325,1566947896982
14624,226,Accelerometer,-7.4088573,-2.5605986,5.738901599999999,1566947896983
14625,226,Gyroscope,-0.14844026,0.17531833,0.11545353400000001,1566947896993
14626,226,Accelerometer,-7.37055,-2.5965118,5.591658,1566947896993
14627,226,Gyroscope,-0.15577064,0.22602014,0.12156218,1566947897002
14628,226,Accelerometer,-7.3214690000000004,-2.6144682999999995,5.4192758,1566947897003
14629,226,Gyroscope,-0.15821409,0.258396,0.1441642,1566947897012
14630,226,Accelerometer,-7.553706,-2.6144682999999995,5.323507299999999,1566947897013
14631,226,Gyroscope,-0.15943582,0.27000242,0.16187929,1566947897022
14632,226,Accelerometer,-7.7093296,-2.5306710999999997,5.3821654,1566947897023
14633,226,Gyroscope,-0.16004670000000001,0.26145032,0.19120082,1566947897032
14634,226,Accelerometer,-7.872135000000001,-2.4301147000000003,5.3857565,1566947897033
14635,226,Gyroscope,-0.15393804,0.26450464,0.21258110000000002,1566947897043
14636,226,Accelerometer,-7.9248075,-2.3427265,5.389348,1566947897043
14637,226,Gyroscope,-0.13133603,0.267559,0.22174409,1566947897052
14638,226,Accelerometer,-8.112753,-2.2780828,5.3678,1566947897053
14639,226,Gyroscope,-0.11056661,0.26267207,0.21624629,1566947897062
14640,226,Accelerometer,-8.371326,-2.2756886,5.2756233,1566947897063
14641,226,Gyroscope,-0.10323623,0.23701571,0.19792034,1566947897072
14642,226,Accelerometer,-8.589199,-2.1942859,5.1810527,1566947897073
14643,226,Gyroscope,-0.10873401,0.19242255,0.16920967,1566947897082
14644,226,Accelerometer,-8.747216,-1.9728221999999997,5.066130599999999,1566947897083
14645,226,Gyroscope,-0.12095132,0.14049901,0.1337795,1566947897093
14646,226,Accelerometer,-8.672996000000001,-1.6903063999999999,5.0014873,1566947897093
14647,226,Gyroscope,-0.12950343,0.10629055,0.09101892,1566947897102
14648,226,Accelerometer,-8.526949,-1.4628572,4.9823337,1566947897103
14649,226,Gyroscope,-0.12889257,0.08124508,0.03848451,1566947897112
14650,226,Accelerometer,-8.261192999999999,-1.3994108,5.0038815,1566947897113
14651,226,Gyroscope,-0.11545353400000001,0.051923547,-0.0067195175,1566947897122
14652,226,Accelerometer,-8.015787,-1.4664485,5.011064,1566947897123
14653,226,Gyroscope,-0.08979719,0.017104227,-0.04153884,1566947897132
14654,226,Accelerometer,-7.931989999999999,-1.5179238000000002,5.046977,1566947897133
14655,226,Gyroscope,-0.05681047,-0.007941248,-0.059864793,1566947897143
14656,226,Accelerometer,-7.819463000000001,-1.5993267,5.1367598,1566947897143
14657,226,Gyroscope,-0.022602014,-0.029321532999999997,-0.06597344599999999,1566947897152
14658,226,Accelerometer,-7.762002000000001,-1.7525556,5.2289367,1566947897153
14659,226,Gyroscope,0.0018325957999999999,-0.03970624,-0.064751714,1566947897162
14660,226,Accelerometer,-7.705738,-2.1080947,5.4982843,1566947897163
14661,226,Gyroscope,0.01160644,-0.037873644,-0.056199603,1566947897172
14662,226,Accelerometer,-7.8050976,-2.1894975,5.499480999999999,1566947897173
14663,226,Gyroscope,0.015271631,-0.04337143,-0.029321532999999997,1566947897182
14664,226,Accelerometer,-7.856573,-2.0254946,5.5270147000000005,1566947897183
14665,226,Gyroscope,0.009162978,-0.037873644,0.009162978,1566947897192
14666,226,Accelerometer,-7.700949700000001,-1.7609352999999999,5.591658,1566947897193
14667,226,Gyroscope,0.0067195175,-0.029321532999999997,0.021991148999999998,1566947897203
14668,226,Accelerometer,-7.5453267,-1.5861586,5.6634839999999995,1566947897203
14669,226,Gyroscope,0.019547688,-0.03359759,0.021380282999999996,1566947897212
14670,226,Accelerometer,-7.5584945999999995,-1.4437037,5.7377043,1566947897213
14671,226,Gyroscope,0.02443461,-0.030543262,0.013439035,1566947897222
14672,226,Accelerometer,-7.541735000000001,-1.3670892,5.723339,1566947897223
14673,226,Gyroscope,0.021380282999999996,-0.021380282999999996,0.007941248,1566947897232
14674,226,Accelerometer,-7.589619,-1.2916718999999999,5.675455,1566947897233
14675,226,Gyroscope,0.014660766,-0.017715093,-0.00061086525,1566947897242
14676,226,Accelerometer,-7.5094137000000005,-1.2294226000000001,5.777209,1566947897243
14677,226,Gyroscope,0.004276057,-0.0030543262,-0.007330383,1566947897253
14678,226,Accelerometer,-7.517792999999999,-1.2916718999999999,5.8454432,1566947897253
14679,226,Gyroscope,0.0012217305,-0.008552114,-0.02443461,1566947897262
14680,226,Accelerometer,-7.745242599999999,-1.3850456,5.779603,1566947897263
14681,226,Gyroscope,-0.0067195175,-0.010995574,-0.031154128,1566947897272
14682,226,Accelerometer,-7.826645399999999,-1.365892,5.6467247,1566947897273
14683,226,Gyroscope,-0.031154128,0.004276057,-0.03848451,1566947897282
14684,226,Accelerometer,-7.675811,-1.3455413999999999,5.4515970000000005,1566947897283
14685,226,Gyroscope,-0.044593163,-0.002443461,-0.055588737,1566947897292
14686,226,Accelerometer,-7.630321,-1.6208745,5.4288526,1566947897293
14687,226,Gyroscope,-0.03970624,-0.032375857,-0.06536258,1566947897302
14688,226,Accelerometer,-7.762002000000001,-1.7369933000000002,5.410896,1566947897303
14689,226,Gyroscope,-0.036651913,-0.05131268,-0.07391469,1566947897312
14690,226,Accelerometer,-7.7368627000000005,-1.8267759,5.3642087,1566947897313
14691,226,Gyroscope,-0.029321532999999997,-0.059864793,-0.09162979,1566947897322
14692,226,Accelerometer,-7.6961613,-1.9692308999999997,5.273229,1566947897323
14693,226,Gyroscope,-0.017715093,-0.09101892,-0.119729586,1566947897332
14694,226,Accelerometer,-7.787141,-2.12246,5.243302,1566947897333
14695,226,Gyroscope,-0.005497787,-0.12583824,-0.15943582,1566947897342
14696,226,Accelerometer,-7.8218570000000005,-2.2720973,5.2145715,1566947897343
14697,226,Gyroscope,0.0030543262,-0.15271631,-0.21197024,1566947897353
14698,226,Accelerometer,-7.8876976999999995,-2.4265234,5.2660465,1566947897353
14699,226,Gyroscope,0.01038471,-0.16676621,-0.25350907,1566947897362
14700,226,Accelerometer,-8.052897,-2.5893292000000003,5.273229,1566947897363
14701,226,Gyroscope,0.01038471,-0.18203785,-0.2724459,1566947897372
14702,226,Accelerometer,-8.1163435,-2.7090392000000003,5.2768207,1566947897373
14703,226,Gyroscope,-0.0067195175,-0.17104226,-0.27366763,1566947897382
14704,226,Accelerometer,-7.9822683,-2.822764,5.270835,1566947897383
14705,226,Gyroscope,-0.017104227,-0.16737708,-0.24556783,1566947897392
14706,226,Accelerometer,-7.890092,-2.9604304,5.4144874000000005,1566947897393
14707,226,Gyroscope,-0.0018325957999999999,-0.16310102,-0.20769419,1566947897402
14708,226,Accelerometer,-7.9571295,-3.0430303,5.653907299999999,1566947897403
14709,226,Gyroscope,0.012217305,-0.17531833,-0.16982053,1566947897412
14710,226,Accelerometer,-8.046911999999999,-3.027468,5.851429,1566947897413
14711,226,Gyroscope,0.013439035,-0.1563815,-0.09590584,1566947897422
14712,226,Accelerometer,-8.013392999999999,-2.8850130000000003,6.029797,1566947897423
14713,226,Gyroscope,-0.02687807,-0.12034045,-0.045814894,1566947897432
14714,226,Accelerometer,-7.8410106,-2.7976246,6.081272,1566947897433
14715,226,Gyroscope,-0.06597344599999999,-0.057421334000000004,0.007330383,1566947897442
14716,226,Accelerometer,-7.660248299999999,-2.7485435000000003,6.115988300000001,1566947897443
14717,226,Gyroscope,-0.10262536,0.031154128,0.0720821,1566947897452
14718,226,Accelerometer,-7.4256167,-2.7102362999999996,6.0381765,1566947897453
14719,226,Gyroscope,-0.12095132,0.09590584,0.12217305,1566947897462
14720,226,Accelerometer,-7.131129700000001,-2.5737667,5.995081,1566947897463
14721,226,Gyroscope,-0.112399206,0.14294247,0.14110987,1566947897473
14722,226,Accelerometer,-7.062895,-2.493561,5.9747305,1566947897473
14723,226,Gyroscope,-0.093462385,0.16554448,0.13805555,1566947897482
14724,226,Accelerometer,-7.223306699999999,-2.384625,5.8358665,1566947897483
14725,226,Gyroscope,-0.07880162,0.18142697,0.11728613,1566947897492
14726,226,Accelerometer,-7.329848299999999,-2.2290018,5.6563015,1566947897493
14727,226,Gyroscope,-0.064751714,0.17837265,0.08124508,1566947897502
14728,226,Accelerometer,-7.468712299999999,-2.2218192,5.5365915,1566947897503
14729,226,Gyroscope,-0.05497787,0.14355333,0.047036625,1566947897512
14730,226,Accelerometer,-7.758410499999999,-2.2242134,5.3366755999999995,1566947897513
14731,226,Gyroscope,-0.05131268,0.11728613,0.021991148999999998,1566947897522
14732,226,Accelerometer,-7.6027875,-2.2732944,5.225345,1566947897523
14733,226,Gyroscope,-0.03481932,0.059253927000000005,0.0018325957999999999,1566947897533
14734,226,Accelerometer,-7.711724,-2.4875755,5.1690817000000004,1566947897533
14735,226,Gyroscope,-0.017104227,0.005497787,-0.0067195175,1566947897542
14736,226,Accelerometer,-7.782352400000001,-2.6479871,5.1666875,1566947897543
14737,226,Gyroscope,-0.0030543262,-0.025045475,-0.0030543262,1566947897552
14738,226,Accelerometer,-7.6638399999999995,-2.6886885,5.261258,1566947897553
14739,226,Gyroscope,0.01282817,-0.057421334000000004,-0.0012217305,1566947897562
14740,226,Accelerometer,-7.698555499999999,-2.694674,5.4420204000000005,1566947897563
14741,226,Gyroscope,0.017715093,-0.06841691,-0.004276057,1566947897572
14742,226,Accelerometer,-7.444770299999999,-2.6611552000000005,5.547365,1566947897573
14743,226,Gyroscope,0.017104227,-0.06352998,-0.0061086523,1566947897582
14744,226,Accelerometer,-7.4495587,-2.730587,5.717354,1566947897583
14745,226,Gyroscope,0.01282817,-0.06169739,-0.009162978,1566947897592
14746,226,Accelerometer,-7.420828299999999,-2.6623523,5.779603,1566947897593
14747,226,Gyroscope,0.007941248,-0.047036625,-0.0061086523,1566947897602
14748,226,Accelerometer,-7.309498,-2.6755204,5.8909335,1566947897603
14749,226,Gyroscope,0.004276057,-0.028710667000000002,-0.0012217305,1566947897612
14750,226,Accelerometer,-7.328651400000001,-2.6156653999999997,5.8921304,1566947897613
14751,226,Gyroscope,-0.010995574,-0.018325957,0.0067195175,1566947897622
14752,226,Accelerometer,-7.047333,-2.4708161,5.779603,1566947897623
14753,226,Gyroscope,-0.02321288,0.008552114,0.014049901000000002,1566947897632
14754,226,Accelerometer,-6.817489,-2.7868507,6.002263500000001,1566947897633
14755,226,Gyroscope,-0.004886922,0.028710667000000002,0.0018325957999999999,1566947897642
14756,226,Accelerometer,-7.371747,-3.0801406000000005,6.0010667,1566947897643
14757,226,Gyroscope,0.013439035,0.017715093,-0.008552114,1566947897652
14758,226,Accelerometer,-7.568071400000001,-2.718616,5.73531,1566947897653
14759,226,Gyroscope,-0.050701816,0.07513642,0.01160644,1566947897662
14760,226,Accelerometer,-7.241263000000001,-2.633622,5.681441,1566947897663
14761,226,Gyroscope,-0.059864793,0.095294975,0.0018325957999999999,1566947897672
14762,226,Accelerometer,-7.3992805,-3.003526,5.730521700000001,1566947897673
14763,226,Gyroscope,-0.052534412999999995,0.064751714,-0.01038471,1566947897682
14764,226,Accelerometer,-7.5309615,-3.1603463,5.6586957,1566947897683
14765,226,Gyroscope,-0.06169739,0.069027774,-0.0012217305,1566947897693
14766,226,Accelerometer,-7.451953,-3.0681696,5.652710400000001,1566947897693
14767,226,Gyroscope,-0.059864793,0.09285152,-0.0030543262,1566947897702
14768,226,Accelerometer,-7.4507556,-3.2345665,5.652710400000001,1566947897703
14769,226,Gyroscope,-0.043982297000000004,0.09285152,-0.0030543262,1566947897712
14770,226,Accelerometer,-7.589619,-3.2549171,5.5521536,1566947897713
14771,226,Gyroscope,-0.040317107000000005,0.08552113,0.0036651915999999997,1566947897722
14772,226,Accelerometer,-7.4806833,-3.0370448,5.4922986,1566947897723
14773,226,Gyroscope,-0.04153884,0.08674286,0.0061086523,1566947897732
14774,226,Accelerometer,-7.371747,-3.0154970000000003,5.556941999999999,1566947897733
14775,226,Gyroscope,-0.027488936000000002,0.06841691,-0.0067195175,1566947897742
14776,226,Accelerometer,-7.3202715,-3.1507695,5.5820813,1566947897743
14777,226,Gyroscope,-0.027488936000000002,0.05131268,-0.015882496,1566947897753
14778,226,Accelerometer,-7.3071036,-3.2333694,5.517437999999999,1566947897753
14779,226,Gyroscope,-0.047036625,0.04276056599999999,-0.018325957,1566947897762
14780,226,Accelerometer,-7.228095,-2.9807810000000003,5.5246205,1566947897763
14781,226,Gyroscope,-0.062308256,0.076358154,-0.019547688,1566947897772
14782,226,Accelerometer,-6.8581905,-3.1112652,5.657499,1566947897773
14783,226,Gyroscope,-0.07269296,0.13255776,-0.02687807,1566947897782
14784,226,Accelerometer,-6.941988,-3.478775,5.651513,1566947897783
14785,226,Gyroscope,-0.08002335,0.1423316,-0.035430185,1566947897792
14786,226,Accelerometer,-7.454347,-3.4835634,5.5497594,1566947897793
14787,226,Gyroscope,-0.11789699,0.12034045,-0.03726278,1566947897803
14788,226,Accelerometer,-7.4806833,-3.4081461,5.4144874000000005,1566947897803
14789,226,Gyroscope,-0.16432275,0.10812314599999999,-0.017715093,1566947897812
14790,226,Accelerometer,-7.134721300000001,-3.2740707000000002,5.625177,1566947897813
14791,226,Gyroscope,-0.1777618,0.10629055,0.029932396,1566947897822
14792,226,Accelerometer,-6.8905125,-2.861071,5.9771247,1566947897823
14793,226,Gyroscope,-0.16310102,0.116675265,0.10323623,1566947897832
14794,226,Accelerometer,-6.8210807,-2.597709,6.1866174,1566947897833
14795,226,Gyroscope,-0.14355333,0.11056661,0.18448131,1566947897842
14796,226,Accelerometer,-7.022193400000001,-2.4037786,6.256049,1566947897843
14797,226,Gyroscope,-0.13988814,0.10140363,0.25534168,1566947897852
14798,226,Accelerometer,-7.053317999999999,-2.0314799999999997,6.281187999999999,1566947897853
14799,226,Gyroscope,-0.16126843,0.1386664,0.31948254,1566947897863
14800,226,Accelerometer,-7.0940194000000005,-1.6938977,6.315904,1566947897863
14801,226,Gyroscope,-0.18081611,0.20463985,0.36346483,1566947897872
14802,226,Accelerometer,-7.284358500000001,-1.4616601,6.364985,1566947897873
14803,226,Gyroscope,-0.19120082,0.26450464,0.37323865,1566947897882
14804,226,Accelerometer,-7.505822,-1.4089876000000001,6.3302693,1566947897883
14805,226,Gyroscope,-0.1826487,0.35185838,0.3475823,1566947897892
14806,226,Accelerometer,-7.678205,-1.4580688,6.172251999999999,1566947897893
14807,226,Gyroscope,-0.18203785,0.37690386,0.29932398,1566947897902
14808,226,Accelerometer,-8.028955,-1.4927847,5.7736173,1566947897903
14809,226,Gyroscope,-0.19425514,0.37262779999999995,0.22540927,1566947897912
14810,226,Accelerometer,-8.380903,-1.3694833999999998,5.3558292000000005,1566947897913
14811,226,Gyroscope,-0.19181168,0.36896262,0.14110987,1566947897923
14812,226,Accelerometer,-8.414422,-1.2521674999999999,5.133168,1566947897923
14813,226,Gyroscope,-0.18142697,0.33964106,0.05497787,1566947897933
14814,226,Accelerometer,-8.384495,-1.3060371000000002,4.950012,1566947897933
14815,226,Gyroscope,-0.17104226,0.2883284,-0.014660766,1566947897942
14816,226,Accelerometer,-8.536526,-1.590947,4.7429137,1566947897943
14817,226,Gyroscope,-0.172264,0.23273966,-0.051923547,1566947897952
14818,226,Accelerometer,-8.463503,-1.8471266,4.528632599999999,1566947897953
14819,226,Gyroscope,-0.16798794,0.17531833,-0.059253927000000005,1566947897962
14820,226,Accelerometer,-8.236053,-2.123657,4.405330999999999,1566947897963
14821,226,Gyroscope,-0.14477506,0.1020145,-0.04337143,1566947897972
14822,226,Accelerometer,-8.166622,-2.3714569,4.434061499999999,1566947897973
14823,226,Gyroscope,-0.12644911,0.03970624,-0.004886922,1566947897983
14824,226,Accelerometer,-8.146272,-2.3810337,4.4544125,1566947897983
14825,226,Gyroscope,-0.1020145,-0.004276057,0.03359759,1566947897992
14826,226,Accelerometer,-7.9475527,-2.348712,4.548983,1566947897993
14827,226,Gyroscope,-0.058643065,-0.051923547,0.05497787,1566947898002
14828,226,Accelerometer,-7.9331875,-2.3786395000000002,4.7393220000000005,1566947898003
14829,226,Gyroscope,-0.01038471,-0.09590584,0.05497787,1566947898012
14830,226,Accelerometer,-8.018182000000001,-2.3175871,4.923676,1566947898013
14831,226,Gyroscope,0.021380282999999996,-0.12705997,0.04520403,1566947898022
14832,226,Accelerometer,-8.137891999999999,-2.1260512,5.0840874000000005,1566947898023
14833,226,Gyroscope,0.03604105,-0.12889257,0.029932396,1566947898032
14834,226,Accelerometer,-8.322245,-1.8638860000000002,5.094861,1566947898033
14835,226,Gyroscope,0.030543262,-0.1020145,0.02076942,1566947898043
14836,226,Accelerometer,-8.176199,-1.5705963,5.1104236,1566947898043
14837,226,Gyroscope,0.036651913,-0.09407325,0.0018325957999999999,1566947898052
14838,226,Accelerometer,-8.043321,-1.4269443000000002,5.1439424,1566947898053
14839,226,Gyroscope,0.059864793,-0.10995574,-0.02443461,1566947898062
14840,226,Accelerometer,-8.182184,-1.412579,5.2804117,1566947898063
14841,226,Gyroscope,0.07086037,-0.111177474,-0.050701816,1566947898072
14842,226,Accelerometer,-8.124723,-1.3718776000000001,5.3761797,1566947898073
14843,226,Gyroscope,0.07819075,-0.12767084,-0.073303826,1566947898082
14844,226,Accelerometer,-8.090008000000001,-1.436521,5.3618144999999995,1566947898083
14845,226,Gyroscope,0.076358154,-0.14966199,-0.103847094,1566947898092
14846,226,Accelerometer,-7.850587400000001,-1.5083469999999999,5.3079453,1566947898093
14847,226,Gyroscope,0.06597344599999999,-0.16371189,-0.13683382,1566947898103
14848,226,Accelerometer,-7.7919292,-1.8076223000000002,5.4192758,1566947898103
14849,226,Gyroscope,0.08124508,-0.20525073,-0.17287487,1566947898112
14850,226,Accelerometer,-7.8793178,-2.0087352,5.425261,1566947898113
14851,226,Gyroscope,0.07391469,-0.26694809999999997,-0.21685717,1566947898122
14852,226,Accelerometer,-7.675811,-1.9895816000000002,5.5018754,1566947898123
14853,226,Gyroscope,0.05497787,-0.2761111,-0.23701571,1566947898132
14854,226,Accelerometer,-7.4950485,-2.1200657000000005,5.7281275,1566947898133
14855,226,Gyroscope,0.061086524,-0.26389378,-0.26083946,1566947898142
14856,226,Accelerometer,-7.461529700000001,-2.4025814999999997,5.90889,1566947898143
14857,226,Gyroscope,0.059864793,-0.2321288,-0.27366763,1566947898153
14858,226,Accelerometer,-7.3992805,-2.6120741,6.005855,1566947898153
14859,226,Gyroscope,0.04276056599999999,-0.17837265,-0.27366763,1566947898162
14860,226,Accelerometer,-7.48188,-2.7629087,6.0046577,1566947898163
14861,226,Gyroscope,0.026267206,-0.13255776,-0.25289822,1566947898172
14862,226,Accelerometer,-7.529764,-2.9771897999999997,5.8969190000000005,1566947898173
14863,226,Gyroscope,0.009162978,-0.111177474,-0.21807889999999996,1566947898182
14864,226,Accelerometer,-7.5453267,-3.1627405,5.8334722999999995,1566947898183
14865,226,Gyroscope,-0.0036651915999999997,-0.11178834,-0.17531833,1566947898192
14866,226,Accelerometer,-7.516596300000001,-3.192668,5.8598084,1566947898193
14867,226,Gyroscope,-0.01160644,-0.112399206,-0.12950343,1566947898202
14868,226,Accelerometer,-7.445967,-3.1663318,5.93762,1566947898203
14869,226,Gyroscope,-0.021991148999999998,-0.118507855,-0.07147124,1566947898212
14870,226,Accelerometer,-7.465121000000001,-3.0514099999999997,6.0321913,1566947898213
14871,226,Gyroscope,-0.03970624,-0.11178834,-0.004886922,1566947898222
14872,226,Accelerometer,-7.3047094,-2.693477,6.208165,1566947898223
14873,226,Gyroscope,-0.06291912,-0.052534412999999995,0.056199603,1566947898232
14874,226,Accelerometer,-7.086836999999999,-2.3127987,6.291962,1566947898233
14875,226,Gyroscope,-0.08002335,0.017104227,0.09101892,1566947898242
14876,226,Accelerometer,-7.04015,-2.2074540000000002,6.272808599999999,1566947898243
14877,226,Gyroscope,-0.10751228,0.09590584,0.10323623,1566947898252
14878,226,Accelerometer,-7.0545154000000005,-2.1883004,6.0824695,1566947898253
14879,226,Gyroscope,-0.14049901,0.14538592,0.09407325,1566947898263
14880,226,Accelerometer,-7.2927384,-2.2337902,5.853823,1566947898263
14881,226,Gyroscope,-0.17592919,0.18631389999999998,0.077579886,1566947898272
14882,226,Accelerometer,-7.5549035,-2.12246,5.590461,1566947898273
14883,226,Gyroscope,-0.20891592,0.21074851,0.06291912,1566947898282
14884,226,Accelerometer,-7.547721000000001,-2.054225,5.391742,1566947898283
14885,226,Gyroscope,-0.20586158,0.22235495,0.047036625,1566947898292
14886,226,Accelerometer,-7.5453267,-2.27928,5.3259015,1566947898293
14887,226,Gyroscope,-0.16126843,0.19792034,0.019547688,1566947898302
14888,226,Accelerometer,-7.6255326,-2.586935,5.2444987,1566947898303
14889,226,Gyroscope,-0.10445796,0.14049901,-0.018936822,1566947898312
14890,226,Accelerometer,-7.904457000000001,-2.9807810000000003,5.209783,1566947898313
14891,226,Gyroscope,-0.06719518,0.092240654,-0.029321532999999997,1566947898323
14892,226,Accelerometer,-8.267178999999999,-2.9053638,4.953603299999999,1566947898323
14893,226,Gyroscope,-0.08124508,0.054367005999999996,-0.022602014,1566947898332
14894,226,Accelerometer,-7.972691499999999,-2.7126305,4.7919946,1566947898333
14895,226,Gyroscope,-0.07941248,0.018325957,-0.01160644,1566947898342
14896,226,Accelerometer,-7.7572136,-2.8814217999999996,5.043386,1566947898343
14897,226,Gyroscope,-0.015882496,-0.06841691,-0.004886922,1566947898352
14898,226,Accelerometer,-7.850587400000001,-3.2249897,5.255273000000001,1566947898353
14899,226,Gyroscope,-0.015882496,-0.0983493,0.016493361,1566947898362
14900,226,Accelerometer,-7.7248917,-3.2202013,5.2756233,1566947898363
14901,226,Gyroscope,0.0061086523,-0.11484267,0.03604105,1566947898372
14902,226,Accelerometer,-7.589619,-2.9592332999999997,5.389348,1566947898373
14903,226,Gyroscope,0.020158553,-0.11789699,0.05131268,1566947898383
14904,226,Accelerometer,-7.4950485,-2.8574797999999997,5.5329999999999995,1566947898383
14905,226,Gyroscope,0.023823743999999997,-0.11545353400000001,0.062308256,1566947898392
14906,226,Accelerometer,-7.345411,-2.6647465,5.614403,1566947898393
14907,226,Gyroscope,0.022602014,-0.0983493,0.06963864,1566947898402
14908,226,Accelerometer,-7.1490865,-2.480393,5.7209449999999995,1566947898403
14909,226,Gyroscope,0.013439035,-0.073303826,0.070249505,1566947898412
14910,226,Accelerometer,-6.927623,-2.3882163,5.755661,1566947898413
14911,226,Gyroscope,0.007330383,-0.055588737,0.053145275,1566947898422
14912,226,Accelerometer,-6.977900999999999,-2.4756044999999998,5.9029045,1566947898423
14913,226,Gyroscope,0.0012217305,-0.03481932,0.04337143,1566947898432
14914,226,Accelerometer,-7.231686,-2.5462333999999998,5.981913,1566947898433
14915,226,Gyroscope,-0.0018325957999999999,0.004886922,0.03359759,1566947898442
14916,226,Accelerometer,-7.2975270000000005,-2.5953147,6.105214,1566947898443
14917,226,Gyroscope,-0.0018325957999999999,0.025045475,0.021991148999999998,1566947898452
14918,226,Accelerometer,-7.562086,-2.7257986,6.1483099999999995,1566947898453
14919,226,Gyroscope,-0.015882496,0.04886922,0.010995574,1566947898462
14920,226,Accelerometer,-7.7943234,-2.695871,6.0142345,1566947898463
14921,226,Gyroscope,-0.047036625,0.084910266,0.005497787,1566947898472
14922,226,Accelerometer,-7.633912,-2.6120741,5.8586116,1566947898473
14923,226,Gyroscope,-0.05497787,0.08002335,0.0012217305,1566947898482
14924,226,Accelerometer,-7.638700500000001,-2.7509377,5.841851999999999,1566947898483
14925,226,Gyroscope,-0.06291912,0.07819075,-0.009773844,1566947898493
14926,226,Accelerometer,-7.667431,-2.7904419999999996,5.7640405,1566947898493
14927,226,Gyroscope,-0.07513642,0.08063421400000001,-0.015882496,1566947898502
14928,226,Accelerometer,-7.4124484,-2.695871,5.738901599999999,1566947898503
14929,226,Gyroscope,-0.08307768,0.07391469,-0.01282817,1566947898512
14930,226,Accelerometer,-7.3753386,-2.7257986,5.673061,1566947898513
14931,226,Gyroscope,-0.08979719,0.050701816,-0.01038471,1566947898522
14932,226,Accelerometer,-7.184999499999999,-2.553416,5.5856724,1566947898523
14933,226,Gyroscope,-0.081855945,0.05681047,-0.012217305,1566947898532
14934,226,Accelerometer,-6.920439999999999,-2.6839,5.722142,1566947898533
14935,226,Gyroscope,-0.061086524,0.044593163,-0.018325957,1566947898542
14936,226,Accelerometer,-7.1969705,-3.0573955,5.7808,1566947898543
14937,226,Gyroscope,-0.056199603,0.03970624,-0.018325957,1566947898553
14938,226,Accelerometer,-7.311891999999999,-2.8682537,5.681441,1566947898553
14939,226,Gyroscope,-0.073303826,0.0720821,-0.007941248,1566947898562
14940,226,Accelerometer,-7.253234,-2.9424740000000003,5.625177,1566947898563
14941,226,Gyroscope,-0.08796459400000001,0.10262536,0.0036651915999999997,1566947898572
14942,226,Accelerometer,-7.1431007,-3.1830912000000002,5.6670755999999995,1566947898573
14943,226,Gyroscope,-0.07941248,0.09590584,0.01282817,1566947898582
14944,226,Accelerometer,-7.424419400000001,-3.3937809999999997,5.6227827,1566947898583
14945,226,Gyroscope,-0.08063421400000001,0.089186326,0.028099801,1566947898592
14946,226,Accelerometer,-7.366958599999999,-3.2249897,5.4623713,1566947898593
14947,226,Gyroscope,-0.09896017,0.12034045,0.035430185,1566947898602
14948,226,Accelerometer,-7.1873937,-3.1794999,5.377377,1566947898603
14949,226,Gyroscope,-0.09773844,0.13683382,0.035430185,1566947898613
14950,226,Accelerometer,-7.2268977,-3.2968156000000004,5.475539,1566947898613
14951,226,Gyroscope,-0.08735373,0.106901415,0.027488936000000002,1566947898622
14952,226,Accelerometer,-7.513005000000001,-3.4368765,5.474342299999999,1566947898623
14953,226,Gyroscope,-0.08552113,0.05497787,0.004886922,1566947898632
14954,226,Accelerometer,-7.431602000000001,-3.3327288999999998,5.5389857000000005,1566947898633
14955,226,Gyroscope,-0.08674286,0.031154128,-0.0036651915999999997,1566947898642
14956,226,Accelerometer,-7.2484455,-3.1555579,5.5820813,1566947898643
14957,226,Gyroscope,-0.09712757,0.03848451,0.005497787,1566947898652
14958,226,Accelerometer,-7.2304892999999995,-3.1387985,5.568912999999999,1566947898653
14959,226,Gyroscope,-0.11301007,0.04642576,0.032375857,1566947898662
14960,226,Accelerometer,-7.368156,-2.8155810000000003,5.5042696,1566947898663
14961,226,Gyroscope,-0.12278391400000001,0.04642576,0.055588737,1566947898673
14962,226,Accelerometer,-7.261614,-2.6731262000000005,5.577293,1566947898673
14963,226,Gyroscope,-0.11911872,0.032375857,0.09773844,1566947898682
14964,226,Accelerometer,-7.2807674,-2.4983494,5.627571,1566947898683
14965,226,Gyroscope,-0.12034045,0.0036651915999999997,0.13805555,1566947898692
14966,226,Accelerometer,-7.313089,-2.2948422,5.729325,1566947898693
14967,226,Gyroscope,-0.1386664,-0.007330383,0.17348573,1566947898702
14968,226,Accelerometer,-7.277176,-2.1511902999999997,5.9244523000000004,1566947898703
14969,226,Gyroscope,-0.15393804,0.030543262,0.21074851,1566947898712
14970,226,Accelerometer,-7.298723700000001,-2.1727380000000003,6.1662664000000005,1566947898713
14971,226,Gyroscope,-0.16065755,0.08552113,0.24373524,1566947898723
14972,226,Accelerometer,-7.5106106,-2.3032220000000003,6.361394000000001,1566947898723
14973,226,Gyroscope,-0.15760323,0.15454891,0.267559,1566947898732
14974,226,Accelerometer,-7.6710224,-2.3127987,6.427234599999999,1566947898733
14975,226,Gyroscope,-0.16249016,0.23823744,0.29443705,1566947898742
14976,226,Accelerometer,-7.675811,-2.1571757999999996,6.343437000000001,1566947898743
14977,226,Gyroscope,-0.16432275,0.31581733,0.31031954,1566947898752
14978,226,Accelerometer,-7.797915,-1.9405005000000002,6.161478,1566947898753
14979,226,Gyroscope,-0.15454891,0.35124752,0.30726522,1566947898762
14980,226,Accelerometer,-7.8853035,-1.6101006000000002,5.8921304,1566947898763
14981,226,Gyroscope,-0.15760323,0.35796702,0.27122417,1566947898773
14982,226,Accelerometer,-8.031349,-1.2258313,5.487509999999999,1566947898773
14983,226,Gyroscope,-0.16187929,0.33964106,0.20708331,1566947898782
14984,226,Accelerometer,-8.087613000000001,-1.0307038,5.2361193,1566947898783
14985,226,Gyroscope,-0.16554448,0.30787608,0.13316862,1566947898792
14986,226,Accelerometer,-8.22528,-0.9911995000000001,4.969166,1566947898793
14987,226,Gyroscope,-0.17470746,0.25289822,0.0580322,1566947898802
14988,226,Accelerometer,-8.282741,-1.0390834999999998,4.8494554,1566947898803
14989,226,Gyroscope,-0.18570304,0.18142697,-0.036651913,1566947898812
14990,226,Accelerometer,-8.177396,-1.2389994,4.7919946,1566947898813
14991,226,Gyroscope,-0.16676621,0.12522738,-0.07147124,1566947898822
14992,226,Accelerometer,-8.009802,-1.6903063999999999,4.841076,1566947898823
14993,226,Gyroscope,-0.12278391400000001,0.06414085,-0.08063421400000001,1566947898833
14994,226,Accelerometer,-7.8302364,-2.2182279,4.88896,1566947898833
14995,226,Gyroscope,-0.06841691,0.010995574,-0.08124508,1566947898843
14996,226,Accelerometer,-7.8062944000000005,-2.6001031,4.961983,1566947898843
14997,226,Gyroscope,-0.034208454,-0.030543262,-0.059864793,1566947898852
14998,226,Accelerometer,-8.051701,-2.6527755,4.8279076,1566947898853
14999,226,Gyroscope,-0.025045475,-0.05681047,-0.036651913,1566947898862
15000,226,Accelerometer,-8.005013,-2.4396915,4.6399627,1566947898863
15001,226,Gyroscope,-0.01282817,-0.07941248,-0.021991148999999998,1566947898872
15002,226,Accelerometer,-7.9092455,-2.348712,4.6040497,1566947898873
15003,226,Gyroscope,0.015882496,-0.12461651,-0.02687807,1566947898882
15004,226,Accelerometer,-7.836222,-2.3918076,4.691438,1566947898883
15005,226,Gyroscope,0.049480084,-0.18387043,-0.036651913,1566947898893
15006,226,Accelerometer,-7.860164,-2.4085669999999997,4.751293,1566947898893
15007,226,Gyroscope,0.07513642,-0.23457226,-0.049480084,1566947898902
15008,226,Accelerometer,-7.931989999999999,-2.1883004,4.7967830000000005,1566947898903
15009,226,Gyroscope,0.08979719,-0.25534168,-0.07391469,1566947898912
15010,226,Accelerometer,-7.9607205,-2.0829554,4.8745947,1566947898913
15011,226,Gyroscope,0.10934488,-0.27183503,-0.11484267,1566947898922
15012,226,Accelerometer,-7.9714947,-2.0566192,4.995502,1566947898923
15013,226,Gyroscope,0.13316862,-0.27672195,-0.15393804,1566947898932
15014,226,Accelerometer,-7.9343843,-2.1859062000000002,5.21098,1566947898933
15015,226,Gyroscope,0.14782938,-0.27366763,-0.20219639,1566947898942
15016,226,Accelerometer,-7.8996687,-2.327164,5.3905449999999995,1566947898943
15017,226,Gyroscope,0.14966199,-0.27305678,-0.23884831,1566947898952
15018,226,Accelerometer,-8.056489,-2.4049757,5.473145,1566947898953
15019,226,Gyroscope,0.12522738,-0.27366763,-0.26389378,1566947898962
15020,226,Accelerometer,-8.184579,-2.3451207000000003,5.530606,1566947898963
15021,226,Gyroscope,0.09773844,-0.25961772,-0.27000242,1566947898972
15022,226,Accelerometer,-8.025364,-2.3666685000000003,5.73531,1566947898973
15023,226,Gyroscope,0.084910266,-0.25534168,-0.26083946,1566947898982
15024,226,Accelerometer,-7.991845,-2.5103204,5.913678,1566947898983
15025,226,Gyroscope,0.06291912,-0.24495697,-0.23762658,1566947898992
15026,226,Accelerometer,-8.034941,-2.540248,5.923255,1566947898993
15027,226,Gyroscope,0.029932396,-0.22296582,-0.20097467,1566947899002
15028,226,Accelerometer,-7.540538300000001,-2.5929205,6.2991447,1566947899003
15029,226,Gyroscope,0.014049901000000002,-0.2144137,-0.16798794,1566947899012
15030,226,Accelerometer,-7.48188,-2.622848,6.4763155,1566947899013
15031,226,Gyroscope,-0.0012217305,-0.19425514,-0.14049901,1566947899022
15032,226,Accelerometer,-7.313089,-2.4408886,6.5349736,1566947899023
15033,226,Gyroscope,-0.04276056599999999,-0.14294247,-0.09407325,1566947899032
15034,226,Accelerometer,-6.889315600000001,-2.2852653999999997,6.6666546,1566947899033
15035,226,Gyroscope,-0.09101892,-0.059864793,-0.028710667000000002,1566947899042
15036,226,Accelerometer,-6.801927,-2.3690627,6.7444663,1566947899043
15037,226,Gyroscope,-0.13133603,0.047647487,-0.00061086525,1566947899052
15038,226,Accelerometer,-6.955156,-2.4049757,6.5637039999999995,1566947899053
15039,226,Gyroscope,-0.15271631,0.11056661,0.032375857,1566947899062
15040,226,Accelerometer,-6.878541499999999,-2.2469582999999997,6.4164605,1566947899063
15041,226,Gyroscope,-0.15577064,0.16126843,0.0580322,1566947899072
15042,226,Accelerometer,-7.047333,-2.134431,6.2249246,1566947899073
15043,226,Gyroscope,-0.15454891,0.19608775,0.059864793,1566947899082
15044,226,Accelerometer,-7.132327,-2.1452047999999997,5.955577,1566947899083
15045,226,Gyroscope,-0.16004670000000001,0.21624629,0.058643065,1566947899092
15046,226,Accelerometer,-7.2221093,-2.1440077,5.7005944,1566947899093
15047,226,Gyroscope,-0.16004670000000001,0.20341812,0.0421497,1566947899102
15048,226,Accelerometer,-7.313089,-2.3199813,5.66109,1566947899103
15049,226,Gyroscope,-0.14538592,0.18081611,0.03359759,1566947899112
15050,226,Accelerometer,-7.5644803,-2.4636335,5.612008599999999,1566947899113
15051,226,Gyroscope,-0.13622294,0.15821409,0.031154128,1566947899122
15052,226,Accelerometer,-7.684190299999999,-2.552219,5.494693,1566947899123
15053,226,Gyroscope,-0.13255776,0.1423316,0.040317107000000005,1566947899132
15054,226,Accelerometer,-7.6626425000000005,-2.6084828,5.379771,1566947899133
15055,226,Gyroscope,-0.13194689,0.11728613,0.053145275,1566947899142
15056,226,Accelerometer,-7.571663,-2.7928362,5.3127337,1566947899143
15057,226,Gyroscope,-0.12522738,0.08979719,0.069027774,1566947899152
15058,226,Accelerometer,-7.386112,-2.9352913,5.365406,1566947899153
15059,226,Gyroscope,-0.10323623,0.0580322,0.08368854,1566947899162
15060,226,Accelerometer,-7.313089,-3.0442273999999996,5.398925,1566947899163
15061,226,Gyroscope,-0.09101892,0.045814894,0.09896017,1566947899172
15062,226,Accelerometer,-7.1945763,-3.027468,5.3642087,1566947899173
15063,226,Gyroscope,-0.08002335,0.040927973,0.11178834,1566947899182
15064,226,Accelerometer,-7.016208,-2.8694507999999996,5.4240639999999996,1566947899183
15065,226,Gyroscope,-0.05497787,0.023823743999999997,0.103847094,1566947899193
15066,226,Accelerometer,-6.983886200000001,-2.906561,5.583278,1566947899193
15067,226,Gyroscope,-0.02687807,0.023823743999999997,0.09468412,1566947899202
15068,226,Accelerometer,-7.152677499999999,-2.9412768,5.579687,1566947899203
15069,226,Gyroscope,-0.014049901000000002,0.02687807,0.095294975,1566947899213
15070,226,Accelerometer,-7.157466,-2.7868507,5.6467247,1566947899213
15071,226,Gyroscope,-0.007941248,0.022602014,0.084910266,1566947899222
15072,226,Accelerometer,-7.265205,-2.8299465,5.7125654,1566947899223
15073,226,Gyroscope,-0.0018325957999999999,0.015882496,0.07452556,1566947899232
15074,226,Accelerometer,-7.4363904000000005,-2.9005754,5.627571,1566947899233
15075,226,Gyroscope,-0.015271631,0.02321288,0.06841691,1566947899242
15076,226,Accelerometer,-7.41604,-2.8287494,5.4863133,1566947899243
15077,226,Gyroscope,-0.023823743999999997,0.018325957,0.049480084,1566947899252
15078,226,Accelerometer,-7.3406224,-2.8682537,5.623979599999999,1566947899253
15079,226,Gyroscope,-0.01038471,0.030543262,0.040927973,1566947899262
15080,226,Accelerometer,-7.5309615,-3.0310593,5.815516000000001,1566947899263
15081,226,Gyroscope,-0.00061086525,0.032375857,0.007941248,1566947899272
15082,226,Accelerometer,-7.7153149999999995,-3.0358477,5.791574,1566947899273
15083,226,Gyroscope,-0.015882496,0.052534412999999995,-0.007941248,1566947899282
15084,226,Accelerometer,-7.819463000000001,-2.967613,5.767632,1566947899283
15085,226,Gyroscope,-0.034208454,0.064751714,-0.018936822,1566947899292
15086,226,Accelerometer,-7.846996300000001,-2.9592332999999997,5.695806,1566947899293
15087,226,Gyroscope,-0.047036625,0.059864793,-0.032986722999999996,1566947899302
15088,226,Accelerometer,-7.8410106,-2.9472623,5.638344999999999,1566947899303
15089,226,Gyroscope,-0.05009095,0.06536258,-0.04276056599999999,1566947899312
15090,226,Accelerometer,-7.704541000000001,-3.0250738,5.6790465999999995,1566947899313
15091,226,Gyroscope,-0.047036625,0.06841691,-0.036651913,1566947899322
15092,226,Accelerometer,-7.6638399999999995,-3.0921116,5.645528,1566947899323
15093,226,Gyroscope,-0.049480084,0.04520403,-0.025045475,1566947899332
15094,226,Accelerometer,-7.541735000000001,-3.0166939999999998,5.5545480000000005,1566947899333
15095,226,Gyroscope,-0.06047566,0.053145275,-0.015882496,1566947899342
15096,226,Accelerometer,-7.428011,-2.8933928,5.555745,1566947899343
15097,226,Gyroscope,-0.06352998,0.05009095,-0.018936822,1566947899352
15098,226,Accelerometer,-7.132327,-2.814384,5.5760955999999995,1566947899353
15099,226,Gyroscope,-0.062308256,0.04276056599999999,-0.028710667000000002,1566947899362
15100,226,Accelerometer,-7.114370299999999,-3.0226796,5.5964465,1566947899363
15101,226,Gyroscope,-0.06291912,0.040927973,-0.032986722999999996,1566947899372
15102,226,Accelerometer,-7.2245035,-3.095703,5.5365915,1566947899373
15103,226,Gyroscope,-0.06597344599999999,0.03359759,-0.03970624,1566947899382
15104,226,Accelerometer,-7.2628107,-2.9245174,5.488707499999999,1566947899383
15105,226,Gyroscope,-0.073303826,0.0421497,-0.035430185,1566947899392
15106,226,Accelerometer,-7.390900599999999,-2.9281087,5.5006785,1566947899393
15107,226,Gyroscope,-0.08857546,0.040317107000000005,-0.03604105,1566947899402
15108,226,Accelerometer,-7.313089,-2.9412768,5.366603,1566947899403
15109,226,Gyroscope,-0.08246681,0.018325957,-0.032375857,1566947899413
15110,226,Accelerometer,-7.1873937,-3.1507695,5.427655000000001,1566947899413
15111,226,Gyroscope,-0.06963864,-0.014049901000000002,-0.017715093,1566947899422
15112,226,Accelerometer,-7.3310455999999995,-3.2992098,5.4970870000000005,1566947899423
15113,226,Gyroscope,-0.08063421400000001,0.022602014,0.004886922,1566947899432
15114,226,Accelerometer,-7.177817,-3.2441432,5.407305,1566947899433
15115,226,Gyroscope,-0.08857546,0.050701816,0.031154128,1566947899443
15116,226,Accelerometer,-6.994660400000001,-3.0992942,5.3378725,1566947899443
15117,226,Gyroscope,-0.07574729,0.02076942,0.026267206,1566947899452
15118,226,Accelerometer,-7.120356,-3.2022447999999994,5.4970870000000005,1566947899453
15119,226,Gyroscope,-0.049480084,-0.040927973,0.02443461,1566947899462
15120,226,Accelerometer,-7.21373,-2.9759927000000004,5.718550700000001,1566947899463
15121,226,Gyroscope,-0.047036625,-0.053145275,0.04886922,1566947899473
15122,226,Accelerometer,-7.134721300000001,-2.6144682999999995,5.744887,1566947899473
15123,226,Gyroscope,-0.0720821,-0.029932396,0.09162979,1566947899482
15124,226,Accelerometer,-7.219714999999999,-2.6072857000000003,5.8023477,1566947899483
15125,226,Gyroscope,-0.08674286,-0.045814894,0.13622294,1566947899492
15126,226,Accelerometer,-7.274781699999999,-2.5701754,6.0944405,1566947899493
15127,226,Gyroscope,-0.06352998,-0.07513642,0.16004670000000001,1566947899502
15128,226,Accelerometer,-7.323863,-2.4744074,6.315904,1566947899503
15129,226,Gyroscope,-0.05497787,-0.037873644,0.204029,1566947899512
15130,226,Accelerometer,-7.48188,-2.336741,6.2871737,1566947899513
15131,226,Gyroscope,-0.08063421400000001,0.021991148999999998,0.23884831,1566947899523
15132,226,Accelerometer,-7.496245399999999,-2.267309,6.0405707,1566947899523
15133,226,Gyroscope,-0.11789699,0.05681047,0.25534168,1566947899532
15134,226,Accelerometer,-7.303512,-2.1176715,6.1183825,1566947899533
15135,226,Gyroscope,-0.13011430000000002,0.09101892,0.26267207,1566947899542
15136,226,Accelerometer,-7.0545154000000005,-2.0434509999999997,6.291962,1566947899543
15137,226,Gyroscope,-0.12217305,0.13744467,0.26816985,1566947899552
15138,226,Accelerometer,-7.1155677,-1.8686744,6.378153299999999,1566947899553
15139,226,Gyroscope,-0.106901415,0.17592919,0.2510656,1566947899562
15140,226,Accelerometer,-7.273585000000001,-1.6065093000000001,6.339846,1566947899563
15141,226,Gyroscope,-0.10812314599999999,0.22052236,0.22357668,1566947899572
15142,226,Accelerometer,-7.4639240000000004,-1.2389994,6.112396700000001,1566947899573
15143,226,Gyroscope,-0.118507855,0.24495697,0.18142697,1566947899582
15144,226,Accelerometer,-7.642291999999999,-1.0055646999999999,5.8921304,1566947899583
15145,226,Gyroscope,-0.14172074,0.24984388,0.12583824,1566947899592
15146,226,Accelerometer,-7.8733325,-0.9959879,5.662287,1566947899593
15147,226,Gyroscope,-0.16798794,0.22357668,0.06780604,1566947899603
15148,226,Accelerometer,-8.062474,-1.1300632,5.5521536,1566947899603
15149,226,Gyroscope,-0.18692477,0.19364429,0.028099801,1566947899612
15150,226,Accelerometer,-8.221688,-1.3790601,5.4515970000000005,1566947899613
15151,226,Gyroscope,-0.20830505,0.18753563,0.01038471,1566947899622
15152,226,Accelerometer,-8.110358,-1.7250223000000002,5.329493,1566947899623
15153,226,Gyroscope,-0.20952678,0.19058995,0.0036651915999999997,1566947899632
15154,226,Accelerometer,-8.031349,-2.1380222,5.233725,1566947899634
15155,226,Gyroscope,-0.18936823,0.17959438,0.007941248,1566947899642
15156,226,Accelerometer,-8.018182000000001,-2.4049757,5.1379566,1566947899643
15157,226,Gyroscope,-0.16187929,0.16920967,0.02565634,1566947899652
15158,226,Accelerometer,-7.9068513,-2.5151088,5.046977,1566947899653
15159,226,Gyroscope,-0.13683382,0.17043139999999998,0.04276056599999999,1566947899662
15160,226,Accelerometer,-7.9547353,-2.610877,4.9787426,1566947899663
15161,226,Gyroscope,-0.10995574,0.14049901,0.05131268,1566947899672
15162,226,Accelerometer,-8.286332000000002,-2.6599581000000003,4.847061,1566947899673
15163,226,Gyroscope,-0.10262536,0.09468412,0.056199603,1566947899682
15164,226,Accelerometer,-8.254010000000001,-2.4684220000000003,4.623203299999999,1566947899683
15165,226,Gyroscope,-0.10323623,0.04153884,0.058643065,1566947899692
15166,226,Accelerometer,-8.1881695,-2.3104044999999998,4.5394063,1566947899693
15167,226,Gyroscope,-0.09040806,0.00061086525,0.050701816,1566947899702
15168,226,Accelerometer,-8.01459,-2.2816741,4.5513773,1566947899703
15169,226,Gyroscope,-0.062308256,-0.051923547,0.03176499,1566947899712
15170,226,Accelerometer,-7.891288799999999,-2.336741,4.6662992999999995,1566947899713
15171,226,Gyroscope,-0.02687807,-0.11545353400000001,0.008552114,1566947899723
15172,226,Accelerometer,-7.9008656,-2.3211784,4.736928,1566947899723
15173,226,Gyroscope,0.015271631,-0.19242255,-0.03848451,1566947899732
15174,226,Accelerometer,-7.835025,-2.291251,4.80636,1566947899733
15175,226,Gyroscope,0.032986722999999996,-0.23945917,-0.07452556,1566947899742
15176,226,Accelerometer,-7.8673470000000005,-2.268506,4.903325,1566947899743
15177,226,Gyroscope,0.049480084,-0.28099802,-0.106901415,1566947899753
15178,226,Accelerometer,-7.896077,-2.348712,5.0158525,1566947899753
15179,226,Gyroscope,0.0580322,-0.3036,-0.12705997,1566947899762
15180,226,Accelerometer,-7.8733325,-2.3475148999999997,5.133168,1566947899763
15181,226,Gyroscope,0.06719518,-0.29993483,-0.15027285,1566947899772
15182,226,Accelerometer,-7.697358599999999,-2.3582888,5.315128,1566947899773
15183,226,Gyroscope,0.089186326,-0.27550024,-0.17837265,1566947899783
15184,226,Accelerometer,-7.584830800000001,-2.421735,5.600037599999999,1566947899783
15185,226,Gyroscope,0.095294975,-0.25595254,-0.19792034,1566947899792
15186,226,Accelerometer,-7.721300599999999,-2.4971522999999998,5.7257333,1566947899793
15187,226,Gyroscope,0.07819075,-0.25167647,-0.21013765,1566947899802
15188,226,Accelerometer,-7.773973,-2.4971522999999998,5.8215012999999995,1566947899803
15189,226,Gyroscope,0.047647487,-0.24617869,-0.20952678,1566947899813
15190,226,Accelerometer,-7.8218570000000005,-2.4396915,6.0501475,1566947899813
15191,226,Gyroscope,0.009773844,-0.23640485,-0.1826487,1566947899822
15192,226,Accelerometer,-7.966706299999999,-2.3535004,6.2524576,1566947899823
15193,226,Gyroscope,-0.029932396,-0.21868975,-0.14355333,1566947899832
15194,226,Accelerometer,-7.7428484,-2.2900537999999995,6.505046,1566947899833
15195,226,Gyroscope,-0.05497787,-0.19120082,-0.099571034,1566947899843
15196,226,Accelerometer,-7.413645699999999,-2.4301147000000003,6.8103065,1566947899843
15197,226,Gyroscope,-0.07819075,-0.14049901,-0.059864793,1566947899852
15198,226,Accelerometer,-7.2664022,-2.5725696,6.8809357,1566947899853
15199,226,Gyroscope,-0.10567969,-0.057421334000000004,-0.01038471,1566947899862
15200,226,Accelerometer,-6.884527,-2.658761,6.892906699999999,1566947899863
15201,226,Gyroscope,-0.12705997,0.03176499,0.04153884,1566947899872
15202,226,Accelerometer,-6.7348895,-2.6862943,6.906075,1566947899873
15203,226,Gyroscope,-0.14049901,0.12034045,0.08307768,1566947899883
15204,226,Accelerometer,-6.804321300000001,-2.6132712000000002,6.7205243,1566947899883
15205,226,Gyroscope,-0.14966199,0.18997909,0.09773844,1566947899892
15206,226,Accelerometer,-6.915652000000001,-2.4109612,6.3865333,1566947899893
15207,226,Gyroscope,-0.15882497,0.23701571,0.10140363,1566947899902
15208,226,Accelerometer,-7.108384599999999,-2.2158337,6.0513449999999995,1566947899903
15209,226,Gyroscope,-0.16676621,0.25717425,0.08735373,1566947899912
15210,226,Accelerometer,-7.125144500000001,-2.0697872999999998,5.6910176,1566947899913
15211,226,Gyroscope,-0.14355333,0.24251351,0.04886922,1566947899922
15212,226,Accelerometer,-7.77517,-2.4732103,5.377377,1566947899923
15213,226,Gyroscope,-0.11911872,0.18997909,0.018325957,1566947899932
15214,226,Accelerometer,-7.763199,-2.3942018,5.151125,1566947899933
15215,226,Gyroscope,-0.11545353400000001,0.14966199,0.00061086525,1566947899942
15216,226,Accelerometer,-7.7344685,-2.610877,5.1786585,1566947899943
15217,226,Gyroscope,-0.09468412,0.118507855,-0.007330383,1566947899952
15218,226,Accelerometer,-7.917625,-3.040636,5.3761797,1566947899953
15219,226,Gyroscope,-0.04153884,0.03359759,-0.0012217305,1566947899962
15220,226,Accelerometer,-8.222886,-3.1304187999999997,5.189432,1566947899963
15221,226,Gyroscope,-0.06291912,-0.009162978,0.03848451,1566947899972
15222,226,Accelerometer,-7.896077,-2.645593,5.0493712,1566947899973
15223,226,Gyroscope,-0.099571034,0.007330383,0.07941248,1566947899982
15224,226,Accelerometer,-7.2975270000000005,-2.4660277,5.1798553,1566947899983
15225,226,Gyroscope,-0.09285152,0.00061086525,0.10934488,1566947899992
15226,226,Accelerometer,-6.980295,-2.4468741,5.475539,1566947899993
15227,226,Gyroscope,-0.06658431,-0.029932396,0.10567969,1566947900002
15228,226,Accelerometer,-6.7851677,-2.4109612,5.645528,1566947900003
15229,226,Gyroscope,-0.037873644,-0.06291912,0.10751228,1566947900013
15230,226,Accelerometer,-6.6941880000000005,-2.1547816,5.7496753,1566947900013
15231,226,Gyroscope,-0.035430185,-0.05131268,0.092240654,1566947900022
15232,226,Accelerometer,-6.5924344,-1.9201498,5.8322754,1566947900023
15233,226,Gyroscope,-0.048258353,-0.014049901000000002,0.057421334000000004,1566947900033
15234,226,Accelerometer,-6.667852000000001,-1.9428947,5.8969190000000005,1566947900033
15235,226,Gyroscope,-0.055588737,0.016493361,0.007941248,1566947900042
15236,226,Accelerometer,-7.0904284,-2.1260512,6.017826,1566947900043
15237,226,Gyroscope,-0.062308256,0.044593163,-0.032375857,1566947900052
15238,226,Accelerometer,-7.431602000000001,-2.3570917000000002,5.9807158,1566947900053
15239,226,Gyroscope,-0.07880162,0.06658431,-0.059864793,1566947900063
15240,226,Accelerometer,-7.836222,-2.5941176,5.913678,1566947900063
15241,226,Gyroscope,-0.08674286,0.081855945,-0.07513642,1566947900072
15242,226,Accelerometer,-8.129512,-2.8095956,5.8574142,1566947900073
15243,226,Gyroscope,-0.09162979,0.084910266,-0.07819075,1566947900082
15244,226,Accelerometer,-8.231264999999999,-2.9771897999999997,5.8346696,1566947900083
15245,226,Gyroscope,-0.09773844,0.08246681,-0.054367005999999996,1566947900093
15246,226,Accelerometer,-8.149861999999999,-3.0861259999999997,5.852626,1566947900093
15247,226,Gyroscope,-0.10751228,0.073303826,-0.031154128,1566947900102
15248,226,Accelerometer,-7.94037,-3.3028011,5.7975593,1566947900103
15249,226,Gyroscope,-0.12705997,0.0580322,-0.0036651915999999997,1566947900112
15250,226,Accelerometer,-7.668628,-3.3770216,5.731719,1566947900113
15251,226,Gyroscope,-0.14660765,0.049480084,0.018325957,1566947900123
15252,226,Accelerometer,-7.3490020000000005,-3.3207579,5.718550700000001,1566947900123
15253,226,Gyroscope,-0.16126843,0.047647487,0.03176499,1566947900132
15254,226,Accelerometer,-7.1371155,-3.1088709999999997,5.755661,1566947900133
15255,226,Gyroscope,-0.15943582,0.05375614,0.02321288,1566947900142
15256,226,Accelerometer,-7.016208,-3.0119057000000002,5.7963624000000005,1566947900143
15257,226,Gyroscope,-0.14599679999999998,0.06597344599999999,0.012217305,1566947900152
15258,226,Accelerometer,-6.9515649999999996,-2.9783869,5.831078,1566947900153
15259,226,Gyroscope,-0.12705997,0.077579886,-0.004276057,1566947900163
15260,226,Accelerometer,-6.9599442,-2.9987376,5.717354,1566947900163
15261,226,Gyroscope,-0.11178834,0.07452556,-0.008552114,1566947900172
15262,226,Accelerometer,-6.96593,-2.9867666,5.54138,1566947900173
15263,226,Gyroscope,-0.099571034,0.08307768,-0.0030543262,1566947900182
15264,226,Accelerometer,-6.9132576,-3.0214825000000003,5.42167,1566947900183
15265,226,Gyroscope,-0.07941248,0.07391469,-0.0012217305,1566947900192
15266,226,Accelerometer,-6.977900999999999,-3.193865,5.388150700000001,1566947900193
15267,226,Gyroscope,-0.08002335,0.069027774,0.01038471,1566947900202
15268,226,Accelerometer,-7.2209125,-3.2692822999999995,5.2624555,1566947900203
15269,226,Gyroscope,-0.10445796,0.054367005999999996,0.031154128,1566947900212
15270,226,Accelerometer,-7.2352777,-2.991555,5.0721164000000005,1566947900213
15271,226,Gyroscope,-0.11545353400000001,0.0580322,0.02443461,1566947900222
15272,226,Accelerometer,-6.799533,-2.8850130000000003,5.17387,1566947900223
15273,226,Gyroscope,-0.0842994,0.050701816,-0.004886922,1566947900232
15274,226,Accelerometer,-6.861782000000001,-3.3243492,5.4240639999999996,1566947900233
15275,226,Gyroscope,-0.061086524,0.023823743999999997,-0.016493361,1566947900242
15276,226,Accelerometer,-7.751228,-3.6535518,5.463568,1566947900243
15277,226,Gyroscope,-0.093462385,0.008552114,-0.02321288,1566947900252
15278,226,Accelerometer,-7.955932000000001,-3.3315318,5.2684407,1566947900253
15279,226,Gyroscope,-0.10934488,0.002443461,-0.03359759,1566947900262
15280,226,Accelerometer,-7.943961,-3.2022447999999994,5.380968,1566947900263
15281,226,Gyroscope,-0.10079276599999999,-0.021991148999999998,-0.029321532999999997,1566947900272
15282,226,Accelerometer,-7.997831,-3.4308910000000004,5.433641000000001,1566947900273
15283,226,Gyroscope,-0.09162979,-0.061086524,-0.017104227,1566947900282
15284,226,Accelerometer,-7.741650999999999,-3.5877112999999996,5.5270147000000005,1566947900283
15285,226,Gyroscope,-0.07880162,-0.077579886,0.02565634,1566947900292
15286,226,Accelerometer,-7.431602000000001,-3.3746273999999996,5.756858,1566947900293
15287,226,Gyroscope,-0.07819075,-0.059253927000000005,0.07513642,1566947900302
15288,226,Accelerometer,-7.077260000000001,-2.9472623,5.803545,1566947900303
15289,226,Gyroscope,-0.10018189999999999,-0.04276056599999999,0.11545353400000001,1566947900313
15290,226,Accelerometer,-6.9826894,-2.5222914,5.760449400000001,1566947900313
15291,226,Gyroscope,-0.10629055,-0.06352998,0.1423316,1566947900322
15292,226,Accelerometer,-6.927623,-2.2936451,5.932832,1566947900323
15293,226,Gyroscope,-0.103847094,-0.07452556,0.15210545,1566947900332
15294,226,Accelerometer,-6.9360023,-2.1272482999999998,6.23091,1566947900333
15295,226,Gyroscope,-0.1142318,-0.04276056599999999,0.15699236,1566947900342
15296,226,Accelerometer,-6.969521,-1.9129671999999998,6.4044894999999995,1566947900343
15297,226,Gyroscope,-0.14782938,0.035430185,0.15821409,1566947900353
15298,226,Accelerometer,-6.963536,-1.7872716,6.4619503,1566947900353
15299,226,Gyroscope,-0.16371189,0.10934488,0.15149458,1566947900362
15300,226,Accelerometer,-7.04015,-1.8351556,6.5840545,1566947900363
15301,226,Gyroscope,-0.15882497,0.1777618,0.13988814,1566947900372
15302,226,Accelerometer,-7.223306699999999,-1.9572599,6.593631299999999,1566947900373
15303,226,Gyroscope,-0.15210545,0.27366763,0.14660765,1566947900382
15304,226,Accelerometer,-7.4866686,-1.8890251,6.1530986,1566947900383
15305,226,Gyroscope,-0.15088372,0.3390302,0.14782938,1566947900392
15306,226,Accelerometer,-7.7931266,-1.8327613999999999,5.8394580000000005,1566947900393
15307,226,Gyroscope,-0.15577064,0.35430184,0.13622294,1566947900403
15308,226,Accelerometer,-7.9511437,-1.7094599999999998,5.5545480000000005,1566947900403
15309,226,Gyroscope,-0.17531833,0.34208453,0.118507855,1566947900412
15310,226,Accelerometer,-8.070853999999999,-1.6867151000000002,5.4288526,1566947900413
15311,226,Gyroscope,-0.20219639,0.28527406,0.096516706,1566947900422
15312,226,Accelerometer,-8.1163435,-1.6567876,5.342661,1566947900423
15313,226,Gyroscope,-0.21319197,0.24190263,0.08124508,1566947900432
15314,226,Accelerometer,-8.009802,-1.7118542,5.357026,1566947900433
15315,226,Gyroscope,-0.21074851,0.19730948,0.062308256,1566947900442
15316,226,Accelerometer,-7.9846625,-1.8112136000000003,5.3019595,1566947900443
15317,226,Gyroscope,-0.20891592,0.15454891,0.04520403,1566947900452
15318,226,Accelerometer,-7.9511437,-1.9369092,5.1475334,1566947900453
15319,226,Gyroscope,-0.20463985,0.13988814,0.018936822,1566947900462
15320,226,Accelerometer,-8.025364,-2.134431,5.0302176,1566947900463
15321,226,Gyroscope,-0.1881465,0.11301007,0.00061086525,1566947900472
15322,226,Accelerometer,-8.066066000000001,-2.3092074,5.018246700000001,1566947900473
15323,226,Gyroscope,-0.16737708,0.08063421400000001,-0.0067195175,1566947900482
15324,226,Accelerometer,-8.112753,-2.48159,4.9069166,1566947900483
15325,226,Gyroscope,-0.1423316,0.0421497,-0.017715093,1566947900492
15326,226,Accelerometer,-8.182184,-2.6084828,4.8267107000000005,1566947900493
15327,226,Gyroscope,-0.116675265,0.022602014,-0.030543262,1566947900502
15328,226,Accelerometer,-8.240842,-2.6372132,4.722563,1566947900503
15329,226,Gyroscope,-0.09101892,-0.01038471,-0.047647487,1566947900512
15330,226,Accelerometer,-8.147469000000001,-2.5881321,4.662708,1566947900513
15331,226,Gyroscope,-0.06169739,-0.058643065,-0.07391469,1566947900522
15332,226,Accelerometer,-7.9954367,-2.6084828,4.724957,1566947900523
15333,226,Gyroscope,-0.032986722999999996,-0.105068825,-0.0983493,1566947900532
15334,226,Accelerometer,-8.060080000000001,-2.6791117,4.7381253,1566947900533
15335,226,Gyroscope,-0.021991148999999998,-0.14538592,-0.11789699,1566947900542
15336,226,Accelerometer,-8.018182000000001,-2.566584,4.707000700000001,1566947900543
15337,226,Gyroscope,-0.028710667000000002,-0.16310102,-0.12217305,1566947900553
15338,226,Accelerometer,-7.777564,-2.4887726000000003,4.7357309999999995,1566947900553
15339,226,Gyroscope,-0.018936822,-0.17165314,-0.11911872,1566947900563
15340,226,Accelerometer,-7.608772999999999,-2.645593,4.8039656,1566947900563
15341,226,Gyroscope,0.007941248,-0.20463985,-0.111177474,1566947900572
15342,226,Accelerometer,-7.5285673,-2.7114333999999998,4.938041,1566947900573
15343,226,Gyroscope,0.04276056599999999,-0.24190263,-0.10934488,1566947900582
15344,226,Accelerometer,-7.529764,-2.7880477999999997,5.090072599999999,1566947900583
15345,226,Gyroscope,0.077579886,-0.25350907,-0.10140363,1566947900592
15346,226,Accelerometer,-7.551311999999999,-2.7629087,5.2756233,1566947900593
15347,226,Gyroscope,0.10323623,-0.24801129,-0.092240654,1566947900602
15348,226,Accelerometer,-7.5561004,-2.7030537,5.4767364999999995,1566947900603
15349,226,Gyroscope,0.12583824,-0.24495697,-0.08857546,1566947900612
15350,226,Accelerometer,-7.6961613,-2.6731262000000005,5.719748,1566947900613
15351,226,Gyroscope,0.13622294,-0.22785273,-0.084910266,1566947900622
15352,226,Accelerometer,-7.941567,-2.5821466,5.9041014,1566947900623
15353,226,Gyroscope,0.118507855,-0.21074851,-0.07269296,1566947900632
15354,226,Accelerometer,-7.9307933,-2.2481554,6.005855,1566947900633
15355,226,Gyroscope,0.07819075,-0.19242255,-0.06352998,1566947900643
15356,226,Accelerometer,-7.787141,-1.9955671000000001,6.135142,1566947900643
15357,226,Gyroscope,0.023823743999999997,-0.17470746,-0.06047566,1566947900652
15358,226,Accelerometer,-7.6470804,-1.9788077000000002,6.173449,1566947900653
15359,226,Gyroscope,0.0061086523,-0.17348573,-0.06352998,1566947900662
15360,226,Accelerometer,-7.5321584,-2.1140802000000005,6.2943563,1566947900663
15361,226,Gyroscope,-0.019547688,-0.16493362,-0.0580322,1566947900672
15362,226,Accelerometer,-7.410054,-2.1523874,6.4068837,1566947900673
15363,226,Gyroscope,-0.04276056599999999,-0.10751228,-0.04153884,1566947900683
15364,226,Accelerometer,-7.1466923,-2.2385786,6.701370699999999,1566947900683
15365,226,Gyroscope,-0.06963864,-0.03970624,-0.017715093,1566947900692
15366,226,Accelerometer,-7.0928226,-2.3906104999999997,6.7827735,1566947900693
15367,226,Gyroscope,-0.0983493,0.04337143,0.009162978,1566947900702
15368,226,Accelerometer,-6.9348054,-2.5222914,6.754042999999999,1566947900703
15369,226,Gyroscope,-0.116675265,0.10995574,0.0421497,1566947900712
15370,226,Accelerometer,-6.88333,-2.6539726000000003,6.631939,1566947900713
15371,226,Gyroscope,-0.12889257,0.16920967,0.07452556,1566947900722
15372,226,Accelerometer,-7.036558599999999,-2.5474305,6.391321700000001,1566947900723
15373,226,Gyroscope,-0.1423316,0.20525073,0.105068825,1566947900733
15374,226,Accelerometer,-6.979098,-2.2852653999999997,6.0704985,1566947900733
15375,226,Gyroscope,-0.13439035,0.21685717,0.10567969,1566947900742
15376,226,Accelerometer,-6.970718400000001,-2.1739352000000003,5.957971,1566947900743
15377,226,Gyroscope,-0.12950343,0.21685717,0.09468412,1566947900752
15378,226,Accelerometer,-7.101202000000001,-2.1667526,5.73531,1566947900753
15379,226,Gyroscope,-0.13011430000000002,0.204029,0.069027774,1566947900762
15380,226,Accelerometer,-7.1514807000000005,-2.2433669999999997,5.5629277,1566947900763
15381,226,Gyroscope,-0.13011430000000002,0.172264,0.043982297000000004,1566947900772
15382,226,Accelerometer,-7.522581599999999,-2.3331497000000003,5.4575830000000005,1566947900773
15383,226,Gyroscope,-0.14294247,0.16187929,0.027488936000000002,1566947900783
15384,226,Accelerometer,-7.684190299999999,-2.3451207000000003,5.3247046,1566947900783
15385,226,Gyroscope,-0.15210545,0.14905111,0.02321288,1566947900792
15386,226,Accelerometer,-7.708132300000001,-2.3523033,5.1319714,1566947900793
15387,226,Gyroscope,-0.15760323,0.13622294,0.026267206,1566947900802
15388,226,Accelerometer,-7.631517999999999,-2.5306710999999997,5.036203400000001,1566947900803
15389,226,Gyroscope,-0.13805555,0.10262536,0.035430185,1566947900812
15390,226,Accelerometer,-7.4842744,-2.741361,5.027823400000001,1566947900813
15391,226,Gyroscope,-0.08674286,0.05681047,0.03848451,1566947900822
15392,226,Accelerometer,-7.514202,-3.098097,5.2516812999999996,1566947900823
15393,226,Gyroscope,-0.04642576,0.023823743999999997,0.05009095,1566947900832
15394,226,Accelerometer,-7.7919292,-3.2249897,5.3259015,1566947900833
15395,226,Gyroscope,-0.026267206,-0.004886922,0.062308256,1566947900842
15396,226,Accelerometer,-7.839813,-3.063381,5.3725886,1566947900843
15397,226,Gyroscope,-0.020158553,-0.02443461,0.06169739,1566947900852
15398,226,Accelerometer,-7.721300599999999,-2.9436709999999997,5.279215,1566947900853
15399,226,Gyroscope,-0.030543262,-0.022602014,0.054367005999999996,1566947900862
15400,226,Accelerometer,-7.669825,-3.0226796,5.297171,1566947900863
15401,226,Gyroscope,-0.03970624,-0.03359759,0.0421497,1566947900872
15402,226,Accelerometer,-7.747636999999999,-2.9376855,5.309142,1566947900873
15403,226,Gyroscope,-0.045814894,-0.06658431,0.04276056599999999,1566947900882
15404,226,Accelerometer,-7.424419400000001,-2.6599581000000003,5.395334,1566947900883
15405,226,Gyroscope,-0.04153884,-0.076358154,0.03481932,1566947900892
15406,226,Accelerometer,-7.195773,-2.6156653999999997,5.6551046,1566947900893
15407,226,Gyroscope,-0.022602014,-0.08674286,0.022602014,1566947900902
15408,226,Accelerometer,-7.268796400000001,-2.7629087,5.881356200000001,1566947900903
15409,226,Gyroscope,-0.014660766,-0.086132,0.013439035,1566947900912
15410,226,Accelerometer,-7.2268977,-2.7269957000000002,6.0405707,1566947900913
15411,226,Gyroscope,-0.021991148999999998,-0.07513642,0.015271631,1566947900922
15412,226,Accelerometer,-7.204153,-2.7281928,6.194997,1566947900923
15413,226,Gyroscope,-0.0421497,-0.05497787,0.022602014,1566947900932
15414,226,Accelerometer,-7.1969705,-2.7377696,6.257246,1566947900933
15415,226,Gyroscope,-0.0720821,-0.017715093,0.028099801,1566947900942
15416,226,Accelerometer,-7.2915410000000005,-2.8790276,6.242881,1566947900943
15417,226,Gyroscope,-0.10934488,0.040927973,0.040317107000000005,1566947900952
15418,226,Accelerometer,-7.393294999999999,-2.8778305,6.1076083,1566947900953
15419,226,Gyroscope,-0.15088372,0.09285152,0.049480084,1566947900962
15420,226,Accelerometer,-7.395689,-2.823961,5.877765,1566947900963
15421,226,Gyroscope,-0.18020524,0.12705997,0.04886922,1566947900972
15422,226,Accelerometer,-7.305906299999999,-2.859874,5.741296,1566947900973
15423,226,Gyroscope,-0.19486602,0.14599679999999998,0.04276056599999999,1566947900983
15424,226,Accelerometer,-7.1754226999999995,-2.8299465,5.6551046,1566947900983
15425,226,Gyroscope,-0.1881465,0.13927728,0.034208454,1566947900992
15426,226,Accelerometer,-7.0940194000000005,-2.918532,5.653907299999999,1566947900993
15427,226,Gyroscope,-0.17715092,0.13622294,0.029321532999999997,1566947901002
15428,226,Accelerometer,-7.053317999999999,-2.979584,5.592855,1566947901003
15429,226,Gyroscope,-0.16371189,0.1282817,0.026267206,1566947901012
15430,226,Accelerometer,-7.107187700000001,-3.0813377,5.507861,1566947901013
15431,226,Gyroscope,-0.15760323,0.11545353400000001,0.02443461,1566947901022
15432,226,Accelerometer,-7.195773,-3.156755,5.3522377,1566947901024
15433,226,Gyroscope,-0.16065755,0.10873401,0.03604105,1566947901032
15434,226,Accelerometer,-7.077260000000001,-3.323152,5.3582234,1566947901033
15435,226,Gyroscope,-0.14049901,0.09712757,0.05009095,1566947901042
15436,226,Accelerometer,-7.199364699999999,-3.6774937999999993,5.483919,1566947901043
15437,226,Gyroscope,-0.10445796,0.059253927000000005,0.070249505,1566947901052
15438,226,Accelerometer,-7.60997,-3.6894648,5.4659624,1566947901053
15439,226,Gyroscope,-0.09162979,0.029321532999999997,0.08857546,1566947901062
15440,226,Accelerometer,-7.483077499999999,-3.4404678,5.374983,1566947901063
15441,226,Gyroscope,-0.10323623,0.05375614,0.105068825,1566947901073
15442,226,Accelerometer,-7.2352777,-3.2716765,5.3606176,1566947901073
15443,226,Gyroscope,-0.09101892,0.048258353,0.09712757,1566947901082
15444,226,Accelerometer,-7.437587700000001,-3.4009635,5.422867,1566947901083
15445,226,Gyroscope,-0.07574729,0.02321288,0.07819075,1566947901092
15446,226,Accelerometer,-7.4088573,-3.2752678,5.412093,1566947901093
15447,226,Gyroscope,-0.077579886,0.009162978,0.054367005999999996,1566947901102
15448,226,Accelerometer,-7.390900599999999,-3.1040826,5.470751,1566947901103
15449,226,Gyroscope,-0.08552113,-0.00061086525,0.034208454,1566947901112
15450,226,Accelerometer,-7.3992805,-3.0478187,5.499480999999999,1566947901113
15451,226,Gyroscope,-0.08063421400000001,-0.004886922,0.02687807,1566947901122
15452,226,Accelerometer,-7.2364745,-3.1531637000000003,5.659893,1566947901123
15453,226,Gyroscope,-0.06169739,0.017715093,0.040317107000000005,1566947901132
15454,226,Accelerometer,-7.1502833,-3.1435869,5.8693852,1566947901133
15455,226,Gyroscope,-0.06047566,0.051923547,0.07391469,1566947901142
15456,226,Accelerometer,-7.254431200000001,-3.0131028,5.803545,1566947901143
15457,226,Gyroscope,-0.07941248,0.06841691,0.10629055,1566947901152
15458,226,Accelerometer,-7.393294999999999,-2.7772740000000002,5.6910176,1566947901153
15459,226,Gyroscope,-0.10323623,0.06536258,0.13072516,1566947901162
15460,226,Accelerometer,-7.53575,-2.597709,5.7209449999999995,1566947901163
15461,226,Gyroscope,-0.11911872,0.059864793,0.14905111,1566947901172
15462,226,Accelerometer,-7.4639240000000004,-2.4073699,5.816713,1566947901173
15463,226,Gyroscope,-0.11789699,0.06536258,0.15699236,1566947901182
15464,226,Accelerometer,-7.457938,-2.2517467,6.0345855,1566947901183
15465,226,Gyroscope,-0.11301007,0.09040806,0.16371189,1566947901192
15466,226,Accelerometer,-7.492654300000001,-2.2469582999999997,6.203377,1566947901193
15467,226,Gyroscope,-0.10629055,0.14049901,0.15882497,1566947901202
15468,226,Accelerometer,-7.5309615,-2.2062569,6.191406,1566947901203
15469,226,Gyroscope,-0.105068825,0.18997909,0.1441642,1566947901212
15470,226,Accelerometer,-7.544129400000001,-2.2110453,6.1028199999999995,1566947901213
15471,226,Gyroscope,-0.09468412,0.21319197,0.12950343,1566947901222
15472,226,Accelerometer,-7.6375036,-2.2613235,6.0106435,1566947901223
15473,226,Gyroscope,-0.095294975,0.21746802,0.1020145,1566947901232
15474,226,Accelerometer,-7.7153149999999995,-2.2313959999999997,5.864597,1566947901233
15475,226,Gyroscope,-0.116675265,0.2321288,0.07696902,1566947901242
15476,226,Accelerometer,-7.8158712,-2.2218192,5.544971,1566947901243
15477,226,Gyroscope,-0.14844026,0.23396139,0.056199603,1566947901252
15478,226,Accelerometer,-7.717708999999999,-2.171541,5.260061299999999,1566947901253
15479,226,Gyroscope,-0.15027285,0.204029,0.03481932,1566947901262
15480,226,Accelerometer,-7.7667904000000005,-2.3834279,5.2061915,1566947901263
15481,226,Gyroscope,-0.13133603,0.17043139999999998,0.02565634,1566947901272
15482,226,Accelerometer,-7.789535000000001,-2.4229321,5.2061915,1566947901273
15483,226,Gyroscope,-0.118507855,0.15821409,0.025045475,1566947901283
15484,226,Accelerometer,-7.612364299999999,-2.3056161,5.142745,1566947901283
15485,226,Gyroscope,-0.10079276599999999,0.11056661,0.026267206,1566947901292
15486,226,Accelerometer,-7.619547,-2.2960392999999995,5.0960584,1566947901293
15487,226,Gyroscope,-0.09407325,0.06719518,0.02443461,1566947901302
15488,226,Accelerometer,-7.677007700000001,-2.2541409,5.1235914000000005,1566947901303
15489,226,Gyroscope,-0.0983493,0.056199603,0.031154128,1566947901312
15490,226,Accelerometer,-7.8146744,-2.2601264,5.1666875,1566947901313
15491,226,Gyroscope,-0.103847094,0.048258353,0.04153884,1566947901322
15492,226,Accelerometer,-7.9882539999999995,-2.4289176,5.2684407,1566947901323
15493,226,Gyroscope,-0.09468412,0.031154128,0.050701816,1566947901333
15494,226,Accelerometer,-8.239645,-2.4133554,5.258864,1566947901333
15495,226,Gyroscope,-0.086132,0.016493361,0.06963864,1566947901342
15496,226,Accelerometer,-8.198944000000001,-2.2709002000000003,5.1918263,1566947901343
15497,226,Gyroscope,-0.08063421400000001,0.00061086525,0.07819075,1566947901352
15498,226,Accelerometer,-7.9487495,-2.2972363999999996,5.1116204000000005,1566947901353
15499,226,Gyroscope,-0.070249505,-0.021991148999999998,0.069027774,1566947901362
15500,226,Accelerometer,-7.86615,-2.1918917,5.079299,1566947901363
15501,226,Gyroscope,-0.05681047,-0.048258353,0.052534412999999995,1566947901372
15502,226,Accelerometer,-7.823053999999999,-2.1523874,5.066130599999999,1566947901373
15503,226,Gyroscope,-0.05009095,-0.070249505,0.028099801,1566947901382
15504,226,Accelerometer,-7.615956,-2.0721814999999997,5.0972550000000005,1566947901383
15505,226,Gyroscope,-0.028099801,-0.10018189999999999,-0.002443461,1566947901393
15506,226,Accelerometer,-7.6231384,-2.2122424,5.2205567,1566947901393
15507,226,Gyroscope,0.005497787,-0.12950343,-0.031154128,1566947901402
15508,226,Accelerometer,-7.668628,-2.2744915,5.2624555,1566947901403
15509,226,Gyroscope,0.02443461,-0.15088372,-0.059253927000000005,1566947901412
15510,226,Accelerometer,-7.6889787,-2.3044189999999998,5.255273000000001,1566947901413
15511,226,Gyroscope,0.030543262,-0.13988814,-0.08307768,1566947901422
15512,226,Accelerometer,-7.6255326,-2.516306,5.2409077,1566947901423
15513,226,Gyroscope,0.03970624,-0.14782938,-0.093462385,1566947901432
15514,226,Accelerometer,-7.874529400000001,-2.6862943,5.171476,1566947901432
15515,226,Gyroscope,0.044593163,-0.16676621,-0.10262536,1566947901443
15516,226,Accelerometer,-7.876923599999999,-2.6994624,5.291186,1566947901443
15517,226,Gyroscope,0.05131268,-0.18753563,-0.103847094,1566947901453
15518,226,Accelerometer,-7.844601600000001,-2.7665,5.4480059999999995,1566947901453
15519,226,Gyroscope,0.064751714,-0.20525073,-0.0983493,1566947901462
15520,226,Accelerometer,-7.785944000000001,-2.8993783,5.506664,1566947901463
15521,226,Gyroscope,0.06719518,-0.21868975,-0.084910266,1566947901472
15522,226,Accelerometer,-7.716512,-2.9209259999999997,5.535394,1566947901473
15523,226,Gyroscope,0.06597344599999999,-0.226631,-0.06780604,1566947901482
15524,226,Accelerometer,-7.5189905,-2.8790276,5.748478400000001,1566947901483
15525,226,Gyroscope,0.07391469,-0.21135938,-0.04520403,1566947901493
15526,226,Accelerometer,-7.392098,-2.8407204,5.9627595,1566947901493
15527,226,Gyroscope,0.07269296,-0.20097467,-0.020158553,1566947901502
15528,226,Accelerometer,-7.393294999999999,-2.705448,6.0369797,1566947901503
15529,226,Gyroscope,0.056199603,-0.16982053,0.004886922,1566947901512
15530,226,Accelerometer,-7.3897038,-2.5091232999999997,6.1363389999999995,1566947901513
15531,226,Gyroscope,0.017715093,-0.1160644,0.029321532999999997,1566947901522
15532,226,Accelerometer,-7.3190745999999995,-2.3618799999999998,6.1483099999999995,1566947901523
15533,226,Gyroscope,-0.016493361,-0.07696902,0.04337143,1566947901532
15534,226,Accelerometer,-7.2245035,-2.3331497000000003,6.171055,1566947901533
15535,226,Gyroscope,-0.044593163,-0.04276056599999999,0.043982297000000004,1566947901543
15536,226,Accelerometer,-7.2759789999999995,-2.3690627,6.18542,1566947901543
15537,226,Gyroscope,-0.06597344599999999,-0.002443461,0.04153884,1566947901552
15538,226,Accelerometer,-7.309498,-2.3175871,6.060921700000001,1566947901553
15539,226,Gyroscope,-0.086132,0.045814894,0.044593163,1566947901562
15540,226,Accelerometer,-7.155071700000001,-2.2313959999999997,6.005855,1566947901563
15541,226,Gyroscope,-0.084910266,0.089186326,0.03604105,1566947901572
15542,226,Accelerometer,-7.086836999999999,-2.2936451,5.996278299999999,1566947901573
15543,226,Gyroscope,-0.06963864,0.086132,0.028710667000000002,1566947901582
15544,226,Accelerometer,-7.1754226999999995,-2.4157495,5.98311,1566947901583
15545,226,Gyroscope,-0.06963864,0.08979719,0.02321288,1566947901592
15546,226,Accelerometer,-7.3178773,-2.3953989,5.8909335,1566947901593
15547,226,Gyroscope,-0.07147124,0.0983493,0.016493361,1566947901602
15548,226,Accelerometer,-7.420828299999999,-2.4013843999999995,5.887341999999999,1566947901603
15549,226,Gyroscope,-0.07452556,0.09773844,0.017715093,1566947901612
15550,226,Accelerometer,-7.607576,-2.5079262000000004,5.819107,1566947901613
15551,226,Gyroscope,-0.081855945,0.09040806,0.018936822,1566947901622
15552,226,Accelerometer,-7.6470804,-2.6013002,5.7400985,1566947901623
15553,226,Gyroscope,-0.07880162,0.07941248,0.02687807,1566947901632
15554,226,Accelerometer,-7.6710224,-2.7485435000000003,5.714959599999999,1566947901633
15555,226,Gyroscope,-0.06536258,0.057421334000000004,0.036651913,1566947901642
15556,226,Accelerometer,-7.7224975,-2.8562827,5.714959599999999,1566947901643
15557,226,Gyroscope,-0.059864793,0.035430185,0.049480084,1566947901653
15558,226,Accelerometer,-7.690175999999999,-2.9113493,5.633556400000001,1566947901653
15559,226,Gyroscope,-0.06169739,0.02076942,0.06658431,1566947901662
15560,226,Accelerometer,-7.514202,-2.718616,5.5629277,1566947901663
15561,226,Gyroscope,-0.051923547,0.021380282999999996,0.07269296,1566947901672
15562,226,Accelerometer,-7.2221093,-2.7521348,5.635950599999999,1566947901673
15563,226,Gyroscope,-0.03481932,0.021380282999999996,0.06536258,1566947901682
15564,226,Accelerometer,-7.186196300000001,-2.7210102000000003,5.6431336,1566947901683
15565,226,Gyroscope,-0.029321532999999997,0.007330383,0.061086524,1566947901692
15566,226,Accelerometer,-7.0545154000000005,-2.6431987,5.645528,1566947901692
15567,226,Gyroscope,-0.025045475,0.007330383,0.05131268,1566947901702
15568,226,Accelerometer,-7.050924,-2.5450362999999996,5.6802435,1566947901703
15569,226,Gyroscope,-0.022602014,0.009162978,0.03726278,1566947901712
15570,226,Accelerometer,-7.171831,-2.5570072999999995,5.66947,1566947901713
15571,226,Gyroscope,-0.018936822,0.035430185,0.028710667000000002,1566947901722
15572,226,Accelerometer,-7.110779300000001,-2.681506,5.7161565,1566947901723
15573,226,Gyroscope,-0.0061086523,0.03848451,0.019547688,1566947901732
15574,226,Accelerometer,-7.347805,-2.873042,5.807136,1566947901733
15575,226,Gyroscope,-0.0018325957999999999,0.031154128,0.02076942,1566947901742
15576,226,Accelerometer,-7.728483,-2.9963433999999998,5.7520695,1566947901743
15577,226,Gyroscope,-0.029321532999999997,0.04153884,0.030543262,1566947901752
15578,226,Accelerometer,-7.8027034,-2.6731262000000005,5.5760955999999995,1566947901753
15579,226,Gyroscope,-0.04520403,0.050701816,0.032375857,1566947901762
15580,226,Accelerometer,-7.656657000000001,-2.7832594,5.717354,1566947901763
15581,226,Gyroscope,-0.050701816,0.050701816,0.029321532999999997,1566947901772
15582,226,Accelerometer,-7.526173,-2.823961,5.732916,1566947901773
15583,226,Gyroscope,-0.056199603,0.029321532999999997,0.015882496,1566947901782
15584,226,Accelerometer,-7.529764,-2.7353754,5.755661,1566947901783
15585,226,Gyroscope,-0.069027774,0.018936822,0.0061086523,1566947901792
15586,226,Accelerometer,-7.457938,-2.6850972,5.758055000000001,1566947901793
15587,226,Gyroscope,-0.08368854,0.04276056599999999,-0.002443461,1566947901802
15588,226,Accelerometer,-7.4363904000000005,-2.682703,5.730521700000001,1566947901803
15589,226,Gyroscope,-0.08857546,0.056199603,-0.017104227,1566947901812
15590,226,Accelerometer,-7.337031,-2.706645,5.760449400000001,1566947901813
15591,226,Gyroscope,-0.08002335,0.07086037,-0.017715093,1566947901822
15592,226,Accelerometer,-7.195773,-2.8119897999999997,5.771223,1566947901823
15593,226,Gyroscope,-0.061086524,0.069027774,-0.014660766,1566947901833
15594,226,Accelerometer,-7.353790299999999,-2.9951463,5.732916,1566947901833
15595,226,Gyroscope,-0.059253927000000005,0.06169739,-0.010995574,1566947901842
15596,226,Accelerometer,-7.516596300000001,-2.8933928,5.627571,1566947901843
15597,226,Gyroscope,-0.076358154,0.07147124,0.0061086523,1566947901852
15598,226,Accelerometer,-7.4507556,-2.7162217999999996,5.547365,1566947901853
15599,226,Gyroscope,-0.086132,0.076358154,0.013439035,1566947901862
15600,226,Accelerometer,-7.2927384,-2.9257145,5.6670755999999995,1566947901863
15601,226,Gyroscope,-0.0720821,0.061086524,0.010995574,1566947901872
15602,226,Accelerometer,-7.4507556,-3.156755,5.66947,1566947901873
15603,226,Gyroscope,-0.0720821,0.03359759,0.013439035,1566947901882
15604,226,Accelerometer,-7.496245399999999,-2.9400797,5.566519,1566947901883
15605,226,Gyroscope,-0.09040806,0.04642576,0.007330383,1566947901893
15606,226,Accelerometer,-7.2699933,-2.8814217999999996,5.5605335,1566947901893
15607,226,Gyroscope,-0.09407325,0.053145275,-0.0018325957999999999,1566947901902
15608,226,Accelerometer,-7.345411,-3.064578,5.6299653,1566947901903
15609,226,Gyroscope,-0.08368854,0.04886922,-0.01282817,1566947901912
15610,226,Accelerometer,-7.315483,-3.0322563999999996,5.577293,1566947901913
15611,226,Gyroscope,-0.07819075,0.05131268,-0.009162978,1566947901922
15612,226,Accelerometer,-7.2939353,-2.9257145,5.591658,1566947901923
15613,226,Gyroscope,-0.064751714,0.05009095,-0.009773844,1566947901932
15614,226,Accelerometer,-7.3825210000000006,-2.9903579,5.6108117,1566947901933
15615,226,Gyroscope,-0.06597344599999999,0.037873644,-0.017104227,1566947901942
15616,226,Accelerometer,-7.4256167,-3.0693667000000002,5.602432,1566947901943
15617,226,Gyroscope,-0.07147124,0.03970624,-0.01282817,1566947901953
15618,226,Accelerometer,-7.384915400000001,-3.0597897,5.6156,1566947901953
15619,226,Gyroscope,-0.086132,0.053145275,0.004276057,1566947901962
15620,226,Accelerometer,-7.2352777,-2.9939492000000003,5.6586957,1566947901963
15621,226,Gyroscope,-0.09590584,0.062308256,0.008552114,1566947901972
15622,226,Accelerometer,-7.1945763,-2.9951463,5.7999535,1566947901973
15623,226,Gyroscope,-0.092240654,0.059253927000000005,0.01038471,1566947901983
15624,226,Accelerometer,-7.3190745999999995,-3.0083144,5.843049,1566947901983
15625,226,Gyroscope,-0.10079276599999999,0.05131268,0.02321288,1566947901992
15626,226,Accelerometer,-7.428011,-2.7665,5.8143187,1566947901993
15627,226,Gyroscope,-0.11789699,0.04276056599999999,0.031154128,1566947902002
15628,226,Accelerometer,-7.356185000000001,-2.5366566,5.819107,1566947902003
15629,226,Gyroscope,-0.13011430000000002,0.036651913,0.037873644,1566947902012
15630,226,Accelerometer,-7.4028716,-2.5905263,5.807136,1566947902013
15631,226,Gyroscope,-0.1423316,0.036651913,0.052534412999999995,1566947902022
15632,226,Accelerometer,-7.461529700000001,-2.6144682999999995,5.8705826,1566947902023
15633,226,Gyroscope,-0.16187929,0.064751714,0.09040806,1566947902032
15634,226,Accelerometer,-7.303512,-2.5306710999999997,5.895722,1566947902033
15635,226,Gyroscope,-0.17959438,0.11728613,0.12705997,1566947902043
15636,226,Accelerometer,-7.268796400000001,-2.492364,6.041768,1566947902043
15637,226,Gyroscope,-0.17959438,0.17165314,0.172264,1566947902052
15638,226,Accelerometer,-7.2951326000000005,-2.5091232999999997,6.0740894999999995,1566947902053
15639,226,Gyroscope,-0.18081611,0.23701571,0.21258110000000002,1566947902062
15640,226,Accelerometer,-7.260416499999999,-2.6024973,6.0860605,1566947902063
15641,226,Gyroscope,-0.17287487,0.30970868,0.25228736,1566947902072
15642,226,Accelerometer,-7.253234,-2.5713725,6.0333879999999995,1566947902073
15643,226,Gyroscope,-0.16065755,0.35308012,0.27916542,1566947902082
15644,226,Accelerometer,-7.4507556,-2.4827871,5.819107,1566947902083
15645,226,Gyroscope,-0.15577064,0.3659083,0.27488935,1566947902092
15646,226,Accelerometer,-7.6614455999999995,-2.2301989,5.616797,1566947902093
15647,226,Gyroscope,-0.14844026,0.35918877,0.25289822,1566947902103
15648,226,Accelerometer,-7.8278419999999995,-1.9512744,5.3941364,1566947902103
15649,226,Gyroscope,-0.13439035,0.30543262,0.20586158,1566947902112
15650,226,Accelerometer,-8.064867999999999,-1.7202339,5.1726727,1566947902113
15651,226,Gyroscope,-0.12644911,0.21991149,0.14172074,1566947902122
15652,226,Accelerometer,-8.298303,-1.5394716999999998,5.0613421999999995,1566947902123
15653,226,Gyroscope,-0.1142318,0.13805555,0.07941248,1566947902132
15654,226,Accelerometer,-8.219294999999999,-1.3299791,5.0002904,1566947902133
15655,226,Gyroscope,-0.10567969,0.07513642,0.017104227,1566947902142
15656,226,Accelerometer,-8.185775999999999,-1.376666,5.079299,1566947902143
15657,226,Gyroscope,-0.106901415,0.019547688,-0.04520403,1566947902152
15658,226,Accelerometer,-8.129512,-1.6017209,4.981137,1566947902153
15659,226,Gyroscope,-0.10751228,-0.026267206,-0.08246681,1566947902163
15660,226,Accelerometer,-7.9475527,-1.8818424999999999,4.9667715999999995,1566947902163
15661,226,Gyroscope,-0.09040806,-0.04642576,-0.09712757,1566947902172
15662,226,Accelerometer,-7.874529400000001,-2.1990743,5.08289,1566947902173
15663,226,Gyroscope,-0.07269296,-0.05497787,-0.093462385,1566947902182
15664,226,Accelerometer,-7.898471400000001,-2.4289176,5.16549,1566947902183
15665,226,Gyroscope,-0.058643065,-0.064751714,-0.07391469,1566947902192
15666,226,Accelerometer,-7.8517847000000005,-2.6048915,5.16549,1566947902193
15667,226,Gyroscope,-0.036651913,-0.07269296,-0.05131268,1566947902202
15668,226,Accelerometer,-7.738060000000001,-2.6551697,5.2026005,1566947902203
15669,226,Gyroscope,-0.0061086523,-0.08796459400000001,-0.029932396,1566947902212
15670,226,Accelerometer,-7.632714999999999,-2.645593,5.2385135,1566947902213
15671,226,Gyroscope,0.025045475,-0.10445796,-0.015271631,1566947902222
15672,226,Accelerometer,-7.4483614000000005,-2.4911668,5.2852,1566947902223
15673,226,Gyroscope,0.049480084,-0.1160644,-0.0036651915999999997,1566947902232
15674,226,Accelerometer,-7.457938,-2.3451207000000003,5.1810527,1566947902233
15675,226,Gyroscope,0.057421334000000004,-0.14660765,-0.0030543262,1566947902242
15676,226,Accelerometer,-7.371747,-2.147599,5.153519,1566947902243
15677,226,Gyroscope,0.05497787,-0.18509217,-0.02687807,1566947902253
15678,226,Accelerometer,-7.381324,-2.1045034,5.199008999999999,1566947902253
15679,226,Gyroscope,0.06414085,-0.22724187,-0.052534412999999995,1566947902262
15680,226,Accelerometer,-7.483077499999999,-2.1176715,5.2863975,1566947902263
15681,226,Gyroscope,0.09040806,-0.25534168,-0.08796459400000001,1566947902272
15682,226,Accelerometer,-7.4016747,-2.183512,5.483919,1566947902273
15683,226,Gyroscope,0.112399206,-0.25473082,-0.13072516,1566947902282
15684,226,Accelerometer,-7.6578539999999995,-2.3523033,5.723339,1566947902283
15685,226,Gyroscope,0.1282817,-0.24251351,-0.16249016,1566947902292
15686,226,Accelerometer,-7.94037,-2.3475148999999997,5.841851999999999,1566947902293
15687,226,Gyroscope,0.116675265,-0.21258110000000002,-0.18875736,1566947902302
15688,226,Accelerometer,-7.878121000000001,-2.3104044999999998,5.925649,1566947902303
15689,226,Gyroscope,0.10140363,-0.17043139999999998,-0.19364429,1566947902312
15690,226,Accelerometer,-7.8888945999999995,-2.4085669999999997,5.973533,1566947902313
15691,226,Gyroscope,0.08307768,-0.14172074,-0.17837265,1566947902322
15692,226,Accelerometer,-7.8493905,-2.4827871,5.9388175,1566947902323
15693,226,Gyroscope,0.047647487,-0.12705997,-0.15515977,1566947902332
15694,226,Accelerometer,-7.753622,-2.4744074,5.911283999999999,1566947902333
15695,226,Gyroscope,0.021991148999999998,-0.13805555,-0.12889257,1566947902342
15696,226,Accelerometer,-7.5369470000000005,-2.4971522999999998,6.089652,1566947902343
15697,226,Gyroscope,0.007330383,-0.13500121,-0.10262536,1566947902352
15698,226,Accelerometer,-7.4471645,-2.622848,6.272808599999999,1566947902353
15699,226,Gyroscope,-0.010995574,-0.13011430000000002,-0.0720821,1566947902363
15700,226,Accelerometer,-7.431602000000001,-2.645593,6.3182983,1566947902363
15701,226,Gyroscope,-0.039095376,-0.10567969,-0.03726278,1566947902372
15702,226,Accelerometer,-7.285556,-2.5318682,6.479907,1566947902373
15703,226,Gyroscope,-0.069027774,-0.05009095,0.004886922,1566947902382
15704,226,Accelerometer,-7.138312299999999,-2.4420857000000002,6.487089599999999,1566947902383
15705,226,Gyroscope,-0.09468412,0.017715093,0.048258353,1566947902392
15706,226,Accelerometer,-6.9587474,-2.3894134,6.4368114,1566947902393
15707,226,Gyroscope,-0.1142318,0.08674286,0.08002335,1566947902402
15708,226,Accelerometer,-6.7971387000000005,-2.4169466,6.3949127,1566947902403
15709,226,Gyroscope,-0.11911872,0.13072516,0.10079276599999999,1566947902412
15710,226,Accelerometer,-6.8127007,-2.3582888,6.2632318,1566947902413
15711,226,Gyroscope,-0.118507855,0.16004670000000001,0.10629055,1566947902423
15712,226,Accelerometer,-6.907272,-2.2601264,6.101623,1566947902423
15713,226,Gyroscope,-0.1160644,0.18448131,0.09712757,1566947902432
15714,226,Accelerometer,-7.0964136,-2.1954830000000003,5.9412117,1566947902433
15715,226,Gyroscope,-0.11789699,0.20952678,0.08002335,1566947902442
15716,226,Accelerometer,-7.3885064,-2.2493525,5.6946087,1566947902443
15717,226,Gyroscope,-0.12278391400000001,0.20891592,0.061086524,1566947902452
15718,226,Accelerometer,-7.6135616,-2.2493525,5.4515970000000005,1566947902453
15719,226,Gyroscope,-0.13500121,0.18936823,0.04337143,1566947902462
15720,226,Accelerometer,-7.645883,-2.2385786,5.305551,1566947902463
15721,226,Gyroscope,-0.13316862,0.16493362,0.02443461,1566947902472
15722,226,Accelerometer,-7.7093296,-2.3834279,5.261258,1566947902473
15723,226,Gyroscope,-0.12156218,0.13561209,0.0061086523,1566947902482
15724,226,Accelerometer,-7.765592999999999,-2.6372132,5.272032299999999,1566947902483
15725,226,Gyroscope,-0.10567969,0.09468412,0.0067195175,1566947902492
15726,226,Accelerometer,-7.8948803,-2.7353754,5.306748000000001,1566947902493
15727,226,Gyroscope,-0.09712757,0.04520403,0.010995574,1566947902502
15728,226,Accelerometer,-7.854178999999999,-2.6312277,5.329493,1566947902503
15729,226,Gyroscope,-0.10140363,0.029932396,0.020158553,1566947902512
15730,226,Accelerometer,-7.656657000000001,-2.5629928,5.357026,1566947902513
15731,226,Gyroscope,-0.092240654,0.017104227,0.019547688,1566947902522
15732,226,Accelerometer,-7.595605,-2.634819,5.4539914000000005,1566947902523
15733,226,Gyroscope,-0.08124508,-0.004276057,0.028099801,1566947902532
15734,226,Accelerometer,-7.48188,-2.7269957000000002,5.49589,1566947902533
15735,226,Gyroscope,-0.06719518,-0.01282817,0.027488936000000002,1566947902542
15736,226,Accelerometer,-7.2209125,-2.7090392000000003,5.579687,1566947902543
15737,226,Gyroscope,-0.037873644,-0.021991148999999998,0.020158553,1566947902552
15738,226,Accelerometer,-7.1155677,-2.8634652999999997,5.765238,1566947902553
15739,226,Gyroscope,-0.016493361,-0.020158553,0.018936822,1566947902562
15740,226,Accelerometer,-7.37055,-3.0154970000000003,5.772420400000001,1566947902563
15741,226,Gyroscope,-0.021991148999999998,-0.015271631,0.019547688,1566947902572
15742,226,Accelerometer,-7.479486,-2.847903,5.651513,1566947902573
15743,226,Gyroscope,-0.03176499,0.0067195175,0.023823743999999997,1566947902582
15744,226,Accelerometer,-7.505822,-2.8395232999999998,5.5976434,1566947902583
15745,226,Gyroscope,-0.03604105,0.014660766,0.02565634,1566947902593
15746,226,Accelerometer,-7.514202,-2.873042,5.5629277,1566947902593
15747,226,Gyroscope,-0.035430185,0.004276057,0.02443461,1566947902602
15748,226,Accelerometer,-7.466317999999999,-2.8993783,5.604826,1566947902603
15749,226,Gyroscope,-0.02321288,-0.005497787,0.018936822,1566947902612
15750,226,Accelerometer,-7.568071400000001,-2.9508536,5.717354,1566947902613
15751,226,Gyroscope,-0.02443461,-0.004886922,0.015882496,1566947902622
15752,226,Accelerometer,-7.693767,-2.9424740000000003,5.6347537,1566947902623
15753,226,Gyroscope,-0.04642576,-0.008552114,0.01038471,1566947902632
15754,226,Accelerometer,-7.7105265,-2.7581203,5.5485625,1566947902633
15755,226,Gyroscope,-0.06658431,-0.01038471,0.00061086525,1566947902643
15756,226,Accelerometer,-7.592013400000001,-2.6839,5.5246205,1566947902643
15757,226,Gyroscope,-0.077579886,-0.015882496,-0.016493361,1566947902652
15758,226,Accelerometer,-7.4842744,-2.730587,5.5389857000000005,1566947902653
15759,226,Gyroscope,-0.08368854,-0.023823743999999997,-0.02565634,1566947902662
15760,226,Accelerometer,-7.4591354999999995,-2.8419175,5.571307,1566947902663
15761,226,Gyroscope,-0.08552113,-0.019547688,-0.028099801,1566947902672
15762,226,Accelerometer,-7.4567413,-2.8491,5.6563015,1566947902673
15763,226,Gyroscope,-0.08307768,-0.017715093,-0.030543262,1566947902682
15764,226,Accelerometer,-7.451953,-2.858677,5.8238955,1566947902683
15765,226,Gyroscope,-0.0842994,-0.010995574,-0.026267206,1566947902692
15766,226,Accelerometer,-7.323863,-2.8802247000000003,5.876568,1566947902693
15767,226,Gyroscope,-0.08735373,0.004276057,-0.02443461,1566947902703
15768,226,Accelerometer,-7.3190745999999995,-2.9508536,5.881356200000001,1566947902703
15769,226,Gyroscope,-0.095294975,0.008552114,-0.018936822,1566947902712
15770,226,Accelerometer,-7.225700999999999,-2.9496564999999997,5.785588300000001,1566947902713
15771,226,Gyroscope,-0.10812314599999999,0.017715093,-0.002443461,1566947902722
15772,226,Accelerometer,-7.0341644,-2.9604304,5.768829,1566947902723
15773,226,Gyroscope,-0.12217305,0.049480084,-0.00061086525,1566947902732
15774,226,Accelerometer,-6.9587474,-3.1004913,5.9041014,1566947902733
15775,226,Gyroscope,-0.103847094,0.04642576,-0.0030543262,1566947902742
15776,226,Accelerometer,-7.2867527,-3.2549171,5.8789620000000005,1566947902742
15777,226,Gyroscope,-0.103847094,0.04153884,0.004886922,1566947902752
15778,226,Accelerometer,-7.386112,-3.064578,5.738901599999999,1566947902753
15779,226,Gyroscope,-0.12156218,0.06169739,0.013439035,1566947902762
15780,226,Accelerometer,-7.2029557,-2.8766334,5.683835,1566947902763
15781,226,Gyroscope,-0.11911872,0.07086037,0.01038471,1566947902772
15782,226,Accelerometer,-7.0808516,-3.144784,5.765238,1566947902773
15783,226,Gyroscope,-0.10079276599999999,0.06047566,0.013439035,1566947902782
15784,226,Accelerometer,-7.1981673,-3.2908301,5.7496753,1566947902783
15785,226,Gyroscope,-0.09773844,0.05131268,0.021991148999999998,1566947902792
15786,226,Accelerometer,-7.1826053,-3.1663318,5.628768,1566947902793
15787,226,Gyroscope,-0.10873401,0.058643065,0.030543262,1566947902802
15788,226,Accelerometer,-7.1047934999999995,-3.0550013,5.616797,1566947902803
15789,226,Gyroscope,-0.11301007,0.04520403,0.025045475,1566947902812
15790,226,Accelerometer,-7.2831616,-3.0238767,5.681441,1566947902813
15791,226,Gyroscope,-0.11789699,0.034208454,0.021380282999999996,1566947902822
15792,226,Accelerometer,-7.2424603,-2.8754362999999996,5.6922144999999995,1566947902823
15793,226,Gyroscope,-0.12767084,0.03481932,0.026267206,1566947902833
15794,226,Accelerometer,-7.049727000000001,-2.9221232,5.726930599999999,1566947902833
15795,226,Gyroscope,-0.13622294,0.04153884,0.031154128,1566947902842
15796,226,Accelerometer,-7.065289,-2.9484594,5.734113,1566947902843
15797,226,Gyroscope,-0.14782938,0.06169739,0.043982297000000004,1566947902852
15798,226,Accelerometer,-7.074866,-2.873042,5.768829,1566947902853
15799,226,Gyroscope,-0.14905111,0.08368854,0.069027774,1566947902862
15800,226,Accelerometer,-7.127538700000001,-2.7928362,5.8693852,1566947902863
15801,226,Gyroscope,-0.13622294,0.09162979,0.099571034,1566947902872
15802,226,Accelerometer,-7.2245035,-2.718616,5.8789620000000005,1566947902873
15803,226,Gyroscope,-0.13194689,0.07941248,0.12522738,1566947902882
15804,226,Accelerometer,-7.273585000000001,-2.5378537,5.813122,1566947902883
15805,226,Gyroscope,-0.13622294,0.08735373,0.15515977,1566947902893
15806,226,Accelerometer,-7.3083005000000005,-2.4061728,5.7736173,1566947902893
15807,226,Gyroscope,-0.14782938,0.09773844,0.18142697,1566947902902
15808,226,Accelerometer,-7.444770299999999,-2.3307555,5.7065797,1566947902903
15809,226,Gyroscope,-0.15088372,0.09101892,0.19486602,1566947902912
15810,226,Accelerometer,-7.4327993,-2.2840683,5.791574,1566947902913
15811,226,Gyroscope,-0.13439035,0.105068825,0.19730948,1566947902922
15812,226,Accelerometer,-7.430405,-2.255338,5.9412117,1566947902923
15813,226,Gyroscope,-0.111177474,0.13744467,0.19120082,1566947902932
15814,226,Accelerometer,-7.574057000000001,-2.2278047,5.935226,1566947902933
15815,226,Gyroscope,-0.10262536,0.16493362,0.16493362,1566947902942
15816,226,Accelerometer,-7.7464395,-2.2002714,5.760449400000001,1566947902943
15817,226,Gyroscope,-0.11545353400000001,0.17837265,0.105068825,1566947902953
15818,226,Accelerometer,-7.854178999999999,-2.1152773,5.588066599999999,1566947902953
15819,226,Gyroscope,-0.13255776,0.16126843,0.048258353,1566947902963
15820,226,Accelerometer,-7.892486,-2.1296425,5.4527946,1566947902963
15821,226,Gyroscope,-0.13316862,0.1160644,0.0012217305,1566947902972
15822,226,Accelerometer,-7.9750857,-2.2780828,5.3079453,1566947902973
15823,226,Gyroscope,-0.13072516,0.073303826,-0.029321532999999997,1566947902982
15824,226,Accelerometer,-7.9391727,-2.4073699,5.185841,1566947902983
15825,226,Gyroscope,-0.12156218,0.02687807,-0.04520403,1566947902992
15826,226,Accelerometer,-7.7093296,-2.4672248,5.100847,1566947902993
15827,226,Gyroscope,-0.09712757,-0.021991148999999998,-0.052534412999999995,1566947903002
15828,226,Accelerometer,-7.544129400000001,-2.6084828,5.1056349999999995,1566947903003
15829,226,Gyroscope,-0.073303826,-0.06536258,-0.047647487,1566947903013
15830,226,Accelerometer,-7.477092,-2.730587,5.207389,1566947903013
15831,226,Gyroscope,-0.06352998,-0.10018189999999999,-0.03726278,1566947903022
15832,226,Accelerometer,-7.420828299999999,-2.8502972,5.318719000000001,1566947903023
15833,226,Gyroscope,-0.059253927000000005,-0.1160644,-0.021991148999999998,1566947903032
15834,226,Accelerometer,-7.4735007,-2.8287494,5.366603,1566947903033
15835,226,Gyroscope,-0.06963864,-0.1160644,-0.0061086523,1566947903042
15836,226,Accelerometer,-7.4639240000000004,-2.80361,5.329493,1566947903043
15837,226,Gyroscope,-0.07880162,-0.11911872,0.010995574,1566947903052
15838,226,Accelerometer,-7.3897038,-2.8167782000000003,5.29358,1566947903053
15839,226,Gyroscope,-0.07513642,-0.118507855,0.0067195175,1566947903062
15840,226,Accelerometer,-7.372944400000001,-2.834735,5.318719000000001,1566947903063
15841,226,Gyroscope,-0.06047566,-0.106901415,-0.0030543262,1566947903073
15842,226,Accelerometer,-7.4124484,-2.7365725,5.434838,1566947903073
15843,226,Gyroscope,-0.04337143,-0.0842994,-0.021380282999999996,1566947903082
15844,226,Accelerometer,-7.479486,-2.6503813,5.6108117,1566947903083
15845,226,Gyroscope,-0.016493361,-0.07574729,-0.040927973,1566947903092
15846,226,Accelerometer,-7.5944076,-2.6767175,5.7209449999999995,1566947903093
15847,226,Gyroscope,0.005497787,-0.06719518,-0.057421334000000004,1566947903102
15848,226,Accelerometer,-7.6794020000000005,-2.7700913,5.804742,1566947903103
15849,226,Gyroscope,0.007941248,-0.05009095,-0.059253927000000005,1566947903112
15850,226,Accelerometer,-7.803900200000001,-2.8514943,5.762843599999999,1566947903113
15851,226,Gyroscope,-0.008552114,-0.03359759,-0.04642576,1566947903122
15852,226,Accelerometer,-7.8709383,-2.801216,5.625177,1566947903123
15853,226,Gyroscope,-0.02321288,-0.04337143,-0.029932396,1566947903133
15854,226,Accelerometer,-7.8422074,-2.7449522,5.519832,1566947903133
15855,226,Gyroscope,-0.02321288,-0.054367005999999996,-0.014049901000000002,1566947903142
15856,226,Accelerometer,-7.758410499999999,-2.695871,5.608417500000001,1566947903143
15857,226,Gyroscope,-0.009162978,-0.06536258,-0.0036651915999999997,1566947903152
15858,226,Accelerometer,-7.6027875,-2.6324248,5.886145,1566947903153
15859,226,Gyroscope,0.002443461,-0.07086037,-0.0018325957999999999,1566947903162
15860,226,Accelerometer,-7.606379,-2.5905263,5.951985400000001,1566947903163
15861,226,Gyroscope,0.007941248,-0.069027774,0.004886922,1566947903172
15862,226,Accelerometer,-7.5321584,-2.5354595,5.973533,1566947903173
15863,226,Gyroscope,-0.004276057,-0.036651913,0.015271631,1566947903182
15864,226,Accelerometer,-7.445967,-2.4887726000000003,5.981913,1566947903183
15865,226,Gyroscope,-0.02687807,-0.004886922,0.02321288,1566947903192
15866,226,Accelerometer,-7.3825210000000006,-2.4289176,5.972336299999999,1566947903193
15867,226,Gyroscope,-0.045814894,0.02565634,0.029932396,1566947903202
15868,226,Accelerometer,-7.383717999999999,-2.3403322999999996,5.8909335,1566947903203
15869,226,Gyroscope,-0.06597344599999999,0.052534412999999995,0.030543262,1566947903212
15870,226,Accelerometer,-7.3406224,-2.1164744,5.825093,1566947903213
15871,226,Gyroscope,-0.07819075,0.08368854,0.027488936000000002,1566947903222
15872,226,Accelerometer,-7.2699933,-2.0590134,5.819107,1566947903223
15873,226,Gyroscope,-0.07452556,0.09101892,0.017104227,1566947903232
15874,226,Accelerometer,-7.337031,-2.1954830000000003,5.813122,1566947903233
15875,226,Gyroscope,-0.06414085,0.08246681,-0.002443461,1566947903243
15876,226,Accelerometer,-7.4950485,-2.3523033,5.714959599999999,1566947903243
15877,226,Gyroscope,-0.07086037,0.076358154,-0.014049901000000002,1566947903252
15878,226,Accelerometer,-7.541735000000001,-2.4061728,5.571307,1566947903253
15879,226,Gyroscope,-0.08796459400000001,0.07574729,-0.021380282999999996,1566947903262
15880,226,Accelerometer,-7.529764,-2.469619,5.5485625,1566947903263
15881,226,Gyroscope,-0.095294975,0.07574729,-0.022602014,1566947903272
15882,226,Accelerometer,-7.4351935,-2.5701754,5.6323595,1566947903273
15883,226,Gyroscope,-0.08368854,0.062308256,-0.02687807,1566947903282
15884,226,Accelerometer,-7.41604,-2.7449522,5.7245364,1566947903283
15885,226,Gyroscope,-0.06169739,0.037873644,-0.02321288,1566947903292
15886,226,Accelerometer,-7.479486,-2.7940332999999997,5.631162000000001,1566947903293
15887,226,Gyroscope,-0.051923547,0.022602014,-0.017715093,1566947903302
15888,226,Accelerometer,-7.422025,-2.7593174,5.5748987,1566947903303
15889,226,Gyroscope,-0.049480084,0.008552114,-0.009773844,1566947903312
15890,226,Accelerometer,-7.4232225000000005,-2.7688942,5.555745,1566947903313
15891,226,Gyroscope,-0.05497787,-0.002443461,-0.002443461,1566947903322
15892,226,Accelerometer,-7.3346367,-2.8155810000000003,5.657499,1566947903323
15893,226,Gyroscope,-0.056199603,-0.0012217305,0.0061086523,1566947903332
15894,226,Accelerometer,-7.3490020000000005,-2.8790276,5.758055000000001,1566947903333
15895,226,Gyroscope,-0.050701816,-0.0030543262,0.014660766,1566947903342
15896,226,Accelerometer,-7.339425,-2.8179752999999996,5.755661,1566947903343
15897,226,Gyroscope,-0.051923547,0.0018325957999999999,0.02565634,1566947903352
15898,226,Accelerometer,-7.21373,-2.741361,5.7365074,1566947903353
15899,226,Gyroscope,-0.056199603,0.009773844,0.03726278,1566947903362
15900,226,Accelerometer,-7.101202000000001,-2.7257986,5.803545,1566947903363
15901,226,Gyroscope,-0.048258353,0.0036651915999999997,0.040317107000000005,1566947903372
15902,226,Accelerometer,-7.079654,-2.8167782000000003,5.864597,1566947903373
15903,226,Gyroscope,-0.03848451,0.00061086525,0.0421497,1566947903382
15904,226,Accelerometer,-7.1431007,-2.8562827,5.840655,1566947903383
15905,226,Gyroscope,-0.03970624,0.0036651915999999997,0.047036625,1566947903393
15906,226,Accelerometer,-7.204153,-2.7557259999999997,5.815516000000001,1566947903393
15907,226,Gyroscope,-0.056199603,0.015882496,0.054367005999999996,1566947903402
15908,226,Accelerometer,-7.1179619999999995,-2.6024973,5.852626,1566947903403
15909,226,Gyroscope,-0.06414085,0.029321532999999997,0.053145275,1566947903412
15910,226,Accelerometer,-7.1167645,-2.597709,5.930437599999999,1566947903413
15911,226,Gyroscope,-0.06658431,0.032375857,0.047647487,1566947903422
15912,226,Accelerometer,-7.2352777,-2.597709,5.942408599999999,1566947903423
15913,226,Gyroscope,-0.0842994,0.050701816,0.05009095,1566947903432
15914,226,Accelerometer,-7.274781699999999,-2.5342624,5.93762,1566947903433
15915,226,Gyroscope,-0.103847094,0.062308256,0.048258353,1566947903442
15916,226,Accelerometer,-7.3310455999999995,-2.4744074,5.8933277,1566947903443
15917,226,Gyroscope,-0.11545353400000001,0.07147124,0.03970624,1566947903453
15918,226,Accelerometer,-7.3885064,-2.5198972,5.925649,1566947903453
15919,226,Gyroscope,-0.13133603,0.09407325,0.039095376,1566947903462
15920,226,Accelerometer,-7.422025,-2.5845408,5.930437599999999,1566947903463
15921,226,Gyroscope,-0.14355333,0.11545353400000001,0.03604105,1566947903472
15922,226,Accelerometer,-7.5106106,-2.6743232999999997,5.901707,1566947903473
15923,226,Gyroscope,-0.15577064,0.13316862,0.032375857,1566947903482
15924,226,Accelerometer,-7.550114999999999,-2.694674,5.8226986,1566947903483
15925,226,Gyroscope,-0.17043139999999998,0.14355333,0.028710667000000002,1566947903492
15926,226,Accelerometer,-7.5309615,-2.731784,5.7245364,1566947903493
15927,226,Gyroscope,-0.1777618,0.1423316,0.02076942,1566947903503
15928,226,Accelerometer,-7.550114999999999,-2.8000187999999997,5.641936299999999,1566947903503
15929,226,Gyroscope,-0.17898351,0.14110987,0.015882496,1566947903512
15930,226,Accelerometer,-7.4735007,-2.9556419999999997,5.588066599999999,1566947903513
15931,226,Gyroscope,-0.17531833,0.13744467,0.012217305,1566947903522
15932,226,Accelerometer,-7.466317999999999,-3.0669725,5.5246205,1566947903523
15933,226,Gyroscope,-0.172264,0.119729586,0.01038471,1566947903532
15934,226,Accelerometer,-7.514202,-3.0873232,5.3857565,1566947903533
15935,226,Gyroscope,-0.17287487,0.10751228,0.012217305,1566947903542
15936,226,Accelerometer,-7.4016747,-3.1519666,5.315128,1566947903543
15937,226,Gyroscope,-0.1685988,0.09162979,0.017715093,1566947903552
15938,226,Accelerometer,-7.3645644,-3.1866825,5.270835,1566947903553
15939,226,Gyroscope,-0.16065755,0.07696902,0.02321288,1566947903563
15940,226,Accelerometer,-7.3657618000000005,-3.181894,5.261258,1566947903563
15941,226,Gyroscope,-0.14660765,0.06536258,0.027488936000000002,1566947903572
15942,226,Accelerometer,-7.278373200000001,-3.2070332,5.3330839999999995,1566947903573
15943,226,Gyroscope,-0.13072516,0.057421334000000004,0.034208454,1566947903582
15944,226,Accelerometer,-7.2424603,-3.2453402999999996,5.410896,1566947903583
15945,226,Gyroscope,-0.118507855,0.049480084,0.040927973,1566947903592
15946,226,Accelerometer,-7.2245035,-3.2477345,5.386954,1566947903593
15947,226,Gyroscope,-0.11056661,0.04520403,0.052534412999999995,1566947903602
15948,226,Accelerometer,-7.231686,-3.2034418999999996,5.3678,1566947903603
15949,226,Gyroscope,-0.10140363,0.03848451,0.055588737,1566947903612
15950,226,Accelerometer,-7.3777327999999995,-3.0585926,5.4970870000000005,1566947903613
15951,226,Gyroscope,-0.08857546,0.028710667000000002,0.047036625,1566947903623
15952,226,Accelerometer,-7.444770299999999,-3.0238767,5.5329999999999995,1566947903623
15953,226,Gyroscope,-0.077579886,0.021991148999999998,0.03726278,1566947903632
15954,226,Accelerometer,-7.562086,-3.028665,5.4982843,1566947903633
15955,226,Gyroscope,-0.07391469,0.014660766,0.029932396,1566947903642
15956,226,Accelerometer,-7.6255326,-3.0214825000000003,5.4791307,1566947903643
15957,226,Gyroscope,-0.07391469,-0.002443461,0.02443461,1566947903652
15958,226,Accelerometer,-7.584830800000001,-2.9472623,5.530606,1566947903653
15959,226,Gyroscope,-0.07574729,-0.007941248,0.032375857,1566947903662
15960,226,Accelerometer,-7.5189905,-2.8562827,5.5509567,1566947903663
15961,226,Gyroscope,-0.08307768,-0.002443461,0.043982297000000004,1566947903672
15962,226,Accelerometer,-7.3897038,-2.8383262000000005,5.600037599999999,1566947903673
15963,226,Gyroscope,-0.084910266,-0.014660766,0.049480084,1566947903683
15964,226,Accelerometer,-7.326257000000001,-2.859874,5.659893,1566947903683
15965,226,Gyroscope,-0.08002335,-0.023823743999999997,0.047036625,1566947903692
15966,226,Accelerometer,-7.277176,-2.882619,5.771223,1566947903693
15967,226,Gyroscope,-0.076358154,-0.026267206,0.04276056599999999,1566947903702
15968,226,Accelerometer,-7.309498,-2.9113493,5.849035,1566947903703
15969,226,Gyroscope,-0.06597344599999999,-0.025045475,0.043982297000000004,1566947903712
15970,226,Accelerometer,-7.371747,-2.895787,5.8203044,1566947903713
15971,226,Gyroscope,-0.062308256,-0.019547688,0.03481932,1566947903722
15972,226,Accelerometer,-7.3106947,-2.8455088,5.744887,1566947903723
15973,226,Gyroscope,-0.061086524,-0.008552114,0.025045475,1566947903733
15974,226,Accelerometer,-7.27957,-2.765303,5.738901599999999,1566947903733
15975,226,Gyroscope,-0.055588737,0.0018325957999999999,0.014660766,1566947903742
15976,226,Accelerometer,-7.277176,-2.7042507999999996,5.719748,1566947903743
15977,226,Gyroscope,-0.04886922,0.007330383,0.0030543262,1566947903752
15978,226,Accelerometer,-7.3166804,-2.6396074,5.7939680000000005,1566947903753
15979,226,Gyroscope,-0.047036625,0.032986722999999996,-0.015271631,1566947903762
15980,226,Accelerometer,-7.3430165999999994,-2.6036943999999997,5.8598084,1566947903763
15981,226,Gyroscope,-0.05681047,0.07086037,-0.029321532999999997,1566947903772
15982,226,Accelerometer,-7.4268136,-2.6204537999999995,5.8262897,1566947903773
15983,226,Gyroscope,-0.06658431,0.10018189999999999,-0.040927973,1566947903782
15984,226,Accelerometer,-7.4806833,-2.7401638,5.693412,1566947903783
15985,226,Gyroscope,-0.08552113,0.11301007,-0.05009095,1566947903793
15986,226,Accelerometer,-7.45315,-2.883816,5.5222263,1566947903793
15987,226,Gyroscope,-0.1020145,0.10873401,-0.047647487,1566947903802
15988,226,Accelerometer,-7.4184339999999995,-3.004723,5.3366755999999995,1566947903803
15989,226,Gyroscope,-0.11484267,0.07880162,-0.048258353,1566947903812
15990,226,Accelerometer,-7.347805,-3.0657754,5.2325277,1566947903813
15991,226,Gyroscope,-0.11545353400000001,0.049480084,-0.05131268,1566947903822
15992,226,Accelerometer,-7.305906299999999,-3.0813377,5.233725,1566947903823
15993,226,Gyroscope,-0.095294975,0.02321288,-0.06047566,1566947903832
15994,226,Accelerometer,-7.3071036,-3.1124623,5.377377,1566947903833
15995,226,Gyroscope,-0.0720821,0.002443461,-0.06414085,1566947903842
15996,226,Accelerometer,-7.299921,-3.229778,5.601235,1566947903843
15997,226,Gyroscope,-0.045814894,-0.004276057,-0.06658431,1566947903852
15998,226,Accelerometer,-7.309498,-3.3650506,5.807136,1566947903853
15999,226,Gyroscope,-0.029932396,0.027488936000000002,-0.056199603,1566947903862
16000,226,Accelerometer,-7.3346367,-3.490746,5.9041014,1566947903863
16001,226,Gyroscope,-0.021380282999999996,0.0421497,-0.048258353,1566947903872
16002,226,Accelerometer,-7.429208,-3.5517980000000002,5.8945246,1566947903873
16003,226,Gyroscope,-0.015271631,0.08246681,-0.030543262,1566947903882
16004,226,Accelerometer,-7.4028716,-3.5194763999999994,5.8741736,1566947903883
16005,226,Gyroscope,-0.012217305,0.11545353400000001,-0.020158553,1566947903892
16006,226,Accelerometer,-7.3430165999999994,-3.4356794,5.8598084,1566947903893
16007,226,Gyroscope,0.002443461,0.12522738,-0.017715093,1566947903902
16008,226,Accelerometer,-7.413645699999999,-3.3279405,5.756858,1566947903903
16009,226,Gyroscope,0.02076942,0.11728613,-0.021991148999999998,1566947903912
16010,226,Accelerometer,-7.350199000000001,-3.205836,5.625177,1566947903913
16011,226,Gyroscope,0.03176499,0.0983493,-0.037873644,1566947903923
16012,226,Accelerometer,-7.290344,-3.083732,5.4863133,1566947903923
16013,226,Gyroscope,0.04153884,0.08124508,-0.0580322,1566947903932
16014,226,Accelerometer,-7.2209125,-3.0358477,5.5090580000000005,1566947903933
16015,226,Gyroscope,0.045814894,0.062308256,-0.07696902,1566947903942
16016,226,Accelerometer,-7.1873937,-3.0334535,5.5701103,1566947903943
16017,226,Gyroscope,0.040927973,0.04276056599999999,-0.095294975,1566947903952
16018,226,Accelerometer,-7.132327,-3.0705638,5.6156,1566947903953
16019,226,Gyroscope,0.03604105,0.035430185,-0.10995574,1566947903962
16020,226,Accelerometer,-7.0449386,-3.157952,5.6946087,1566947903963
16021,226,Gyroscope,0.03604105,0.03604105,-0.1160644,1566947903972
16022,226,Accelerometer,-6.9360023,-3.2273839,5.85502,1566947903973
16023,226,Gyroscope,0.036651913,0.034208454,-0.11484267,1566947903982
16024,226,Accelerometer,-6.825869,-3.265691,5.961562000000001,1566947903983
16025,226,Gyroscope,0.05131268,0.03848451,-0.11178834,1566947903992
16026,226,Accelerometer,-6.773196700000001,-3.3865983,6.05733,1566947903993
16027,226,Gyroscope,0.07819075,0.057421334000000004,-0.119729586,1566947904002
16028,226,Accelerometer,-6.8198833,-3.453636,6.2129536,1566947904003
16029,226,Gyroscope,0.103847094,0.1020145,-0.13255776,1566947904012
16030,226,Accelerometer,-7.005433999999999,-3.5170822,6.337452,1566947904013
16031,226,Gyroscope,0.10873401,0.14172074,-0.14172074,1566947904022
16032,226,Accelerometer,-7.1826053,-3.5098996,6.2883705999999995,1566947904023
16033,226,Gyroscope,0.09468412,0.1826487,-0.13988814,1566947904032
16034,226,Accelerometer,-7.231686,-3.4727894999999998,6.2273190000000005,1566947904033
16035,226,Gyroscope,0.077579886,0.22479841,-0.13011430000000002,1566947904042
16036,226,Accelerometer,-7.157466,-3.478775,6.133945,1566947904043
16037,226,Gyroscope,0.06963864,0.25167647,-0.118507855,1566947904052
16038,226,Accelerometer,-6.9599442,-3.5194763999999994,6.0848637000000005,1566947904053
16039,226,Gyroscope,0.081855945,0.26816985,-0.10445796,1566947904062
16040,226,Accelerometer,-6.752846000000001,-3.5122937999999992,6.0046577,1566947904063
16041,226,Gyroscope,0.10079276599999999,0.28160888,-0.10262536,1566947904072
16042,226,Accelerometer,-6.4846954000000006,-3.4201171,5.942408599999999,1566947904073
16043,226,Gyroscope,0.13500121,0.29565877,-0.111177474,1566947904083
16044,226,Accelerometer,-6.6151789999999995,-3.4464532999999995,5.957971,1566947904083
16045,226,Gyroscope,0.18081611,0.31031954,-0.11545353400000001,1566947904092
16046,226,Accelerometer,-6.794744500000001,-3.3674447999999995,5.8921304,1566947904093
16047,226,Gyroscope,0.21930063,0.31520647,-0.13133603,1566947904103
16048,226,Accelerometer,-6.970718400000001,-3.4344822999999995,5.8238955,1566947904103
16049,226,Gyroscope,0.25534168,0.31520647,-0.14477506,1566947904112
16050,226,Accelerometer,-7.2101383000000006,-3.4225112999999996,5.66947,1566947904113
16051,226,Gyroscope,0.26206118,0.31703907,-0.15027285,1566947904122
16052,226,Accelerometer,-7.353790299999999,-3.3506854,5.5461683,1566947904123
16053,226,Gyroscope,0.267559,0.31031954,-0.16004670000000001,1566947904132
16054,226,Accelerometer,-7.359775999999999,-3.3099839999999996,5.4683566,1566947904133
16055,226,Gyroscope,0.27672195,0.29260445,-0.17959438,1566947904142
16056,226,Accelerometer,-7.53575,-3.4177230000000005,5.3725886,1566947904143
16057,226,Gyroscope,0.2883284,0.25411993,-0.19792034,1566947904152
16058,226,Accelerometer,-7.4758949999999995,-3.4057519999999997,5.4144874000000005,1566947904153
16059,226,Gyroscope,0.30604348,0.22785273,-0.21685717,1566947904162
16060,226,Accelerometer,-7.4758949999999995,-3.4476504,5.5617304,1566947904163
16061,226,Gyroscope,0.32925636,0.20647246,-0.23090707,1566947904172
16062,226,Accelerometer,-7.420828299999999,-3.4189199999999995,5.626374,1566947904173
16063,226,Gyroscope,0.34880406,0.19547687,-0.23823744,1566947904182
16064,226,Accelerometer,-7.395689,-3.3542766999999998,5.7257333,1566947904183
16065,226,Gyroscope,0.37079520000000005,0.19364429,-0.24312437,1566947904192
16066,226,Accelerometer,-7.400477400000001,-3.3470940000000002,5.8095303,1566947904193
16067,226,Gyroscope,0.39645153,0.19181168,-0.24556783,1566947904202
16068,226,Accelerometer,-7.4363904000000005,-3.2872388,5.8203044,1566947904203
16069,226,Gyroscope,0.41905355,0.20280726,-0.24617869,1566947904212
16070,226,Accelerometer,-7.606379,-3.1962593,5.807136,1566947904213
16071,226,Gyroscope,0.42210788,0.19792034,-0.25778514,1566947904222
16072,226,Accelerometer,-7.5692687,-3.1543607999999996,5.687426,1566947904223
16073,226,Gyroscope,0.4343252,0.18325958,-0.27488935,1566947904232
16074,226,Accelerometer,-7.631517999999999,-3.2620997000000003,5.641936299999999,1566947904233
16075,226,Gyroscope,0.45020768,0.18631389999999998,-0.29810223,1566947904242
16076,226,Accelerometer,-7.7093296,-3.2620997000000003,5.589264,1566947904243
16077,226,Gyroscope,0.44837508,0.20708331,-0.33108896,1566947904252
16078,226,Accelerometer,-7.6949644,-3.1806970000000003,5.5150437000000005,1566947904253
16079,226,Gyroscope,0.43493605,0.20952678,-0.37690386,1566947904263
16080,226,Accelerometer,-7.5704656,-3.1842883,5.347449299999999,1566947904263
16081,226,Gyroscope,0.42394048,0.18142697,-0.41966440000000005,1566947904272
16082,226,Accelerometer,-7.429208,-3.2692822999999995,5.1942205,1566947904273
16083,226,Gyroscope,0.43249258,0.14844026,-0.44898596,1566947904283
16084,226,Accelerometer,-7.315483,-3.3219550000000004,5.2157683,1566947904283
16085,226,Gyroscope,0.453262,0.12034045,-0.46670106,1566947904292
16086,226,Accelerometer,-7.2352777,-3.3303347000000003,5.1882353,1566947904293
16087,226,Gyroscope,0.47586402,0.09590584,-0.4642576,1566947904302
16088,226,Accelerometer,-7.2149267,-3.2740707000000002,5.3378725,1566947904303
16089,226,Gyroscope,0.49174652,0.10445796,-0.44837508,1566947904312
16090,226,Accelerometer,-7.3214690000000004,-3.3291376000000006,5.4863133,1566947904313
16091,226,Gyroscope,0.49418998,0.12156218,-0.42088616,1566947904322
16092,226,Accelerometer,-7.49026,-3.3626563999999997,5.521029,1566947904323
16093,226,Gyroscope,0.48014009999999996,0.13255776,-0.39645153,1566947904332
16094,226,Accelerometer,-7.597999000000001,-3.3435028,5.4240639999999996,1566947904333
16095,226,Gyroscope,0.45265114,0.15088372,-0.35369098,1566947904343
16096,226,Accelerometer,-7.5884222999999995,-3.2561142000000003,5.3725886,1566947904343
16097,226,Gyroscope,0.43860126,0.16493362,-0.32986724,1566947904352
16098,226,Accelerometer,-7.4399820000000005,-3.095703,5.3366755999999995,1566947904353
16099,226,Gyroscope,0.43554693,0.15454891,-0.31398472,1566947904362
16100,226,Accelerometer,-7.353790299999999,-2.9831752999999996,5.318719000000001,1566947904363
16101,226,Gyroscope,0.45142943,0.13316862,-0.31215215,1566947904372
16102,226,Accelerometer,-7.376535400000001,-2.932897,5.297171,1566947904373
16103,226,Gyroscope,0.47525316,0.12522738,-0.31948254,1566947904382
16104,226,Accelerometer,-7.4399820000000005,-2.8658595,5.343858200000001,1566947904383
16105,226,Gyroscope,0.48502702,0.1282817,-0.3323107,1566947904392
16106,226,Accelerometer,-7.6027875,-2.8119897999999997,5.329493,1566947904393
16107,226,Gyroscope,0.4831944,0.1337795,-0.35063666,1566947904402
16108,226,Accelerometer,-7.754819400000001,-2.7856536,5.3007627,1566947904403
16109,226,Gyroscope,0.4709771,0.13561209,-0.36102137,1566947904412
16110,226,Accelerometer,-7.86615,-2.7724855,5.282806,1566947904413
16111,226,Gyroscope,0.4569272,0.12095132,-0.36041048,1566947904422
16112,226,Accelerometer,-7.908048,-2.7605145,5.249287000000001,1566947904423
16113,226,Gyroscope,0.43799037,0.0983493,-0.35063666,1566947904433
16114,226,Accelerometer,-7.826645399999999,-2.7234043999999997,5.225345,1566947904433
16115,226,Gyroscope,0.42210788,0.086132,-0.3359759,1566947904442
16116,226,Accelerometer,-7.631517999999999,-2.7006595,5.255273000000001,1566947904443
16117,226,Gyroscope,0.41172317,0.08063421400000001,-0.32559118,1566947904452
16118,226,Accelerometer,-7.4399820000000005,-2.6898855999999998,5.3905449999999995,1566947904453
16119,226,Gyroscope,0.40744713,0.07880162,-0.31581733,1566947904463
16120,226,Accelerometer,-7.3202715,-2.7138276,5.518635,1566947904463
16121,226,Gyroscope,0.40256020000000003,0.0842994,-0.30604348,1566947904472
16122,226,Accelerometer,-7.2568254,-2.7138276,5.7137623,1566947904473
16123,226,Gyroscope,0.38423425,0.09101892,-0.29749137,1566947904482
16124,226,Accelerometer,-7.1454949999999995,-2.694674,5.7125654,1566947904483
16125,226,Gyroscope,0.36896262,0.10934488,-0.28283059999999993,1566947904493
16126,226,Accelerometer,-7.089231,-2.6886885,5.73531,1566947904493
16127,226,Gyroscope,0.35246924,0.13927728,-0.26389378,1566947904502
16128,226,Accelerometer,-7.0545154000000005,-2.6683377999999998,5.791574,1566947904503
16129,226,Gyroscope,0.34880406,0.17104226,-0.24495697,1566947904512
16130,226,Accelerometer,-6.9970546,-2.6503813,5.8801594,1566947904513
16131,226,Gyroscope,0.35002577,0.20708331,-0.22968534,1566947904523
16132,226,Accelerometer,-6.994660400000001,-2.681506,5.975927400000001,1566947904523
16133,226,Gyroscope,0.3555236,0.23090707,-0.21930063,1566947904532
16134,226,Accelerometer,-7.171831,-2.8491,5.8334722999999995,1566947904533
16135,226,Gyroscope,0.35430184,0.23457226,-0.21258110000000002,1566947904542
16136,226,Accelerometer,-7.3166804,-2.8981812000000002,5.60722,1566947904543
16137,226,Gyroscope,0.33841935,0.226631,-0.204029,1566947904552
16138,226,Accelerometer,-7.4268136,-2.8742392000000003,5.4863133,1566947904553
16139,226,Gyroscope,0.31520647,0.21685717,-0.19242255,1566947904562
16140,226,Accelerometer,-7.493850999999999,-2.8335377999999998,5.425261,1566947904563
16141,226,Gyroscope,0.28283059999999993,0.21258110000000002,-0.18387043,1566947904572
16142,226,Accelerometer,-7.5345526,-2.837129,5.434838,1566947904573
16143,226,Gyroscope,0.26694809999999997,0.21197024,-0.172264,1566947904582
16144,226,Accelerometer,-7.6255326,-2.7880477999999997,5.437232,1566947904583
16145,226,Gyroscope,0.25350907,0.19364429,-0.16004670000000001,1566947904593
16146,226,Accelerometer,-7.6710224,-2.7365725,5.427655000000001,1566947904593
16147,226,Gyroscope,0.23823744,0.17531833,-0.15393804,1566947904602
16148,226,Accelerometer,-7.541735000000001,-2.7688942,5.427655000000001,1566947904603
16149,226,Gyroscope,0.21380283,0.17348573,-0.14477506,1566947904612
16150,226,Accelerometer,-7.351396,-2.8000187999999997,5.334281400000001,1566947904613
16151,226,Gyroscope,0.19181168,0.18570304,-0.12522738,1566947904623
16152,226,Accelerometer,-7.2580222999999995,-2.7832594,5.346252400000001,1566947904623
16153,226,Gyroscope,0.17959438,0.21807889999999996,-0.10812314599999999,1566947904632
16154,226,Accelerometer,-7.1131735,-2.7629087,5.474342299999999,1566947904633
16155,226,Gyroscope,0.18203785,0.26206118,-0.07941248,1566947904642
16156,226,Accelerometer,-7.168239999999999,-2.7401638,5.559336,1566947904643
16157,226,Gyroscope,0.19181168,0.30115658,-0.04642576,1566947904652
16158,226,Accelerometer,-7.3190745999999995,-2.7509377,5.5748987,1566947904653
16159,226,Gyroscope,0.20647246,0.33108896,-0.009162978,1566947904663
16160,226,Accelerometer,-7.5668745,-2.767697,5.5389857000000005,1566947904663
16161,226,Gyroscope,0.22174409,0.35491269999999997,0.020158553,1566947904672
16162,226,Accelerometer,-7.884106,-2.6910827,5.4683566,1566947904673
16163,226,Gyroscope,0.23090707,0.36835176,0.031154128,1566947904682
16164,226,Accelerometer,-8.166622,-2.5390507999999996,5.354632,1566947904683
16165,226,Gyroscope,0.24007004,0.36468655,0.03176499,1566947904692
16166,226,Accelerometer,-8.477867999999999,-2.4528596,5.1810527,1566947904693
16167,226,Gyroscope,0.24801129,0.344528,0.02321288,1566947904702
16168,226,Accelerometer,-8.65863,-2.3930047,4.9919105,1566947904703
16169,226,Gyroscope,0.25595254,0.30970868,-0.0018325957999999999,1566947904712
16170,226,Accelerometer,-8.720880000000001,-2.2960392999999995,4.7884035,1566947904713
16171,226,Gyroscope,0.2565634,0.258396,-0.04276056599999999,1566947904723
16172,226,Accelerometer,-8.672996000000001,-2.1775265,4.602853,1566947904723
16173,226,Gyroscope,0.26083946,0.18509217,-0.093462385,1566947904732
16174,226,Accelerometer,-8.480263,-2.0266917,4.619612,1566947904733
16175,226,Gyroscope,0.26939157,0.12767084,-0.15210545,1566947904742
16176,226,Accelerometer,-8.238448,-1.8674773,4.7979803,1566947904743
16177,226,Gyroscope,0.28588495,0.07880162,-0.20341812,1566947904753
16178,226,Accelerometer,-8.022969999999999,-1.7836802999999999,4.9883194,1566947904753
16179,226,Gyroscope,0.30848694,0.055588737,-0.25045475,1566947904762
16180,226,Accelerometer,-7.856573,-1.8076223000000002,5.1463366,1566947904763
16181,226,Gyroscope,0.3286455,0.03481932,-0.28344148,1566947904772
16182,226,Accelerometer,-7.727286,-1.9907787000000001,5.2409077,1566947904773
16183,226,Gyroscope,0.34269542,0.02687807,-0.30115658,1566947904782
16184,226,Accelerometer,-7.7189064,-2.135628,5.3486465999999995,1566947904783
16185,226,Gyroscope,0.35246924,0.03176499,-0.30482176,1566947904792
16186,226,Accelerometer,-7.6949644,-2.2577322,5.5042696,1566947904793
16187,226,Gyroscope,0.37140608,0.053145275,-0.28710666,1566947904802
16188,226,Accelerometer,-7.6614455999999995,-2.3415293999999998,5.6299653,1566947904803
16189,226,Gyroscope,0.38606682,0.06719518,-0.26511553,1566947904812
16190,226,Accelerometer,-7.6578539999999995,-2.3918076,5.753267,1566947904813
16191,226,Gyroscope,0.40011674,0.08674286,-0.24556783,1566947904822
16192,226,Accelerometer,-7.654263,-2.3666685000000003,5.791574,1566947904823
16193,226,Gyroscope,0.408058,0.09407325,-0.23335053,1566947904832
16194,226,Accelerometer,-7.69257,-2.2505496,5.758055000000001,1566947904833
16195,226,Gyroscope,0.4166101,0.11728613,-0.2302962,1566947904842
16196,226,Accelerometer,-7.681796,-2.0697872999999998,5.7760115,1566947904843
16197,226,Gyroscope,0.41538838,0.15393804,-0.23701571,1566947904852
16198,226,Accelerometer,-7.666233999999999,-1.8722657,5.803545,1566947904853
16199,226,Gyroscope,0.41905355,0.17898351,-0.24801129,1566947904862
16200,226,Accelerometer,-7.705738,-1.7405846,5.7819970000000005,1566947904863
16201,226,Gyroscope,0.4166101,0.19547687,-0.27122417,1566947904872
16202,226,Accelerometer,-7.72968,-1.6831238000000002,5.825093,1566947904872
16203,226,Gyroscope,0.41172317,0.20952678,-0.2968805,1566947904883
16204,226,Accelerometer,-7.717708999999999,-1.7022773999999998,5.85502,1566947904883
16205,226,Gyroscope,0.40378192,0.21319197,-0.32620203,1566947904892
16206,226,Accelerometer,-7.682993400000001,-1.8040310000000002,5.742492700000001,1566947904893
16207,226,Gyroscope,0.40072759999999996,0.21563543,-0.34697145,1566947904902
16208,226,Accelerometer,-7.668628,-1.9357121,5.7125654,1566947904903
16209,226,Gyroscope,0.41966440000000005,0.21991149,-0.36041048,1566947904913
16210,226,Accelerometer,-7.6351094,-2.1152773,5.6586957,1566947904913
16211,226,Gyroscope,0.44532076,0.21746802,-0.3659083,1566947904922
16212,226,Accelerometer,-7.5944076,-2.2577322,5.580883999999999,1566947904923
16213,226,Gyroscope,0.46853364,0.20830505,-0.36713,1566947904932
16214,226,Accelerometer,-7.5644803,-2.3104044999999998,5.5485625,1566947904933
16215,226,Gyroscope,0.48380527,0.1966986,-0.36468655,1566947904943
16216,226,Accelerometer,-7.595605,-2.3116016,5.568912999999999,1566947904943
16217,226,Gyroscope,0.4905248,0.19608775,-0.3659083,1566947904952
16218,226,Accelerometer,-7.6135616,-2.2720973,5.6299653,1566947904953
16219,226,Gyroscope,0.49907690000000005,0.19547687,-0.36163223,1566947904962
16220,226,Accelerometer,-7.6470804,-2.2086509999999997,5.603629,1566947904963
16221,226,Gyroscope,0.5021312,0.19425514,-0.35979962,1566947904973
16222,226,Accelerometer,-7.6375036,-2.1332338,5.603629,1566947904973
16223,226,Gyroscope,0.51251596,0.20708331,-0.36285394,1566947904982
16224,226,Accelerometer,-7.6219410000000005,-2.0817582999999997,5.651513,1566947904983
16225,226,Gyroscope,0.52534413,0.21807889999999996,-0.37140608,1566947904992
16226,226,Accelerometer,-7.717708999999999,-2.0638018,5.601235,1566947904993
16227,226,Gyroscope,0.5345071,0.2302962,-0.38423425,1566947905003
16228,226,Accelerometer,-7.785944000000001,-2.0649989,5.5725045,1566947905003
16229,226,Gyroscope,0.5375614000000001,0.23884831,-0.39095375,1566947905012
16230,226,Accelerometer,-7.77517,-2.0590134,5.518635,1566947905013
16231,226,Gyroscope,0.5363397,0.24007004,-0.39828414,1566947905022
16232,226,Accelerometer,-7.818265400000001,-2.086547,5.4851160000000005,1566947905023
16233,226,Gyroscope,0.5516113,0.22296582,-0.39400807,1566947905032
16234,226,Accelerometer,-7.8062944000000005,-2.1260512,5.425261,1566947905033
16235,226,Gyroscope,0.5558874,0.21197024,-0.39095375,1566947905042
16236,226,Accelerometer,-7.782352400000001,-2.147599,5.380968,1566947905043
16237,226,Gyroscope,0.56505036,0.20647246,-0.38973203,1566947905052
16238,226,Accelerometer,-7.7703815,-2.134431,5.3390699999999995,1566947905053
16239,226,Gyroscope,0.5662721,0.20280726,-0.39461896,1566947905062
16240,226,Accelerometer,-7.7667904000000005,-2.0422540000000002,5.341464,1566947905063
16241,226,Gyroscope,0.5656611999999999,0.20525073,-0.40439278,1566947905072
16242,226,Accelerometer,-7.738060000000001,-1.9979613,5.445612000000001,1566947905073
16243,226,Gyroscope,0.56199604,0.21319197,-0.41416663,1566947905082
16244,226,Accelerometer,-7.726089,-2.0733786,5.517437999999999,1566947905083
16245,226,Gyroscope,0.5626069,0.21868975,-0.42455134,1566947905092
16246,226,Accelerometer,-7.779958199999999,-2.1619642000000003,5.5725045,1566947905093
16247,226,Gyroscope,0.56382865,0.22052236,-0.42821655,1566947905102
16248,226,Accelerometer,-7.8517847000000005,-2.2469582999999997,5.544971,1566947905103
16249,226,Gyroscope,0.56505036,0.21563543,-0.43371433,1566947905112
16250,226,Accelerometer,-7.8649526,-2.315193,5.499480999999999,1566947905113
16251,226,Gyroscope,0.5656611999999999,0.21685717,-0.42760566,1566947905122
16252,226,Accelerometer,-7.8517847000000005,-2.291251,5.432443599999999,1566947905123
16253,226,Gyroscope,0.5674938,0.21563543,-0.41966440000000005,1566947905132
16254,226,Accelerometer,-7.750031,-2.2110453,5.379771,1566947905133
16255,226,Gyroscope,0.5717699,0.20830505,-0.41416663,1566947905142
16256,226,Accelerometer,-7.627927000000001,-2.2182279,5.374983,1566947905143
16257,226,Gyroscope,0.57971114,0.20036379999999998,-0.40683624,1566947905152
16258,226,Accelerometer,-7.575253999999999,-2.1667526,5.412093,1566947905152
16259,226,Gyroscope,0.5888741,0.20463985,-0.40683624,1566947905163
16260,226,Accelerometer,-7.612364299999999,-2.1164744,5.5054669999999994,1566947905163
16261,226,Gyroscope,0.59803706,0.21013765,-0.41050145,1566947905172
16262,226,Accelerometer,-7.72968,-2.1164744,5.5964465,1566947905173
16263,226,Gyroscope,0.5992588000000001,0.21013765,-0.42027529999999996,1566947905182
16264,226,Accelerometer,-7.8493905,-2.1260512,5.5737014,1566947905183
16265,226,Gyroscope,0.59315014,0.21197024,-0.43066000000000004,1566947905193
16266,226,Accelerometer,-7.8589673,-2.0685901999999996,5.5521536,1566947905193
16267,226,Gyroscope,0.5919284,0.21746802,-0.44348818,1566947905202
16268,226,Accelerometer,-7.8218570000000005,-2.087744,5.5701103,1566947905203
16269,226,Gyroscope,0.59681535,0.22785273,-0.45998153,1566947905212
16270,226,Accelerometer,-7.773973,-2.2122424,5.506664,1566947905213
16271,226,Gyroscope,0.6072,0.2302962,-0.46303585,1566947905223
16272,226,Accelerometer,-7.8003089999999995,-2.256535,5.556941999999999,1566947905223
16273,226,Gyroscope,0.6310238,0.22724187,-0.46975538,1566947905232
16274,226,Accelerometer,-7.884106,-2.1428106,5.699397,1566947905233
16275,226,Gyroscope,0.6536258,0.21685717,-0.48991394,1566947905242
16276,226,Accelerometer,-7.884106,-2.0434509999999997,5.657499,1566947905243
16277,226,Gyroscope,0.6542366999999999,0.21197024,-0.53023106,1566947905252
16278,226,Accelerometer,-7.955932000000001,-2.0147207,5.5844755,1566947905253
16279,226,Gyroscope,0.6420194,0.22418754,-0.5571090999999999,1566947905263
16280,226,Accelerometer,-8.076839,-2.0290859,5.60722,1566947905263
16281,226,Gyroscope,0.63346726,0.22357668,-0.5815437,1566947905272
16282,226,Accelerometer,-8.180987,-2.1679497000000003,5.6299653,1566947905273
16283,226,Gyroscope,0.625526,0.20830505,-0.5919284,1566947905282
16284,226,Accelerometer,-8.146272,-2.292448,5.592855,1566947905283
16285,226,Gyroscope,0.61575216,0.19486602,-0.60048056,1566947905292
16286,226,Accelerometer,-7.9343843,-2.3906104999999997,5.530606,1566947905293
16287,226,Gyroscope,0.6133086999999999,0.1777618,-0.602924,1566947905302
16288,226,Accelerometer,-7.5572976999999995,-2.5067291000000003,5.5258174,1566947905303
16289,226,Gyroscope,0.6224717,0.17287487,-0.6041456999999999,1566947905312
16290,226,Accelerometer,-7.2484455,-2.5558102000000003,5.652710400000001,1566947905313
16291,226,Gyroscope,0.63163465,0.17837265,-0.60048056,1566947905323
16292,226,Accelerometer,-6.970718400000001,-2.5689783,5.767632,1566947905323
16293,226,Gyroscope,0.6383542,0.1881465,-0.5900958000000001,1566947905332
16294,226,Accelerometer,-6.813898,-2.5773582000000004,5.8119245,1566947905333
16295,226,Gyroscope,0.6401868000000001,0.20097467,-0.57910025,1566947905342
16296,226,Accelerometer,-6.704961999999999,-2.6036943999999997,5.774814599999999,1566947905343
16297,226,Gyroscope,0.6395759,0.22296582,-0.56016344,1566947905352
16298,226,Accelerometer,-6.799533,-2.7425580000000003,5.6443305,1566947905353
16299,226,Gyroscope,0.6407976,0.25411993,-0.5345071,1566947905362
16300,226,Accelerometer,-7.046135400000001,-2.9077580000000003,5.6179943,1566947905363
16301,226,Gyroscope,0.63713247,0.2742785,-0.50518554,1566947905372
16302,226,Accelerometer,-7.301117999999999,-2.9712042999999997,5.5509567,1566947905373
16303,226,Gyroscope,0.6310238,0.28405234,-0.48380527,1566947905383
16304,226,Accelerometer,-7.431602000000001,-2.9891607999999996,5.418078400000001,1566947905383
16305,226,Gyroscope,0.61453044,0.2864958,-0.46731192,1566947905392
16306,226,Accelerometer,-7.285556,-3.0597897,5.2684407,1566947905393
16307,226,Gyroscope,0.6078109,0.27855456,-0.44837508,1566947905402
16308,226,Accelerometer,-7.4735007,-3.0083144,5.1726727,1566947905403
16309,226,Gyroscope,0.61758476,0.25595254,-0.44532076,1566947905412
16310,226,Accelerometer,-7.6470804,-2.825158,5.16549,1566947905413
16311,226,Gyroscope,0.6224717,0.23396139,-0.44593164,1566947905422
16312,226,Accelerometer,-7.801506,-2.7257986,5.1726727,1566947905423
16313,226,Gyroscope,0.625526,0.21258110000000002,-0.4550946,1566947905432
16314,226,Accelerometer,-7.963114699999999,-2.6767175,5.221754,1566947905433
16315,226,Gyroscope,0.6218608,0.204029,-0.46609017,1566947905443
16316,226,Accelerometer,-8.158242,-2.6803088,5.2923827,1566947905443
16317,226,Gyroscope,0.6188064999999999,0.20708331,-0.46731192,1566947905452
16318,226,Accelerometer,-8.189366999999999,-2.822764,5.243302,1566947905453
16319,226,Gyroscope,0.6096435,0.19303341,-0.4642576,1566947905462
16320,226,Accelerometer,-8.1163435,-2.837129,5.306748000000001,1566947905463
16321,226,Gyroscope,0.602924,0.17959438,-0.45814893,1566947905472
16322,226,Accelerometer,-7.876923599999999,-2.7198130000000003,5.243302,1566947905473
16323,226,Gyroscope,0.5888741,0.15393804,-0.45081854,1566947905482
16324,226,Accelerometer,-7.636306299999999,-2.6479871,5.2528787,1566947905483
16325,226,Gyroscope,0.58276546,0.14538592,-0.44959682,1566947905492
16326,226,Accelerometer,-7.4603324,-2.634819,5.3282957,1566947905493
16327,226,Gyroscope,0.58276546,0.1441642,-0.44837508,1566947905502
16328,226,Accelerometer,-7.271190600000001,-2.658761,5.463568,1566947905503
16329,226,Gyroscope,0.5852089,0.14660765,-0.44409904,1566947905513
16330,226,Accelerometer,-7.153875,-2.7126305,5.612008599999999,1566947905513
16331,226,Gyroscope,0.58459806,0.16065755,-0.43737950000000003,1566947905522
16332,226,Accelerometer,-7.1586633,-2.7820622999999998,5.699397,1566947905523
16333,226,Gyroscope,0.58032197,0.18448131,-0.43371433,1566947905532
16334,226,Accelerometer,-6.8522053,-2.9364884,5.795165,1566947905533
16335,226,Gyroscope,0.5839871999999999,0.20830505,-0.41172317,1566947905543
16336,226,Accelerometer,-7.1023993,-2.8443117,5.74369,1566947905543
16337,226,Gyroscope,0.589485,0.21502456,-0.40439278,1566947905552
16338,226,Accelerometer,-7.204153,-2.8048072,5.762843599999999,1566947905553
16339,226,Gyroscope,0.593761,0.22479841,-0.38973203,1566947905562
16340,226,Accelerometer,-7.3178773,-2.7820622999999998,5.675455,1566947905563
16341,226,Gyroscope,0.58459806,0.22174409,-0.37201694,1566947905572
16342,226,Accelerometer,-7.3657618000000005,-2.6874914,5.5868697,1566947905573
16343,226,Gyroscope,0.56505036,0.20830505,-0.35796702,1566947905582
16344,226,Accelerometer,-7.337031,-2.6036943999999997,5.641936299999999,1566947905583
16345,226,Gyroscope,0.5534439,0.19914207,-0.34513888,1566947905592
16346,226,Accelerometer,-7.322665700000001,-2.5725696,5.7496753,1566947905593
16347,226,Gyroscope,0.54428095,0.20525073,-0.33536503,1566947905602
16348,226,Accelerometer,-7.37055,-2.574964,5.815516000000001,1566947905603
16349,226,Gyroscope,0.5320636,0.20708331,-0.32620203,1566947905612
16350,226,Accelerometer,-7.451953,-2.5546130000000002,5.8358665,1566947905613
16351,226,Gyroscope,0.51007247,0.21258110000000002,-0.32009340000000003,1566947905622
16352,226,Accelerometer,-7.4950485,-2.4947581000000003,5.922058,1566947905623
16353,226,Gyroscope,0.47952923,0.22968534,-0.3145956,1566947905632
16354,226,Accelerometer,-7.4351935,-2.4229321,6.0046577,1566947905633
16355,226,Gyroscope,0.44226643,0.25228736,-0.31215215,1566947905642
16356,226,Accelerometer,-7.5082164,-2.4121582999999998,5.8215012999999995,1566947905642
16357,226,Gyroscope,0.40133846,0.26939157,-0.30298916,1566947905653
16358,226,Accelerometer,-7.390900599999999,-2.5246856,5.726930599999999,1566947905653
16359,226,Gyroscope,0.37079520000000005,0.29016098,-0.29077184,1566947905662
16360,226,Accelerometer,-7.309498,-2.6132712000000002,5.719748,1566947905663
16361,226,Gyroscope,0.34880406,0.31826079999999995,-0.2761111,1566947905672
16362,226,Accelerometer,-7.2759789999999995,-2.6611552000000005,5.625177,1566947905673
16363,226,Gyroscope,0.33536503,0.32925636,-0.25900686,1566947905682
16364,226,Accelerometer,-7.309498,-2.7485435000000003,5.4671597,1566947905683
16365,226,Gyroscope,0.32436943,0.34025195,-0.24556783,1566947905692
16366,226,Accelerometer,-7.177817,-2.8275523,5.4240639999999996,1566947905693
16367,226,Gyroscope,0.32070425,0.35857790000000006,-0.226631,1566947905702
16368,226,Accelerometer,-7.176619500000001,-2.8574797999999997,5.3558292000000005,1566947905703
16369,226,Gyroscope,0.32375857,0.38728857,-0.18692477,1566947905712
16370,226,Accelerometer,-7.337031,-2.8443117,5.2983685,1566947905713
16371,226,Gyroscope,0.33475417,0.42088616,-0.14844026,1566947905722
16372,226,Accelerometer,-7.5608889999999995,-2.8514943,5.2421045,1566947905723
16373,226,Gyroscope,0.3371976,0.43615779999999993,-0.11178834,1566947905732
16374,226,Accelerometer,-7.809886,-2.8502972,5.1762643,1566947905733
16375,226,Gyroscope,0.34941490000000003,0.43310347,-0.08796459400000001,1566947905743
16376,226,Accelerometer,-8.021772,-2.8886043999999997,5.1523223,1566947905743
16377,226,Gyroscope,0.36346483,0.42149702,-0.06780604,1566947905752
16378,226,Accelerometer,-8.255207,-2.9041667,5.102043599999999,1566947905753
16379,226,Gyroscope,0.38851030000000003,0.40256020000000003,-0.06169739,1566947905762
16380,226,Accelerometer,-8.455123,-2.823961,5.045780000000001,1566947905763
16381,226,Gyroscope,0.4092797,0.37934732,-0.073303826,1566947905772
16382,226,Accelerometer,-8.576031,-2.645593,4.9428296,1566947905773
16383,226,Gyroscope,0.42577308,0.33964106,-0.103847094,1566947905782
16384,226,Accelerometer,-8.67539,-2.4313118,4.7644614999999995,1566947905783
16385,226,Gyroscope,0.43004912,0.29382620000000004,-0.15943582,1566947905792
16386,226,Accelerometer,-8.680178999999999,-2.2290018,4.6459484,1566947905793
16387,226,Gyroscope,0.43127087,0.2302962,-0.22052236,1566947905802
16388,226,Accelerometer,-8.639477000000001,-2.0302830000000003,4.619612,1566947905803
16389,226,Gyroscope,0.43188173,0.17898351,-0.28038713,1566947905812
16390,226,Accelerometer,-8.401254,-1.8770541,4.7405194999999996,1566947905813
16391,226,Gyroscope,0.44165558,0.16004670000000001,-0.32925636,1566947905822
16392,226,Accelerometer,-8.128314999999999,-1.8459294999999998,4.9164934,1566947905823
16393,226,Gyroscope,0.45142943,0.15577064,-0.37140608,1566947905832
16394,226,Accelerometer,-7.945158500000001,-2.0147207,5.0721164000000005,1566947905833
16395,226,Gyroscope,0.47158796,0.14294247,-0.3915646,1566947905842
16396,226,Accelerometer,-7.741650999999999,-2.2218192,5.104438,1566947905843
16397,226,Gyroscope,0.49602258,0.12644911,-0.39461896,1566947905852
16398,226,Accelerometer,-7.582436599999999,-2.3714569,5.1726727,1566947905853
16399,226,Gyroscope,0.5235115,0.11362094,-0.38973203,1566947905862
16400,226,Accelerometer,-7.4735007,-2.3798366,5.2863975,1566947905863
16401,226,Gyroscope,0.5491679,0.105068825,-0.3817908,1566947905873
16402,226,Accelerometer,-7.48188,-2.348712,5.374983,1566947905873
16403,226,Gyroscope,0.5681046999999999,0.1020145,-0.37568212,1566947905882
16404,226,Accelerometer,-7.514202,-2.3259668,5.42167,1566947905883
16405,226,Gyroscope,0.5815437,0.10262536,-0.36713,1566947905892
16406,226,Accelerometer,-7.6111674,-2.2936451,5.5006785,1566947905893
16407,226,Gyroscope,0.5888741,0.105068825,-0.3652974,1566947905902
16408,226,Accelerometer,-7.7572136,-2.2170308,5.5725045,1566947905903
16409,226,Gyroscope,0.5925393,0.10567969,-0.3622431,1566947905912
16410,226,Accelerometer,-8.015787,-2.0374656000000004,5.6826377,1566947905913
16411,226,Gyroscope,0.593761,0.111177474,-0.36163223,1566947905923
16412,226,Accelerometer,-7.996633500000001,-1.9153613999999999,5.693412,1566947905923
16413,226,Gyroscope,0.5907066999999999,0.1160644,-0.36346483,1566947905932
16414,226,Accelerometer,-7.8649526,-1.7693150000000002,5.756858,1566947905933
16415,226,Gyroscope,0.59131753,0.12644911,-0.376293,1566947905942
16416,226,Accelerometer,-7.698555499999999,-1.6484078000000002,5.8262897,1566947905943
16417,226,Gyroscope,0.5900958000000001,0.14782938,-0.40378192,1566947905952
16418,226,Accelerometer,-7.597999000000001,-1.5981296,5.8741736,1566947905953
16419,226,Gyroscope,0.593761,0.16493362,-0.43249258,1566947905963
16420,226,Accelerometer,-7.541735000000001,-1.6304513,5.910087,1566947905963
16421,226,Gyroscope,0.5919284,0.18448131,-0.4605924,1566947905972
16422,226,Accelerometer,-7.5285673,-1.6819267,5.886145,1566947905973
16423,226,Gyroscope,0.5833763000000001,0.21624629,-0.4831944,1566947905982
16424,226,Accelerometer,-7.516596300000001,-1.7405846,5.8502316,1566947905983
16425,226,Gyroscope,0.5723807,0.25900686,-0.48747048,1566947905992
16426,226,Accelerometer,-7.4735007,-1.8483237000000001,5.7963624000000005,1566947905993
16427,226,Gyroscope,0.57787853,0.2864958,-0.48075095,1566947906002
16428,226,Accelerometer,-7.4124484,-2.0518308000000003,5.7400985,1566947906003
16429,226,Gyroscope,0.5821546,0.29565877,-0.4728097,1566947906013
16430,226,Accelerometer,-7.398083,-2.2146366000000004,5.595249,1566947906013
16431,226,Gyroscope,0.5882632,0.28283059999999993,-0.462425,1566947906022
16432,226,Accelerometer,-7.454347,-2.2517467,5.408501599999999,1566947906023
16433,226,Gyroscope,0.59986967,0.26389378,-0.45570546,1566947906032
16434,226,Accelerometer,-7.631517999999999,-2.244564,5.357026,1566947906033
16435,226,Gyroscope,0.6224717,0.24678956,-0.45753807,1566947906042
16436,226,Accelerometer,-7.8517847000000005,-2.2385786,5.2816089999999996,1566947906043
16437,226,Gyroscope,0.63529986,0.23335053,-0.46181414,1566947906053
16438,226,Accelerometer,-7.9475527,-2.2242134,5.2816089999999996,1566947906053
16439,226,Gyroscope,0.64934975,0.22540927,-0.47464229999999996,1566947906063
16440,226,Accelerometer,-7.9188222999999995,-2.1847090000000002,5.3725886,1566947906063
16441,226,Gyroscope,0.6560693,0.22052236,-0.48930305,1566947906072
16442,226,Accelerometer,-7.8996687,-2.1775265,5.3905449999999995,1566947906073
16443,226,Gyroscope,0.65301496,0.22724187,-0.5021312,1566947906082
16444,226,Accelerometer,-7.8876976999999995,-2.2529437999999997,5.3761797,1566947906083
16445,226,Gyroscope,0.6469063,0.22113322,-0.5119051,1566947906093
16446,226,Accelerometer,-7.826645399999999,-2.1930888,5.3737855,1566947906093
16447,226,Gyroscope,0.6438520000000001,0.21013765,-0.52412236,1566947906102
16448,226,Accelerometer,-7.717708999999999,-2.1092918,5.422867,1566947906103
16449,226,Gyroscope,0.65057147,0.21197024,-0.53023106,1566947906112
16450,226,Accelerometer,-7.698555499999999,-2.1068976000000004,5.470751,1566947906113
16451,226,Gyroscope,0.6640105,0.21197024,-0.54305923,1566947906122
16452,226,Accelerometer,-7.716512,-2.2313959999999997,5.4899044,1566947906123
16453,226,Gyroscope,0.68600166,0.20647246,-0.5552765000000001,1566947906132
16454,226,Accelerometer,-7.759608,-2.3427265,5.5509567,1566947906133
16455,226,Gyroscope,0.70249504,0.21991149,-0.571159,1566947906143
16456,226,Accelerometer,-7.928399000000001,-2.3582888,5.588066599999999,1566947906143
16457,226,Gyroscope,0.7067711,0.2144137,-0.5925393,1566947906152
16458,226,Accelerometer,-8.184579,-2.3870192,5.446809,1566947906153
16459,226,Gyroscope,0.70432764,0.20097467,-0.61391956,1566947906162
16460,226,Accelerometer,-8.443152,-2.3618799999999998,5.341464,1566947906163
16461,226,Gyroscope,0.7049385,0.20097467,-0.6389651,1566947906172
16462,226,Accelerometer,-8.512584,-2.3223755,5.272032299999999,1566947906173
16463,226,Gyroscope,0.66889745,0.17592919,-0.6591236,1566947906182
16464,226,Accelerometer,-8.395268,-2.384625,5.080496,1566947906184
16465,226,Gyroscope,0.63346726,0.16982053,-0.657291,1566947906193
16466,226,Accelerometer,-7.959523700000001,-2.4085669999999997,5.145139,1566947906193
16467,226,Gyroscope,0.6114761,0.1826487,-0.6438520000000001,1566947906202
16468,226,Accelerometer,-7.6351094,-2.3726540000000003,5.322310400000001,1566947906203
16469,226,Gyroscope,0.6047566,0.1777618,-0.62796944,1566947906212
16470,226,Accelerometer,-7.431602000000001,-2.3511062000000003,5.494693,1566947906213
16471,226,Gyroscope,0.60231316,0.1826487,-0.6096435,1566947906222
16472,226,Accelerometer,-7.195773,-2.4289176,5.6347537,1566947906223
16473,226,Gyroscope,0.602924,0.18997909,-0.589485,1566947906233
16474,226,Accelerometer,-7.0664864000000005,-2.553416,5.685032,1566947906233
16475,226,Gyroscope,0.602924,0.19181168,-0.5674938,1566947906242
16476,226,Accelerometer,-6.9491705999999995,-2.7006595,5.5389857000000005,1566947906243
16477,226,Gyroscope,0.6096435,0.21563543,-0.53023106,1566947906252
16478,226,Accelerometer,-6.916848700000001,-2.9089549999999997,5.5042696,1566947906253
16479,226,Gyroscope,0.6346890000000001,0.24373524,-0.49235737,1566947906262
16480,226,Accelerometer,-7.114370299999999,-3.0154970000000003,5.571307,1566947906263
16481,226,Gyroscope,0.66645396,0.27488935,-0.46486846,1566947906273
16482,226,Accelerometer,-7.3777327999999995,-3.0502129,5.601235,1566947906273
16483,226,Gyroscope,0.68111473,0.28771752,-0.44776422,1566947906282
16484,226,Accelerometer,-7.711724,-2.9879637000000003,5.4934959999999995,1566947906283
16485,226,Gyroscope,0.6719518,0.28221974,-0.43737950000000003,1566947906292
16486,226,Accelerometer,-7.969100500000001,-2.8191724,5.278017500000001,1566947906293
16487,226,Gyroscope,0.6462954000000001,0.26878070000000004,-0.43615779999999993,1566947906302
16488,226,Accelerometer,-8.109161,-2.634819,5.0757074,1566947906303
16489,226,Gyroscope,0.625526,0.24678956,-0.44043383,1566947906312
16490,226,Accelerometer,-8.151060000000001,-2.565387,5.018246700000001,1566947906313
16491,226,Gyroscope,0.6169739000000001,0.21502456,-0.44898596,1566947906322
16492,226,Accelerometer,-8.123527000000001,-2.5833437000000004,4.9895163,1566947906323
16493,226,Gyroscope,0.61758476,0.17959438,-0.45937067,1566947906332
16494,226,Accelerometer,-7.9930425000000005,-2.6408044999999998,5.0816930000000005,1566947906333
16495,226,Gyroscope,0.625526,0.1563815,-0.46975538,1566947906342
16496,226,Accelerometer,-7.824250999999999,-2.5797524,5.225345,1566947906343
16497,226,Gyroscope,0.6407976,0.14049901,-0.48197266,1566947906352
16498,226,Accelerometer,-7.7201033,-2.5725696,5.3833623,1566947906353
16499,226,Gyroscope,0.63285637,0.13439035,-0.48502702,1566947906363
16500,226,Accelerometer,-7.681796,-2.5342624,5.391742,1566947906363
16501,226,Gyroscope,0.6224717,0.14172074,-0.48563787,1566947906372
16502,226,Accelerometer,-7.443573,-2.4672248,5.521029,1566947906373
16503,226,Gyroscope,0.6102544,0.15088372,-0.48685959999999995,1566947906382
16504,226,Accelerometer,-7.387309599999999,-2.6288335,5.4767364999999995,1566947906383
16505,226,Gyroscope,0.59986967,0.15760323,-0.4783075,1566947906392
16506,226,Accelerometer,-7.3789296,-2.7150247000000003,5.4539914000000005,1566947906393
16507,226,Gyroscope,0.593761,0.16432275,-0.46792278,1566947906402
16508,226,Accelerometer,-7.376535400000001,-2.7593174,5.507861,1566947906403
16509,226,Gyroscope,0.59742624,0.17959438,-0.4447099,1566947906412
16510,226,Accelerometer,-7.443573,-2.8072014,5.553351,1566947906413
16511,226,Gyroscope,0.59742624,0.19364429,-0.43066000000000004,1566947906422
16512,226,Accelerometer,-7.5082164,-2.8658595,5.507861,1566947906423
16513,226,Gyroscope,0.5900958000000001,0.21013765,-0.41538838,1566947906432
16514,226,Accelerometer,-7.5549035,-2.8754362999999996,5.4504004,1566947906433
16515,226,Gyroscope,0.57787853,0.204029,-0.40439278,1566947906442
16516,226,Accelerometer,-7.546523599999999,-2.8179752999999996,5.4396260000000005,1566947906444
16517,226,Gyroscope,0.56077427,0.1966986,-0.39278635,1566947906453
16518,226,Accelerometer,-7.4950485,-2.7198130000000003,5.4563856,1566947906453
16519,226,Gyroscope,0.548557,0.19608775,-0.38362336,1566947906462
16520,226,Accelerometer,-7.420828299999999,-2.657564,5.507861,1566947906463
16521,226,Gyroscope,0.5345071,0.18570304,-0.38851030000000003,1566947906472
16522,226,Accelerometer,-7.346607700000001,-2.6563668,5.3821654,1566947906473
16523,226,Gyroscope,0.5271766999999999,0.17104226,-0.38789943,1566947906482
16524,226,Accelerometer,-7.3322425,-2.5893292000000003,5.4480059999999995,1566947906483
16525,226,Gyroscope,0.5308419,0.1685988,-0.39400807,1566947906493
16526,226,Accelerometer,-7.338228,-2.540248,5.5737014,1566947906493
16527,226,Gyroscope,0.5320636,0.17654006,-0.39767328,1566947906502
16528,226,Accelerometer,-7.437587700000001,-2.5366566,5.628768,1566947906503
16529,226,Gyroscope,0.52106804,0.19058995,-0.39767328,1566947906512
16530,226,Accelerometer,-7.5788455,-2.6120741,5.57849,1566947906513
16531,226,Gyroscope,0.49907690000000005,0.18997909,-0.38973203,1566947906522
16532,226,Accelerometer,-7.659051400000001,-2.610877,5.5006785,1566947906523
16533,226,Gyroscope,0.46486846,0.19303341,-0.37384954,1566947906532
16534,226,Accelerometer,-7.643489,-2.6288335,5.4779334,1566947906533
16535,226,Gyroscope,0.43493605,0.19730948,-0.35796702,1566947906542
16536,226,Accelerometer,-7.5453267,-2.6180596,5.4671597,1566947906543
16537,226,Gyroscope,0.41416663,0.204029,-0.34208453,1566947906552
16538,226,Accelerometer,-7.380127000000001,-2.7341783,5.5258174,1566947906553
16539,226,Gyroscope,0.40378192,0.21930063,-0.32803464,1566947906562
16540,226,Accelerometer,-7.3322425,-2.765303,5.579687,1566947906563
16541,226,Gyroscope,0.40317106,0.22418754,-0.31520647,1566947906572
16542,226,Accelerometer,-7.3645644,-2.8155810000000003,5.567716000000001,1566947906573
16543,226,Gyroscope,0.40500367,0.2284636,-0.3036,1566947906582
16544,226,Accelerometer,-7.390900599999999,-2.8072014,5.547365,1566947906583
16545,226,Gyroscope,0.40011674,0.23701571,-0.29382620000000004,1566947906592
16546,226,Accelerometer,-7.4806833,-2.7772740000000002,5.475539,1566947906593
16547,226,Gyroscope,0.38606682,0.25289822,-0.28588495,1566947906603
16548,226,Accelerometer,-7.562086,-2.7688942,5.430049400000001,1566947906603
16549,226,Gyroscope,0.37507126,0.26022860000000003,-0.27366763,1566947906612
16550,226,Accelerometer,-7.553706,-2.7832594,5.4420204000000005,1566947906613
16551,226,Gyroscope,0.3622431,0.27366763,-0.258396,1566947906622
16552,226,Accelerometer,-7.583634,-2.7808652,5.444414599999999,1566947906623
16553,226,Gyroscope,0.34574974,0.2968805,-0.24068089999999998,1566947906632
16554,226,Accelerometer,-7.655460000000001,-2.765303,5.3594203,1566947906633
16555,226,Gyroscope,0.3304781,0.31826079999999995,-0.21319197,1566947906642
16556,226,Accelerometer,-7.6638399999999995,-2.741361,5.272032299999999,1566947906643
16557,226,Gyroscope,0.32192600000000005,0.32986724,-0.19303341,1566947906652
16558,226,Accelerometer,-7.72968,-2.7114333999999998,5.1666875,1566947906653
16559,226,Gyroscope,0.31581733,0.33108896,-0.17348573,1566947906663
16560,226,Accelerometer,-7.846996300000001,-2.730587,5.0254292000000005,1566947906663
16561,226,Gyroscope,0.31031954,0.32742378,-0.15149458,1566947906672
16562,226,Accelerometer,-7.9750857,-2.6839,4.9943047,1566947906673
16563,226,Gyroscope,0.31703907,0.32375857,-0.13194689,1566947906682
16564,226,Accelerometer,-8.085219,-2.622848,5.036203400000001,1566947906683
16565,226,Gyroscope,0.32742378,0.3109304,-0.11789699,1566947906692
16566,226,Accelerometer,-8.255207,-2.6276363999999997,5.0541596,1566947906693
16567,226,Gyroscope,0.344528,0.3005457,-0.10995574,1566947906702
16568,226,Accelerometer,-8.37013,-2.6120741,5.0816930000000005,1566947906703
16569,226,Gyroscope,0.36041048,0.28221974,-0.11728613,1566947906713
16570,226,Accelerometer,-8.495825,-2.574964,5.026626599999999,1566947906713
16571,226,Gyroscope,0.36468655,0.26145032,-0.13133603,1566947906722
16572,226,Accelerometer,-8.582016000000001,-2.4971522999999998,4.915296,1566947906723
16573,226,Gyroscope,0.36285394,0.2302962,-0.15149458,1566947906732
16574,226,Accelerometer,-8.550891,-2.3870192,4.8458643,1566947906733
16575,226,Gyroscope,0.36041048,0.20525073,-0.1777618,1566947906742
16576,226,Accelerometer,-8.355764,-2.2637177000000004,4.9200845,1566947906743
16577,226,Gyroscope,0.36713,0.18142697,-0.21197024,1566947906752
16578,226,Accelerometer,-8.104372999999999,-2.2146366000000004,4.985925,1566947906753
16579,226,Gyroscope,0.376293,0.15210545,-0.24862215,1566947906763
16580,226,Accelerometer,-7.9104424,-2.1847090000000002,5.026626599999999,1566947906763
16581,226,Gyroscope,0.3915646,0.1337795,-0.27977628,1566947906772
16582,226,Accelerometer,-7.711724,-2.1404164,5.1343656,1566947906773
16583,226,Gyroscope,0.4092797,0.12522738,-0.30909783,1566947906782
16584,226,Accelerometer,-7.6171527,-2.1404164,5.225345,1566947906783
16585,226,Gyroscope,0.4288274,0.11911872,-0.33414328,1566947906792
16586,226,Accelerometer,-7.592013400000001,-2.1452047999999997,5.297171,1566947906793
16587,226,Gyroscope,0.4569272,0.116675265,-0.34941490000000003,1566947906802
16588,226,Accelerometer,-7.5584945999999995,-2.2397757,5.3725886,1566947906803
16589,226,Gyroscope,0.48441613,0.10751228,-0.35246924,1566947906813
16590,226,Accelerometer,-7.548918,-2.3379380000000003,5.357026,1566947906813
16591,226,Gyroscope,0.50701815,0.10140363,-0.3475823,1566947906822
16592,226,Accelerometer,-7.565677,-2.4013843999999995,5.392939,1566947906823
16593,226,Gyroscope,0.5235115,0.10079276599999999,-0.34025195,1566947906832
16594,226,Accelerometer,-7.615956,-2.3642743,5.523423,1566947906833
16595,226,Gyroscope,0.53023106,0.10629055,-0.33841935,1566947906842
16596,226,Accelerometer,-7.632714999999999,-2.2218192,5.671864,1566947906843
16597,226,Gyroscope,0.53878313,0.1142318,-0.33841935,1566947906852
16598,226,Accelerometer,-7.6722193,-2.0697872999999998,5.8119245,1566947906853
16599,226,Gyroscope,0.54244834,0.1337795,-0.34574974,1566947906862
16600,226,Accelerometer,-7.7344685,-1.9644424999999999,5.851429,1566947906863
16601,226,Gyroscope,0.54733527,0.15515977,-0.36041048,1566947906873
16602,226,Accelerometer,-7.8170686,-1.8662802,5.8442464,1566947906873
16603,226,Gyroscope,0.54733527,0.16249016,-0.37507126,1566947906882
16604,226,Accelerometer,-7.86615,-1.7932571,5.8119245,1566947906883
16605,226,Gyroscope,0.54367006,0.17715092,-0.38728857,1566947906892
16606,226,Accelerometer,-7.868544,-1.7573439999999998,5.803545,1566947906893
16607,226,Gyroscope,0.5345071,0.19181168,-0.40500367,1566947906902
16608,226,Accelerometer,-7.769184599999999,-1.7202339,5.7017913,1566947906903
16609,226,Gyroscope,0.52656585,0.20708331,-0.41722095,1566947906912
16610,226,Accelerometer,-7.6003933,-1.780089,5.662287,1566947906913
16611,226,Gyroscope,0.5216789000000001,0.21991149,-0.42271876,1566947906923
16612,226,Accelerometer,-7.5333557,-1.8758569999999999,5.673061,1566947906923
16613,226,Gyroscope,0.5271766999999999,0.23273966,-0.42577308,1566947906932
16614,226,Accelerometer,-7.5584945999999995,-1.9728221999999997,5.6431336,1566947906933
16615,226,Gyroscope,0.5375614000000001,0.24068089999999998,-0.43004912,1566947906942
16616,226,Accelerometer,-7.608772999999999,-2.0231004,5.628768,1566947906943
16617,226,Gyroscope,0.5540548000000001,0.25228736,-0.43554693,1566947906952
16618,226,Accelerometer,-7.6638399999999995,-2.0937295,5.592855,1566947906953
16619,226,Gyroscope,0.56321776,0.25717425,-0.44043383,1566947906962
16620,226,Accelerometer,-7.7608047000000004,-2.1332338,5.521029,1566947906963
16621,226,Gyroscope,0.5656611999999999,0.26206118,-0.4465425,1566947906972
16622,226,Accelerometer,-7.7943234,-2.2290018,5.4527946,1566947906974
16623,226,Gyroscope,0.5674938,0.25350907,-0.44593164,1566947906983
16624,226,Accelerometer,-7.8290396,-2.2816741,5.3833623,1566947906983
16625,226,Gyroscope,0.5693264,0.2510656,-0.44409904,1566947906992
16626,226,Accelerometer,-7.7464395,-2.2780828,5.346252400000001,1566947906993
16627,226,Gyroscope,0.57787853,0.24068089999999998,-0.44959682,1566947907002
16628,226,Accelerometer,-7.6375036,-2.1739352000000003,5.434838,1566947907003
16629,226,Gyroscope,0.602924,0.22907446,-0.46303585,1566947907012
16630,226,Accelerometer,-7.6111674,-2.2038627,5.499480999999999,1566947907013
16631,226,Gyroscope,0.6273586,0.22357668,-0.47952923,1566947907022
16632,226,Accelerometer,-7.612364299999999,-2.2230163,5.482722,1566947907023
16633,226,Gyroscope,0.64934975,0.22418754,-0.49663344,1566947907033
16634,226,Accelerometer,-7.7332716,-2.1775265,5.4623713,1566947907033
16635,226,Gyroscope,0.6640105,0.22296582,-0.5161811,1566947907042
16636,226,Accelerometer,-7.961917999999999,-2.1823148999999997,5.4001220000000005,1566947907043
16637,226,Gyroscope,0.67011917,0.226631,-0.5363397,1566947907052
16638,226,Accelerometer,-8.153454,-2.1799207000000003,5.284003299999999,1566947907053
16639,226,Gyroscope,0.65668017,0.21563543,-0.54244834,1566947907062
16640,226,Accelerometer,-8.206126,-2.1643584,5.005079,1566947907063
16641,226,Gyroscope,0.6469063,0.18570304,-0.5467244000000001,1566947907072
16642,226,Accelerometer,-8.11395,-2.2385786,4.912902,1566947907073
16643,226,Gyroscope,0.64568454,0.14477506,-0.5479460999999999,1566947907082
16644,226,Accelerometer,-7.9272017,-2.2756886,4.8458643,1566947907083
16645,226,Gyroscope,0.657291,0.09468412,-0.5546656,1566947907092
16646,226,Accelerometer,-7.874529400000001,-2.2290018,5.0122614,1566947907093
16647,226,Gyroscope,0.70921457,0.04276056599999999,-0.57543504,1566947907102
16648,226,Accelerometer,-7.890092,-2.146402,5.311536299999999,1566947907103
16649,226,Gyroscope,0.73731434,0.034208454,-0.6047566,1566947907112
16650,226,Accelerometer,-7.97748,-2.0278888,5.535394,1566947907113
16651,226,Gyroscope,0.7489208,0.04337143,-0.6414085,1566947907122
16652,226,Accelerometer,-8.000225,-1.9393034,5.718550700000001,1566947907123
16653,226,Gyroscope,0.7458665,0.06352998,-0.6750060999999999,1566947907132
16654,226,Accelerometer,-8.098388,-1.9500773,5.828684,1566947907133
16655,226,Gyroscope,0.7275404999999999,0.10934488,-0.6951646,1566947907142
16656,226,Accelerometer,-8.173803999999999,-1.9644424999999999,5.913678,1566947907143
16657,226,Gyroscope,0.70249504,0.15760323,-0.70616025,1566947907152
16658,226,Accelerometer,-8.010999,-1.8590976000000001,6.007052,1566947907153
16659,226,Gyroscope,0.6921103,0.20525073,-0.7104363,1566947907162
16660,226,Accelerometer,-7.8218570000000005,-1.7836802999999999,6.241683999999999,1566947907163
16661,226,Gyroscope,0.68844515,0.24617869,-0.7153232,1566947907172
16662,226,Accelerometer,-7.738060000000001,-1.8483237000000001,6.343437000000001,1566947907173
16663,226,Gyroscope,0.6792821,0.29382620000000004,-0.7153232,1566947907183
16664,226,Accelerometer,-7.614758500000001,-2.0362685000000003,6.3087215,1566947907183
16665,226,Gyroscope,0.67011917,0.31642818,-0.70738196,1566947907193
16666,226,Accelerometer,-7.4842744,-2.2697031,6.1100025,1566947907193
16667,226,Gyroscope,0.6542366999999999,0.31520647,-0.6945538,1566947907202
16668,226,Accelerometer,-7.27957,-2.4875755,5.951985400000001,1566947907203
16669,226,Gyroscope,0.6426301999999999,0.30909783,-0.68477994,1566947907212
16670,226,Accelerometer,-6.9108634,-2.6192567,5.898116,1566947907213
16671,226,Gyroscope,0.6407976,0.32375857,-0.6786713000000001,1566947907222
16672,226,Accelerometer,-6.569689299999999,-2.7461493,5.966350599999999,1566947907223
16673,226,Gyroscope,0.64812803,0.34086279999999997,-0.66828656,1566947907232
16674,226,Accelerometer,-6.4008985,-2.8622682,5.9651537,1566947907233
16675,226,Gyroscope,0.6542366999999999,0.3640757,-0.64568454,1566947907243
16676,226,Accelerometer,-6.379350700000001,-3.0753522,5.8466406,1566947907243
16677,226,Gyroscope,0.657291,0.38362336,-0.6133086999999999,1566947907252
16678,226,Accelerometer,-6.537368,-3.1411927000000004,5.6826377,1566947907253
16679,226,Gyroscope,0.6627888000000001,0.4092797,-0.5858198,1566947907262
16680,226,Accelerometer,-6.681019999999999,-3.0909145000000002,5.518635,1566947907263
16681,226,Gyroscope,0.67073005,0.41599923,-0.5626069,1566947907272
16682,226,Accelerometer,-6.9012866,-3.157952,5.305551,1566947907273
16683,226,Gyroscope,0.68111473,0.40622538,-0.5381723,1566947907282
16684,226,Accelerometer,-7.2221093,-3.2788591,5.0936639999999995,1566947907283
16685,226,Gyroscope,0.6939429,0.37201694,-0.5204572000000001,1566947907292
16686,226,Accelerometer,-7.7332716,-3.1747115000000004,4.940435400000001,1566947907293
16687,226,Gyroscope,0.70921457,0.3475823,-0.5119051,1566947907302
16688,226,Accelerometer,-7.8793178,-3.1759086,4.9440265,1566947907303
16689,226,Gyroscope,0.71776664,0.31398472,-0.5131268,1566947907312
16690,226,Accelerometer,-8.080430999999999,-3.1076740000000003,4.9548005999999996,1566947907313
16691,226,Gyroscope,0.7281514,0.26633725,-0.5174029,1566947907322
16692,226,Accelerometer,-8.161833999999999,-3.027468,4.983531,1566947907323
16693,226,Gyroscope,0.7275404999999999,0.22174409,-0.5290093000000001,1566947907332
16694,226,Accelerometer,-8.204929,-2.9209259999999997,5.035006,1566947907333
16695,226,Gyroscope,0.72143185,0.19730948,-0.5375614000000001,1566947907343
16696,226,Accelerometer,-8.149861999999999,-2.8419175,5.050568599999999,1566947907343
16697,226,Gyroscope,0.7147123000000001,0.172264,-0.53878313,1566947907352
16698,226,Accelerometer,-8.015787,-2.7736826,5.1355624,1566947907353
16699,226,Gyroscope,0.7153232,0.15027285,-0.54428095,1566947907362
16700,226,Accelerometer,-7.926005,-2.7748797,5.2768207,1566947907363
16701,226,Gyroscope,0.71959925,0.14110987,-0.5503895999999999,1566947907372
16702,226,Accelerometer,-7.8027034,-2.801216,5.398925,1566947907373
16703,226,Gyroscope,0.7134906,0.14721853,-0.5546656,1566947907382
16704,226,Accelerometer,-7.614758500000001,-2.7497406000000004,5.4623713,1566947907383
16705,226,Gyroscope,0.70188415,0.14660765,-0.5540548000000001,1566947907392
16706,226,Accelerometer,-7.442375999999999,-2.789245,5.5940523,1566947907393
16707,226,Gyroscope,0.69027776,0.16432275,-0.5503895999999999,1566947907403
16708,226,Accelerometer,-7.313089,-2.9041667,5.639542,1566947907403
16709,226,Gyroscope,0.6792821,0.17898351,-0.5338961999999999,1566947907412
16710,226,Accelerometer,-7.260416499999999,-2.9424740000000003,5.625177,1566947907413
16711,226,Gyroscope,0.66645396,0.20036379999999998,-0.516792,1566947907422
16712,226,Accelerometer,-7.2867527,-2.9891607999999996,5.5940523,1566947907423
16713,226,Gyroscope,0.65484756,0.21868975,-0.49785519999999994,1566947907432
16714,226,Accelerometer,-7.298723700000001,-3.0107086,5.566519,1566947907433
16715,226,Gyroscope,0.64934975,0.2302962,-0.47708577,1566947907442
16716,226,Accelerometer,-7.3047094,-3.039439,5.542577,1566947907443
16717,226,Gyroscope,0.64812803,0.23762658,-0.46303585,1566947907453
16718,226,Accelerometer,-7.302314999999999,-2.9951463,5.4420204000000005,1566947907453
16719,226,Gyroscope,0.64996064,0.22479841,-0.453262,1566947907462
16720,226,Accelerometer,-7.3071036,-2.9317,5.488707499999999,1566947907463
16721,226,Gyroscope,0.6579019,0.21380283,-0.4538729,1566947907472
16722,226,Accelerometer,-7.328651400000001,-2.8431146000000003,5.5581393,1566947907473
16723,226,Gyroscope,0.6579019,0.21380283,-0.45753807,1566947907482
16724,226,Accelerometer,-7.3190745999999995,-2.7281928,5.577293,1566947907483
16725,226,Gyroscope,0.6469063,0.22113322,-0.4642576,1566947907492
16726,226,Accelerometer,-7.315483,-2.7042507999999996,5.6299653,1566947907493
16727,226,Gyroscope,0.62980205,0.22540927,-0.46853364,1566947907503
16728,226,Accelerometer,-7.358579,-2.7329812,5.7029886,1566947907503
16729,226,Gyroscope,0.61391956,0.21991149,-0.46609017,1566947907512
16730,226,Accelerometer,-7.5213847000000005,-2.7808652,5.685032,1566947907513
16731,226,Gyroscope,0.602924,0.20463985,-0.45814893,1566947907522
16732,226,Accelerometer,-7.5345526,-2.8455088,5.7029886,1566947907523
16733,226,Gyroscope,0.59437186,0.19975294,-0.44898596,1566947907532
16734,226,Accelerometer,-7.515399,-2.8526914,5.7005944,1566947907533
16735,226,Gyroscope,0.5839871999999999,0.19792034,-0.44348818,1566947907542
16736,226,Accelerometer,-7.3897038,-2.895787,5.662287,1566947907543
16737,226,Gyroscope,0.5748241999999999,0.19242255,-0.43127087,1566947907552
16738,226,Accelerometer,-7.21373,-2.9197290000000002,5.6886234,1566947907553
16739,226,Gyroscope,0.5589417,0.20769419,-0.41294490000000006,1566947907562
16740,226,Accelerometer,-7.1167645,-2.9005754,5.641936299999999,1566947907563
16741,226,Gyroscope,0.54367006,0.22174409,-0.39950588,1566947907572
16742,226,Accelerometer,-7.042544400000001,-2.8119897999999997,5.66947,1566947907573
16743,226,Gyroscope,0.52595496,0.226631,-0.38912117,1566947907582
16744,226,Accelerometer,-7.0724716,-2.7353754,5.649119000000001,1566947907583
16745,226,Gyroscope,0.50885075,0.22418754,-0.37873647,1566947907592
16746,226,Accelerometer,-7.1646485,-2.741361,5.657499,1566947907593
16747,226,Gyroscope,0.49602258,0.23090707,-0.37018433,1566947907602
16748,226,Accelerometer,-7.2927384,-2.7724855,5.6802435,1566947907603
16749,226,Gyroscope,0.47891834,0.24617869,-0.35918877,1566947907612
16750,226,Accelerometer,-7.366958599999999,-2.7952304,5.6634839999999995,1566947907613
16751,226,Gyroscope,0.46914452,0.25473082,-0.34086279999999997,1566947907622
16752,226,Accelerometer,-7.4088573,-2.834735,5.621585400000001,1566947907623
16753,226,Gyroscope,0.45631635,0.28588495,-0.32009340000000003,1566947907632
16754,226,Accelerometer,-7.410054,-2.837129,5.6179943,1566947907633
16755,226,Gyroscope,0.44409904,0.32314770000000004,-0.29321529999999996,1566947907642
16756,226,Accelerometer,-7.417236999999999,-2.8155810000000003,5.5868697,1566947907643
16757,226,Gyroscope,0.42821655,0.35918877,-0.26267207,1566947907652
16758,226,Accelerometer,-7.489063000000001,-2.7928362,5.4982843,1566947907653
16759,226,Gyroscope,0.41599923,0.38789943,-0.23884831,1566947907662
16760,226,Accelerometer,-7.589619,-2.8299465,5.3833623,1566947907663
16761,226,Gyroscope,0.40622538,0.40072759999999996,-0.22113322,1566947907673
16762,226,Accelerometer,-7.740454,-2.8682537,5.249287000000001,1566947907673
16763,226,Gyroscope,0.40378192,0.3903429,-0.21074851,1566947907683
16764,226,Accelerometer,-7.9032598,-2.8766334,5.1152120000000005,1566947907683
16765,226,Gyroscope,0.40500367,0.3640757,-0.20769419,1566947907692
16766,226,Accelerometer,-8.099585000000001,-2.8407204,5.014655599999999,1566947907693
16767,226,Gyroscope,0.41233405,0.3304781,-0.20891592,1566947907702
16768,226,Accelerometer,-8.118738,-2.8167782000000003,5.058948,1566947907703
16769,226,Gyroscope,0.43554693,0.30176744,-0.21135938,1566947907712
16770,226,Accelerometer,-8.1163435,-2.7820622999999998,5.161899,1566947907713
16771,226,Gyroscope,0.47219884,0.28955013,-0.21074851,1566947907722
16772,226,Accelerometer,-8.198944000000001,-2.7509377,5.261258,1566947907723
16773,226,Gyroscope,0.49846604,0.28588495,-0.21930063,1566947907733
16774,226,Accelerometer,-8.219294999999999,-2.6874914,5.2983685,1566947907733
16775,226,Gyroscope,0.5119051,0.2846632,-0.23273966,1566947907742
16776,226,Accelerometer,-8.226477000000001,-2.6563668,5.278017500000001,1566947907743
16777,226,Gyroscope,0.50946164,0.26511553,-0.25717425,1566947907752
16778,226,Accelerometer,-8.112753,-2.4492682999999995,5.068525,1566947907753
16779,226,Gyroscope,0.49541172,0.226631,-0.28771752,1566947907762
16780,226,Accelerometer,-8.031349,-2.4025814999999997,4.945224,1566947907763
16781,226,Gyroscope,0.4886922,0.19853121,-0.30848694,1566947907772
16782,226,Accelerometer,-7.8876976999999995,-2.3666685000000003,5.014655599999999,1566947907773
16783,226,Gyroscope,0.49663344,0.19364429,-0.34147367,1566947907783
16784,226,Accelerometer,-7.763199,-2.4157495,5.0086699999999995,1566947907783
16785,226,Gyroscope,0.5296202,0.18325958,-0.3830125,1566947907792
16786,226,Accelerometer,-7.6482773,-2.4361002,5.0493712,1566947907793
16787,226,Gyroscope,0.56505036,0.16737708,-0.40439278,1566947907802
16788,226,Accelerometer,-7.5572976999999995,-2.4049757,5.1379566,1566947907803
16789,226,Gyroscope,0.59986967,0.14538592,-0.4269948,1566947907812
16790,226,Accelerometer,-7.517792999999999,-2.3223755,5.2241483,1566947907813
16791,226,Gyroscope,0.6200281999999999,0.11911872,-0.4447099,1566947907822
16792,226,Accelerometer,-7.541735000000001,-2.2433669999999997,5.282806,1566947907823
16793,226,Gyroscope,0.63041294,0.10812314599999999,-0.4569272,1566947907832
16794,226,Accelerometer,-7.6219410000000005,-2.2134395000000002,5.407305,1566947907833
16795,226,Gyroscope,0.6224717,0.11362094,-0.46670106,1566947907842
16796,226,Accelerometer,-7.714117999999999,-2.1954830000000003,5.463568,1566947907843
16797,226,Gyroscope,0.61269784,0.12339478,-0.4642576,1566947907852
16798,226,Accelerometer,-7.811083,-2.2601264,5.5461683,1566947907853
16799,226,Gyroscope,0.61453044,0.1337795,-0.4550946,1566947907862
16800,226,Accelerometer,-7.856573,-2.3008277,5.6586957,1566947907863
16801,226,Gyroscope,0.61819565,0.14538592,-0.4447099,1566947907872
16802,226,Accelerometer,-7.831434,-2.3199813,5.746084,1566947907873
16803,226,Gyroscope,0.62796944,0.14782938,-0.43615779999999993,1566947907882
16804,226,Accelerometer,-7.9236107,-2.2313959999999997,5.907693,1566947907883
16805,226,Gyroscope,0.6420194,0.15088372,-0.43188173,1566947907892
16806,226,Accelerometer,-7.991845,-2.1296425,5.972336299999999,1566947907893
16807,226,Gyroscope,0.6462954000000001,0.15454891,-0.43860126,1566947907903
16808,226,Accelerometer,-7.9810715,-2.0219033,5.934029,1566947907903
16809,226,Gyroscope,0.6432411,0.17654006,-0.45081854,1566947907912
16810,226,Accelerometer,-7.9068513,-1.8890251,5.9878983,1566947907913
16811,226,Gyroscope,0.63591075,0.20830505,-0.46670106,1566947907922
16812,226,Accelerometer,-7.818265400000001,-1.8291701,5.985504,1566947907923
16813,226,Gyroscope,0.6249151,0.23396139,-0.48136179999999995,1566947907932
16814,226,Accelerometer,-7.8086886,-1.7681179,5.9627595,1566947907933
16815,226,Gyroscope,0.6188064999999999,0.26633725,-0.49541172,1566947907942
16816,226,Accelerometer,-7.825448,-1.7274165000000001,5.9986725,1566947907943
16817,226,Gyroscope,0.6096435,0.3023783,-0.5137377000000001,1566947907952
16818,226,Accelerometer,-7.854178999999999,-1.7573439999999998,5.816713,1566947907953
16819,226,Gyroscope,0.593761,0.30482176,-0.5326744999999999,1566947907962
16820,226,Accelerometer,-7.7093296,-1.7788918999999999,5.6551046,1566947907963
16821,226,Gyroscope,0.58276546,0.30482176,-0.54550266,1566947907972
16822,226,Accelerometer,-7.645883,-1.8471266,5.6347537,1566947907973
16823,226,Gyroscope,0.5833763000000001,0.30176744,-0.56016344,1566947907982
16824,226,Accelerometer,-7.612364299999999,-2.0266917,5.677849299999999,1566947907983
16825,226,Gyroscope,0.59803706,0.2968805,-0.5693264,1566947907992
16826,226,Accelerometer,-7.6351094,-2.2697031,5.567716000000001,1566947907993
16827,226,Gyroscope,0.6078109,0.27916542,-0.5748241999999999,1566947908002
16828,226,Accelerometer,-7.6638399999999995,-2.409764,5.4001220000000005,1566947908003
16829,226,Gyroscope,0.61269784,0.2443461,-0.59131753,1566947908013
16830,226,Accelerometer,-7.6614455999999995,-2.4875755,5.311536299999999,1566947908013
16831,226,Gyroscope,0.61819565,0.18142697,-0.6151413,1566947908022
16832,226,Accelerometer,-7.6626425000000005,-2.5486276,5.246893,1566947908023
16833,226,Gyroscope,0.6200281999999999,0.15210545,-0.61941737,1566947908032
16834,226,Accelerometer,-7.61835,-2.5941176,5.303157,1566947908033
16835,226,Gyroscope,0.6273586,0.1386664,-0.6133086999999999,1566947908042
16836,226,Accelerometer,-7.550114999999999,-2.5582043999999997,5.487509999999999,1566947908043
16837,226,Gyroscope,0.6383542,0.13805555,-0.6084218000000001,1566947908052
16838,226,Accelerometer,-7.442375999999999,-2.5091232999999997,5.707777,1566947908053
16839,226,Gyroscope,0.6383542,0.1423316,-0.5919284,1566947908062
16840,226,Accelerometer,-7.301117999999999,-2.5330652999999996,5.7029886,1566947908063
16841,226,Gyroscope,0.63285637,0.15821409,-0.56382865,1566947908073
16842,226,Accelerometer,-7.1885905,-2.5761611,5.6946087,1566947908073
16843,226,Gyroscope,0.6224717,0.17654006,-0.53023106,1566947908082
16844,226,Accelerometer,-7.1646485,-2.5821466,5.685032,1566947908083
16845,226,Gyroscope,0.61819565,0.1881465,-0.49235737,1566947908092
16846,226,Accelerometer,-7.1826053,-2.5953147,5.676652400000001,1566947908093
16847,226,Gyroscope,0.61086524,0.18997909,-0.453262,1566947908102
16848,226,Accelerometer,-7.171831,-2.6324248,5.5629277,1566947908103
16849,226,Gyroscope,0.6065891999999999,0.19486602,-0.4166101,1566947908112
16850,226,Accelerometer,-7.1945763,-2.6300306,5.4527946,1566947908113
16851,226,Gyroscope,0.59986967,0.18936823,-0.3866777,1566947908122
16852,226,Accelerometer,-7.2448545,-2.6431987,5.273229,1566947908123
16853,226,Gyroscope,0.5888741,0.1826487,-0.35613444,1566947908133
16854,226,Accelerometer,-7.2113357,-2.598906,5.1152120000000005,1566947908133
16855,226,Gyroscope,0.5882632,0.17348573,-0.33964106,1566947908142
16856,226,Accelerometer,-7.1634517,-2.4528596,5.118803,1566947908143
16857,226,Gyroscope,0.5870415,0.15149458,-0.33169982,1566947908152
16858,226,Accelerometer,-7.228095,-2.4133554,5.0745106,1566947908153
16859,226,Gyroscope,0.57848936,0.12889257,-0.33169982,1566947908162
16860,226,Accelerometer,-7.3071036,-2.3558946,5.019444,1566947908163
16861,226,Gyroscope,0.5656611999999999,0.111177474,-0.34025195,1566947908172
16862,226,Accelerometer,-7.3418193,-2.3044189999999998,5.1642933,1566947908173
16863,226,Gyroscope,0.55833083,0.095294975,-0.35246924,1566947908182
16864,226,Accelerometer,-7.4603324,-2.3762453,5.255273000000001,1566947908183
16865,226,Gyroscope,0.5491679,0.07880162,-0.3622431,1566947908193
16866,226,Accelerometer,-7.5884222999999995,-2.5067291000000003,5.3330839999999995,1566947908193
16867,226,Gyroscope,0.5510005,0.055588737,-0.3659083,1566947908202
16868,226,Accelerometer,-7.7907324000000004,-2.6013002,5.434838,1566947908203
16869,226,Gyroscope,0.5656611999999999,0.035430185,-0.376293,1566947908212
16870,226,Accelerometer,-7.9427642999999994,-2.565387,5.731719,1566947908213
16871,226,Gyroscope,0.57971114,0.018936822,-0.3915646,1566947908222
16872,226,Accelerometer,-8.080430999999999,-2.505532,5.7903767,1566947908223
16873,226,Gyroscope,0.58093286,0.016493361,-0.40378192,1566947908232
16874,226,Accelerometer,-7.921216499999999,-2.4420857000000002,5.887341999999999,1566947908233
16875,226,Gyroscope,0.57360244,0.02321288,-0.41538838,1566947908242
16876,226,Accelerometer,-7.908048,-2.4289176,5.9148755,1566947908243
16877,226,Gyroscope,0.5516113,0.035430185,-0.43127087,1566947908252
16878,226,Accelerometer,-7.759608,-2.4037786,6.0250087,1566947908253
16879,226,Gyroscope,0.50518554,0.056199603,-0.43554693,1566947908262
16880,226,Accelerometer,-7.654263,-2.3930047,6.1100025,1566947908263
16881,226,Gyroscope,0.46975538,0.09712757,-0.4288274,1566947908272
16882,226,Accelerometer,-7.511808,-2.3762453,6.144718599999999,1566947908273
16883,226,Gyroscope,0.43676865,0.13133603,-0.40744713,1566947908282
16884,226,Accelerometer,-7.346607700000001,-2.292448,6.1195793,1566947908283
16885,226,Gyroscope,0.4269948,0.15821409,-0.38362336,1566947908292
16886,226,Accelerometer,-7.2759789999999995,-2.3116016,6.125565,1566947908293
16887,226,Gyroscope,0.42455134,0.17531833,-0.36163223,1566947908303
16888,226,Accelerometer,-7.1610575,-2.268506,6.015432,1566947908303
16889,226,Gyroscope,0.43127087,0.18875736,-0.3475823,1566947908312
16890,226,Accelerometer,-7.138312299999999,-2.3175871,5.9124813,1566947908313
16891,226,Gyroscope,0.42149702,0.19914207,-0.33475417,1566947908322
16892,226,Accelerometer,-7.28795,-2.4025814999999997,5.7005944,1566947908323
16893,226,Gyroscope,0.40194935,0.18997909,-0.32925636,1566947908332
16894,226,Accelerometer,-7.4124484,-2.4229321,5.619191000000001,1566947908333
16895,226,Gyroscope,0.3830125,0.18631389999999998,-0.3286455,1566947908342
16896,226,Accelerometer,-7.4986396,-2.4073699,5.623979599999999,1566947908343
16897,226,Gyroscope,0.36346483,0.18692477,-0.32559118,1566947908352
16898,226,Accelerometer,-7.544129400000001,-2.432509,5.631162000000001,1566947908353
16899,226,Gyroscope,0.35063666,0.19853121,-0.32070425,1566947908362
16900,226,Accelerometer,-7.601590600000001,-2.5019407000000005,5.6467247,1566947908363
16901,226,Gyroscope,0.33964106,0.19975294,-0.31215215,1566947908372
16902,226,Accelerometer,-7.6482773,-2.622848,5.625177,1566947908373
16903,226,Gyroscope,0.32436943,0.1966986,-0.29932398,1566947908382
16904,226,Accelerometer,-7.6375036,-2.7269957000000002,5.568912999999999,1566947908383
16905,226,Gyroscope,0.31948254,0.19914207,-0.28283059999999993,1566947908392
16906,226,Accelerometer,-7.605181699999999,-2.7988217,5.5976434,1566947908393
16907,226,Gyroscope,0.32192600000000005,0.20036379999999998,-0.27183503,1566947908402
16908,226,Accelerometer,-7.592013400000001,-2.8874072999999996,5.613206,1566947908403
16909,226,Gyroscope,0.3304781,0.19303341,-0.26328292,1566947908412
16910,226,Accelerometer,-7.6219410000000005,-2.9101522,5.529408999999999,1566947908413
16911,226,Gyroscope,0.33169982,0.17654006,-0.2565634,1566947908422
16912,226,Accelerometer,-7.603985000000001,-2.8323407000000005,5.4515970000000005,1566947908423
16913,226,Gyroscope,0.32559118,0.15943582,-0.25289822,1566947908432
16914,226,Accelerometer,-7.538144,-2.7246015,5.3594203,1566947908433
16915,226,Gyroscope,0.31826079999999995,0.1441642,-0.25595254,1566947908442
16916,226,Accelerometer,-7.4507556,-2.6539726000000003,5.386954,1566947908443
16917,226,Gyroscope,0.3145956,0.13988814,-0.258396,1566947908452
16918,226,Accelerometer,-7.372944400000001,-2.6443958,5.488707499999999,1566947908453
16919,226,Gyroscope,0.30787608,0.13622294,-0.26450464,1566947908462
16920,226,Accelerometer,-7.315483,-2.7569232000000006,5.5760955999999995,1566947908463
16921,226,Gyroscope,0.3005457,0.13255776,-0.26145032,1566947908472
16922,226,Accelerometer,-7.299921,-2.859874,5.641936299999999,1566947908473
16923,226,Gyroscope,0.29993483,0.119729586,-0.25534168,1566947908482
16924,226,Accelerometer,-7.3202715,-2.9077580000000003,5.677849299999999,1566947908483
16925,226,Gyroscope,0.30176744,0.10812314599999999,-0.25289822,1566947908492
16926,226,Accelerometer,-7.315483,-2.8862102000000003,5.7137623,1566947908493
16927,226,Gyroscope,0.30848694,0.11484267,-0.24862215,1566947908502
16928,226,Accelerometer,-7.195773,-2.9903579,5.762843599999999,1566947908503
16929,226,Gyroscope,0.3109304,0.13011430000000002,-0.24678956,1566947908512
16930,226,Accelerometer,-7.133524,-3.0250738,5.747281,1566947908513
16931,226,Gyroscope,0.31215215,0.13194689,-0.24007004,1566947908523
16932,226,Accelerometer,-7.2580222999999995,-3.0514099999999997,5.673061,1566947908523
16933,226,Gyroscope,0.30604348,0.12156218,-0.23518312,1566947908532
16934,226,Accelerometer,-7.260416499999999,-3.0071173,5.6790465999999995,1566947908533
16935,226,Gyroscope,0.29810223,0.12889257,-0.23396139,1566947908542
16936,226,Accelerometer,-7.157466,-2.859874,5.760449400000001,1566947908543
16937,226,Gyroscope,0.28893927,0.12889257,-0.22052236,1566947908552
16938,226,Accelerometer,-7.0820484,-2.8383262000000005,5.7520695,1566947908553
16939,226,Gyroscope,0.2773328,0.12767084,-0.21013765,1566947908562
16940,226,Accelerometer,-7.1466923,-2.835932,5.7365074,1566947908563
16941,226,Gyroscope,0.26939157,0.118507855,-0.19425514,1566947908572
16942,226,Accelerometer,-7.267599000000001,-2.7784709999999997,5.7736173,1566947908573
16943,226,Gyroscope,0.27122417,0.10934488,-0.1685988,1566947908583
16944,226,Accelerometer,-7.2364745,-2.6539726000000003,5.8909335,1566947908583
16945,226,Gyroscope,0.27305678,0.106901415,-0.1337795,1566947908592
16946,226,Accelerometer,-7.1826053,-2.48159,5.960365299999999,1566947908593
16947,226,Gyroscope,0.25717425,0.10873401,-0.096516706,1566947908602
16948,226,Accelerometer,-7.1790137000000005,-2.4061728,5.8502316,1566947908603
16949,226,Gyroscope,0.23090707,0.1441642,-0.064751714,1566947908612
16950,226,Accelerometer,-7.1742253,-2.2948422,5.795165,1566947908613
16951,226,Gyroscope,0.20219639,0.19242255,-0.044593163,1566947908622
16952,226,Accelerometer,-7.131129700000001,-2.2469582999999997,5.807136,1566947908623
16953,226,Gyroscope,0.18387043,0.23335053,-0.028710667000000002,1566947908632
16954,226,Accelerometer,-7.3178773,-2.1918917,5.8885393,1566947908633
16955,226,Gyroscope,0.172264,0.26145032,-0.027488936000000002,1566947908643
16956,226,Accelerometer,-7.513005000000001,-2.099715,6.0441623,1566947908643
16957,226,Gyroscope,0.17592919,0.29260445,-0.027488936000000002,1566947908652
16958,226,Accelerometer,-7.699753,-1.9907787000000001,6.1973910000000005,1566947908653
16959,226,Gyroscope,0.17959438,0.3390302,-0.026267206,1566947908662
16960,226,Accelerometer,-8.191761,-1.745373,5.959168,1566947908663
16961,226,Gyroscope,0.16982053,0.36835176,-0.031154128,1566947908672
16962,226,Accelerometer,-8.3868885,-1.5753847,5.7065797,1566947908673
16963,226,Gyroscope,0.15149458,0.37995818,-0.04337143,1566947908682
16964,226,Accelerometer,-8.523358,-1.3886370000000001,5.4264584000000005,1566947908683
16965,226,Gyroscope,0.12583824,0.3744604,-0.05497787,1566947908692
16966,226,Accelerometer,-8.578424,-1.2114661,5.2648497,1566947908693
16967,226,Gyroscope,0.09590584,0.34574974,-0.07696902,1566947908702
16968,226,Accelerometer,-8.537724,-1.1312603,5.2875943,1566947908703
16969,226,Gyroscope,0.07391469,0.28099802,-0.13316862,1566947908712
16970,226,Accelerometer,-8.438364,-1.2258313,5.2875943,1566947908713
16971,226,Gyroscope,0.0720821,0.22907446,-0.17409660000000002,1566947908722
16972,226,Accelerometer,-8.307879,-1.5263035,5.222951,1566947908723
16973,226,Gyroscope,0.07391469,0.18142697,-0.19975294,1566947908732
16974,226,Accelerometer,-8.073248,-1.8375498,5.129576999999999,1566947908733
16975,226,Gyroscope,0.08857546,0.13316862,-0.19975294,1566947908742
16976,226,Accelerometer,-7.8649526,-2.1499932,5.021838,1566947908743
16977,226,Gyroscope,0.1160644,0.09896017,-0.18081611,1566947908752
16978,226,Accelerometer,-7.7189064,-2.3439236,5.087678400000001,1566947908753
16979,226,Gyroscope,0.15515977,0.09285152,-0.15088372,1566947908763
16980,226,Accelerometer,-7.69257,-2.4049757,5.102043599999999,1566947908763
16981,226,Gyroscope,0.1881465,0.0983493,-0.11911872,1566947908773
16982,226,Accelerometer,-7.693767,-2.4037786,4.997896,1566947908773
16983,226,Gyroscope,0.20586158,0.08735373,-0.08552113,1566947908782
16984,226,Accelerometer,-7.7129207,-2.3199813,4.923676,1566947908783
16985,226,Gyroscope,0.21746802,0.076358154,-0.059864793,1566947908792
16986,226,Accelerometer,-7.7344685,-2.1679497000000003,5.0134583,1566947908793
16987,226,Gyroscope,0.23090707,0.06841691,-0.047036625,1566947908802
16988,226,Accelerometer,-7.823053999999999,-2.005144,5.1822495,1566947908803
16989,226,Gyroscope,0.24984388,0.057421334000000004,-0.051923547,1566947908813
16990,226,Accelerometer,-7.8625584,-1.8435352999999999,5.2085857,1566947908813
16991,226,Gyroscope,0.27122417,0.032986722999999996,-0.06719518,1566947908823
16992,226,Accelerometer,-7.945158500000001,-1.6819267,5.187037999999999,1566947908823
16993,226,Gyroscope,0.29260445,-0.0018325957999999999,-0.08796459400000001,1566947908832
16994,226,Accelerometer,-7.991845,-1.4999673,5.2325277,1566947908833
16995,226,Gyroscope,0.30298916,-0.032375857,-0.10873401,1566947908842
16996,226,Accelerometer,-7.994239299999999,-1.3359646,5.3402667,1566947908843
16997,226,Gyroscope,0.30726522,-0.06780604,-0.12461651,1566947908852
16998,226,Accelerometer,-7.97748,-1.1180921999999998,5.5126495,1566947908853
16999,226,Gyroscope,0.3023783,-0.095294975,-0.14355333,1566947908862
17000,226,Accelerometer,-7.9427642999999994,-0.91458505,5.747281,1566947908863
17001,226,Gyroscope,0.28344148,-0.10262536,-0.15943582,1566947908873
17002,226,Accelerometer,-7.891288799999999,-0.81522566,5.8442464,1566947908873
17003,226,Gyroscope,0.24862215,-0.10567969,-0.16798794,1566947908882
17004,226,Accelerometer,-7.8517847000000005,-0.7589619000000001,5.9400144,1566947908883
17005,226,Gyroscope,0.21197024,-0.08246681,-0.17592919,1566947908892
17006,226,Accelerometer,-7.785944000000001,-0.736217,6.145916000000001,1566947908893
17007,226,Gyroscope,0.18020524,-0.037873644,-0.17715092,1566947908902
17008,226,Accelerometer,-7.678205,-0.79607207,6.300341599999999,1566947908903
17009,226,Gyroscope,0.15088372,0.009773844,-0.17837265,1566947908912
17010,226,Accelerometer,-7.583634,-1.0319009,6.345831400000001,1566947908913
17011,226,Gyroscope,0.13133603,0.055588737,-0.17165314,1566947908923
17012,226,Accelerometer,-7.595605,-1.2449848999999997,6.351817,1566947908923
17013,226,Gyroscope,0.11789699,0.10079276599999999,-0.16187929,1566947908932
17014,226,Accelerometer,-7.522581599999999,-1.4041992,6.271611,1566947908933
17015,226,Gyroscope,0.10567969,0.17104226,-0.1423316,1566947908942
17016,226,Accelerometer,-7.496245399999999,-1.5095441,6.155493,1566947908943
17017,226,Gyroscope,0.105068825,0.20036379999999998,-0.13561209,1566947908952
17018,226,Accelerometer,-7.5046253,-1.5682021000000002,6.015432,1566947908953
17019,226,Gyroscope,0.10140363,0.21502456,-0.13194689,1566947908962
17020,226,Accelerometer,-7.5453267,-1.5801731,5.901707,1566947908963
17021,226,Gyroscope,0.0842994,0.226631,-0.13561209,1566947908972
17022,226,Accelerometer,-7.656657000000001,-1.5179238000000002,5.759252,1566947908973
17023,226,Gyroscope,0.06169739,0.23457226,-0.1386664,1566947908982
17024,226,Accelerometer,-7.751228,-1.4520833,5.6910176,1566947908983
17025,226,Gyroscope,0.03848451,0.22540927,-0.14110987,1566947908992
17026,226,Accelerometer,-7.8649526,-1.4712370000000001,5.5401826,1566947908993
17027,226,Gyroscope,0.02076942,0.19730948,-0.14110987,1566947909002
17028,226,Accelerometer,-7.9475527,-1.5562311000000002,5.391742,1566947909003
17029,226,Gyroscope,0.017715093,0.16615535,-0.13255776,1566947909012
17030,226,Accelerometer,-8.025364,-1.6424223000000002,5.3019595,1566947909013
17031,226,Gyroscope,0.017715093,0.14110987,-0.13439035,1566947909022
17032,226,Accelerometer,-8.067263,-1.6663644,5.294777,1566947909023
17033,226,Gyroscope,0.022602014,0.10567969,-0.13500121,1566947909032
17034,226,Accelerometer,-8.056489,-1.7513584999999998,5.21098,1566947909033
17035,226,Gyroscope,0.021380282999999996,0.064751714,-0.13988814,1566947909042
17036,226,Accelerometer,-8.025364,-1.7836802999999999,5.0613421999999995,1566947909043
17037,226,Gyroscope,0.0030543262,0.02443461,-0.1441642,1566947909052
17038,226,Accelerometer,-7.8493905,-1.7860744999999998,4.9164934,1566947909053
17039,226,Gyroscope,-0.012217305,-0.028710667000000002,-0.14599679999999998,1566947909062
17040,226,Accelerometer,-7.667431,-1.7657237000000001,4.896142500000001,1566947909063
17041,226,Gyroscope,-0.014660766,-0.06352998,-0.15760323,1566947909072
17042,226,Accelerometer,-7.4591354999999995,-1.8363526999999997,5.040992,1566947909073
17043,226,Gyroscope,-0.004276057,-0.07819075,-0.16737708,1566947909082
17044,226,Accelerometer,-7.381324,-1.8758569999999999,5.2205567,1566947909083
17045,226,Gyroscope,0.0036651915999999997,-0.08063421400000001,-0.1777618,1566947909092
17046,226,Accelerometer,-7.4351935,-1.8866308999999997,5.3761797,1566947909093
17047,226,Gyroscope,0.012217305,-0.07880162,-0.19058995,1566947909102
17048,226,Accelerometer,-7.454347,-1.9237411,5.555745,1566947909103
17049,226,Gyroscope,0.022602014,-0.06169739,-0.19853121,1566947909112
17050,226,Accelerometer,-7.523778999999999,-2.067393,5.711368,1566947909113
17051,226,Gyroscope,0.029321532999999997,-0.03481932,-0.20036379999999998,1566947909122
17052,226,Accelerometer,-7.740454,-2.2948422,5.7963624000000005,1566947909123
17053,226,Gyroscope,0.028099801,-0.004276057,-0.19792034,1566947909132
17054,226,Accelerometer,-7.9068513,-2.8502972,5.6946087,1566947909133
17055,226,Gyroscope,0.014660766,0.017715093,-0.18203785,1566947909142
17056,226,Accelerometer,-8.178593,-3.1088709999999997,5.5461683,1566947909143
17057,226,Gyroscope,0.009162978,0.022602014,-0.15454891,1566947909152
17058,226,Accelerometer,-8.261192999999999,-3.3255462999999996,5.4683566,1566947909153
17059,226,Gyroscope,0.010995574,0.03176499,-0.124005646,1566947909162
17060,226,Accelerometer,-8.186973,-3.4284968,5.403713,1566947909163
17061,226,Gyroscope,0.018325957,0.040927973,-0.08857546,1566947909173
17062,226,Accelerometer,-8.091205,-3.4105402999999996,5.3606176,1566947909173
17063,226,Gyroscope,0.028710667000000002,0.015882496,-0.07819075,1566947909182
17064,226,Accelerometer,-7.902063,-3.2094273999999996,5.3582234,1566947909183
17065,226,Gyroscope,0.032375857,-0.021991148999999998,-0.07574729,1566947909193
17066,226,Accelerometer,-7.825448,-2.8778305,5.4288526,1566947909193
17067,226,Gyroscope,0.03481932,-0.06536258,-0.076358154,1566947909202
17068,226,Accelerometer,-7.7189064,-2.4121582999999998,5.4504004,1566947909203
17069,226,Gyroscope,0.029321532999999997,-0.09162979,-0.08063421400000001,1566947909213
17070,226,Accelerometer,-7.507019500000001,-2.0374656000000004,5.5461683,1566947909213
17071,226,Gyroscope,0.019547688,-0.09773844,-0.095294975,1566947909222
17072,226,Accelerometer,-7.4639240000000004,-1.9321207999999999,5.7257333,1566947909223
17073,226,Gyroscope,0.015882496,-0.10323623,-0.10567969,1566947909232
17074,226,Accelerometer,-7.485471700000001,-1.9919758,5.807136,1566947909233
17075,226,Gyroscope,0.007330383,-0.095294975,-0.11484267,1566947909242
17076,226,Accelerometer,-7.5213847000000005,-2.1428106,5.9052987,1566947909243
17077,226,Gyroscope,-0.0030543262,-0.08246681,-0.11789699,1566947909252
17078,226,Accelerometer,-7.544129400000001,-2.2493525,5.954379599999999,1566947909253
17079,226,Gyroscope,-0.021380282999999996,-0.06536258,-0.12034045,1566947909262
17080,226,Accelerometer,-7.400477400000001,-2.3654714,5.985504,1566947909263
17081,226,Gyroscope,-0.018936822,-0.03848451,-0.124005646,1566947909272
17082,226,Accelerometer,-7.3106947,-2.5234885,6.101623,1566947909273
17083,226,Gyroscope,-0.0067195175,-0.009773844,-0.13072516,1566947909283
17084,226,Accelerometer,-7.410054,-2.6324248,6.099229,1566947909283
17085,226,Gyroscope,-0.0018325957999999999,0.0018325957999999999,-0.13316862,1566947909292
17086,226,Accelerometer,-7.4351935,-2.5390507999999996,5.9627595,1566947909293
17087,226,Gyroscope,-0.007941248,0.025045475,-0.12705997,1566947909303
17088,226,Accelerometer,-7.3753386,-2.4684220000000003,5.8622026,1566947909303
17089,226,Gyroscope,-0.019547688,0.052534412999999995,-0.12156218,1566947909312
17090,226,Accelerometer,-7.339425,-2.517503,5.7400985,1566947909313
17091,226,Gyroscope,-0.02443461,0.06597344599999999,-0.10018189999999999,1566947909323
17092,226,Accelerometer,-7.290344,-2.5773582000000004,5.665878299999999,1566947909323
17093,226,Gyroscope,-0.02076942,0.061086524,-0.07880162,1566947909332
17094,226,Accelerometer,-7.155071700000001,-2.6276363999999997,5.7161565,1566947909333
17095,226,Gyroscope,-0.007941248,0.047036625,-0.06658431,1566947909342
17096,226,Accelerometer,-7.035361999999999,-2.730587,5.825093,1566947909343
17097,226,Gyroscope,0.020158553,0.03604105,-0.061086524,1566947909352
17098,226,Accelerometer,-7.183802,-2.8694507999999996,5.9124813,1566947909353
17099,226,Gyroscope,0.032375857,0.03176499,-0.047647487,1566947909362
17100,226,Accelerometer,-7.347805,-2.8275523,5.8634,1566947909363
17101,226,Gyroscope,0.020158553,0.0421497,-0.030543262,1566947909372
17102,226,Accelerometer,-7.339425,-2.6862943,5.756858,1566947909373
17103,226,Gyroscope,-0.0067195175,0.06291912,-0.010995574,1566947909382
17104,226,Accelerometer,-7.3047094,-2.6084828,5.671864,1566947909383
17105,226,Gyroscope,-0.026267206,0.08735373,-0.002443461,1566947909392
17106,226,Accelerometer,-7.2592196,-2.7269957000000002,5.7209449999999995,1566947909393
17107,226,Gyroscope,-0.023823743999999997,0.09407325,0.0036651915999999997,1566947909402
17108,226,Accelerometer,-7.3885064,-2.8407204,5.7939680000000005,1566947909403
17109,226,Gyroscope,-0.016493361,0.11178834,0.01038471,1566947909413
17110,226,Accelerometer,-7.4495587,-2.7102362999999996,5.8119245,1566947909413
17111,226,Gyroscope,-0.02076942,0.12950343,0.005497787,1566947909422
17112,226,Accelerometer,-7.372944400000001,-2.6252422,5.7975593,1566947909423
17113,226,Gyroscope,-0.018936822,0.12705997,-0.0030543262,1566947909432
17114,226,Accelerometer,-7.4711065,-2.5761611,5.717354,1566947909433
17115,226,Gyroscope,-0.028710667000000002,0.13072516,-0.0061086523,1566947909442
17116,226,Accelerometer,-7.314286,-2.529474,5.647922,1566947909443
17117,226,Gyroscope,-0.032375857,0.13194689,-0.01160644,1566947909452
17118,226,Accelerometer,-7.171831,-2.5689783,5.652710400000001,1566947909453
17119,226,Gyroscope,-0.031154128,0.12034045,-0.020158553,1566947909462
17120,226,Accelerometer,-7.268796400000001,-2.6503813,5.681441,1566947909463
17121,226,Gyroscope,-0.032375857,0.105068825,-0.02321288,1566947909472
17122,226,Accelerometer,-7.2915410000000005,-2.64679,5.6634839999999995,1566947909473
17123,226,Gyroscope,-0.030543262,0.095294975,-0.032375857,1566947909482
17124,226,Accelerometer,-7.301117999999999,-2.6443958,5.731719,1566947909483
17125,226,Gyroscope,-0.028710667000000002,0.089186326,-0.039095376,1566947909492
17126,226,Accelerometer,-7.326257000000001,-2.693477,5.767632,1566947909493
17127,226,Gyroscope,-0.03481932,0.08063421400000001,-0.040927973,1566947909502
17128,226,Accelerometer,-7.353790299999999,-2.7126305,5.697003,1566947909503
17129,226,Gyroscope,-0.05009095,0.07269296,-0.03726278,1566947909512
17130,226,Accelerometer,-7.284358500000001,-2.693477,5.66947,1566947909513
17131,226,Gyroscope,-0.062308256,0.0720821,-0.03176499,1566947909522
17132,226,Accelerometer,-7.147889,-2.8491,5.7029886,1566947909523
17133,226,Gyroscope,-0.06352998,0.06841691,-0.032375857,1566947909532
17134,226,Accelerometer,-7.250839699999999,-2.9125464,5.7664347000000005,1566947909533
17135,226,Gyroscope,-0.07452556,0.06719518,-0.031154128,1566947909542
17136,226,Accelerometer,-7.2424603,-2.9592332999999997,5.756858,1566947909543
17137,226,Gyroscope,-0.09407325,0.07696902,-0.018325957,1566947909552
17138,226,Accelerometer,-7.0664864000000005,-3.0969,5.705383,1566947909553
17139,226,Gyroscope,-0.106901415,0.08857546,-0.008552114,1566947909562
17140,226,Accelerometer,-7.070077400000001,-3.1519666,5.695806,1566947909563
17141,226,Gyroscope,-0.1160644,0.10079276599999999,0.0012217305,1566947909573
17142,226,Accelerometer,-7.141903999999999,-3.2680852000000002,5.6443305,1566947909573
17143,226,Gyroscope,-0.12705997,0.10873401,0.02076942,1566947909582
17144,226,Accelerometer,-7.1263413,-3.2932242999999994,5.5401826,1566947909583
17145,226,Gyroscope,-0.13316862,0.12889257,0.0421497,1566947909592
17146,226,Accelerometer,-7.064092,-3.3207579,5.4384294,1566947909593
17147,226,Gyroscope,-0.13072516,0.1441642,0.064751714,1566947909602
17148,226,Accelerometer,-7.1179619999999995,-3.4177230000000005,5.4288526,1566947909603
17149,226,Gyroscope,-0.12156218,0.14966199,0.07452556,1566947909612
17150,226,Accelerometer,-7.2939353,-3.4991257000000004,5.4396260000000005,1566947909613
17151,226,Gyroscope,-0.103847094,0.13133603,0.08063421400000001,1566947909622
17152,226,Accelerometer,-7.571663,-3.3854012000000004,5.384559599999999,1566947909623
17153,226,Gyroscope,-0.09712757,0.09468412,0.07941248,1566947909633
17154,226,Accelerometer,-7.708132300000001,-3.217807,5.2875943,1566947909633
17155,226,Gyroscope,-0.11362094,0.092240654,0.086132,1566947909642
17156,226,Accelerometer,-7.752425,-3.0801406000000005,5.234922,1566947909643
17157,226,Gyroscope,-0.124005646,0.08857546,0.0983493,1566947909652
17158,226,Accelerometer,-7.769184599999999,-2.9580362,5.2277393,1566947909653
17159,226,Gyroscope,-0.12950343,0.08002335,0.11178834,1566947909663
17160,226,Accelerometer,-7.7105265,-2.8886043999999997,5.323507299999999,1566947909663
17161,226,Gyroscope,-0.11545353400000001,0.04520403,0.12644911,1566947909672
17162,226,Accelerometer,-7.703344,-2.7784709999999997,5.430049400000001,1566947909673
17163,226,Gyroscope,-0.10323623,0.020158553,0.15027285,1566947909682
17164,226,Accelerometer,-7.708132300000001,-2.5893292000000003,5.5042696,1566947909683
17165,226,Gyroscope,-0.09590584,0.008552114,0.16982053,1566947909692
17166,226,Accelerometer,-7.6865845,-2.4121582999999998,5.5748987,1566947909693
17167,226,Gyroscope,-0.08735373,0.007330383,0.18387043,1566947909702
17168,226,Accelerometer,-7.6111674,-2.2888567,5.6670755999999995,1566947909703
17169,226,Gyroscope,-0.08735373,0.025045475,0.18142697,1566947909712
17170,226,Accelerometer,-7.514202,-2.1571757999999996,5.731719,1566947909713
17171,226,Gyroscope,-0.09101892,0.047647487,0.16737708,1566947909722
17172,226,Accelerometer,-7.5082164,-2.0027497,5.74369,1566947909723
17173,226,Gyroscope,-0.10445796,0.08307768,0.14966199,1566947909732
17174,226,Accelerometer,-7.479486,-1.8171991000000003,5.777209,1566947909733
17175,226,Gyroscope,-0.11728613,0.13439035,0.13744467,1566947909742
17176,226,Accelerometer,-7.502231,-1.7417817,5.8274870000000005,1566947909743
17177,226,Gyroscope,-0.12217305,0.18997909,0.12461651,1566947909752
17178,226,Accelerometer,-7.620744,-1.8207904,5.813122,1566947909753
17179,226,Gyroscope,-0.1142318,0.20891592,0.112399206,1566947909763
17180,226,Accelerometer,-7.966706299999999,-1.9883845000000002,5.675455,1566947909763
17181,226,Gyroscope,-0.11056661,0.20891592,0.1020145,1566947909772
17182,226,Accelerometer,-8.106767,-2.0290859,5.488707499999999,1566947909773
17183,226,Gyroscope,-0.1160644,0.21502456,0.089186326,1566947909782
17184,226,Accelerometer,-8.052897,-2.018312,5.430049400000001,1566947909783
17185,226,Gyroscope,-0.10995574,0.21319197,0.0580322,1566947909792
17186,226,Accelerometer,-8.094796,-2.171541,5.444414599999999,1566947909793
17187,226,Gyroscope,-0.10079276599999999,0.19120082,0.02687807,1566947909802
17188,226,Accelerometer,-8.23366,-2.3463178,5.437232,1566947909803
17189,226,Gyroscope,-0.10934488,0.172264,0.010995574,1566947909812
17190,226,Accelerometer,-8.197746,-2.3080103,5.4025164000000006,1566947909813
17191,226,Gyroscope,-0.12156218,0.15882497,0.01038471,1566947909822
17192,226,Accelerometer,-8.024167,-2.2278047,5.412093,1566947909823
17193,226,Gyroscope,-0.124005646,0.15149458,0.018936822,1566947909832
17194,226,Accelerometer,-7.880514999999999,-2.1727380000000003,5.311536299999999,1566947909833
17195,226,Gyroscope,-0.11545353400000001,0.1282817,0.03604105,1566947909842
17196,226,Accelerometer,-7.727286,-2.15957,5.294777,1566947909843
17197,226,Gyroscope,-0.093462385,0.10567969,0.056199603,1566947909852
17198,226,Accelerometer,-7.666233999999999,-2.0853498,5.282806,1566947909853
17199,226,Gyroscope,-0.07147124,0.09712757,0.070249505,1566947909862
17200,226,Accelerometer,-7.666233999999999,-1.9572599,5.3103394999999995,1566947909863
17201,226,Gyroscope,-0.054367005999999996,0.0983493,0.06658431,1566947909872
17202,226,Accelerometer,-7.739257,-1.8399439999999998,5.317522,1566947909873
17203,226,Gyroscope,-0.049480084,0.099571034,0.047647487,1566947909882
17204,226,Accelerometer,-7.852981599999999,-1.8387468999999996,5.363012,1566947909883
17205,226,Gyroscope,-0.05497787,0.10323623,0.040927973,1566947909892
17206,226,Accelerometer,-8.018182000000001,-1.8459294999999998,5.2899885,1566947909893
17207,226,Gyroscope,-0.0580322,0.10995574,0.03481932,1566947909902
17208,226,Accelerometer,-7.9607205,-1.8279729999999998,5.2504845,1566947909903
17209,226,Gyroscope,-0.05009095,0.112399206,0.032986722999999996,1566947909912
17210,226,Accelerometer,-7.881711999999999,-1.8734628,5.261258,1566947909913
17211,226,Gyroscope,-0.03359759,0.09285152,0.026267206,1566947909923
17212,226,Accelerometer,-7.777564,-1.9273324,5.234922,1566947909923
17213,226,Gyroscope,-0.023823743999999997,0.05131268,0.027488936000000002,1566947909932
17214,226,Accelerometer,-7.7248917,-1.9129671999999998,5.1200004,1566947909933
17215,226,Gyroscope,-0.02443461,0.02443461,0.026267206,1566947909942
17216,226,Accelerometer,-7.7224975,-1.7310078000000002,5.1379566,1566947909943
17217,226,Gyroscope,-0.02443461,0.021380282999999996,0.01282817,1566947909952
17218,226,Accelerometer,-7.5549035,-1.4772223999999998,5.243302,1566947909953
17219,226,Gyroscope,-0.010995574,0.01282817,-0.019547688,1566947909962
17220,226,Accelerometer,-7.539341,-1.5239093000000001,5.4647654999999995,1566947909963
17221,226,Gyroscope,0.0061086523,0.009162978,-0.04886922,1566947909972
17222,226,Accelerometer,-7.826645399999999,-1.650802,5.633556400000001,1566947909973
17223,226,Gyroscope,-0.0030543262,0.028710667000000002,-0.073303826,1566947909982
17224,226,Accelerometer,-8.020576,-1.6579846999999999,5.741296,1566947909983
17225,226,Gyroscope,-0.017104227,0.050701816,-0.09101892,1566947909992
17226,226,Accelerometer,-8.109161,-1.7070657999999999,5.626374,1566947909993
17227,226,Gyroscope,-0.03176499,0.043982297000000004,-0.099571034,1566947910002
17228,226,Accelerometer,-8.135497,-1.9201498,5.427655000000001,1566947910003
17229,226,Gyroscope,-0.032375857,0.022602014,-0.106901415,1566947910012
17230,226,Accelerometer,-8.128314999999999,-2.1260512,5.2684407,1566947910013
17231,226,Gyroscope,-0.023823743999999997,-0.004276057,-0.11362094,1566947910022
17232,226,Accelerometer,-8.085219,-2.2433669999999997,5.2265425,1566947910023
17233,226,Gyroscope,-0.01160644,-0.03359759,-0.13622294,1566947910032
17234,226,Accelerometer,-8.127118,-2.3235726000000003,5.1559134,1566947910033
17235,226,Gyroscope,-0.009773844,-0.048258353,-0.16432275,1566947910042
17236,226,Accelerometer,-8.145074000000001,-2.4420857000000002,5.0613421999999995,1566947910043
17237,226,Gyroscope,-0.018936822,-0.059864793,-0.17959438,1566947910052
17238,226,Accelerometer,-8.080430999999999,-2.585738,4.9057193,1566947910053
17239,226,Gyroscope,-0.021991148999999998,-0.07391469,-0.19303341,1566947910062
17240,226,Accelerometer,-7.8637557000000005,-2.9855695,4.8698063,1566947910063
17241,226,Gyroscope,-0.008552114,-0.10567969,-0.1966986,1566947910072
17242,226,Accelerometer,-7.9463553,-3.0250738,4.8973393,1566947910073
17243,226,Gyroscope,0.021991148999999998,-0.15210545,-0.19242255,1566947910083
17244,226,Accelerometer,-8.033744,-2.9628246,4.965574299999999,1566947910083
17245,226,Gyroscope,0.05497787,-0.20341812,-0.17959438,1566947910092
17246,226,Accelerometer,-8.025364,-2.8969840000000002,5.1116204000000005,1566947910093
17247,226,Gyroscope,0.08246681,-0.27305678,-0.18142697,1566947910102
17248,226,Accelerometer,-8.185775999999999,-2.895787,5.322310400000001,1566947910103
17249,226,Gyroscope,0.07452556,-0.30176744,-0.16676621,1566947910113
17250,226,Accelerometer,-8.1558485,-2.7988217,5.6299653,1566947910113
17251,226,Gyroscope,0.049480084,-0.29443705,-0.1386664,1566947910122
17252,226,Accelerometer,-7.902063,-2.8000187999999997,5.960365299999999,1566947910123
17253,226,Gyroscope,0.018325957,-0.23518312,-0.09712757,1566947910132
17254,226,Accelerometer,-7.714117999999999,-2.847903,6.126762,1566947910133
17255,226,Gyroscope,-0.020158553,-0.14172074,-0.053145275,1566947910143
17256,226,Accelerometer,-7.4746976,-2.8167782000000003,6.1303535,1566947910143
17257,226,Gyroscope,-0.0580322,-0.04153884,-0.004276057,1566947910152
17258,226,Accelerometer,-7.3071036,-2.6671407000000005,6.1303535,1566947910153
17259,226,Gyroscope,-0.08246681,0.05131268,0.03176499,1566947910162
17260,226,Accelerometer,-7.074866,-2.5486276,6.0381765,1566947910163
17261,226,Gyroscope,-0.093462385,0.11545353400000001,0.05681047,1566947910172
17262,226,Accelerometer,-6.994660400000001,-2.4133554,5.849035,1566947910173
17263,226,Gyroscope,-0.095294975,0.15699236,0.062308256,1566947910182
17264,226,Accelerometer,-6.9383965,-2.315193,5.652710400000001,1566947910183
17265,226,Gyroscope,-0.08124508,0.16920967,0.05681047,1566947910192
17266,226,Accelerometer,-7.012616599999999,-2.3044189999999998,5.4982843,1566947910193
17267,226,Gyroscope,-0.0580322,0.1563815,0.040317107000000005,1566947910203
17268,226,Accelerometer,-7.223306699999999,-2.3187842,5.3498434999999995,1566947910203
17269,226,Gyroscope,-0.03481932,0.1282817,0.023823743999999997,1566947910212
17270,226,Accelerometer,-7.405266,-2.255338,5.2265425,1566947910213
17271,226,Gyroscope,-0.02443461,0.09101892,0.0061086523,1566947910222
17272,226,Accelerometer,-7.5285673,-2.3056161,5.197812,1566947910223
17273,226,Gyroscope,-0.016493361,0.05009095,-0.012217305,1566947910232
17274,226,Accelerometer,-7.669825,-2.5450362999999996,5.2145715,1566947910233
17275,226,Gyroscope,-0.0061086523,0.0012217305,-0.018325957,1566947910242
17276,226,Accelerometer,-7.892486,-2.7832594,5.207389,1566947910243
17277,226,Gyroscope,-0.01160644,-0.02687807,0.002443461,1566947910252
17278,226,Accelerometer,-7.779958199999999,-2.7593174,5.2744265,1566947910253
17279,226,Gyroscope,-0.014660766,-0.05009095,0.017715093,1566947910262
17280,226,Accelerometer,-7.592013400000001,-2.8155810000000003,5.445612000000001,1566947910263
17281,226,Gyroscope,0.00061086525,-0.0720821,0.021991148999999998,1566947910272
17282,226,Accelerometer,-7.6470804,-2.9269116000000004,5.5617304,1566947910273
17283,226,Gyroscope,0.014660766,-0.06780604,0.029932396,1566947910282
17284,226,Accelerometer,-7.4399820000000005,-2.7257986,5.568912999999999,1566947910283
17285,226,Gyroscope,0.021380282999999996,-0.062308256,0.03726278,1566947910292
17286,226,Accelerometer,-7.27957,-2.5222914,5.676652400000001,1566947910293
17287,226,Gyroscope,0.02687807,-0.05497787,0.032375857,1566947910302
17288,226,Accelerometer,-7.2424603,-2.3810337,5.686229,1566947910303
17289,226,Gyroscope,0.020158553,-0.048258353,0.02443461,1566947910312
17290,226,Accelerometer,-7.153875,-2.3355439,5.651513,1566947910313
17291,226,Gyroscope,0.007941248,-0.029932396,0.016493361,1566947910322
17292,226,Accelerometer,-7.147889,-2.3822308,5.7041855,1566947910323
17293,226,Gyroscope,-0.0012217305,-0.023823743999999997,0.004276057,1566947910333
17294,226,Accelerometer,-7.135917999999999,-2.4684220000000003,5.7640405,1566947910333
17295,226,Gyroscope,-0.0018325957999999999,-0.029932396,-0.0018325957999999999,1566947910342
17296,226,Accelerometer,-7.2699933,-2.658761,5.755661,1566947910343
17297,226,Gyroscope,-0.01038471,-0.034208454,-0.0012217305,1566947910352
17298,226,Accelerometer,-7.430405,-2.7712884,5.738901599999999,1566947910353
17299,226,Gyroscope,-0.021380282999999996,-0.026267206,0.013439035,1566947910362
17300,226,Accelerometer,-7.437587700000001,-2.7736826,5.718550700000001,1566947910363
17301,226,Gyroscope,-0.022602014,-0.012217305,0.032986722999999996,1566947910372
17302,226,Accelerometer,-7.4351935,-2.8646624,5.731719,1566947910373
17303,226,Gyroscope,-0.028099801,0.008552114,0.054367005999999996,1566947910382
17304,226,Accelerometer,-7.4483614000000005,-2.861071,5.719748,1566947910383
17305,226,Gyroscope,-0.03481932,0.018936822,0.07269296,1566947910392
17306,226,Accelerometer,-7.3178773,-2.7581203,5.7161565,1566947910393
17307,226,Gyroscope,-0.03481932,0.026267206,0.069027774,1566947910402
17308,226,Accelerometer,-7.315483,-2.6994624,5.8107276,1566947910403
17309,226,Gyroscope,-0.03604105,0.031154128,0.052534412999999995,1566947910412
17310,226,Accelerometer,-7.645883,-2.7952304,5.8274870000000005,1566947910413
17311,226,Gyroscope,-0.06719518,0.044593163,0.048258353,1566947910422
17312,226,Accelerometer,-7.8062944000000005,-2.6874914,5.697003,1566947910423
17313,226,Gyroscope,-0.10140363,0.05497787,0.03481932,1566947910432
17314,226,Accelerometer,-7.5704656,-2.5103204,5.647922,1566947910433
17315,226,Gyroscope,-0.1142318,0.055588737,0.012217305,1566947910442
17316,226,Accelerometer,-7.575253999999999,-2.6396074,5.687426,1566947910443
17317,226,Gyroscope,-0.11789699,0.06352998,0.0012217305,1566947910452
17318,226,Accelerometer,-7.515399,-2.8562827,5.652710400000001,1566947910453
17319,226,Gyroscope,-0.11911872,0.077579886,0.009162978,1566947910462
17320,226,Accelerometer,-7.353790299999999,-3.028665,5.613206,1566947910463
17321,226,Gyroscope,-0.105068825,0.0720821,0.02443461,1566947910472
17322,226,Accelerometer,-7.301117999999999,-3.1866825,5.650316,1566947910473
17323,226,Gyroscope,-0.093462385,0.06841691,0.04276056599999999,1566947910483
17324,226,Accelerometer,-7.314286,-3.204639,5.6096144,1566947910483
17325,226,Gyroscope,-0.092240654,0.06658431,0.04886922,1566947910492
17326,226,Accelerometer,-7.192182000000001,-3.1064768,5.6443305,1566947910493
17327,226,Gyroscope,-0.096516706,0.07819075,0.06047566,1566947910502
17328,226,Accelerometer,-7.071274799999999,-3.2393548,5.7017913,1566947910503
17329,226,Gyroscope,-0.10812314599999999,0.096516706,0.06352998,1566947910512
17330,226,Accelerometer,-7.0964136,-3.1519666,5.494693,1566947910513
17331,226,Gyroscope,-0.13255776,0.13439035,0.07086037,1566947910522
17332,226,Accelerometer,-7.1191587,-3.1435869,5.5605335,1566947910523
17333,226,Gyroscope,-0.14355333,0.16737708,0.069027774,1566947910532
17334,226,Accelerometer,-7.086836999999999,-3.2668881,5.66109,1566947910533
17335,226,Gyroscope,-0.12522738,0.19242255,0.055588737,1566947910542
17336,226,Accelerometer,-7.271190600000001,-3.3889925,5.5964465,1566947910543
17337,226,Gyroscope,-0.10262536,0.21380283,0.040927973,1566947910553
17338,226,Accelerometer,-7.49026,-3.477578,5.459976999999999,1566947910553
17339,226,Gyroscope,-0.10079276599999999,0.20463985,0.03604105,1566947910562
17340,226,Accelerometer,-7.6949644,-3.3626563999999997,5.3390699999999995,1566947910563
17341,226,Gyroscope,-0.10873401,0.18142697,0.040317107000000005,1566947910572
17342,226,Accelerometer,-7.7105265,-3.1148564999999997,5.397728,1566947910573
17343,226,Gyroscope,-0.10751228,0.16249016,0.05009095,1566947910582
17344,226,Accelerometer,-7.702147,-2.9113493,5.518635,1566947910583
17345,226,Gyroscope,-0.10995574,0.13805555,0.076358154,1566947910592
17346,226,Accelerometer,-7.7811556,-2.753332,5.4671597,1566947910593
17347,226,Gyroscope,-0.12461651,0.11178834,0.10934488,1566947910602
17348,226,Accelerometer,-7.559692,-2.6060886,5.446809,1566947910603
17349,226,Gyroscope,-0.14538592,0.10751228,0.12705997,1566947910613
17350,226,Accelerometer,-7.2640080000000005,-2.5941176,5.616797,1566947910613
17351,226,Gyroscope,-0.14782938,0.11056661,0.14355333,1566947910622
17352,226,Accelerometer,-7.2149267,-2.5893292000000003,5.8107276,1566947910623
17353,226,Gyroscope,-0.14538592,0.13072516,0.14844026,1566947910632
17354,226,Accelerometer,-7.04015,-2.6396074,5.8358665,1566947910633
17355,226,Gyroscope,-0.1423316,0.16371189,0.15454891,1566947910642
17356,226,Accelerometer,-7.1047934999999995,-2.6288335,5.8119245,1566947910643
17357,226,Gyroscope,-0.14110987,0.21197024,0.15699236,1566947910653
17358,226,Accelerometer,-7.1502833,-2.432509,5.804742,1566947910653
17359,226,Gyroscope,-0.11728613,0.2565634,0.14294247,1566947910662
17360,226,Accelerometer,-7.0688806,-2.3235726000000003,5.807136,1566947910663
17361,226,Gyroscope,-0.08368854,0.28771752,0.11484267,1566947910672
17362,226,Accelerometer,-7.268796400000001,-2.4851813,5.772420400000001,1566947910673
17363,226,Gyroscope,-0.049480084,0.29565877,0.07513642,1566947910682
17364,226,Accelerometer,-7.5968018,-2.6036943999999997,5.705383,1566947910683
17365,226,Gyroscope,-0.02687807,0.29077184,0.028710667000000002,1566947910692
17366,226,Accelerometer,-7.937975999999999,-2.657564,5.5389857000000005,1566947910693
17367,226,Gyroscope,-0.03176499,0.28405234,-0.026267206,1566947910702
17368,226,Accelerometer,-8.149861999999999,-2.682703,5.2564697,1566947910703
17369,226,Gyroscope,-0.06658431,0.2779437,-0.07086037,1566947910712
17370,226,Accelerometer,-8.189366999999999,-2.8455088,4.917690299999999,1566947910713
17371,226,Gyroscope,-0.11056661,0.26939157,-0.10079276599999999,1566947910722
17372,226,Accelerometer,-8.005013,-3.0573955,4.8003745,1566947910723
17373,226,Gyroscope,-0.12583824,0.24678956,-0.116675265,1566947910732
17374,226,Accelerometer,-7.779958199999999,-3.2956185,4.8362875,1566947910733
17375,226,Gyroscope,-0.10262536,0.20830505,-0.1142318,1566947910742
17376,226,Accelerometer,-7.608772999999999,-3.4955344,4.9188876,1566947910743
17377,226,Gyroscope,-0.05375614,0.15760323,-0.10323623,1566947910752
17378,226,Accelerometer,-7.571663,-3.6846763999999994,4.984728,1566947910753
17379,226,Gyroscope,-0.004276057,0.116675265,-0.08002335,1566947910762
17380,226,Accelerometer,-7.7608047000000004,-3.7600937000000005,4.948815,1566947910763
17381,226,Gyroscope,0.03970624,0.06597344599999999,-0.05497787,1566947910772
17382,226,Accelerometer,-7.9068513,-3.7134068,4.952406400000001,1566947910773
17383,226,Gyroscope,0.07452556,0.044593163,-0.008552114,1566947910782
17384,226,Accelerometer,-8.236053,-3.7576995,4.8985367,1566947910783
17385,226,Gyroscope,0.08735373,0.021380282999999996,0.01160644,1566947910793
17386,226,Accelerometer,-8.263587,-3.3147724000000003,4.8614264,1566947910793
17387,226,Gyroscope,0.10140363,0.0030543262,0.023823743999999997,1566947910802
17388,226,Accelerometer,-8.137891999999999,-3.1316159,5.0122614,1566947910803
17389,226,Gyroscope,0.11362094,-0.013439035,0.018325957,1566947910812
17390,226,Accelerometer,-8.1343,-2.9520507,5.1223946,1566947910813
17391,226,Gyroscope,0.12034045,-0.022602014,-0.01038471,1566947910822
17392,226,Accelerometer,-8.098388,-2.741361,5.234922,1566947910823
17393,226,Gyroscope,0.10079276599999999,-0.037873644,-0.056199603,1566947910833
17394,226,Accelerometer,-7.961917999999999,-2.4025814999999997,5.1559134,1566947910833
17395,226,Gyroscope,0.069027774,-0.07574729,-0.093462385,1566947910842
17396,226,Accelerometer,-7.8709383,-2.220622,5.060145400000001,1566947910843
17397,226,Gyroscope,0.07574729,-0.112399206,-0.12583824,1566947910852
17398,226,Accelerometer,-7.8888945999999995,-2.244564,5.231331,1566947910853
17399,226,Gyroscope,0.10751228,-0.1142318,-0.15577064,1566947910862
17400,226,Accelerometer,-7.893683,-2.2613235,5.432443599999999,1566947910863
17401,226,Gyroscope,0.13622294,-0.0983493,-0.17531833,1566947910873
17402,226,Accelerometer,-7.77517,-2.2625206,5.5150437000000005,1566947910873
17403,226,Gyroscope,0.14355333,-0.09590584,-0.18509217,1566947910882
17404,226,Accelerometer,-7.6375036,-2.2876596,5.494693,1566947910883
17405,226,Gyroscope,0.13622294,-0.09896017,-0.1881465,1566947910892
17406,226,Accelerometer,-7.577648,-2.3463178,5.5054669999999994,1566947910893
17407,226,Gyroscope,0.13072516,-0.10323623,-0.18387043,1566947910902
17408,226,Accelerometer,-7.5106106,-2.3930047,5.535394,1566947910903
17409,226,Gyroscope,0.13133603,-0.10873401,-0.17654006,1566947910912
17410,226,Accelerometer,-7.431602000000001,-2.421735,5.589264,1566947910913
17411,226,Gyroscope,0.13988814,-0.10995574,-0.17043139999999998,1566947910923
17412,226,Accelerometer,-7.3346367,-2.4169466,5.626374,1566947910923
17413,226,Gyroscope,0.13805555,-0.12217305,-0.16371189,1566947910932
17414,226,Accelerometer,-7.3083005000000005,-2.3930047,5.637148000000001,1566947910933
17415,226,Gyroscope,0.14599679999999998,-0.12095132,-0.16798794,1566947910942
17416,226,Accelerometer,-7.1730285,-2.3762453,5.760449400000001,1566947910943
17417,226,Gyroscope,0.15271631,-0.10445796,-0.16798794,1566947910952
17418,226,Accelerometer,-7.032967599999999,-2.4001873,5.922058,1566947910953
17419,226,Gyroscope,0.17592919,-0.07574729,-0.16249016,1566947910962
17420,226,Accelerometer,-7.028179,-2.432509,6.0501475,1566947910963
17421,226,Gyroscope,0.19242255,-0.030543262,-0.15821409,1566947910972
17422,226,Accelerometer,-7.042544400000001,-2.4432828,6.172251999999999,1566947910973
17423,226,Gyroscope,0.19608775,0.009162978,-0.15393804,1566947910982
17424,226,Accelerometer,-7.084442599999999,-2.3427265,6.1938,1566947910983
17425,226,Gyroscope,0.20586158,0.044593163,-0.15393804,1566947910992
17426,226,Accelerometer,-7.229292,-2.384625,6.0824695,1566947910993
17427,226,Gyroscope,0.21258110000000002,0.06169739,-0.1563815,1566947911002
17428,226,Accelerometer,-7.326257000000001,-2.3798366,5.960365299999999,1566947911003
17429,226,Gyroscope,0.20891592,0.06719518,-0.15515977,1566947911013
17430,226,Accelerometer,-7.356185000000001,-2.2720973,5.7879825,1566947911013
17431,226,Gyroscope,0.19425514,0.09468412,-0.15699236,1566947911022
17432,226,Accelerometer,-7.4986396,-2.1883004,5.616797,1566947911023
17433,226,Gyroscope,0.18692477,0.099571034,-0.15882497,1566947911032
17434,226,Accelerometer,-7.627927000000001,-2.2170308,5.5401826,1566947911033
17435,226,Gyroscope,0.17348573,0.10323623,-0.15393804,1566947911042
17436,226,Accelerometer,-7.656657000000001,-2.2936451,5.4551888,1566947911043
17437,226,Gyroscope,0.14905111,0.105068825,-0.14172074,1566947911052
17438,226,Accelerometer,-7.529764,-2.409764,5.389348,1566947911053
17439,226,Gyroscope,0.13011430000000002,0.08674286,-0.13011430000000002,1566947911062
17440,226,Accelerometer,-7.5046253,-2.5629928,5.2768207,1566947911063
17441,226,Gyroscope,0.10751228,0.03726278,-0.1142318,1566947911072
17442,226,Accelerometer,-7.5273699999999995,-2.4624363999999996,5.294777,1566947911073
17443,226,Gyroscope,0.09468412,-0.010995574,-0.10079276599999999,1566947911082
17444,226,Accelerometer,-7.338228,-2.3247697,5.483919,1566947911083
17445,226,Gyroscope,0.09896017,-0.045814894,-0.089186326,1566947911092
17446,226,Accelerometer,-7.125144500000001,-2.1452047999999997,5.791574,1566947911093
17447,226,Gyroscope,0.11545353400000001,-0.031154128,-0.092240654,1566947911103
17448,226,Accelerometer,-7.135917999999999,-2.135628,6.0405707,1566947911103
17449,226,Gyroscope,0.124005646,0.0067195175,-0.093462385,1566947911112
17450,226,Accelerometer,-7.4028716,-2.1559787,6.1399302,1566947911113
17451,226,Gyroscope,0.10751228,0.026267206,-0.09468412,1566947911122
17452,226,Accelerometer,-7.681796,-2.2301989,6.1746464,1566947911123
17453,226,Gyroscope,0.07086037,0.06658431,-0.07574729,1566947911132
17454,226,Accelerometer,-7.9224133000000005,-2.3451207000000003,6.0250087,1566947911133
17455,226,Gyroscope,0.030543262,0.13805555,-0.04642576,1566947911142
17456,226,Accelerometer,-8.166622,-2.5354595,5.741296,1566947911143
17457,226,Gyroscope,0.030543262,0.19364429,-0.018936822,1566947911153
17458,226,Accelerometer,-8.24563,-2.80361,5.459976999999999,1566947911153
17459,226,Gyroscope,-0.008552114,0.2321288,0.00061086525,1566947911162
17460,226,Accelerometer,-8.221688,-3.0142999,5.21098,1566947911163
17461,226,Gyroscope,0.002443461,0.24312437,0.0061086523,1566947911172
17462,226,Accelerometer,-8.271967,-3.1543607999999996,4.9464207,1566947911173
17463,226,Gyroscope,0.02565634,0.21135938,0.00061086525,1566947911182
17464,226,Accelerometer,-8.305486,-3.110068,4.720168599999999,1566947911183
17465,226,Gyroscope,0.05497787,0.15027285,-0.015271631,1566947911193
17466,226,Accelerometer,-8.149861999999999,-2.8969840000000002,4.6710877,1566947911193
17467,226,Gyroscope,0.10140363,0.0842994,-0.048258353,1566947911202
17468,226,Accelerometer,-8.038532,-2.8048072,4.6878470000000005,1566947911203
17469,226,Gyroscope,0.14049901,0.013439035,-0.09285152,1566947911212
17470,226,Accelerometer,-8.038532,-2.8191724,4.6698904,1566947911213
17471,226,Gyroscope,0.15821409,-0.039095376,-0.124005646,1566947911222
17472,226,Accelerometer,-8.002619000000001,-2.8072014,4.7417164000000005,1566947911223
17473,226,Gyroscope,0.16615535,-0.08674286,-0.14172074,1566947911232
17474,226,Accelerometer,-7.994239299999999,-2.7928362,4.929661299999999,1566947911233
17475,226,Gyroscope,0.17531833,-0.118507855,-0.14660765,1566947911242
17476,226,Accelerometer,-7.955932000000001,-2.8119897999999997,5.1607018,1566947911243
17477,226,Gyroscope,0.17959438,-0.12339478,-0.13805555,1566947911252
17478,226,Accelerometer,-7.8218570000000005,-2.8311436000000003,5.3785739999999995,1566947911253
17479,226,Gyroscope,0.18509217,-0.12217305,-0.13072516,1566947911262
17480,226,Accelerometer,-7.684190299999999,-2.8167782000000003,5.4420204000000005,1566947911263
17481,226,Gyroscope,0.19242255,-0.11789699,-0.12767084,1566947911272
17482,226,Accelerometer,-7.539341,-2.7593174,5.5485625,1566947911273
17483,226,Gyroscope,0.19792034,-0.10934488,-0.13194689,1566947911282
17484,226,Accelerometer,-7.502231,-2.6719291000000003,5.6467247,1566947911283
17485,226,Gyroscope,0.1966986,-0.1020145,-0.13988814,1566947911292
17486,226,Accelerometer,-7.553706,-2.5941176,5.746084,1566947911293
17487,226,Gyroscope,0.1826487,-0.08307768,-0.1423316,1566947911302
17488,226,Accelerometer,-7.5345526,-2.5617957000000002,5.819107,1566947911303
17489,226,Gyroscope,0.16554448,-0.06291912,-0.14049901,1566947911312
17490,226,Accelerometer,-7.445967,-2.5582043999999997,5.9005103,1566947911313
17491,226,Gyroscope,0.15210545,-0.048258353,-0.14172074,1566947911323
17492,226,Accelerometer,-7.3897038,-2.6408044999999998,6.023811299999999,1566947911323
17493,226,Gyroscope,0.13744467,-0.030543262,-0.12583824,1566947911332
17494,226,Accelerometer,-7.322665700000001,-2.6527755,6.0453589999999995,1566947911333
17495,226,Gyroscope,0.118507855,-0.014660766,-0.10323623,1566947911342
17496,226,Accelerometer,-7.225700999999999,-2.6120741,6.0345855,1566947911343
17497,226,Gyroscope,0.10079276599999999,-0.014660766,-0.08307768,1566947911352
17498,226,Accelerometer,-7.055712,-2.528277,6.0585275,1566947911353
17499,226,Gyroscope,0.09285152,0.022602014,-0.070249505,1566947911362
17500,226,Accelerometer,-6.916848700000001,-2.4768016,6.1746464,1566947911363
17501,226,Gyroscope,0.08307768,0.047647487,-0.064751714,1566947911373
17502,226,Accelerometer,-6.8162923,-2.4313118,6.2704144,1566947911373
17503,226,Gyroscope,0.06414085,0.07513642,-0.06414085,1566947911382
17504,226,Accelerometer,-6.7600284,-2.421735,6.3685765,1566947911383
17505,226,Gyroscope,0.047647487,0.09285152,-0.06658431,1566947911392
17506,226,Accelerometer,-6.775591,-2.4887726000000003,6.4008985,1566947911393
17507,226,Gyroscope,0.021991148999999998,0.13072516,-0.064751714,1566947911402
17508,226,Accelerometer,-6.8905125,-2.5629928,6.405687,1566947911403
17509,226,Gyroscope,-0.009162978,0.172264,-0.05375614,1566947911412
17510,226,Accelerometer,-6.980295,-2.5809495,6.312312599999999,1566947911413
17511,226,Gyroscope,-0.03848451,0.20158553,-0.03848451,1566947911422
17512,226,Accelerometer,-7.007828,-2.6396074,6.123171,1566947911423
17513,226,Gyroscope,-0.057421334000000004,0.21868975,-0.025045475,1566947911432
17514,226,Accelerometer,-6.991069,-2.7665,5.951985400000001,1566947911433
17515,226,Gyroscope,-0.059864793,0.20586158,-0.01038471,1566947911442
17516,226,Accelerometer,-7.012616599999999,-2.9352913,5.6886234,1566947911443
17517,226,Gyroscope,-0.0580322,0.18997909,-0.004886922,1566947911453
17518,226,Accelerometer,-6.8749504,-3.0597897,5.6682725,1566947911453
17519,226,Gyroscope,-0.054367005999999996,0.19914207,0.009162978,1566947911462
17520,226,Accelerometer,-7.050924,-2.9819782000000004,5.5545480000000005,1566947911463
17521,226,Gyroscope,-0.0580322,0.21197024,0.028099801,1566947911472
17522,226,Accelerometer,-7.121553,-3.0298622,5.434838,1566947911473
17523,226,Gyroscope,-0.09590584,0.22724187,0.03481932,1566947911482
17524,226,Accelerometer,-7.0581064,-3.1052797,5.415684,1566947911483
17525,226,Gyroscope,-0.12339478,0.25350907,0.040927973,1566947911493
17526,226,Accelerometer,-7.157466,-3.1711202000000003,5.329493,1566947911493
17527,226,Gyroscope,-0.14660765,0.2773328,0.05009095,1566947911502
17528,226,Accelerometer,-7.243657000000001,-3.369839,5.1726727,1566947911503
17529,226,Gyroscope,-0.14660765,0.26083946,0.055588737,1566947911512
17530,226,Accelerometer,-7.301117999999999,-3.6320040000000002,5.079299,1566947911513
17531,226,Gyroscope,-0.12095132,0.22418754,0.06536258,1566947911522
17532,226,Accelerometer,-7.3490020000000005,-3.6966474000000002,5.073313,1566947911523
17533,226,Gyroscope,-0.0720821,0.19792034,0.09407325,1566947911532
17534,226,Accelerometer,-7.565677,-3.5637693,5.036203400000001,1566947911533
17535,226,Gyroscope,-0.025045475,0.16920967,0.13805555,1566947911543
17536,226,Accelerometer,-7.9248075,-3.3435028,4.972757,1566947911543
17537,226,Gyroscope,0.01282817,0.112399206,0.16982053,1566947911552
17538,226,Accelerometer,-8.0924015,-3.0693667000000002,5.027823400000001,1566947911553
17539,226,Gyroscope,0.032375857,0.05131268,0.19120082,1566947911562
17540,226,Accelerometer,-8.246828,-2.693477,5.118803,1566947911563
17541,226,Gyroscope,0.028710667000000002,0.01160644,0.20830505,1566947911572
17542,226,Accelerometer,-8.191761,-2.3678656000000005,5.246893,1566947911573
17543,226,Gyroscope,0.008552114,-0.009162978,0.21807889999999996,1566947911582
17544,226,Accelerometer,-8.1163435,-2.019509,5.4432178,1566947911583
17545,226,Gyroscope,-0.0012217305,-0.010995574,0.21197024,1566947911592
17546,226,Accelerometer,-7.979874000000001,-1.7286136000000003,5.6982,1566947911593
17547,226,Gyroscope,-0.0018325957999999999,0.0012217305,0.18692477,1566947911603
17548,226,Accelerometer,-7.852981599999999,-1.5310919,5.791574,1566947911603
17549,226,Gyroscope,0.0030543262,0.015271631,0.14599679999999998,1566947911612
17550,226,Accelerometer,-7.659051400000001,-1.423353,5.804742,1566947911613
17551,226,Gyroscope,0.005497787,0.035430185,0.086132,1566947911622
17552,226,Accelerometer,-7.582436599999999,-1.3335704,5.8083334,1566947911623
17553,226,Gyroscope,0.005497787,0.05375614,0.026267206,1566947911632
17554,226,Accelerometer,-7.656657000000001,-1.2868833999999998,5.7544637000000005,1566947911633
17555,226,Gyroscope,-0.009773844,0.06597344599999999,-0.03726278,1566947911642
17556,226,Accelerometer,-7.7560163,-1.3706805,5.7664347000000005,1566947911643
17557,226,Gyroscope,-0.02565634,0.095294975,-0.09407325,1566947911653
17558,226,Accelerometer,-7.845799,-1.5777789,5.8083334,1566947911653
17559,226,Gyroscope,-0.04276056599999999,0.12644911,-0.13255776,1566947911662
17560,226,Accelerometer,-7.8948803,-1.8543092,5.807136,1566947911663
17561,226,Gyroscope,-0.053145275,0.15149458,-0.1441642,1566947911672
17562,226,Accelerometer,-7.916428,-2.0925324,5.774814599999999,1566947911673
17563,226,Gyroscope,-0.05009095,0.1563815,-0.11362094,1566947911682
17564,226,Accelerometer,-7.8829093,-2.2433669999999997,5.637148000000001,1566947911683
17565,226,Gyroscope,-0.047647487,0.14782938,-0.076358154,1566947911692
17566,226,Accelerometer,-7.8278419999999995,-2.2601264,5.543774,1566947911693
17567,226,Gyroscope,-0.04337143,0.14721853,-0.036651913,1566947911702
17568,226,Accelerometer,-7.751228,-2.1499932,5.463568,1566947911703
17569,226,Gyroscope,-0.047036625,0.1441642,-0.009162978,1566947911713
17570,226,Accelerometer,-7.706935400000001,-2.0446482,5.3642087,1566947911713
17571,226,Gyroscope,-0.061086524,0.13500121,0.009773844,1566947911722
17572,226,Accelerometer,-7.703344,-1.9225439999999998,5.3043537,1566947911723
17573,226,Gyroscope,-0.06597344599999999,0.12278391400000001,0.02321288,1566947911732
17574,226,Accelerometer,-7.698555499999999,-1.8854338,5.2660465,1566947911733
17575,226,Gyroscope,-0.058643065,0.119729586,0.021380282999999996,1566947911742
17576,226,Accelerometer,-7.751228,-1.9249381999999997,5.315128,1566947911743
17577,226,Gyroscope,-0.04276056599999999,0.11056661,0.0061086523,1566947911752
17578,226,Accelerometer,-8.010999,-1.9560628,5.3163247,1566947911753
17579,226,Gyroscope,-0.036651913,0.111177474,-0.0030543262,1566947911763
17580,226,Accelerometer,-8.236053,-1.9285294999999998,5.1942205,1566947911763
17581,226,Gyroscope,-0.030543262,0.11484267,-0.009773844,1566947911772
17582,226,Accelerometer,-8.283937,-1.9009962,5.0996494000000006,1566947911773
17583,226,Gyroscope,-0.016493361,0.10140363,-0.014049901000000002,1566947911782
17584,226,Accelerometer,-8.277952,-2.0219033,5.026626599999999,1566947911783
17585,226,Gyroscope,0.009162978,0.064751714,-0.0067195175,1566947911792
17586,226,Accelerometer,-8.275558,-2.123657,5.0002904,1566947911793
17587,226,Gyroscope,0.029932396,0.031154128,0.009162978,1566947911802
17588,226,Accelerometer,-8.169016000000001,-2.099715,5.032612,1566947911803
17589,226,Gyroscope,0.045814894,-0.004276057,0.015882496,1566947911813
17590,226,Accelerometer,-7.983465700000001,-2.0087352,5.0745106,1566947911813
17591,226,Gyroscope,0.057421334000000004,-0.035430185,0.012217305,1566947911822
17592,226,Accelerometer,-7.823053999999999,-1.9105729999999999,5.1343656,1566947911823
17593,226,Gyroscope,0.06414085,-0.055588737,0.012217305,1566947911832
17594,226,Accelerometer,-7.7344685,-1.8459294999999998,5.3725886,1566947911833
17595,226,Gyroscope,0.069027774,-0.06841691,-0.018936822,1566947911842
17596,226,Accelerometer,-7.7189064,-1.7836802999999999,5.5246205,1566947911843
17597,226,Gyroscope,0.06841691,-0.069027774,-0.034208454,1566947911852
17598,226,Accelerometer,-7.759608,-1.7824832,5.577293,1566947911853
17599,226,Gyroscope,0.076358154,-0.07513642,-0.050701816,1566947911862
17600,226,Accelerometer,-7.699753,-1.7681179,5.567716000000001,1566947911863
17601,226,Gyroscope,0.08674286,-0.08002335,-0.05375614,1566947911873
17602,226,Accelerometer,-7.7105265,-1.8112136000000003,5.5126495,1566947911873
17603,226,Gyroscope,0.092240654,-0.07269296,-0.06047566,1566947911883
17604,226,Accelerometer,-7.669825,-1.8399439999999998,5.4288526,1566947911883
17605,226,Gyroscope,0.093462385,-0.061086524,-0.061086524,1566947911892
17606,226,Accelerometer,-7.714117999999999,-1.8112136000000003,5.410896,1566947911893
17607,226,Gyroscope,0.08735373,-0.0580322,-0.064751714,1566947911902
17608,226,Accelerometer,-7.7093296,-1.7968484,5.3366755999999995,1566947911903
17609,226,Gyroscope,0.07513642,-0.06597344599999999,-0.07391469,1566947911912
17610,226,Accelerometer,-7.7105265,-1.8435352999999999,5.2540755,1566947911913
17611,226,Gyroscope,0.051923547,-0.077579886,-0.08552113,1566947911923
17612,226,Accelerometer,-7.6638399999999995,-1.7525556,5.1343656,1566947911923
17613,226,Gyroscope,0.023823743999999997,-0.1142318,-0.105068825,1566947911932
17614,226,Accelerometer,-7.5788455,-1.6519991000000003,5.187037999999999,1566947911933
17615,226,Gyroscope,0.0067195175,-0.13316862,-0.12889257,1566947911942
17616,226,Accelerometer,-7.445967,-1.7022773999999998,5.2768207,1566947911943
17617,226,Gyroscope,0.021380282999999996,-0.15577064,-0.16371189,1566947911952
17618,226,Accelerometer,-7.380127000000001,-1.9560628,5.4408236,1566947911953
17619,226,Gyroscope,0.047036625,-0.17165314,-0.19853121,1566947911962
17620,226,Accelerometer,-7.5644803,-2.2397757,5.6108117,1566947911963
17621,226,Gyroscope,0.07391469,-0.17592919,-0.22540927,1566947911972
17622,226,Accelerometer,-7.803900200000001,-2.4588451,5.6563015,1566947911973
17623,226,Gyroscope,0.08246681,-0.16249016,-0.23823744,1566947911983
17624,226,Accelerometer,-7.966706299999999,-2.597709,5.612008599999999,1566947911983
17625,226,Gyroscope,0.06658431,-0.13927728,-0.23273966,1566947911993
17626,226,Accelerometer,-8.051701,-2.7269957000000002,5.6060233,1566947911993
17627,226,Gyroscope,0.05131268,-0.12095132,-0.20769419,1566947912002
17628,226,Accelerometer,-8.08881,-2.7844564999999997,5.697003,1566947912003
17629,226,Gyroscope,0.034208454,-0.1142318,-0.16737708,1566947912012
17630,226,Accelerometer,-8.037335,-2.7629087,5.8693852,1566947912013
17631,226,Gyroscope,0.02076942,-0.12339478,-0.12522738,1566947912022
17632,226,Accelerometer,-7.898471400000001,-2.7042507999999996,6.0226144999999995,1566947912023
17633,226,Gyroscope,0.013439035,-0.13561209,-0.08674286,1566947912033
17634,226,Accelerometer,-7.7093296,-2.6132712000000002,6.1902084,1566947912033
17635,226,Gyroscope,0.0012217305,-0.13194689,-0.05131268,1566947912042
17636,226,Accelerometer,-7.431602000000001,-2.4839842,6.326678,1566947912043
17637,226,Gyroscope,-0.025045475,-0.10873401,-0.017715093,1566947912052
17638,226,Accelerometer,-7.110779300000001,-2.3786395000000002,6.3865333,1566947912053
17639,226,Gyroscope,-0.047647487,-0.06597344599999999,0.01038471,1566947912062
17640,226,Accelerometer,-6.855796300000001,-2.2170308,6.493075,1566947912063
17641,226,Gyroscope,-0.06963864,-0.0030543262,0.03176499,1566947912072
17642,226,Accelerometer,-6.708553299999999,-2.1392192999999997,6.5325794,1566947912073
17643,226,Gyroscope,-0.08246681,0.0580322,0.054367005999999996,1566947912083
17644,226,Accelerometer,-6.813898,-2.0721814999999997,6.442796700000001,1566947912083
17645,226,Gyroscope,-0.10018189999999999,0.111177474,0.07391469,1566947912092
17646,226,Accelerometer,-6.908469,-1.8567034,6.1758432,1566947912093
17647,226,Gyroscope,-0.13011430000000002,0.16737708,0.08246681,1566947912102
17648,226,Accelerometer,-6.835446000000001,-1.6543933000000002,5.9448028,1566947912103
17649,226,Gyroscope,-0.14355333,0.21319197,0.07513642,1566947912112
17650,226,Accelerometer,-6.841431,-1.6747441000000003,5.8274870000000005,1566947912113
17651,226,Gyroscope,-0.1282817,0.23396139,0.043982297000000004,1566947912122
17652,226,Accelerometer,-7.168239999999999,-1.9464860000000002,5.6922144999999995,1566947912123
17653,226,Gyroscope,-0.11545353400000001,0.21746802,0.002443461,1566947912132
17654,226,Accelerometer,-7.544129400000001,-2.148796,5.529408999999999,1566947912133
17655,226,Gyroscope,-0.11545353400000001,0.20586158,-0.03359759,1566947912143
17656,226,Accelerometer,-7.902063,-2.3475148999999997,5.397728,1566947912143
17657,226,Gyroscope,-0.116675265,0.18142697,-0.06291912,1566947912152
17658,226,Accelerometer,-8.265982000000001,-2.5222914,5.185841,1566947912153
17659,226,Gyroscope,-0.1142318,0.15821409,-0.08796459400000001,1566947912162
17660,226,Accelerometer,-8.280347,-2.7712884,5.0493712,1566947912163
17661,226,Gyroscope,-0.081855945,0.10995574,-0.095294975,1566947912172
17662,226,Accelerometer,-8.281544,-3.1124623,5.1583076,1566947912173
17663,226,Gyroscope,-0.029932396,0.051923547,-0.08735373,1566947912182
17664,226,Accelerometer,-8.36175,-3.4991257000000004,5.213374,1566947912183
17665,226,Gyroscope,-0.007941248,0.007330383,-0.07941248,1566947912192
17666,226,Accelerometer,-8.416816,-3.5805287000000003,5.116409,1566947912193
17667,226,Gyroscope,-0.015882496,-0.007330383,-0.05681047,1566947912202
17668,226,Accelerometer,-8.346188,-3.3854012000000004,5.1092260000000005,1566947912203
17669,226,Gyroscope,-0.028099801,-0.01282817,-0.034208454,1566947912212
17670,226,Accelerometer,-8.064867999999999,-3.1423897999999997,5.1846437000000005,1566947912213
17671,226,Gyroscope,-0.025045475,-0.010995574,-0.022602014,1566947912222
17672,226,Accelerometer,-7.669825,-3.0131028,5.335478299999999,1566947912223
17673,226,Gyroscope,-0.009162978,-0.018936822,-0.022602014,1566947912232
17674,226,Accelerometer,-7.3753386,-2.9616275,5.511451999999999,1566947912233
17675,226,Gyroscope,0.01038471,-0.030543262,-0.025045475,1566947912242
17676,226,Accelerometer,-7.2460512999999995,-2.9436709999999997,5.5844755,1566947912243
17677,226,Gyroscope,0.027488936000000002,-0.039095376,-0.026267206,1566947912252
17678,226,Accelerometer,-7.223306699999999,-2.9484594,5.6108117,1566947912253
17679,226,Gyroscope,0.0421497,-0.03604105,-0.022602014,1566947912262
17680,226,Accelerometer,-7.271190600000001,-2.8886043999999997,5.6227827,1566947912263
17681,226,Gyroscope,0.050701816,-0.026267206,-0.010995574,1566947912272
17682,226,Accelerometer,-7.303512,-2.7880477999999997,5.626374,1566947912273
17683,226,Gyroscope,0.052534412999999995,-0.008552114,-0.008552114,1566947912282
17684,226,Accelerometer,-7.2939353,-2.7485435000000003,5.6096144,1566947912283
17685,226,Gyroscope,0.04520403,0.007941248,-0.004276057,1566947912292
17686,226,Accelerometer,-7.2927384,-2.7557259999999997,5.590461,1566947912293
17687,226,Gyroscope,0.035430185,0.018325957,-0.009773844,1566947912302
17688,226,Accelerometer,-7.335833999999999,-2.767697,5.614403,1566947912303
17689,226,Gyroscope,0.013439035,0.015271631,-0.013439035,1566947912312
17690,226,Accelerometer,-7.4591354999999995,-2.730587,5.5868697,1566947912313
17691,226,Gyroscope,-0.01160644,0.008552114,-0.020158553,1566947912322
17692,226,Accelerometer,-7.5046253,-2.634819,5.579687,1566947912323
17693,226,Gyroscope,-0.034208454,0.004886922,-0.030543262,1566947912332
17694,226,Accelerometer,-7.4351935,-2.6443958,5.633556400000001,1566947912333
17695,226,Gyroscope,-0.047647487,0.0067195175,-0.04520403,1566947912342
17696,226,Accelerometer,-7.466317999999999,-2.7473464,5.730521700000001,1566947912343
17697,226,Gyroscope,-0.05497787,0.007330383,-0.051923547,1566947912352
17698,226,Accelerometer,-7.502231,-2.859874,5.756858,1566947912353
17699,226,Gyroscope,-0.059864793,0.013439035,-0.04520403,1566947912362
17700,226,Accelerometer,-7.323863,-2.8886043999999997,5.8825536,1566947912363
17701,226,Gyroscope,-0.06047566,0.034208454,-0.03726278,1566947912372
17702,226,Accelerometer,-7.2304892999999995,-2.9855695,5.930437599999999,1566947912373
17703,226,Gyroscope,-0.059864793,0.049480084,-0.027488936000000002,1566947912382
17704,226,Accelerometer,-7.152677499999999,-3.0933087,5.9244523000000004,1566947912383
17705,226,Gyroscope,-0.062308256,0.05497787,-0.013439035,1566947912392
17706,226,Accelerometer,-7.023391,-3.0909145000000002,5.9184665999999995,1566947912393
17707,226,Gyroscope,-0.07086037,0.06841691,0.007941248,1566947912403
17708,226,Accelerometer,-6.8749504,-3.1352072,5.8681884,1566947912403
17709,226,Gyroscope,-0.07696902,0.08002335,0.014049901000000002,1566947912412
17710,226,Accelerometer,-6.745663,-3.0729580000000003,5.801151,1566947912413
17711,226,Gyroscope,-0.08307768,0.089186326,0.018325957,1566947912422
17712,226,Accelerometer,-6.766014,-3.0933087,5.705383,1566947912423
17713,226,Gyroscope,-0.08674286,0.11301007,0.018325957,1566947912432
17714,226,Accelerometer,-6.789956,-3.1232362,5.6323595,1566947912433
17715,226,Gyroscope,-0.08979719,0.13133603,0.019547688,1566947912442
17716,226,Accelerometer,-6.9144545,-3.1016884,5.591658,1566947912443
17717,226,Gyroscope,-0.10018189999999999,0.13500121,0.017715093,1566947912452
17718,226,Accelerometer,-7.047333,-3.0885203,5.523423,1566947912453
17719,226,Gyroscope,-0.10751228,0.12522738,0.025045475,1566947912462
17720,226,Accelerometer,-7.0964136,-2.992752,5.559336,1566947912463
17721,226,Gyroscope,-0.11301007,0.11728613,0.04276056599999999,1566947912472
17722,226,Accelerometer,-7.1454949999999995,-2.8646624,5.580883999999999,1566947912473
17723,226,Gyroscope,-0.1160644,0.10934488,0.06658431,1566947912482
17724,226,Accelerometer,-7.2101383000000006,-2.767697,5.627571,1566947912483
17725,226,Gyroscope,-0.1160644,0.081855945,0.08979719,1566947912492
17726,226,Accelerometer,-7.3083005000000005,-2.6898855999999998,5.73531,1566947912493
17727,226,Gyroscope,-0.11484267,0.064751714,0.11362094,1566947912502
17728,226,Accelerometer,-7.4184339999999995,-2.597709,5.7879825,1566947912503
17729,226,Gyroscope,-0.12217305,0.06536258,0.14049901,1566947912513
17730,226,Accelerometer,-7.5106106,-2.4911668,5.8634,1566947912513
17731,226,Gyroscope,-0.13561209,0.08552113,0.16798794,1566947912522
17732,226,Accelerometer,-7.608772999999999,-2.385822,5.9388175,1566947912523
17733,226,Gyroscope,-0.1563815,0.12583824,0.19058995,1566947912532
17734,226,Accelerometer,-7.6470804,-2.2517467,5.9364233,1566947912533
17735,226,Gyroscope,-0.16615535,0.17165314,0.21380283,1566947912542
17736,226,Accelerometer,-7.6410947,-2.146402,5.960365299999999,1566947912543
17737,226,Gyroscope,-0.16554448,0.21868975,0.22785273,1566947912552
17738,226,Accelerometer,-7.681796,-2.1068976000000004,5.910087,1566947912553
17739,226,Gyroscope,-0.15027285,0.2443461,0.226631,1566947912563
17740,226,Accelerometer,-7.785944000000001,-2.0434509999999997,5.8215012999999995,1566947912563
17741,226,Gyroscope,-0.12767084,0.24312437,0.21013765,1566947912572
17742,226,Accelerometer,-7.9762830000000005,-1.9369092,5.5856724,1566947912573
17743,226,Gyroscope,-0.118507855,0.22296582,0.17043139999999998,1566947912582
17744,226,Accelerometer,-8.085219,-1.8219875,5.3211129999999995,1566947912583
17745,226,Gyroscope,-0.11911872,0.18142697,0.11728613,1566947912592
17746,226,Accelerometer,-8.095993,-1.7250223000000002,5.2289367,1566947912593
17747,226,Gyroscope,-0.12583824,0.14966199,0.05375614,1566947912602
17748,226,Accelerometer,-8.015787,-1.7226281000000003,5.2265425,1566947912603
17749,226,Gyroscope,-0.13316862,0.124005646,-0.009773844,1566947912613
17750,226,Accelerometer,-7.959523700000001,-1.8986019,5.2660465,1566947912613
17751,226,Gyroscope,-0.14049901,0.105068825,-0.062308256,1566947912622
17752,226,Accelerometer,-7.8757267,-2.1523874,5.2852,1566947912623
17753,226,Gyroscope,-0.14355333,0.10323623,-0.09407325,1566947912632
17754,226,Accelerometer,-7.7787614000000005,-2.3726540000000003,5.2863975,1566947912633
17755,226,Gyroscope,-0.1337795,0.10751228,-0.073303826,1566947912642
17756,226,Accelerometer,-7.7943234,-2.586935,5.2516812999999996,1566947912643
17757,226,Gyroscope,-0.10995574,0.116675265,-0.040317107000000005,1566947912652
17758,226,Accelerometer,-7.8613615,-2.694674,5.221754,1566947912652
17759,226,Gyroscope,-0.089186326,0.12644911,-0.0036651915999999997,1566947912663
17760,226,Accelerometer,-7.972691499999999,-2.7234043999999997,5.1882353,1566947912663
17761,226,Gyroscope,-0.08246681,0.13072516,0.023823743999999997,1566947912672
17762,226,Accelerometer,-8.109161,-2.6719291000000003,5.094861,1566947912673
17763,226,Gyroscope,-0.07513642,0.12278391400000001,0.04520403,1566947912682
17764,226,Accelerometer,-8.154651,-2.505532,5.0721164000000005,1566947912683
17765,226,Gyroscope,-0.06352998,0.11056661,0.062308256,1566947912692
17766,226,Accelerometer,-8.1558485,-2.3247697,5.1271830000000005,1566947912693
17767,226,Gyroscope,-0.044593163,0.08796459400000001,0.06719518,1566947912702
17768,226,Accelerometer,-8.1319065,-2.1978772,5.16549,1566947912703
17769,226,Gyroscope,-0.023823743999999997,0.0580322,0.06047566,1566947912712
17770,226,Accelerometer,-8.182184,-2.0386627,5.1379566,1566947912713
17771,226,Gyroscope,-0.013439035,0.029932396,0.05131268,1566947912723
17772,226,Accelerometer,-8.173803999999999,-1.8531121,5.052963,1566947912723
17773,226,Gyroscope,-0.018325957,-0.00061086525,0.036651913,1566947912732
17774,226,Accelerometer,-8.054094000000001,-1.6555905,4.953603299999999,1566947912733
17775,226,Gyroscope,-0.008552114,-0.035430185,0.021991148999999998,1566947912742
17776,226,Accelerometer,-7.916428,-1.5753847,4.97156,1566947912743
17777,226,Gyroscope,0.014049901000000002,-0.06963864,-0.00061086525,1566947912753
17778,226,Accelerometer,-7.9092455,-1.5682021000000002,5.1355624,1566947912753
17779,226,Gyroscope,0.035430185,-0.093462385,-0.016493361,1566947912762
17780,226,Accelerometer,-7.967903,-1.5610195,5.3043537,1566947912763
17781,226,Gyroscope,0.03970624,-0.10140363,-0.021380282999999996,1566947912772
17782,226,Accelerometer,-7.9607205,-1.5466543,5.398925,1566947912773
17783,226,Gyroscope,0.02687807,-0.09162979,-0.018325957,1566947912782
17784,226,Accelerometer,-7.881711999999999,-1.4987701999999998,5.45878,1566947912783
17785,226,Gyroscope,0.014049901000000002,-0.08246681,-0.018325957,1566947912792
17786,226,Accelerometer,-7.813477000000001,-1.5059528,5.4970870000000005,1566947912793
17787,226,Gyroscope,0.005497787,-0.076358154,-0.018325957,1566947912803
17788,226,Accelerometer,-7.703344,-1.6112977,5.5725045,1566947912803
17789,226,Gyroscope,0.01038471,-0.06414085,-0.015882496,1566947912812
17790,226,Accelerometer,-7.7093296,-1.7621324,5.6682725,1566947912813
17791,226,Gyroscope,0.018936822,-0.061086524,-0.010995574,1566947912822
17792,226,Accelerometer,-7.892486,-1.62686,5.7616463,1566947912823
17793,226,Gyroscope,0.01160644,-0.05131268,-0.00061086525,1566947912832
17794,226,Accelerometer,-7.8613615,-1.5765818,5.8059389999999995,1566947912833
17795,226,Gyroscope,-0.0036651915999999997,-0.029932396,0.007330383,1566947912842
17796,226,Accelerometer,-7.78355,-1.6388310000000001,5.7867856,1566947912843
17797,226,Gyroscope,-0.02321288,-0.008552114,0.010995574,1566947912852
17798,226,Accelerometer,-7.72968,-1.8327613999999999,5.7161565,1566947912853
17799,226,Gyroscope,-0.02687807,-0.008552114,0.023823743999999997,1566947912862
17800,226,Accelerometer,-7.8290396,-1.9129671999999998,5.649119000000001,1566947912863
17801,226,Gyroscope,-0.032375857,-0.005497787,0.029932396,1566947912872
17802,226,Accelerometer,-7.880514999999999,-1.8387468999999996,5.555745,1566947912873
17803,226,Gyroscope,-0.045814894,-0.002443461,0.035430185,1566947912882
17804,226,Accelerometer,-7.803900200000001,-1.7585411,5.4432178,1566947912883
17805,226,Gyroscope,-0.069027774,-0.004886922,0.036651913,1566947912892
17806,226,Accelerometer,-7.6614455999999995,-1.6771383000000002,5.366603,1566947912893
17807,226,Gyroscope,-0.08246681,-0.018325957,0.03604105,1566947912903
17808,226,Accelerometer,-7.513005000000001,-1.6041151000000002,5.4240639999999996,1566947912903
17809,226,Gyroscope,-0.084910266,-0.026267206,0.032375857,1566947912912
17810,226,Accelerometer,-7.455544000000001,-1.5562311000000002,5.4934959999999995,1566947912913
17811,226,Gyroscope,-0.084910266,-0.02076942,0.021991148999999998,1566947912922
17812,226,Accelerometer,-7.3753386,-1.5143325,5.487509999999999,1566947912923
17813,226,Gyroscope,-0.0842994,-0.009773844,0.0061086523,1566947912932
17814,226,Accelerometer,-7.273585000000001,-1.5334862,5.4408236,1566947912933
17815,226,Gyroscope,-0.095294975,-0.0018325957999999999,-0.015271631,1566947912942
17816,226,Accelerometer,-7.186196300000001,-1.6531962,5.346252400000001,1566947912943
17817,226,Gyroscope,-0.10812314599999999,-0.0030543262,-0.036651913,1566947912952
17818,226,Accelerometer,-7.091625,-1.7956512999999998,5.1942205,1566947912953
17819,226,Gyroscope,-0.11056661,-0.008552114,-0.062308256,1566947912962
17820,226,Accelerometer,-7.007828,-2.0949266,5.1547165,1566947912963
17821,226,Gyroscope,-0.09285152,-0.028099801,-0.09590584,1566947912972
17822,226,Accelerometer,-7.232883500000001,-2.3630772,5.141548,1566947912973
17823,226,Gyroscope,-0.06719518,-0.06658431,-0.1386664,1566947912982
17824,226,Accelerometer,-7.5692687,-2.4384943999999997,5.2899885,1566947912983
17825,226,Gyroscope,-0.04886922,-0.08674286,-0.16676621,1566947912992
17826,226,Accelerometer,-7.943961,-2.3726540000000003,5.4168816,1566947912993
17827,226,Gyroscope,-0.040317107000000005,-0.09896017,-0.1881465,1566947913003
17828,226,Accelerometer,-8.22528,-2.2661119,5.4695540000000005,1566947913003
17829,226,Gyroscope,-0.040317107000000005,-0.13744467,-0.19181168,1566947913012
17830,226,Accelerometer,-8.416816,-2.292448,5.590461,1566947913013
17831,226,Gyroscope,-0.03726278,-0.21197024,-0.17165314,1566947913022
17832,226,Accelerometer,-8.582016000000001,-2.3355439,5.762843599999999,1566947913023
17833,226,Gyroscope,-0.0421497,-0.30543262,-0.13805555,1566947913032
17834,226,Accelerometer,-8.482656500000001,-2.27928,6.1758432,1566947913033
17835,226,Gyroscope,-0.050701816,-0.34330627,-0.09468412,1566947913042
17836,226,Accelerometer,-8.167819,-2.1871033,6.576872,1566947913043
17837,226,Gyroscope,-0.07819075,-0.28710666,-0.0421497,1566947913052
17838,226,Accelerometer,-7.765592999999999,-2.1284454,6.879739,1566947913053
17839,226,Gyroscope,-0.11545353400000001,-0.16432275,0.007330383,1566947913062
17840,226,Accelerometer,-7.400477400000001,-2.2541409,7.101202000000001,1566947913063
17841,226,Gyroscope,-0.16187929,0.0012217305,0.03848451,1566947913072
17842,226,Accelerometer,-7.253234,-2.348712,7.0724716,1566947913073
17843,226,Gyroscope,-0.21563543,0.16371189,0.06597344599999999,1566947913082
17844,226,Accelerometer,-7.0904284,-2.3810337,6.70975,1566947913083
17845,226,Gyroscope,-0.28955013,0.34819320000000004,0.1020145,1566947913092
17846,226,Accelerometer,-6.918046,-2.445677,6.1818290000000005,1566947913093
17847,226,Gyroscope,-0.30604348,0.41844269999999995,0.11178834,1566947913102
17848,226,Accelerometer,-6.900089299999999,-2.5139117000000004,5.5258174,1566947913103
17849,226,Gyroscope,-0.2883284,0.43799037,0.10629055,1566947913112
17850,226,Accelerometer,-7.111975999999999,-2.5450362999999996,5.0014873,1566947913113
17851,226,Gyroscope,-0.2321288,0.41294490000000006,0.096516706,1566947913122
17852,226,Accelerometer,-7.322665700000001,-2.6204537999999995,4.6830587,1566947913123
17853,226,Gyroscope,-0.15149458,0.35613444,0.06780604,1566947913132
17854,226,Accelerometer,-7.4567413,-2.801216,4.5418005,1566947913133
17855,226,Gyroscope,-0.061086524,0.258396,0.029321532999999997,1566947913142
17856,226,Accelerometer,-7.928399000000001,-3.0813377,4.4328647000000005,1566947913143
17857,226,Gyroscope,-0.018325957,0.14538592,0.0030543262,1566947913153
17858,226,Accelerometer,-8.412027,-3.1711202000000003,4.271256,1566947913153
17859,226,Gyroscope,-0.03176499,0.037873644,0.004886922,1566947913162
17860,226,Accelerometer,-8.577228,-3.098097,4.107253,1566947913163
17861,226,Gyroscope,-0.048258353,-0.07391469,0.005497787,1566947913172
17862,226,Accelerometer,-8.524555,-3.1483752999999997,4.0809169999999995,1566947913173
17863,226,Gyroscope,-0.04520403,-0.17592919,0.004886922,1566947913182
17864,226,Accelerometer,-8.537724,-3.3159695,4.31076,1566947913183
17865,226,Gyroscope,-0.026267206,-0.23518312,0.013439035,1566947913192
17866,226,Accelerometer,-8.508992999999998,-3.4632127,4.673482,1566947913193
17867,226,Gyroscope,-0.007330383,-0.26511553,0.02565634,1566947913202
17868,226,Accelerometer,-8.384495,-3.3530796,4.9667715999999995,1566947913203
17869,226,Gyroscope,0.004276057,-0.26816985,0.03359759,1566947913212
17870,226,Accelerometer,-8.200141,-3.1088709999999997,5.2145715,1566947913213
17871,226,Gyroscope,0.0067195175,-0.23335053,0.032375857,1566947913222
17872,226,Accelerometer,-7.8673470000000005,-2.8562827,5.459976999999999,1566947913223
17873,226,Gyroscope,0.008552114,-0.1966986,0.022602014,1566947913232
17874,226,Accelerometer,-7.429208,-2.6767175,5.650316,1566947913233
17875,226,Gyroscope,0.0067195175,-0.16737708,0.014660766,1566947913243
17876,226,Accelerometer,-7.120356,-2.5785553,5.729325,1566947913243
17877,226,Gyroscope,-0.0036651915999999997,-0.13988814,0.016493361,1566947913252
17878,226,Accelerometer,-6.9012866,-2.5725696,5.768829,1566947913253
17879,226,Gyroscope,-0.004276057,-0.11789699,0.014660766,1566947913262
17880,226,Accelerometer,-6.853402,-2.598906,5.8598084,1566947913263
17881,226,Gyroscope,-0.009773844,-0.089186326,0.021380282999999996,1566947913272
17882,226,Accelerometer,-6.946776400000001,-2.5821466,5.919664,1566947913273
17883,226,Gyroscope,-0.013439035,-0.047036625,0.030543262,1566947913282
17884,226,Accelerometer,-7.005433999999999,-2.718616,6.069301,1566947913283
17885,226,Gyroscope,-0.008552114,-0.01282817,0.032375857,1566947913293
17886,226,Accelerometer,-7.2592196,-2.8742392000000003,5.9926867,1566947913293
17887,226,Gyroscope,-0.009773844,-0.01038471,0.034208454,1566947913302
17888,226,Accelerometer,-7.4184339999999995,-2.8083985,5.920861,1566947913303
17889,226,Gyroscope,-0.029321532999999997,-0.005497787,0.034208454,1566947913312
17890,226,Accelerometer,-7.4986396,-2.6886885,5.8885393,1566947913313
17891,226,Gyroscope,-0.069027774,0.018325957,0.029932396,1566947913322
17892,226,Accelerometer,-7.546523599999999,-2.6515784,5.85502,1566947913323
17893,226,Gyroscope,-0.09407325,0.019547688,0.021991148999999998,1566947913332
17894,226,Accelerometer,-7.513005000000001,-2.6420016,5.8023477,1566947913333
17895,226,Gyroscope,-0.11056661,0.007330383,0.015271631,1566947913343
17896,226,Accelerometer,-7.4507556,-2.621651,5.7365074,1566947913343
17897,226,Gyroscope,-0.12461651,-0.00061086525,0.01038471,1566947913352
17898,226,Accelerometer,-7.249642999999999,-2.6036943999999997,5.771223,1566947913353
17899,226,Gyroscope,-0.12644911,-0.01038471,-0.0012217305,1566947913362
17900,226,Accelerometer,-7.1754226999999995,-2.695871,5.8598084,1566947913363
17901,226,Gyroscope,-0.12950343,-0.020158553,-0.01160644,1566947913372
17902,226,Accelerometer,-7.2304892999999995,-2.6839,5.923255,1566947913373
17903,226,Gyroscope,-0.13439035,-0.022602014,-0.015882496,1566947913382
17904,226,Accelerometer,-7.157466,-2.622848,5.9687448,1566947913383
17905,226,Gyroscope,-0.14294247,-0.014660766,-0.014049901000000002,1566947913393
17906,226,Accelerometer,-7.1179619999999995,-2.6204537999999995,6.0142345,1566947913393
17907,226,Gyroscope,-0.15393804,-0.008552114,-0.01038471,1566947913402
17908,226,Accelerometer,-7.013814,-2.6743232999999997,6.007052,1566947913403
17909,226,Gyroscope,-0.16920967,0.00061086525,-0.0061086523,1566947913412
17910,226,Accelerometer,-6.915652000000001,-2.7808652,6.0740894999999995,1566947913413
17911,226,Gyroscope,-0.18020524,0.02687807,0.004886922,1566947913422
17912,226,Accelerometer,-6.9958572,-2.8263552000000005,6.144718599999999,1566947913423
17913,226,Gyroscope,-0.18631389999999998,0.06780604,0.02321288,1566947913432
17914,226,Accelerometer,-6.9527617,-2.871845,6.133945,1566947913433
17915,226,Gyroscope,-0.19058995,0.112399206,0.04642576,1566947913442
17916,226,Accelerometer,-7.077260000000001,-2.9077580000000003,6.0716953,1566947913443
17917,226,Gyroscope,-0.18753563,0.14110987,0.0580322,1566947913452
17918,226,Accelerometer,-7.0880339999999995,-2.9939492000000003,5.997475,1566947913453
17919,226,Gyroscope,-0.18142697,0.16737708,0.07086037,1566947913462
17920,226,Accelerometer,-7.047333,-3.064578,5.889736,1566947913463
17921,226,Gyroscope,-0.17165314,0.1881465,0.092240654,1566947913472
17922,226,Accelerometer,-7.1646485,-3.0262709,5.747281,1566947913473
17923,226,Gyroscope,-0.17531833,0.21074851,0.105068825,1566947913482
17924,226,Accelerometer,-7.2388687,-3.0310593,5.5605335,1566947913483
17925,226,Gyroscope,-0.17898351,0.21807889999999996,0.10812314599999999,1566947913492
17926,226,Accelerometer,-7.386112,-3.0154970000000003,5.374983,1566947913492
17927,226,Gyroscope,-0.18387043,0.20525073,0.11056661,1566947913503
17928,226,Accelerometer,-7.487866,-3.1052797,5.249287000000001,1566947913503
17929,226,Gyroscope,-0.18631389999999998,0.18142697,0.10629055,1566947913512
17930,226,Accelerometer,-7.479486,-3.1794999,5.2409077,1566947913513
17931,226,Gyroscope,-0.17592919,0.16249016,0.105068825,1566947913522
17932,226,Accelerometer,-7.523778999999999,-3.1495724,5.243302,1566947913523
17933,226,Gyroscope,-0.16920967,0.17043139999999998,0.11911872,1566947913532
17934,226,Accelerometer,-7.386112,-3.1256304,5.249287000000001,1566947913533
17935,226,Gyroscope,-0.15332718,0.1826487,0.13316862,1566947913542
17936,226,Accelerometer,-7.353790299999999,-3.2070332,5.346252400000001,1566947913543
17937,226,Gyroscope,-0.124005646,0.20097467,0.15760323,1566947913553
17938,226,Accelerometer,-7.5046253,-3.2034418999999996,5.391742,1566947913553
17939,226,Gyroscope,-0.11545353400000001,0.19364429,0.17715092,1566947913562
17940,226,Accelerometer,-7.721300599999999,-3.0849290000000003,5.2816089999999996,1566947913563
17941,226,Gyroscope,-0.12644911,0.15210545,0.18509217,1566947913572
17942,226,Accelerometer,-7.896077,-2.861071,5.056554,1566947913573
17943,226,Gyroscope,-0.13683382,0.10262536,0.18448131,1566947913583
17944,226,Accelerometer,-8.0445175,-2.7509377,4.9057193,1566947913583
17945,226,Gyroscope,-0.12583824,0.058643065,0.18081611,1566947913592
17946,226,Accelerometer,-8.161833999999999,-2.6611552000000005,4.9164934,1566947913593
17947,226,Gyroscope,-0.0983493,0.01282817,0.17592919,1566947913602
17948,226,Accelerometer,-8.135497,-2.492364,5.055357,1566947913603
17949,226,Gyroscope,-0.07147124,-0.007330383,0.15882497,1566947913612
17950,226,Accelerometer,-8.012196000000001,-2.3762453,5.2624555,1566947913613
17951,226,Gyroscope,-0.04520403,-0.010995574,0.14294247,1566947913622
17952,226,Accelerometer,-7.8865004,-2.2661119,5.427655000000001,1566947913623
17953,226,Gyroscope,-0.036651913,-0.004886922,0.12950343,1566947913632
17954,226,Accelerometer,-7.797915,-2.1523874,5.601235,1566947913633
17955,226,Gyroscope,-0.04276056599999999,0.01160644,0.10995574,1566947913643
17956,226,Accelerometer,-7.7572136,-2.0254946,5.662287,1566947913643
17957,226,Gyroscope,-0.06658431,0.034208454,0.08002335,1566947913652
17958,226,Accelerometer,-7.741650999999999,-1.9261352999999999,5.633556400000001,1566947913653
17959,226,Gyroscope,-0.1020145,0.054367005999999996,0.03481932,1566947913662
17960,226,Accelerometer,-7.789535000000001,-1.8698715,5.5042696,1566947913663
17961,226,Gyroscope,-0.13255776,0.06352998,-0.01038471,1566947913672
17962,226,Accelerometer,-7.795521000000001,-1.8986019,5.5222263,1566947913673
17963,226,Gyroscope,-0.14599679999999998,0.07086037,-0.04642576,1566947913682
17964,226,Accelerometer,-7.787141,-2.055422,5.601235,1566947913683
17965,226,Gyroscope,-0.14538592,0.069027774,-0.06169739,1566947913693
17966,226,Accelerometer,-7.8050976,-2.31639,5.6443305,1566947913693
17967,226,Gyroscope,-0.13988814,0.06352998,-0.05497787,1566947913702
17968,226,Accelerometer,-7.675811,-2.457648,5.677849299999999,1566947913703
17969,226,Gyroscope,-0.13072516,0.05681047,-0.028099801,1566947913712
17970,226,Accelerometer,-7.5525093,-2.505532,5.7257333,1566947913713
17971,226,Gyroscope,-0.12889257,0.06169739,0.009773844,1566947913722
17972,226,Accelerometer,-7.444770299999999,-2.4552537999999995,5.723339,1566947913723
17973,226,Gyroscope,-0.13561209,0.07574729,0.054367005999999996,1566947913732
17974,226,Accelerometer,-7.417236999999999,-2.3798366,5.7089739999999995,1566947913733
17975,226,Gyroscope,-0.14660765,0.089186326,0.09773844,1566947913743
17976,226,Accelerometer,-7.565677,-2.2529437999999997,5.664681400000001,1566947913743
17977,226,Gyroscope,-0.15882497,0.09285152,0.13011430000000002,1566947913752
17978,226,Accelerometer,-7.675811,-2.111686,5.621585400000001,1566947913753
17979,226,Gyroscope,-0.16920967,0.10812314599999999,0.14660765,1566947913762
17980,226,Accelerometer,-7.721300599999999,-2.0159178,5.5329999999999995,1566947913763
17981,226,Gyroscope,-0.16982053,0.116675265,0.15271631,1566947913772
17982,226,Accelerometer,-7.8589673,-1.9321207999999999,5.483919,1566947913773
17983,226,Gyroscope,-0.15210545,0.13255776,0.13561209,1566947913782
17984,226,Accelerometer,-7.9583262999999995,-1.7884687,5.397728,1566947913783
17985,226,Gyroscope,-0.1386664,0.14599679999999998,0.1160644,1566947913792
17986,226,Accelerometer,-7.966706299999999,-1.6436194,5.322310400000001,1566947913793
17987,226,Gyroscope,-0.13500121,0.14538592,0.09162979,1566947913802
17988,226,Accelerometer,-8.003817,-1.5813701999999998,5.2157683,1566947913803
17989,226,Gyroscope,-0.12950343,0.13194689,0.0580322,1566947913812
17990,226,Accelerometer,-7.920019,-1.5897499,5.106832,1566947913813
17991,226,Gyroscope,-0.13439035,0.106901415,0.032375857,1566947913822
17992,226,Accelerometer,-7.8948803,-1.7106571,4.983531,1566947913823
17993,226,Gyroscope,-0.13255776,0.069027774,0.01160644,1566947913832
17994,226,Accelerometer,-7.994239299999999,-1.9117701,4.929661299999999,1566947913833
17995,226,Gyroscope,-0.112399206,0.028099801,-0.004886922,1566947913842
17996,226,Accelerometer,-8.109161,-2.0530279,4.948815,1566947913843
17997,226,Gyroscope,-0.09468412,0.00061086525,-0.007330383,1566947913853
17998,226,Accelerometer,-8.206126,-2.111686,4.9775453,1566947913853
17999,226,Gyroscope,-0.08063421400000001,-0.019547688,-0.0030543262,1566947913862
18000,226,Accelerometer,-8.157045,-2.0901381999999997,5.006275700000001,1566947913863
18001,226,Gyroscope,-0.07391469,-0.047647487,0.0012217305,1566947913872
18002,226,Accelerometer,-8.066066000000001,-2.0973208,5.129576999999999,1566947913873
18003,226,Gyroscope,-0.06291912,-0.07086037,0.01038471,1566947913882
18004,226,Accelerometer,-7.989451,-2.146402,5.1846437000000005,1566947913883
18005,226,Gyroscope,-0.057421334000000004,-0.08857546,0.014660766,1566947913892
18006,226,Accelerometer,-7.9092455,-2.1152773,5.16549,1566947913893
18007,226,Gyroscope,-0.058643065,-0.10323623,0.008552114,1566947913902
18008,226,Accelerometer,-7.9272017,-1.9680338,5.1762643,1566947913903
18009,226,Gyroscope,-0.05681047,-0.112399206,-0.0061086523,1566947913912
18010,226,Accelerometer,-7.9104424,-1.8590976000000001,5.2277393,1566947913913
18011,226,Gyroscope,-0.054367005999999996,-0.11301007,-0.02443461,1566947913922
18012,226,Accelerometer,-7.920019,-1.8674773,5.270835,1566947913923
18013,226,Gyroscope,-0.04520403,-0.12156218,-0.043982297000000004,1566947913932
18014,226,Accelerometer,-7.884106,-1.9177556,5.2660465,1566947913933
18015,226,Gyroscope,-0.04520403,-0.12889257,-0.06414085,1566947913942
18016,226,Accelerometer,-7.836222,-1.9369092,5.2624555,1566947913943
18017,226,Gyroscope,-0.035430185,-0.13133603,-0.08857546,1566947913952
18018,226,Accelerometer,-7.904457000000001,-2.0111293999999997,5.3211129999999995,1566947913953
18019,226,Gyroscope,-0.02076942,-0.12522738,-0.10751228,1566947913962
18020,226,Accelerometer,-7.884106,-2.134431,5.303157,1566947913963
18021,226,Gyroscope,-0.009162978,-0.13011430000000002,-0.12767084,1566947913973
18022,226,Accelerometer,-7.949947,-2.3008277,5.243302,1566947913973
18023,226,Gyroscope,-0.0067195175,-0.14477506,-0.14294247,1566947913982
18024,226,Accelerometer,-8.018182000000001,-2.4396915,5.102043599999999,1566947913983
18025,226,Gyroscope,-0.012217305,-0.16676621,-0.14477506,1566947913993
18026,226,Accelerometer,-8.042124000000001,-2.4911668,5.0374002,1566947913993
18027,226,Gyroscope,-0.016493361,-0.20036379999999998,-0.13927728,1566947914002
18028,226,Accelerometer,-7.921216499999999,-2.4588451,5.1200004,1566947914003
18029,226,Gyroscope,-0.009773844,-0.24129178,-0.11728613,1566947914012
18030,226,Accelerometer,-7.824250999999999,-2.4720132,5.319916200000001,1566947914013
18031,226,Gyroscope,-0.004276057,-0.26816985,-0.10567969,1566947914022
18032,226,Accelerometer,-7.739257,-2.5198972,5.5868697,1566947914023
18033,226,Gyroscope,-0.007941248,-0.27672195,-0.086132,1566947914032
18034,226,Accelerometer,-7.680599000000001,-2.4959552000000005,5.9627595,1566947914033
18035,226,Gyroscope,-0.032375857,-0.26083946,-0.057421334000000004,1566947914042
18036,226,Accelerometer,-7.605181699999999,-2.4085669999999997,6.199784999999999,1566947914043
18037,226,Gyroscope,-0.06536258,-0.21074851,-0.02687807,1566947914052
18038,226,Accelerometer,-7.3825210000000006,-2.3942018,6.430825700000001,1566947914053
18039,226,Gyroscope,-0.093462385,-0.12522738,0.007330383,1566947914062
18040,226,Accelerometer,-7.159860000000001,-2.4863784,6.578069,1566947914063
18041,226,Gyroscope,-0.11056661,-0.03604105,0.037873644,1566947914072
18042,226,Accelerometer,-6.999449,-2.6743232999999997,6.625953,1566947914073
18043,226,Gyroscope,-0.10995574,0.05375614,0.069027774,1566947914082
18044,226,Accelerometer,-6.9491705999999995,-2.7641058,6.576872,1566947914083
18045,226,Gyroscope,-0.111177474,0.1386664,0.08857546,1566947914092
18046,226,Accelerometer,-7.060500599999999,-2.7485435000000003,6.362591,1566947914093
18047,226,Gyroscope,-0.11728613,0.20158553,0.10629055,1566947914102
18048,226,Accelerometer,-7.2723875,-2.634819,6.029797,1566947914103
18049,226,Gyroscope,-0.13072516,0.22602014,0.11484267,1566947914112
18050,226,Accelerometer,-7.3274539999999995,-2.3738509999999997,5.6682725,1566947914113
18051,226,Gyroscope,-0.13011430000000002,0.2284636,0.103847094,1566947914122
18052,226,Accelerometer,-7.298723700000001,-2.27928,5.427655000000001,1566947914123
18053,226,Gyroscope,-0.11484267,0.1826487,0.08674286,1566947914132
18054,226,Accelerometer,-7.489063000000001,-2.3331497000000003,5.1906295,1566947914133
18055,226,Gyroscope,-0.10812314599999999,0.119729586,0.06780604,1566947914142
18056,226,Accelerometer,-7.607576,-2.315193,4.969166,1566947914143
18057,226,Gyroscope,-0.10629055,0.06352998,0.05009095,1566947914152
18058,226,Accelerometer,-7.540538300000001,-2.2732944,4.921282,1566947914153
18059,226,Gyroscope,-0.08002335,0.009162978,0.021991148999999998,1566947914162
18060,226,Accelerometer,-7.4483614000000005,-2.3918076,5.1379566,1566947914163
18061,226,Gyroscope,-0.045814894,-0.04642576,-0.01038471,1566947914172
18062,226,Accelerometer,-7.6003933,-2.6420016,5.392939,1566947914173
18063,226,Gyroscope,-0.039095376,-0.07696902,-0.030543262,1566947914182
18064,226,Accelerometer,-7.824250999999999,-2.6599581000000003,5.5090580000000005,1566947914183
18065,226,Gyroscope,-0.058643065,-0.06658431,-0.03481932,1566947914192
18066,226,Accelerometer,-7.741650999999999,-2.5354595,5.543774,1566947914193
18067,226,Gyroscope,-0.06841691,-0.053145275,-0.03848451,1566947914202
18068,226,Accelerometer,-7.568071400000001,-2.7641058,5.601235,1566947914203
18069,226,Gyroscope,-0.06414085,-0.04337143,-0.034208454,1566947914212
18070,226,Accelerometer,-7.4483614000000005,-2.7964275,5.627571,1566947914213
18071,226,Gyroscope,-0.047036625,-0.037873644,-0.018325957,1566947914222
18072,226,Accelerometer,-7.381324,-2.9125464,5.683835,1566947914223
18073,226,Gyroscope,-0.02565634,-0.027488936000000002,-0.009162978,1566947914232
18074,226,Accelerometer,-7.4758949999999995,-2.89459,5.628768,1566947914233
18075,226,Gyroscope,-0.017715093,-0.009162978,0.007330383,1566947914242
18076,226,Accelerometer,-7.381324,-2.7437549999999997,5.647922,1566947914243
18077,226,Gyroscope,-0.03176499,0.008552114,0.017104227,1566947914252
18078,226,Accelerometer,-7.346607700000001,-2.741361,5.714959599999999,1566947914253
18079,226,Gyroscope,-0.03726278,0.013439035,0.02321288,1566947914263
18080,226,Accelerometer,-7.4591354999999995,-2.7593174,5.697003,1566947914263
18081,226,Gyroscope,-0.04642576,0.010995574,0.03176499,1566947914272
18082,226,Accelerometer,-7.438784599999999,-2.6491842,5.695806,1566947914273
18083,226,Gyroscope,-0.05375614,0.017104227,0.031154128,1566947914283
18084,226,Accelerometer,-7.45315,-2.730587,5.719748,1566947914283
18085,226,Gyroscope,-0.059864793,0.017715093,0.019547688,1566947914292
18086,226,Accelerometer,-7.582436599999999,-2.7808652,5.686229,1566947914293
18087,226,Gyroscope,-0.07391469,0.019547688,0.02076942,1566947914303
18088,226,Accelerometer,-7.568071400000001,-2.7341783,5.6467247,1566947914303
18089,226,Gyroscope,-0.08674286,0.036651913,0.02076942,1566947914312
18090,226,Accelerometer,-7.4986396,-2.7605145,5.677849299999999,1566947914313
18091,226,Gyroscope,-0.0842994,0.047036625,0.016493361,1566947914323
18092,226,Accelerometer,-7.4483614000000005,-2.8323407000000005,5.6670755999999995,1566947914323
18093,226,Gyroscope,-0.08674286,0.0421497,0.007941248,1566947914332
18094,226,Accelerometer,-7.4327993,-2.9508536,5.649119000000001,1566947914333
18095,226,Gyroscope,-0.09468412,0.05681047,0.009162978,1566947914342
18096,226,Accelerometer,-7.4986396,-2.9580362,5.5401826,1566947914343
18097,226,Gyroscope,-0.10995574,0.06841691,0.018325957,1566947914352
18098,226,Accelerometer,-7.396886299999999,-2.8431146000000003,5.474342299999999,1566947914353
18099,226,Gyroscope,-0.11911872,0.06658431,0.031154128,1566947914363
18100,226,Accelerometer,-7.28795,-2.822764,5.4623713,1566947914363
18101,226,Gyroscope,-0.11301007,0.06291912,0.032375857,1566947914372
18102,226,Accelerometer,-7.290344,-2.873042,5.5018754,1566947914373
18103,226,Gyroscope,-0.10323623,0.05497787,0.03970624,1566947914382
18104,226,Accelerometer,-7.273585000000001,-2.906561,5.5162406,1566947914383
18105,226,Gyroscope,-0.09773844,0.05497787,0.045814894,1566947914393
18106,226,Accelerometer,-7.199364699999999,-2.9113493,5.553351,1566947914393
18107,226,Gyroscope,-0.08735373,0.04520403,0.03726278,1566947914402
18108,226,Accelerometer,-7.1670427,-2.9532477999999998,5.603629,1566947914403
18109,226,Gyroscope,-0.086132,0.048258353,0.027488936000000002,1566947914412
18110,226,Accelerometer,-7.285556,-2.944868,5.568912999999999,1566947914413
18111,226,Gyroscope,-0.09712757,0.047647487,0.018325957,1566947914423
18112,226,Accelerometer,-7.350199000000001,-2.8850130000000003,5.5629277,1566947914423
18113,226,Gyroscope,-0.10140363,0.052534412999999995,0.007330383,1566947914432
18114,226,Accelerometer,-7.390900599999999,-2.9472623,5.589264,1566947914433
18115,226,Gyroscope,-0.10567969,0.07086037,0.01038471,1566947914442
18116,226,Accelerometer,-7.261614,-2.9197290000000002,5.542577,1566947914443
18117,226,Gyroscope,-0.10140363,0.070249505,0.0018325957999999999,1566947914452
18118,226,Accelerometer,-7.193378999999999,-3.095703,5.650316,1566947914453
18119,226,Gyroscope,-0.081855945,0.07574729,-0.0030543262,1566947914462
18120,226,Accelerometer,-7.2939353,-3.4237084,5.6790465999999995,1566947914463
18121,226,Gyroscope,-0.06291912,0.07880162,-0.0036651915999999997,1566947914472
18122,226,Accelerometer,-7.548918,-3.5661635,5.6227827,1566947914473
18123,226,Gyroscope,-0.08307768,0.08307768,0.012217305,1566947914482
18124,226,Accelerometer,-7.711724,-3.5314474000000002,5.556941999999999,1566947914483
18125,226,Gyroscope,-0.1020145,0.081855945,0.02687807,1566947914492
18126,226,Accelerometer,-7.5800424,-3.4979286,5.5988407,1566947914493
18127,226,Gyroscope,-0.116675265,0.07391469,0.04520403,1566947914502
18128,226,Accelerometer,-7.547721000000001,-3.3889925,5.626374,1566947914503
18129,226,Gyroscope,-0.12461651,0.06169739,0.07819075,1566947914512
18130,226,Accelerometer,-7.4495587,-3.193865,5.5988407,1566947914513
18131,226,Gyroscope,-0.12644911,0.047036625,0.124005646,1566947914522
18132,226,Accelerometer,-7.181408,-2.932897,5.57849,1566947914523
18133,226,Gyroscope,-0.10873401,0.052534412999999995,0.15821409,1566947914532
18134,226,Accelerometer,-6.9132576,-2.5953147,5.718550700000001,1566947914533
18135,226,Gyroscope,-0.08307768,0.053145275,0.19547687,1566947914542
18136,226,Accelerometer,-6.902483500000001,-2.3558946,5.8454432,1566947914543
18137,226,Gyroscope,-0.069027774,0.059864793,0.21807889999999996,1566947914552
18138,226,Accelerometer,-6.9958572,-2.2002714,5.9687448,1566947914553
18139,226,Gyroscope,-0.0720821,0.09285152,0.226631,1566947914563
18140,226,Accelerometer,-7.114370299999999,-2.0434509999999997,6.047753299999999,1566947914563
18141,226,Gyroscope,-0.08674286,0.1337795,0.22235495,1566947914572
18142,226,Accelerometer,-7.345411,-1.8938134999999998,5.9687448,1566947914573
18143,226,Gyroscope,-0.1020145,0.17470746,0.19914207,1566947914582
18144,226,Accelerometer,-7.5884222999999995,-1.8183962,5.967548000000001,1566947914583
18145,226,Gyroscope,-0.11056661,0.20830505,0.15882497,1566947914592
18146,226,Accelerometer,-7.854178999999999,-1.8818424999999999,5.9483943,1566947914593
18147,226,Gyroscope,-0.12095132,0.23579398,0.10934488,1566947914602
18148,226,Accelerometer,-8.1402855,-1.9261352999999999,5.7975593,1566947914603
18149,226,Gyroscope,-0.1337795,0.25900686,0.058643065,1566947914612
18150,226,Accelerometer,-8.288725999999999,-1.9297266,5.5641245999999995,1566947914613
18151,226,Gyroscope,-0.1386664,0.26083946,0.0067195175,1566947914623
18152,226,Accelerometer,-8.367735,-1.9512744,5.3941364,1566947914623
18153,226,Gyroscope,-0.13316862,0.2443461,-0.03970624,1566947914632
18154,226,Accelerometer,-8.376114999999999,-1.9895816000000002,5.3103394999999995,1566947914633
18155,226,Gyroscope,-0.13255776,0.22479841,-0.06352998,1566947914642
18156,226,Accelerometer,-8.234857,-2.0829554,5.2037973,1566947914643
18157,226,Gyroscope,-0.12767084,0.18631389999999998,-0.070249505,1566947914653
18158,226,Accelerometer,-7.979874000000001,-2.255338,5.139154,1566947914653
18159,226,Gyroscope,-0.12156218,0.13439035,-0.059864793,1566947914662
18160,226,Accelerometer,-7.747636999999999,-2.730587,5.088876,1566947914663
18161,226,Gyroscope,-0.11362094,0.07880162,-0.040317107000000005,1566947914672
18162,226,Accelerometer,-7.754819400000001,-2.7832594,5.142745,1566947914673
18163,226,Gyroscope,-0.10140363,0.03848451,-0.007330383,1566947914683
18164,226,Accelerometer,-7.6710224,-2.6048915,5.1882353,1566947914683
18165,226,Gyroscope,-0.09162979,0.025045475,0.029932396,1566947914692
18166,226,Accelerometer,-7.559692,-2.432509,5.270835,1566947914693
18167,226,Gyroscope,-0.06780604,0.029321532999999997,0.062308256,1566947914702
18168,226,Accelerometer,-7.538144,-2.4025814999999997,5.388150700000001,1566947914703
18169,226,Gyroscope,-0.04153884,0.02443461,0.07391469,1566947914712
18170,226,Accelerometer,-7.6518690000000005,-2.3786395000000002,5.409699,1566947914713
18171,226,Gyroscope,-0.03604105,0.029932396,0.08857546,1566947914722
18172,226,Accelerometer,-7.6961613,-2.1511902999999997,5.329493,1566947914723
18173,226,Gyroscope,-0.03604105,0.03848451,0.09407325,1566947914732
18174,226,Accelerometer,-7.687782,-1.9512744,5.3282957,1566947914733
18175,226,Gyroscope,-0.02076942,0.039095376,0.08674286,1566947914743
18176,226,Accelerometer,-7.7368627000000005,-1.9213468999999996,5.2863975,1566947914743
18177,226,Gyroscope,0.002443461,0.037873644,0.06780604,1566947914752
18178,226,Accelerometer,-7.8062944000000005,-1.9428947,5.2085857,1566947914753
18179,226,Gyroscope,0.015882496,0.02443461,0.04153884,1566947914762
18180,226,Accelerometer,-7.994239299999999,-1.9297266,5.094861,1566947914763
18181,226,Gyroscope,0.025045475,-0.0012217305,0.017104227,1566947914772
18182,226,Accelerometer,-8.051701,-1.9237411,5.104438,1566947914773
18183,226,Gyroscope,0.034208454,-0.017715093,-0.0067195175,1566947914782
18184,226,Accelerometer,-8.098388,-1.9273324,5.141548,1566947914782
18185,226,Gyroscope,0.037873644,-0.0580322,-0.025045475,1566947914792
18186,226,Accelerometer,-8.027759,-1.8914193,5.1547165,1566947914793
18187,226,Gyroscope,0.037873644,-0.09407325,-0.03604105,1566947914802
18188,226,Accelerometer,-7.869741,-1.9405005000000002,5.129576999999999,1566947914803
18189,226,Gyroscope,0.03726278,-0.12522738,-0.04153884,1566947914812
18190,226,Accelerometer,-7.7811556,-2.019509,5.171476,1566947914813
18191,226,Gyroscope,0.04153884,-0.1685988,-0.043982297000000004,1566947914822
18192,226,Accelerometer,-7.723694999999999,-2.0973208,5.2756233,1566947914823
18193,226,Gyroscope,0.04337143,-0.19364429,-0.048258353,1566947914832
18194,226,Accelerometer,-7.7703815,-2.1332338,5.41329,1566947914833
18195,226,Gyroscope,0.030543262,-0.19608775,-0.040317107000000005,1566947914842
18196,226,Accelerometer,-7.643489,-2.098518,5.5605335,1566947914843
18197,226,Gyroscope,0.015882496,-0.18325958,-0.034208454,1566947914853
18198,226,Accelerometer,-7.356185000000001,-2.0913353,5.742492700000001,1566947914853
18199,226,Gyroscope,0.005497787,-0.16126843,-0.036651913,1566947914862
18200,226,Accelerometer,-7.3406224,-2.1775265,5.8023477,1566947914863
18201,226,Gyroscope,0.0012217305,-0.13744467,-0.05375614,1566947914872
18202,226,Accelerometer,-7.2029557,-2.3116016,5.8837504,1566947914873
18203,226,Gyroscope,0.009162978,-0.13133603,-0.076358154,1566947914883
18204,226,Accelerometer,-7.407660000000001,-2.3654714,5.8215012999999995,1566947914883
18205,226,Gyroscope,0.009162978,-0.11484267,-0.086132,1566947914892
18206,226,Accelerometer,-7.4495587,-2.1571757999999996,5.8442464,1566947914893
18207,226,Gyroscope,-0.004276057,-0.057421334000000004,-0.095294975,1566947914902
18208,226,Accelerometer,-7.444770299999999,-2.0099323,5.8203044,1566947914903
18209,226,Gyroscope,-0.004886922,-0.021991148999999998,-0.12583824,1566947914912
18210,226,Accelerometer,-7.7224975,-2.1523874,5.7867856,1566947914913
18211,226,Gyroscope,-0.014660766,-0.017715093,-0.12705997,1566947914922
18212,226,Accelerometer,-7.876923599999999,-2.1535845,5.7819970000000005,1566947914923
18213,226,Gyroscope,-0.050701816,-0.032375857,-0.13500121,1566947914932
18214,226,Accelerometer,-7.8613615,-2.1332338,5.819107,1566947914933
18215,226,Gyroscope,-0.08124508,-0.06291912,-0.13744467,1566947914942
18216,226,Accelerometer,-8.019378999999999,-2.2433669999999997,5.738901599999999,1566947914943
18217,226,Gyroscope,-0.13500121,-0.07819075,-0.11362094,1566947914952
18218,226,Accelerometer,-7.9810715,-2.3618799999999998,5.633556400000001,1566947914953
18219,226,Gyroscope,-0.17287487,-0.09040806,-0.08246681,1566947914962
18220,226,Accelerometer,-7.738060000000001,-2.4085669999999997,5.7616463,1566947914963
18221,226,Gyroscope,-0.1777618,-0.06719518,-0.05681047,1566947914972
18222,226,Accelerometer,-7.5082164,-2.6024973,6.019023000000001,1566947914973
18223,226,Gyroscope,-0.18020524,-0.02565634,-0.029321532999999997,1566947914983
18224,226,Accelerometer,-7.396886299999999,-2.835932,6.0369797,1566947914983
18225,226,Gyroscope,-0.17654006,0.01160644,0.007330383,1566947914992
18226,226,Accelerometer,-7.384915400000001,-2.930503,6.060921700000001,1566947914993
18227,226,Gyroscope,-0.17654006,0.084910266,0.04153884,1566947915002
18228,226,Accelerometer,-7.216124000000001,-2.9424740000000003,6.0740894999999995,1566947915003
18229,226,Gyroscope,-0.14905111,0.16004670000000001,0.058643065,1566947915012
18230,226,Accelerometer,-7.169436999999999,-3.1555579,6.0525417,1566947915013
18231,226,Gyroscope,-0.11484267,0.19425514,0.07941248,1566947915022
18232,226,Accelerometer,-7.627927000000001,-3.3159695,5.7161565,1566947915023
18233,226,Gyroscope,-0.11056661,0.204029,0.11545353400000001,1566947915032
18234,226,Accelerometer,-7.8996687,-2.9364884,5.1678843,1566947915033
18235,226,Gyroscope,-0.11301007,0.20769419,0.13255776,1566947915042
18236,226,Accelerometer,-7.6410947,-2.5067291000000003,4.7800236,1566947915043
18237,226,Gyroscope,-0.07880162,0.17531833,0.12217305,1566947915052
18238,226,Accelerometer,-7.629123700000001,-2.4791958,4.6471453,1566947915052
18239,226,Gyroscope,-0.018936822,0.112399206,0.09590584,1566947915062
18240,226,Accelerometer,-7.690175999999999,-2.5845408,4.653131,1566947915063
18241,226,Gyroscope,0.03970624,0.014049901000000002,0.070249505,1566947915072
18242,226,Accelerometer,-7.9343843,-2.5007436000000003,4.710592,1566947915073
18243,226,Gyroscope,0.05681047,-0.06291912,0.04886922,1566947915082
18244,226,Accelerometer,-8.175002000000001,-2.3259668,4.699818,1566947915083
18245,226,Gyroscope,0.023823743999999997,-0.111177474,0.02443461,1566947915092
18246,226,Accelerometer,-8.111555000000001,-2.0362685000000003,4.6399627,1566947915093
18247,226,Gyroscope,-0.0036651915999999997,-0.15577064,-0.00061086525,1566947915102
18248,226,Accelerometer,-7.852981599999999,-1.9740193,4.8853683,1566947915103
18249,226,Gyroscope,0.00061086525,-0.21135938,-0.027488936000000002,1566947915112
18250,226,Accelerometer,-7.81228,-2.160767,5.255273000000001,1566947915113
18251,226,Gyroscope,0.015271631,-0.23273966,-0.04153884,1566947915122
18252,226,Accelerometer,-7.739257,-2.3834279,5.664681400000001,1566947915123
18253,226,Gyroscope,0.010995574,-0.21380283,-0.040927973,1566947915132
18254,226,Accelerometer,-7.702147,-2.4887726000000003,5.9507885,1566947915133
18255,226,Gyroscope,0.017104227,-0.19242255,-0.03481932,1566947915142
18256,226,Accelerometer,-7.6470804,-2.566584,6.2225304,1566947915143
18257,226,Gyroscope,0.027488936000000002,-0.15332718,-0.026267206,1566947915152
18258,226,Accelerometer,-7.4567413,-2.586935,6.278794,1566947915153
18259,226,Gyroscope,0.028710667000000002,-0.08552113,-0.016493361,1566947915162
18260,226,Accelerometer,-7.3190745999999995,-2.6240451,6.232107,1566947915163
18261,226,Gyroscope,0.015882496,-0.0421497,-0.004276057,1566947915172
18262,226,Accelerometer,-7.2568254,-2.6120741,6.2093620000000005,1566947915172
18263,226,Gyroscope,0.004276057,-0.009162978,0.008552114,1566947915183
18264,226,Accelerometer,-7.064092,-2.542642,6.2584434,1566947915183
18265,226,Gyroscope,-0.00061086525,0.028710667000000002,0.02076942,1566947915192
18266,226,Accelerometer,-6.8988924,-2.5785553,6.336254599999999,1566947915193
18267,226,Gyroscope,-0.0067195175,0.055588737,0.027488936000000002,1566947915202
18268,226,Accelerometer,-7.0006455999999995,-2.610877,6.2859764,1566947915203
18269,226,Gyroscope,-0.012217305,0.076358154,0.04153884,1566947915213
18270,226,Accelerometer,-7.011419999999999,-2.541445,6.1902084,1566947915213
18271,226,Gyroscope,-0.031154128,0.1020145,0.057421334000000004,1566947915222
18272,226,Accelerometer,-6.95755,-2.4648306,6.0525417,1566947915223
18273,226,Gyroscope,-0.043982297000000004,0.11056661,0.06963864,1566947915232
18274,226,Accelerometer,-6.859388,-2.4756044999999998,5.9878983,1566947915233
18275,226,Gyroscope,-0.057421334000000004,0.11056661,0.06841691,1566947915242
18276,226,Accelerometer,-6.846219500000001,-2.5905263,5.955577,1566947915243
18277,226,Gyroscope,-0.06841691,0.10323623,0.06536258,1566947915252
18278,226,Accelerometer,-6.983886200000001,-2.6982652999999996,5.911283999999999,1566947915253
18279,226,Gyroscope,-0.08552113,0.10934488,0.064751714,1566947915262
18280,226,Accelerometer,-6.987478,-2.6767175,5.898116,1566947915263
18281,226,Gyroscope,-0.10323623,0.118507855,0.0580322,1566947915272
18282,226,Accelerometer,-6.941988,-2.7126305,5.9184665999999995,1566947915273
18283,226,Gyroscope,-0.106901415,0.11911872,0.04337143,1566947915282
18284,226,Accelerometer,-6.9767036,-2.8095956,5.875371,1566947915283
18285,226,Gyroscope,-0.118507855,0.1337795,0.032375857,1566947915292
18286,226,Accelerometer,-6.969521,-2.906561,5.774814599999999,1566947915293
18287,226,Gyroscope,-0.13622294,0.15332718,0.028710667000000002,1566947915302
18288,226,Accelerometer,-7.08564,-3.110068,5.6886234,1566947915303
18289,226,Gyroscope,-0.13805555,0.14477506,0.02321288,1566947915313
18290,226,Accelerometer,-7.424419400000001,-3.2740707000000002,5.6299653,1566947915313
18291,226,Gyroscope,-0.1423316,0.13561209,0.020158553,1566947915322
18292,226,Accelerometer,-7.462726600000001,-3.4823663000000002,5.5629277,1566947915323
18293,226,Gyroscope,-0.14477506,0.13500121,0.028710667000000002,1566947915332
18294,226,Accelerometer,-7.4064630000000005,-3.6032736000000005,5.5329999999999995,1566947915333
18295,226,Gyroscope,-0.1386664,0.13622294,0.044593163,1566947915343
18296,226,Accelerometer,-7.5944076,-3.5769374,5.422867,1566947915343
18297,226,Gyroscope,-0.14110987,0.13133603,0.070249505,1566947915352
18298,226,Accelerometer,-7.630321,-3.4727894999999998,5.2660465,1566947915353
18299,226,Gyroscope,-0.1441642,0.10751228,0.08979719,1566947915362
18300,226,Accelerometer,-7.4723034,-3.2896330000000003,5.278017500000001,1566947915363
18301,226,Gyroscope,-0.14294247,0.08674286,0.09407325,1566947915372
18302,226,Accelerometer,-7.380127000000001,-3.1172507,5.3211129999999995,1566947915373
18303,226,Gyroscope,-0.14294247,0.06047566,0.09468412,1566947915383
18304,226,Accelerometer,-7.393294999999999,-2.96881,5.347449299999999,1566947915383
18305,226,Gyroscope,-0.15271631,0.05009095,0.07696902,1566947915393
18306,226,Accelerometer,-7.380127000000001,-2.7629087,5.409699,1566947915393
18307,226,Gyroscope,-0.15577064,0.047647487,0.048258353,1566947915402
18308,226,Accelerometer,-7.394492,-2.717419,5.5258174,1566947915403
18309,226,Gyroscope,-0.15088372,0.03848451,0.02076942,1566947915412
18310,226,Accelerometer,-7.5213847000000005,-2.8072014,5.6179943,1566947915413
18311,226,Gyroscope,-0.14905111,0.047036625,-0.002443461,1566947915422
18312,226,Accelerometer,-7.553706,-2.8431146000000003,5.6156,1566947915423
18313,226,Gyroscope,-0.16004670000000001,0.095294975,-0.007330383,1566947915433
18314,226,Accelerometer,-7.5453267,-2.930503,5.566519,1566947915433
18315,226,Gyroscope,-0.16493362,0.10934488,0.004276057,1566947915444
18316,226,Accelerometer,-7.762002000000001,-3.1806970000000003,5.474342299999999,1566947915444
18317,226,Accelerometer,-7.917625,-3.1495724,5.4288526,1566947915453
18318,226,Gyroscope,-0.16004670000000001,0.07391469,0.036651913,1566947915462
18319,226,Accelerometer,-7.8625584,-3.0478187,5.410896,1566947915463
18320,226,Gyroscope,-0.16065755,0.07147124,0.054367005999999996,1566947915472
18321,226,Accelerometer,-7.6482773,-2.956839,5.4360349999999995,1566947915473
18322,226,Gyroscope,-0.18081611,0.07819075,0.057421334000000004,1566947915482
18323,226,Accelerometer,-7.6003933,-3.0370448,5.4803276,1566947915483
18324,226,Gyroscope,-0.1966986,0.08674286,0.05681047,1566947915492
18325,226,Accelerometer,-7.4950485,-3.122039,5.4779334,1566947915493
18326,226,Gyroscope,-0.20525073,0.093462385,0.053145275,1566947915502
18327,226,Accelerometer,-7.4028716,-3.1794999,5.614403,1566947915503
18328,226,Gyroscope,-0.2144137,0.1160644,0.06047566,1566947915512
18329,226,Accelerometer,-7.3346367,-3.2249897,5.645528,1566947915513
18330,226,Gyroscope,-0.21746802,0.14966199,0.07513642,1566947915522
18331,226,Accelerometer,-7.250839699999999,-3.1615434,5.662287,1566947915523
18332,226,Gyroscope,-0.20830505,0.20586158,0.09285152,1566947915532
18333,226,Accelerometer,-7.156269,-3.0334535,5.747281,1566947915533
18334,226,Gyroscope,-0.19303341,0.25045475,0.12217305,1566947915542
18335,226,Accelerometer,-7.1586633,-2.9616275,5.7640405,1566947915543
18336,226,Gyroscope,-0.18509217,0.27855456,0.15393804,1566947915552
18337,226,Accelerometer,-7.1754226999999995,-2.9041667,5.6790465999999995,1566947915553
18338,226,Gyroscope,-0.1777618,0.28955013,0.17470746,1566947915562
18339,226,Accelerometer,-7.141903999999999,-2.7940332999999997,5.5856724,1566947915563
18340,226,Gyroscope,-0.1685988,0.28710666,0.17592919,1566947915572
18341,226,Accelerometer,-7.200561500000001,-2.706645,5.4911017,1566947915573
18342,226,Gyroscope,-0.16554448,0.27122417,0.15943582,1566947915582
18343,226,Accelerometer,-7.3825210000000006,-2.6503813,5.2026005,1566947915583
18344,226,Gyroscope,-0.16126843,0.23457226,0.12950343,1566947915592
18345,226,Accelerometer,-7.6470804,-2.6647465,5.2037973,1566947915593
18346,226,Gyroscope,-0.13927728,0.19303341,0.08368854,1566947915603
18347,226,Accelerometer,-7.6626425000000005,-2.6743232999999997,5.207389,1566947915603
18348,226,Gyroscope,-0.10751228,0.16371189,0.03970624,1566947915612
18349,226,Accelerometer,-7.820659599999999,-2.7425580000000003,5.0984526,1566947915613
18350,226,Gyroscope,-0.0842994,0.14294247,-0.013439035,1566947915622
18351,226,Accelerometer,-7.9846625,-2.7281928,5.116409,1566947915623
18352,226,Gyroscope,-0.086132,0.14721853,-0.03970624,1566947915632
18353,226,Accelerometer,-8.045714,-2.7820622999999998,5.1247888,1566947915633
18354,226,Gyroscope,-0.09712757,0.14905111,-0.039095376,1566947915642
18355,226,Accelerometer,-8.005013,-3.0119057000000002,5.17387,1566947915643
18356,226,Gyroscope,-0.08552113,0.13133603,-0.029321532999999997,1566947915652
18357,226,Accelerometer,-7.9714947,-3.2956185,5.177461,1566947915653
18358,226,Gyroscope,-0.05681047,0.09712757,-0.022602014,1566947915662
18359,226,Accelerometer,-7.8876976999999995,-3.4201171,5.0541596,1566947915663
18360,226,Gyroscope,-0.02565634,0.047647487,-0.025045475,1566947915672
18361,226,Accelerometer,-7.908048,-3.3686419,4.973954,1566947915673
18362,226,Gyroscope,-0.02565634,0.018936822,-0.03359759,1566947915682
18363,226,Accelerometer,-7.9954367,-3.2118216,5.0158525,1566947915683
18364,226,Gyroscope,0.027488936000000002,0.00061086525,-0.048258353,1566947915692
18365,226,Accelerometer,-8.075643,-3.0490158,5.1690817000000004,1566947915693
18366,226,Gyroscope,0.056199603,-0.010995574,-0.05375614,1566947915702
18367,226,Accelerometer,-8.195352999999999,-2.8646624,5.318719000000001,1566947915703
18368,226,Gyroscope,0.06719518,-0.02321288,-0.049480084,1566947915712
18369,226,Accelerometer,-8.087613000000001,-2.6611552000000005,5.42167,1566947915713
18370,226,Gyroscope,0.07452556,-0.01038471,-0.056199603,1566947915722
18371,226,Accelerometer,-8.024167,-2.5510217999999996,5.531803,1566947915723
18372,226,Gyroscope,0.07391469,0.009773844,-0.06047566,1566947915732
18373,226,Accelerometer,-7.9954367,-2.5103204,5.580883999999999,1566947915733
18374,226,Gyroscope,0.07574729,0.02565634,-0.06963864,1566947915742
18375,226,Accelerometer,-7.8853035,-2.48159,5.621585400000001,1566947915743
18376,226,Gyroscope,0.0842994,0.016493361,-0.077579886,1566947915752
18377,226,Accelerometer,-7.630321,-2.4684220000000003,5.5497594,1566947915752
18378,226,Gyroscope,0.10018189999999999,0.002443461,-0.081855945,1566947915762
18379,226,Accelerometer,-7.2963295,-2.4528596,5.4767364999999995,1566947915763
18380,226,Gyroscope,0.12217305,-0.012217305,-0.09040806,1566947915772
18381,226,Accelerometer,-6.933608,-2.3882163,5.4527946,1566947915773
18382,226,Gyroscope,0.15515977,-0.021380282999999996,-0.111177474,1566947915782
18383,226,Accelerometer,-6.707356,-2.3642743,5.627571,1566947915783
18384,226,Gyroscope,0.20097467,-0.008552114,-0.13927728,1566947915792
18385,226,Accelerometer,-6.7791820000000005,-2.3774424,5.8466406,1566947915793
18386,226,Gyroscope,0.24556783,0.009773844,-0.16493362,1566947915802
18387,226,Accelerometer,-6.983886200000001,-2.3750482,5.9531827,1566947915803
18388,226,Gyroscope,0.267559,0.005497787,-0.19058995,1566947915812
18389,226,Accelerometer,-7.2185183,-2.4073699,5.947197,1566947915813
18390,226,Gyroscope,0.2761111,0.0030543262,-0.20525073,1566947915822
18391,226,Accelerometer,-7.422025,-2.3666685000000003,5.887341999999999,1566947915823
18392,226,Gyroscope,0.26694809999999997,0.010995574,-0.20280726,1566947915832
18393,226,Accelerometer,-7.5285673,-2.291251,5.8119245,1566947915833
18394,226,Gyroscope,0.25411993,0.027488936000000002,-0.19303341,1566947915842
18395,226,Accelerometer,-7.630321,-2.3343467999999996,5.760449400000001,1566947915843
18396,226,Gyroscope,0.24923302,0.017715093,-0.17592919,1566947915852
18397,226,Accelerometer,-7.6243353,-2.3211784,5.726930599999999,1566947915853
18398,226,Gyroscope,0.25411993,-0.04337143,-0.15271631,1566947915862
18399,226,Accelerometer,-7.5644803,-2.328361,5.673061,1566947915863
18400,226,Gyroscope,0.2510656,-0.08735373,-0.14477506,1566947915872
18401,226,Accelerometer,-7.339425,-2.2625206,5.66109,1566947915873
18402,226,Gyroscope,0.24678956,-0.09773844,-0.14966199,1566947915882
18403,226,Accelerometer,-7.125144500000001,-2.1643584,5.7496753,1566947915883
18404,226,Gyroscope,0.24312437,-0.073303826,-0.15515977,1566947915892
18405,226,Accelerometer,-7.001842999999999,-2.079364,5.8909335,1566947915893
18406,226,Gyroscope,0.24862215,-0.026267206,-0.16004670000000001,1566947915902
18407,226,Accelerometer,-6.8988924,-2.0374656000000004,6.0585275,1566947915903
18408,226,Gyroscope,0.26572640000000003,0.030543262,-0.16798794,1566947915912
18409,226,Accelerometer,-6.924031299999999,-2.0602105,6.2368955999999995,1566947915913
18410,226,Gyroscope,0.2779437,0.062308256,-0.17165314,1566947915922
18411,226,Accelerometer,-7.1167645,-2.1152773,6.173449,1566947915923
18412,226,Gyroscope,0.28221974,0.07696902,-0.1777618,1566947915933
18413,226,Accelerometer,-7.3885064,-2.1404164,5.979519,1566947915933
18414,226,Gyroscope,0.28344148,0.096516706,-0.18692477,1566947915942
18415,226,Accelerometer,-7.614758500000001,-2.1416135,5.8789620000000005,1566947915943
18416,226,Gyroscope,0.27916542,0.10629055,-0.20097467,1566947915952
18417,226,Accelerometer,-7.750031,-2.0386627,5.7029886,1566947915953
18418,226,Gyroscope,0.26145032,0.08124508,-0.21135938,1566947915962
18419,226,Accelerometer,-7.8972745,-1.958457,5.395334,1566947915963
18420,226,Gyroscope,0.25534168,0.050701816,-0.2144137,1566947915972
18421,226,Accelerometer,-8.021772,-2.0075380000000003,5.3498434999999995,1566947915973
18422,226,Gyroscope,0.2779437,0.021991148999999998,-0.22113322,1566947915983
18423,226,Accelerometer,-8.22528,-1.9764134999999998,5.568912999999999,1566947915983
18424,226,Gyroscope,0.29016098,-0.012217305,-0.24617869,1566947915992
18425,226,Accelerometer,-8.414422,-1.8806453999999997,5.665878299999999,1566947915993
18426,226,Gyroscope,0.26389378,-0.028710667000000002,-0.27672195,1566947916002
18427,226,Accelerometer,-8.537724,-1.7489643,5.631162000000001,1566947916003
18428,226,Gyroscope,0.2144137,-0.004886922,-0.31887165,1566947916012
18429,226,Accelerometer,-8.503007,-1.7465701,5.741296,1566947916013
18430,226,Gyroscope,0.16737708,0.040317107000000005,-0.36102137,1566947916022
18431,226,Accelerometer,-8.374918,-1.9201498,5.889736,1566947916023
18432,226,Gyroscope,0.13744467,0.08246681,-0.38851030000000003,1566947916032
18433,226,Accelerometer,-8.185775999999999,-2.220622,5.978321599999999,1566947916033
18434,226,Gyroscope,0.116675265,0.11545353400000001,-0.39278635,1566947916042
18435,226,Accelerometer,-7.929596000000001,-2.542642,5.746084,1566947916043
18436,226,Gyroscope,0.07941248,0.14538592,-0.37812558,1566947916052
18437,226,Accelerometer,-7.4471645,-2.6970682,5.3821654,1566947916053
18438,226,Gyroscope,0.047036625,0.15271631,-0.32925636,1566947916062
18439,226,Accelerometer,-7.100005,-2.7665,5.2205567,1566947916063
18440,226,Gyroscope,0.03481932,0.15332718,-0.27122417,1566947916073
18441,226,Accelerometer,-6.8761472999999995,-2.8514943,5.1607018,1566947916073
18442,226,Gyroscope,0.037873644,0.15149458,-0.20952678,1566947916082
18443,226,Accelerometer,-6.837839999999999,-2.9819782000000004,5.1056349999999995,1566947916083
18444,226,Gyroscope,0.059864793,0.16249016,-0.13011430000000002,1566947916092
18445,226,Accelerometer,-6.921637,-3.1232362,5.103241000000001,1566947916093
18446,226,Gyroscope,0.09407325,0.16065755,-0.09040806,1566947916102
18447,226,Accelerometer,-7.337031,-3.2441432,5.112818,1566947916103
18448,226,Gyroscope,0.13439035,0.15821409,-0.059864793,1566947916112
18449,226,Accelerometer,-7.763199,-3.1974563999999996,5.0996494000000006,1566947916113
18450,226,Gyroscope,0.15943582,0.13561209,-0.04153884,1566947916122
18451,226,Accelerometer,-8.046911999999999,-3.052607,4.959589,1566947916123
18452,226,Gyroscope,0.16982053,0.106901415,-0.03726278,1566947916132
18453,226,Accelerometer,-8.208521000000001,-2.9245174,4.844666999999999,1566947916133
18454,226,Gyroscope,0.16676621,0.0720821,-0.03604105,1566947916142
18455,226,Accelerometer,-8.259995,-2.8191724,4.770447,1566947916143
18456,226,Gyroscope,0.16065755,0.020158553,-0.03848451,1566947916152
18457,226,Accelerometer,-8.075643,-2.695871,4.900931,1566947916153
18458,226,Gyroscope,0.15943582,-0.036651913,-0.05009095,1566947916162
18459,226,Accelerometer,-7.856573,-2.6312277,4.981137,1566947916163
18460,226,Gyroscope,0.16982053,-0.084910266,-0.054367005999999996,1566947916172
18461,226,Accelerometer,-7.735666,-2.4289176,5.112818,1566947916173
18462,226,Gyroscope,0.17104226,-0.12705997,-0.0720821,1566947916183
18463,226,Accelerometer,-7.48188,-2.232593,5.334281400000001,1566947916183
18464,226,Gyroscope,0.1685988,-0.14782938,-0.096516706,1566947916192
18465,226,Accelerometer,-7.2951326000000005,-2.1296425,5.625177,1566947916193
18466,226,Gyroscope,0.1685988,-0.15454891,-0.12889257,1566947916202
18467,226,Accelerometer,-7.169436999999999,-2.1942859,5.9184665999999995,1566947916203
18468,226,Gyroscope,0.16249016,-0.13561209,-0.15882497,1566947916212
18469,226,Accelerometer,-7.153875,-2.315193,6.135142,1566947916213
18470,226,Gyroscope,0.14355333,-0.106901415,-0.172264,1566947916222
18471,226,Accelerometer,-7.2664022,-2.4540567,6.2584434,1566947916223
18472,226,Gyroscope,0.12217305,-0.07391469,-0.17165314,1566947916232
18473,226,Accelerometer,-7.424419400000001,-2.6443958,6.2500634,1566947916233
18474,226,Gyroscope,0.10262536,-0.037873644,-0.15577064,1566947916242
18475,226,Accelerometer,-7.4495587,-2.8060042999999997,6.1076083,1566947916243
18476,226,Gyroscope,0.0842994,0.002443461,-0.13072516,1566947916252
18477,226,Accelerometer,-7.322665700000001,-2.8802247000000003,5.984307299999999,1566947916253
18478,226,Gyroscope,0.0720821,0.03176499,-0.10079276599999999,1566947916262
18479,226,Accelerometer,-7.1263413,-2.9843724,5.931635,1566947916263
18480,226,Gyroscope,0.06658431,0.04886922,-0.06963864,1566947916273
18481,226,Accelerometer,-6.940790700000001,-3.0741549999999997,5.911283999999999,1566947916273
18482,226,Gyroscope,0.06414085,0.05497787,-0.03481932,1566947916282
18483,226,Accelerometer,-6.847417,-3.0933087,5.9184665999999995,1566947916283
18484,226,Gyroscope,0.057421334000000004,0.06658431,-0.004276057,1566947916292
18485,226,Accelerometer,-6.837839999999999,-3.0466216,5.9483943,1566947916293
18486,226,Gyroscope,0.049480084,0.08368854,0.017104227,1566947916302
18487,226,Accelerometer,-6.868964699999999,-2.979584,5.971139,1566947916303
18488,226,Gyroscope,0.03970624,0.10262536,0.030543262,1566947916312
18489,226,Accelerometer,-6.980295,-2.8694507999999996,6.002263500000001,1566947916313
18490,226,Gyroscope,0.016493361,0.13194689,0.029932396,1566947916323
18491,226,Accelerometer,-7.105990400000001,-2.8083985,5.997475,1566947916323
18492,226,Gyroscope,0.0018325957999999999,0.14905111,0.025045475,1566947916332
18493,226,Accelerometer,-7.3106947,-2.767697,5.899312999999999,1566947916333
18494,226,Gyroscope,-0.01282817,0.16126843,0.004276057,1566947916342
18495,226,Accelerometer,-7.350199000000001,-2.823961,5.7903767,1566947916343
18496,226,Gyroscope,-0.032375857,0.17043139999999998,-0.014049901000000002,1566947916352
18497,226,Accelerometer,-7.422025,-2.9137435000000003,5.6551046,1566947916353
18498,226,Gyroscope,-0.055588737,0.18509217,-0.027488936000000002,1566947916363
18499,226,Accelerometer,-7.465121000000001,-3.0154970000000003,5.57849,1566947916363
18500,226,Gyroscope,-0.08674286,0.20952678,-0.0421497,1566947916372
18501,226,Accelerometer,-7.3418193,-3.2202013,5.5629277,1566947916373
18502,226,Gyroscope,-0.10262536,0.22418754,-0.053145275,1566947916382
18503,226,Accelerometer,-7.3166804,-3.4033577000000004,5.5701103,1566947916383
18504,226,Gyroscope,-0.1160644,0.23273966,-0.047036625,1566947916392
18505,226,Accelerometer,-7.339425,-3.6499605,5.475539,1566947916393
18506,226,Gyroscope,-0.13072516,0.21685717,-0.029321532999999997,1566947916402
18507,226,Accelerometer,-7.3549875999999985,-3.843891,5.2085857,1566947916404
18508,226,Gyroscope,-0.12767084,0.16493362,0.01160644,1566947916413
18509,226,Accelerometer,-7.329848299999999,-3.8486792999999997,5.1559134,1566947916413
18510,226,Gyroscope,-0.1020145,0.11301007,0.07696902,1566947916422
18511,226,Accelerometer,-7.2268977,-3.4955344,5.2540755,1566947916423
18512,226,Gyroscope,-0.06719518,0.07574729,0.13927728,1566947916432
18513,226,Accelerometer,-7.155071700000001,-3.1208419999999997,5.3007627,1566947916433
18514,226,Gyroscope,-0.03481932,0.03359759,0.19547687,1566947916442
18515,226,Accelerometer,-7.2592196,-2.8443117,5.363012,1566947916443
18516,226,Gyroscope,-0.027488936000000002,0.010995574,0.23762658,1566947916452
18517,226,Accelerometer,-7.437587700000001,-2.5270798,5.5246205,1566947916453
18518,226,Gyroscope,-0.03359759,0.016493361,0.26816985,1566947916463
18519,226,Accelerometer,-7.517792999999999,-2.2122424,5.710171,1566947916463
18520,226,Gyroscope,-0.047647487,0.050701816,0.28955013,1566947916472
18521,226,Accelerometer,-7.565677,-1.9153613999999999,5.985504,1566947916473
18522,226,Gyroscope,-0.057421334000000004,0.11178834,0.29749137,1566947916482
18523,226,Accelerometer,-7.581239699999999,-1.7465701,6.226121400000001,1566947916483
18524,226,Gyroscope,-0.06291912,0.19303341,0.29199359999999996,1566947916492
18525,226,Accelerometer,-7.608772999999999,-1.6938977,6.341043,1566947916493
18526,226,Gyroscope,-0.06536258,0.26572640000000003,0.26694809999999997,1566947916502
18527,226,Accelerometer,-7.9236107,-1.5945383,6.0202203,1566947916503
18528,226,Gyroscope,-0.07391469,0.31215215,0.21930063,1566947916512
18529,226,Accelerometer,-8.030152000000001,-1.4748282,5.671864,1566947916513
18530,226,Gyroscope,-0.081855945,0.31703907,0.16432275,1566947916523
18531,226,Accelerometer,-8.125919999999999,-1.4209588,5.3678,1566947916523
18532,226,Gyroscope,-0.08124508,0.29504790000000003,0.10812314599999999,1566947916532
18533,226,Accelerometer,-8.190564,-1.4401124,5.245696,1566947916533
18534,226,Gyroscope,-0.06719518,0.26816985,0.014660766,1566947916542
18535,226,Accelerometer,-8.240842,-1.4975731,5.1571107000000005,1566947916543
18536,226,Gyroscope,-0.047647487,0.23823744,-0.037873644,1566947916552
18537,226,Accelerometer,-8.264783999999999,-1.5873556999999998,5.106832,1566947916553
18538,226,Gyroscope,-0.039095376,0.19914207,-0.07819075,1566947916562
18539,226,Accelerometer,-8.230068,-1.7214310000000002,5.088876,1566947916563
18540,226,Gyroscope,-0.025045475,0.15149458,-0.10140363,1566947916572
18541,226,Accelerometer,-8.153454,-1.8435352999999999,5.031415,1566947916573
18542,226,Gyroscope,-0.021380282999999996,0.0983493,-0.111177474,1566947916582
18543,226,Accelerometer,-8.11395,-2.0171148999999997,4.924873000000001,1566947916583
18544,226,Gyroscope,-0.015271631,0.049480084,-0.103847094,1566947916592
18545,226,Accelerometer,-8.058883,-2.147599,4.8722005,1566947916593
18546,226,Gyroscope,-0.009773844,0.018325957,-0.089186326,1566947916603
18547,226,Accelerometer,-8.038532,-2.1559787,4.9667715999999995,1566947916603
18548,226,Gyroscope,0.0018325957999999999,0.008552114,-0.070249505,1566947916612
18549,226,Accelerometer,-8.012196000000001,-2.1092918,5.092467,1566947916613
18550,226,Gyroscope,0.017715093,0.002443461,-0.05375614,1566947916622
18551,226,Accelerometer,-8.001422,-2.087744,5.243302,1566947916623
18552,226,Gyroscope,0.03848451,-0.007941248,-0.048258353,1566947916632
18553,226,Accelerometer,-8.002619000000001,-2.0338743000000004,5.3522377,1566947916633
18554,226,Gyroscope,0.06719518,-0.017715093,-0.04886922,1566947916642
18555,226,Accelerometer,-8.018182000000001,-1.9776106,5.3103394999999995,1566947916643
18556,226,Gyroscope,0.09101892,-0.018936822,-0.059864793,1566947916653
18557,226,Accelerometer,-8.051701,-1.9081788,5.267244,1566947916653
18558,226,Gyroscope,0.106901415,-0.018936822,-0.076358154,1566947916662
18559,226,Accelerometer,-8.074444999999999,-1.7908629,5.1786585,1566947916663
18560,226,Gyroscope,0.1142318,-0.02321288,-0.08735373,1566947916672
18561,226,Accelerometer,-8.069656,-1.7501613999999999,5.129576999999999,1566947916673
18562,226,Gyroscope,0.124005646,-0.04520403,-0.09040806,1566947916682
18563,226,Accelerometer,-8.094796,-1.7729063000000003,5.142745,1566947916683
18564,226,Gyroscope,0.13683382,-0.07269296,-0.0842994,1566947916692
18565,226,Accelerometer,-8.058883,-1.7884687,5.2301335,1566947916693
18566,226,Gyroscope,0.13744467,-0.09896017,-0.07819075,1566947916702
18567,226,Accelerometer,-7.931989999999999,-1.6998832,5.318719000000001,1566947916703
18568,226,Gyroscope,0.13561209,-0.11789699,-0.081855945,1566947916713
18569,226,Accelerometer,-7.8625584,-1.6759412,5.4480059999999995,1566947916713
18570,226,Gyroscope,0.12461651,-0.119729586,-0.095294975,1566947916722
18571,226,Accelerometer,-7.77517,-1.6388310000000001,5.628768,1566947916723
18572,226,Gyroscope,0.10995574,-0.093462385,-0.10445796,1566947916732
18573,226,Accelerometer,-7.6614455999999995,-1.6136919,5.8083334,1566947916733
18574,226,Gyroscope,0.10629055,-0.059864793,-0.1160644,1566947916742
18575,226,Accelerometer,-7.682993400000001,-1.6591818,5.9890957,1566947916743
18576,226,Gyroscope,0.105068825,-0.030543262,-0.12644911,1566947916752
18577,226,Accelerometer,-7.682993400000001,-1.7250223000000002,6.0525417,1566947916753
18578,226,Gyroscope,0.093462385,-0.007941248,-0.12278391400000001,1566947916763
18579,226,Accelerometer,-7.636306299999999,-1.7693150000000002,5.995081,1566947916763
18580,226,Gyroscope,0.07941248,0.03359759,-0.10140363,1566947916772
18581,226,Accelerometer,-7.5800424,-1.7764976000000003,5.9400144,1566947916773
18582,226,Gyroscope,0.06047566,0.054367005999999996,-0.08857546,1566947916782
18583,226,Accelerometer,-7.5321584,-1.7788918999999999,5.851429,1566947916783
18584,226,Gyroscope,0.048258353,0.06780604,-0.06963864,1566947916792
18585,226,Accelerometer,-7.442375999999999,-1.8136078000000002,5.7843914000000005,1566947916793
18586,226,Gyroscope,0.045814894,0.084910266,-0.07269296,1566947916802
18587,226,Accelerometer,-7.381324,-1.8279729999999998,5.7903767,1566947916803
18588,226,Gyroscope,0.04642576,0.08674286,-0.09040806,1566947916812
18589,226,Accelerometer,-7.4268136,-1.7717092,5.750872599999999,1566947916813
18590,226,Gyroscope,0.04337143,0.073303826,-0.12644911,1566947916822
18591,226,Accelerometer,-7.526173,-1.7657237000000001,5.647922,1566947916823
18592,226,Gyroscope,0.02687807,0.06169739,-0.16493362,1566947916833
18593,226,Accelerometer,-7.681796,-1.8088194,5.4551888,1566947916833
18594,226,Gyroscope,0.01038471,0.05375614,-0.20769419,1566947916842
18595,226,Accelerometer,-7.669825,-1.9476831000000001,5.345055,1566947916843
18596,226,Gyroscope,0.009162978,0.05131268,-0.24678956,1566947916852
18597,226,Accelerometer,-7.706935400000001,-2.1164744,5.3582234,1566947916853
18598,226,Gyroscope,0.014049901000000002,0.0421497,-0.26878070000000004,1566947916862
18599,226,Accelerometer,-7.9331875,-2.3068132,5.354632,1566947916863
18600,226,Gyroscope,0.02443461,0.017715093,-0.28405234,1566947916872
18601,226,Accelerometer,-8.084022000000001,-2.4253263,5.335478299999999,1566947916873
18602,226,Gyroscope,0.02565634,-0.007330383,-0.27855456,1566947916882
18603,226,Accelerometer,-8.1079645,-2.633622,5.354632,1566947916883
18604,226,Gyroscope,0.016493361,-0.02076942,-0.2510656,1566947916892
18605,226,Accelerometer,-8.051701,-2.7832594,5.279215,1566947916893
18606,226,Gyroscope,-0.004886922,-0.049480084,-0.21502456,1566947916902
18607,226,Accelerometer,-7.9714947,-2.8550856,5.2852,1566947916903
18608,226,Gyroscope,-0.009773844,-0.084910266,-0.17409660000000002,1566947916912
18609,226,Accelerometer,-7.767987299999999,-2.9209259999999997,5.4863133,1566947916913
18610,226,Gyroscope,-0.004276057,-0.10018189999999999,-0.12889257,1566947916923
18611,226,Accelerometer,-7.529764,-2.9987376,5.603629,1566947916923
18612,226,Gyroscope,0.0012217305,-0.09468412,-0.084910266,1566947916932
18613,226,Accelerometer,-7.2963295,-2.9879637000000003,5.7281275,1566947916933
18614,226,Gyroscope,0.013439035,-0.064751714,-0.04153884,1566947916942
18615,226,Accelerometer,-7.043741000000001,-2.9556419999999997,5.931635,1566947916943
18616,226,Gyroscope,0.02321288,-0.01160644,0.00061086525,1566947916952
18617,226,Accelerometer,-6.8438253,-2.823961,6.1028199999999995,1566947916953
18618,226,Gyroscope,0.02687807,0.051923547,0.027488936000000002,1566947916962
18619,226,Accelerometer,-6.8198833,-2.1966799999999997,6.060921700000001,1566947916963
18620,226,Gyroscope,0.018936822,0.11484267,0.040317107000000005,1566947916972
18621,226,Accelerometer,-7.101202000000001,-1.9608511999999998,5.9244523000000004,1566947916973
18622,226,Gyroscope,0.005497787,0.15760323,0.028099801,1566947916982
18623,226,Accelerometer,-7.371747,-1.9776106,5.7963624000000005,1566947916983
18624,226,Gyroscope,0.002443461,0.16432275,-0.0061086523,1566947916992
18625,226,Accelerometer,-7.714117999999999,-2.1511902999999997,5.659893,1566947916993
18626,226,Gyroscope,0.010995574,0.16432275,-0.054367005999999996,1566947917002
18627,226,Accelerometer,-8.022969999999999,-2.2984335,5.445612000000001,1566947917003
18628,226,Gyroscope,0.007330383,0.15027285,-0.069027774,1566947917012
18629,226,Accelerometer,-8.075643,-2.4408886,5.3139305,1566947917013
18630,226,Gyroscope,0.01160644,0.124005646,-0.07391469,1566947917022
18631,226,Accelerometer,-8.075643,-2.6431987,5.249287000000001,1566947917023
18632,226,Gyroscope,0.028099801,0.07513642,-0.07269296,1566947917033
18633,226,Accelerometer,-8.024167,-2.834735,5.267244,1566947917033
18634,226,Gyroscope,0.04337143,0.025045475,-0.06047566,1566947917042
18635,226,Accelerometer,-7.9607205,-2.8670566,5.270835,1566947917043
18636,226,Gyroscope,0.047647487,-0.01038471,-0.04153884,1566947917052
18637,226,Accelerometer,-7.8709383,-2.7365725,5.2923827,1566947917053
18638,226,Gyroscope,0.03481932,-0.012217305,-0.02565634,1566947917062
18639,226,Accelerometer,-7.6794020000000005,-2.670732,5.4025164000000006,1566947917063
18640,226,Gyroscope,0.02321288,0.0036651915999999997,-0.015271631,1566947917072
18641,226,Accelerometer,-7.563283,-2.6683377999999998,5.5030727,1566947917073
18642,226,Gyroscope,0.02321288,0.02443461,-0.015271631,1566947917082
18643,226,Accelerometer,-7.467515,-2.6431987,5.5377884,1566947917083
18644,226,Gyroscope,0.027488936000000002,0.05009095,-0.01282817,1566947917092
18645,226,Accelerometer,-7.352593400000001,-2.5546130000000002,5.5222263,1566947917093
18646,226,Gyroscope,0.03359759,0.06291912,-0.019547688,1566947917102
18647,226,Accelerometer,-7.4256167,-2.598906,5.5246205,1566947917103
18648,226,Gyroscope,0.047036625,0.054367005999999996,-0.031154128,1566947917112
18649,226,Accelerometer,-7.455544000000001,-2.6647465,5.4911017,1566947917113
18650,226,Gyroscope,0.06047566,0.032986722999999996,-0.048258353,1566947917123
18651,226,Accelerometer,-7.487866,-2.7700913,5.5018754,1566947917123
18652,226,Gyroscope,0.06658431,0.02565634,-0.06047566,1566947917132
18653,226,Accelerometer,-7.5884222999999995,-2.8395232999999998,5.507861,1566947917133
18654,226,Gyroscope,0.056199603,0.021991148999999998,-0.06291912,1566947917142
18655,226,Accelerometer,-7.605181699999999,-2.7772740000000002,5.4779334,1566947917143
18656,226,Gyroscope,0.035430185,0.014049901000000002,-0.06597344599999999,1566947917152
18657,226,Accelerometer,-7.5369470000000005,-2.7964275,5.5617304,1566947917153
18658,226,Gyroscope,0.018936822,0.012217305,-0.062308256,1566947917162
18659,226,Accelerometer,-7.501034,-2.8874072999999996,5.6347537,1566947917163
18660,226,Gyroscope,0.005497787,0.009773844,-0.055588737,1566947917173
18661,226,Accelerometer,-7.376535400000001,-2.8814217999999996,5.693412,1566947917173
18662,226,Gyroscope,-0.004886922,0.00061086525,-0.05131268,1566947917182
18663,226,Accelerometer,-7.240066000000001,-2.8323407000000005,5.8262897,1566947917183
18664,226,Gyroscope,-0.01038471,-0.004886922,-0.051923547,1566947917192
18665,226,Accelerometer,-7.247248599999999,-2.9712042999999997,5.923255,1566947917193
18666,226,Gyroscope,-0.015271631,-0.007330383,-0.06047566,1566947917202
18667,226,Accelerometer,-7.430405,-3.1771057000000003,5.889736,1566947917203
18668,226,Gyroscope,-0.0421497,0.0018325957999999999,-0.053145275,1566947917212
18669,226,Accelerometer,-7.4268136,-3.0514099999999997,5.7903767,1566947917213
18670,226,Gyroscope,-0.07941248,0.04642576,-0.028710667000000002,1566947917222
18671,226,Accelerometer,-6.9515649999999996,-2.9867666,5.801151,1566947917223
18672,226,Gyroscope,-0.10812314599999999,0.12767084,0.015271631,1566947917232
18673,226,Accelerometer,-6.5924344,-3.0538042,5.7005944,1566947917233
18674,226,Gyroscope,-0.096516706,0.14966199,0.027488936000000002,1566947917242
18675,226,Accelerometer,-6.39611,-3.2716765,5.5868697,1566947917243
18676,226,Gyroscope,-0.062308256,0.13622294,0.027488936000000002,1566947917252
18677,226,Accelerometer,-6.317101,-3.5577837999999997,5.565322,1566947917253
18678,226,Gyroscope,-0.03359759,0.12461651,0.026267206,1566947917263
18679,226,Accelerometer,-6.6762314,-3.6511576,5.5748987,1566947917263
18680,226,Gyroscope,-0.03604105,0.1386664,0.02687807,1566947917272
18681,226,Accelerometer,-7.022193400000001,-3.5170822,5.529408999999999,1566947917273
18682,226,Gyroscope,-0.057421334000000004,0.12522738,0.028099801,1566947917282
18683,226,Accelerometer,-7.3753386,-3.2453402999999996,5.4683566,1566947917283
18684,226,Gyroscope,-0.08246681,0.089186326,0.03481932,1566947917292
18685,226,Accelerometer,-7.6231384,-3.0969,5.5090580000000005,1566947917293
18686,226,Gyroscope,-0.09590584,0.025045475,0.05375614,1566947917302
18687,226,Accelerometer,-7.745242599999999,-2.8850130000000003,5.5605335,1566947917303
18688,226,Gyroscope,-0.096516706,-0.027488936000000002,0.077579886,1566947917313
18689,226,Accelerometer,-7.690175999999999,-2.6168625,5.7760115,1566947917313
18690,226,Gyroscope,-0.11056661,-0.028099801,0.11301007,1566947917322
18691,226,Accelerometer,-7.631517999999999,-2.3295584,5.8801594,1566947917323
18692,226,Gyroscope,-0.14049901,-0.0067195175,0.14905111,1566947917332
18693,226,Accelerometer,-7.6722193,-2.1727380000000003,5.837064,1566947917333
18694,226,Gyroscope,-0.16982053,0.030543262,0.18448131,1566947917342
18695,226,Accelerometer,-7.492654300000001,-2.088941,5.925649,1566947917343
18696,226,Gyroscope,-0.1777618,0.10567969,0.22602014,1566947917352
18697,226,Accelerometer,-7.1945763,-2.0817582999999997,6.0824695,1566947917353
18698,226,Gyroscope,-0.17470746,0.18448131,0.26328292,1566947917363
18699,226,Accelerometer,-7.056909599999999,-2.1212628,6.117185,1566947917363
18700,226,Gyroscope,-0.15454891,0.2443461,0.27305678,1566947917372
18701,226,Accelerometer,-6.998251400000001,-2.1727380000000003,6.135142,1566947917373
18702,226,Gyroscope,-0.1337795,0.29932398,0.25595254,1566947917382
18703,226,Accelerometer,-7.131129700000001,-2.1188686000000003,6.048950700000001,1566947917383
18704,226,Gyroscope,-0.12278391400000001,0.33108896,0.21074851,1566947917392
18705,226,Accelerometer,-7.428011,-1.9692308999999997,5.74369,1566947917393
18706,226,Gyroscope,-0.111177474,0.32131509999999996,0.15210545,1566947917402
18707,226,Accelerometer,-7.8673470000000005,-1.8531121,5.3833623,1566947917403
18708,226,Gyroscope,-0.09590584,0.28893927,0.07574729,1566947917412
18709,226,Accelerometer,-8.270769999999999,-1.7645266,5.1966147000000005,1566947917413
18710,226,Gyroscope,-0.084910266,0.25167647,-0.004276057,1566947917422
18711,226,Accelerometer,-8.500613000000001,-1.9416976000000001,4.856637999999999,1566947917423
18712,226,Gyroscope,-0.08857546,0.204029,-0.064751714,1566947917432
18713,226,Accelerometer,-8.558074000000001,-2.2960392999999995,4.7656584,1566947917433
18714,226,Gyroscope,-0.089186326,0.106901415,-0.116675265,1566947917442
18715,226,Accelerometer,-8.428787,-2.670732,4.7560816,1566947917443
18716,226,Gyroscope,-0.09040806,0.03359759,-0.12095132,1566947917452
18717,226,Accelerometer,-8.288725999999999,-2.8754362999999996,4.8338933,1566947917453
18718,226,Gyroscope,-0.089186326,-0.016493361,-0.106901415,1566947917462
18719,226,Accelerometer,-8.185775999999999,-2.9472623,4.9943047,1566947917463
18720,226,Gyroscope,-0.08063421400000001,-0.03848451,-0.07452556,1566947917472
18721,226,Accelerometer,-8.025364,-2.8455088,5.0421886,1566947917473
18722,226,Gyroscope,-0.07269296,-0.04642576,-0.039095376,1566947917482
18723,226,Accelerometer,-7.8386164,-2.658761,5.078101599999999,1566947917483
18724,226,Gyroscope,-0.07086037,-0.027488936000000002,-0.010995574,1566947917492
18725,226,Accelerometer,-7.681796,-2.516306,5.1367598,1566947917493
18726,226,Gyroscope,-0.058643065,-0.002443461,0.014049901000000002,1566947917502
18727,226,Accelerometer,-7.681796,-2.4660277,5.249287000000001,1566947917503
18728,226,Gyroscope,-0.0421497,0.026267206,0.032375857,1566947917512
18729,226,Accelerometer,-7.7332716,-2.397793,5.2995653,1566947917513
18730,226,Gyroscope,-0.027488936000000002,0.04642576,0.04337143,1566947917522
18731,226,Accelerometer,-7.8410106,-2.2876596,5.345055,1566947917523
18732,226,Gyroscope,-0.010995574,0.059864793,0.049480084,1566947917533
18733,226,Accelerometer,-7.8853035,-2.2134395000000002,5.386954,1566947917533
18734,226,Gyroscope,0.0036651915999999997,0.06963864,0.044593163,1566947917542
18735,226,Accelerometer,-7.9547353,-2.2242134,5.3211129999999995,1566947917543
18736,226,Gyroscope,0.015882496,0.07147124,0.032375857,1566947917552
18737,226,Accelerometer,-7.9702972999999995,-2.2517467,5.2265425,1566947917553
18738,226,Gyroscope,0.02076942,0.05131268,0.01160644,1566947917562
18739,226,Accelerometer,-8.013392999999999,-2.1643584,5.046977,1566947917563
18740,226,Gyroscope,0.018325957,0.005497787,-0.01282817,1566947917573
18741,226,Accelerometer,-7.955932000000001,-2.0709844,4.993108,1566947917573
18742,226,Gyroscope,0.02076942,-0.02687807,-0.036651913,1566947917582
18743,226,Accelerometer,-7.823053999999999,-1.9512744,5.090072599999999,1566947917583
18744,226,Gyroscope,0.037873644,-0.0580322,-0.06169739,1566947917592
18745,226,Accelerometer,-7.7201033,-1.9608511999999998,5.2444987,1566947917593
18746,226,Gyroscope,0.058643065,-0.096516706,-0.08552113,1566947917602
18747,226,Accelerometer,-7.680599000000001,-2.0422540000000002,5.3330839999999995,1566947917603
18748,226,Gyroscope,0.076358154,-0.13133603,-0.099571034,1566947917612
18749,226,Accelerometer,-7.727286,-2.087744,5.4432178,1566947917613
18750,226,Gyroscope,0.07391469,-0.14110987,-0.103847094,1566947917623
18751,226,Accelerometer,-7.7320743,-2.100912,5.54138,1566947917623
18752,226,Gyroscope,0.064751714,-0.13011430000000002,-0.0983493,1566947917632
18753,226,Accelerometer,-7.6961613,-2.171541,5.5856724,1566947917633
18754,226,Gyroscope,0.051923547,-0.10629055,-0.09468412,1566947917642
18755,226,Accelerometer,-7.6410947,-2.3391352000000003,5.6982,1566947917643
18756,226,Gyroscope,0.03848451,-0.08735373,-0.089186326,1566947917652
18757,226,Accelerometer,-7.668628,-2.409764,5.718550700000001,1566947917653
18758,226,Gyroscope,0.02443461,-0.07452556,-0.09162979,1566947917662
18759,226,Accelerometer,-7.6219410000000005,-2.4145525,5.732916,1566947917663
18760,226,Gyroscope,0.01282817,-0.053145275,-0.09407325,1566947917672
18761,226,Accelerometer,-7.511808,-2.3750482,5.719748,1566947917673
18762,226,Gyroscope,0.005497787,-0.029321532999999997,-0.106901415,1566947917683
18763,226,Accelerometer,-7.4184339999999995,-2.4061728,5.774814599999999,1566947917683
18764,226,Gyroscope,0.009162978,-0.023823743999999997,-0.116675265,1566947917692
18765,226,Accelerometer,-7.366958599999999,-2.5067291000000003,5.750872599999999,1566947917693
18766,226,Gyroscope,0.017104227,-0.014660766,-0.12767084,1566947917702
18767,226,Accelerometer,-7.393294999999999,-2.6024973,5.8023477,1566947917703
18768,226,Gyroscope,0.02321288,-0.0067195175,-0.1337795,1566947917712
18769,226,Accelerometer,-7.5046253,-2.6910827,5.7879825,1566947917713
18770,226,Gyroscope,0.013439035,0.0067195175,-0.1282817,1566947917722
18771,226,Accelerometer,-7.699753,-2.7257986,5.6443305,1566947917723
18772,226,Gyroscope,-0.0018325957999999999,0.017715093,-0.12034045,1566947917732
18773,226,Accelerometer,-7.813477000000001,-2.7150247000000003,5.519832,1566947917733
18774,226,Gyroscope,-0.014049901000000002,0.019547688,-0.11301007,1566947917743
18775,226,Accelerometer,-7.843405000000001,-2.7389667,5.45878,1566947917743
18776,226,Gyroscope,-0.022602014,0.009162978,-0.11301007,1566947917752
18777,226,Accelerometer,-7.878121000000001,-2.8263552000000005,5.397728,1566947917753
18778,226,Gyroscope,-0.039095376,-0.014660766,-0.10323623,1566947917762
18779,226,Accelerometer,-7.860164,-2.7784709999999997,5.322310400000001,1566947917763
18780,226,Gyroscope,-0.0580322,-0.04337143,-0.089186326,1566947917772
18781,226,Accelerometer,-7.726089,-2.695871,5.284003299999999,1566947917773
18782,226,Gyroscope,-0.07819075,-0.058643065,-0.081855945,1566947917782
18783,226,Accelerometer,-7.553706,-2.56419,5.3402667,1566947917783
18784,226,Gyroscope,-0.08796459400000001,-0.051923547,-0.069027774,1566947917793
18785,226,Accelerometer,-7.387309599999999,-2.4528596,5.5090580000000005,1566947917793
18786,226,Gyroscope,-0.08307768,-0.040317107000000005,-0.06414085,1566947917802
18787,226,Accelerometer,-7.298723700000001,-2.4013843999999995,5.744887,1566947917803
18788,226,Gyroscope,-0.086132,-0.02443461,-0.052534412999999995,1566947917812
18789,226,Accelerometer,-7.2951326000000005,-2.3726540000000003,5.8622026,1566947917813
18790,226,Gyroscope,-0.096516706,0.0012217305,-0.04886922,1566947917822
18791,226,Accelerometer,-7.298723700000001,-2.3307555,5.949591000000001,1566947917823
18792,226,Gyroscope,-0.1020145,0.04642576,-0.040927973,1566947917832
18793,226,Accelerometer,-7.2915410000000005,-2.3582888,6.039374,1566947917833
18794,226,Gyroscope,-0.106901415,0.08552113,-0.03726278,1566947917842
18795,226,Accelerometer,-7.4363904000000005,-2.4289176,6.0250087,1566947917843
18796,226,Gyroscope,-0.12034045,0.11728613,-0.023823743999999997,1566947917853
18797,226,Accelerometer,-7.5788455,-2.44448,5.9041014,1566947917853
18798,226,Gyroscope,-0.13194689,0.13988814,-0.015271631,1566947917862
18799,226,Accelerometer,-7.544129400000001,-2.4660277,5.807136,1566947917863
18800,226,Gyroscope,-0.12705997,0.14660765,-0.005497787,1566947917872
18801,226,Accelerometer,-7.454347,-2.586935,5.686229,1566947917873
18802,226,Gyroscope,-0.1160644,0.12950343,-0.0036651915999999997,1566947917882
18803,226,Accelerometer,-7.400477400000001,-2.8072014,5.4396260000000005,1566947917883
18804,226,Gyroscope,-0.10018189999999999,0.106901415,0.00061086525,1566947917892
18805,226,Accelerometer,-7.410054,-2.8323407000000005,5.3857565,1566947917893
18806,226,Gyroscope,-0.07880162,0.086132,0.008552114,1566947917902
18807,226,Accelerometer,-7.4603324,-2.7700913,5.3606176,1566947917903
18808,226,Gyroscope,-0.06963864,0.06719518,0.020158553,1566947917913
18809,226,Accelerometer,-7.424419400000001,-2.6635494,5.389348,1566947917913
18810,226,Gyroscope,-0.06047566,0.06352998,0.025045475,1566947917922
18811,226,Accelerometer,-7.422025,-2.6013002,5.4264584000000005,1566947917923
18812,226,Gyroscope,-0.04276056599999999,0.040317107000000005,0.026267206,1566947917932
18813,226,Accelerometer,-7.444770299999999,-2.5929205,5.4396260000000005,1566947917933
18814,226,Gyroscope,-0.03359759,0.029321532999999997,0.013439035,1566947917942
18815,226,Accelerometer,-7.5034279999999995,-2.6767175,5.4863133,1566947917943
18816,226,Gyroscope,-0.028099801,0.013439035,-0.0030543262,1566947917952
18817,226,Accelerometer,-7.667431,-2.8083985,5.474342299999999,1566947917953
18818,226,Gyroscope,-0.032986722999999996,0.007330383,-0.012217305,1566947917962
18819,226,Accelerometer,-7.7224975,-2.8969840000000002,5.4791307,1566947917963
18820,226,Gyroscope,-0.040317107000000005,0.017104227,-0.01282817,1566947917972
18821,226,Accelerometer,-7.6734165999999995,-2.967613,5.410896,1566947917973
18822,226,Gyroscope,-0.039095376,0.021991148999999998,-0.007941248,1566947917982
18823,226,Accelerometer,-7.601590600000001,-3.040636,5.401319,1566947917983
18824,226,Gyroscope,-0.028099801,0.02443461,0.0012217305,1566947917992
18825,226,Accelerometer,-7.468712299999999,-3.0154970000000003,5.388150700000001,1566947917993
18826,226,Gyroscope,-0.018325957,0.018325957,0.01038471,1566947918002
18827,226,Accelerometer,-7.4507556,-2.9640217,5.384559599999999,1566947918003
18828,226,Gyroscope,-0.004886922,0.00061086525,0.013439035,1566947918012
18829,226,Accelerometer,-7.4591354999999995,-2.8407204,5.410896,1566947918013
18830,226,Gyroscope,-0.0012217305,-0.00061086525,0.009162978,1566947918022
18831,226,Accelerometer,-7.3777327999999995,-2.7030537,5.4288526,1566947918023
18832,226,Gyroscope,-0.007330383,-0.0018325957999999999,0.004886922,1566947918032
18833,226,Accelerometer,-7.337031,-2.6755204,5.4396260000000005,1566947918033
18834,226,Gyroscope,-0.01282817,-0.007330383,-0.005497787,1566947918042
18835,226,Accelerometer,-7.3214690000000004,-2.7114333999999998,5.4312468,1566947918043
18836,226,Gyroscope,-0.02076942,-0.017104227,-0.009162978,1566947918053
18837,226,Accelerometer,-7.356185000000001,-2.7449522,5.481525,1566947918053
18838,226,Gyroscope,-0.030543262,-0.016493361,-0.014660766,1566947918062
18839,226,Accelerometer,-7.431602000000001,-2.8095956,5.602432,1566947918063
18840,226,Gyroscope,-0.035430185,-0.010995574,-0.018936822,1566947918072
18841,226,Accelerometer,-7.524976,-2.9245174,5.6790465999999995,1566947918073
18842,226,Gyroscope,-0.040317107000000005,0.008552114,-0.015882496,1566947918082
18843,226,Accelerometer,-7.523778999999999,-3.0226796,5.677849299999999,1566947918083
18844,226,Gyroscope,-0.04276056599999999,0.027488936000000002,-0.007941248,1566947918092
18845,226,Accelerometer,-7.443573,-3.1124623,5.717354,1566947918093
18846,226,Gyroscope,-0.035430185,0.039095376,-0.002443461,1566947918102
18847,226,Accelerometer,-7.374141000000001,-3.228581,5.730521700000001,1566947918103
18848,226,Gyroscope,-0.034208454,0.043982297000000004,0.007330383,1566947918113
18849,226,Accelerometer,-7.3071036,-3.288436,5.60722,1566947918113
18850,226,Gyroscope,-0.037873644,0.0421497,0.019547688,1566947918122
18851,226,Accelerometer,-7.253234,-3.2381577,5.513846400000001,1566947918123
18852,226,Gyroscope,-0.047036625,0.04520403,0.032375857,1566947918132
18853,226,Accelerometer,-7.0545154000000005,-3.2106244999999998,5.5545480000000005,1566947918133
18854,226,Gyroscope,-0.04886922,0.04886922,0.039095376,1566947918142
18855,226,Accelerometer,-6.9491705999999995,-3.2465374,5.649119000000001,1566947918143
18856,226,Gyroscope,-0.036651913,0.040927973,0.039095376,1566947918152
18857,226,Accelerometer,-7.073669000000001,-3.2034418999999996,5.756858,1566947918153
18858,226,Gyroscope,-0.03176499,0.029321532999999997,0.048258353,1566947918162
18859,226,Accelerometer,-7.180211,-3.0765493,5.8107276,1566947918163
18860,226,Gyroscope,-0.05497787,0.029321532999999997,0.06047566,1566947918172
18861,226,Accelerometer,-7.254431200000001,-2.8419175,5.738901599999999,1566947918173
18862,226,Gyroscope,-0.081855945,0.032986722999999996,0.073303826,1566947918182
18863,226,Accelerometer,-7.1754226999999995,-2.6910827,5.722142,1566947918183
18864,226,Gyroscope,-0.09712757,0.032986722999999996,0.08857546,1566947918192
18865,226,Accelerometer,-7.077260000000001,-2.5953147,5.8143187,1566947918193
18866,226,Gyroscope,-0.10812314599999999,0.04276056599999999,0.10873401,1566947918202
18867,226,Accelerometer,-6.991069,-2.4361002,6.0142345,1566947918203
18868,226,Gyroscope,-0.11789699,0.077579886,0.12644911,1566947918212
18869,226,Accelerometer,-6.867767999999999,-2.3570917000000002,6.1938,1566947918213
18870,226,Gyroscope,-0.13255776,0.13072516,0.14049901,1566947918222
18871,226,Accelerometer,-6.95755,-2.31639,6.244078,1566947918223
18872,226,Gyroscope,-0.15699236,0.17287487,0.15088372,1566947918233
18873,226,Accelerometer,-7.2759789999999995,-2.2972363999999996,6.145916000000001,1566947918233
18874,226,Gyroscope,-0.17409660000000002,0.20708331,0.16004670000000001,1566947918242
18875,226,Accelerometer,-7.513005000000001,-2.2744915,6.054936,1566947918243
18876,226,Gyroscope,-0.18875736,0.267559,0.16798794,1566947918252
18877,226,Accelerometer,-7.627927000000001,-2.2122424,5.9531827,1566947918253
18878,226,Gyroscope,-0.204029,0.33108896,0.17715092,1566947918262
18879,226,Accelerometer,-7.881711999999999,-2.2134395000000002,5.7137623,1566947918263
18880,226,Gyroscope,-0.20708331,0.36468655,0.17715092,1566947918272
18881,226,Accelerometer,-7.9990277,-2.2960392999999995,5.5102553,1566947918273
18882,226,Gyroscope,-0.18875736,0.3811799,0.17654006,1566947918283
18883,226,Accelerometer,-8.1402855,-2.3953989,5.4527946,1566947918283
18884,226,Gyroscope,-0.17043139999999998,0.38362336,0.17531833,1566947918292
18885,226,Accelerometer,-8.377312,-2.4229321,5.2361193,1566947918293
18886,226,Gyroscope,-0.16187929,0.34513888,0.16187929,1566947918302
18887,226,Accelerometer,-8.543709,-2.336741,4.950012,1566947918303
18888,226,Gyroscope,-0.16249016,0.29199359999999996,0.13561209,1566947918312
18889,226,Accelerometer,-8.541314,-2.244564,4.770447,1566947918313
18890,226,Gyroscope,-0.1685988,0.23335053,0.10812314599999999,1566947918322
18891,226,Accelerometer,-8.50181,-2.1751322999999996,4.644751,1566947918323
18892,226,Gyroscope,-0.16982053,0.17348573,0.06963864,1566947918332
18893,226,Accelerometer,-8.327033,-2.2661119,4.633977400000001,1566947918332
18894,226,Gyroscope,-0.16249016,0.10812314599999999,0.028099801,1566947918343
18895,226,Accelerometer,-8.078036,-2.3942018,4.656722,1566947918343
18896,226,Gyroscope,-0.14294247,0.05497787,0.005497787,1566947918352
18897,226,Accelerometer,-7.9427642999999994,-2.4025814999999997,4.674679,1566947918353
18898,226,Gyroscope,-0.10262536,0.01038471,-0.0030543262,1566947918362
18899,226,Accelerometer,-7.881711999999999,-2.4492682999999995,4.715380000000001,1566947918363
18900,226,Gyroscope,-0.055588737,-0.031154128,-0.014049901000000002,1566947918372
18901,226,Accelerometer,-7.9224133000000005,-2.4648306,4.794389,1566947918373
18902,226,Gyroscope,-0.014049901000000002,-0.04276056599999999,-0.015882496,1566947918383
18903,226,Accelerometer,-8.005013,-2.4361002,4.911705,1566947918383
18904,226,Gyroscope,-0.0067195175,-0.040927973,-0.022602014,1566947918392
18905,226,Accelerometer,-8.154651,-2.385822,5.070919,1566947918393
18906,226,Gyroscope,-0.007941248,-0.031154128,-0.02687807,1566947918402
18907,226,Accelerometer,-8.232463000000001,-2.3642743,5.161899,1566947918403
18908,226,Gyroscope,-0.009773844,-0.025045475,-0.030543262,1566947918412
18909,226,Accelerometer,-8.220491,-2.348712,5.1702785,1566947918413
18910,226,Gyroscope,-0.008552114,-0.027488936000000002,-0.034208454,1566947918422
18911,226,Accelerometer,-8.148665,-2.31639,5.17387,1566947918423
18912,226,Gyroscope,0.0012217305,-0.029321532999999997,-0.034208454,1566947918432
18913,226,Accelerometer,-8.046911999999999,-2.2254104999999997,5.221754,1566947918433
18914,226,Gyroscope,0.012217305,-0.03604105,-0.032986722999999996,1566947918443
18915,226,Accelerometer,-7.9463553,-2.1787236,5.221754,1566947918443
18916,226,Gyroscope,0.029932396,-0.056199603,-0.028710667000000002,1566947918453
18917,226,Accelerometer,-7.891288799999999,-2.1547816,5.248090299999999,1566947918453
18918,226,Gyroscope,0.04337143,-0.07880162,-0.029932396,1566947918462
18919,226,Accelerometer,-7.8757267,-2.098518,5.3043537,1566947918463
18920,226,Gyroscope,0.03970624,-0.095294975,-0.03359759,1566947918472
18921,226,Accelerometer,-7.831434,-1.9991584,5.3127337,1566947918473
18922,226,Gyroscope,0.02565634,-0.10323623,-0.028099801,1566947918482
18923,226,Accelerometer,-7.785944000000001,-1.9381063000000003,5.3498434999999995,1566947918483
18924,226,Gyroscope,0.009773844,-0.10323623,-0.02565634,1566947918492
18925,226,Accelerometer,-7.699753,-1.9488802,5.432443599999999,1566947918493
18926,226,Gyroscope,0.004276057,-0.099571034,-0.02565634,1566947918502
18927,226,Accelerometer,-7.631517999999999,-1.9500773,5.535394,1566947918503
18928,226,Gyroscope,0.012217305,-0.0842994,-0.028710667000000002,1566947918512
18929,226,Accelerometer,-7.601590600000001,-1.9788077000000002,5.641936299999999,1566947918513
18930,226,Gyroscope,0.022602014,-0.05681047,-0.037873644,1566947918522
18931,226,Accelerometer,-7.599196000000001,-2.0602105,5.650316,1566947918523
18932,226,Gyroscope,0.02321288,-0.040317107000000005,-0.05131268,1566947918533
18933,226,Accelerometer,-7.655460000000001,-2.112883,5.604826,1566947918533
18934,226,Gyroscope,0.018936822,-0.040927973,-0.06291912,1566947918542
18935,226,Accelerometer,-7.6710224,-2.1404164,5.5844755,1566947918543
18936,226,Gyroscope,0.0067195175,-0.034208454,-0.06780604,1566947918552
18937,226,Accelerometer,-7.687782,-2.2098482,5.482722,1566947918553
18938,226,Gyroscope,-0.0067195175,-0.028710667000000002,-0.06963864,1566947918562
18939,226,Accelerometer,-7.612364299999999,-2.2433669999999997,5.461174,1566947918563
18940,226,Gyroscope,-0.013439035,-0.025045475,-0.073303826,1566947918572
18941,226,Accelerometer,-7.581239699999999,-2.3080103,5.517437999999999,1566947918573
18942,226,Gyroscope,-0.012217305,-0.020158553,-0.07574729,1566947918582
18943,226,Accelerometer,-7.6267295,-2.3690627,5.543774,1566947918583
18944,226,Gyroscope,-0.013439035,-0.018325957,-0.06841691,1566947918592
18945,226,Accelerometer,-7.608772999999999,-2.4121582999999998,5.481525,1566947918593
18946,226,Gyroscope,-0.027488936000000002,-0.027488936000000002,-0.06352998,1566947918602
18947,226,Accelerometer,-7.462726600000001,-2.4528596,5.3761797,1566947918603
18948,226,Gyroscope,-0.040927973,-0.04337143,-0.0580322,1566947918612
18949,226,Accelerometer,-7.381324,-2.4684220000000003,5.409699,1566947918613
18950,226,Gyroscope,-0.043982297000000004,-0.04520403,-0.050701816,1566947918622
18951,226,Accelerometer,-7.386112,-2.4600422,5.4647654999999995,1566947918623
18952,226,Gyroscope,-0.03359759,-0.044593163,-0.049480084,1566947918632
18953,226,Accelerometer,-7.3310455999999995,-2.4432828,5.5270147000000005,1566947918633
18954,226,Gyroscope,-0.025045475,-0.04642576,-0.05131268,1566947918643
18955,226,Accelerometer,-7.3406224,-2.48159,5.583278,1566947918643
18956,226,Gyroscope,-0.018936822,-0.0421497,-0.061086524,1566947918652
18957,226,Accelerometer,-7.5046253,-2.5330652999999996,5.604826,1566947918653
18958,226,Gyroscope,-0.015882496,-0.028710667000000002,-0.06780604,1566947918662
18959,226,Accelerometer,-7.568071400000001,-2.5390507999999996,5.6790465999999995,1566947918663
18960,226,Gyroscope,-0.015882496,-0.01282817,-0.07086037,1566947918672
18961,226,Accelerometer,-7.660248299999999,-2.5378537,5.7065797,1566947918673
18962,226,Gyroscope,-0.021380282999999996,-0.0012217305,-0.073303826,1566947918682
18963,226,Accelerometer,-7.699753,-2.565387,5.707777,1566947918683
18964,226,Gyroscope,-0.032986722999999996,-0.0018325957999999999,-0.064751714,1566947918692
18965,226,Accelerometer,-7.7943234,-2.5761611,5.7137623,1566947918693
18966,226,Gyroscope,-0.056199603,0.00061086525,-0.048258353,1566947918703
18967,226,Accelerometer,-7.7727756999999995,-2.5031377999999997,5.649119000000001,1566947918703
18968,226,Gyroscope,-0.06414085,0.0067195175,-0.031154128,1566947918712
18969,226,Accelerometer,-7.6865845,-2.4157495,5.714959599999999,1566947918714
18970,226,Gyroscope,-0.058643065,0.016493361,-0.009773844,1566947918722
18971,226,Accelerometer,-7.523778999999999,-2.4169466,5.813122,1566947918723
18972,226,Gyroscope,-0.048258353,0.017104227,-0.0012217305,1566947918732
18973,226,Accelerometer,-7.4914570000000005,-2.4672248,5.9148755,1566947918733
18974,226,Gyroscope,-0.04886922,0.022602014,-0.0012217305,1566947918742
18975,226,Accelerometer,-7.5608889999999995,-2.4744074,5.923255,1566947918743
18976,226,Gyroscope,-0.07086037,0.040317107000000005,0.013439035,1566947918752
18977,226,Accelerometer,-7.57286,-2.4241292000000003,5.815516000000001,1566947918753
18978,226,Gyroscope,-0.0983493,0.06597344599999999,0.031154128,1566947918763
18979,226,Accelerometer,-7.5668745,-2.4001873,5.7089739999999995,1566947918763
18980,226,Gyroscope,-0.112399206,0.09407325,0.031154128,1566947918772
18981,226,Accelerometer,-7.461529700000001,-2.4013843999999995,5.723339,1566947918773
18982,226,Gyroscope,-0.111177474,0.11484267,0.03359759,1566947918782
18983,226,Accelerometer,-7.505822,-2.4875755,5.638344999999999,1566947918783
18984,226,Gyroscope,-0.10873401,0.1337795,0.04153884,1566947918792
18985,226,Accelerometer,-7.592013400000001,-2.5354595,5.432443599999999,1566947918793
18986,226,Gyroscope,-0.09712757,0.1386664,0.05131268,1566947918802
18987,226,Accelerometer,-7.6231384,-2.6180596,5.1559134,1566947918803
18988,226,Gyroscope,-0.086132,0.12644911,0.05681047,1566947918812
18989,226,Accelerometer,-7.7727756999999995,-2.9484594,5.1116204000000005,1566947918813
18990,226,Gyroscope,-0.06352998,0.095294975,0.047036625,1566947918822
18991,226,Accelerometer,-7.905653999999999,-3.0849290000000003,5.006275700000001,1566947918823
18992,226,Gyroscope,-0.050701816,0.06963864,0.047647487,1566947918832
18993,226,Accelerometer,-7.9331875,-2.9987376,4.909311,1566947918833
18994,226,Gyroscope,-0.050701816,0.04276056599999999,0.05681047,1566947918842
18995,226,Accelerometer,-7.7787614000000005,-2.8538885,4.8877625,1566947918843
18996,226,Gyroscope,-0.037873644,0.01160644,0.06291912,1566947918852
18997,226,Accelerometer,-7.5572976999999995,-2.861071,5.044583,1566947918853
18998,226,Gyroscope,-0.00061086525,0.01160644,0.06047566,1566947918862
18999,226,Accelerometer,-7.548918,-2.9903579,5.2037973,1566947918863
19000,226,Gyroscope,0.039095376,-0.014049901000000002,0.049480084,1566947918872
19001,226,Accelerometer,-7.6865845,-2.967613,5.282806,1566947918873
19002,226,Gyroscope,0.047647487,-0.03481932,0.03481932,1566947918882
19003,226,Accelerometer,-7.8003089999999995,-2.7784709999999997,5.221754,1566947918883
19004,226,Gyroscope,0.039095376,-0.05131268,0.021380282999999996,1566947918892
19005,226,Accelerometer,-7.872135000000001,-2.6839,5.1762643,1566947918893
19006,226,Gyroscope,0.029932396,-0.059253927000000005,0.007330383,1566947918902
19007,226,Accelerometer,-7.8086886,-2.6491842,5.2325277,1566947918903
19008,226,Gyroscope,0.03359759,-0.07513642,-0.0012217305,1566947918912
19009,226,Accelerometer,-7.759608,-2.6743232999999997,5.3594203,1566947918913
19010,226,Gyroscope,0.0421497,-0.089186326,-0.01282817,1566947918922
19011,226,Accelerometer,-7.72968,-2.7030537,5.494693,1566947918923
19012,226,Gyroscope,0.04276056599999999,-0.09040806,-0.015882496,1566947918933
19013,226,Accelerometer,-7.6111674,-2.6839,5.5401826,1566947918933
19014,226,Gyroscope,0.028099801,-0.086132,-0.009773844,1566947918942
19015,226,Accelerometer,-7.5333557,-2.5953147,5.6323595,1566947918943
19016,226,Gyroscope,0.007941248,-0.077579886,-0.0061086523,1566947918952
19017,226,Accelerometer,-7.3490020000000005,-2.5210943,5.73531,1566947918953
19018,226,Gyroscope,-0.0030543262,-0.06780604,-0.002443461,1566947918962
19019,226,Accelerometer,-7.1502833,-2.5019407000000005,5.8741736,1566947918963
19020,226,Gyroscope,-0.01160644,-0.050701816,-0.009162978,1566947918972
19021,226,Accelerometer,-6.994660400000001,-2.5785553,5.9364233,1566947918973
19022,226,Gyroscope,-0.018936822,-0.03726278,-0.021380282999999996,1566947918983
19023,226,Accelerometer,-7.050924,-2.72939,5.9507885,1566947918983
19024,226,Gyroscope,-0.029321532999999997,-0.02076942,-0.03359759,1566947918992
19025,226,Accelerometer,-7.157466,-2.791639,5.9687448,1566947918993
19026,226,Gyroscope,-0.039095376,0.00061086525,-0.029321532999999997,1566947919002
19027,226,Accelerometer,-7.1646485,-2.7629087,5.985504,1566947919003
19028,226,Gyroscope,-0.04520403,0.028710667000000002,-0.014660766,1566947919012
19029,226,Accelerometer,-7.1826053,-2.8287494,5.9627595,1566947919013
19030,226,Gyroscope,-0.04337143,0.05009095,-0.0036651915999999997,1566947919022
19031,226,Accelerometer,-7.1885905,-2.930503,5.895722,1566947919023
19032,226,Gyroscope,-0.045814894,0.06169739,0.014660766,1566947919032
19033,226,Accelerometer,-7.216124000000001,-2.9221232,5.843049,1566947919033
19034,226,Gyroscope,-0.057421334000000004,0.0720821,0.034208454,1566947919042
19035,226,Accelerometer,-7.229292,-2.8443117,5.8454432,1566947919043
19036,226,Gyroscope,-0.08063421400000001,0.09040806,0.045814894,1566947919052
19037,226,Accelerometer,-7.2065472999999995,-2.7473464,5.843049,1566947919053
19038,226,Gyroscope,-0.09896017,0.10323623,0.054367005999999996,1566947919062
19039,226,Accelerometer,-7.200561500000001,-2.7150247000000003,5.849035,1566947919063
19040,226,Gyroscope,-0.1160644,0.112399206,0.049480084,1566947919072
19041,226,Accelerometer,-7.168239999999999,-2.6839,5.813122,1566947919073
19042,226,Gyroscope,-0.13133603,0.118507855,0.029321532999999997,1566947919082
19043,226,Accelerometer,-7.169436999999999,-2.6491842,5.760449400000001,1566947919083
19044,226,Gyroscope,-0.14294247,0.12522738,0.014049901000000002,1566947919092
19045,226,Accelerometer,-7.2304892999999995,-2.705448,5.639542,1566947919093
19046,226,Gyroscope,-0.15210545,0.124005646,-0.002443461,1566947919102
19047,226,Accelerometer,-7.2963295,-2.7724855,5.588066599999999,1566947919103
19048,226,Gyroscope,-0.15210545,0.13072516,-0.007330383,1566947919112
19049,226,Accelerometer,-7.338228,-2.8933928,5.566519,1566947919113
19050,226,Gyroscope,-0.14905111,0.13133603,0.0012217305,1566947919122
19051,226,Accelerometer,-7.4184339999999995,-3.040636,5.445612000000001,1566947919123
19052,226,Gyroscope,-0.14721853,0.105068825,0.020158553,1566947919133
19053,226,Accelerometer,-7.4711065,-3.1364042999999997,5.258864,1566947919133
19054,226,Gyroscope,-0.14966199,0.06536258,0.045814894,1566947919142
19055,226,Accelerometer,-7.384915400000001,-3.0777464,5.1259856,1566947919143
19056,226,Gyroscope,-0.15454891,0.056199603,0.07269296,1566947919152
19057,226,Accelerometer,-7.2424603,-2.8969840000000002,5.161899,1566947919153
19058,226,Gyroscope,-0.15393804,0.05009095,0.09896017,1566947919162
19059,226,Accelerometer,-7.086836999999999,-2.822764,5.2002063,1566947919163
19060,226,Gyroscope,-0.14660765,0.040317107000000005,0.10934488,1566947919172
19061,226,Accelerometer,-6.9599442,-2.871845,5.248090299999999,1566947919173
19062,226,Gyroscope,-0.12522738,0.051923547,0.11728613,1566947919182
19063,226,Accelerometer,-6.9144545,-2.9281087,5.474342299999999,1566947919183
19064,226,Gyroscope,-0.10079276599999999,0.07696902,0.118507855,1566947919192
19065,226,Accelerometer,-7.0102224,-2.9771897999999997,5.6323595,1566947919193
19066,226,Gyroscope,-0.08674286,0.095294975,0.11056661,1566947919202
19067,226,Accelerometer,-7.138312299999999,-2.9819782000000004,5.710171,1566947919203
19068,226,Gyroscope,-0.07391469,0.10323623,0.099571034,1566947919212
19069,226,Accelerometer,-7.3322425,-3.0190883,5.6910176,1566947919213
19070,226,Gyroscope,-0.070249505,0.12095132,0.084910266,1566947919222
19071,226,Accelerometer,-7.5932107,-3.0789435000000003,5.5940523,1566947919223
19072,226,Gyroscope,-0.06841691,0.13439035,0.0720821,1566947919232
19073,226,Accelerometer,-7.891288799999999,-3.0909145000000002,5.49589,1566947919233
19074,226,Gyroscope,-0.064751714,0.13316862,0.059253927000000005,1566947919242
19075,226,Accelerometer,-8.066066000000001,-3.0478187,5.4982843,1566947919243
19076,226,Gyroscope,-0.06047566,0.14477506,0.04886922,1566947919252
19077,226,Accelerometer,-8.036138000000001,-3.0430303,5.616797,1566947919253
19078,226,Gyroscope,-0.0580322,0.15088372,0.05009095,1566947919263
19079,226,Accelerometer,-7.996633500000001,-3.0502129,5.665878299999999,1566947919263
19080,226,Gyroscope,-0.06536258,0.16126843,0.048258353,1566947919272
19081,226,Accelerometer,-7.6171527,-3.3063924,5.499480999999999,1566947919273
19082,226,Gyroscope,-0.08368854,0.18570304,0.04886922,1566947919282
19083,226,Accelerometer,-7.492654300000001,-3.371036,5.407305,1566947919283
19084,226,Gyroscope,-0.095294975,0.21991149,0.05497787,1566947919292
19085,226,Accelerometer,-7.523778999999999,-3.3315318,5.377377,1566947919293
19086,226,Gyroscope,-0.09773844,0.23518312,0.07147124,1566947919302
19087,226,Accelerometer,-7.369353,-3.2429460999999997,5.3678,1566947919303
19088,226,Gyroscope,-0.06658431,0.21258110000000002,0.064751714,1566947919312
19089,226,Accelerometer,-7.4016747,-3.2980127,5.3127337,1566947919313
19090,226,Gyroscope,-0.03604105,0.17287487,0.049480084,1566947919322
19091,226,Accelerometer,-7.4399820000000005,-3.3135752999999997,5.1942205,1566947919323
19092,226,Gyroscope,-0.0030543262,0.124005646,0.028710667000000002,1566947919332
19093,226,Accelerometer,-7.5345526,-3.2609026,5.1642933,1566947919333
19094,226,Gyroscope,0.03176499,0.08674286,-0.00061086525,1566947919342
19095,226,Accelerometer,-7.6482773,-3.1376014,5.1918263,1566947919343
19096,226,Gyroscope,0.0580322,0.07391469,-0.03726278,1566947919352
19097,226,Accelerometer,-7.691373,-3.0669725,5.234922,1566947919353
19098,226,Gyroscope,0.070249505,0.084910266,-0.07452556,1566947919362
19099,226,Accelerometer,-7.72968,-3.122039,5.295974299999999,1566947919363
19100,226,Gyroscope,0.073303826,0.10629055,-0.1020145,1566947919372
19101,226,Accelerometer,-7.799111999999999,-3.2249897,5.323507299999999,1566947919373
19102,226,Gyroscope,0.06536258,0.12217305,-0.124005646,1566947919382
19103,226,Accelerometer,-7.860164,-3.2585083999999997,5.345055,1566947919383
19104,226,Gyroscope,0.059864793,0.12095132,-0.12889257,1566947919392
19105,226,Accelerometer,-7.813477000000001,-3.2609026,5.459976999999999,1566947919393
19106,226,Gyroscope,0.061086524,0.13988814,-0.12705997,1566947919402
19107,226,Accelerometer,-7.653065700000001,-3.3818099999999998,5.623979599999999,1566947919403
19108,226,Gyroscope,0.070249505,0.15882497,-0.10567969,1566947919412
19109,226,Accelerometer,-7.559692,-3.3303347000000003,5.6586957,1566947919413
19110,226,Gyroscope,0.08857546,0.16432275,-0.084910266,1566947919422
19111,226,Accelerometer,-7.41604,-3.3087866000000004,5.755661,1566947919423
19112,226,Gyroscope,0.12156218,0.15515977,-0.06597344599999999,1566947919432
19113,226,Accelerometer,-7.3274539999999995,-3.25372,5.8322754,1566947919433
19114,226,Gyroscope,0.16187929,0.14294247,-0.052534412999999995,1566947919442
19115,226,Accelerometer,-7.267599000000001,-3.1615434,5.8598084,1566947919443
19116,226,Gyroscope,0.19120082,0.14721853,-0.05497787,1566947919453
19117,226,Accelerometer,-7.3214690000000004,-2.9652187999999997,5.8238955,1566947919453
19118,226,Gyroscope,0.21563543,0.15393804,-0.06963864,1566947919462
19119,226,Accelerometer,-7.3071036,-2.8491,5.8705826,1566947919463
19120,226,Gyroscope,0.22968534,0.1685988,-0.0720821,1566947919472
19121,226,Accelerometer,-7.522581599999999,-2.5965118,5.73531,1566947919473
19122,226,Gyroscope,0.2284636,0.18570304,-0.086132,1566947919483
19123,226,Accelerometer,-7.3885064,-2.4133554,5.7125654,1566947919483
19124,226,Gyroscope,0.22540927,0.21197024,-0.11178834,1566947919492
19125,226,Accelerometer,-7.36217,-2.420538,5.5868697,1566947919493
19126,226,Gyroscope,0.21502456,0.2284636,-0.14599679999999998,1566947919502
19127,226,Accelerometer,-7.3083005000000005,-2.565387,5.589264,1566947919503
19128,226,Gyroscope,0.21502456,0.24801129,-0.17531833,1566947919513
19129,226,Accelerometer,-7.2975270000000005,-2.706645,5.674258,1566947919513
19130,226,Gyroscope,0.2302962,0.258396,-0.204029,1566947919522
19131,226,Accelerometer,-7.2484455,-2.873042,5.695806,1566947919523
19132,226,Gyroscope,0.26450464,0.24495697,-0.22785273,1566947919532
19133,226,Accelerometer,-7.277176,-3.0538042,5.633556400000001,1566947919533
19134,226,Gyroscope,0.3286455,0.21380283,-0.23945917,1566947919543
19135,226,Accelerometer,-7.322665700000001,-3.1639376,5.5617304,1566947919543
19136,226,Gyroscope,0.37201694,0.19853121,-0.24556783,1566947919552
19137,226,Accelerometer,-7.352593400000001,-3.192668,5.420472599999999,1566947919553
19138,226,Gyroscope,0.4111123,0.17348573,-0.25228736,1566947919562
19139,226,Accelerometer,-7.386112,-3.2022447999999994,5.272032299999999,1566947919563
19140,226,Gyroscope,0.45142943,0.13683382,-0.26633725,1566947919572
19141,226,Accelerometer,-7.493850999999999,-3.2202013,5.2409077,1566947919573
19142,226,Gyroscope,0.48624873,0.10812314599999999,-0.28405234,1566947919582
19143,226,Accelerometer,-7.5968018,-3.1531637000000003,5.2409077,1566947919583
19144,226,Gyroscope,0.50762904,0.08735373,-0.29749137,1566947919592
19145,226,Accelerometer,-7.6255326,-3.0083144,5.279215,1566947919593
19146,226,Gyroscope,0.51251596,0.07574729,-0.3145956,1566947919603
19147,226,Accelerometer,-7.6255326,-2.858677,5.351041,1566947919603
19148,226,Gyroscope,0.5131268,0.07086037,-0.32925636,1566947919612
19149,226,Accelerometer,-7.575253999999999,-2.7425580000000003,5.4539914000000005,1566947919613
19150,226,Gyroscope,0.5119051,0.07941248,-0.33353242,1566947919622
19151,226,Accelerometer,-7.461529700000001,-2.6060886,5.579687,1566947919623
19152,226,Gyroscope,0.5015204000000001,0.092240654,-0.3371976,1566947919632
19153,226,Accelerometer,-7.363367599999999,-2.5067291000000003,5.544971,1566947919633
19154,226,Gyroscope,0.49968776,0.11484267,-0.34330627,1566947919642
19155,226,Accelerometer,-7.3106947,-2.469619,5.6431336,1566947919643
19156,226,Gyroscope,0.51007247,0.14538592,-0.3475823,1566947919652
19157,226,Accelerometer,-7.350199000000001,-2.421735,5.7843914000000005,1566947919653
19158,226,Gyroscope,0.5198463,0.17898351,-0.34513888,1566947919662
19159,226,Accelerometer,-7.4950485,-2.4241292000000003,5.8466406,1566947919663
19160,226,Gyroscope,0.5137377000000001,0.20463985,-0.3378085,1566947919672
19161,226,Accelerometer,-7.644686,-2.5151088,5.807136,1566947919673
19162,226,Gyroscope,0.49785519999999994,0.23457226,-0.32620203,1566947919682
19163,226,Accelerometer,-7.721300599999999,-2.5821466,5.723339,1566947919683
19164,226,Gyroscope,0.47769663,0.26939157,-0.31948254,1566947919692
19165,226,Accelerometer,-7.704541000000001,-2.60968,5.5964465,1566947919693
19166,226,Gyroscope,0.46731192,0.29016098,-0.31581733,1566947919702
19167,226,Accelerometer,-7.708132300000001,-2.6360161,5.481525,1566947919703
19168,226,Gyroscope,0.46975538,0.28588495,-0.32314770000000004,1566947919712
19169,226,Accelerometer,-7.708132300000001,-2.6683377999999998,5.354632,1566947919713
19170,226,Gyroscope,0.49357912,0.26939157,-0.34086279999999997,1566947919722
19171,226,Accelerometer,-7.6746134999999995,-2.5210943,5.317522,1566947919723
19172,226,Gyroscope,0.5186246,0.25289822,-0.36163223,1566947919732
19173,226,Accelerometer,-7.6111674,-2.4540567,5.357026,1566947919733
19174,226,Gyroscope,0.5412266,0.23273966,-0.38484509999999994,1566947919742
19175,226,Accelerometer,-7.599196000000001,-2.4169466,5.4551888,1566947919743
19176,226,Gyroscope,0.56138515,0.21502456,-0.40866885,1566947919752
19177,226,Accelerometer,-7.5453267,-2.4037786,5.4551888,1566947919753
19178,226,Gyroscope,0.5681046999999999,0.20647246,-0.4465425,1566947919762
19179,226,Accelerometer,-7.516596300000001,-2.4241292000000003,5.3378725,1566947919763
19180,226,Gyroscope,0.5687156,0.18631389999999998,-0.45570546,1566947919772
19181,226,Accelerometer,-7.645883,-2.5366566,5.246893,1566947919773
19182,226,Gyroscope,0.5907066999999999,0.16798794,-0.45570546,1566947919782
19183,226,Accelerometer,-7.7727756999999995,-2.5486276,5.3127337,1566947919783
19184,226,Gyroscope,0.63407815,0.16187929,-0.4605924,1566947919793
19185,226,Accelerometer,-7.9092455,-2.4827871,5.4061074,1566947919793
19186,226,Gyroscope,0.6713409,0.16004670000000001,-0.47891834,1566947919802
19187,226,Accelerometer,-8.024167,-2.3570917000000002,5.4360349999999995,1566947919803
19188,226,Gyroscope,0.6774496,0.14966199,-0.5143485,1566947919812
19189,226,Accelerometer,-8.121132000000001,-2.2768857000000002,5.297171,1566947919813
19190,226,Gyroscope,0.66339964,0.13622294,-0.54244834,1566947919822
19191,226,Accelerometer,-8.165425,-2.2780828,5.425261,1566947919823
19192,226,Gyroscope,0.6469063,0.15393804,-0.56688297,1566947919832
19193,226,Accelerometer,-8.064867999999999,-2.349909,5.523423,1566947919833
19194,226,Gyroscope,0.6291912,0.16920967,-0.5858198,1566947919842
19195,226,Accelerometer,-7.8948803,-2.4169466,5.5988407,1566947919843
19196,226,Gyroscope,0.6206391,0.18448131,-0.59803706,1566947919852
19197,226,Accelerometer,-7.735666,-2.4959552000000005,5.650316,1566947919853
19198,226,Gyroscope,0.6114761,0.19364429,-0.60231316,1566947919862
19199,226,Accelerometer,-7.601590600000001,-2.5617957000000002,5.5054669999999994,1566947919863
19200,226,Gyroscope,0.61269784,0.20219639,-0.59986967,1566947919872
19201,226,Accelerometer,-7.599196000000001,-2.5917234000000002,5.3857565,1566947919873
19202,226,Gyroscope,0.61758476,0.21197024,-0.59131753,1566947919883
19203,226,Accelerometer,-7.627927000000001,-2.6001031,5.327099,1566947919883
19204,226,Gyroscope,0.61941737,0.21991149,-0.5766568,1566947919892
19205,226,Accelerometer,-7.6410947,-2.610877,5.2145715,1566947919893
19206,226,Gyroscope,0.6151413,0.21197024,-0.5564981999999999,1566947919902
19207,226,Accelerometer,-7.6650367,-2.6767175,5.062539599999999,1566947919903
19208,226,Gyroscope,0.6096435,0.19730948,-0.5332854,1566947919912
19209,226,Accelerometer,-7.590816499999999,-2.7641058,4.9943047,1566947919913
19210,226,Gyroscope,0.5925393,0.18325958,-0.50518554,1566947919922
19211,226,Accelerometer,-7.4723034,-2.9269116000000004,4.924873000000001,1566947919923
19212,226,Gyroscope,0.57604593,0.1826487,-0.4709771,1566947919932
19213,226,Accelerometer,-7.381324,-3.0382418999999996,5.118803,1566947919933
19214,226,Gyroscope,0.5674938,0.19608775,-0.43554693,1566947919942
19215,226,Accelerometer,-7.380127000000001,-2.954445,5.306748000000001,1566947919944
19216,226,Gyroscope,0.5742133,0.20036379999999998,-0.40133846,1566947919952
19217,226,Accelerometer,-7.405266,-2.802413,5.3785739999999995,1566947919953
19218,226,Gyroscope,0.5833763000000001,0.21563543,-0.38240165,1566947919962
19219,226,Accelerometer,-7.507019500000001,-2.6695349999999998,5.318719000000001,1566947919963
19220,226,Gyroscope,0.5925393,0.2321288,-0.38056904,1566947919972
19221,226,Accelerometer,-7.735666,-2.6036943999999997,5.260061299999999,1566947919973
19222,226,Gyroscope,0.59559363,0.24373524,-0.3866777,1566947919982
19223,226,Accelerometer,-7.9930425000000005,-2.5246856,5.1918263,1566947919983
19224,226,Gyroscope,0.589485,0.24190263,-0.40194935,1566947919992
19225,226,Accelerometer,-8.152257,-2.4073699,5.1439424,1566947919993
19226,226,Gyroscope,0.5858198,0.22113322,-0.4166101,1566947920002
19227,226,Accelerometer,-8.220491,-2.3822308,5.080496,1566947920003
19228,226,Gyroscope,0.5907066999999999,0.1966986,-0.43188173,1566947920013
19229,226,Accelerometer,-8.232463000000001,-2.3738509999999997,5.036203400000001,1566947920013
19230,226,Gyroscope,0.5876524000000001,0.17409660000000002,-0.4447099,1566947920022
19231,226,Accelerometer,-8.204929,-2.328361,4.984728,1566947920023
19232,226,Gyroscope,0.58032197,0.15271631,-0.44532076,1566947920032
19233,226,Accelerometer,-8.137891999999999,-2.3678656000000005,4.947618,1566947920033
19234,226,Gyroscope,0.5742133,0.13927728,-0.43982297,1566947920043
19235,226,Accelerometer,-8.079233,-2.4277205000000004,4.9919105,1566947920043
19236,226,Gyroscope,0.5699373000000001,0.13316862,-0.42943826,1566947920052
19237,226,Accelerometer,-7.9762830000000005,-2.4504653999999997,5.1379566,1566947920053
19238,226,Gyroscope,0.56321776,0.1386664,-0.42027529999999996,1566947920062
19239,226,Accelerometer,-7.837419000000001,-2.48159,5.249287000000001,1566947920063
19240,226,Gyroscope,0.54733527,0.13988814,-0.40378192,1566947920073
19241,226,Accelerometer,-7.751228,-2.4660277,5.199008999999999,1566947920073
19242,226,Gyroscope,0.53878313,0.14599679999999998,-0.38484509999999994,1566947920082
19243,226,Accelerometer,-7.682993400000001,-2.4289176,5.183447,1566947920083
19244,226,Gyroscope,0.5448918,0.14049901,-0.38056904,1566947920092
19245,226,Accelerometer,-7.6219410000000005,-2.3798366,5.2397103,1566947920093
19246,226,Gyroscope,0.552833,0.13805555,-0.38423425,1566947920103
19247,226,Accelerometer,-7.6027875,-2.3235726000000003,5.2756233,1566947920103
19248,226,Gyroscope,0.5552765000000001,0.13500121,-0.39278635,1566947920112
19249,226,Accelerometer,-7.5968018,-2.291251,5.3247046,1566947920113
19250,226,Gyroscope,0.54733527,0.13683382,-0.398895,1566947920122
19251,226,Accelerometer,-7.60997,-2.3187842,5.33069,1566947920122
19252,226,Gyroscope,0.5308419,0.13072516,-0.39278635,1566947920132
19253,226,Accelerometer,-7.690175999999999,-2.3726540000000003,5.3713913,1566947920133
19254,226,Gyroscope,0.5119051,0.13622294,-0.3817908,1566947920142
19255,226,Accelerometer,-7.699753,-2.3774424,5.494693,1566947920143
19256,226,Gyroscope,0.49480084,0.1423316,-0.36468655,1566947920152
19257,226,Accelerometer,-7.656657000000001,-2.3762453,5.542577,1566947920153
19258,226,Gyroscope,0.47647488,0.15027285,-0.344528,1566947920163
19259,226,Accelerometer,-7.6638399999999995,-2.4025814999999997,5.5629277,1566947920163
19260,226,Gyroscope,0.4636467000000001,0.15210545,-0.33169982,1566947920172
19261,226,Accelerometer,-7.726089,-2.4133554,5.5485625,1566947920173
19262,226,Gyroscope,0.45081854,0.17470746,-0.3286455,1566947920182
19263,226,Accelerometer,-7.656657000000001,-2.4396915,5.556941999999999,1566947920183
19264,226,Gyroscope,0.43188173,0.19058995,-0.32375857,1566947920193
19265,226,Accelerometer,-7.6482773,-2.4253263,5.49589,1566947920193
19266,226,Gyroscope,0.40561453,0.204029,-0.31764993,1566947920202
19267,226,Accelerometer,-7.5644803,-2.4265234,5.499480999999999,1566947920203
19268,226,Gyroscope,0.37507126,0.21197024,-0.30909783,1566947920212
19269,226,Accelerometer,-7.514202,-2.4025814999999997,5.4922986,1566947920213
19270,226,Gyroscope,0.34636059999999996,0.22479841,-0.29932398,1566947920222
19271,226,Accelerometer,-7.4184339999999995,-2.4492682999999995,5.4911017,1566947920223
19272,226,Gyroscope,0.30482176,0.23945917,-0.26572640000000003,1566947920232
19273,226,Accelerometer,-7.4124484,-2.4863784,5.4539914000000005,1566947920233
19274,226,Gyroscope,0.28038713,0.24862215,-0.23457226,1566947920242
19275,226,Accelerometer,-7.3430165999999994,-2.6084828,5.473145,1566947920243
19276,226,Gyroscope,0.26572640000000003,0.27122417,-0.19975294,1566947920252
19277,226,Accelerometer,-7.2352777,-2.6252422,5.5030727,1566947920253
19278,226,Gyroscope,0.26267207,0.30298916,-0.16432275,1566947920262
19279,226,Accelerometer,-7.273585000000001,-2.5701754,5.559336,1566947920263
19280,226,Gyroscope,0.25961772,0.35735616,-0.124005646,1566947920272
19281,226,Accelerometer,-7.3322425,-2.4732103,5.589264,1566947920273
19282,226,Gyroscope,0.25717425,0.4098906,-0.08857546,1566947920282
19283,226,Accelerometer,-7.559692,-2.4025814999999997,5.553351,1566947920283
19284,226,Gyroscope,0.25228736,0.44165558,-0.061086524,1566947920292
19285,226,Accelerometer,-7.7153149999999995,-2.3331497000000003,5.4408236,1566947920293
19286,226,Gyroscope,0.24923302,0.45448375,-0.048258353,1566947920302
19287,226,Accelerometer,-7.902063,-2.3116016,5.2816089999999996,1566947920303
19288,226,Gyroscope,0.2510656,0.4605924,-0.040317107000000005,1566947920312
19289,226,Accelerometer,-8.123527000000001,-2.244564,5.1702785,1566947920313
19290,226,Gyroscope,0.26816985,0.46792278,-0.03970624,1566947920323
19291,226,Accelerometer,-8.384495,-2.2074540000000002,5.088876,1566947920323
19292,226,Gyroscope,0.29077184,0.46731192,-0.053145275,1566947920332
19293,226,Accelerometer,-8.631097,-2.220622,4.947618,1566947920333
19294,226,Gyroscope,0.30665436,0.43310347,-0.086132,1566947920342
19295,226,Accelerometer,-8.829816000000001,-2.291251,4.703409,1566947920343
19296,226,Gyroscope,0.31215215,0.36835176,-0.13133603,1566947920352
19297,226,Accelerometer,-8.935161,-2.31639,4.474762999999999,1566947920353
19298,226,Gyroscope,0.31826079999999995,0.28099802,-0.18203785,1566947920362
19299,226,Accelerometer,-8.825027,-2.2637177000000004,4.3813889999999995,1566947920363
19300,226,Gyroscope,0.32986724,0.19486602,-0.23335053,1566947920372
19301,226,Accelerometer,-8.531737,-2.2026656000000004,4.431667299999999,1566947920373
19302,226,Gyroscope,0.35369098,0.12889257,-0.28221974,1566947920382
19303,226,Accelerometer,-8.158242,-2.2361843999999995,4.581305,1566947920383
19304,226,Gyroscope,0.38789943,0.08368854,-0.32253686,1566947920392
19305,226,Accelerometer,-7.8625584,-2.3906104999999997,4.722563,1566947920393
19306,226,Gyroscope,0.41966440000000005,0.05131268,-0.34147367,1566947920402
19307,226,Accelerometer,-7.6889787,-2.4720132,4.8338933,1566947920403
19308,226,Gyroscope,0.44532076,0.03359759,-0.34269542,1566947920412
19309,226,Accelerometer,-7.5704656,-2.4624363999999996,4.947618,1566947920413
19310,226,Gyroscope,0.453262,0.034208454,-0.3359759,1566947920423
19311,226,Accelerometer,-7.5213847000000005,-2.4516625,5.070919,1566947920423
19312,226,Gyroscope,0.45570546,0.053145275,-0.3268129,1566947920432
19313,226,Accelerometer,-7.540538300000001,-2.4995465,5.2121773000000005,1566947920433
19314,226,Gyroscope,0.462425,0.073303826,-0.312763,1566947920442
19315,226,Accelerometer,-7.6722193,-2.5234885,5.341464,1566947920443
19316,226,Gyroscope,0.46853364,0.10018189999999999,-0.29626966,1566947920453
19317,226,Accelerometer,-7.8027034,-2.505532,5.408501599999999,1566947920453
19318,226,Gyroscope,0.48380527,0.10079276599999999,-0.28893927,1566947920462
19319,226,Accelerometer,-7.9427642999999994,-2.4301147000000003,5.412093,1566947920463
19320,226,Gyroscope,0.5002986,0.09162979,-0.29199359999999996,1566947920472
19321,226,Accelerometer,-8.000225,-2.3056161,5.4240639999999996,1566947920473
19322,226,Gyroscope,0.5131268,0.084910266,-0.29932398,1566947920483
19323,226,Accelerometer,-8.030152000000001,-2.1452047999999997,5.45878,1566947920483
19324,226,Gyroscope,0.5174029,0.08979719,-0.30909783,1566947920492
19325,226,Accelerometer,-8.039729,-1.9800048,5.4515970000000005,1566947920493
19326,226,Gyroscope,0.50823987,0.10262536,-0.31826079999999995,1566947920502
19327,226,Accelerometer,-8.030152000000001,-1.8710686,5.4899044,1566947920503
19328,226,Gyroscope,0.49724430000000003,0.116675265,-0.32498032,1566947920512
19329,226,Accelerometer,-7.9930425000000005,-1.7992426,5.565322,1566947920513
19330,226,Gyroscope,0.48075095,0.1337795,-0.3304781,1566947920522
19331,226,Accelerometer,-7.8649526,-1.7932571,5.6203885,1566947920523
19332,226,Gyroscope,0.46670106,0.14538592,-0.34086279999999997,1566947920532
19333,226,Accelerometer,-7.72968,-1.8483237000000001,5.6467247,1566947920533
19334,226,Gyroscope,0.4642576,0.16310102,-0.34697145,1566947920542
19335,226,Accelerometer,-7.675811,-1.9189526999999997,5.6790465999999995,1566947920543
19336,226,Gyroscope,0.46303585,0.19181168,-0.3475823,1566947920553
19337,226,Accelerometer,-7.6638399999999995,-1.9871874,5.7137623,1566947920553
19338,226,Gyroscope,0.46609017,0.21074851,-0.34636059999999996,1566947920562
19339,226,Accelerometer,-7.6518690000000005,-2.0614076,5.6706667,1566947920563
19340,226,Gyroscope,0.46975538,0.22968534,-0.33841935,1566947920572
19341,226,Accelerometer,-7.6027875,-2.1320367,5.621585400000001,1566947920573
19342,226,Gyroscope,0.47219884,0.23762658,-0.3286455,1566947920583
19343,226,Accelerometer,-7.584830800000001,-2.1942859,5.5521536,1566947920583
19344,226,Gyroscope,0.48075095,0.24068089999999998,-0.32559118,1566947920592
19345,226,Accelerometer,-7.479486,-2.2098482,5.4970870000000005,1566947920593
19346,226,Gyroscope,0.49602258,0.24068089999999998,-0.32498032,1566947920602
19347,226,Accelerometer,-7.4758949999999995,-2.1631612999999996,5.475539,1566947920603
19348,226,Gyroscope,0.51251596,0.2443461,-0.33536503,1566947920613
19349,226,Accelerometer,-7.5189905,-2.1332338,5.470751,1566947920613
19350,226,Gyroscope,0.5369505,0.25045475,-0.35185838,1566947920622
19351,226,Accelerometer,-7.654263,-2.1308396000000003,5.446809,1566947920623
19352,226,Gyroscope,0.5540548000000001,0.25900686,-0.37018433,1566947920632
19353,226,Accelerometer,-7.850587400000001,-2.1140802000000005,5.4049106,1566947920633
19354,226,Gyroscope,0.56688297,0.26572640000000003,-0.38789943,1566947920642
19355,226,Accelerometer,-7.9607205,-2.0733786,5.33069,1566947920643
19356,226,Gyroscope,0.57848936,0.26206118,-0.40500367,1566947920653
19357,226,Accelerometer,-7.9990277,-2.1511902999999997,5.1966147000000005,1566947920653
19358,226,Gyroscope,0.5900958000000001,0.25961772,-0.41477749999999997,1566947920662
19359,226,Accelerometer,-7.9391727,-2.1775265,5.1523223,1566947920663
19360,226,Gyroscope,0.5992588000000001,0.24068089999999998,-0.42210788,1566947920672
19361,226,Accelerometer,-7.9104424,-2.2218192,5.139154,1566947920673
19362,226,Gyroscope,0.61575216,0.21135938,-0.42516220000000005,1566947920682
19363,226,Accelerometer,-7.890092,-2.2050598,5.1583076,1566947920683
19364,226,Gyroscope,0.63529986,0.18387043,-0.43249258,1566947920692
19365,226,Accelerometer,-7.831434,-2.135628,5.2361193,1566947920693
19366,226,Gyroscope,0.6426301999999999,0.17715092,-0.43737950000000003,1566947920703
19367,226,Accelerometer,-7.7943234,-2.0626047,5.3163247,1566947920703
19368,226,Gyroscope,0.64751714,0.172264,-0.44043383,1566947920712
19369,226,Accelerometer,-7.809886,-2.0422540000000002,5.445612000000001,1566947920713
19370,226,Gyroscope,0.65301496,0.17715092,-0.44409904,1566947920722
19371,226,Accelerometer,-7.844601600000001,-2.086547,5.4970870000000005,1566947920723
19372,226,Gyroscope,0.65179324,0.18997909,-0.44348818,1566947920732
19373,226,Accelerometer,-7.8709383,-2.1296425,5.425261,1566947920733
19374,226,Gyroscope,0.64568454,0.20036379999999998,-0.44165558,1566947920742
19375,226,Accelerometer,-7.8948803,-2.0949266,5.380968,1566947920743
19376,226,Gyroscope,0.6438520000000001,0.21502456,-0.43615779999999993,1566947920752
19377,226,Accelerometer,-7.890092,-2.0290859,5.410896,1566947920753
19378,226,Gyroscope,0.64873886,0.23457226,-0.43066000000000004,1566947920762
19379,226,Accelerometer,-7.893683,-1.9883845000000002,5.401319,1566947920763
19380,226,Gyroscope,0.65240407,0.24740042,-0.4288274,1566947920772
19381,226,Accelerometer,-7.961917999999999,-2.0434509999999997,5.317522,1566947920773
19382,226,Gyroscope,0.65301496,0.24923302,-0.43371433,1566947920782
19383,226,Accelerometer,-8.037335,-2.0482395,5.377377,1566947920783
19384,226,Gyroscope,0.657291,0.25167647,-0.44532076,1566947920792
19385,226,Accelerometer,-8.031349,-1.9069817,5.4791307,1566947920793
19386,226,Gyroscope,0.64873886,0.24129178,-0.47464229999999996,1566947920802
19387,226,Accelerometer,-7.9990277,-1.7884687,5.3713913,1566947920803
19388,226,Gyroscope,0.6389651,0.20952678,-0.49663344,1566947920812
19389,226,Accelerometer,-8.0924015,-1.9141643,5.3582234,1566947920813
19390,226,Gyroscope,0.65301496,0.18631389999999998,-0.5149594,1566947920822
19391,226,Accelerometer,-8.269572,-2.0338743000000004,5.4563856,1566947920823
19392,226,Gyroscope,0.66767573,0.17104226,-0.53878313,1566947920832
19393,226,Accelerometer,-8.304289,-2.0302830000000003,5.391742,1566947920833
19394,226,Gyroscope,0.6591236,0.15332718,-0.56321776,1566947920842
19395,226,Accelerometer,-8.204929,-2.0590134,5.396530599999999,1566947920843
19396,226,Gyroscope,0.64873886,0.14782938,-0.5888741,1566947920852
19397,226,Accelerometer,-8.135497,-2.0937295,5.645528,1566947920853
19398,226,Gyroscope,0.6414085,0.15821409,-0.6206391,1566947920862
19399,226,Accelerometer,-7.9846625,-2.1332338,5.635950599999999,1566947920863
19400,226,Gyroscope,0.6243043,0.1563815,-0.6383542,1566947920873
19401,226,Accelerometer,-7.758410499999999,-2.3331497000000003,5.4623713,1566947920873
19402,226,Gyroscope,0.61575216,0.15821409,-0.63285637,1566947920882
19403,226,Accelerometer,-7.6470804,-2.4384943999999997,5.354632,1566947920883
19404,226,Gyroscope,0.60231316,0.17409660000000002,-0.6230826,1566947920892
19405,226,Accelerometer,-7.511808,-2.492364,5.284003299999999,1566947920893
19406,226,Gyroscope,0.589485,0.20586158,-0.6065891999999999,1566947920902
19407,226,Accelerometer,-7.3885064,-2.6168625,5.2325277,1566947920903
19408,226,Gyroscope,0.5839871999999999,0.22968534,-0.58093286,1566947920912
19409,226,Accelerometer,-7.422025,-2.6803088,5.1343656,1566947920913
19410,226,Gyroscope,0.5717699,0.24068089999999998,-0.5180137,1566947920923
19411,226,Accelerometer,-7.329848299999999,-2.7665,5.0936639999999995,1566947920923
19412,226,Gyroscope,0.57787853,0.23579398,-0.48624873,1566947920932
19413,226,Accelerometer,-7.260416499999999,-2.8191724,5.08289,1566947920933
19414,226,Gyroscope,0.5919284,0.22724187,-0.47158796,1566947920942
19415,226,Accelerometer,-7.347805,-2.8155810000000003,5.050568599999999,1566947920943
19416,226,Gyroscope,0.59986967,0.18997909,-0.45937067,1566947920952
19417,226,Accelerometer,-7.5213847000000005,-2.8167782000000003,4.995502,1566947920953
19418,226,Gyroscope,0.6059783000000001,0.15149458,-0.45448375,1566947920963
19419,226,Accelerometer,-7.568071400000001,-2.7605145,5.1523223,1566947920963
19420,226,Gyroscope,0.62858033,0.12889257,-0.45081854,1566947920972
19421,226,Accelerometer,-7.7201033,-2.7281928,5.3737855,1566947920973
19422,226,Gyroscope,0.6426301999999999,0.13316862,-0.44959682,1566947920982
19423,226,Accelerometer,-7.836222,-2.6599581000000003,5.4025164000000006,1566947920983
19424,226,Gyroscope,0.6438520000000001,0.11362094,-0.45142943,1566947920992
19425,226,Accelerometer,-7.965509,-2.480393,5.3163247,1566947920993
19426,226,Gyroscope,0.6383542,0.0983493,-0.453262,1566947921002
19427,226,Accelerometer,-8.109161,-2.4708161,5.2660465,1566947921003
19428,226,Gyroscope,0.6151413,0.08979719,-0.44409904,1566947921013
19429,226,Accelerometer,-8.175002000000001,-2.3259668,5.1882353,1566947921013
19430,226,Gyroscope,0.59681535,0.07269296,-0.43799037,1566947921022
19431,226,Accelerometer,-7.908048,-2.1703438999999998,5.209783,1566947921023
19432,226,Gyroscope,0.5919284,0.07086037,-0.43737950000000003,1566947921032
19433,226,Accelerometer,-7.723694999999999,-2.2290018,5.3378725,1566947921033
19434,226,Gyroscope,0.59498274,0.09712757,-0.43371433,1566947921042
19435,226,Accelerometer,-7.5285673,-2.3175871,5.4025164000000006,1566947921043
19436,226,Gyroscope,0.5876524000000001,0.12522738,-0.43493605,1566947921053
19437,226,Accelerometer,-7.335833999999999,-2.4145525,5.433641000000001,1566947921053
19438,226,Gyroscope,0.58032197,0.14905111,-0.43737950000000003,1566947921062
19439,226,Accelerometer,-7.4064630000000005,-2.4947581000000003,5.535394,1566947921063
19440,226,Gyroscope,0.5681046999999999,0.18570304,-0.44104472,1566947921072
19441,226,Accelerometer,-7.529764,-2.56419,5.553351,1566947921073
19442,226,Gyroscope,0.548557,0.21624629,-0.43799037,1566947921082
19443,226,Accelerometer,-7.723694999999999,-2.6360161,5.4803276,1566947921083
19444,226,Gyroscope,0.52778757,0.22174409,-0.43615779999999993,1566947921092
19445,226,Accelerometer,-7.745242599999999,-2.6300306,5.335478299999999,1566947921093
19446,226,Gyroscope,0.5155702999999999,0.22540927,-0.43676865,1566947921103
19447,226,Accelerometer,-7.6470804,-2.6144682999999995,5.3390699999999995,1566947921103
19448,226,Gyroscope,0.5222898,0.22418754,-0.43860126,1566947921112
19449,226,Accelerometer,-7.5932107,-2.730587,5.4659624,1566947921113
19450,226,Gyroscope,0.52778757,0.20341812,-0.44104472,1566947921122
19451,226,Accelerometer,-7.577648,-2.7617116000000004,5.4659624,1566947921123
19452,226,Gyroscope,0.52778757,0.15271631,-0.43799037,1566947921132
19453,226,Accelerometer,-7.358579,-2.7162217999999996,5.559336,1566947921133
19454,226,Gyroscope,0.5235115,0.103847094,-0.43493605,1566947921143
19455,226,Accelerometer,-7.022193400000001,-2.7473464,5.652710400000001,1566947921143
19456,226,Gyroscope,0.51251596,0.10995574,-0.41477749999999997,1566947921152
19457,226,Accelerometer,-6.983886200000001,-2.7772740000000002,5.6898203,1566947921153
19458,226,Gyroscope,0.49418998,0.13988814,-0.38789943,1566947921162
19459,226,Accelerometer,-6.963536,-2.9005754,5.7209449999999995,1566947921163
19460,226,Gyroscope,0.47403142,0.17531833,-0.3555236,1566947921172
19461,226,Accelerometer,-6.9527617,-2.9197290000000002,5.8598084,1566947921173
19462,226,Gyroscope,0.45875978,0.22174409,-0.32986724,1566947921182
19463,226,Accelerometer,-7.1742253,-2.8754362999999996,5.932832,1566947921183
19464,226,Gyroscope,0.453262,0.2742785,-0.3109304,1566947921192
19465,226,Accelerometer,-7.404069,-2.8287494,5.881356200000001,1566947921193
19466,226,Gyroscope,0.44226643,0.29871312,-0.29382620000000004,1566947921203
19467,226,Accelerometer,-7.574057000000001,-2.7425580000000003,5.74369,1566947921203
19468,226,Gyroscope,0.43127087,0.30970868,-0.28893927,1566947921212
19469,226,Accelerometer,-7.6111674,-2.7389667,5.601235,1566947921213
19470,226,Gyroscope,0.42271876,0.30604348,-0.28588495,1566947921222
19471,226,Accelerometer,-7.565677,-2.7389667,5.4420204000000005,1566947921223
19472,226,Gyroscope,0.40439278,0.2968805,-0.28588495,1566947921232
19473,226,Accelerometer,-7.5453267,-2.7030537,5.323507299999999,1566947921233
19474,226,Gyroscope,0.38728857,0.28099802,-0.27977628,1566947921243
19475,226,Accelerometer,-7.454347,-2.7605145,5.2684407,1566947921243
19476,226,Gyroscope,0.37384954,0.25534168,-0.27122417,1566947921252
19477,226,Accelerometer,-7.383717999999999,-2.7234043999999997,5.249287000000001,1566947921253
19478,226,Gyroscope,0.36041048,0.23884831,-0.26572640000000003,1566947921262
19479,226,Accelerometer,-7.2975270000000005,-2.681506,5.2744265,1566947921263
19480,226,Gyroscope,0.34697145,0.24129178,-0.25534168,1566947921273
19481,226,Accelerometer,-7.323863,-2.7365725,5.2995653,1566947921273
19482,226,Gyroscope,0.3378085,0.25411993,-0.24312437,1566947921282
19483,226,Accelerometer,-7.4495587,-2.7437549999999997,5.2983685,1566947921283
19484,226,Gyroscope,0.3323107,0.2742785,-0.22724187,1566947921292
19485,226,Accelerometer,-7.6650367,-2.8526914,5.2444987,1566947921293
19486,226,Gyroscope,0.32314770000000004,0.29749137,-0.20769419,1566947921302
19487,226,Accelerometer,-7.8733325,-2.8933928,5.1798553,1566947921303
19488,226,Gyroscope,0.31764993,0.3145956,-0.19242255,1566947921313
19489,226,Accelerometer,-8.054094000000001,-2.9340942,5.1056349999999995,1566947921313
19490,226,Gyroscope,0.32070425,0.31948254,-0.17348573,1566947921322
19491,226,Accelerometer,-8.191761,-2.9759927000000004,5.066130599999999,1566947921323
19492,226,Gyroscope,0.32436943,0.31398472,-0.1563815,1566947921332
19493,226,Accelerometer,-8.208521000000001,-3.0071173,5.064934,1566947921333
19494,226,Gyroscope,0.3359759,0.30970868,-0.1441642,1566947921343
19495,226,Accelerometer,-8.182184,-2.9712042999999997,5.066130599999999,1566947921343
19496,226,Gyroscope,0.34941490000000003,0.29871312,-0.13133603,1566947921352
19497,226,Accelerometer,-8.186973,-2.9340942,4.9799394999999995,1566947921353
19498,226,Gyroscope,0.36774087,0.27366763,-0.12950343,1566947921362
19499,226,Accelerometer,-8.237250999999999,-2.8634652999999997,4.947618,1566947921363
19500,226,Gyroscope,0.38973203,0.25045475,-0.13316862,1566947921372
19501,226,Accelerometer,-8.301894,-2.718616,4.9105077,1566947921373
19502,226,Gyroscope,0.41538838,0.19608775,-0.15943582,1566947921383
19503,226,Accelerometer,-8.309077,-2.5498247000000003,4.794389,1566947921383
19504,226,Gyroscope,0.42210788,0.16432275,-0.19120082,1566947921392
19505,226,Accelerometer,-8.197746,-2.4109612,4.795586,1566947921393
19506,226,Gyroscope,0.42332962,0.14110987,-0.22907446,1566947921402
19507,226,Accelerometer,-8.0924015,-2.3259668,4.748899,1566947921403
19508,226,Gyroscope,0.42577308,0.13194689,-0.2742785,1566947921412
19509,226,Accelerometer,-8.028955,-2.2732944,4.8135424,1566947921413
19510,226,Gyroscope,0.43860126,0.12217305,-0.31642818,1566947921422
19511,226,Accelerometer,-7.9702972999999995,-2.2433669999999997,4.9164934,1566947921423
19512,226,Gyroscope,0.45814893,0.10934488,-0.35063666,1566947921432
19513,226,Accelerometer,-7.892486,-2.2744915,5.056554,1566947921433
19514,226,Gyroscope,0.4831944,0.09712757,-0.37262779999999995,1566947921442
19515,226,Accelerometer,-7.820659599999999,-2.2996306,5.163096,1566947921443
19516,226,Gyroscope,0.50640726,0.08796459400000001,-0.3915646,1566947921452
19517,226,Accelerometer,-7.738060000000001,-2.3427265,5.1882353,1566947921453
19518,226,Gyroscope,0.5296202,0.07086037,-0.40194935,1566947921463
19519,226,Accelerometer,-7.700949700000001,-2.4372973,5.1702785,1566947921463
19520,226,Gyroscope,0.5516113,0.048258353,-0.40439278,1566947921472
19521,226,Accelerometer,-7.700949700000001,-2.5151088,5.234922,1566947921473
19522,226,Gyroscope,0.5723807,0.028099801,-0.39950588,1566947921482
19523,226,Accelerometer,-7.728483,-2.5486276,5.3282957,1566947921483
19524,226,Gyroscope,0.5900958000000001,0.01282817,-0.39522982,1566947921492
19525,226,Accelerometer,-7.7931266,-2.493561,5.461174,1566947921493
19526,226,Gyroscope,0.59681535,0.0036651915999999997,-0.3921755,1566947921502
19527,226,Accelerometer,-7.752425,-2.3546975,5.60722,1566947921503
19528,226,Gyroscope,0.59437186,0.015271631,-0.3933972,1566947921513
19529,226,Accelerometer,-7.7153149999999995,-2.136825,5.750872599999999,1566947921513
19530,226,Gyroscope,0.5821546,0.05131268,-0.39645153,1566947921522
19531,226,Accelerometer,-7.642291999999999,-1.9680338,5.90889,1566947921523
19532,226,Gyroscope,0.5674938,0.09773844,-0.40317106,1566947921532
19533,226,Accelerometer,-7.632714999999999,-1.8399439999999998,6.081272,1566947921533
19534,226,Gyroscope,0.5497787,0.13439035,-0.408058,1566947921542
19535,226,Accelerometer,-7.698555499999999,-1.7681179,6.2045736,1566947921543
19536,226,Gyroscope,0.5308419,0.16615535,-0.41233405,1566947921552
19537,226,Accelerometer,-7.6494746,-1.8112136000000003,6.241683999999999,1566947921553
19538,226,Gyroscope,0.5155702999999999,0.19242255,-0.42027529999999996,1566947921562
19539,226,Accelerometer,-7.493850999999999,-1.9129671999999998,6.1806316,1566947921563
19540,226,Gyroscope,0.51007247,0.2284636,-0.42394048,1566947921572
19541,226,Accelerometer,-7.208941499999999,-2.0602105,6.1483099999999995,1566947921573
19542,226,Gyroscope,0.5149594,0.25961772,-0.42271876,1566947921582
19543,226,Accelerometer,-7.1742253,-2.0649989,6.0836663,1566947921583
19544,226,Gyroscope,0.52656585,0.30848694,-0.41844269999999995,1566947921592
19545,226,Accelerometer,-7.199364699999999,-2.1272482999999998,5.997475,1566947921593
19546,226,Gyroscope,0.54183745,0.31948254,-0.41905355,1566947921603
19547,226,Accelerometer,-7.313089,-2.183512,5.887341999999999,1566947921603
19548,226,Gyroscope,0.55771995,0.35002577,-0.41783184,1566947921612
19549,226,Accelerometer,-7.502231,-2.219425,5.693412,1566947921613
19550,226,Gyroscope,0.552833,0.3622431,-0.4166101,1566947921622
19551,226,Accelerometer,-7.678205,-2.2768857000000002,5.3642087,1566947921623
19552,226,Gyroscope,0.5296202,0.35918877,-0.40500367,1566947921632
19553,226,Accelerometer,-7.741650999999999,-2.3415293999999998,5.088876,1566947921633
19554,226,Gyroscope,0.5112942,0.34697145,-0.39278635,1566947921642
19555,226,Accelerometer,-7.7703815,-2.3127987,5.040992,1566947921643
19556,226,Gyroscope,0.5186246,0.32559118,-0.3866777,1566947921652
19557,226,Accelerometer,-7.741650999999999,-2.2457612,5.052963,1566947921653
19558,226,Gyroscope,0.54000485,0.29565877,-0.3933972,1566947921662
19559,226,Accelerometer,-7.8050976,-2.1871033,5.151125,1566947921663
19560,226,Gyroscope,0.5674938,0.26939157,-0.41050145,1566947921672
19561,226,Accelerometer,-7.9463553,-2.1990743,5.2863975,1566947921673
19562,226,Gyroscope,0.5815437,0.24862215,-0.43127087,1566947921682
19563,226,Accelerometer,-8.110358,-2.2649147999999997,5.3259015,1566947921683
19564,226,Gyroscope,0.5882632,0.2443461,-0.44837508,1566947921693
19565,226,Accelerometer,-8.148665,-2.3199813,5.322310400000001,1566947921693
19566,226,Gyroscope,0.5864305999999999,0.25961772,-0.45570546,1566947921702
19567,226,Accelerometer,-8.115147,-2.4085669999999997,5.2002063,1566947921703
19568,226,Gyroscope,0.5882632,0.258396,-0.45448375,1566947921712
19569,226,Accelerometer,-8.061277,-2.5079262000000004,5.079299,1566947921713
19570,226,Gyroscope,0.59986967,0.24678956,-0.44776422,1566947921722
19571,226,Accelerometer,-8.001422,-2.4875755,5.0254292000000005,1566947921723
19572,226,Gyroscope,0.61208695,0.22785273,-0.44593164,1566947921732
19573,226,Accelerometer,-7.9714947,-2.3056161,5.044583,1566947921733
19574,226,Gyroscope,0.6236934000000001,0.204029,-0.45265114,1566947921743
19575,226,Accelerometer,-7.904457000000001,-2.1440077,5.103241000000001,1566947921743
19576,226,Gyroscope,0.625526,0.18692477,-0.46486846,1566947921752
19577,226,Accelerometer,-7.797915,-2.0302830000000003,5.1846437000000005,1566947921753
19578,226,Gyroscope,0.6169739000000001,0.17592919,-0.47769663,1566947921762
19579,226,Accelerometer,-7.799111999999999,-2.0781669999999997,5.257667,1566947921763
19580,226,Gyroscope,0.61391956,0.16798794,-0.48808134,1566947921772
19581,226,Accelerometer,-7.874529400000001,-2.2038627,5.354632,1566947921773
19582,226,Gyroscope,0.61758476,0.16982053,-0.49113566,1566947921782
19583,226,Accelerometer,-7.9248075,-2.3439236,5.4288526,1566947921783
19584,226,Gyroscope,0.6236934000000001,0.17531833,-0.49113566,1566947921793
19585,226,Accelerometer,-7.852981599999999,-2.4432828,5.471948,1566947921793
19586,226,Gyroscope,0.6291912,0.18570304,-0.48930305,1566947921802
19587,226,Accelerometer,-7.699753,-2.4480712000000002,5.4264584000000005,1566947921803
19588,226,Gyroscope,0.6188064999999999,0.1881465,-0.49357912,1566947921812
19589,226,Accelerometer,-7.513005000000001,-2.492364,5.4168816,1566947921813
19590,226,Gyroscope,0.6224717,0.1826487,-0.49602258,1566947921822
19591,226,Accelerometer,-7.45315,-2.5881321,5.5030727,1566947921823
19592,226,Gyroscope,0.6407976,0.172264,-0.50640726,1566947921832
19593,226,Accelerometer,-7.4986396,-2.6144682999999995,5.5701103,1566947921833
19594,226,Gyroscope,0.65057147,0.18875736,-0.5180137,1566947921843
19595,226,Accelerometer,-7.3178773,-2.5833437000000004,5.6826377,1566947921843
19596,226,Gyroscope,0.65668017,0.22296582,-0.52595496,1566947921852
19597,226,Accelerometer,-7.2340803,-2.5318682,5.7999535,1566947921853
19598,226,Gyroscope,0.67256266,0.26572640000000003,-0.5338961999999999,1566947921862
19599,226,Accelerometer,-7.2460512999999995,-2.5486276,5.8933277,1566947921863
19600,226,Gyroscope,0.6780604,0.28099802,-0.5308419,1566947921872
19601,226,Accelerometer,-7.49026,-2.6635494,5.707777,1566947921873
19602,226,Gyroscope,0.6768387,0.27855456,-0.5174029,1566947921882
19603,226,Accelerometer,-7.716512,-2.7748797,5.568912999999999,1566947921883
19604,226,Gyroscope,0.66828656,0.27916542,-0.5112942,1566947921892
19605,226,Accelerometer,-7.8757267,-2.7772740000000002,5.521029,1566947921893
19606,226,Gyroscope,0.66645396,0.27122417,-0.50762904,1566947921902
19607,226,Accelerometer,-7.9882539999999995,-2.7593174,5.392939,1566947921903
19608,226,Gyroscope,0.6542366999999999,0.267559,-0.5039638,1566947921912
19609,226,Accelerometer,-8.130709,-2.693477,5.270835,1566947921913
19610,226,Gyroscope,0.6389651,0.258396,-0.5039638,1566947921922
19611,226,Accelerometer,-8.091205,-2.6503813,5.1702785,1566947921923
19612,226,Gyroscope,0.6059783000000001,0.24801129,-0.5021312,1566947921932
19613,226,Accelerometer,-8.005013,-2.6563668,5.0517654,1566947921933
19614,226,Gyroscope,0.5723807,0.21868975,-0.50518554,1566947921943
19615,226,Accelerometer,-7.8649526,-2.730587,4.8422728,1566947921943
19616,226,Gyroscope,0.54733527,0.18203785,-0.49785519999999994,1566947921952
19617,226,Accelerometer,-7.706935400000001,-2.7389667,4.8003745,1566947921953
19618,226,Gyroscope,0.54183745,0.15332718,-0.48747048,1566947921962
19619,226,Accelerometer,-7.599196000000001,-2.6647465,4.894945,1566947921963
19620,226,Gyroscope,0.5564981999999999,0.12950343,-0.47769663,1566947921972
19621,226,Accelerometer,-7.5800424,-2.60968,5.009867,1566947921973
19622,226,Gyroscope,0.571159,0.11362094,-0.46975538,1566947921982
19623,226,Accelerometer,-7.6482773,-2.6300306,5.0421886,1566947921983
19624,226,Gyroscope,0.5907066999999999,0.10445796,-0.45937067,1566947921992
19625,226,Accelerometer,-7.698555499999999,-2.6420016,5.1726727,1566947921993
19626,226,Gyroscope,0.59864795,0.105068825,-0.44532076,1566947922002
19627,226,Accelerometer,-7.7440453,-2.5605986,5.2756233,1566947922003
19628,226,Gyroscope,0.602924,0.12156218,-0.43188173,1566947922012
19629,226,Accelerometer,-7.788338,-2.4959552000000005,5.42167,1566947922013
19630,226,Gyroscope,0.5839871999999999,0.1441642,-0.41966440000000005,1566947922022
19631,226,Accelerometer,-7.8517847000000005,-2.4241292000000003,5.4432178,1566947922023
19632,226,Gyroscope,0.5552765000000001,0.15821409,-0.40133846,1566947922032
19633,226,Accelerometer,-7.833828,-2.3930047,5.449203,1566947922033
19634,226,Gyroscope,0.5326744999999999,0.16982053,-0.38973203,1566947922042
19635,226,Accelerometer,-7.785944000000001,-2.420538,5.4779334,1566947922043
19636,226,Gyroscope,0.5204572000000001,0.18570304,-0.38362336,1566947922052
19637,226,Accelerometer,-7.776367,-2.4732103,5.5018754,1566947922053
19638,226,Gyroscope,0.52290064,0.19425514,-0.37751472,1566947922062
19639,226,Accelerometer,-7.7560163,-2.505532,5.5018754,1566947922063
19640,226,Gyroscope,0.5363397,0.18203785,-0.38545597,1566947922073
19641,226,Accelerometer,-7.699753,-2.5198972,5.4384294,1566947922073
19642,226,Gyroscope,0.54428095,0.17043139999999998,-0.39400807,1566947922082
19643,226,Accelerometer,-7.656657000000001,-2.4756044999999998,5.407305,1566947922083
19644,226,Gyroscope,0.54428095,0.15699236,-0.40439278,1566947922092
19645,226,Accelerometer,-7.5285673,-2.4349031,5.3247046,1566947922093
19646,226,Gyroscope,0.5320636,0.13805555,-0.41905355,1566947922102
19647,226,Accelerometer,-7.314286,-2.4109612,5.3366755999999995,1566947922103
19648,226,Gyroscope,0.52534413,0.12950343,-0.43188173,1566947922112
19649,226,Accelerometer,-7.1155677,-2.3774424,5.4420204000000005,1566947922113
19650,226,Gyroscope,0.52534413,0.12156218,-0.4392121,1566947922123
19651,226,Accelerometer,-7.067683000000001,-2.4253263,5.5485625,1566947922123
19652,226,Gyroscope,0.5357288,0.12889257,-0.44409904,1566947922132
19653,226,Accelerometer,-7.1885905,-2.5546130000000002,5.591658,1566947922133
19654,226,Gyroscope,0.54305923,0.13194689,-0.44348818,1566947922142
19655,226,Accelerometer,-7.3657618000000005,-2.6839,5.5868697,1566947922143
19656,226,Gyroscope,0.5448918,0.1337795,-0.44104472,1566947922152
19657,226,Accelerometer,-7.581239699999999,-2.731784,5.601235,1566947922153
19658,226,Gyroscope,0.54183745,0.14721853,-0.43799037,1566947922162
19659,226,Accelerometer,-7.69257,-2.7234043999999997,5.6108117,1566947922163
19660,226,Gyroscope,0.5271766999999999,0.16371189,-0.4288274,1566947922172
19661,226,Accelerometer,-7.779958199999999,-2.7401638,5.5162406,1566947922173
19662,226,Gyroscope,0.50823987,0.16737708,-0.41844269999999995,1566947922183
19663,226,Accelerometer,-7.824250999999999,-2.7593174,5.4515970000000005,1566947922183
19664,226,Gyroscope,0.49113566,0.15760323,-0.4098906,1566947922192
19665,226,Accelerometer,-7.78355,-2.6862943,5.4863133,1566947922193
19666,226,Gyroscope,0.47708577,0.1563815,-0.40561453,1566947922202
19667,226,Accelerometer,-7.667431,-2.6922797999999997,5.5365915,1566947922203
19668,226,Gyroscope,0.4642576,0.15577064,-0.40378192,1566947922212
19669,226,Accelerometer,-7.462726600000001,-2.7162217999999996,5.5701103,1566947922213
19670,226,Gyroscope,0.45814893,0.15943582,-0.398895,1566947922222
19671,226,Accelerometer,-7.394492,-2.7485435000000003,5.5820813,1566947922223
19672,226,Gyroscope,0.45448375,0.17654006,-0.39584067,1566947922233
19673,226,Accelerometer,-7.335833999999999,-2.8263552000000005,5.614403,1566947922233
19674,226,Gyroscope,0.44959682,0.20463985,-0.37995818,1566947922243
19675,226,Accelerometer,-7.420828299999999,-2.8155810000000003,5.5341973,1566947922243
19676,226,Gyroscope,0.43188173,0.23823744,-0.35796702,1566947922252
19677,226,Accelerometer,-7.3777327999999995,-2.825158,5.430049400000001,1566947922253
19678,226,Gyroscope,0.41477749999999997,0.27672195,-0.33292156,1566947922262
19679,226,Accelerometer,-7.3083005000000005,-2.8443117,5.4911017,1566947922263
19680,226,Gyroscope,0.41722095,0.30970868,-0.30665436,1566947922272
19681,226,Accelerometer,-7.574057000000001,-2.7760768,5.407305,1566947922273
19682,226,Gyroscope,0.41844269999999995,0.29504790000000003,-0.29260445,1566947922282
19683,226,Accelerometer,-7.728483,-2.825158,5.2325277,1566947922283
19684,226,Gyroscope,0.41355577,0.25228736,-0.30482176,1566947922292
19685,226,Accelerometer,-7.6171527,-2.7377696,5.141548,1566947922293
19686,226,Gyroscope,0.40072759999999996,0.16432275,-0.30970868,1566947922302
19687,226,Accelerometer,-7.893683,-2.6443958,4.973954,1566947922303
19688,226,Gyroscope,0.41538838,0.11545353400000001,-0.31215215,1566947922312
19689,226,Accelerometer,-8.060080000000001,-2.6240451,5.038597599999999,1566947922313
19690,226,Gyroscope,0.42332962,0.11301007,-0.31826079999999995,1566947922322
19691,226,Accelerometer,-8.099585000000001,-2.5486276,5.2289367,1566947922323
19692,226,Gyroscope,0.4092797,0.12644911,-0.32498032,1566947922332
19693,226,Accelerometer,-8.222886,-2.4947581000000003,5.2169657,1566947922333
19694,226,Gyroscope,0.3744604,0.112399206,-0.32803464,1566947922343
19695,226,Accelerometer,-8.391677,-2.5234885,5.1367598,1566947922343
19696,226,Gyroscope,0.33353242,0.10018189999999999,-0.3286455,1566947922352
19697,226,Accelerometer,-8.285135,-2.6132712000000002,5.145139,1566947922353
19698,226,Gyroscope,0.30543262,0.11178834,-0.3268129,1566947922362
19699,226,Accelerometer,-7.876923599999999,-2.6719291000000003,5.2037973,1566947922363
19700,226,Gyroscope,0.2846632,0.13805555,-0.31398472,1566947922372
19701,226,Accelerometer,-7.6794020000000005,-2.7090392000000003,5.12838,1566947922373
19702,226,Gyroscope,0.26267207,0.13133603,-0.29504790000000003,1566947922382
19703,226,Accelerometer,-7.455544000000001,-2.7281928,4.830302,1566947922383
19704,226,Gyroscope,0.26206118,0.11484267,-0.2773328,1566947922393
19705,226,Accelerometer,-7.129933,-2.7569232000000006,4.7776294,1566947922393
19706,226,Gyroscope,0.27916542,0.086132,-0.267559,1566947922402
19707,226,Accelerometer,-7.0030399999999995,-2.6839,4.88896,1566947922403
19708,226,Gyroscope,0.30970868,0.053145275,-0.25778514,1566947922412
19709,226,Accelerometer,-7.064092,-2.8263552000000005,5.117605999999999,1566947922413
19710,226,Gyroscope,0.3323107,0.031154128,-0.24923302,1566947922422
19711,226,Accelerometer,-7.2807674,-2.956839,5.3139305,1566947922423
19712,226,Gyroscope,0.34147367,0.03359759,-0.2443461,1566947922432
19713,226,Accelerometer,-7.5764512999999996,-3.0561984,5.5006785,1566947922434
19714,226,Gyroscope,0.34086279999999997,0.037873644,-0.23457226,1566947922443
19715,226,Accelerometer,-7.9068513,-3.1028854999999997,5.577293,1566947922443
19716,226,Gyroscope,0.3268129,0.04337143,-0.22235495,1566947922452
19717,226,Accelerometer,-8.036138000000001,-3.0909145000000002,5.675455,1566947922453
19718,226,Gyroscope,0.31031954,0.06352998,-0.20219639,1566947922462
19719,226,Accelerometer,-8.118738,-2.9604304,5.7161565,1566947922463
19720,226,Gyroscope,0.2864958,0.092240654,-0.18509217,1566947922472
19721,226,Accelerometer,-7.991845,-2.8000187999999997,5.7041855,1566947922473
19722,226,Gyroscope,0.258396,0.11545353400000001,-0.16493362,1566947922482
19723,226,Accelerometer,-7.811083,-2.6300306,5.589264,1566947922483
19724,226,Gyroscope,0.22968534,0.09101892,-0.15271631,1566947922493
19725,226,Accelerometer,-7.2867527,-2.3295584,5.635950599999999,1566947922493
19726,226,Gyroscope,0.20952678,0.092240654,-0.14721853,1566947922502
19727,226,Accelerometer,-6.6427125999999985,-2.4013843999999995,5.967548000000001,1566947922503
19728,226,Gyroscope,0.21746802,0.13194689,-0.14721853,1566947922512
19729,226,Accelerometer,-6.671442999999999,-2.3906104999999997,5.99149,1566947922513
19730,226,Gyroscope,0.23518312,0.19792034,-0.118507855,1566947922522
19731,226,Accelerometer,-6.884527,-2.3714569,5.8933277,1566947922523
19732,226,Gyroscope,0.24068089999999998,0.30543262,-0.08735373,1566947922532
19733,226,Accelerometer,-7.2065472999999995,-2.2433669999999997,5.756858,1566947922533
19734,226,Gyroscope,0.22907446,0.36163223,-0.06291912,1566947922542
19735,226,Accelerometer,-7.5369470000000005,-2.1847090000000002,5.633556400000001,1566947922543
19736,226,Gyroscope,0.22113322,0.38789943,-0.055588737,1566947922552
19737,226,Accelerometer,-7.912836599999999,-2.2230163,5.5641245999999995,1566947922553
19738,226,Gyroscope,0.22296582,0.36896262,-0.055588737,1566947922562
19739,226,Accelerometer,-8.282741,-2.2098482,5.4539914000000005,1566947922563
19740,226,Gyroscope,0.23273966,0.3304781,-0.07147124,1566947922572
19741,226,Accelerometer,-8.562861999999999,-2.1906946,5.347449299999999,1566947922573
19742,226,Gyroscope,0.24251351,0.28344148,-0.103847094,1566947922582
19743,226,Accelerometer,-8.6574335,-2.0949266,5.261258,1566947922583
19744,226,Gyroscope,0.2443461,0.22602014,-0.15088372,1566947922592
19745,226,Accelerometer,-8.607155,-2.0123265,5.2624555,1566947922593
19746,226,Gyroscope,0.25167647,0.1881465,-0.21074851,1566947922602
19747,226,Accelerometer,-8.383297,-1.9764134999999998,5.380968,1566947922603
19748,226,Gyroscope,0.24190263,0.18631389999999998,-0.24862215,1566947922612
19749,226,Accelerometer,-8.157045,-2.0027497,5.384559599999999,1566947922613
19750,226,Gyroscope,0.20891592,0.19914207,-0.27488935,1566947922622
19751,226,Accelerometer,-7.898471400000001,-2.1092918,5.323507299999999,1566947922623
19752,226,Gyroscope,0.17898351,0.21746802,-0.28771752,1566947922632
19753,226,Accelerometer,-7.6267295,-2.256535,5.3378725,1566947922633
19754,226,Gyroscope,0.17654006,0.23396139,-0.28893927,1566947922642
19755,226,Accelerometer,-7.356185000000001,-2.3642743,5.3139305,1566947922643
19756,226,Gyroscope,0.20463985,0.23090707,-0.28405234,1566947922652
19757,226,Accelerometer,-7.216124000000001,-2.4241292000000003,5.389348,1566947922653
19758,226,Gyroscope,0.26328292,0.21563543,-0.27305678,1566947922662
19759,226,Accelerometer,-7.2221093,-2.4277205000000004,5.420472599999999,1566947922663
19760,226,Gyroscope,0.3304781,0.18997909,-0.27488935,1566947922672
19761,226,Accelerometer,-7.325060000000001,-2.4313118,5.4192758,1566947922673
19762,226,Gyroscope,0.38423425,0.16798794,-0.27977628,1566947922682
19763,226,Accelerometer,-7.507019500000001,-2.4229321,5.365406,1566947922683
19764,226,Gyroscope,0.408058,0.16004670000000001,-0.28588495,1566947922692
19765,226,Accelerometer,-7.7093296,-2.4025814999999997,5.319916200000001,1566947922693
19766,226,Gyroscope,0.4092797,0.15943582,-0.28527406,1566947922703
19767,226,Accelerometer,-7.881711999999999,-2.3750482,5.278017500000001,1566947922703
19768,226,Gyroscope,0.3921755,0.15577064,-0.28283059999999993,1566947922712
19769,226,Accelerometer,-8.022969999999999,-2.3523033,5.246893,1566947922713
19770,226,Gyroscope,0.38423425,0.14110987,-0.28038713,1566947922722
19771,226,Accelerometer,-8.073248,-2.3223755,5.2768207,1566947922723
19772,226,Gyroscope,0.3817908,0.12583824,-0.28160888,1566947922732
19773,226,Accelerometer,-8.0924015,-2.2062569,5.354632,1566947922733
19774,226,Gyroscope,0.39278635,0.11301007,-0.2864958,1566947922742
19775,226,Accelerometer,-8.008605000000001,-2.1092918,5.3821654,1566947922743
19776,226,Gyroscope,0.40866885,0.105068825,-0.2968805,1566947922752
19777,226,Accelerometer,-7.826645399999999,-2.0350714,5.4551888,1566947922753
19778,226,Gyroscope,0.42516220000000005,0.11362094,-0.31215215,1566947922762
19779,226,Accelerometer,-7.660248299999999,-1.9488802,5.5341973,1566947922763
19780,226,Gyroscope,0.42455134,0.116675265,-0.31826079999999995,1566947922772
19781,226,Accelerometer,-7.5189905,-1.8602947,5.577293,1566947922773
19782,226,Gyroscope,0.4269948,0.124005646,-0.32498032,1566947922782
19783,226,Accelerometer,-7.3992805,-1.8471266,5.7017913,1566947922783
19784,226,Gyroscope,0.43188173,0.14110987,-0.3378085,1566947922792
19785,226,Accelerometer,-7.325060000000001,-1.8854338,5.8238955,1566947922793
19786,226,Gyroscope,0.43737950000000003,0.15821409,-0.35002577,1566947922802
19787,226,Accelerometer,-7.3274539999999995,-1.99437,5.8562174,1566947922803
19788,226,Gyroscope,0.44532076,0.16554448,-0.35369098,1566947922813
19789,226,Accelerometer,-7.445967,-2.1332338,5.7843914000000005,1566947922813
19790,226,Gyroscope,0.4538729,0.17715092,-0.35185838,1566947922822
19791,226,Accelerometer,-7.643489,-2.2134395000000002,5.664681400000001,1566947922823
19792,226,Gyroscope,0.46486846,0.20097467,-0.3475823,1566947922832
19793,226,Accelerometer,-7.797915,-2.2625206,5.6203885,1566947922833
19794,226,Gyroscope,0.46486846,0.21807889999999996,-0.34636059999999996,1566947922842
19795,226,Accelerometer,-7.9367785,-2.2828712,5.592855,1566947922843
19796,226,Gyroscope,0.462425,0.23273966,-0.34330627,1566947922852
19797,226,Accelerometer,-7.963114699999999,-2.255338,5.5629277,1566947922853
19798,226,Gyroscope,0.46303585,0.23151793,-0.34941490000000003,1566947922862
19799,226,Accelerometer,-7.908048,-2.2146366000000004,5.535394,1566947922863
19800,226,Gyroscope,0.4654793,0.21685717,-0.35735616,1566947922872
19801,226,Accelerometer,-7.7643960000000005,-2.1763293999999997,5.5701103,1566947922873
19802,226,Gyroscope,0.48136179999999995,0.19181168,-0.37323865,1566947922882
19803,226,Accelerometer,-7.597999000000001,-2.111686,5.638344999999999,1566947922883
19804,226,Gyroscope,0.49968776,0.17348573,-0.39645153,1566947922892
19805,226,Accelerometer,-7.5644803,-2.0614076,5.657499,1566947922893
19806,226,Gyroscope,0.50518554,0.17654006,-0.41844269999999995,1566947922902
19807,226,Accelerometer,-7.559692,-2.005144,5.685032,1566947922903
19808,226,Gyroscope,0.50885075,0.18753563,-0.43554693,1566947922912
19809,226,Accelerometer,-7.559692,-1.9285294999999998,5.73531,1566947922913
19810,226,Gyroscope,0.50579643,0.20525073,-0.44043383,1566947922922
19811,226,Accelerometer,-7.5944076,-2.0015526,5.74369,1566947922923
19812,226,Gyroscope,0.50885075,0.21319197,-0.44287730000000003,1566947922932
19813,226,Accelerometer,-7.6638399999999995,-2.1092918,5.711368,1566947922933
19814,226,Gyroscope,0.50762904,0.22602014,-0.4392121,1566947922942
19815,226,Accelerometer,-7.711724,-2.2230163,5.639542,1566947922943
19816,226,Gyroscope,0.50885075,0.2302962,-0.43737950000000003,1566947922952
19817,226,Accelerometer,-7.5692687,-2.3391352000000003,5.529408999999999,1566947922953
19818,226,Gyroscope,0.50885075,0.24068089999999998,-0.4392121,1566947922962
19819,226,Accelerometer,-7.424419400000001,-2.3906104999999997,5.625177,1566947922963
19820,226,Gyroscope,0.5235115,0.25900686,-0.43982297,1566947922973
19821,226,Accelerometer,-7.4256167,-2.3774424,5.674258,1566947922973
19822,226,Gyroscope,0.54183745,0.26267207,-0.43799037,1566947922982
19823,226,Accelerometer,-7.422025,-2.3535004,5.686229,1566947922983
19824,226,Gyroscope,0.5723807,0.25350907,-0.42943826,1566947922992
19825,226,Accelerometer,-7.5094137000000005,-2.268506,5.686229,1566947922993
19826,226,Gyroscope,0.593761,0.2443461,-0.4343252,1566947923002
19827,226,Accelerometer,-7.586028,-2.2014685000000003,5.683835,1566947923003
19828,226,Gyroscope,0.602924,0.2302962,-0.44165558,1566947923012
19829,226,Accelerometer,-7.666233999999999,-2.124854,5.3785739999999995,1566947923013
19830,226,Gyroscope,0.60231316,0.19975294,-0.44532076,1566947923022
19831,226,Accelerometer,-7.837419000000001,-2.1404164,5.21098,1566947923023
19832,226,Gyroscope,0.6206391,0.17287487,-0.44898596,1566947923033
19833,226,Accelerometer,-8.026561000000001,-2.147599,5.2624555,1566947923033
19834,226,Gyroscope,0.64934975,0.16737708,-0.4654793,1566947923042
19835,226,Accelerometer,-8.08881,-2.1164744,5.309142,1566947923043
19836,226,Gyroscope,0.6585127,0.16371189,-0.49174652,1566947923052
19837,226,Accelerometer,-8.019378999999999,-2.1021092,5.2037973,1566947923053
19838,226,Gyroscope,0.64996064,0.1386664,-0.5216789000000001,1566947923062
19839,226,Accelerometer,-7.8888945999999995,-2.1535845,5.2875943,1566947923063
19840,226,Gyroscope,0.6432411,0.11789699,-0.54550266,1566947923072
19841,226,Accelerometer,-7.776367,-2.2218192,5.4527946,1566947923073
19842,226,Gyroscope,0.65179324,0.111177474,-0.5558874,1566947923082
19843,226,Accelerometer,-7.6865845,-2.2337902,5.674258,1566947923083
19844,226,Gyroscope,0.66889745,0.12583824,-0.56138515,1566947923093
19845,226,Accelerometer,-7.61835,-2.2984335,5.7843914000000005,1566947923093
19846,226,Gyroscope,0.6780604,0.13194689,-0.56382865,1566947923102
19847,226,Accelerometer,-7.5608889999999995,-2.3379380000000003,5.7867856,1566947923103
19848,226,Gyroscope,0.6805039,0.13927728,-0.5589417,1566947923112
19849,226,Accelerometer,-7.728483,-2.3343467999999996,5.8705826,1566947923113
19850,226,Gyroscope,0.6908886,0.17043139999999998,-0.5497787,1566947923122
19851,226,Accelerometer,-7.8996687,-2.2661119,5.979519,1566947923123
19852,226,Gyroscope,0.6976081000000001,0.20708331,-0.5467244000000001,1566947923132
19853,226,Accelerometer,-8.046911999999999,-2.2266076,5.930437599999999,1566947923133
19854,226,Gyroscope,0.6792821,0.25411993,-0.55833083,1566947923142
19855,226,Accelerometer,-8.282741,-2.280477,5.8909335,1566947923143
19856,226,Gyroscope,0.657291,0.29382620000000004,-0.5693264,1566947923153
19857,226,Accelerometer,-8.488642,-2.385822,5.7808,1566947923153
19858,226,Gyroscope,0.63407815,0.32498032,-0.57910025,1566947923162
19859,226,Accelerometer,-8.565256,-2.3558946,5.6682725,1566947923163
19860,226,Gyroscope,0.6017023,0.34086279999999997,-0.5821546,1566947923172
19861,226,Accelerometer,-8.48146,-2.2170308,5.568912999999999,1566947923173
19862,226,Gyroscope,0.56505036,0.33536503,-0.59131753,1566947923182
19863,226,Accelerometer,-8.24563,-2.1140802000000005,5.4515970000000005,1566947923183
19864,226,Gyroscope,0.5320636,0.33292156,-0.60231316,1566947923192
19865,226,Accelerometer,-7.8637557000000005,-2.1320367,5.4288526,1566947923193
19866,226,Gyroscope,0.50335294,0.32986724,-0.60048056,1566947923203
19867,226,Accelerometer,-7.592013400000001,-2.160767,5.4001220000000005,1566947923203
19868,226,Gyroscope,0.48380527,0.30970868,-0.59559363,1566947923212
19869,226,Accelerometer,-7.298723700000001,-2.2840683,5.4480059999999995,1566947923213
19870,226,Gyroscope,0.47586402,0.27122417,-0.57726765,1566947923222
19871,226,Accelerometer,-7.086836999999999,-2.3582888,5.5545480000000005,1566947923223
19872,226,Gyroscope,0.48685959999999995,0.2565634,-0.5687156,1566947923232
19873,226,Accelerometer,-6.9970546,-2.397793,5.717354,1566947923233
19874,226,Gyroscope,0.50762904,0.25595254,-0.5626069,1566947923242
19875,226,Accelerometer,-6.9767036,-2.5127146000000002,5.852626,1566947923243
19876,226,Gyroscope,0.52412236,0.25534168,-0.5522222,1566947923252
19877,226,Accelerometer,-7.1191587,-2.7018566,5.78918,1566947923253
19878,226,Gyroscope,0.52595496,0.24740042,-0.5271766999999999,1566947923263
19879,226,Accelerometer,-7.303512,-2.873042,5.604826,1566947923263
19880,226,Gyroscope,0.5161811,0.24556783,-0.50701815,1566947923272
19881,226,Accelerometer,-7.322665700000001,-3.004723,5.4659624,1566947923273
19882,226,Gyroscope,0.51007247,0.24862215,-0.48563787,1566947923282
19883,226,Accelerometer,-7.390900599999999,-3.028665,5.3163247,1566947923283
19884,226,Gyroscope,0.49846604,0.25595254,-0.47158796,1566947923292
19885,226,Accelerometer,-7.3897038,-2.9053638,5.207389,1566947923293
19886,226,Gyroscope,0.48930305,0.26206118,-0.45631635,1566947923302
19887,226,Accelerometer,-7.311891999999999,-2.7126305,5.0397944,1566947923303
19888,226,Gyroscope,0.49480084,0.25595254,-0.45142943,1566947923312
19889,226,Accelerometer,-7.1981673,-2.5151088,4.9164934,1566947923313
19890,226,Gyroscope,0.5155702999999999,0.23579398,-0.45814893,1566947923322
19891,226,Accelerometer,-7.177817,-2.469619,4.9464207,1566947923323
19892,226,Gyroscope,0.54367006,0.20158553,-0.462425,1566947923332
19893,226,Accelerometer,-7.3071036,-2.4588451,4.960786,1566947923333
19894,226,Gyroscope,0.5662721,0.15149458,-0.47586402,1566947923342
19895,226,Accelerometer,-7.323863,-2.4887726000000003,5.0158525,1566947923343
19896,226,Gyroscope,0.59559363,0.09101892,-0.4905248,1566947923352
19897,226,Accelerometer,-7.4591354999999995,-2.60968,5.068525,1566947923353
19898,226,Gyroscope,0.6065891999999999,0.040317107000000005,-0.50335294,1566947923362
19899,226,Accelerometer,-7.5584945999999995,-2.779668,5.0972550000000005,1566947923363
19900,226,Gyroscope,0.59498274,-0.0036651915999999997,-0.49785519999999994,1566947923373
19901,226,Accelerometer,-7.606379,-2.8550856,5.060145400000001,1566947923373
19902,226,Gyroscope,0.59131753,-0.040317107000000005,-0.48502702,1566947923382
19903,226,Accelerometer,-7.5453267,-2.8203697,5.2768207,1566947923383
19904,226,Gyroscope,0.602924,-0.056199603,-0.46731192,1566947923392
19905,226,Accelerometer,-7.4806833,-2.802413,5.5964465,1566947923393
19906,226,Gyroscope,0.6169739000000001,-0.057421334000000004,-0.45142943,1566947923402
19907,226,Accelerometer,-7.3190745999999995,-2.8167782000000003,5.759252,1566947923403
19908,226,Gyroscope,0.62125,-0.04153884,-0.42760566,1566947923412
19909,226,Accelerometer,-7.0964136,-2.6874914,6.081272,1566947923413
19910,226,Gyroscope,0.6133086999999999,-0.022602014,-0.41355577,1566947923422
19911,226,Accelerometer,-6.9731125999999986,-2.621651,6.1303535,1566947923424
19912,226,Gyroscope,0.59864795,0.004276057,-0.40194935,1566947923433
19913,226,Accelerometer,-6.88333,-2.5701754,6.1112,1566947923433
19914,226,Gyroscope,0.57910025,0.023823743999999997,-0.39461896,1566947923442
19915,226,Accelerometer,-6.918046,-2.5833437000000004,6.0453589999999995,1566947923443
19916,226,Gyroscope,0.54367006,0.053145275,-0.38606682,1566947923452
19917,226,Accelerometer,-6.9348054,-2.5713725,5.969942,1566947923453
19918,226,Gyroscope,0.52534413,0.07269296,-0.37262779999999995,1566947923462
19919,226,Accelerometer,-6.980295,-2.5462333999999998,5.996278299999999,1566947923463
19920,226,Gyroscope,0.50762904,0.095294975,-0.35918877,1566947923472
19921,226,Accelerometer,-7.047333,-2.6120741,6.035782299999999,1566947923473
19922,226,Gyroscope,0.49296826,0.11728613,-0.34941490000000003,1566947923483
19923,226,Accelerometer,-7.165846000000001,-2.7006595,6.0130377,1566947923483
19924,226,Gyroscope,0.4728097,0.12461651,-0.3304781,1566947923492
19925,226,Accelerometer,-7.277176,-2.7700913,5.984307299999999,1566947923493
19926,226,Gyroscope,0.45448375,0.13439035,-0.30909783,1566947923502
19927,226,Accelerometer,-7.335833999999999,-2.8682537,6.015432,1566947923503
19928,226,Gyroscope,0.44043383,0.14049901,-0.2864958,1566947923512
19929,226,Accelerometer,-7.3657618000000005,-2.9005754,6.0621184999999995,1566947923513
19930,226,Gyroscope,0.42821655,0.14905111,-0.26878070000000004,1566947923522
19931,226,Accelerometer,-7.387309599999999,-2.9903579,6.0645127,1566947923523
19932,226,Gyroscope,0.41355577,0.16554448,-0.25717425,1566947923532
19933,226,Accelerometer,-7.278373200000001,-3.0083144,6.008249299999999,1566947923534
19934,226,Gyroscope,0.39095375,0.17470746,-0.24740042,1566947923543
19935,226,Accelerometer,-7.157466,-2.9963433999999998,5.9292407,1566947923543
19936,226,Gyroscope,0.376293,0.17531833,-0.24495697,1566947923552
19937,226,Accelerometer,-7.237672,-2.9245174,5.877765,1566947923553
19938,226,Gyroscope,0.37079520000000005,0.17165314,-0.24373524,1566947923562
19939,226,Accelerometer,-7.3106947,-2.7198130000000003,5.931635,1566947923563
19940,226,Gyroscope,0.36896262,0.16615535,-0.2443461,1566947923572
19941,226,Accelerometer,-7.2951326000000005,-2.6180596,6.0405707,1566947923573
19942,226,Gyroscope,0.37079520000000005,0.18020524,-0.23640485,1566947923582
19943,226,Accelerometer,-7.477092,-2.5941176,6.002263500000001,1566947923583
19944,226,Gyroscope,0.3567453,0.19181168,-0.22602014,1566947923592
19945,226,Accelerometer,-7.5189905,-2.5198972,5.911283999999999,1566947923593
19946,226,Gyroscope,0.33658674,0.19303341,-0.22602014,1566947923603
19947,226,Accelerometer,-7.3106947,-2.6060886,5.942408599999999,1566947923603
19948,226,Gyroscope,0.32375857,0.20525073,-0.22968534,1566947923612
19949,226,Accelerometer,-7.1263413,-2.7425580000000003,6.030994000000001,1566947923613
19950,226,Gyroscope,0.30970868,0.23579398,-0.21930063,1566947923622
19951,226,Accelerometer,-7.201759,-2.80361,5.8921304,1566947923623
19952,226,Gyroscope,0.29443705,0.27366763,-0.20280726,1566947923632
19953,226,Accelerometer,-7.200561500000001,-2.8215668,5.8083334,1566947923633
19954,226,Gyroscope,0.28099802,0.30909783,-0.19425514,1566947923642
19955,226,Accelerometer,-7.129933,-2.7629087,5.777209,1566947923643
19956,226,Gyroscope,0.27488935,0.34880406,-0.18997909,1566947923652
19957,226,Accelerometer,-7.159860000000001,-2.7868507,5.783194,1566947923653
19958,226,Gyroscope,0.27305678,0.37812558,-0.18509217,1566947923663
19959,226,Accelerometer,-7.3071036,-2.89459,5.741296,1566947923663
19960,226,Gyroscope,0.2742785,0.38851030000000003,-0.17654006,1566947923672
19961,226,Accelerometer,-7.4746976,-2.9807810000000003,5.6682725,1566947923673
19962,226,Gyroscope,0.27916542,0.39828414,-0.16249016,1566947923682
19963,226,Accelerometer,-7.638700500000001,-3.0310593,5.5737014,1566947923683
19964,226,Gyroscope,0.28283059999999993,0.3830125,-0.15393804,1566947923692
19965,226,Accelerometer,-7.7560163,-3.0514099999999997,5.334281400000001,1566947923693
19966,226,Gyroscope,0.2883284,0.35002577,-0.1441642,1566947923702
19967,226,Accelerometer,-7.8170686,-3.0514099999999997,5.1200004,1566947923703
19968,226,Gyroscope,0.29321529999999996,0.31398472,-0.14599679999999998,1566947923713
19969,226,Accelerometer,-7.826645399999999,-2.9879637000000003,5.055357,1566947923713
19970,226,Gyroscope,0.3005457,0.27977628,-0.15882497,1566947923722
19971,226,Accelerometer,-7.8050976,-2.9029696,5.050568599999999,1566947923723
19972,226,Gyroscope,0.30543262,0.24984388,-0.17592919,1566947923732
19973,226,Accelerometer,-7.8410106,-2.9197290000000002,5.021838,1566947923733
19974,226,Gyroscope,0.29932398,0.24495697,-0.19853121,1566947923742
19975,226,Accelerometer,-7.8278419999999995,-3.0071173,5.114014599999999,1566947923743
19976,226,Gyroscope,0.28771752,0.258396,-0.21319197,1566947923752
19977,226,Accelerometer,-7.9954367,-3.0765493,5.1882353,1566947923753
19978,226,Gyroscope,0.26267207,0.2779437,-0.22785273,1566947923763
19979,226,Accelerometer,-8.151060000000001,-3.1998506,5.2061915,1566947923763
19980,226,Gyroscope,0.24740042,0.28710666,-0.24129178,1566947923772
19981,226,Accelerometer,-8.12233,-3.3674447999999995,5.2397103,1566947923773
19982,226,Gyroscope,0.25228736,0.32253686,-0.23640485,1566947923782
19983,226,Accelerometer,-7.987056699999999,-3.5853171,5.261258,1566947923783
19984,226,Gyroscope,0.2761111,0.34941490000000003,-0.21502456,1566947923792
19985,226,Accelerometer,-7.966706299999999,-3.7241807000000002,5.2241483,1566947923793
19986,226,Gyroscope,0.31398472,0.34636059999999996,-0.18081611,1566947923802
19987,226,Accelerometer,-7.9511437,-3.6894648,5.151125,1566947923803
19988,226,Gyroscope,0.35735616,0.31031954,-0.13622294,1566947923812
19989,226,Accelerometer,-7.953538000000001,-3.4033577000000004,4.996699,1566947923813
19990,226,Gyroscope,0.39278635,0.25473082,-0.095294975,1566947923822
19991,226,Accelerometer,-7.9427642999999994,-3.0418332,4.8362875,1566947923823
19992,226,Gyroscope,0.4098906,0.17898351,-0.073303826,1566947923832
19993,226,Accelerometer,-7.941567,-2.7222072999999996,4.751293,1566947923833
19994,226,Gyroscope,0.42332962,0.10445796,-0.08002335,1566947923842
19995,226,Accelerometer,-7.935581699999999,-2.4169466,4.8099513,1566947923843
19996,226,Gyroscope,0.4343252,0.03481932,-0.103847094,1566947923852
19997,226,Accelerometer,-7.926005,-2.1535845,5.0242324,1566947923853
19998,226,Gyroscope,0.44226643,-0.03481932,-0.14049901,1566947923862
19999,226,Accelerometer,-7.955932000000001,-1.8722657,5.2624555,1566947923863
20000,226,Gyroscope,0.43737950000000003,-0.08552113,-0.19058995,1566947923873
20001,226,Accelerometer,-7.8613615,-1.3275848999999997,5.8825536,1566947923873
20002,226,Gyroscope,0.41355577,-0.092240654,-0.24068089999999998,1566947923882
20003,226,Accelerometer,-7.645883,-1.0486604,6.135142,1566947923883
20004,226,Gyroscope,0.36957347,-0.040317107000000005,-0.2846632,1566947923892
20005,226,Accelerometer,-7.465121000000001,-0.9624690999999999,6.4368114,1566947923893
20006,226,Gyroscope,0.32986724,0.03970624,-0.35002577,1566947923902
20007,226,Accelerometer,-7.2699933,-0.9756372,6.647500999999999,1566947923903
20008,226,Gyroscope,0.29871312,0.16065755,-0.37812558,1566947923912
20009,226,Accelerometer,-7.2388687,-1.1216834999999998,6.659472,1566947923913
20010,226,Gyroscope,0.28160888,0.21991149,-0.38240165,1566947923922
20011,226,Accelerometer,-7.3777327999999995,-1.3934253,6.6283474,1566947923923
20012,226,Gyroscope,0.2968805,0.25900686,-0.37751472,1566947923933
20013,226,Accelerometer,-7.5788455,-1.6555905,6.5804634,1566947923933
20014,226,Gyroscope,0.3005457,0.28893927,-0.36713,1566947923942
20015,226,Accelerometer,-7.677007700000001,-1.7836802999999999,6.2249246,1566947923943
20016,226,Gyroscope,0.28221974,0.29504790000000003,-0.34880406,1566947923952
20017,226,Accelerometer,-7.6710224,-1.8638860000000002,6.005855,1566947923953
20018,226,Gyroscope,0.26450464,0.29138273,-0.32803464,1566947923962
20019,226,Accelerometer,-7.638700500000001,-1.9009962,5.925649,1566947923963
20020,226,Gyroscope,0.25778514,0.28038713,-0.3036,1566947923973
20021,226,Accelerometer,-7.5369470000000005,-1.9608511999999998,5.8334722999999995,1566947923973
20022,226,Gyroscope,0.26450464,0.26267207,-0.2761111,1566947923982
20023,226,Accelerometer,-7.429208,-1.9213468999999996,5.7879825,1566947923983
20024,226,Gyroscope,0.2742785,0.2510656,-0.25350907,1566947923992
20025,226,Accelerometer,-7.346607700000001,-1.8339584999999998,5.631162000000001,1566947923993
20026,226,Gyroscope,0.27550024,0.23945917,-0.23151793,1566947924002
20027,226,Accelerometer,-7.305906299999999,-1.7393875,5.4575830000000005,1566947924003
20028,226,Gyroscope,0.27000242,0.22724187,-0.21685717,1566947924013
20029,226,Accelerometer,-7.2951326000000005,-1.614889,5.346252400000001,1566947924013
20030,226,Gyroscope,0.26816985,0.21502456,-0.21624629,1566947924022
20031,226,Accelerometer,-7.352593400000001,-1.5586253,5.295974299999999,1566947924023
20032,226,Gyroscope,0.27550024,0.22113322,-0.226631,1566947924033
20033,226,Accelerometer,-7.4507556,-1.5969325,5.317522,1566947924033
20034,226,Gyroscope,0.2883284,0.22968534,-0.24373524,1566947924042
20035,226,Accelerometer,-7.5584945999999995,-1.6364368,5.317522,1566947924043
20036,226,Gyroscope,0.3023783,0.22724187,-0.26511553,1566947924053
20037,226,Accelerometer,-7.606379,-1.6927006000000002,5.3618144999999995,1566947924053
20038,226,Gyroscope,0.32131509999999996,0.22113322,-0.2779437,1566947924062
20039,226,Accelerometer,-7.705738,-1.8231846,5.4504004,1566947924063
20040,226,Gyroscope,0.3390302,0.20586158,-0.28160888,1566947924072
20041,226,Accelerometer,-7.7608047000000004,-1.9488802,5.327099,1566947924073
20042,226,Gyroscope,0.34330627,0.18203785,-0.27305678,1566947924082
20043,226,Accelerometer,-7.777564,-1.9285294999999998,5.2169657,1566947924083
20044,226,Gyroscope,0.3359759,0.16737708,-0.26145032,1566947924092
20045,226,Accelerometer,-7.704541000000001,-1.9237411,5.062539599999999,1566947924093
20046,226,Gyroscope,0.32498032,0.14599679999999998,-0.24129178,1566947924102
20047,226,Accelerometer,-7.606379,-1.8734628,5.0493712,1566947924103
20048,226,Gyroscope,0.32070425,0.12767084,-0.2321288,1566947924112
20049,226,Accelerometer,-7.633912,-1.7824832,5.3043537,1566947924113
20050,226,Gyroscope,0.33353242,0.12095132,-0.2284636,1566947924122
20051,226,Accelerometer,-7.8793178,-1.7345991000000003,5.5162406,1566947924123
20052,226,Gyroscope,0.33658674,0.119729586,-0.22724187,1566947924132
20053,226,Accelerometer,-8.070853999999999,-1.685518,5.595249,1566947924133
20054,226,Gyroscope,0.32131509999999996,0.12583824,-0.24007004,1566947924142
20055,226,Accelerometer,-8.1079645,-1.5717934,5.626374,1566947924143
20056,226,Gyroscope,0.30543262,0.12217305,-0.26022860000000003,1566947924152
20057,226,Accelerometer,-8.24204,-1.5981296,5.603629,1566947924153
20058,226,Gyroscope,0.30604348,0.13500121,-0.27916542,1566947924162
20059,226,Accelerometer,-8.419210000000001,-1.6807296000000003,5.5629277,1566947924163
20060,226,Gyroscope,0.28955013,0.14966199,-0.29321529999999996,1566947924172
20061,226,Accelerometer,-8.532935,-1.7345991000000003,5.49589,1566947924173
20062,226,Gyroscope,0.26878070000000004,0.14905111,-0.29626966,1566947924182
20063,226,Accelerometer,-8.593987,-1.8602947,5.410896,1566947924183
20064,226,Gyroscope,0.2510656,0.14294247,-0.29016098,1566947924193
20065,226,Accelerometer,-8.474277,-2.0147207,5.322310400000001,1566947924193
20066,226,Gyroscope,0.23884831,0.119729586,-0.28221974,1566947924202
20067,226,Accelerometer,-8.234857,-2.147599,5.2636523,1566947924203
20068,226,Gyroscope,0.23579398,0.09590584,-0.27550024,1566947924213
20069,226,Accelerometer,-8.032547000000001,-2.136825,5.246893,1566947924213
20070,226,Gyroscope,0.21930063,0.08857546,-0.27672195,1566947924222
20071,226,Accelerometer,-7.931989999999999,-2.0590134,5.255273000000001,1566947924223
20072,226,Gyroscope,0.20219639,0.07880162,-0.2773328,1566947924233
20073,226,Accelerometer,-7.8637557000000005,-2.0386627,5.272032299999999,1566947924233
20074,226,Gyroscope,0.1881465,0.062308256,-0.2742785,1566947924242
20075,226,Accelerometer,-7.7572136,-2.1404164,5.2684407,1566947924243
20076,226,Gyroscope,0.19425514,0.04642576,-0.27122417,1566947924252
20077,226,Accelerometer,-7.6746134999999995,-2.1930888,5.3857565,1566947924253
20078,226,Gyroscope,0.21013765,0.039095376,-0.26816985,1566947924262
20079,226,Accelerometer,-7.582436599999999,-2.2996306,5.506664,1566947924263
20080,226,Gyroscope,0.21991149,0.029932396,-0.26878070000000004,1566947924272
20081,226,Accelerometer,-7.4842744,-2.3942018,5.408501599999999,1566947924273
20082,226,Gyroscope,0.21685717,0.023823743999999997,-0.2724459,1566947924283
20083,226,Accelerometer,-7.353790299999999,-2.4672248,5.1571107000000005,1566947924283
20084,226,Gyroscope,0.204029,0.014660766,-0.2724459,1566947924292
20085,226,Accelerometer,-7.4112515,-2.540248,4.8458643,1566947924293
20086,226,Gyroscope,0.18875736,0.014660766,-0.2761111,1566947924303
20087,226,Accelerometer,-7.539341,-2.5390507999999996,4.7393220000000005,1566947924303
20088,226,Gyroscope,0.18203785,0.01282817,-0.28771752,1566947924312
20089,226,Accelerometer,-7.599196000000001,-2.5019407000000005,4.787205999999999,1566947924313
20090,226,Gyroscope,0.19975294,-0.0012217305,-0.30970868,1566947924322
20091,226,Accelerometer,-7.723694999999999,-2.621651,4.953603299999999,1566947924323
20092,226,Gyroscope,0.21746802,-0.025045475,-0.32009340000000003,1566947924332
20093,226,Accelerometer,-8.021772,-2.8443117,5.1355624,1566947924333
20094,226,Gyroscope,0.22357668,-0.05497787,-0.31826079999999995,1566947924342
20095,226,Accelerometer,-8.093599000000001,-2.882619,5.21936,1566947924343
20096,226,Gyroscope,0.2284636,-0.11056661,-0.31031954,1566947924352
20097,226,Accelerometer,-8.133103,-2.847903,5.384559599999999,1566947924353
20098,226,Gyroscope,0.23335053,-0.16065755,-0.30604348,1566947924363
20099,226,Accelerometer,-8.081628,-2.7952304,5.5006785,1566947924363
20100,226,Gyroscope,0.23090707,-0.19547687,-0.28038713,1566947924372
20101,226,Accelerometer,-7.9272017,-2.6767175,5.7125654,1566947924373
20102,226,Gyroscope,0.23151793,-0.20891592,-0.25473082,1566947924382
20103,226,Accelerometer,-7.631517999999999,-2.4372973,6.072892700000001,1566947924383
20104,226,Gyroscope,0.23884831,-0.20036379999999998,-0.24495697,1566947924392
20105,226,Accelerometer,-7.2149267,-2.2601264,6.467936,1566947924393
20106,226,Gyroscope,0.2565634,-0.1685988,-0.24068089999999998,1566947924403
20107,226,Accelerometer,-7.120356,-2.219425,6.7001734,1566947924403
20108,226,Gyroscope,0.25961772,-0.12156218,-0.23396139,1566947924412
20109,226,Accelerometer,-7.005433999999999,-2.2074540000000002,6.793547,1566947924413
20110,226,Gyroscope,0.23396139,-0.053145275,-0.2144137,1566947924422
20111,226,Accelerometer,-6.766014,-2.123657,6.773196700000001,1566947924423
20112,226,Gyroscope,0.21135938,0.01282817,-0.20280726,1566947924432
20113,226,Accelerometer,-6.75524,-2.0661959999999997,6.7600284,1566947924433
20114,226,Gyroscope,0.18936823,0.06352998,-0.19608775,1566947924442
20115,226,Accelerometer,-6.780379300000001,-2.1380222,6.528988,1566947924443
20116,226,Gyroscope,0.16554448,0.12095132,-0.17531833,1566947924452
20117,226,Accelerometer,-6.688202400000001,-2.1452047999999997,6.2859764,1566947924453
20118,226,Gyroscope,0.14110987,0.16432275,-0.15393804,1566947924462
20119,226,Accelerometer,-6.625953,-2.267309,6.099229,1566947924463
20120,226,Gyroscope,0.13011430000000002,0.17654006,-0.12583824,1566947924473
20121,226,Accelerometer,-6.6367273,-2.4552537999999995,5.969942,1566947924473
20122,226,Gyroscope,0.13439035,0.17837265,-0.10323623,1566947924482
20123,226,Accelerometer,-6.600814,-2.5713725,5.9388175,1566947924483
20124,226,Gyroscope,0.1423316,0.18692477,-0.08735373,1566947924492
20125,226,Accelerometer,-6.704961999999999,-2.8491,5.967548000000001,1566947924493
20126,226,Gyroscope,0.14844026,0.19364429,-0.06047566,1566947924503
20127,226,Accelerometer,-7.062895,-3.0023289,5.852626,1566947924503
20128,226,Gyroscope,0.13255776,0.19425514,-0.02565634,1566947924512
20129,226,Accelerometer,-7.253234,-2.9460652,5.671864,1566947924513
20130,226,Gyroscope,0.10629055,0.18631389999999998,0.002443461,1566947924522
20131,226,Accelerometer,-7.2939353,-2.8790276,5.571307,1566947924523
20132,226,Gyroscope,0.1020145,0.17104226,0.014049901000000002,1566947924532
20133,226,Accelerometer,-7.339425,-3.0178912,5.5545480000000005,1566947924533
20134,226,Gyroscope,0.11178834,0.16126843,0.007941248,1566947924542
20135,226,Accelerometer,-7.4483614000000005,-3.1112652,5.5258174,1566947924543
20136,226,Gyroscope,0.12767084,0.13683382,-0.002443461,1566947924552
20137,226,Accelerometer,-7.6231384,-3.0945058,5.5054669999999994,1566947924553
20138,226,Gyroscope,0.12522738,0.12644911,-0.012217305,1566947924562
20139,226,Accelerometer,-7.7093296,-3.039439,5.483919,1566947924563
20140,226,Gyroscope,0.106901415,0.12339478,-0.02443461,1566947924572
20141,226,Accelerometer,-7.608772999999999,-2.8969840000000002,5.449203,1566947924573
20142,226,Gyroscope,0.09040806,0.105068825,-0.036651913,1566947924582
20143,226,Accelerometer,-7.5525093,-2.8646624,5.4767364999999995,1566947924583
20144,226,Gyroscope,0.07574729,0.08674286,-0.048258353,1566947924592
20145,226,Accelerometer,-7.4327993,-2.8048072,5.565322,1566947924593
20146,226,Gyroscope,0.06963864,0.070249505,-0.06536258,1566947924602
20147,226,Accelerometer,-7.3202715,-2.753332,5.6443305,1566947924603
20148,226,Gyroscope,0.04642576,0.07941248,-0.07086037,1566947924612
20149,226,Accelerometer,-7.298723700000001,-2.7473464,5.645528,1566947924613
20150,226,Gyroscope,0.032375857,0.07941248,-0.07513642,1566947924622
20151,226,Accelerometer,-7.301117999999999,-2.707842,5.686229,1566947924623
20152,226,Gyroscope,0.03359759,0.06291912,-0.08979719,1566947924632
20153,226,Accelerometer,-7.208941499999999,-2.8502972,5.795165,1566947924633
20154,226,Gyroscope,0.043982297000000004,0.06169739,-0.10445796,1566947924642
20155,226,Accelerometer,-7.105990400000001,-3.003526,5.920861,1566947924643
20156,226,Gyroscope,0.050701816,0.076358154,-0.0983493,1566947924652
20157,226,Accelerometer,-7.208941499999999,-3.1064768,5.895722,1566947924653
20158,226,Gyroscope,0.047036625,0.10873401,-0.08002335,1566947924662
20159,226,Accelerometer,-7.4974427,-3.240552,5.7784057,1566947924663
20160,226,Gyroscope,0.037873644,0.13439035,-0.06169739,1566947924672
20161,226,Accelerometer,-7.546523599999999,-3.3722332,5.628768,1566947924673
20162,226,Gyroscope,0.031154128,0.14172074,-0.049480084,1566947924683
20163,226,Accelerometer,-7.601590600000001,-3.5003227999999997,5.5042696,1566947924683
20164,226,Gyroscope,0.03848451,0.1441642,-0.029932396,1566947924692
20165,226,Accelerometer,-7.706935400000001,-3.6595372999999998,5.425261,1566947924693
20166,226,Gyroscope,0.03848451,0.14172074,0.0036651915999999997,1566947924702
20167,226,Accelerometer,-7.632714999999999,-3.5661635,5.3330839999999995,1566947924703
20168,226,Gyroscope,0.040317107000000005,0.13561209,0.029321532999999997,1566947924713
20169,226,Accelerometer,-7.441178999999999,-3.4272997000000003,5.249287000000001,1566947924713
20170,226,Gyroscope,0.06658431,0.105068825,0.03359759,1566947924722
20171,226,Accelerometer,-7.3071036,-3.3722332,5.318719000000001,1566947924723
20172,226,Gyroscope,0.096516706,0.07880162,0.036651913,1566947924732
20173,226,Accelerometer,-7.28795,-3.3028011,5.3833623,1566947924733
20174,226,Gyroscope,0.111177474,0.06536258,0.029932396,1566947924742
20175,226,Accelerometer,-7.2388687,-3.0322563999999996,5.4504004,1566947924743
20176,226,Gyroscope,0.11484267,0.07452556,0.01160644,1566947924752
20177,226,Accelerometer,-7.156269,-2.8095956,5.521029,1566947924753
20178,226,Gyroscope,0.11728613,0.093462385,-0.013439035,1566947924762
20179,226,Accelerometer,-7.273585000000001,-2.7353754,5.5976434,1566947924763
20180,226,Gyroscope,0.111177474,0.118507855,-0.039095376,1566947924772
20181,226,Accelerometer,-7.374141000000001,-2.707842,5.645528,1566947924773
20182,226,Gyroscope,0.10262536,0.12767084,-0.062308256,1566947924783
20183,226,Accelerometer,-7.3549875999999985,-2.717419,5.635950599999999,1566947924783
20184,226,Gyroscope,0.08796459400000001,0.13194689,-0.07513642,1566947924792
20185,226,Accelerometer,-7.441178999999999,-2.814384,5.41329,1566947924793
20186,226,Gyroscope,0.07574729,0.1282817,-0.07147124,1566947924802
20187,226,Accelerometer,-7.697358599999999,-2.801216,5.403713,1566947924803
20188,226,Gyroscope,0.07513642,0.12339478,-0.064751714,1566947924813
20189,226,Accelerometer,-7.8027034,-2.7162217999999996,5.434838,1566947924813
20190,226,Gyroscope,0.08735373,0.10140363,-0.04886922,1566947924822
20191,226,Accelerometer,-7.811083,-2.5773582000000004,5.635950599999999,1566947924823
20192,226,Gyroscope,0.124005646,0.062308256,-0.032375857,1566947924832
20193,226,Accelerometer,-7.9068513,-2.5007436000000003,5.816713,1566947924833
20194,226,Gyroscope,0.13439035,0.04337143,-0.02687807,1566947924843
20195,226,Accelerometer,-8.008605000000001,-2.3319526,5.8945246,1566947924843
20196,226,Gyroscope,0.1160644,0.05375614,-0.017104227,1566947924852
20197,226,Accelerometer,-8.01459,-2.1176715,5.9412117,1566947924853
20198,226,Gyroscope,0.08796459400000001,0.07696902,-0.007941248,1566947924862
20199,226,Accelerometer,-7.928399000000001,-1.9668366999999998,6.0321913,1566947924863
20200,226,Gyroscope,0.06658431,0.10934488,-0.015271631,1566947924872
20201,226,Accelerometer,-7.72968,-1.9057846,6.172251999999999,1566947924873
20202,226,Gyroscope,0.051923547,0.16310102,-0.02565634,1566947924882
20203,226,Accelerometer,-7.726089,-1.9464860000000002,6.1207767,1566947924883
20204,226,Gyroscope,0.029321532999999997,0.20341812,-0.04276056599999999,1566947924892
20205,226,Accelerometer,-7.753622,-1.9704279999999998,5.935226,1566947924893
20206,226,Gyroscope,0.0061086523,0.204029,-0.070249505,1566947924902
20207,226,Accelerometer,-7.6961613,-1.9812019,5.801151,1566947924903
20208,226,Gyroscope,0.004886922,0.1881465,-0.092240654,1566947924912
20209,226,Accelerometer,-7.6722193,-1.9835961,5.6670755999999995,1566947924913
20210,226,Gyroscope,0.004886922,0.18448131,-0.09407325,1566947924922
20211,226,Accelerometer,-7.5549035,-1.9740193,5.5545480000000005,1566947924923
20212,226,Gyroscope,0.007941248,0.18387043,-0.09712757,1566947924932
20213,226,Accelerometer,-7.4399820000000005,-2.0207062,5.555745,1566947924933
20214,226,Gyroscope,0.02687807,0.17409660000000002,-0.10079276599999999,1566947924943
20215,226,Accelerometer,-7.4028716,-2.1751322999999996,5.616797,1566947924943
20216,226,Gyroscope,0.04520403,0.16126843,-0.09590584,1566947924952
20217,226,Accelerometer,-7.4723034,-2.2266076,5.626374,1566947924953
20218,226,Gyroscope,0.03970624,0.15271631,-0.077579886,1566947924962
20219,226,Accelerometer,-7.615956,-2.1499932,5.5641245999999995,1566947924963
20220,226,Gyroscope,0.02076942,0.14966199,-0.053145275,1566947924973
20221,226,Accelerometer,-7.653065700000001,-2.0805612,5.5150437000000005,1566947924973
20222,226,Gyroscope,0.0018325957999999999,0.15699236,-0.029321532999999997,1566947924982
20223,226,Accelerometer,-7.6470804,-2.1212628,5.4671597,1566947924983
20224,226,Gyroscope,0.004886922,0.16982053,-0.009773844,1566947924992
20225,226,Accelerometer,-7.700949700000001,-2.2637177000000004,5.420472599999999,1566947924993
20226,226,Gyroscope,0.019547688,0.16554448,0.004276057,1566947925003
20227,226,Accelerometer,-7.7919292,-2.2038627,5.3701944,1566947925003
20228,226,Gyroscope,0.031154128,0.15882497,0.004886922,1566947925012
20229,226,Accelerometer,-7.835025,-2.0326772,5.3713913,1566947925013
20230,226,Gyroscope,0.04642576,0.14477506,0.00061086525,1566947925022
20231,226,Accelerometer,-7.905653999999999,-1.9285294999999998,5.3282957,1566947925023
20232,226,Gyroscope,0.05681047,0.13072516,-0.017104227,1566947925032
20233,226,Accelerometer,-7.8853035,-1.8782511999999998,5.2636523,1566947925033
20234,226,Gyroscope,0.061086524,0.10445796,-0.040317107000000005,1566947925042
20235,226,Accelerometer,-7.771578999999999,-1.8770541,5.2528787,1566947925043
20236,226,Gyroscope,0.06719518,0.07696902,-0.070249505,1566947925052
20237,226,Accelerometer,-7.717708999999999,-1.9608511999999998,5.2983685,1566947925053
20238,226,Gyroscope,0.084910266,0.032375857,-0.11056661,1566947925062
20239,226,Accelerometer,-7.7105265,-2.0446482,5.396530599999999,1566947925063
20240,226,Gyroscope,0.105068825,0.0012217305,-0.12461651,1566947925072
20241,226,Accelerometer,-7.7428484,-2.2146366000000004,5.392939,1566947925073
20242,226,Gyroscope,0.10873401,-0.02687807,-0.13255776,1566947925082
20243,226,Accelerometer,-7.6375036,-2.2421699,5.3330839999999995,1566947925083
20244,226,Gyroscope,0.11178834,-0.04642576,-0.14172074,1566947925092
20245,226,Accelerometer,-7.5572976999999995,-2.2361843999999995,5.3678,1566947925093
20246,226,Gyroscope,0.116675265,-0.06536258,-0.14721853,1566947925102
20247,226,Accelerometer,-7.4567413,-2.2242134,5.3282957,1566947925103
20248,226,Gyroscope,0.12034045,-0.08552113,-0.16554448,1566947925112
20249,226,Accelerometer,-7.335833999999999,-2.146402,5.3761797,1566947925113
20250,226,Gyroscope,0.12889257,-0.096516706,-0.18753563,1566947925122
20251,226,Accelerometer,-7.371747,-2.0709844,5.5162406,1566947925123
20252,226,Gyroscope,0.12889257,-0.0720821,-0.21563543,1566947925133
20253,226,Accelerometer,-7.424419400000001,-2.0087352,5.7005944,1566947925133
20254,226,Gyroscope,0.12217305,-0.031154128,-0.24190263,1566947925142
20255,226,Accelerometer,-7.4603324,-2.0231004,5.8466406,1566947925143
20256,226,Gyroscope,0.105068825,0.018325957,-0.25900686,1566947925152
20257,226,Accelerometer,-7.6375036,-2.2218192,5.7939680000000005,1566947925153
20258,226,Gyroscope,0.08246681,0.050701816,-0.26328292,1566947925163
20259,226,Accelerometer,-7.7129207,-2.4361002,5.591658,1566947925163
20260,226,Gyroscope,0.06658431,0.064751714,-0.258396,1566947925172
20261,226,Accelerometer,-7.631517999999999,-2.6396074,5.354632,1566947925173
20262,226,Gyroscope,0.06719518,0.053145275,-0.24373524,1566947925182
20263,226,Accelerometer,-7.668628,-2.8383262000000005,5.201403,1566947925183
20264,226,Gyroscope,0.07391469,0.007941248,-0.22968534,1566947925193
20265,226,Accelerometer,-7.7919292,-3.0262709,5.112818,1566947925193
20266,226,Gyroscope,0.08674286,-0.05497787,-0.20708331,1566947925202
20267,226,Accelerometer,-7.876923599999999,-3.040636,5.2397103,1566947925203
20268,226,Gyroscope,0.10445796,-0.10629055,-0.18692477,1566947925212
20269,226,Accelerometer,-7.855376,-2.9879637000000003,5.54138,1566947925213
20270,226,Gyroscope,0.12583824,-0.15454891,-0.16676621,1566947925222
20271,226,Accelerometer,-7.908048,-2.966416,5.9172697,1566947925223
20272,226,Gyroscope,0.12339478,-0.16676621,-0.1386664,1566947925233
20273,226,Accelerometer,-7.892486,-2.80361,6.183026,1566947925233
20274,226,Gyroscope,0.09162979,-0.13439035,-0.10567969,1566947925242
20275,226,Accelerometer,-7.5094137000000005,-2.5797524,6.3589997,1566947925243
20276,226,Gyroscope,0.06169739,-0.06536258,-0.07147124,1566947925252
20277,226,Accelerometer,-7.313089,-2.4061728,6.483498,1566947925253
20278,226,Gyroscope,0.031154128,0.018325957,-0.0421497,1566947925263
20279,226,Accelerometer,-7.1945763,-2.3139958,6.379350700000001,1566947925263
20280,226,Gyroscope,0.002443461,0.099571034,-0.014660766,1566947925272
20281,226,Accelerometer,-7.1191587,-2.2230163,6.1602809999999995,1566947925273
20282,226,Gyroscope,-0.01282817,0.1685988,0.002443461,1566947925282
20283,226,Accelerometer,-7.0341644,-2.1547816,5.925649,1566947925283
20284,226,Gyroscope,-0.007941248,0.22418754,-0.017715093,1566947925292
20285,226,Accelerometer,-7.1371155,-2.2661119,5.6706667,1566947925293
20286,226,Gyroscope,0.021991148999999998,0.23823744,-0.04642576,1566947925302
20287,226,Accelerometer,-7.454347,-2.3247697,5.4049106,1566947925303
20288,226,Gyroscope,0.03604105,0.22357668,-0.06780604,1566947925312
20289,226,Accelerometer,-7.6267295,-2.3127987,5.1942205,1566947925313
20290,226,Gyroscope,0.04337143,0.19547687,-0.0842994,1566947925322
20291,226,Accelerometer,-7.801506,-2.4013843999999995,5.045780000000001,1566947925323
20292,226,Gyroscope,0.051923547,0.14660765,-0.09896017,1566947925333
20293,226,Accelerometer,-7.920019,-2.598906,5.038597599999999,1566947925333
20294,226,Gyroscope,0.064751714,0.10018189999999999,-0.1020145,1566947925342
20295,226,Accelerometer,-7.7608047000000004,-2.7868507,5.142745,1566947925343
20296,226,Gyroscope,0.07696902,0.056199603,-0.10323623,1566947925352
20297,226,Accelerometer,-7.776367,-3.0502129,5.2409077,1566947925353
20298,226,Gyroscope,0.1020145,0.0012217305,-0.09712757,1566947925362
20299,226,Accelerometer,-7.8577699999999995,-3.1112652,5.329493,1566947925363
20300,226,Gyroscope,0.11545353400000001,-0.020158553,-0.09407325,1566947925372
20301,226,Accelerometer,-7.675811,-3.004723,5.407305,1566947925373
20302,226,Gyroscope,0.11789699,-0.009162978,-0.08307768,1566947925382
20303,226,Accelerometer,-7.6003933,-2.883816,5.5976434,1566947925383
20304,226,Gyroscope,0.12522738,-0.00061086525,-0.086132,1566947925393
20305,226,Accelerometer,-7.430405,-2.8646624,5.723339,1566947925393
20306,226,Gyroscope,0.1386664,0.002443461,-0.084910266,1566947925402
20307,226,Accelerometer,-7.3430165999999994,-2.7748797,5.7700260000000005,1566947925403
20308,226,Gyroscope,0.14049901,0.004276057,-0.08674286,1566947925412
20309,226,Accelerometer,-7.255628,-2.670732,5.675455,1566947925413
20310,226,Gyroscope,0.13255776,0.015271631,-0.08368854,1566947925422
20311,226,Accelerometer,-7.1873937,-2.621651,5.6227827,1566947925423
20312,226,Gyroscope,0.124005646,0.03481932,-0.08063421400000001,1566947925433
20313,226,Accelerometer,-7.1454949999999995,-2.585738,5.6060233,1566947925433
20314,226,Gyroscope,0.12522738,0.037873644,-0.08796459400000001,1566947925442
20315,226,Accelerometer,-7.2915410000000005,-2.6491842,5.699397,1566947925443
20316,226,Gyroscope,0.13011430000000002,0.032986722999999996,-0.09285152,1566947925452
20317,226,Accelerometer,-7.322665700000001,-2.670732,5.729325,1566947925453
20318,226,Gyroscope,0.12156218,0.040927973,-0.10079276599999999,1566947925462
20319,226,Accelerometer,-7.4399820000000005,-2.7952304,5.711368,1566947925463
20320,226,Gyroscope,0.11545353400000001,0.03481932,-0.103847094,1566947925472
20321,226,Accelerometer,-7.5764512999999996,-2.7605145,5.7161565,1566947925473
20322,226,Gyroscope,0.0983493,0.031154128,-0.10018189999999999,1566947925482
20323,226,Accelerometer,-7.592013400000001,-2.7772740000000002,5.759252,1566947925483
20324,226,Gyroscope,0.08002335,0.032375857,-0.0983493,1566947925492
20325,226,Accelerometer,-7.559692,-2.8095956,5.8274870000000005,1566947925493
20326,226,Gyroscope,0.06841691,0.019547688,-0.099571034,1566947925502
20327,226,Accelerometer,-7.548918,-2.9209259999999997,5.872977,1566947925503
20328,226,Gyroscope,0.05497787,0.018936822,-0.09285152,1566947925512
20329,226,Accelerometer,-7.505822,-2.870648,5.922058,1566947925513
20330,226,Gyroscope,0.034208454,0.049480084,-0.07086037,1566947925522
20331,226,Accelerometer,-7.335833999999999,-2.7377696,5.8969190000000005,1566947925523
20332,226,Gyroscope,0.004276057,0.08124508,-0.052534412999999995,1566947925532
20333,226,Accelerometer,-7.047333,-2.7629087,5.9268465,1566947925533
20334,226,Gyroscope,0.0036651915999999997,0.096516706,-0.035430185,1566947925542
20335,226,Accelerometer,-6.902483500000001,-2.8179752999999996,5.925649,1566947925543
20336,226,Gyroscope,0.007941248,0.10995574,-0.018936822,1566947925553
20337,226,Accelerometer,-6.731298,-2.8898015,5.8502316,1566947925553
20338,226,Gyroscope,0.013439035,0.12767084,-0.007941248,1566947925562
20339,226,Accelerometer,-6.702567599999999,-2.8658595,5.747281,1566947925563
20340,226,Gyroscope,0.022602014,0.13439035,-0.013439035,1566947925572
20341,226,Accelerometer,-6.637924000000001,-2.9556419999999997,5.746084,1566947925573
20342,226,Gyroscope,0.037873644,0.12461651,-0.012217305,1566947925583
20343,226,Accelerometer,-6.955156,-3.1292217,5.695806,1566947925583
20344,226,Gyroscope,0.048258353,0.10995574,-0.012217305,1566947925592
20345,226,Accelerometer,-7.289147,-3.1244332999999997,5.616797,1566947925593
20346,226,Gyroscope,0.053145275,0.09407325,-0.01160644,1566947925602
20347,226,Accelerometer,-7.3885064,-3.1519666,5.5820813,1566947925603
20348,226,Gyroscope,0.047036625,0.07819075,-0.021380282999999996,1566947925612
20349,226,Accelerometer,-7.441178999999999,-3.064578,5.4863133,1566947925613
20350,226,Gyroscope,0.040317107000000005,0.073303826,-0.030543262,1566947925623
20351,226,Accelerometer,-7.404069,-3.0657754,5.4527946,1566947925623
20352,226,Gyroscope,0.03726278,0.076358154,-0.034208454,1566947925632
20353,226,Accelerometer,-7.4016747,-3.1064768,5.487509999999999,1566947925633
20354,226,Gyroscope,0.03604105,0.07880162,-0.04642576,1566947925643
20355,226,Accelerometer,-7.322665700000001,-3.13401,5.488707499999999,1566947925643
20356,226,Gyroscope,0.03359759,0.07147124,-0.0580322,1566947925652
20357,226,Accelerometer,-7.4507556,-3.1387985,5.523423,1566947925653
20358,226,Gyroscope,0.016493361,0.0580322,-0.070249505,1566947925662
20359,226,Accelerometer,-7.499836999999999,-3.0681696,5.518635,1566947925663
20360,226,Gyroscope,0.016493361,0.045814894,-0.08552113,1566947925672
20361,226,Accelerometer,-7.3442134999999995,-3.0753522,5.5760955999999995,1566947925673
20362,226,Gyroscope,0.0030543262,0.04153884,-0.095294975,1566947925682
20363,226,Accelerometer,-7.313089,-3.1639376,5.74369,1566947925683
20364,226,Gyroscope,0.014049901000000002,0.036651913,-0.08124508,1566947925692
20365,226,Accelerometer,-7.513005000000001,-3.3303347000000003,5.7664347000000005,1566947925693
20366,226,Gyroscope,0.013439035,0.02321288,-0.04886922,1566947925702
20367,226,Accelerometer,-7.6351094,-3.25372,5.717354,1566947925703
20368,226,Gyroscope,0.0061086523,-0.002443461,-0.01160644,1566947925712
20369,226,Accelerometer,-7.677007700000001,-3.0442273999999996,5.807136,1566947925713
20370,226,Gyroscope,0.0061086523,-0.02321288,0.032986722999999996,1566947925722
20371,226,Accelerometer,-7.546523599999999,-2.6683377999999998,5.8921304,1566947925723
20372,226,Gyroscope,-0.0018325957999999999,-0.02687807,0.09773844,1566947925732
20373,226,Accelerometer,-7.2963295,-2.4708161,5.9448028,1566947925733
20374,226,Gyroscope,-0.021991148999999998,-0.007941248,0.111177474,1566947925742
20375,226,Accelerometer,-7.1179619999999995,-2.315193,6.0250087,1566947925743
20376,226,Gyroscope,-0.04337143,0.06658431,0.15699236,1566947925752
20377,226,Accelerometer,-6.946776400000001,-2.1859062000000002,6.077681,1566947925753
20378,226,Gyroscope,-0.064751714,0.14660765,0.1777618,1566947925762
20379,226,Accelerometer,-6.932411,-2.1057005,6.087258,1566947925763
20380,226,Gyroscope,-0.05009095,0.20586158,0.18142697,1566947925773
20381,226,Accelerometer,-7.193378999999999,-2.0781669999999997,6.066907,1566947925773
20382,226,Gyroscope,-0.02321288,0.23945917,0.172264,1566947925782
20383,226,Accelerometer,-7.4950485,-2.0266917,5.9052987,1566947925783
20384,226,Gyroscope,-0.007941248,0.25473082,0.16126843,1566947925792
20385,226,Accelerometer,-7.708132300000001,-1.9105729999999999,5.5868697,1566947925793
20386,226,Gyroscope,-0.009773844,0.24801129,0.14294247,1566947925802
20387,226,Accelerometer,-7.929596000000001,-1.8148049,5.209783,1566947925803
20388,226,Gyroscope,-0.031154128,0.20586158,0.12156218,1566947925813
20389,226,Accelerometer,-8.0445175,-1.7489643,4.8997335,1566947925813
20390,226,Gyroscope,-0.048258353,0.14477506,0.096516706,1566947925822
20391,226,Accelerometer,-8.064867999999999,-1.7884687,4.9344497,1566947925823
20392,226,Gyroscope,-0.035430185,0.09101892,0.06963864,1566947925832
20393,226,Accelerometer,-8.109161,-1.8303672,5.0864816,1566947925833
20394,226,Gyroscope,-0.017715093,0.040927973,0.043982297000000004,1566947925842
20395,226,Accelerometer,-8.169016000000001,-1.8531121,5.246893,1566947925843
20396,226,Gyroscope,-0.020158553,0.008552114,0.02565634,1566947925853
20397,226,Accelerometer,-8.080430999999999,-1.8698715,5.278017500000001,1566947925853
20398,226,Gyroscope,-0.040317107000000005,-0.0061086523,0.025045475,1566947925862
20399,226,Accelerometer,-7.884106,-1.9189526999999997,5.237316000000001,1566947925863
20400,226,Gyroscope,-0.06658431,-0.004886922,0.02687807,1566947925872
20401,226,Accelerometer,-7.7105265,-2.0266917,5.2361193,1566947925873
20402,226,Gyroscope,-0.07391469,-0.004886922,0.030543262,1566947925882
20403,226,Accelerometer,-7.7488337,-2.1332338,5.2444987,1566947925883
20404,226,Gyroscope,-0.054367005999999996,0.009773844,0.03176499,1566947925893
20405,226,Accelerometer,-7.7847466,-2.1655555,5.3486465999999995,1566947925893
20406,226,Gyroscope,-0.02076942,0.028099801,0.03481932,1566947925902
20407,226,Accelerometer,-7.819463000000001,-2.1667526,5.335478299999999,1566947925903
20408,226,Gyroscope,0.010995574,0.036651913,0.037873644,1566947925912
20409,226,Accelerometer,-7.881711999999999,-2.0733786,5.3582234,1566947925913
20410,226,Gyroscope,0.03176499,0.031154128,0.029932396,1566947925922
20411,226,Accelerometer,-7.915230800000001,-1.9285294999999998,5.3905449999999995,1566947925923
20412,226,Gyroscope,0.034208454,0.014049901000000002,0.02076942,1566947925933
20413,226,Accelerometer,-8.015787,-1.7764976000000003,5.482722,1566947925933
20414,226,Gyroscope,0.02443461,-0.00061086525,0.018936822,1566947925942
20415,226,Accelerometer,-8.012196000000001,-1.6460136000000003,5.531803,1566947925943
20416,226,Gyroscope,0.02443461,-0.032986722999999996,0.023823743999999997,1566947925952
20417,226,Accelerometer,-8.0684595,-1.532289,5.511451999999999,1566947925953
20418,226,Gyroscope,-0.021991148999999998,-0.058643065,0.026267206,1566947925962
20419,226,Accelerometer,-8.045714,-1.4425066,5.5641245999999995,1566947925963
20420,226,Gyroscope,-0.03481932,-0.07452556,0.03176499,1566947925973
20421,226,Accelerometer,-7.979874000000001,-1.3467385,5.5964465,1566947925973
20422,226,Gyroscope,-0.04153884,-0.05681047,0.021380282999999996,1566947925982
20423,226,Accelerometer,-7.704541000000001,-1.3754688999999998,5.671864,1566947925983
20424,226,Gyroscope,-0.018325957,-0.03481932,-0.004886922,1566947925992
20425,226,Accelerometer,-7.5968018,-1.7286136000000003,5.7736173,1566947925993
20426,226,Gyroscope,-0.0012217305,-0.05497787,-0.021380282999999996,1566947926002
20427,226,Accelerometer,-8.016983999999999,-1.7860744999999998,5.8322754,1566947926003
20428,226,Gyroscope,-0.019547688,-0.034208454,-0.03176499,1566947926012
20429,226,Accelerometer,-7.920019,-1.7489643,5.741296,1566947926013
20430,226,Gyroscope,-0.04642576,-0.008552114,-0.03726278,1566947926022
20431,226,Accelerometer,-7.704541000000001,-1.7561468999999996,5.5282116,1566947926023
20432,226,Gyroscope,-0.049480084,-0.012217305,-0.05131268,1566947926032
20433,226,Accelerometer,-7.612364299999999,-1.9285294999999998,5.4899044,1566947926033
20434,226,Gyroscope,-0.04520403,-0.017715093,-0.06352998,1566947926043
20435,226,Accelerometer,-7.524976,-2.099715,5.437232,1566947926043
20436,226,Gyroscope,-0.032986722999999996,-0.02687807,-0.07391469,1566947926052
20437,226,Accelerometer,-7.614758500000001,-2.2026656000000004,5.363012,1566947926053
20438,226,Gyroscope,-0.014049901000000002,-0.03726278,-0.09162979,1566947926062
20439,226,Accelerometer,-7.6255326,-2.348712,5.260061299999999,1566947926063
20440,226,Gyroscope,0.0067195175,-0.04153884,-0.111177474,1566947926072
20441,226,Accelerometer,-7.6578539999999995,-2.5773582000000004,5.234922,1566947926073
20442,226,Gyroscope,0.021991148999999998,-0.08002335,-0.1337795,1566947926082
20443,226,Accelerometer,-7.8050976,-2.80361,5.066130599999999,1566947926083
20444,226,Gyroscope,0.021991148999999998,-0.14538592,-0.15271631,1566947926092
20445,226,Accelerometer,-7.758410499999999,-3.0250738,4.8973393,1566947926093
20446,226,Gyroscope,0.01282817,-0.22724187,-0.16371189,1566947926102
20447,226,Accelerometer,-7.627927000000001,-3.169923,4.8135424,1566947926103
20448,226,Gyroscope,0.01282817,-0.30970868,-0.17959438,1566947926112
20449,226,Accelerometer,-7.586028,-3.1052797,5.020641,1566947926113
20450,226,Gyroscope,0.022602014,-0.3652974,-0.19364429,1566947926122
20451,226,Accelerometer,-7.420828299999999,-2.9460652,5.499480999999999,1566947926123
20452,226,Gyroscope,0.03726278,-0.3817908,-0.18448131,1566947926133
20453,226,Accelerometer,-7.313089,-2.681506,6.101623,1566947926133
20454,226,Gyroscope,0.040317107000000005,-0.35430184,-0.172264,1566947926142
20455,226,Accelerometer,-7.1023993,-2.3906104999999997,6.664260400000001,1566947926143
20456,226,Gyroscope,0.020158553,-0.29504790000000003,-0.14782938,1566947926152
20457,226,Accelerometer,-7.1167645,-2.1847090000000002,6.999449,1566947926153
20458,226,Gyroscope,-0.019547688,-0.20586158,-0.11728613,1566947926162
20459,226,Accelerometer,-7.029375999999999,-1.99437,7.108384599999999,1566947926163
20460,226,Gyroscope,-0.07086037,-0.06291912,-0.08552113,1566947926172
20461,226,Accelerometer,-6.825869,-1.9812019,6.8545995,1566947926173
20462,226,Gyroscope,-0.1142318,0.04886922,-0.05375614,1566947926182
20463,226,Accelerometer,-7.237672,-2.1092918,6.603208,1566947926183
20464,226,Gyroscope,-0.16004670000000001,0.13255776,-0.018936822,1566947926193
20465,226,Accelerometer,-7.144297999999999,-2.0087352,6.4332199999999995,1566947926193
20466,226,Gyroscope,-0.18570304,0.20280726,0.01038471,1566947926202
20467,226,Accelerometer,-7.1670427,-2.0446482,6.349423000000001,1566947926203
20468,226,Gyroscope,-0.18387043,0.25045475,0.014660766,1566947926212
20469,226,Accelerometer,-7.298723700000001,-2.1284454,6.211755999999999,1566947926213
20470,226,Gyroscope,-0.16493362,0.26511553,0.013439035,1566947926222
20471,226,Accelerometer,-7.265205,-2.1619642000000003,6.0968347000000005,1566947926223
20472,226,Gyroscope,-0.15271631,0.26206118,0.009773844,1566947926233
20473,226,Accelerometer,-7.387309599999999,-2.1906946,5.979519,1566947926233
20474,226,Gyroscope,-0.14905111,0.24007004,0.007330383,1566947926242
20475,226,Accelerometer,-7.4471645,-2.136825,5.746084,1566947926243
20476,226,Gyroscope,-0.14599679999999998,0.22235495,0.005497787,1566947926252
20477,226,Accelerometer,-7.392098,-2.1990743,5.5844755,1566947926253
20478,226,Gyroscope,-0.14355333,0.19242255,0.013439035,1566947926262
20479,226,Accelerometer,-7.516596300000001,-2.3175871,5.4563856,1566947926263
20480,226,Gyroscope,-0.13683382,0.15210545,0.026267206,1566947926273
20481,226,Accelerometer,-7.4711065,-2.3774424,5.3821654,1566947926273
20482,226,Gyroscope,-0.13011430000000002,0.1282817,0.034208454,1566947926282
20483,226,Accelerometer,-7.3657618000000005,-2.5091232999999997,5.483919,1566947926283
20484,226,Gyroscope,-0.09468412,0.10873401,0.03726278,1566947926292
20485,226,Accelerometer,-7.619547,-2.694674,5.608417500000001,1566947926293
20486,226,Gyroscope,-0.077579886,0.08735373,0.04520403,1566947926303
20487,226,Accelerometer,-7.771578999999999,-2.6635494,5.4527946,1566947926303
20488,226,Gyroscope,-0.09101892,0.09468412,0.057421334000000004,1566947926312
20489,226,Accelerometer,-7.4746976,-2.6372132,5.4527946,1566947926313
20490,226,Gyroscope,-0.081855945,0.08796459400000001,0.06597344599999999,1566947926322
20491,226,Accelerometer,-7.5309615,-2.7521348,5.583278,1566947926323
20492,226,Gyroscope,-0.054367005999999996,0.08246681,0.069027774,1566947926332
20493,226,Accelerometer,-7.499836999999999,-2.9197290000000002,5.5725045,1566947926333
20494,226,Gyroscope,-0.04276056599999999,0.095294975,0.06780604,1566947926342
20495,226,Accelerometer,-7.443573,-2.9580362,5.5054669999999994,1566947926343
20496,226,Gyroscope,-0.028099801,0.0983493,0.07086037,1566947926352
20497,226,Accelerometer,-7.522581599999999,-2.9867666,5.4970870000000005,1566947926353
20498,226,Gyroscope,-0.01160644,0.10018189999999999,0.07269296,1566947926362
20499,226,Accelerometer,-7.526173,-3.0502129,5.4288526,1566947926363
20500,226,Gyroscope,-0.002443461,0.09773844,0.073303826,1566947926372
20501,226,Accelerometer,-7.6255326,-3.1280246,5.4527946,1566947926373
20502,226,Gyroscope,0.012217305,0.086132,0.06414085,1566947926383
20503,226,Accelerometer,-7.7201033,-3.1124623,5.4360349999999995,1566947926383
20504,226,Gyroscope,0.019547688,0.057421334000000004,0.06047566,1566947926392
20505,226,Accelerometer,-7.8422074,-3.0765493,5.3103394999999995,1566947926393
20506,226,Gyroscope,0.010995574,0.04153884,0.05497787,1566947926402
20507,226,Accelerometer,-7.844601600000001,-2.8514943,5.2121773000000005,1566947926403
20508,226,Gyroscope,0.00061086525,0.016493361,0.036651913,1566947926412
20509,226,Accelerometer,-7.607576,-2.8083985,5.3007627,1566947926413
20510,226,Gyroscope,0.010995574,-0.016493361,0.004276057,1566947926422
20511,226,Accelerometer,-7.6518690000000005,-2.9951463,5.4384294,1566947926423
20512,226,Gyroscope,0.02076942,-0.04276056599999999,-0.02687807,1566947926433
20513,226,Accelerometer,-7.667431,-2.8802247000000003,5.3761797,1566947926433
20514,226,Gyroscope,0.019547688,-0.07269296,-0.05009095,1566947926442
20515,226,Accelerometer,-7.507019500000001,-2.7688942,5.487509999999999,1566947926443
20516,226,Gyroscope,0.009162978,-0.06291912,-0.07269296,1566947926452
20517,226,Accelerometer,-7.48188,-2.7760768,5.612008599999999,1566947926453
20518,226,Gyroscope,0.0012217305,-0.054367005999999996,-0.095294975,1566947926462
20519,226,Accelerometer,-7.4914570000000005,-2.870648,5.677849299999999,1566947926463
20520,226,Gyroscope,0.0030543262,-0.04276056599999999,-0.10567969,1566947926472
20521,226,Accelerometer,-7.444770299999999,-2.9867666,5.8238955,1566947926473
20522,226,Gyroscope,-0.0012217305,-0.026267206,-0.10629055,1566947926482
20523,226,Accelerometer,-7.492654300000001,-3.0777464,5.887341999999999,1566947926483
20524,226,Gyroscope,-0.014660766,-0.010995574,-0.096516706,1566947926492
20525,226,Accelerometer,-7.501034,-3.1507695,5.8574142,1566947926493
20526,226,Gyroscope,-0.025045475,0.015882496,-0.07696902,1566947926502
20527,226,Accelerometer,-7.396886299999999,-3.2237926,5.8466406,1566947926503
20528,226,Gyroscope,-0.025045475,0.022602014,-0.061086524,1566947926512
20529,226,Accelerometer,-7.3322425,-3.3686419,5.8945246,1566947926513
20530,226,Gyroscope,-0.02565634,0.03848451,-0.03481932,1566947926522
20531,226,Accelerometer,-7.438784599999999,-3.4644098,5.8681884,1566947926523
20532,226,Gyroscope,-0.035430185,0.05009095,-0.012217305,1566947926532
20533,226,Accelerometer,-7.346607700000001,-3.383007,5.758055000000001,1566947926533
20534,226,Gyroscope,-0.04153884,0.06047566,0.0036651915999999997,1566947926542
20535,226,Accelerometer,-7.180211,-3.2788591,5.7999535,1566947926543
20536,226,Gyroscope,-0.036651913,0.06780604,0.025045475,1566947926552
20537,226,Accelerometer,-7.1131735,-3.2345665,5.803545,1566947926553
20538,226,Gyroscope,-0.04276056599999999,0.05497787,0.04337143,1566947926563
20539,226,Accelerometer,-7.1023993,-3.0071173,5.707777,1566947926563
20540,226,Gyroscope,-0.04153884,0.039095376,0.04886922,1566947926572
20541,226,Accelerometer,-6.879739,-2.717419,5.7760115,1566947926573
20542,226,Gyroscope,-0.040317107000000005,0.029932396,0.045814894,1566947926582
20543,226,Accelerometer,-6.63553,-2.6420016,5.8598084,1566947926583
20544,226,Gyroscope,-0.03726278,0.021380282999999996,0.034208454,1566947926592
20545,226,Accelerometer,-6.600814,-2.6659436000000003,5.843049,1566947926593
20546,226,Gyroscope,-0.035430185,0.021991148999999998,0.02321288,1566947926602
20547,226,Accelerometer,-6.6247563,-2.7150247000000003,5.9184665999999995,1566947926602
20548,226,Gyroscope,-0.043982297000000004,0.03176499,0.007330383,1566947926613
20549,226,Accelerometer,-6.8067155,-2.7976246,5.98311,1566947926613
20550,226,Gyroscope,-0.05681047,0.053145275,-0.009162978,1566947926622
20551,226,Accelerometer,-7.0449386,-2.8155810000000003,5.951985400000001,1566947926623
20552,226,Gyroscope,-0.07941248,0.0842994,-0.014049901000000002,1566947926632
20553,226,Accelerometer,-7.180211,-2.873042,5.7700260000000005,1566947926633
20554,226,Gyroscope,-0.09468412,0.08979719,-0.01038471,1566947926642
20555,226,Accelerometer,-7.485471700000001,-2.7808652,5.8179099999999995,1566947926643
20556,226,Gyroscope,-0.09101892,0.06597344599999999,0.0030543262,1566947926652
20557,226,Accelerometer,-7.4758949999999995,-2.6300306,5.719748,1566947926653
20558,226,Gyroscope,-0.086132,0.030543262,0.021991148999999998,1566947926663
20559,226,Accelerometer,-7.4603324,-2.5198972,5.750872599999999,1566947926663
20560,226,Gyroscope,-0.08246681,-0.014049901000000002,0.057421334000000004,1566947926672
20561,226,Accelerometer,-7.4184339999999995,-2.4887726000000003,5.865794,1566947926673
20562,226,Gyroscope,-0.077579886,-0.04520403,0.081855945,1566947926682
20563,226,Accelerometer,-7.396886299999999,-2.541445,5.9172697,1566947926683
20564,226,Gyroscope,-0.089186326,-0.04886922,0.105068825,1566947926692
20565,226,Accelerometer,-7.4256167,-2.56419,5.8705826,1566947926693
20566,226,Gyroscope,-0.11056661,-0.032375857,0.13072516,1566947926702
20567,226,Accelerometer,-7.254431200000001,-2.5677812,5.853823,1566947926703
20568,226,Gyroscope,-0.13561209,0.022602014,0.16615535,1566947926712
20569,226,Accelerometer,-7.165846000000001,-2.5258827,5.887341999999999,1566947926714
20570,226,Gyroscope,-0.14538592,0.09407325,0.19792034,1566947926723
20571,226,Accelerometer,-7.1969705,-2.5079262000000004,5.8262897,1566947926723
20572,226,Gyroscope,-0.14477506,0.15699236,0.2144137,1566947926732
20573,226,Accelerometer,-7.2640080000000005,-2.4528596,5.729325,1566947926733
20574,226,Gyroscope,-0.13439035,0.19547687,0.21258110000000002,1566947926742
20575,226,Accelerometer,-7.4639240000000004,-2.3798366,5.5760955999999995,1566947926743
20576,226,Gyroscope,-0.119729586,0.19181168,0.20036379999999998,1566947926752
20577,226,Accelerometer,-7.700949700000001,-2.1775265,5.4551888,1566947926753
20578,226,Gyroscope,-0.112399206,0.17837265,0.18325958,1566947926762
20579,226,Accelerometer,-7.835025,-1.9464860000000002,5.471948,1566947926763
20580,226,Gyroscope,-0.09712757,0.16126843,0.16004670000000001,1566947926773
20581,226,Accelerometer,-7.997831,-1.7932571,5.5725045,1566947926773
20582,226,Gyroscope,-0.09040806,0.14110987,0.12767084,1566947926782
20583,226,Accelerometer,-8.182184,-1.6759412,5.5329999999999995,1566947926783
20584,226,Gyroscope,-0.09773844,0.118507855,0.10079276599999999,1566947926792
20585,226,Accelerometer,-8.269572,-1.6304513,5.418078400000001,1566947926793
20586,226,Gyroscope,-0.124005646,0.09468412,0.077579886,1566947926802
20587,226,Accelerometer,-8.324639,-1.5885528,5.303157,1566947926803
20588,226,Gyroscope,-0.15943582,0.06841691,0.06536258,1566947926812
20589,226,Accelerometer,-8.218098,-1.541866,5.2744265,1566947926813
20590,226,Gyroscope,-0.1826487,0.04520403,0.0720821,1566947926823
20591,226,Accelerometer,-8.042124000000001,-1.5897499,5.273229,1566947926823
20592,226,Gyroscope,-0.19303341,0.028099801,0.08246681,1566947926833
20593,226,Accelerometer,-7.8027034,-1.6089035,5.351041,1566947926833
20594,226,Gyroscope,-0.1685988,0.0067195175,0.0720821,1566947926842
20595,226,Accelerometer,-7.6889787,-1.733402,5.446809,1566947926843
20596,226,Gyroscope,-0.12889257,-0.014049901000000002,0.050701816,1566947926852
20597,226,Accelerometer,-7.7428484,-1.8519150000000002,5.4539914000000005,1566947926853
20598,226,Gyroscope,-0.10140363,-0.02321288,0.03359759,1566947926862
20599,226,Accelerometer,-7.723694999999999,-1.8399439999999998,5.475539,1566947926863
20600,226,Gyroscope,-0.09896017,-0.015882496,0.021991148999999998,1566947926872
20601,226,Accelerometer,-7.702147,-1.7429788,5.461174,1566947926873
20602,226,Gyroscope,-0.093462385,-0.010995574,0.0012217305,1566947926882
20603,226,Accelerometer,-7.7332716,-1.9225439999999998,5.4791307,1566947926883
20604,226,Gyroscope,-0.084910266,-0.010995574,-0.01282817,1566947926892
20605,226,Accelerometer,-7.8086886,-2.0638018,5.3618144999999995,1566947926893
20606,226,Gyroscope,-0.08368854,-0.02565634,-0.010995574,1566947926902
20607,226,Accelerometer,-7.7488337,-2.1284454,5.331887200000001,1566947926903
20608,226,Gyroscope,-0.058643065,-0.04153884,-0.015882496,1566947926912
20609,226,Accelerometer,-7.595605,-2.2589292999999997,5.386954,1566947926913
20610,226,Gyroscope,-0.016493361,-0.06841691,-0.02565634,1566947926922
20611,226,Accelerometer,-7.643489,-2.5318682,5.5006785,1566947926922
20612,226,Gyroscope,0.0012217305,-0.10018189999999999,-0.029321532999999997,1566947926933
20613,226,Accelerometer,-7.6794020000000005,-2.6443958,5.3330839999999995,1566947926933
20614,226,Gyroscope,0.0012217305,-0.13500121,-0.032986722999999996,1566947926942
20615,226,Accelerometer,-7.539341,-2.5486276,5.225345,1566947926943
20616,226,Gyroscope,0.01282817,-0.14660765,-0.04886922,1566947926952
20617,226,Accelerometer,-7.338228,-2.4396915,5.3713913,1566947926953
20618,226,Gyroscope,0.032375857,-0.13927728,-0.07941248,1566947926962
20619,226,Accelerometer,-7.284358500000001,-2.4612392999999995,5.513846400000001,1566947926963
20620,226,Gyroscope,0.058643065,-0.1337795,-0.118507855,1566947926972
20621,226,Accelerometer,-7.193378999999999,-2.4959552000000005,5.659893,1566947926973
20622,226,Gyroscope,0.07941248,-0.12461651,-0.15454891,1566947926982
20623,226,Accelerometer,-7.311891999999999,-2.5773582000000004,5.831078,1566947926983
20624,226,Gyroscope,0.09101892,-0.118507855,-0.17959438,1566947926993
20625,226,Accelerometer,-7.620744,-2.553416,5.9280434,1566947926993
20626,226,Gyroscope,0.0842994,-0.11178834,-0.18875736,1566947927002
20627,226,Accelerometer,-7.9236107,-2.4959552000000005,6.101623,1566947927003
20628,226,Gyroscope,0.061086524,-0.09285152,-0.18081611,1566947927012
20629,226,Accelerometer,-8.268375,-2.4768016,6.2105594,1566947927013
20630,226,Gyroscope,0.01160644,-0.07941248,-0.1423316,1566947927022
20631,226,Accelerometer,-8.378509,-2.5031377999999997,6.1219735,1566947927023
20632,226,Gyroscope,-0.047036625,-0.070249505,-0.10079276599999999,1566947927032
20633,226,Accelerometer,-8.152257,-2.5833437000000004,6.099229,1566947927033
20634,226,Gyroscope,-0.089186326,-0.06169739,-0.062308256,1566947927043
20635,226,Accelerometer,-7.8637557000000005,-2.7126305,6.2009826,1566947927043
20636,226,Gyroscope,-0.124005646,-0.034208454,-0.028710667000000002,1566947927052
20637,226,Accelerometer,-7.5704656,-2.7736826,6.300341599999999,1566947927053
20638,226,Gyroscope,-0.15393804,0.010995574,0.01160644,1566947927062
20639,226,Accelerometer,-7.168239999999999,-2.7090392000000003,6.351817,1566947927063
20640,226,Gyroscope,-0.16432275,0.051923547,0.03848451,1566947927072
20641,226,Accelerometer,-6.941988,-2.5605986,6.378153299999999,1566947927073
20642,226,Gyroscope,-0.1777618,0.10079276599999999,0.055588737,1566947927082
20643,226,Accelerometer,-6.823475,-2.328361,6.2752028,1566947927083
20644,226,Gyroscope,-0.18448131,0.14966199,0.06536258,1566947927092
20645,226,Accelerometer,-6.670246000000001,-2.1068976000000004,6.1746464,1566947927093
20646,226,Gyroscope,-0.17470746,0.16249016,0.06169739,1566947927102
20647,226,Accelerometer,-6.801927,-2.0578163000000003,6.035782299999999,1566947927103
20648,226,Gyroscope,-0.15332718,0.16554448,0.04337143,1566947927112
20649,226,Accelerometer,-6.8988924,-2.1296425,5.881356200000001,1566947927113
20650,226,Gyroscope,-0.13988814,0.18997909,0.031154128,1566947927122
20651,226,Accelerometer,-7.1095820000000005,-2.3056161,5.765238,1566947927123
20652,226,Gyroscope,-0.10934488,0.18692477,0.015882496,1566947927132
20653,226,Accelerometer,-7.381324,-2.4875755,5.7017913,1566947927133
20654,226,Gyroscope,-0.093462385,0.18692477,0.014049901000000002,1566947927142
20655,226,Accelerometer,-7.6518690000000005,-2.5881321,5.470751,1566947927143
20656,226,Gyroscope,-0.09407325,0.16615535,0.021991148999999998,1566947927152
20657,226,Accelerometer,-7.7811556,-2.5821466,5.221754,1566947927153
20658,226,Gyroscope,-0.10567969,0.1423316,0.03359759,1566947927162
20659,226,Accelerometer,-7.5788455,-2.6060886,5.1271830000000005,1566947927163
20660,226,Gyroscope,-0.10629055,0.10995574,0.03970624,1566947927172
20661,226,Accelerometer,-7.5309615,-2.8455088,5.2241483,1566947927173
20662,226,Gyroscope,-0.081855945,0.06414085,0.040317107000000005,1566947927182
20663,226,Accelerometer,-7.7320743,-2.9939492000000003,5.2624555,1566947927183
20664,226,Gyroscope,-0.069027774,0.020158553,0.04642576,1566947927192
20665,226,Accelerometer,-7.6231384,-2.906561,5.2540755,1566947927193
20666,226,Gyroscope,-0.059253927000000005,-0.005497787,0.056199603,1566947927203
20667,226,Accelerometer,-7.445967,-2.8215668,5.4001220000000005,1566947927203
20668,226,Gyroscope,-0.03726278,-0.017104227,0.0580322,1566947927212
20669,226,Accelerometer,-7.430405,-2.861071,5.507861,1566947927213
20670,226,Gyroscope,-0.021991148999999998,-0.021991148999999998,0.06291912,1566947927222
20671,226,Accelerometer,-7.363367599999999,-2.8179752999999996,5.5222263,1566947927223
20672,226,Gyroscope,-0.014660766,-0.026267206,0.06536258,1566947927232
20673,226,Accelerometer,-7.1945763,-2.791639,5.6323595,1566947927233
20674,226,Gyroscope,-0.0030543262,-0.03481932,0.064751714,1566947927242
20675,226,Accelerometer,-7.268796400000001,-2.7557259999999997,5.718550700000001,1566947927243
20676,226,Gyroscope,-0.0036651915999999997,-0.023823743999999997,0.05497787,1566947927252
20677,226,Accelerometer,-7.2580222999999995,-2.6910827,5.714959599999999,1566947927253
20678,226,Gyroscope,-0.01282817,0.0018325957999999999,0.04337143,1566947927263
20679,226,Accelerometer,-7.2364745,-2.8191724,5.779603,1566947927263
20680,226,Gyroscope,0.0030543262,0.0018325957999999999,0.021991148999999998,1566947927272
20681,226,Accelerometer,-7.5189905,-2.9640217,5.9005103,1566947927273
20682,226,Gyroscope,0.017715093,0.008552114,0.004886922,1566947927282
20683,226,Accelerometer,-7.654263,-2.9257145,5.8334722999999995,1566947927283
20684,226,Gyroscope,0.009162978,0.028099801,-0.013439035,1566947927292
20685,226,Accelerometer,-7.7129207,-2.9400797,5.7736173,1566947927293
20686,226,Gyroscope,0.005497787,0.02687807,-0.034208454,1566947927302
20687,226,Accelerometer,-7.8733325,-3.0945058,5.7005944,1566947927303
20688,226,Gyroscope,-0.004276057,0.007941248,-0.04886922,1566947927313
20689,226,Accelerometer,-7.937975999999999,-3.0909145000000002,5.567716000000001,1566947927313
20690,226,Gyroscope,-0.028099801,0.002443461,-0.048258353,1566947927322
20691,226,Accelerometer,-7.716512,-3.0166939999999998,5.4982843,1566947927323
20692,226,Gyroscope,-0.045814894,0.0036651915999999997,-0.0421497,1566947927332
20693,226,Accelerometer,-7.431602000000001,-2.9903579,5.568912999999999,1566947927333
20694,226,Gyroscope,-0.04520403,-0.007941248,-0.04153884,1566947927342
20695,226,Accelerometer,-7.3992805,-3.0023289,5.6922144999999995,1566947927343
20696,226,Gyroscope,-0.039095376,-0.018325957,-0.03359759,1566947927352
20697,226,Accelerometer,-7.429208,-2.8574797999999997,5.7281275,1566947927353
20698,226,Gyroscope,-0.05681047,-0.013439035,-0.027488936000000002,1566947927362
20699,226,Accelerometer,-7.3346367,-2.7880477999999997,5.762843599999999,1566947927363
20700,226,Gyroscope,-0.07452556,-0.005497787,-0.02687807,1566947927373
20701,226,Accelerometer,-7.3442134999999995,-2.8538885,5.807136,1566947927373
20702,226,Gyroscope,-0.09285152,-0.013439035,-0.019547688,1566947927382
20703,226,Accelerometer,-7.376535400000001,-2.8311436000000003,5.7963624000000005,1566947927383
20704,226,Gyroscope,-0.1160644,-0.009773844,-0.010995574,1566947927392
20705,226,Accelerometer,-7.253234,-2.7246015,5.8322754,1566947927393
20706,226,Gyroscope,-0.124005646,-0.008552114,-0.00061086525,1566947927402
20707,226,Accelerometer,-7.2580222999999995,-2.7784709999999997,5.872977,1566947927403
20708,226,Gyroscope,-0.12522738,-0.008552114,0.016493361,1566947927412
20709,226,Accelerometer,-7.273585000000001,-2.8107927000000004,5.841851999999999,1566947927413
20710,226,Gyroscope,-0.12950343,-0.002443461,0.03359759,1566947927422
20711,226,Accelerometer,-6.9671270000000005,-2.7521348,5.8322754,1566947927423
20712,226,Gyroscope,-0.11056661,0.0067195175,0.03970624,1566947927432
20713,226,Accelerometer,-6.6630635,-2.7569232000000006,5.9747305,1566947927433
20714,226,Gyroscope,-0.08124508,0.01282817,0.03970624,1566947927442
20715,226,Accelerometer,-6.7971387000000005,-2.9987376,6.093243,1566947927443
20716,226,Gyroscope,-0.08063421400000001,0.028710667000000002,0.049480084,1566947927452
20717,226,Accelerometer,-7.0102224,-2.8921957000000003,6.0142345,1566947927453
20718,226,Gyroscope,-0.09590584,0.051923547,0.052534412999999995,1566947927462
20719,226,Accelerometer,-7.012616599999999,-2.6671407000000005,5.9412117,1566947927463
20720,226,Gyroscope,-0.10812314599999999,0.08368854,0.05375614,1566947927473
20721,226,Accelerometer,-6.903681,-2.7162217999999996,5.898116,1566947927473
20722,226,Gyroscope,-0.1142318,0.08674286,0.06291912,1566947927482
20723,226,Accelerometer,-6.8641763,-2.847903,5.7281275,1566947927483
20724,226,Gyroscope,-0.10873401,0.06719518,0.06780604,1566947927492
20725,226,Accelerometer,-6.932411,-3.0059202000000003,5.625177,1566947927493
20726,226,Gyroscope,-0.09285152,0.059253927000000005,0.076358154,1566947927502
20727,226,Accelerometer,-6.919242999999999,-3.0849290000000003,5.6407394,1566947927503
20728,226,Gyroscope,-0.07574729,0.058643065,0.08124508,1566947927512
20729,226,Accelerometer,-6.991069,-3.052607,5.647922,1566947927513
20730,226,Gyroscope,-0.0580322,0.039095376,0.06658431,1566947927522
20731,226,Accelerometer,-7.125144500000001,-3.1196449,5.74369,1566947927523
20732,226,Gyroscope,-0.049480084,0.05009095,0.05375614,1566947927533
20733,226,Accelerometer,-7.097611,-3.2010477,5.8741736,1566947927533
20734,226,Gyroscope,-0.053145275,0.07452556,0.05497787,1566947927542
20735,226,Accelerometer,-7.298723700000001,-3.2082303,5.8322754,1566947927543
20736,226,Gyroscope,-0.07391469,0.06658431,0.06291912,1566947927552
20737,226,Accelerometer,-7.605181699999999,-3.1112652,5.685032,1566947927553
20738,226,Gyroscope,-0.09468412,0.03848451,0.06780604,1566947927562
20739,226,Accelerometer,-7.394492,-2.9352913,5.8143187,1566947927563
20740,226,Gyroscope,-0.08735373,0.018325957,0.07513642,1566947927572
20741,226,Accelerometer,-7.407660000000001,-2.8909986,5.9005103,1566947927573
20742,226,Gyroscope,-0.0720821,-0.004886922,0.0842994,1566947927582
20743,226,Accelerometer,-7.443573,-2.6886885,5.913678,1566947927583
20744,226,Gyroscope,-0.07880162,0.004886922,0.09162979,1566947927592
20745,226,Accelerometer,-7.5884222999999995,-2.4396915,5.849035,1566947927593
20746,226,Gyroscope,-0.12339478,0.030543262,0.116675265,1566947927602
20747,226,Accelerometer,-7.5884222999999995,-2.1643584,5.9148755,1566947927603
20748,226,Gyroscope,-0.14172074,0.035430185,0.12461651,1566947927612
20749,226,Accelerometer,-7.3334399999999995,-2.0602105,6.1399302,1566947927613
20750,226,Gyroscope,-0.13805555,0.069027774,0.1282817,1566947927622
20751,226,Accelerometer,-7.1790137000000005,-2.0578163000000003,6.3302693,1566947927623
20752,226,Gyroscope,-0.1282817,0.1386664,0.14477506,1566947927632
20753,226,Accelerometer,-7.3442134999999995,-1.9907787000000001,6.278794,1566947927633
20754,226,Gyroscope,-0.13255776,0.21624629,0.15577064,1566947927643
20755,226,Accelerometer,-7.5094137000000005,-1.9704279999999998,6.066907,1566947927643
20756,226,Gyroscope,-0.13316862,0.28221974,0.16310102,1566947927652
20757,226,Accelerometer,-7.7943234,-1.9883845000000002,5.8921304,1566947927653
20758,226,Gyroscope,-0.1386664,0.3268129,0.1685988,1566947927662
20759,226,Accelerometer,-8.079233,-1.9536686,5.705383,1566947927663
20760,226,Gyroscope,-0.14110987,0.3145956,0.15943582,1566947927672
20761,226,Accelerometer,-8.331821000000001,-1.9165584999999998,5.395334,1566947927673
20762,226,Gyroscope,-0.14721853,0.26450464,0.13133603,1566947927682
20763,226,Accelerometer,-8.394072,-1.9393034,5.2421045,1566947927683
20764,226,Gyroscope,-0.16004670000000001,0.22418754,0.10262536,1566947927692
20765,226,Accelerometer,-8.346188,-1.9309237000000001,5.067328,1566947927694
20766,226,Gyroscope,-0.17470746,0.17898351,0.07880162,1566947927702
20767,226,Accelerometer,-8.246828,-1.9440918000000003,4.938041,1566947927703
20768,226,Gyroscope,-0.18325958,0.13011430000000002,0.050701816,1566947927712
20769,226,Accelerometer,-8.1079645,-1.9656396,4.959589,1566947927713
20770,226,Gyroscope,-0.17104226,0.09407325,0.027488936000000002,1566947927722
20771,226,Accelerometer,-7.8709383,-2.005144,5.133168,1566947927723
20772,226,Gyroscope,-0.14966199,0.064751714,0.018936822,1566947927732
20773,226,Accelerometer,-7.8278419999999995,-2.0314799999999997,5.234922,1566947927733
20774,226,Gyroscope,-0.12278391400000001,0.022602014,0.020158553,1566947927742
20775,226,Accelerometer,-7.644686,-2.0302830000000003,5.365406,1566947927743
20776,226,Gyroscope,-0.09285152,-0.014660766,0.015271631,1566947927752
20777,226,Accelerometer,-7.7320743,-2.0685901999999996,5.42167,1566947927753
20778,226,Gyroscope,-0.07880162,-0.034208454,0.028099801,1566947927762
20779,226,Accelerometer,-7.813477000000001,-1.9967641999999999,5.322310400000001,1566947927763
20780,226,Gyroscope,-0.08368854,-0.037873644,0.04276056599999999,1566947927772
20781,226,Accelerometer,-7.7189064,-1.9512744,5.2528787,1566947927773
20782,226,Gyroscope,-0.07696902,-0.02321288,0.055588737,1566947927782
20783,226,Accelerometer,-7.72968,-2.0362685000000003,5.278017500000001,1566947927783
20784,226,Gyroscope,-0.054367005999999996,-0.023823743999999997,0.06047566,1566947927792
20785,226,Accelerometer,-7.69257,-1.9955671000000001,5.29358,1566947927793
20786,226,Gyroscope,-0.037873644,-0.028099801,0.05497787,1566947927802
20787,226,Accelerometer,-7.7368627000000005,-1.8435352999999999,5.2816089999999996,1566947927803
20788,226,Gyroscope,-0.025045475,-0.03481932,0.036651913,1566947927813
20789,226,Accelerometer,-7.6949644,-1.6867151000000002,5.331887200000001,1566947927813
20790,226,Gyroscope,0.0061086523,-0.06658431,-0.007941248,1566947927823
20791,226,Accelerometer,-7.642291999999999,-1.6675615000000001,5.3522377,1566947927823
20792,226,Gyroscope,0.021380282999999996,-0.089186326,-0.03970624,1566947927832
20793,226,Accelerometer,-7.639898,-1.7441759,5.483919,1566947927833
20794,226,Gyroscope,0.02687807,-0.112399206,-0.06658431,1566947927842
20795,226,Accelerometer,-7.6794020000000005,-1.7836802999999999,5.4911017,1566947927843
20796,226,Gyroscope,0.026267206,-0.13316862,-0.08002335,1566947927852
20797,226,Accelerometer,-7.717708999999999,-1.8471266,5.4982843,1566947927853
20798,226,Gyroscope,0.015882496,-0.13988814,-0.08002335,1566947927862
20799,226,Accelerometer,-7.6219410000000005,-1.9464860000000002,5.4504004,1566947927863
20800,226,Gyroscope,0.016493361,-0.15088372,-0.07513642,1566947927873
20801,226,Accelerometer,-7.581239699999999,-2.1152773,5.415684,1566947927873
20802,226,Gyroscope,0.014660766,-0.18509217,-0.081855945,1566947927882
20803,226,Accelerometer,-7.57286,-2.1080947,5.4312468,1566947927883
20804,226,Gyroscope,0.010995574,-0.20036379999999998,-0.09773844,1566947927892
20805,226,Accelerometer,-7.429208,-2.1404164,5.5701103,1566947927893
20806,226,Gyroscope,0.010995574,-0.20708331,-0.11362094,1566947927902
20807,226,Accelerometer,-7.4591354999999995,-2.1296425,5.66947,1566947927903
20808,226,Gyroscope,0.002443461,-0.20158553,-0.12705997,1566947927912
20809,226,Accelerometer,-7.396886299999999,-2.1284454,5.8203044,1566947927913
20810,226,Gyroscope,-0.00061086525,-0.18448131,-0.13744467,1566947927923
20811,226,Accelerometer,-7.322665700000001,-2.2218192,5.949591000000001,1566947927923
20812,226,Gyroscope,0.007941248,-0.15699236,-0.14477506,1566947927933
20813,226,Accelerometer,-7.352593400000001,-2.397793,6.0333879999999995,1566947927933
20814,226,Gyroscope,0.004276057,-0.13316862,-0.12889257,1566947927942
20815,226,Accelerometer,-7.53575,-2.505532,5.9807158,1566947927943
20816,226,Gyroscope,-0.014660766,-0.11728613,-0.10445796,1566947927952
20817,226,Accelerometer,-7.677007700000001,-2.4995465,5.9280434,1566947927953
20818,226,Gyroscope,-0.030543262,-0.118507855,-0.08124508,1566947927962
20819,226,Accelerometer,-7.6003933,-2.4504653999999997,5.9938839999999995,1566947927963
20820,226,Gyroscope,-0.032986722999999996,-0.12644911,-0.054367005999999996,1566947927972
20821,226,Accelerometer,-7.595605,-2.5318682,6.1363389999999995,1566947927973
20822,226,Gyroscope,-0.0421497,-0.12889257,-0.029932396,1566947927983
20823,226,Accelerometer,-7.60997,-2.5929205,6.3182983,1566947927983
20824,226,Gyroscope,-0.07147124,-0.10567969,-0.009162978,1566947927992
20825,226,Accelerometer,-7.629123700000001,-2.5893292000000003,6.4128695,1566947927993
20826,226,Gyroscope,-0.12705997,-0.04153884,0.017715093,1566947928002
20827,226,Accelerometer,-7.4483614000000005,-2.4600422,6.4248405,1566947928003
20828,226,Gyroscope,-0.17654006,0.02687807,0.0421497,1566947928012
20829,226,Accelerometer,-7.2065472999999995,-2.4025814999999997,6.362591,1566947928013
20830,226,Gyroscope,-0.20097467,0.08735373,0.052534412999999995,1566947928022
20831,226,Accelerometer,-6.916848700000001,-2.4349031,6.338649,1566947928023
20832,226,Gyroscope,-0.20891592,0.13561209,0.051923547,1566947928032
20833,226,Accelerometer,-7.0449386,-2.528277,6.2500634,1566947928033
20834,226,Gyroscope,-0.19608775,0.16371189,0.050701816,1566947928043
20835,226,Accelerometer,-7.3274539999999995,-2.5103204,5.9483943,1566947928043
20836,226,Gyroscope,-0.20036379999999998,0.17837265,0.06291912,1566947928052
20837,226,Accelerometer,-7.171831,-2.4061728,5.6227827,1566947928053
20838,226,Gyroscope,-0.21746802,0.18448131,0.0720821,1566947928062
20839,226,Accelerometer,-7.0209966,-2.4756044999999998,5.601235,1566947928063
20840,226,Gyroscope,-0.19058995,0.15699236,0.07574729,1566947928072
20841,226,Accelerometer,-7.032967599999999,-2.7090392000000003,5.6922144999999995,1566947928073
20842,226,Gyroscope,-0.14905111,0.12583824,0.07880162,1566947928082
20843,226,Accelerometer,-7.1371155,-2.8287494,5.7281275,1566947928083
20844,226,Gyroscope,-0.12339478,0.10873401,0.08674286,1566947928092
20845,226,Accelerometer,-7.3657618000000005,-2.6970682,5.673061,1566947928093
20846,226,Gyroscope,-0.11789699,0.1142318,0.10140363,1566947928103
20847,226,Accelerometer,-7.303512,-2.5737667,5.7089739999999995,1566947928103
20848,226,Gyroscope,-0.11301007,0.12156218,0.10262536,1566947928112
20849,226,Accelerometer,-7.405266,-2.5833437000000004,5.746084,1566947928113
20850,226,Gyroscope,-0.10751228,0.11301007,0.10262536,1566947928122
20851,226,Accelerometer,-7.5094137000000005,-2.5893292000000003,5.710171,1566947928123
20852,226,Gyroscope,-0.11056661,0.11728613,0.09590584,1566947928132
20853,226,Accelerometer,-7.445967,-2.5881321,5.625177,1566947928133
20854,226,Gyroscope,-0.111177474,0.11484267,0.084910266,1566947928142
20855,226,Accelerometer,-7.559692,-2.5905263,5.4922986,1566947928143
20856,226,Gyroscope,-0.10445796,0.118507855,0.07696902,1566947928152
20857,226,Accelerometer,-7.5584945999999995,-2.6204537999999995,5.380968,1566947928153
20858,226,Gyroscope,-0.08796459400000001,0.11056661,0.06352998,1566947928163
20859,226,Accelerometer,-7.540538300000001,-2.6396074,5.397728,1566947928163
20860,226,Gyroscope,-0.06414085,0.08674286,0.0421497,1566947928172
20861,226,Accelerometer,-7.595605,-2.695871,5.342661,1566947928173
20862,226,Gyroscope,-0.048258353,0.06047566,0.026267206,1566947928182
20863,226,Accelerometer,-7.678205,-2.6551697,5.21098,1566947928183
20864,226,Gyroscope,-0.054367005999999996,0.04520403,0.02443461,1566947928192
20865,226,Accelerometer,-7.5285673,-2.6276363999999997,5.195418,1566947928193
20866,226,Gyroscope,-0.059253927000000005,0.01038471,0.019547688,1566947928202
20867,226,Accelerometer,-7.4363904000000005,-2.6982652999999996,5.3402667,1566947928203
20868,226,Gyroscope,-0.04276056599999999,-0.02565634,0.014049901000000002,1566947928212
20869,226,Accelerometer,-7.563283,-2.9029696,5.473145,1566947928213
20870,226,Gyroscope,-0.03970624,-0.035430185,0.021380282999999996,1566947928223
20871,226,Accelerometer,-7.6219410000000005,-2.9472623,5.507861,1566947928223
20872,226,Gyroscope,-0.04520403,-0.034208454,0.027488936000000002,1566947928232
20873,226,Accelerometer,-7.551311999999999,-2.9879637000000003,5.608417500000001,1566947928233
20874,226,Gyroscope,-0.05131268,-0.04337143,0.029321532999999997,1566947928242
20875,226,Accelerometer,-7.659051400000001,-3.0298622,5.653907299999999,1566947928243
20876,226,Gyroscope,-0.056199603,-0.036651913,0.02687807,1566947928252
20877,226,Accelerometer,-7.627927000000001,-3.0466216,5.699397,1566947928253
20878,226,Gyroscope,-0.061086524,-0.022602014,0.03359759,1566947928262
20879,226,Accelerometer,-7.540538300000001,-2.9783869,5.697003,1566947928263
20880,226,Gyroscope,-0.059864793,-0.01282817,0.040317107000000005,1566947928273
20881,226,Accelerometer,-7.57286,-2.991555,5.765238,1566947928273
20882,226,Gyroscope,-0.05497787,-0.015882496,0.04520403,1566947928282
20883,226,Accelerometer,-7.437587700000001,-2.8311436000000003,5.8478374,1566947928283
20884,226,Gyroscope,-0.043982297000000004,0.0061086523,0.035430185,1566947928292
20885,226,Accelerometer,-7.3442134999999995,-2.9592332999999997,5.9483943,1566947928293
20886,226,Gyroscope,-0.06169739,0.030543262,0.035430185,1566947928302
20887,226,Accelerometer,-7.441178999999999,-2.8814217999999996,5.9005103,1566947928303
20888,226,Gyroscope,-0.08552113,0.0580322,0.036651913,1566947928312
20889,226,Accelerometer,-7.384915400000001,-2.7210102000000003,5.8478374,1566947928313
20890,226,Gyroscope,-0.096516706,0.073303826,0.022602014,1566947928322
20891,226,Accelerometer,-7.387309599999999,-2.7760768,5.853823,1566947928323
20892,226,Gyroscope,-0.09712757,0.07696902,0.012217305,1566947928333
20893,226,Accelerometer,-7.577648,-2.9412768,5.837064,1566947928333
20894,226,Gyroscope,-0.112399206,0.08246681,0.0067195175,1566947928342
20895,226,Accelerometer,-7.581239699999999,-2.8263552000000005,5.671864,1566947928343
20896,226,Gyroscope,-0.12034045,0.08002335,0.007941248,1566947928352
20897,226,Accelerometer,-7.4866686,-2.7353754,5.5976434,1566947928353
20898,226,Gyroscope,-0.11728613,0.07086037,0.007941248,1566947928362
20899,226,Accelerometer,-7.376535400000001,-2.8502972,5.590461,1566947928363
20900,226,Gyroscope,-0.112399206,0.05375614,-0.0012217305,1566947928372
20901,226,Accelerometer,-7.405266,-2.9352913,5.544971,1566947928373
20902,226,Gyroscope,-0.12583824,0.047647487,0.002443461,1566947928382
20903,226,Accelerometer,-7.2580222999999995,-2.8502972,5.5162406,1566947928383
20904,226,Gyroscope,-0.12095132,0.039095376,-0.0036651915999999997,1566947928393
20905,226,Accelerometer,-7.0593038,-2.8802247000000003,5.6634839999999995,1566947928393
20906,226,Gyroscope,-0.10567969,0.021380282999999996,-0.009773844,1566947928402
20907,226,Accelerometer,-7.240066000000001,-3.0585926,5.7819970000000005,1566947928403
20908,226,Gyroscope,-0.112399206,0.020158553,-0.015882496,1566947928412
20909,226,Accelerometer,-7.311891999999999,-3.0358477,5.759252,1566947928413
20910,226,Gyroscope,-0.1160644,0.03604105,-0.01282817,1566947928422
20911,226,Accelerometer,-7.2029557,-3.039439,5.779603,1566947928423
20912,226,Gyroscope,-0.11178834,0.04886922,-0.004276057,1566947928432
20913,226,Accelerometer,-7.2975270000000005,-3.1675289,5.7281275,1566947928433
20914,226,Gyroscope,-0.11545353400000001,0.054367005999999996,0.005497787,1566947928442
20915,226,Accelerometer,-7.284358500000001,-3.1854854,5.5988407,1566947928443
20916,226,Gyroscope,-0.11056661,0.05681047,0.015271631,1566947928453
20917,226,Accelerometer,-7.157466,-3.2585083999999997,5.5389857000000005,1566947928453
20918,226,Gyroscope,-0.093462385,0.032375857,0.019547688,1566947928462
20919,226,Accelerometer,-7.171831,-3.3327288999999998,5.5461683,1566947928463
20920,226,Gyroscope,-0.08246681,0.018936822,0.018936822,1566947928472
20921,226,Accelerometer,-7.079654,-3.2872388,5.5820813,1566947928473
20922,226,Gyroscope,-0.06963864,0.019547688,0.009162978,1566947928482
20923,226,Accelerometer,-7.387309599999999,-3.4093432,5.6670755999999995,1566947928483
20924,226,Gyroscope,-0.06658431,0.018936822,0.026267206,1566947928492
20925,226,Accelerometer,-7.3406224,-3.0011318,5.5964465,1566947928493
20926,226,Gyroscope,-0.08979719,0.03604105,0.035430185,1566947928502
20927,226,Accelerometer,-6.9719152,-2.8095956,5.5605335,1566947928503
20928,226,Gyroscope,-0.10445796,0.06169739,0.053145275,1566947928513
20929,226,Accelerometer,-6.9371996,-2.9233203,5.639542,1566947928513
20930,226,Gyroscope,-0.09285152,0.06841691,0.0720821,1566947928522
20931,226,Accelerometer,-6.927623,-2.9149406000000004,5.747281,1566947928523
20932,226,Gyroscope,-0.08796459400000001,0.10018189999999999,0.09162979,1566947928532
20933,226,Accelerometer,-6.970718400000001,-2.8395232999999998,5.851429,1566947928533
20934,226,Gyroscope,-0.08002335,0.12644911,0.118507855,1566947928542
20935,226,Accelerometer,-7.3406224,-2.6839,5.8502316,1566947928543
20936,226,Gyroscope,-0.084910266,0.14660765,0.13011430000000002,1566947928552
20937,226,Accelerometer,-7.4699089999999995,-2.456451,5.8705826,1566947928553
20938,226,Gyroscope,-0.08857546,0.15332718,0.1423316,1566947928563
20939,226,Accelerometer,-7.595605,-2.27928,5.913678,1566947928563
20940,226,Gyroscope,-0.09407325,0.15332718,0.15882497,1566947928572
20941,226,Accelerometer,-7.7703815,-2.146402,5.931635,1566947928573
20942,226,Gyroscope,-0.105068825,0.17470746,0.16676621,1566947928582
20943,226,Accelerometer,-7.825448,-2.0326772,5.9651537,1566947928583
20944,226,Gyroscope,-0.11056661,0.21991149,0.16432275,1566947928592
20945,226,Accelerometer,-7.931989999999999,-2.0219033,5.920861,1566947928593
20946,226,Gyroscope,-0.10323623,0.26572640000000003,0.15577064,1566947928602
20947,226,Accelerometer,-8.046911999999999,-2.0242975,5.78918,1566947928603
20948,226,Gyroscope,-0.105068825,0.28221974,0.14049901,1566947928612
20949,226,Accelerometer,-7.966706299999999,-1.9177556,5.718550700000001,1566947928613
20950,226,Gyroscope,-0.11301007,0.267559,0.11728613,1566947928623
20951,226,Accelerometer,-7.884106,-1.8770541,5.747281,1566947928623
20952,226,Gyroscope,-0.10079276599999999,0.2321288,0.07941248,1566947928632
20953,226,Accelerometer,-8.118738,-1.8890251,5.718550700000001,1566947928633
20954,226,Gyroscope,-0.07880162,0.20830505,0.02687807,1566947928642
20955,226,Accelerometer,-8.169016000000001,-1.9345150000000002,5.729325,1566947928643
20956,226,Gyroscope,-0.08307768,0.2144137,-0.01038471,1566947928652
20957,226,Accelerometer,-8.246828,-1.8950106,5.517437999999999,1566947928653
20958,226,Gyroscope,-0.105068825,0.22968534,-0.03359759,1566947928662
20959,226,Accelerometer,-8.190564,-1.9536686,5.305551,1566947928663
20960,226,Gyroscope,-0.12705997,0.226631,-0.044593163,1566947928673
20961,226,Accelerometer,-7.9954367,-2.0925324,5.1966147000000005,1566947928673
20962,226,Gyroscope,-0.13805555,0.20952678,-0.04337143,1566947928682
20963,226,Accelerometer,-7.8027034,-2.2768857000000002,5.1379566,1566947928683
20964,226,Gyroscope,-0.13744467,0.17531833,-0.032375857,1566947928692
20965,226,Accelerometer,-7.654263,-2.420538,5.0637364,1566947928693
20966,226,Gyroscope,-0.12644911,0.124005646,-0.017715093,1566947928702
20967,226,Accelerometer,-7.608772999999999,-2.529474,5.014655599999999,1566947928703
20968,226,Gyroscope,-0.10873401,0.07391469,-0.007941248,1566947928712
20969,226,Accelerometer,-7.6865845,-2.4504653999999997,4.9775453,1566947928713
20970,226,Gyroscope,-0.09468412,0.043982297000000004,-0.004276057,1566947928722
20971,226,Accelerometer,-7.668628,-2.1954830000000003,4.9895163,1566947928723
20972,226,Gyroscope,-0.07513642,0.04276056599999999,-0.020158553,1566947928733
20973,226,Accelerometer,-7.6482773,-2.0410569,5.0960584,1566947928733
20974,226,Gyroscope,-0.04642576,0.03726278,-0.026267206,1566947928742
20975,226,Accelerometer,-7.8326306,-2.0362685000000003,5.092467,1566947928743
20976,226,Gyroscope,-0.03359759,0.01282817,-0.04153884,1566947928752
20977,226,Accelerometer,-7.989451,-1.9369092,4.97156,1566947928753
20978,226,Gyroscope,-0.04886922,0.004276057,-0.04337143,1566947928762
20979,226,Accelerometer,-7.964312,-1.8291701,4.8602295,1566947928763
20980,226,Gyroscope,-0.061086524,-0.014049901000000002,-0.047036625,1566947928772
20981,226,Accelerometer,-7.8577699999999995,-1.8435352999999999,4.8722005,1566947928773
20982,226,Gyroscope,-0.06291912,-0.054367005999999996,-0.048258353,1566947928783
20983,226,Accelerometer,-7.797915,-1.9261352999999999,4.9320555,1566947928783
20984,226,Gyroscope,-0.059864793,-0.1020145,-0.05375614,1566947928792
20985,226,Accelerometer,-7.773973,-1.9752164,5.0637364,1566947928793
20986,226,Gyroscope,-0.044593163,-0.12156218,-0.070249505,1566947928802
20987,226,Accelerometer,-7.60997,-2.0973208,5.4061074,1566947928803
20988,226,Gyroscope,-0.02321288,-0.14721853,-0.084910266,1566947928812
20989,226,Accelerometer,-7.997831,-2.1978772,5.6347537,1566947928813
20990,226,Gyroscope,-0.040317107000000005,-0.14477506,-0.09040806,1566947928822
20991,226,Accelerometer,-8.22528,-1.9452889,5.746084,1566947928823
20992,226,Gyroscope,-0.059864793,-0.096516706,-0.086132,1566947928833
20993,226,Accelerometer,-7.8386164,-1.7501613999999999,5.8203044,1566947928833
20994,226,Gyroscope,-0.056199603,-0.08063421400000001,-0.086132,1566947928842
20995,226,Accelerometer,-7.680599000000001,-1.9812019,5.8693852,1566947928843
20996,226,Gyroscope,-0.052534412999999995,-0.08246681,-0.08063421400000001,1566947928852
20997,226,Accelerometer,-7.513005000000001,-2.1535845,5.819107,1566947928853
20998,226,Gyroscope,-0.05131268,-0.0842994,-0.07269296,1566947928862
20999,226,Accelerometer,-7.243657000000001,-2.1272482999999998,5.8382607,1566947928863
21000,226,Gyroscope,-0.0421497,-0.08735373,-0.08002335,1566947928872
21001,226,Accelerometer,-7.184999499999999,-2.0829554,5.843049,1566947928873
21002,226,Gyroscope,-0.036651913,-0.095294975,-0.10751228,1566947928882
21003,226,Accelerometer,-7.184999499999999,-1.8997990000000002,5.828684,1566947928883
21004,226,Gyroscope,-0.031154128,-0.08307768,-0.13805555,1566947928893
21005,226,Accelerometer,-7.065289,-1.8698715,5.8095303,1566947928893
21006,226,Gyroscope,-0.02443461,-0.08246681,-0.17409660000000002,1566947928902
21007,226,Accelerometer,-7.237672,-1.8902221999999997,5.6682725,1566947928903
21008,226,Gyroscope,-0.022602014,-0.07696902,-0.19181168,1566947928912
21009,226,Accelerometer,-7.374141000000001,-1.9919758,5.518635,1566947928913
21010,226,Gyroscope,-0.022602014,-0.0720821,-0.20036379999999998,1566947928922
21011,226,Accelerometer,-7.404069,-2.0937295,5.4396260000000005,1566947928923
21012,226,Gyroscope,-0.019547688,-0.09285152,-0.20525073,1566947928932
21013,226,Accelerometer,-7.5704656,-2.110489,5.422867,1566947928933
21014,226,Gyroscope,-0.019547688,-0.092240654,-0.20463985,1566947928942
21015,226,Accelerometer,-7.809886,-2.2433669999999997,5.588066599999999,1566947928943
21016,226,Gyroscope,-0.019547688,-0.1142318,-0.18936823,1566947928953
21017,226,Accelerometer,-7.9475527,-2.232593,5.722142,1566947928953
21018,226,Gyroscope,-0.02687807,-0.15088372,-0.17592919,1566947928962
21019,226,Accelerometer,-7.8027034,-2.4025814999999997,6.023811299999999,1566947928963
21020,226,Gyroscope,-0.03726278,-0.16249016,-0.14355333,1566947928972
21021,226,Accelerometer,-7.727286,-2.4193408,6.397307,1566947928973
21022,226,Gyroscope,-0.06658431,-0.12889257,-0.10079276599999999,1566947928982
21023,226,Accelerometer,-7.590816499999999,-2.553416,6.749254700000001,1566947928983
21024,226,Gyroscope,-0.10445796,-0.03481932,-0.0720821,1566947928993
21025,226,Accelerometer,-7.383717999999999,-2.7401638,6.7109475000000005,1566947928993
21026,226,Gyroscope,-0.15027285,0.09040806,-0.015882496,1566947929002
21027,226,Accelerometer,-7.339425,-2.89459,6.447585,1566947929003
21028,226,Gyroscope,-0.18936823,0.20769419,0.059864793,1566947929012
21029,226,Accelerometer,-7.2364745,-2.8419175,6.143522,1566947929013
21030,226,Gyroscope,-0.20647246,0.29382620000000004,0.12644911,1566947929022
21031,226,Accelerometer,-7.1047934999999995,-2.681506,5.8454432,1566947929023
21032,226,Gyroscope,-0.18142697,0.3359759,0.15821409,1566947929032
21033,226,Accelerometer,-7.1490865,-2.565387,5.5341973,1566947929033
21034,226,Gyroscope,-0.13683382,0.34941490000000003,0.15271631,1566947929042
21035,226,Accelerometer,-7.392098,-2.5330652999999996,5.245696,1566947929043
21036,226,Gyroscope,-0.10140363,0.33536503,0.13133603,1566947929052
21037,226,Accelerometer,-7.4735007,-2.4420857000000002,5.007473,1566947929053
21038,226,Gyroscope,-0.06963864,0.27366763,0.092240654,1566947929062
21039,226,Accelerometer,-7.738060000000001,-2.4181437000000003,4.961983,1566947929063
21040,226,Gyroscope,-0.04520403,0.17654006,0.03176499,1566947929072
21041,226,Accelerometer,-8.024167,-2.4396915,4.9583917,1566947929073
21042,226,Gyroscope,-0.039095376,0.10629055,-0.02687807,1566947929082
21043,226,Accelerometer,-8.10557,-2.5510217999999996,4.8985367,1566947929083
21044,226,Gyroscope,-0.040927973,0.04337143,-0.06658431,1566947929092
21045,226,Accelerometer,-8.180987,-2.8407204,4.868608999999999,1566947929093
21046,226,Gyroscope,-0.04642576,-0.02076942,-0.092240654,1566947929102
21047,226,Accelerometer,-8.110358,-3.1376014,4.9320555,1566947929103
21048,226,Gyroscope,-0.048258353,-0.059864793,-0.09590584,1566947929112
21049,226,Accelerometer,-8.010999,-3.3028011,5.031415,1566947929113
21050,226,Gyroscope,-0.039095376,-0.086132,-0.084910266,1566947929122
21051,226,Accelerometer,-7.9224133000000005,-3.4272997000000003,5.1678843,1566947929123
21052,226,Gyroscope,-0.025045475,-0.0842994,-0.059864793,1566947929132
21053,226,Accelerometer,-7.682993400000001,-3.4141315999999997,5.183447,1566947929133
21054,226,Gyroscope,-0.0061086523,-0.076358154,-0.040927973,1566947929142
21055,226,Accelerometer,-7.400477400000001,-3.3135752999999997,5.246893,1566947929143
21056,226,Gyroscope,0.012217305,-0.06658431,-0.032986722999999996,1566947929152
21057,226,Accelerometer,-7.135917999999999,-3.2549171,5.3211129999999995,1566947929153
21058,226,Gyroscope,0.032375857,-0.047647487,-0.03481932,1566947929162
21059,226,Accelerometer,-7.0521210000000005,-3.2106244999999998,5.323507299999999,1566947929163
21060,226,Gyroscope,0.045814894,-0.050701816,-0.03970624,1566947929172
21061,226,Accelerometer,-7.111975999999999,-3.064578,5.3618144999999995,1566947929173
21062,226,Gyroscope,0.05497787,-0.044593163,-0.039095376,1566947929182
21063,226,Accelerometer,-7.201759,-2.8921957000000003,5.410896,1566947929183
21064,226,Gyroscope,0.06841691,-0.03726278,-0.040927973,1566947929192
21065,226,Accelerometer,-7.392098,-2.871845,5.5162406,1566947929193
21066,226,Gyroscope,0.076358154,-0.031154128,-0.047647487,1566947929202
21067,226,Accelerometer,-7.574057000000001,-2.9712042999999997,5.5030727,1566947929203
21068,226,Gyroscope,0.06841691,-0.040927973,-0.04276056599999999,1566947929212
21069,226,Accelerometer,-7.8146744,-3.0992942,5.444414599999999,1566947929213
21070,226,Gyroscope,0.05131268,-0.04337143,-0.017715093,1566947929222
21071,226,Accelerometer,-7.9307933,-3.1028854999999997,5.4312468,1566947929223
21072,226,Gyroscope,0.03604105,-0.0580322,0.007941248,1566947929232
21073,226,Accelerometer,-7.7440453,-3.0478187,5.4803276,1566947929233
21074,226,Gyroscope,0.028099801,-0.0842994,0.019547688,1566947929242
21075,226,Accelerometer,-7.638700500000001,-3.0142999,5.623979599999999,1566947929243
21076,226,Gyroscope,0.018325957,-0.10567969,0.02687807,1566947929252
21077,226,Accelerometer,-7.5333557,-2.9209259999999997,5.6922144999999995,1566947929253
21078,226,Gyroscope,-0.0030543262,-0.10629055,0.036651913,1566947929262
21079,226,Accelerometer,-7.3322425,-2.6599581000000003,5.7005944,1566947929263
21080,226,Gyroscope,-0.027488936000000002,-0.086132,0.026267206,1566947929272
21081,226,Accelerometer,-7.0102224,-2.4265234,5.877765,1566947929273
21082,226,Gyroscope,-0.030543262,-0.07696902,0.004886922,1566947929282
21083,226,Accelerometer,-7.016208,-2.3678656000000005,6.0585275,1566947929283
21084,226,Gyroscope,-0.03481932,-0.045814894,-0.013439035,1566947929292
21085,226,Accelerometer,-7.0102224,-2.3535004,6.232107,1566947929293
21086,226,Gyroscope,-0.047036625,0.0067195175,-0.018325957,1566947929302
21087,226,Accelerometer,-6.879739,-2.4073699,6.295553,1566947929303
21088,226,Gyroscope,-0.05009095,0.03970624,-0.028710667000000002,1566947929312
21089,226,Accelerometer,-6.889315600000001,-2.6910827,6.378153299999999,1566947929313
21090,226,Gyroscope,-0.050701816,0.06047566,-0.023823743999999997,1566947929322
21091,226,Accelerometer,-7.186196300000001,-2.9963433999999998,6.314707,1566947929323
21092,226,Gyroscope,-0.070249505,0.09162979,0.0036651915999999997,1566947929332
21093,226,Accelerometer,-7.323863,-2.9436709999999997,6.089652,1566947929333
21094,226,Gyroscope,-0.095294975,0.12156218,0.03481932,1566947929342
21095,226,Accelerometer,-7.1466923,-2.8335377999999998,5.8693852,1566947929343
21096,226,Gyroscope,-0.09712757,0.10262536,0.050701816,1566947929352
21097,226,Accelerometer,-7.071274799999999,-2.9616275,5.7616463,1566947929353
21098,226,Gyroscope,-0.07941248,0.070249505,0.056199603,1566947929362
21099,226,Accelerometer,-6.9455789999999995,-3.110068,5.765238,1566947929363
21100,226,Gyroscope,-0.07269296,0.045814894,0.06291912,1566947929372
21101,226,Accelerometer,-6.915652000000001,-3.1124623,5.717354,1566947929373
21102,226,Gyroscope,-0.07696902,0.04337143,0.06047566,1566947929382
21103,226,Accelerometer,-6.9671270000000005,-2.966416,5.6670755999999995,1566947929383
21104,226,Gyroscope,-0.08857546,0.059253927000000005,0.051923547,1566947929392
21105,226,Accelerometer,-7.025785000000001,-2.9424740000000003,5.66109,1566947929393
21106,226,Gyroscope,-0.10262536,0.07513642,0.03970624,1566947929402
21107,226,Accelerometer,-7.240066000000001,-2.966416,5.671864,1566947929403
21108,226,Gyroscope,-0.11056661,0.10018189999999999,0.03359759,1566947929413
21109,226,Accelerometer,-7.2221093,-2.9819782000000004,5.553351,1566947929413
21110,226,Gyroscope,-0.12034045,0.12644911,0.039095376,1566947929422
21111,226,Accelerometer,-7.346607700000001,-3.1148564999999997,5.4695540000000005,1566947929423
21112,226,Gyroscope,-0.12156218,0.116675265,0.036651913,1566947929432
21113,226,Accelerometer,-7.417236999999999,-3.1399956,5.425261,1566947929433
21114,226,Gyroscope,-0.11545353400000001,0.092240654,0.032986722999999996,1566947929442
21115,226,Accelerometer,-7.265205,-3.1998506,5.3821654,1566947929443
21116,226,Gyroscope,-0.11301007,0.099571034,0.040927973,1566947929452
21117,226,Accelerometer,-7.329848299999999,-3.3614593,5.437232,1566947929453
21118,226,Gyroscope,-0.09468412,0.07696902,0.04642576,1566947929462
21119,226,Accelerometer,-7.615956,-3.503914,5.4647654999999995,1566947929463
21120,226,Gyroscope,-0.09101892,0.045814894,0.07452556,1566947929472
21121,226,Accelerometer,-7.776367,-3.2142158,5.445612000000001,1566947929473
21122,226,Gyroscope,-0.10018189999999999,0.026267206,0.111177474,1566947929482
21123,226,Accelerometer,-7.571663,-2.9233203,5.535394,1566947929483
21124,226,Gyroscope,-0.099571034,0.004886922,0.14477506,1566947929492
21125,226,Accelerometer,-7.3442134999999995,-2.847903,5.6347537,1566947929493
21126,226,Gyroscope,-0.08735373,0.0036651915999999997,0.17592919,1566947929502
21127,226,Accelerometer,-7.2939353,-2.7126305,5.791574,1566947929503
21128,226,Gyroscope,-0.0720821,0.022602014,0.19853121,1566947929512
21129,226,Accelerometer,-7.3334399999999995,-2.5821466,5.8478374,1566947929513
21130,226,Gyroscope,-0.064751714,0.045814894,0.21258110000000002,1566947929522
21131,226,Accelerometer,-7.431602000000001,-2.3870192,5.816713,1566947929523
21132,226,Gyroscope,-0.069027774,0.08307768,0.22052236,1566947929532
21133,226,Accelerometer,-7.511808,-2.1296425,5.8059389999999995,1566947929533
21134,226,Gyroscope,-0.07391469,0.1160644,0.20586158,1566947929542
21135,226,Accelerometer,-7.60997,-1.9800048,5.7784057,1566947929543
21136,226,Gyroscope,-0.06841691,0.12522738,0.16982053,1566947929552
21137,226,Accelerometer,-7.61835,-1.8926164,5.738901599999999,1566947929553
21138,226,Gyroscope,-0.07513642,0.12889257,0.12217305,1566947929562
21139,226,Accelerometer,-7.771578999999999,-1.9093759,5.6323595,1566947929563
21140,226,Gyroscope,-0.09773844,0.12705997,0.08002335,1566947929572
21141,226,Accelerometer,-7.908048,-1.9297266,5.602432,1566947929573
21142,226,Gyroscope,-0.112399206,0.111177474,0.047036625,1566947929583
21143,226,Accelerometer,-7.8673470000000005,-2.0374656000000004,5.677849299999999,1566947929583
21144,226,Gyroscope,-0.1142318,0.095294975,0.031154128,1566947929592
21145,226,Accelerometer,-7.917625,-2.1392192999999997,5.685032,1566947929593
21146,226,Gyroscope,-0.10934488,0.09285152,0.02321288,1566947929602
21147,226,Accelerometer,-7.8218570000000005,-2.2397757,5.57849,1566947929603
21148,226,Gyroscope,-0.10873401,0.0983493,0.02565634,1566947929612
21149,226,Accelerometer,-7.753622,-2.4911668,5.487509999999999,1566947929613
21150,226,Gyroscope,-0.10995574,0.09101892,0.03481932,1566947929622
21151,226,Accelerometer,-7.912836599999999,-2.5797524,5.3378725,1566947929623
21152,226,Gyroscope,-0.124005646,0.084910266,0.050701816,1566947929632
21153,226,Accelerometer,-7.7248917,-2.4624363999999996,5.2756233,1566947929633
21154,226,Gyroscope,-0.12522738,0.08552113,0.058643065,1566947929642
21155,226,Accelerometer,-7.6889787,-2.6156653999999997,5.2983685,1566947929643
21156,226,Gyroscope,-0.10018189999999999,0.06719518,0.056199603,1566947929652
21157,226,Accelerometer,-7.820659599999999,-2.7688942,5.209783,1566947929653
21158,226,Gyroscope,-0.08246681,0.03848451,0.053145275,1566947929662
21159,226,Accelerometer,-7.6410947,-2.6970682,5.0960584,1566947929663
21160,226,Gyroscope,-0.05681047,-0.015271631,0.04276056599999999,1566947929672
21161,226,Accelerometer,-7.684190299999999,-2.6479871,5.066130599999999,1566947929673
21162,226,Gyroscope,-0.040927973,-0.054367005999999996,0.03359759,1566947929683
21163,226,Accelerometer,-7.6734165999999995,-2.5067291000000003,5.0302176,1566947929683
21164,226,Gyroscope,-0.027488936000000002,-0.08002335,0.018936822,1566947929692
21165,226,Accelerometer,-7.483077499999999,-2.4049757,5.118803,1566947929693
21166,226,Gyroscope,-0.0018325957999999999,-0.09896017,-0.004886922,1566947929702
21167,226,Accelerometer,-7.4723034,-2.3750482,5.3127337,1566947929703
21168,226,Gyroscope,0.025045475,-0.10934488,-0.021991148999999998,1566947929712
21169,226,Accelerometer,-7.546523599999999,-2.4121582999999998,5.5162406,1566947929713
21170,226,Gyroscope,0.03970624,-0.1160644,-0.047036625,1566947929722
21171,226,Accelerometer,-7.6865845,-2.4791958,5.608417500000001,1566947929723
21172,226,Gyroscope,0.045814894,-0.13316862,-0.06597344599999999,1566947929732
21173,226,Accelerometer,-8.074444999999999,-2.5031377999999997,5.4803276,1566947929733
21174,226,Gyroscope,0.031154128,-0.12217305,-0.0720821,1566947929742
21175,226,Accelerometer,-7.9990277,-2.4468741,5.2852,1566947929743
21176,226,Gyroscope,0.027488936000000002,-0.13316862,-0.07513642,1566947929752
21177,226,Accelerometer,-7.7931266,-2.4552537999999995,5.306748000000001,1566947929753
21178,226,Gyroscope,0.04886922,-0.14477506,-0.08002335,1566947929762
21179,226,Accelerometer,-7.577648,-2.5701754,5.5605335,1566947929763
21180,226,Gyroscope,0.06841691,-0.14599679999999998,-0.070249505,1566947929772
21181,226,Accelerometer,-7.485471700000001,-2.7006595,5.6946087,1566947929773
21182,226,Gyroscope,0.077579886,-0.1423316,-0.056199603,1566947929782
21183,226,Accelerometer,-7.5106106,-2.6144682999999995,5.8215012999999995,1566947929783
21184,226,Gyroscope,0.061086524,-0.10934488,-0.045814894,1566947929792
21185,226,Accelerometer,-7.407660000000001,-2.4265234,5.8598084,1566947929793
21186,226,Gyroscope,0.0421497,-0.08979719,-0.045814894,1566947929802
21187,226,Accelerometer,-7.337031,-2.3104044999999998,5.9005103,1566947929803
21188,226,Gyroscope,0.030543262,-0.0720821,-0.05375614,1566947929812
21189,226,Accelerometer,-7.467515,-2.3427265,6.027403,1566947929813
21190,226,Gyroscope,0.01282817,-0.057421334000000004,-0.053145275,1566947929822
21191,226,Accelerometer,-7.6650367,-2.349909,6.0968347000000005,1566947929823
21192,226,Gyroscope,-0.014660766,-0.04520403,-0.043982297000000004,1566947929832
21193,226,Accelerometer,-7.7428484,-2.2301989,6.081272,1566947929833
21194,226,Gyroscope,-0.032986722999999996,-0.022602014,-0.03176499,1566947929842
21195,226,Accelerometer,-7.529764,-2.2732944,6.144718599999999,1566947929843
21196,226,Gyroscope,-0.032986722999999996,-0.022602014,-0.019547688,1566947929852
21197,226,Accelerometer,-7.419631,-2.5139117000000004,6.363788,1566947929853
21198,226,Gyroscope,-0.03359759,0.030543262,-0.0012217305,1566947929862
21199,226,Accelerometer,-7.325060000000001,-2.5258827,6.357802400000001,1566947929863
21200,226,Gyroscope,-0.04886922,0.07147124,0.02076942,1566947929872
21201,226,Accelerometer,-7.335833999999999,-2.5486276,6.2273190000000005,1566947929873
21202,226,Gyroscope,-0.07086037,0.11056661,0.03176499,1566947929882
21203,226,Accelerometer,-7.428011,-2.4995465,6.0453589999999995,1566947929882
21204,226,Gyroscope,-0.089186326,0.14660765,0.040317107000000005,1566947929893
21205,226,Accelerometer,-7.2975270000000005,-2.4025814999999997,5.8274870000000005,1566947929893
21206,226,Gyroscope,-0.12339478,0.17531833,0.059864793,1566947929902
21207,226,Accelerometer,-7.261614,-2.3463178,5.6586957,1566947929903
21208,226,Gyroscope,-0.12522738,0.18081611,0.0580322,1566947929912
21209,226,Accelerometer,-7.121553,-2.3175871,5.4863133,1566947929913
21210,226,Gyroscope,-0.11728613,0.19120082,0.05681047,1566947929923
21211,226,Accelerometer,-7.056909599999999,-2.4277205000000004,5.4396260000000005,1566947929923
21212,226,Gyroscope,-0.08124508,0.17470746,0.05375614,1566947929932
21213,226,Accelerometer,-7.298723700000001,-2.5342624,5.4934959999999995,1566947929933
21214,226,Gyroscope,-0.040927973,0.14905111,0.052534412999999995,1566947929942
21215,226,Accelerometer,-7.4268136,-2.5234885,5.4659624,1566947929943
21216,226,Gyroscope,-0.025045475,0.1441642,0.05681047,1566947929953
21217,226,Accelerometer,-7.4866686,-2.4744074,5.3737855,1566947929953
21218,226,Gyroscope,-0.012217305,0.12767084,0.050701816,1566947929962
21219,226,Accelerometer,-7.636306299999999,-2.5713725,5.334281400000001,1566947929963
21220,226,Gyroscope,-0.009773844,0.103847094,0.04520403,1566947929972
21221,226,Accelerometer,-7.7943234,-2.6970682,5.257667,1566947929973
21222,226,Gyroscope,-0.009773844,0.08246681,0.05009095,1566947929982
21223,226,Accelerometer,-7.803900200000001,-2.7449522,5.2241483,1566947929983
21224,226,Gyroscope,-0.0067195175,0.053145275,0.049480084,1566947929992
21225,226,Accelerometer,-7.716512,-2.814384,5.305551,1566947929993
21226,226,Gyroscope,0.007941248,0.029321532999999997,0.047036625,1566947930002
21227,226,Accelerometer,-7.6865845,-2.8874072999999996,5.4049106,1566947930003
21228,226,Gyroscope,0.029321532999999997,0.007941248,0.04886922,1566947930013
21229,226,Accelerometer,-7.6794020000000005,-2.7617116000000004,5.471948,1566947930013
21230,226,Gyroscope,0.045814894,-0.014049901000000002,0.050701816,1566947930022
21231,226,Accelerometer,-7.575253999999999,-2.5330652999999996,5.5258174,1566947930023
21232,226,Gyroscope,0.056199603,-0.021991148999999998,0.040927973,1566947930032
21233,226,Accelerometer,-7.4914570000000005,-2.4121582999999998,5.6108117,1566947930033
21234,226,Gyroscope,0.059253927000000005,-0.025045475,0.021991148999999998,1566947930042
21235,226,Accelerometer,-7.499836999999999,-2.4145525,5.726930599999999,1566947930043
21236,226,Gyroscope,0.057421334000000004,-0.02443461,0.0067195175,1566947930052
21237,226,Accelerometer,-7.5189905,-2.3606830000000003,5.771223,1566947930053
21238,226,Gyroscope,0.040317107000000005,-0.015271631,-0.0036651915999999997,1566947930062
21239,226,Accelerometer,-7.4806833,-2.3056161,5.8394580000000005,1566947930063
21240,226,Gyroscope,0.01282817,0.004276057,-0.014660766,1566947930073
21241,226,Accelerometer,-7.45315,-2.4037786,5.8322754,1566947930073
21242,226,Gyroscope,-0.0012217305,0.018936822,-0.02565634,1566947930082
21243,226,Accelerometer,-7.577648,-2.60968,5.7939680000000005,1566947930083
21244,226,Gyroscope,-0.01160644,0.028710667000000002,-0.023823743999999997,1566947930092
21245,226,Accelerometer,-7.589619,-2.6755204,5.756858,1566947930093
21246,226,Gyroscope,-0.020158553,0.040317107000000005,-0.016493361,1566947930102
21247,226,Accelerometer,-7.4914570000000005,-2.657564,5.732916,1566947930103
21248,226,Gyroscope,-0.025045475,0.048258353,-0.009162978,1566947930112
21249,226,Accelerometer,-7.396886299999999,-2.6168625,5.7377043,1566947930114
21250,226,Gyroscope,-0.03481932,0.062308256,-0.009773844,1566947930123
21251,226,Accelerometer,-7.2699933,-2.6192567,5.7496753,1566947930123
21252,226,Gyroscope,-0.044593163,0.053145275,-0.01282817,1566947930132
21253,226,Accelerometer,-7.298723700000001,-2.6563668,5.7664347000000005,1566947930133
21254,226,Gyroscope,-0.051923547,0.056199603,-0.010995574,1566947930142
21255,226,Accelerometer,-7.357382,-2.6839,5.765238,1566947930143
21256,226,Gyroscope,-0.062308256,0.069027774,-0.010995574,1566947930153
21257,226,Accelerometer,-7.303512,-2.5953147,5.711368,1566947930153
21258,226,Gyroscope,-0.06780604,0.073303826,-0.017715093,1566947930162
21259,226,Accelerometer,-7.2927384,-2.6264392999999995,5.7520695,1566947930163
21260,226,Gyroscope,-0.06536258,0.07696902,-0.01160644,1566947930172
21261,226,Accelerometer,-7.390900599999999,-2.789245,5.718550700000001,1566947930173
21262,226,Gyroscope,-0.06291912,0.07269296,-0.010995574,1566947930182
21263,226,Accelerometer,-7.2939353,-2.8658595,5.6790465999999995,1566947930183
21264,226,Gyroscope,-0.048258353,0.054367005999999996,-0.0036651915999999997,1566947930192
21265,226,Accelerometer,-7.4351935,-3.1651347000000003,5.756858,1566947930193
21266,226,Gyroscope,-0.049480084,0.0421497,0.007330383,1566947930202
21267,226,Accelerometer,-7.6650367,-3.0849290000000003,5.635950599999999,1566947930203
21268,226,Gyroscope,-0.06291912,0.0421497,0.01160644,1566947930212
21269,226,Accelerometer,-7.394492,-3.1208419999999997,5.633556400000001,1566947930213
21270,226,Gyroscope,-0.0580322,0.028099801,0.020158553,1566947930223
21271,226,Accelerometer,-7.359775999999999,-3.1806970000000003,5.6586957,1566947930223
21272,226,Gyroscope,-0.058643065,0.02687807,0.029321532999999997,1566947930232
21273,226,Accelerometer,-7.3274539999999995,-3.1759086,5.529408999999999,1566947930233
21274,226,Gyroscope,-0.06536258,0.028710667000000002,0.03726278,1566947930242
21275,226,Accelerometer,-7.152677499999999,-3.0478187,5.4623713,1566947930243
21276,226,Gyroscope,-0.056199603,0.030543262,0.034208454,1566947930253
21277,226,Accelerometer,-6.9252286,-2.9975405,5.6096144,1566947930253
21278,226,Gyroscope,-0.04642576,0.023823743999999997,0.028710667000000002,1566947930262
21279,226,Accelerometer,-6.981492,-3.0154970000000003,5.7065797,1566947930263
21280,226,Gyroscope,-0.045814894,0.025045475,0.025045475,1566947930272
21281,226,Accelerometer,-7.0449386,-2.9388826,5.753267,1566947930273
21282,226,Gyroscope,-0.051923547,0.04337143,0.020158553,1566947930283
21283,226,Accelerometer,-6.9970546,-2.9951463,5.807136,1566947930283
21284,226,Gyroscope,-0.056199603,0.05131268,0.015882496,1566947930292
21285,226,Accelerometer,-7.156269,-3.1411927000000004,5.7879825,1566947930293
21286,226,Gyroscope,-0.064751714,0.04886922,0.016493361,1566947930302
21287,226,Accelerometer,-7.328651400000001,-3.25372,5.73531,1566947930303
21288,226,Gyroscope,-0.07147124,0.02076942,0.015271631,1566947930312
21289,226,Accelerometer,-7.4603324,-3.2333694,5.677849299999999,1566947930313
21290,226,Gyroscope,-0.08063421400000001,0.0018325957999999999,0.02565634,1566947930322
21291,226,Accelerometer,-7.394492,-2.944868,5.746084,1566947930323
21292,226,Gyroscope,-0.09285152,0.0018325957999999999,0.0421497,1566947930332
21293,226,Accelerometer,-7.3442134999999995,-2.9771897999999997,5.932832,1566947930333
21294,226,Gyroscope,-0.089186326,-0.015271631,0.047036625,1566947930342
21295,226,Accelerometer,-7.4699089999999995,-2.8898015,6.009446,1566947930343
21296,226,Gyroscope,-0.0842994,-0.03970624,0.08063421400000001,1566947930353
21297,226,Accelerometer,-7.4124484,-2.6180596,5.960365299999999,1566947930353
21298,226,Gyroscope,-0.12278391400000001,-0.026267206,0.105068825,1566947930362
21299,226,Accelerometer,-7.2723875,-2.4408886,5.9687448,1566947930363
21300,226,Gyroscope,-0.13988814,0.02565634,0.12156218,1566947930372
21301,226,Accelerometer,-7.001842999999999,-2.4313118,6.0621184999999995,1566947930373
21302,226,Gyroscope,-0.15271631,0.09773844,0.14660765,1566947930382
21303,226,Accelerometer,-7.0724716,-2.4085669999999997,5.996278299999999,1566947930383
21304,226,Gyroscope,-0.16554448,0.16126843,0.172264,1566947930392
21305,226,Accelerometer,-7.1227503,-2.4193408,5.960365299999999,1566947930393
21306,226,Gyroscope,-0.16249016,0.19303341,0.18570304,1566947930403
21307,226,Accelerometer,-7.4351935,-2.4073699,5.8634,1566947930403
21308,226,Gyroscope,-0.14905111,0.21013765,0.19364429,1566947930412
21309,226,Accelerometer,-7.6626425000000005,-2.2828712,5.6802435,1566947930413
21310,226,Gyroscope,-0.14294247,0.2321288,0.20036379999999998,1566947930422
21311,226,Accelerometer,-7.8050976,-2.0769699,5.483919,1566947930423
21312,226,Gyroscope,-0.13622294,0.22724187,0.19120082,1566947930433
21313,226,Accelerometer,-7.949947,-1.9213468999999996,5.317522,1566947930433
21314,226,Gyroscope,-0.13622294,0.21991149,0.15699236,1566947930442
21315,226,Accelerometer,-8.118738,-1.8231846,5.1666875,1566947930443
21316,226,Gyroscope,-0.13622294,0.19486602,0.11178834,1566947930452
21317,226,Accelerometer,-8.228871,-1.7764976000000003,5.0613421999999995,1566947930453
21318,226,Gyroscope,-0.12889257,0.14844026,0.055588737,1566947930463
21319,226,Accelerometer,-8.301894,-1.8758569999999999,5.129576999999999,1566947930463
21320,226,Gyroscope,-0.12583824,0.10262536,0.009162978,1566947930472
21321,226,Accelerometer,-8.443152,-2.0003555,5.151125,1566947930473
21322,226,Gyroscope,-0.12767084,0.06352998,-0.010995574,1566947930482
21323,226,Accelerometer,-8.429984,-2.0446482,5.1235914000000005,1566947930483
21324,226,Gyroscope,-0.13988814,0.051923547,-0.020158553,1566947930492
21325,226,Accelerometer,-8.270769999999999,-2.1619642000000003,5.100847,1566947930493
21326,226,Gyroscope,-0.14172074,0.052534412999999995,-0.016493361,1566947930502
21327,226,Accelerometer,-8.183380999999999,-2.3415293999999998,5.078101599999999,1566947930503
21328,226,Gyroscope,-0.13072516,0.05131268,-0.0012217305,1566947930512
21329,226,Accelerometer,-8.11395,-2.4552537999999995,5.149928,1566947930513
21330,226,Gyroscope,-0.106901415,0.03848451,0.02076942,1566947930523
21331,226,Accelerometer,-8.100781,-2.4863784,5.258864,1566947930523
21332,226,Gyroscope,-0.077579886,0.02076942,0.03604105,1566947930533
21333,226,Accelerometer,-8.066066000000001,-2.4229321,5.303157,1566947930533
21334,226,Gyroscope,-0.06047566,0.01038471,0.049480084,1566947930542
21335,226,Accelerometer,-7.931989999999999,-2.2744915,5.2995653,1566947930543
21336,226,Gyroscope,-0.055588737,0.00061086525,0.05681047,1566947930552
21337,226,Accelerometer,-7.8218570000000005,-2.0434509999999997,5.255273000000001,1566947930553
21338,226,Gyroscope,-0.050701816,-0.014660766,0.06047566,1566947930563
21339,226,Accelerometer,-7.6003933,-1.9536686,5.2325277,1566947930563
21340,226,Gyroscope,-0.037873644,-0.023823743999999997,0.059253927000000005,1566947930572
21341,226,Accelerometer,-7.6231384,-1.8830396,5.234922,1566947930573
21342,226,Gyroscope,-0.017715093,-0.051923547,0.055588737,1566947930582
21343,226,Accelerometer,-7.6650367,-1.7633294999999998,5.3079453,1566947930583
21344,226,Gyroscope,-0.00061086525,-0.084910266,0.03359759,1566947930592
21345,226,Accelerometer,-7.6255326,-1.685518,5.408501599999999,1566947930593
21346,226,Gyroscope,0.01160644,-0.11728613,0.005497787,1566947930603
21347,226,Accelerometer,-7.738060000000001,-1.7154455000000002,5.543774,1566947930603
21348,226,Gyroscope,0.008552114,-0.13500121,-0.015882496,1566947930612
21349,226,Accelerometer,-7.855376,-1.6448165000000001,5.5377884,1566947930613
21350,226,Gyroscope,-0.005497787,-0.12278391400000001,-0.03359759,1566947930622
21351,226,Accelerometer,-7.597999000000001,-1.5957354,5.5258174,1566947930623
21352,226,Gyroscope,0.0012217305,-0.11484267,-0.06291912,1566947930632
21353,226,Accelerometer,-7.4016747,-1.7310078000000002,5.717354,1566947930633
21354,226,Gyroscope,0.02076942,-0.11362094,-0.096516706,1566947930642
21355,226,Accelerometer,-7.5345526,-1.9644424999999999,5.843049,1566947930643
21356,226,Gyroscope,0.018936822,-0.10873401,-0.116675265,1566947930652
21357,226,Accelerometer,-7.627927000000001,-2.0111293999999997,5.779603,1566947930653
21358,226,Gyroscope,0.004276057,-0.08979719,-0.11728613,1566947930662
21359,226,Accelerometer,-7.419631,-2.0362685000000003,5.664681400000001,1566947930663
21360,226,Gyroscope,0.0036651915999999997,-0.08368854,-0.1282817,1566947930672
21361,226,Accelerometer,-7.237672,-2.146402,5.6826377,1566947930673
21362,226,Gyroscope,0.017104227,-0.09712757,-0.13988814,1566947930682
21363,226,Accelerometer,-7.2149267,-2.420538,5.762843599999999,1566947930683
21364,226,Gyroscope,0.019547688,-0.09590584,-0.13439035,1566947930692
21365,226,Accelerometer,-7.28795,-2.5438392000000003,5.7161565,1566947930693
21366,226,Gyroscope,0.004886922,-0.07147124,-0.12034045,1566947930702
21367,226,Accelerometer,-7.217321000000001,-2.657564,5.614403,1566947930703
21368,226,Gyroscope,-0.0030543262,-0.06414085,-0.105068825,1566947930712
21369,226,Accelerometer,-7.322665700000001,-2.7102362999999996,5.5820813,1566947930713
21370,226,Gyroscope,0.007941248,-0.0842994,-0.09468412,1566947930722
21371,226,Accelerometer,-7.424419400000001,-2.7665,5.6886234,1566947930723
21372,226,Gyroscope,0.02076942,-0.12156218,-0.07452556,1566947930732
21373,226,Accelerometer,-7.5944076,-2.707842,5.872977,1566947930733
21374,226,Gyroscope,0.02687807,-0.15393804,-0.053145275,1566947930742
21375,226,Accelerometer,-7.571663,-2.5067291000000003,6.0824695,1566947930743
21376,226,Gyroscope,0.017715093,-0.16676621,-0.03604105,1566947930752
21377,226,Accelerometer,-7.5549035,-2.4037786,6.333860400000001,1566947930753
21378,226,Gyroscope,-0.004276057,-0.15088372,-0.02076942,1566947930762
21379,226,Accelerometer,-7.548918,-2.2637177000000004,6.537368,1566947930763
21380,226,Gyroscope,-0.04276056599999999,-0.08368854,0.004276057,1566947930772
21381,226,Accelerometer,-7.396886299999999,-2.1392192999999997,6.612785000000001,1566947930773
21382,226,Gyroscope,-0.096516706,0.018325957,0.032986722999999996,1566947930783
21383,226,Accelerometer,-7.260416499999999,-2.2517467,6.5301849999999995,1566947930783
21384,226,Gyroscope,-0.13927728,0.11484267,0.061086524,1566947930792
21385,226,Accelerometer,-7.250839699999999,-2.3068132,6.339846,1566947930793
21386,226,Gyroscope,-0.17165314,0.1881465,0.084910266,1566947930802
21387,226,Accelerometer,-7.229292,-2.2697031,6.0956373,1566947930803
21388,226,Gyroscope,-0.1881465,0.25228736,0.09590584,1566947930812
21389,226,Accelerometer,-7.2580222999999995,-2.2732944,5.7963624000000005,1566947930813
21390,226,Gyroscope,-0.19120082,0.29749137,0.07696902,1566947930823
21391,226,Accelerometer,-7.2915410000000005,-2.232593,5.5377884,1566947930823
21392,226,Gyroscope,-0.17531833,0.28710666,0.059253927000000005,1566947930832
21393,226,Accelerometer,-7.410054,-2.2098482,5.335478299999999,1566947930833
21394,226,Gyroscope,-0.15515977,0.26145032,0.03970624,1566947930842
21395,226,Accelerometer,-7.501034,-2.2050598,5.2277393,1566947930843
21396,226,Gyroscope,-0.12767084,0.22113322,0.021380282999999996,1566947930852
21397,226,Accelerometer,-7.667431,-2.421735,5.199008999999999,1566947930853
21398,226,Gyroscope,-0.10018189999999999,0.15821409,0.01282817,1566947930863
21399,226,Accelerometer,-7.898471400000001,-2.6048915,5.102043599999999,1566947930863
21400,226,Gyroscope,-0.07941248,0.096516706,0.020158553,1566947930872
21401,226,Accelerometer,-7.972691499999999,-2.7341783,5.027823400000001,1566947930873
21402,226,Gyroscope,-0.07513642,0.044593163,0.032986722999999996,1566947930882
21403,226,Accelerometer,-7.997831,-2.9173348,5.045780000000001,1566947930883
21404,226,Gyroscope,-0.062308256,-0.00061086525,0.049480084,1566947930892
21405,226,Accelerometer,-8.069656,-3.0550013,5.09127,1566947930893
21406,226,Gyroscope,-0.0580322,-0.03176499,0.06658431,1566947930903
21407,226,Accelerometer,-7.97748,-3.0119057000000002,5.0936639999999995,1566947930903
21408,226,Gyroscope,-0.05375614,-0.04520403,0.084910266,1566947930912
21409,226,Accelerometer,-7.717708999999999,-2.9041667,5.2421045,1566947930913
21410,226,Gyroscope,-0.040317107000000005,-0.061086524,0.08552113,1566947930922
21411,226,Accelerometer,-7.466317999999999,-2.8335377999999998,5.4360349999999995,1566947930923
21412,226,Gyroscope,-0.022602014,-0.06597344599999999,0.077579886,1566947930932
21413,226,Accelerometer,-7.381324,-2.681506,5.583278,1566947930933
21414,226,Gyroscope,-0.014660766,-0.054367005999999996,0.06597344599999999,1566947930942
21415,226,Accelerometer,-7.253234,-2.4768016,5.6670755999999995,1566947930943
21416,226,Gyroscope,-0.004886922,-0.047647487,0.04520403,1566947930952
21417,226,Accelerometer,-7.358579,-2.4552537999999995,5.762843599999999,1566947930953
21418,226,Gyroscope,-0.004276057,-0.026267206,0.021991148999999998,1566947930963
21419,226,Accelerometer,-7.516596300000001,-2.4301147000000003,5.6922144999999995,1566947930963
21420,226,Gyroscope,-0.017104227,0.0030543262,0.007330383,1566947930972
21421,226,Accelerometer,-7.539341,-2.5234885,5.653907299999999,1566947930973
21422,226,Gyroscope,-0.022602014,0.01160644,-0.014660766,1566947930982
21423,226,Accelerometer,-7.7907324000000004,-2.7724855,5.7089739999999995,1566947930983
21424,226,Gyroscope,-0.021991148999999998,0.01160644,-0.034208454,1566947930992
21425,226,Accelerometer,-7.9930425000000005,-2.8874072999999996,5.641936299999999,1566947930992
21426,226,Gyroscope,-0.03359759,-0.005497787,-0.028099801,1566947931002
21427,226,Accelerometer,-7.973889,-2.823961,5.652710400000001,1566947931003
21428,226,Gyroscope,-0.044593163,0.0030543262,-0.02076942,1566947931012
21429,226,Accelerometer,-7.8589673,-2.8107927000000004,5.731719,1566947931013
21430,226,Gyroscope,-0.061086524,0.010995574,-0.015271631,1566947931022
21431,226,Accelerometer,-7.708132300000001,-2.813187,5.7257333,1566947931023
21432,226,Gyroscope,-0.081855945,-0.00061086525,-0.01282817,1566947931032
21433,226,Accelerometer,-7.5333557,-2.8155810000000003,5.7281275,1566947931033
21434,226,Gyroscope,-0.103847094,0.0018325957999999999,-0.009773844,1566947931042
21435,226,Accelerometer,-7.413645699999999,-2.7425580000000003,5.675455,1566947931043
21436,226,Gyroscope,-0.13683382,0.007941248,-0.010995574,1566947931052
21437,226,Accelerometer,-7.3083005000000005,-2.7030537,5.635950599999999,1566947931053
21438,226,Gyroscope,-0.14477506,0.022602014,-0.013439035,1566947931062
21439,226,Accelerometer,-7.1646485,-2.7114333999999998,5.600037599999999,1566947931063
21440,226,Gyroscope,-0.14294247,0.030543262,-0.014049901000000002,1566947931073
21441,226,Accelerometer,-7.015011,-2.8215668,5.5940523,1566947931073
21442,226,Gyroscope,-0.12644911,0.02321288,-0.018936822,1566947931082
21443,226,Accelerometer,-6.9395940000000005,-2.9783869,5.614403,1566947931083
21444,226,Gyroscope,-0.1020145,0.012217305,-0.027488936000000002,1566947931092
21445,226,Accelerometer,-6.963536,-3.1483752999999997,5.7245364,1566947931093
21446,226,Gyroscope,-0.09101892,0.01282817,-0.025045475,1566947931102
21447,226,Accelerometer,-7.159860000000001,-3.2070332,5.717354,1566947931103
21448,226,Gyroscope,-0.09468412,0.02443461,-0.012217305,1566947931112
21449,226,Accelerometer,-7.1706343,-3.1603463,5.676652400000001,1566947931113
21450,226,Gyroscope,-0.103847094,0.03970624,0.00061086525,1566947931122
21451,226,Accelerometer,-7.053317999999999,-3.1555579,5.693412,1566947931123
21452,226,Gyroscope,-0.111177474,0.0421497,0.010995574,1566947931132
21453,226,Accelerometer,-7.0820484,-3.2920272000000006,5.619191000000001,1566947931133
21454,226,Gyroscope,-0.1160644,0.04276056599999999,0.021991148999999998,1566947931142
21455,226,Accelerometer,-7.04015,-3.4608185,5.5701103,1566947931143
21456,226,Gyroscope,-0.11301007,0.06658431,0.04520403,1566947931153
21457,226,Accelerometer,-6.9120603,-3.515885,5.5521536,1566947931153
21458,226,Gyroscope,-0.10812314599999999,0.09590584,0.06841691,1566947931162
21459,226,Accelerometer,-6.879739,-3.5673605999999998,5.5222263,1566947931163
21460,226,Gyroscope,-0.09896017,0.10079276599999999,0.08124508,1566947931172
21461,226,Accelerometer,-6.9348054,-3.6511576,5.471948,1566947931173
21462,226,Gyroscope,-0.086132,0.04276056599999999,0.08124508,1566947931182
21463,226,Accelerometer,-7.253234,-3.5098996,5.4264584000000005,1566947931183
21464,226,Gyroscope,-0.070249505,-0.022602014,0.09407325,1566947931192
21465,226,Accelerometer,-7.0832458,-3.276465,5.6299653,1566947931193
21466,226,Gyroscope,-0.059864793,-0.07391469,0.11056661,1566947931203
21467,226,Accelerometer,-7.0784574000000005,-2.8083985,5.829880999999999,1566947931203
21468,226,Gyroscope,-0.05131268,-0.09285152,0.12583824,1566947931212
21469,226,Accelerometer,-6.963536,-2.480393,6.030994000000001,1566947931213
21470,226,Gyroscope,-0.05681047,-0.06841691,0.15760323,1566947931222
21471,226,Accelerometer,-6.9096660000000005,-2.2110453,6.233304,1566947931223
21472,226,Gyroscope,-0.08796459400000001,-0.018325957,0.19181168,1566947931232
21473,226,Accelerometer,-7.0928226,-2.0398598000000003,6.196194,1566947931233
21474,226,Gyroscope,-0.11789699,0.02321288,0.21013765,1566947931243
21475,226,Accelerometer,-7.271190600000001,-1.6555905,6.293158999999999,1566947931243
21476,226,Gyroscope,-0.13072516,0.08063421400000001,0.22785273,1566947931252
21477,226,Accelerometer,-7.386112,-1.4820108,6.338649,1566947931253
21478,226,Gyroscope,-0.13439035,0.12767084,0.23273966,1566947931262
21479,226,Accelerometer,-7.6003933,-1.5729905,6.369773400000001,1566947931263
21480,226,Gyroscope,-0.12522738,0.16065755,0.21319197,1566947931272
21481,226,Accelerometer,-7.8517847000000005,-1.6795325,6.167464,1566947931273
21482,226,Gyroscope,-0.11728613,0.18753563,0.14538592,1566947931282
21483,226,Accelerometer,-8.212111,-1.7561468999999996,5.804742,1566947931283
21484,226,Gyroscope,-0.13500121,0.19914207,0.08674286,1566947931293
21485,226,Accelerometer,-8.408437,-1.745373,5.5497594,1566947931293
21486,226,Gyroscope,-0.15577064,0.19364429,0.03848451,1566947931302
21487,226,Accelerometer,-8.313866,-1.7681179,5.437232,1566947931303
21488,226,Gyroscope,-0.16249016,0.17043139999999998,-0.0067195175,1566947931312
21489,226,Accelerometer,-8.212111,-1.9033904,5.389348,1566947931313
21490,226,Gyroscope,-0.16676621,0.15027285,-0.043982297000000004,1566947931322
21491,226,Accelerometer,-8.167819,-2.1631612999999996,5.306748000000001,1566947931323
21492,226,Gyroscope,-0.17837265,0.13988814,-0.05009095,1566947931332
21493,226,Accelerometer,-8.060080000000001,-2.3391352000000003,5.2037973,1566947931333
21494,226,Gyroscope,-0.18509217,0.13439035,-0.037873644,1566947931342
21495,226,Accelerometer,-7.8853035,-2.4408886,5.1918263,1566947931343
21496,226,Gyroscope,-0.17715092,0.11301007,-0.014660766,1566947931353
21497,226,Accelerometer,-7.891288799999999,-2.5366566,5.2085857,1566947931353
21498,226,Gyroscope,-0.16126843,0.08674286,0.012217305,1566947931362
21499,226,Accelerometer,-7.931989999999999,-2.5689783,5.2157683,1566947931363
21500,226,Gyroscope,-0.14599679999999998,0.07086037,0.032375857,1566947931372
21501,226,Accelerometer,-7.966706299999999,-2.5378537,5.1786585,1566947931373
21502,226,Gyroscope,-0.13927728,0.059864793,0.048258353,1566947931382
21503,226,Accelerometer,-7.972691499999999,-2.4480712000000002,5.0158525,1566947931383
21504,226,Gyroscope,-0.14477506,0.047036625,0.06352998,1566947931392
21505,226,Accelerometer,-7.8326306,-2.336741,4.959589,1566947931393
21506,226,Gyroscope,-0.14110987,0.03176499,0.08002335,1566947931403
21507,226,Accelerometer,-7.803900200000001,-2.2170308,4.9344497,1566947931403
21508,226,Gyroscope,-0.124005646,0.0067195175,0.09101892,1566947931412
21509,226,Accelerometer,-7.666233999999999,-2.0913353,5.058948,1566947931413
21510,226,Gyroscope,-0.10140363,-0.01160644,0.0983493,1566947931422
21511,226,Accelerometer,-7.6626425000000005,-1.9572599,5.2385135,1566947931423
21512,226,Gyroscope,-0.06841691,-0.032375857,0.08735373,1566947931432
21513,226,Accelerometer,-7.7560163,-1.8794483,5.3785739999999995,1566947931433
21514,226,Gyroscope,-0.034208454,-0.06169739,0.06597344599999999,1566947931442
21515,226,Accelerometer,-7.9307933,-1.8351556,5.4288526,1566947931443
21516,226,Gyroscope,-0.018936822,-0.07513642,0.04337143,1566947931452
21517,226,Accelerometer,-7.9762830000000005,-1.7250223000000002,5.4527946,1566947931453
21518,226,Gyroscope,-0.02076942,-0.08552113,0.028099801,1566947931462
21519,226,Accelerometer,-7.959523700000001,-1.6711528000000002,5.422867,1566947931463
21520,226,Gyroscope,-0.026267206,-0.10323623,0.014049901000000002,1566947931472
21521,226,Accelerometer,-7.915230800000001,-1.6256628999999998,5.445612000000001,1566947931473
21522,226,Gyroscope,-0.021991148999999998,-0.111177474,0.014049901000000002,1566947931482
21523,226,Accelerometer,-7.7727756999999995,-1.6651672999999998,5.547365,1566947931484
21524,226,Gyroscope,-0.0067195175,-0.12522738,-0.01282817,1566947931493
21525,226,Accelerometer,-7.6889787,-1.7705121,5.616797,1566947931493
21526,226,Gyroscope,0.012217305,-0.15210545,-0.021380282999999996,1566947931502
21527,226,Accelerometer,-7.5788455,-1.8088194,5.653907299999999,1566947931503
21528,226,Gyroscope,0.01038471,-0.17287487,-0.044593163,1566947931512
21529,226,Accelerometer,-7.395689,-1.7393875,5.621585400000001,1566947931513
21530,226,Gyroscope,0.0012217305,-0.16187929,-0.06841691,1566947931522
21531,226,Accelerometer,-7.225700999999999,-1.7118542,5.767632,1566947931523
21532,226,Gyroscope,-0.004886922,-0.14599679999999998,-0.09407325,1566947931532
21533,226,Accelerometer,-7.2424603,-1.7501613999999999,5.898116,1566947931533
21534,226,Gyroscope,-0.0036651915999999997,-0.13133603,-0.118507855,1566947931543
21535,226,Accelerometer,-7.261614,-1.8471266,6.039374,1566947931543
21536,226,Gyroscope,0.004276057,-0.099571034,-0.1386664,1566947931552
21537,226,Accelerometer,-7.268796400000001,-1.9812019,6.0561333,1566947931553
21538,226,Gyroscope,0.012217305,-0.06658431,-0.16982053,1566947931562
21539,226,Accelerometer,-7.254431200000001,-2.219425,5.990292500000001,1566947931563
21540,226,Gyroscope,0.010995574,-0.059253927000000005,-0.1966986,1566947931572
21541,226,Accelerometer,-7.48188,-2.4049757,5.732916,1566947931573
21542,226,Gyroscope,-0.0067195175,-0.05681047,-0.21074851,1566947931582
21543,226,Accelerometer,-7.547721000000001,-2.4025814999999997,5.5737014,1566947931583
21544,226,Gyroscope,0.0061086523,-0.044593163,-0.22052236,1566947931592
21545,226,Accelerometer,-7.353790299999999,-2.5450362999999996,5.7867856,1566947931593
21546,226,Gyroscope,0.03176499,-0.0580322,-0.22174409,1566947931603
21547,226,Accelerometer,-7.72968,-2.6324248,5.9124813,1566947931603
21548,226,Gyroscope,0.017715093,-0.06780604,-0.2144137,1566947931612
21549,226,Accelerometer,-7.961917999999999,-2.4744074,5.961562000000001,1566947931613
21550,226,Gyroscope,-0.01160644,-0.07391469,-0.18570304,1566947931622
21551,226,Accelerometer,-8.137891999999999,-2.2948422,6.093243,1566947931623
21552,226,Gyroscope,-0.055588737,-0.092240654,-0.14905111,1566947931632
21553,226,Accelerometer,-8.263587,-2.1416135,6.143522,1566947931633
21554,226,Gyroscope,-0.12950343,-0.059864793,-0.111177474,1566947931642
21555,226,Accelerometer,-7.928399000000001,-2.1080947,6.203377,1566947931643
21556,226,Gyroscope,-0.19730948,-0.013439035,-0.059253927000000005,1566947931652
21557,226,Accelerometer,-7.754819400000001,-2.3654714,6.272808599999999,1566947931653
21558,226,Gyroscope,-0.24495697,0.050701816,-0.014049901000000002,1566947931662
21559,226,Accelerometer,-7.565677,-2.5941176,6.360196599999999,1566947931663
21560,226,Gyroscope,-0.27672195,0.12156218,0.0421497,1566947931672
21561,226,Accelerometer,-7.346607700000001,-2.7688942,6.30513,1566947931673
21562,226,Gyroscope,-0.29077184,0.19058995,0.09773844,1566947931682
21563,226,Accelerometer,-7.2628107,-2.7581203,6.114791,1566947931683
21564,226,Gyroscope,-0.27672195,0.24251351,0.124005646,1566947931692
21565,226,Accelerometer,-7.043741000000001,-2.645593,5.913678,1566947931693
21566,226,Gyroscope,-0.23579398,0.26633725,0.13011430000000002,1566947931702
21567,226,Accelerometer,-7.123947,-2.4073699,5.506664,1566947931704
21568,226,Gyroscope,-0.19792034,0.26083946,0.12217305,1566947931713
21569,226,Accelerometer,-7.1179619999999995,-2.3355439,5.2756233,1566947931713
21570,226,Gyroscope,-0.16676621,0.25717425,0.10812314599999999,1566947931722
21571,226,Accelerometer,-7.2364745,-2.4145525,5.104438,1566947931723
21572,226,Gyroscope,-0.13194689,0.23884831,0.08368854,1566947931732
21573,226,Accelerometer,-7.5106106,-2.5330652999999996,4.941632299999999,1566947931733
21574,226,Gyroscope,-0.09896017,0.16737708,0.07086037,1566947931742
21575,226,Accelerometer,-7.6219410000000005,-2.6898855999999998,4.7979803,1566947931743
21576,226,Gyroscope,-0.0842994,0.112399206,0.06719518,1566947931752
21577,226,Accelerometer,-7.824250999999999,-2.9113493,4.7022123,1566947931753
21578,226,Gyroscope,-0.069027774,0.03848451,0.069027774,1566947931763
21579,226,Accelerometer,-7.945158500000001,-3.0466216,4.663905000000001,1566947931763
21580,226,Gyroscope,-0.06291912,-0.02687807,0.06841691,1566947931772
21581,226,Accelerometer,-7.878121000000001,-3.1268275,4.84347,1566947931773
21582,226,Gyroscope,-0.04337143,-0.081855945,0.059864793,1566947931782
21583,226,Accelerometer,-7.779958199999999,-3.2609026,5.087678400000001,1566947931783
21584,226,Gyroscope,-0.014660766,-0.13805555,0.057421334000000004,1566947931792
21585,226,Accelerometer,-7.779958199999999,-3.2022447999999994,5.16549,1566947931793
21586,226,Gyroscope,-0.002443461,-0.17348573,0.059253927000000005,1566947931802
21587,226,Accelerometer,-7.589619,-2.8933928,5.294777,1566947931803
21588,226,Gyroscope,0.0018325957999999999,-0.18387043,0.062308256,1566947931812
21589,226,Accelerometer,-7.386112,-2.7018566,5.530606,1566947931813
21590,226,Gyroscope,0.014660766,-0.18020524,0.0580322,1566947931823
21591,226,Accelerometer,-7.249642999999999,-2.6120741,5.7400985,1566947931823
21592,226,Gyroscope,0.031154128,-0.17348573,0.05497787,1566947931833
21593,226,Accelerometer,-7.0724716,-2.5689783,5.9388175,1566947931833
21594,226,Gyroscope,0.0421497,-0.14844026,0.045814894,1566947931842
21595,226,Accelerometer,-6.9383965,-2.6491842,6.1542954000000005,1566947931843
21596,226,Gyroscope,0.045814894,-0.11789699,0.03359759,1566947931852
21597,226,Accelerometer,-7.047333,-2.837129,6.247669,1566947931853
21598,226,Gyroscope,0.028710667000000002,-0.08735373,0.028710667000000002,1566947931862
21599,226,Accelerometer,-7.250839699999999,-2.8502972,6.233304,1566947931863
21600,226,Gyroscope,-0.0061086523,-0.03970624,0.0421497,1566947931873
21601,226,Accelerometer,-7.261614,-2.767697,6.203377,1566947931873
21602,226,Gyroscope,-0.029321532999999997,0.004276057,0.059253927000000005,1566947931882
21603,226,Accelerometer,-7.192182000000001,-2.8107927000000004,6.208165,1566947931883
21604,226,Gyroscope,-0.03176499,0.035430185,0.069027774,1566947931892
21605,226,Accelerometer,-7.199364699999999,-2.9113493,6.2021794,1566947931893
21606,226,Gyroscope,-0.021380282999999996,0.04886922,0.07147124,1566947931902
21607,226,Accelerometer,-7.189788,-2.9041667,6.1926026,1566947931903
21608,226,Gyroscope,-0.014049901000000002,0.056199603,0.06658431,1566947931912
21609,226,Accelerometer,-7.3490020000000005,-2.7856536,6.06571,1566947931913
21610,226,Gyroscope,-0.02321288,0.06963864,0.06352998,1566947931922
21611,226,Accelerometer,-7.457938,-2.6060886,5.907693,1566947931923
21612,226,Gyroscope,-0.048258353,0.081855945,0.058643065,1566947931933
21613,226,Accelerometer,-7.499836999999999,-2.4037786,5.785588300000001,1566947931933
21614,226,Gyroscope,-0.069027774,0.07452556,0.05131268,1566947931943
21615,226,Accelerometer,-7.4735007,-2.336741,5.774814599999999,1566947931943
21616,226,Gyroscope,-0.08307768,0.06047566,0.040317107000000005,1566947931952
21617,226,Accelerometer,-7.3897038,-2.3116016,5.66947,1566947931953
21618,226,Gyroscope,-0.09712757,0.040317107000000005,0.023823743999999997,1566947931962
21619,226,Accelerometer,-7.278373200000001,-2.4061728,5.635950599999999,1566947931963
21620,226,Gyroscope,-0.10567969,0.018936822,0.004886922,1566947931972
21621,226,Accelerometer,-7.374141000000001,-2.5378537,5.683835,1566947931973
21622,226,Gyroscope,-0.10751228,0.007330383,-0.0018325957999999999,1566947931982
21623,226,Accelerometer,-7.550114999999999,-2.5773582000000004,5.7784057,1566947931983
21624,226,Gyroscope,-0.124005646,0.018936822,0.002443461,1566947931992
21625,226,Accelerometer,-7.493850999999999,-2.5210943,5.7544637000000005,1566947931993
21626,226,Gyroscope,-0.13439035,0.04886922,0.0036651915999999997,1566947932002
21627,226,Accelerometer,-7.3549875999999985,-2.6360161,5.795165,1566947932003
21628,226,Gyroscope,-0.14172074,0.064751714,0.009162978,1566947932012
21629,226,Accelerometer,-7.417236999999999,-2.802413,5.7999535,1566947932013
21630,226,Gyroscope,-0.15149458,0.06780604,0.020158553,1566947932022
21631,226,Accelerometer,-7.4806833,-2.8263552000000005,5.6682725,1566947932023
21632,226,Gyroscope,-0.15149458,0.076358154,0.027488936000000002,1566947932032
21633,226,Accelerometer,-7.4471645,-2.883816,5.687426,1566947932033
21634,226,Gyroscope,-0.14172074,0.081855945,0.030543262,1566947932042
21635,226,Accelerometer,-7.457938,-3.0142999,5.7089739999999995,1566947932043
21636,226,Gyroscope,-0.13255776,0.07513642,0.030543262,1566947932052
21637,226,Accelerometer,-7.601590600000001,-3.1124623,5.6467247,1566947932053
21638,226,Gyroscope,-0.12767084,0.07819075,0.036651913,1566947932062
21639,226,Accelerometer,-7.606379,-3.0083144,5.5509567,1566947932063
21640,226,Gyroscope,-0.124005646,0.08307768,0.03970624,1566947932073
21641,226,Accelerometer,-7.563283,-2.9496564999999997,5.487509999999999,1566947932073
21642,226,Gyroscope,-0.116675265,0.0720821,0.03970624,1566947932082
21643,226,Accelerometer,-7.501034,-2.9747956,5.408501599999999,1566947932083
21644,226,Gyroscope,-0.10018189999999999,0.049480084,0.03176499,1566947932092
21645,226,Accelerometer,-7.4232225000000005,-3.0681696,5.4396260000000005,1566947932093
21646,226,Gyroscope,-0.093462385,0.035430185,0.032986722999999996,1566947932102
21647,226,Accelerometer,-7.386112,-2.992752,5.3905449999999995,1566947932103
21648,226,Gyroscope,-0.09040806,0.02687807,0.028099801,1566947932112
21649,226,Accelerometer,-7.325060000000001,-2.9352913,5.3737855,1566947932113
21650,226,Gyroscope,-0.07941248,0.020158553,0.022602014,1566947932123
21651,226,Accelerometer,-7.2460512999999995,-3.0705638,5.488707499999999,1566947932123
21652,226,Gyroscope,-0.06719518,0.005497787,0.013439035,1566947932132
21653,226,Accelerometer,-7.309498,-3.1543607999999996,5.521029,1566947932133
21654,226,Gyroscope,-0.06291912,-0.0012217305,0.01038471,1566947932142
21655,226,Accelerometer,-7.311891999999999,-3.1675289,5.487509999999999,1566947932143
21656,226,Gyroscope,-0.0580322,0.002443461,0.0061086523,1566947932152
21657,226,Accelerometer,-7.168239999999999,-3.2980127,5.5222263,1566947932153
21658,226,Gyroscope,-0.04520403,0.004886922,-0.002443461,1566947932162
21659,226,Accelerometer,-7.2699933,-3.489549,5.5150437000000005,1566947932163
21660,226,Gyroscope,-0.03176499,-0.016493361,-0.005497787,1566947932172
21661,226,Accelerometer,-7.314286,-3.3123782,5.5102553,1566947932173
21662,226,Gyroscope,-0.030543262,-0.037873644,0.007330383,1566947932183
21663,226,Accelerometer,-7.2568254,-2.9975405,5.5341973,1566947932183
21664,226,Gyroscope,-0.032986722999999996,-0.069027774,0.026267206,1566947932192
21665,226,Accelerometer,-7.134721300000001,-2.8323407000000005,5.741296,1566947932193
21666,226,Gyroscope,-0.020158553,-0.12889257,0.048258353,1566947932202
21667,226,Accelerometer,-7.20535,-2.7569232000000006,5.967548000000001,1566947932203
21668,226,Gyroscope,-0.021991148999999998,-0.16493362,0.06719518,1566947932212
21669,226,Accelerometer,-7.353790299999999,-2.5677812,6.1363389999999995,1566947932213
21670,226,Gyroscope,-0.049480084,-0.17470746,0.09040806,1566947932222
21671,226,Accelerometer,-7.2245035,-2.3546975,6.293158999999999,1566947932223
21672,226,Gyroscope,-0.09285152,-0.12889257,0.12522738,1566947932233
21673,226,Accelerometer,-7.023391,-2.1380222,6.4823010000000005,1566947932233
21674,226,Gyroscope,-0.12889257,-0.027488936000000002,0.16065755,1566947932242
21675,226,Accelerometer,-6.8186865,-2.0685901999999996,6.6391215,1566947932243
21676,226,Gyroscope,-0.15149458,0.0842994,0.18875736,1566947932252
21677,226,Accelerometer,-6.7360864000000005,-2.0685901999999996,6.6367273,1566947932253
21678,226,Gyroscope,-0.15760323,0.18142697,0.21258110000000002,1566947932262
21679,226,Accelerometer,-6.822277499999999,-2.1751322999999996,6.5505357,1566947932263
21680,226,Gyroscope,-0.15454891,0.26022860000000003,0.21563543,1566947932272
21681,226,Accelerometer,-7.0952168,-2.2074540000000002,6.3099184,1566947932273
21682,226,Gyroscope,-0.14599679999999998,0.30421090000000006,0.20952678,1566947932283
21683,226,Accelerometer,-7.514202,-2.0422540000000002,5.9567738,1566947932283
21684,226,Gyroscope,-0.14355333,0.30421090000000006,0.20219639,1566947932292
21685,226,Accelerometer,-7.797915,-1.7872716,5.7161565,1566947932293
21686,226,Gyroscope,-0.14538592,0.28771752,0.18509217,1566947932302
21687,226,Accelerometer,-7.905653999999999,-1.6077063999999999,5.602432,1566947932303
21688,226,Gyroscope,-0.15149458,0.25534168,0.15027285,1566947932312
21689,226,Accelerometer,-7.9846625,-1.5634137,5.461174,1566947932313
21690,226,Gyroscope,-0.16126843,0.22540927,0.1142318,1566947932322
21691,226,Accelerometer,-7.966706299999999,-1.6687585999999999,5.3582234,1566947932323
21692,226,Gyroscope,-0.17409660000000002,0.18142697,0.0842994,1566947932332
21693,226,Accelerometer,-7.959523700000001,-1.8698715,5.2995653,1566947932333
21694,226,Gyroscope,-0.17959438,0.11484267,0.06536258,1566947932343
21695,226,Accelerometer,-7.9188222999999995,-2.0254946,5.3642087,1566947932343
21696,226,Gyroscope,-0.17898351,0.06414085,0.050701816,1566947932352
21697,226,Accelerometer,-7.860164,-2.0925324,5.412093,1566947932353
21698,226,Gyroscope,-0.17409660000000002,0.027488936000000002,0.04520403,1566947932362
21699,226,Accelerometer,-7.801506,-2.1859062000000002,5.433641000000001,1566947932363
21700,226,Gyroscope,-0.16737708,0.014049901000000002,0.044593163,1566947932372
21701,226,Accelerometer,-7.705738,-2.3319526,5.4420204000000005,1566947932373
21702,226,Gyroscope,-0.15027285,0.020158553,0.04642576,1566947932382
21703,226,Accelerometer,-7.6638399999999995,-2.5210943,5.437232,1566947932383
21704,226,Gyroscope,-0.124005646,0.02687807,0.062308256,1566947932392
21705,226,Accelerometer,-7.7560163,-2.598906,5.3905449999999995,1566947932393
21706,226,Gyroscope,-0.0983493,0.03176499,0.07941248,1566947932403
21707,226,Accelerometer,-7.831434,-2.5127146000000002,5.343858200000001,1566947932403
21708,226,Gyroscope,-0.07696902,0.039095376,0.09101892,1566947932412
21709,226,Accelerometer,-7.8302364,-2.4756044999999998,5.306748000000001,1566947932413
21710,226,Gyroscope,-0.055588737,0.03176499,0.09162979,1566947932422
21711,226,Accelerometer,-7.9762830000000005,-2.4875755,5.1822495,1566947932423
21712,226,Gyroscope,-0.040927973,0.018325957,0.086132,1566947932432
21713,226,Accelerometer,-8.021772,-2.4061728,5.038597599999999,1566947932433
21714,226,Gyroscope,-0.034208454,-0.00061086525,0.07086037,1566947932442
21715,226,Accelerometer,-7.985860000000001,-2.2948422,4.999093,1566947932443
21716,226,Gyroscope,-0.017715093,-0.030543262,0.04642576,1566947932453
21717,226,Accelerometer,-7.926005,-2.2984335,5.005079,1566947932453
21718,226,Gyroscope,0.00061086525,-0.08552113,0.019547688,1566947932462
21719,226,Accelerometer,-7.8888945999999995,-2.3211784,4.9763484,1566947932463
21720,226,Gyroscope,0.021991148999999998,-0.14599679999999998,-0.01160644,1566947932472
21721,226,Accelerometer,-7.846996300000001,-2.3247697,5.011064,1566947932473
21722,226,Gyroscope,0.03726278,-0.19486602,-0.051923547,1566947932482
21723,226,Accelerometer,-7.8853035,-2.2266076,5.1092260000000005,1566947932483
21724,226,Gyroscope,0.03604105,-0.22540927,-0.09407325,1566947932492
21725,226,Accelerometer,-7.782352400000001,-1.9800048,5.197812,1566947932493
21726,226,Gyroscope,0.03359759,-0.226631,-0.13194689,1566947932503
21727,226,Accelerometer,-7.705738,-1.9704279999999998,5.4025164000000006,1566947932503
21728,226,Gyroscope,0.027488936000000002,-0.21197024,-0.16371189,1566947932512
21729,226,Accelerometer,-7.653065700000001,-2.0961237,5.60722,1566947932513
21730,226,Gyroscope,0.03176499,-0.19730948,-0.18997909,1566947932522
21731,226,Accelerometer,-7.590816499999999,-2.2110453,5.777209,1566947932523
21732,226,Gyroscope,0.029321532999999997,-0.17837265,-0.19425514,1566947932532
21733,226,Accelerometer,-7.5884222999999995,-2.4037786,5.853823,1566947932533
21734,226,Gyroscope,0.02321288,-0.15454891,-0.17898351,1566947932543
21735,226,Accelerometer,-7.4842744,-2.5845408,5.7975593,1566947932543
21736,226,Gyroscope,0.015271631,-0.13011430000000002,-0.16065755,1566947932552
21737,226,Accelerometer,-7.414842599999999,-2.7090392000000003,5.7999535,1566947932553
21738,226,Gyroscope,0.014049901000000002,-0.09407325,-0.13988814,1566947932562
21739,226,Accelerometer,-7.2221093,-2.861071,5.8969190000000005,1566947932563
21740,226,Gyroscope,0.018936822,-0.09101892,-0.12034045,1566947932572
21741,226,Accelerometer,-7.369353,-2.8395232999999998,6.023811299999999,1566947932573
21742,226,Gyroscope,0.028099801,-0.10934488,-0.09040806,1566947932582
21743,226,Accelerometer,-7.575253999999999,-2.80361,6.226121400000001,1566947932583
21744,226,Gyroscope,0.02321288,-0.11178834,-0.059253927000000005,1566947932592
21745,226,Accelerometer,-7.487866,-2.7234043999999997,6.429629,1566947932593
21746,226,Gyroscope,0.009773844,-0.1160644,-0.035430185,1566947932603
21747,226,Accelerometer,-7.3418193,-2.634819,6.554127,1566947932603
21748,226,Gyroscope,-0.018325957,-0.10567969,-0.0061086523,1566947932612
21749,226,Accelerometer,-7.193378999999999,-2.4504653999999997,6.483498,1566947932613
21750,226,Gyroscope,-0.050701816,-0.07513642,0.02321288,1566947932622
21751,226,Accelerometer,-7.015011,-2.0159178,6.4212489999999995,1566947932623
21752,226,Gyroscope,-0.0842994,-0.02076942,0.047647487,1566947932632
21753,226,Accelerometer,-6.800729799999999,-1.8339584999999998,6.457162,1566947932633
21754,226,Gyroscope,-0.11301007,0.040927973,0.052534412999999995,1566947932642
21755,226,Accelerometer,-6.7851677,-1.8016368000000003,6.517017,1566947932643
21756,226,Gyroscope,-0.11728613,0.07880162,0.047647487,1566947932652
21757,226,Accelerometer,-6.837839999999999,-1.8962077000000002,6.5230026,1566947932654
21758,226,Gyroscope,-0.118507855,0.14721853,0.013439035,1566947932663
21759,226,Accelerometer,-6.933608,-2.0039468,6.336254599999999,1566947932663
21760,226,Gyroscope,-0.13133603,0.17654006,-0.007330383,1566947932672
21761,226,Accelerometer,-6.993463,-2.1272482999999998,6.155493,1566947932673
21762,226,Gyroscope,-0.13255776,0.18875736,-0.02321288,1566947932682
21763,226,Accelerometer,-7.1131735,-2.348712,6.0321913,1566947932683
21764,226,Gyroscope,-0.119729586,0.1966986,-0.029932396,1566947932692
21765,226,Accelerometer,-7.28795,-2.5103204,5.8801594,1566947932693
21766,226,Gyroscope,-0.103847094,0.19242255,-0.02076942,1566947932702
21767,226,Accelerometer,-7.4399820000000005,-2.6443958,5.6802435,1566947932703
21768,226,Gyroscope,-0.09285152,0.17654006,-0.002443461,1566947932712
21769,226,Accelerometer,-7.4495587,-2.6719291000000003,5.487509999999999,1566947932713
21770,226,Gyroscope,-0.08735373,0.15454891,0.019547688,1566947932722
21771,226,Accelerometer,-7.451953,-2.80361,5.343858200000001,1566947932723
21772,226,Gyroscope,-0.07574729,0.11911872,0.0421497,1566947932732
21773,226,Accelerometer,-7.546523599999999,-2.870648,5.365406,1566947932733
21774,226,Gyroscope,-0.06963864,0.08124508,0.059253927000000005,1566947932742
21775,226,Accelerometer,-7.5884222999999995,-2.8119897999999997,5.3642087,1566947932743
21776,226,Gyroscope,-0.06963864,0.055588737,0.0720821,1566947932752
21777,226,Accelerometer,-7.4363904000000005,-2.7150247000000003,5.4288526,1566947932753
21778,226,Gyroscope,-0.062308256,0.048258353,0.069027774,1566947932762
21779,226,Accelerometer,-7.394492,-2.7018566,5.4539914000000005,1566947932763
21780,226,Gyroscope,-0.04886922,0.014660766,0.06291912,1566947932772
21781,226,Accelerometer,-7.4016747,-2.6264392999999995,5.45878,1566947932774
21782,226,Gyroscope,-0.045814894,-0.0018325957999999999,0.04520403,1566947932782
21783,226,Accelerometer,-7.3202715,-2.5558102000000003,5.518635,1566947932783
21784,226,Gyroscope,-0.03359759,-0.0018325957999999999,0.029321532999999997,1566947932792
21785,226,Accelerometer,-7.4603324,-2.5498247000000003,5.601235,1566947932793
21786,226,Gyroscope,-0.017104227,-0.008552114,0.01160644,1566947932802
21787,226,Accelerometer,-7.550114999999999,-2.5498247000000003,5.579687,1566947932803
21788,226,Gyroscope,-0.004276057,-0.007330383,-0.0018325957999999999,1566947932812
21789,226,Accelerometer,-7.5968018,-2.6551697,5.595249,1566947932813
21790,226,Gyroscope,0.0067195175,-0.01282817,-0.013439035,1566947932822
21791,226,Accelerometer,-7.769184599999999,-2.7102362999999996,5.5844755,1566947932823
21792,226,Gyroscope,0.010995574,-0.030543262,-0.02321288,1566947932832
21793,226,Accelerometer,-7.8410106,-2.6623523,5.6203885,1566947932833
21794,226,Gyroscope,0.004276057,-0.029932396,-0.02687807,1566947932842
21795,226,Accelerometer,-7.869741,-2.60968,5.6060233,1566947932843
21796,226,Gyroscope,-0.017104227,-0.023823743999999997,-0.021991148999999998,1566947932852
21797,226,Accelerometer,-7.789535000000001,-2.4839842,5.523423,1566947932853
21798,226,Gyroscope,-0.04520403,-0.04153884,-0.013439035,1566947932862
21799,226,Accelerometer,-7.5549035,-2.3786395000000002,5.5844755,1566947932863
21800,226,Gyroscope,-0.058643065,-0.064751714,-0.014660766,1566947932872
21801,226,Accelerometer,-7.41604,-2.3391352000000003,5.7616463,1566947932873
21802,226,Gyroscope,-0.06536258,-0.07574729,-0.02321288,1566947932882
21803,226,Accelerometer,-7.3430165999999994,-2.3906104999999997,5.922058,1566947932883
21804,226,Gyroscope,-0.077579886,-0.07086037,-0.02321288,1566947932893
21805,226,Accelerometer,-7.358579,-2.3930047,6.035782299999999,1566947932893
21806,226,Gyroscope,-0.10751228,-0.03359759,-0.018325957,1566947932902
21807,226,Accelerometer,-7.338228,-2.4744074,6.101623,1566947932903
21808,226,Gyroscope,-0.12583824,-0.0067195175,-0.007330383,1566947932912
21809,226,Accelerometer,-7.268796400000001,-2.565387,6.1387334000000005,1566947932913
21810,226,Gyroscope,-0.12583824,0.02321288,0.009162978,1566947932922
21811,226,Accelerometer,-7.1634517,-2.7126305,6.173449,1566947932923
21812,226,Gyroscope,-0.12644911,0.030543262,0.027488936000000002,1566947932932
21813,226,Accelerometer,-7.199364699999999,-2.8275523,6.145916000000001,1566947932933
21814,226,Gyroscope,-0.12278391400000001,0.040317107000000005,0.040317107000000005,1566947932942
21815,226,Accelerometer,-7.171831,-2.8993783,6.059724299999999,1566947932943
21816,226,Gyroscope,-0.12705997,0.050701816,0.062308256,1566947932953
21817,226,Accelerometer,-7.050924,-2.8407204,5.957971,1566947932953
21818,226,Gyroscope,-0.11789699,0.05497787,0.07941248,1566947932963
21819,226,Accelerometer,-7.011419999999999,-2.765303,5.947197,1566947932963
21820,226,Gyroscope,-0.1020145,0.052534412999999995,0.08124508,1566947932972
21821,226,Accelerometer,-6.970718400000001,-2.6850972,5.955577,1566947932973
21822,226,Gyroscope,-0.093462385,0.05497787,0.077579886,1566947932982
21823,226,Accelerometer,-7.025785000000001,-2.6168625,5.951985400000001,1566947932983
21824,226,Gyroscope,-0.09285152,0.059253927000000005,0.06169739,1566947932992
21825,226,Accelerometer,-7.1431007,-2.5486276,5.9388175,1566947932993
21826,226,Gyroscope,-0.105068825,0.05009095,0.043982297000000004,1566947933002
21827,226,Accelerometer,-7.265205,-2.4432828,5.8634,1566947933003
21828,226,Gyroscope,-0.11545353400000001,0.06047566,0.028710667000000002,1566947933013
21829,226,Accelerometer,-7.2125325,-2.5629928,5.8095303,1566947933013
21830,226,Gyroscope,-0.1142318,0.06780604,0.02443461,1566947933022
21831,226,Accelerometer,-7.302314999999999,-2.7712884,5.8622026,1566947933023
21832,226,Gyroscope,-0.105068825,0.06414085,0.032375857,1566947933032
21833,226,Accelerometer,-7.3418193,-2.9197290000000002,5.8095303,1566947933033
21834,226,Gyroscope,-0.09590584,0.06291912,0.047036625,1566947933042
21835,226,Accelerometer,-7.313089,-3.0095115000000003,5.714959599999999,1566947933043
21836,226,Gyroscope,-0.08307768,0.040927973,0.05009095,1566947933052
21837,226,Accelerometer,-7.352593400000001,-3.0753522,5.6886234,1566947933053
21838,226,Gyroscope,-0.07269296,0.014049901000000002,0.04886922,1566947933062
21839,226,Accelerometer,-7.4591354999999995,-3.1040826,5.638344999999999,1566947933063
21840,226,Gyroscope,-0.07147124,-0.004276057,0.04153884,1566947933072
21841,226,Accelerometer,-7.4112515,-3.1639376,5.592855,1566947933073
21842,226,Gyroscope,-0.0842994,-0.019547688,0.026267206,1566947933082
21843,226,Accelerometer,-7.501034,-3.2225955,5.647922,1566947933083
21844,226,Gyroscope,-0.093462385,-0.013439035,0.016493361,1566947933092
21845,226,Accelerometer,-7.381324,-3.2154129,5.8238955,1566947933093
21846,226,Gyroscope,-0.0842994,-0.009773844,0.010995574,1566947933102
21847,226,Accelerometer,-7.4028716,-3.181894,6.0453589999999995,1566947933103
21848,226,Gyroscope,-0.06291912,0.007941248,0.01038471,1566947933113
21849,226,Accelerometer,-7.3885064,-3.2249897,6.149507,1566947933113
21850,226,Gyroscope,-0.0421497,0.045814894,-0.00061086525,1566947933122
21851,226,Accelerometer,-7.4399820000000005,-3.3279405,6.223726999999999,1566947933123
21852,226,Gyroscope,-0.037873644,0.049480084,-0.016493361,1566947933132
21853,226,Accelerometer,-7.6746134999999995,-3.2776620000000003,6.0405707,1566947933133
21854,226,Gyroscope,-0.05375614,0.05497787,-0.029932396,1566947933142
21855,226,Accelerometer,-7.656657000000001,-3.3734303,5.9041014,1566947933143
21856,226,Gyroscope,-0.07391469,0.06841691,-0.02565634,1566947933152
21857,226,Accelerometer,-7.711724,-3.4213142,5.750872599999999,1566947933153
21858,226,Gyroscope,-0.093462385,0.08857546,-0.027488936000000002,1566947933163
21859,226,Accelerometer,-7.642291999999999,-3.4823663000000002,5.637148000000001,1566947933163
21860,226,Gyroscope,-0.112399206,0.09773844,-0.021380282999999996,1566947933172
21861,226,Accelerometer,-7.614758500000001,-3.453636,5.4922986,1566947933173
21862,226,Gyroscope,-0.13744467,0.10323623,-0.015882496,1566947933182
21863,226,Accelerometer,-7.5644803,-3.345897,5.297171,1566947933183
21864,226,Gyroscope,-0.15699236,0.08552113,-0.018325957,1566947933192
21865,226,Accelerometer,-7.394492,-3.2022447999999994,5.133168,1566947933193
21866,226,Gyroscope,-0.16432275,0.05375614,-0.022602014,1566947933202
21867,226,Accelerometer,-7.255628,-3.1507695,5.092467,1566947933203
21868,226,Gyroscope,-0.15393804,0.015882496,-0.026267206,1566947933212
21869,226,Accelerometer,-7.177817,-3.1663318,5.080496,1566947933213
21870,226,Gyroscope,-0.14049901,-0.017715093,-0.032375857,1566947933223
21871,226,Accelerometer,-7.195773,-3.2597055,5.087678400000001,1566947933223
21872,226,Gyroscope,-0.13194689,-0.04642576,-0.02321288,1566947933232
21873,226,Accelerometer,-7.171831,-3.3387144,5.08289,1566947933233
21874,226,Gyroscope,-0.1423316,-0.061086524,0.0036651915999999997,1566947933242
21875,226,Accelerometer,-7.181408,-3.3901896000000002,5.2301335,1566947933243
21876,226,Gyroscope,-0.15699236,-0.05681047,0.044593163,1566947933252
21877,226,Accelerometer,-7.1167645,-3.369839,5.345055,1566947933253
21878,226,Gyroscope,-0.16004670000000001,-0.056199603,0.081855945,1566947933262
21879,226,Accelerometer,-7.079654,-3.276465,5.4515970000000005,1566947933263
21880,226,Gyroscope,-0.14355333,-0.06780604,0.118507855,1566947933272
21881,226,Accelerometer,-7.2209125,-3.2118216,5.6227827,1566947933273
21882,226,Gyroscope,-0.12522738,-0.08857546,0.14049901,1566947933283
21883,226,Accelerometer,-7.350199000000001,-3.0789435000000003,5.85502,1566947933283
21884,226,Gyroscope,-0.103847094,-0.105068825,0.14599679999999998,1566947933292
21885,226,Accelerometer,-7.571663,-2.9616275,5.922058,1566947933293
21886,226,Gyroscope,-0.10934488,-0.10995574,0.15882497,1566947933302
21887,226,Accelerometer,-7.723694999999999,-2.871845,5.7760115,1566947933303
21888,226,Gyroscope,-0.14905111,-0.09896017,0.17715092,1566947933312
21889,226,Accelerometer,-7.708132300000001,-2.7976246,5.6060233,1566947933313
21890,226,Gyroscope,-0.204029,-0.09407325,0.19608775,1566947933322
21891,226,Accelerometer,-7.5572976999999995,-2.8072014,5.5282116,1566947933323
21892,226,Gyroscope,-0.24556783,-0.096516706,0.20891592,1566947933333
21893,226,Accelerometer,-7.277176,-2.7856536,5.619191000000001,1566947933333
21894,226,Gyroscope,-0.2565634,-0.10629055,0.22235495,1566947933342
21895,226,Accelerometer,-7.0940194000000005,-2.7042507999999996,5.762843599999999,1566947933343
21896,226,Gyroscope,-0.24801129,-0.103847094,0.23823744,1566947933352
21897,226,Accelerometer,-6.895301,-2.585738,5.981913,1566947933353
21898,226,Gyroscope,-0.22113322,-0.08552113,0.258396,1566947933362
21899,226,Accelerometer,-6.8450226999999995,-2.541445,6.1303535,1566947933363
21900,226,Gyroscope,-0.21197024,-0.05681047,0.28893927,1566947933372
21901,226,Accelerometer,-6.8665705,-2.5474305,6.1662664000000005,1566947933373
21902,226,Gyroscope,-0.21685717,-0.026267206,0.31826079999999995,1566947933382
21903,226,Accelerometer,-6.931214,-2.5378537,6.077681,1566947933383
21904,226,Gyroscope,-0.23762658,-0.008552114,0.34086279999999997,1566947933393
21905,226,Accelerometer,-7.0102224,-2.5091232999999997,5.9052987,1566947933393
21906,226,Gyroscope,-0.27550024,-0.009773844,0.34941490000000003,1566947933402
21907,226,Accelerometer,-7.110779300000001,-2.4636335,5.7065797,1566947933403
21908,226,Gyroscope,-0.31703907,-0.01160644,0.34513888,1566947933412
21909,226,Accelerometer,-7.217321000000001,-2.4229321,5.589264,1566947933413
21910,226,Gyroscope,-0.35002577,-0.01038471,0.34025195,1566947933422
21911,226,Accelerometer,-7.351396,-2.3906104999999997,5.559336,1566947933423
21912,226,Gyroscope,-0.36468655,-0.01038471,0.33292156,1566947933432
21913,226,Accelerometer,-7.443573,-2.3606830000000003,5.6299653,1566947933433
21914,226,Gyroscope,-0.37262779999999995,-0.016493361,0.3268129,1566947933442
21915,226,Accelerometer,-7.520187400000001,-2.3822308,5.650316,1566947933443
21916,226,Gyroscope,-0.376293,-0.032375857,0.32192600000000005,1566947933453
21917,226,Accelerometer,-7.5525093,-2.4169466,5.649119000000001,1566947933453
21918,226,Gyroscope,-0.3915646,-0.05375614,0.31764993,1566947933463
21919,226,Accelerometer,-7.540538300000001,-2.4672248,5.583278,1566947933463
21920,226,Gyroscope,-0.4111123,-0.08124508,0.32009340000000003,1566947933472
21921,226,Accelerometer,-7.5321584,-2.5151088,5.4851160000000005,1566947933473
21922,226,Gyroscope,-0.43004912,-0.093462385,0.32742378,1566947933482
21923,226,Accelerometer,-7.5321584,-2.5139117000000004,5.4264584000000005,1566947933483
21924,226,Gyroscope,-0.4465425,-0.09896017,0.33414328,1566947933492
21925,226,Accelerometer,-7.540538300000001,-2.5605986,5.366603,1566947933493
21926,226,Gyroscope,-0.45998153,-0.1020145,0.34636059999999996,1566947933502
21927,226,Accelerometer,-7.6111674,-2.6084828,5.3522377,1566947933503
21928,226,Gyroscope,-0.46303585,-0.10567969,0.35491269999999997,1566947933513
21929,226,Accelerometer,-7.703344,-2.7042507999999996,5.422867,1566947933513
21930,226,Gyroscope,-0.46486846,-0.11545353400000001,0.3652974,1566947933522
21931,226,Accelerometer,-7.8170686,-2.7353754,5.461174,1566947933523
21932,226,Gyroscope,-0.47525316,-0.124005646,0.3744604,1566947933532
21933,226,Accelerometer,-7.904457000000001,-2.6803088,5.4396260000000005,1566947933533
21934,226,Gyroscope,-0.49724430000000003,-0.13439035,0.3866777,1566947933542
21935,226,Accelerometer,-7.915230800000001,-2.6204537999999995,5.3522377,1566947933543
21936,226,Gyroscope,-0.52595496,-0.13988814,0.39522982,1566947933552
21937,226,Accelerometer,-7.7560163,-2.4241292000000003,5.3785739999999995,1566947933553
21938,226,Gyroscope,-0.54611355,-0.1441642,0.40622538,1566947933562
21939,226,Accelerometer,-7.708132300000001,-2.3942018,5.351041,1566947933563
21940,226,Gyroscope,-0.5705481,-0.15027285,0.41905355,1566947933572
21941,226,Accelerometer,-7.6482773,-2.4253263,5.305551,1566947933573
21942,226,Gyroscope,-0.59131753,-0.14721853,0.44837508,1566947933582
21943,226,Accelerometer,-7.632714999999999,-2.4624363999999996,5.305551,1566947933583
21944,226,Gyroscope,-0.59498274,-0.13988814,0.46120325,1566947933592
21945,226,Accelerometer,-7.6865845,-2.5222914,5.3558292000000005,1566947933593
21946,226,Gyroscope,-0.5919284,-0.13622294,0.46486846,1566947933602
21947,226,Accelerometer,-7.7667904000000005,-2.5797524,5.249287000000001,1566947933603
21948,226,Gyroscope,-0.59681535,-0.15577064,0.4636467000000001,1566947933612
21949,226,Accelerometer,-7.845799,-2.5510217999999996,5.161899,1566947933613
21950,226,Gyroscope,-0.6114761,-0.1777618,0.45570546,1566947933623
21951,226,Accelerometer,-7.916428,-2.480393,5.177461,1566947933623
21952,226,Gyroscope,-0.62796944,-0.19792034,0.44776422,1566947933632
21953,226,Accelerometer,-7.9475527,-2.445677,5.1571107000000005,1566947933633
21954,226,Gyroscope,-0.65179324,-0.2144137,0.44898596,1566947933642
21955,226,Accelerometer,-7.9583262999999995,-2.4037786,5.076905,1566947933643
21956,226,Gyroscope,-0.6780604,-0.22907446,0.44837508,1566947933652
21957,226,Accelerometer,-7.852981599999999,-2.3415293999999998,5.087678400000001,1566947933653
21958,226,Gyroscope,-0.7049385,-0.24251351,0.45875978,1566947933662
21959,226,Accelerometer,-7.801506,-2.3127987,5.040992,1566947933663
21960,226,Gyroscope,-0.7324274000000001,-0.26083946,0.47403142,1566947933672
21961,226,Accelerometer,-7.739257,-2.2529437999999997,5.0816930000000005,1566947933673
21962,226,Gyroscope,-0.7501425,-0.26633725,0.4886922,1566947933682
21963,226,Accelerometer,-7.6351094,-2.2421699,5.2816089999999996,1566947933683
21964,226,Gyroscope,-0.766025,-0.25534168,0.5009095,1566947933692
21965,226,Accelerometer,-7.595605,-2.2936451,5.4803276,1566947933693
21966,226,Gyroscope,-0.7788531999999999,-0.24740042,0.50885075,1566947933702
21967,226,Accelerometer,-7.639898,-2.4121582999999998,5.625177,1566947933703
21968,226,Gyroscope,-0.79412484,-0.24984388,0.516792,1566947933713
21969,226,Accelerometer,-7.6135616,-2.5845408,5.5964465,1566947933713
21970,226,Gyroscope,-0.80573124,-0.25534168,0.5290093000000001,1566947933722
21971,226,Accelerometer,-7.57286,-2.706645,5.600037599999999,1566947933723
21972,226,Gyroscope,-0.81306165,-0.24373524,0.5375614000000001,1566947933732
21973,226,Accelerometer,-7.526173,-2.7772740000000002,5.5856724,1566947933733
21974,226,Gyroscope,-0.81489426,-0.24251351,0.54550266,1566947933742
21975,226,Accelerometer,-7.4471645,-2.8754362999999996,5.3594203,1566947933743
21976,226,Gyroscope,-0.82772243,-0.25717425,0.5589417,1566947933752
21977,226,Accelerometer,-7.311891999999999,-2.9616275,5.0577510000000006,1566947933753
21978,226,Gyroscope,-0.84849185,-0.2883284,0.5729916,1566947933762
21979,226,Accelerometer,-7.108384599999999,-2.882619,4.8901567,1566947933763
21980,226,Gyroscope,-0.8668178,-0.33353242,0.5729916,1566947933773
21981,226,Accelerometer,-6.88333,-2.718616,4.8698063,1566947933773
21982,226,Gyroscope,-0.8698720999999999,-0.38484509999999994,0.5644395000000001,1566947933782
21983,226,Accelerometer,-6.7612257,-2.5127146000000002,5.014655599999999,1566947933783
21984,226,Gyroscope,-0.86254174,-0.42516220000000005,0.5467244000000001,1566947933792
21985,226,Accelerometer,-6.8150949999999995,-2.4025814999999997,5.2516812999999996,1566947933793
21986,226,Gyroscope,-0.8509353000000001,-0.4465425,0.53023106,1566947933802
21987,226,Accelerometer,-6.853402,-2.3546975,5.5737014,1566947933803
21988,226,Gyroscope,-0.84116143,-0.42577308,0.49724430000000003,1566947933812
21989,226,Accelerometer,-6.9395940000000005,-2.4073699,5.852626,1566947933813
21990,226,Gyroscope,-0.8527679,-0.37201694,0.4831944,1566947933822
21991,226,Accelerometer,-7.168239999999999,-2.5617957000000002,5.9064955999999995,1566947933823
21992,226,Gyroscope,-0.8723155999999999,-0.34941490000000003,0.48624873,1566947933833
21993,226,Accelerometer,-7.592013400000001,-2.8658595,5.8909335,1566947933833
21994,226,Gyroscope,-0.8881981,-0.32314770000000004,0.5002986,1566947933842
21995,226,Accelerometer,-7.890092,-3.156755,5.907693,1566947933843
21996,226,Gyroscope,-0.88331115,-0.32742378,0.52534413,1566947933852
21997,226,Accelerometer,-8.1319065,-3.4620156000000004,5.8442464,1566947933853
21998,226,Gyroscope,-0.8765915999999999,-0.33169982,0.55955255,1566947933862
21999,226,Accelerometer,-8.280347,-3.7062242,5.8909335,1566947933863
22000,226,Gyroscope,-0.86437434,-0.33964106,0.59681535,1566947933872
22001,226,Accelerometer,-8.358158,-3.8594532,5.9531827,1566947933873
22002,226,Gyroscope,-0.86498517,-0.34574974,0.63163465,1566947933882
22003,226,Accelerometer,-8.248025,-3.8259343999999995,5.9986725,1566947933883
22004,226,Gyroscope,-0.8735373,-0.32498032,0.67011917,1566947933893
22005,226,Accelerometer,-7.9990277,-3.645172,6.0716953,1566947933893
22006,226,Gyroscope,-0.88147855,-0.2883284,0.70371675,1566947933902
22007,226,Accelerometer,-7.730877400000001,-3.3794157999999994,6.1207767,1566947933903
22008,226,Gyroscope,-0.88697636,-0.26267207,0.729984,1566947933912
22009,226,Accelerometer,-7.4746976,-3.1483752999999997,6.117185,1566947933913
22010,226,Gyroscope,-0.8949176,-0.24312437,0.7440339,1566947933922
22011,226,Accelerometer,-7.125144500000001,-2.9245174,6.1064115,1566947933923
22012,226,Gyroscope,-0.8949176,-0.22724187,0.7489208,1566947933932
22013,226,Accelerometer,-6.773196700000001,-2.695871,6.159084,1566947933933
22014,226,Gyroscope,-0.88025683,-0.19425514,0.74036866,1566947933943
22015,226,Accelerometer,-6.5948286,-2.5031377999999997,6.2668230000000005,1566947933943
22016,226,Gyroscope,-0.8790351000000001,-0.16187929,0.73364913,1566947933952
22017,226,Accelerometer,-6.646304,-2.3726540000000003,6.1303535,1566947933953
22018,226,Gyroscope,-0.88331115,-0.13805555,0.7263188,1566947933962
22019,226,Accelerometer,-6.70975,-2.3726540000000003,5.9878983,1566947933963
22020,226,Gyroscope,-0.87964594,-0.13194689,0.71776664,1566947933972
22021,226,Accelerometer,-6.868964699999999,-2.5629928,5.9483943,1566947933973
22022,226,Gyroscope,-0.88331115,-0.13622294,0.7171558000000001,1566947933983
22023,226,Accelerometer,-7.2113357,-2.7198130000000003,5.852626,1566947933983
22024,226,Gyroscope,-0.89736104,-0.13072516,0.7305948,1566947933992
22025,226,Accelerometer,-7.36217,-2.7605145,5.590461,1566947933993
22026,226,Gyroscope,-0.89919364,-0.11789699,0.7470882,1566947934002
22027,226,Accelerometer,-7.505822,-3.110068,5.566519,1566947934003
22028,226,Gyroscope,-0.8772025,-0.13133603,0.75502944,1566947934012
22029,226,Accelerometer,-7.575253999999999,-3.2860417,5.601235,1566947934013
22030,226,Gyroscope,-0.8393288000000001,-0.16371189,0.75747293,1566947934022
22031,226,Accelerometer,-7.5525093,-3.3063924,5.649119000000001,1566947934023
22032,226,Gyroscope,-0.80756384,-0.19181168,0.7593055000000001,1566947934032
22033,226,Accelerometer,-7.57286,-3.1902738,5.7257333,1566947934033
22034,226,Gyroscope,-0.7867944,-0.19730948,0.75869465,1566947934042
22035,226,Accelerometer,-7.5429325,-3.1711202000000003,5.717354,1566947934043
22036,226,Gyroscope,-0.7855727,-0.19486602,0.7287621999999999,1566947934052
22037,226,Accelerometer,-7.53575,-3.168726,5.779603,1566947934053
22038,226,Gyroscope,-0.7910705,-0.19120082,0.7079928000000001,1566947934062
22039,226,Accelerometer,-7.571663,-3.1902738,5.803545,1566947934063
22040,226,Gyroscope,-0.81183994,-0.18448131,0.70066243,1566947934072
22041,226,Accelerometer,-7.5094137000000005,-3.1794999,5.747281,1566947934073
22042,226,Gyroscope,-0.83199847,-0.172264,0.6969972,1566947934082
22043,226,Accelerometer,-7.4124484,-3.229778,5.6299653,1566947934083
22044,226,Gyroscope,-0.84849185,-0.16004670000000001,0.6945538,1566947934092
22045,226,Accelerometer,-7.2628107,-3.2381577,5.625177,1566947934093
22046,226,Gyroscope,-0.8405505999999999,-0.17470746,0.68416905,1566947934102
22047,226,Accelerometer,-7.157466,-3.2190042,5.777209,1566947934103
22048,226,Gyroscope,-0.80756384,-0.20158553,0.6609562,1566947934112
22049,226,Accelerometer,-7.070077400000001,-3.217807,5.9998693,1566947934113
22050,226,Gyroscope,-0.7733554,-0.21258110000000002,0.6310238,1566947934122
22051,226,Accelerometer,-6.9862804,-3.1842883,6.1387334000000005,1566947934123
22052,226,Gyroscope,-0.75808376,-0.18570304,0.60048056,1566947934132
22053,226,Accelerometer,-6.919242999999999,-3.2213984,6.2141504,1566947934133
22054,226,Gyroscope,-0.7556403,-0.12583824,0.5705481,1566947934142
22055,226,Accelerometer,-7.1131735,-3.3818099999999998,6.087258,1566947934143
22056,226,Gyroscope,-0.76052725,-0.08552113,0.5589417,1566947934153
22057,226,Accelerometer,-7.1885905,-3.5290532,5.9280434,1566947934153
22058,226,Gyroscope,-0.7654141999999999,-0.09162979,0.5479460999999999,1566947934162
22059,226,Accelerometer,-7.414842599999999,-3.6260185,5.825093,1566947934163
22060,226,Gyroscope,-0.7452555999999999,-0.14782938,0.55955255,1566947934173
22061,226,Accelerometer,-7.45315,-3.4045547999999997,5.8358665,1566947934173
22062,226,Gyroscope,-0.72387534,-0.22052236,0.58032197,1566947934182
22063,226,Accelerometer,-7.4184339999999995,-3.0119057000000002,5.7257333,1566947934183
22064,226,Gyroscope,-0.7098253999999999,-0.29749137,0.6041456999999999,1566947934193
22065,226,Accelerometer,-7.290344,-2.6144682999999995,5.6898203,1566947934193
22066,226,Gyroscope,-0.70371675,-0.35246924,0.63285637,1566947934202
22067,226,Accelerometer,-7.0545154000000005,-2.2756886,5.8346696,1566947934203
22068,226,Gyroscope,-0.70371675,-0.37201694,0.66950834,1566947934212
22069,226,Accelerometer,-6.8306575,-1.9572599,5.990292500000001,1566947934213
22070,226,Gyroscope,-0.7031059000000001,-0.344528,0.70188415,1566947934222
22071,226,Accelerometer,-6.7636199999999995,-1.6867151000000002,6.0704985,1566947934223
22072,226,Gyroscope,-0.7079928000000001,-0.29565877,0.7189884,1566947934232
22073,226,Accelerometer,-6.669049,-1.5107412,6.1076083,1566947934233
22074,226,Gyroscope,-0.72143185,-0.23762658,0.7275404999999999,1566947934243
22075,226,Accelerometer,-6.743269000000001,-1.412579,6.1243677000000005,1566947934243
22076,226,Gyroscope,-0.7312057,-0.17654006,0.71776664,1566947934252
22077,226,Accelerometer,-6.878541499999999,-1.4173675,6.2153480000000005,1566947934253
22078,226,Gyroscope,-0.7305948,-0.1386664,0.6872234,1566947934263
22079,226,Accelerometer,-7.009025599999999,-1.4712370000000001,6.2584434,1566947934263
22080,226,Gyroscope,-0.7305948,-0.11056661,0.6249151,1566947934272
22081,226,Accelerometer,-7.1742253,-1.5705963,6.1806316,1566947934273
22082,226,Gyroscope,-0.7593055000000001,-0.077579886,0.5919284,1566947934283
22083,226,Accelerometer,-7.467515,-1.7202339,5.99149,1566947934283
22084,226,Gyroscope,-0.77579886,-0.076358154,0.5693264,1566947934292
22085,226,Accelerometer,-7.7129207,-1.8830396,5.865794,1566947934293
22086,226,Gyroscope,-0.7837400999999999,-0.09407325,0.5699373000000001,1566947934302
22087,226,Accelerometer,-7.987056699999999,-2.0219033,5.813122,1566947934303
22088,226,Gyroscope,-0.8026769,-0.111177474,0.59681535,1566947934312
22089,226,Accelerometer,-8.099585000000001,-2.0925324,5.683835,1566947934313
22090,226,Gyroscope,-0.8350528,-0.11911872,0.6377433000000001,1566947934322
22091,226,Accelerometer,-8.079233,-2.0374656000000004,5.5856724,1566947934323
22092,226,Gyroscope,-0.87109387,-0.12522738,0.6750060999999999,1566947934332
22093,226,Accelerometer,-7.9846625,-1.8854338,5.601235,1566947934333
22094,226,Gyroscope,-0.8949176,-0.12950343,0.70371675,1566947934342
22095,226,Accelerometer,-7.7560163,-1.8207904,5.60722,1566947934343
22096,226,Gyroscope,-0.91446525,-0.14172074,0.72387534,1566947934352
22097,226,Accelerometer,-7.6219410000000005,-1.8160020000000001,5.566519,1566947934353
22098,226,Gyroscope,-0.9309586,-0.15210545,0.7367035,1566947934362
22099,226,Accelerometer,-7.586028,-1.7393875,5.521029,1566947934363
22100,226,Gyroscope,-0.9437868,-0.13500121,0.73853606,1566947934372
22101,226,Accelerometer,-7.5046253,-1.6663644,5.482722,1566947934373
22102,226,Gyroscope,-0.9425650999999999,-0.1282817,0.73426,1566947934382
22103,226,Accelerometer,-7.5584945999999995,-1.7082629,5.4504004,1566947934383
22104,226,Gyroscope,-0.9285152,-0.15027285,0.7128797,1566947934393
22105,226,Accelerometer,-7.8062944000000005,-1.9536686,5.3821654,1566947934393
22106,226,Gyroscope,-0.9370673,-0.18142697,0.70249504,1566947934402
22107,226,Accelerometer,-8.127118,-2.0278888,5.2756233,1566947934403
22108,226,Gyroscope,-0.9627235999999999,-0.17043139999999998,0.6982189999999999,1566947934413
22109,226,Accelerometer,-8.074444999999999,-2.018312,5.21098,1566947934413
22110,226,Gyroscope,-0.9828822,-0.14905111,0.7079928000000001,1566947934422
22111,226,Accelerometer,-8.099585000000001,-2.0530279,5.2444987,1566947934423
22112,226,Gyroscope,-0.9841039,-0.14782938,0.7104363,1566947934432
22113,226,Accelerometer,-8.027759,-2.2613235,5.2756233,1566947934433
22114,226,Gyroscope,-0.9669996999999999,-0.17165314,0.71593404,1566947934442
22115,226,Accelerometer,-7.983465700000001,-2.4408886,5.246893,1566947934443
22116,226,Gyroscope,-0.9474520000000001,-0.21685717,0.7275404999999999,1566947934452
22117,226,Accelerometer,-7.9702972999999995,-2.469619,5.2037973,1566947934453
22118,226,Gyroscope,-0.9297369000000001,-0.24312437,0.73975784,1566947934462
22119,226,Accelerometer,-7.9224133000000005,-2.4061728,5.2564697,1566947934463
22120,226,Gyroscope,-0.91751957,-0.25595254,0.7476991,1566947934473
22121,226,Accelerometer,-7.8673470000000005,-2.1691467999999996,5.197812,1566947934473
22122,226,Gyroscope,-0.915687,-0.27916542,0.75319684,1566947934482
22123,226,Accelerometer,-7.745242599999999,-1.9847932000000001,5.2516812999999996,1566947934483
22124,226,Gyroscope,-0.91996306,-0.30176744,0.7440339,1566947934492
22125,226,Accelerometer,-7.620744,-1.8303672,5.365406,1566947934493
22126,226,Gyroscope,-0.9211848,-0.30848694,0.7067711,1566947934502
22127,226,Accelerometer,-7.6949644,-1.6735470000000001,5.343858200000001,1566947934503
22128,226,Gyroscope,-0.9242391,-0.33169982,0.68111473,1566947934512
22129,226,Accelerometer,-7.61835,-1.6567876,5.273229,1566947934513
22130,226,Gyroscope,-0.9388999,-0.34086279999999997,0.6597345,1566947934522
22131,226,Accelerometer,-7.540538300000001,-1.7741034,5.177461,1566947934523
22132,226,Gyroscope,-0.95417154,-0.36346483,0.6346890000000001,1566947934532
22133,226,Accelerometer,-7.438784599999999,-1.9572599,5.1583076,1566947934533
22134,226,Gyroscope,-0.97005403,-0.408058,0.61208695,1566947934542
22135,226,Accelerometer,-7.400477400000001,-2.1260512,5.029021,1566947934543
22136,226,Gyroscope,-0.98532563,-0.47464229999999996,0.59437186,1566947934552
22137,226,Accelerometer,-7.241263000000001,-2.1452047999999997,5.055357,1566947934553
22138,226,Gyroscope,-0.99204516,-0.51923543,0.5742133,1566947934562
22139,226,Accelerometer,-7.0724716,-2.12246,5.234922,1566947934563
22140,226,Gyroscope,-0.98532563,-0.51923543,0.5522222,1566947934572
22141,226,Accelerometer,-6.979098,-2.100912,5.553351,1566947934573
22142,226,Gyroscope,-0.9608909999999999,-0.50701815,0.5332854,1566947934582
22143,226,Accelerometer,-6.9970546,-2.1942859,5.791574,1566947934583
22144,226,Gyroscope,-0.9492845999999999,-0.4709771,0.52473325,1566947934592
22145,226,Accelerometer,-7.125144500000001,-2.3726540000000003,5.9938839999999995,1566947934593
22146,226,Gyroscope,-0.92179567,-0.43127087,0.52412236,1566947934603
22147,226,Accelerometer,-7.352593400000001,-2.5881321,6.1399302,1566947934603
22148,226,Gyroscope,-0.90408057,-0.39645153,0.52778757,1566947934612
22149,226,Accelerometer,-7.6494746,-2.7964275,6.1363389999999995,1566947934613
22150,226,Gyroscope,-0.89980453,-0.37140608,0.5314528000000001,1566947934622
22151,226,Accelerometer,-7.9427642999999994,-3.0142999,6.06571,1566947934623
22152,226,Gyroscope,-0.9120218000000001,-0.35796702,0.5534439,1566947934633
22153,226,Accelerometer,-8.213308999999999,-3.1160536,6.0381765,1566947934633
22154,226,Gyroscope,-0.915687,-0.35002577,0.5888741,1566947934642
22155,226,Accelerometer,-8.269572,-3.1735144,6.069301,1566947934644
22156,226,Gyroscope,-0.9101892,-0.35430184,0.62858033,1566947934652
22157,226,Accelerometer,-8.323442,-3.1519666,6.1530986,1566947934653
22158,226,Gyroscope,-0.9083565999999998,-0.3371976,0.66706485,1566947934662
22159,226,Accelerometer,-8.149861999999999,-3.0813377,6.1818290000000005,1566947934663
22160,226,Gyroscope,-0.915687,-0.30421090000000006,0.68966687,1566947934672
22161,226,Accelerometer,-7.8865004,-3.0370448,6.257246,1566947934673
22162,226,Gyroscope,-0.9272934000000002,-0.26939157,0.7067711,1566947934682
22163,226,Accelerometer,-7.6375036,-3.028665,6.271611,1566947934683
22164,226,Gyroscope,-0.9437868,-0.23273966,0.7189884,1566947934692
22165,226,Accelerometer,-7.396886299999999,-2.9640217,6.2213330000000004,1566947934693
22166,226,Gyroscope,-0.9584476000000001,-0.19975294,0.7263188,1566947934703
22167,226,Accelerometer,-7.107187700000001,-2.9101522,6.2500634,1566947934703
22168,226,Gyroscope,-0.9621128000000001,-0.16737708,0.73426,1566947934712
22169,226,Accelerometer,-6.975507,-2.882619,6.2620344,1566947934713
22170,226,Gyroscope,-0.95172805,-0.13255776,0.74036866,1566947934722
22171,226,Accelerometer,-6.908469,-2.7808652,6.1686606,1566947934723
22172,226,Gyroscope,-0.9388999,-0.08735373,0.7440339,1566947934733
22173,226,Accelerometer,-6.8306575,-2.6491842,5.979519,1566947934733
22174,226,Gyroscope,-0.9193522,-0.045814894,0.743423,1566947934742
22175,226,Accelerometer,-6.839036999999999,-2.622848,5.771223,1566947934743
22176,226,Gyroscope,-0.8924741,-0.040927973,0.7360926,1566947934752
22177,226,Accelerometer,-6.9012866,-2.801216,5.6706667,1566947934753
22178,226,Gyroscope,-0.8576548,-0.06169739,0.72387534,1566947934762
22179,226,Accelerometer,-7.105990400000001,-3.0490158,5.5868697,1566947934763
22180,226,Gyroscope,-0.83077675,-0.07941248,0.7110472,1566947934772
22181,226,Accelerometer,-7.3202715,-3.1376014,5.499480999999999,1566947934773
22182,226,Gyroscope,-0.8051204000000001,-0.10140363,0.6982189999999999,1566947934782
22183,226,Accelerometer,-7.496245399999999,-3.13401,5.3833623,1566947934783
22184,226,Gyroscope,-0.78801614,-0.11484267,0.6872234,1566947934792
22185,226,Accelerometer,-7.769184599999999,-3.0621839,5.267244,1566947934793
22186,226,Gyroscope,-0.7806858,-0.12950343,0.6835581999999999,1566947934802
22187,226,Accelerometer,-7.928399000000001,-2.9352913,5.1642933,1566947934803
22188,226,Gyroscope,-0.7678576,-0.16920967,0.6640105,1566947934813
22189,226,Accelerometer,-7.9475527,-2.9891607999999996,5.2385135,1566947934813
22190,226,Gyroscope,-0.7593055000000001,-0.21258110000000002,0.63285637,1566947934822
22191,226,Accelerometer,-8.049306,-3.0969,5.3737855,1566947934823
22192,226,Gyroscope,-0.76052725,-0.24251351,0.602924,1566947934832
22193,226,Accelerometer,-8.018182000000001,-2.9712042999999997,5.445612000000001,1566947934833
22194,226,Gyroscope,-0.7611380999999999,-0.24678956,0.5766568,1566947934843
22195,226,Accelerometer,-7.7368627000000005,-2.9819782000000004,5.6431336,1566947934843
22196,226,Gyroscope,-0.75808376,-0.23640485,0.5571090999999999,1566947934852
22197,226,Accelerometer,-7.687782,-3.1914709,5.777209,1566947934853
22198,226,Gyroscope,-0.7611380999999999,-0.2144137,0.5479460999999999,1566947934862
22199,226,Accelerometer,-7.631517999999999,-3.3255462999999996,5.861006,1566947934863
22200,226,Gyroscope,-0.7611380999999999,-0.18570304,0.5534439,1566947934872
22201,226,Accelerometer,-7.430405,-3.3842041,5.978321599999999,1566947934873
22202,226,Gyroscope,-0.7495316,-0.14599679999999998,0.56505036,1566947934882
22203,226,Accelerometer,-7.3490020000000005,-3.4129345,6.144718599999999,1566947934883
22204,226,Gyroscope,-0.73975784,-0.11362094,0.58276546,1566947934892
22205,226,Accelerometer,-7.3430165999999994,-3.3794157999999994,6.0848637000000005,1566947934893
22206,226,Gyroscope,-0.73914695,-0.08674286,0.59437186,1566947934902
22207,226,Accelerometer,-7.252037,-3.276465,5.971139,1566947934903
22208,226,Gyroscope,-0.74036866,-0.059253927000000005,0.59986967,1566947934912
22209,226,Accelerometer,-7.1466923,-3.1663318,5.920861,1566947934913
22210,226,Gyroscope,-0.729984,-0.053145275,0.5876524000000001,1566947934923
22211,226,Accelerometer,-7.079654,-3.0849290000000003,5.8969190000000005,1566947934923
22212,226,Gyroscope,-0.72326446,-0.06414085,0.5717699,1566947934932
22213,226,Accelerometer,-6.932411,-2.9436709999999997,5.8274870000000005,1566947934933
22214,226,Gyroscope,-0.7171558000000001,-0.08857546,0.5497787,1566947934942
22215,226,Accelerometer,-6.88333,-2.8874072999999996,5.8693852,1566947934943
22216,226,Gyroscope,-0.7128797,-0.1020145,0.50885075,1566947934953
22217,226,Accelerometer,-6.861782000000001,-2.9113493,5.942408599999999,1566947934953
22218,226,Gyroscope,-0.7067711,-0.099571034,0.47647488,1566947934962
22219,226,Accelerometer,-6.789956,-3.0561984,6.0285997,1566947934963
22220,226,Gyroscope,-0.6743952,-0.08124508,0.45204028,1566947934973
22221,226,Accelerometer,-7.065289,-3.2620997000000003,5.9998693,1566947934973
22222,226,Gyroscope,-0.6591236,-0.07513642,0.43554693,1566947934982
22223,226,Accelerometer,-7.1981673,-3.3770216,5.881356200000001,1566947934983
22224,226,Gyroscope,-0.65118235,-0.06291912,0.43127087,1566947934992
22225,226,Accelerometer,-7.131129700000001,-3.4165258,5.813122,1566947934993
22226,226,Gyroscope,-0.63163465,-0.04642576,0.44776422,1566947935002
22227,226,Accelerometer,-7.27957,-3.4332852,5.7640405,1566947935003
22228,226,Gyroscope,-0.60231316,-0.06841691,0.47952923,1566947935012
22229,226,Accelerometer,-7.4016747,-3.2273839,5.6467247,1566947935013
22230,226,Gyroscope,-0.57787853,-0.119729586,0.50885075,1566947935022
22231,226,Accelerometer,-7.328651400000001,-2.8993783,5.5976434,1566947935023
22232,226,Gyroscope,-0.552833,-0.17959438,0.54367006,1566947935033
22233,226,Accelerometer,-7.351396,-2.6048915,5.57849,1566947935033
22234,226,Gyroscope,-0.5345071,-0.24556783,0.57543504,1566947935042
22235,226,Accelerometer,-7.2831616,-2.2876596,5.4970870000000005,1566947935043
22236,226,Gyroscope,-0.5186246,-0.31948254,0.6035349,1566947935052
22237,226,Accelerometer,-7.1131735,-1.9812019,5.6179943,1566947935053
22238,226,Gyroscope,-0.5143485,-0.3390302,0.61453044,1566947935062
22239,226,Accelerometer,-7.016208,-1.685518,5.7400985,1566947935063
22240,226,Gyroscope,-0.5235115,-0.32314770000000004,0.61819565,1566947935072
22241,226,Accelerometer,-6.6905966,-1.5502456,5.8789620000000005,1566947935073
22242,226,Gyroscope,-0.53878313,-0.29565877,0.6236934000000001,1566947935082
22243,226,Accelerometer,-6.6774287,-1.4688427,6.0202203,1566947935083
22244,226,Gyroscope,-0.54367006,-0.2565634,0.6236934000000001,1566947935092
22245,226,Accelerometer,-6.542155999999999,-1.4700398000000001,6.1530986,1566947935093
22246,226,Gyroscope,-0.53878313,-0.20647246,0.6053675000000001,1566947935102
22247,226,Accelerometer,-6.672640299999999,-1.4604629999999998,6.2153480000000005,1566947935103
22248,226,Gyroscope,-0.5412266,-0.13439035,0.5717699,1566947935113
22249,226,Accelerometer,-6.963536,-1.4688427,6.1363389999999995,1566947935113
22250,226,Gyroscope,-0.56138515,-0.07880162,0.54183745,1566947935122
22251,226,Accelerometer,-7.284358500000001,-1.5011643999999997,6.0262055,1566947935123
22252,226,Gyroscope,-0.5833763000000001,-0.05009095,0.5222898,1566947935132
22253,226,Accelerometer,-7.577648,-1.5239093000000001,6.008249299999999,1566947935133
22254,226,Gyroscope,-0.6096435,-0.04642576,0.5149594,1566947935142
22255,226,Accelerometer,-7.785944000000001,-1.5430629999999999,5.919664,1566947935143
22256,226,Gyroscope,-0.64996064,-0.057421334000000004,0.52106804,1566947935152
22257,226,Accelerometer,-7.937975999999999,-1.6172832000000001,5.851429,1566947935153
22258,226,Gyroscope,-0.6976081000000001,-0.07452556,0.5332854,1566947935162
22259,226,Accelerometer,-7.945158500000001,-1.7441759,5.807136,1566947935163
22260,226,Gyroscope,-0.73792523,-0.096516706,0.5564981999999999,1566947935172
22261,226,Accelerometer,-7.9762830000000005,-1.7860744999999998,5.785588300000001,1566947935173
22262,226,Gyroscope,-0.7715228,-0.10995574,0.6017023,1566947935182
22263,226,Accelerometer,-7.876923599999999,-1.8219875,5.8394580000000005,1566947935183
22264,226,Gyroscope,-0.7812967,-0.106901415,0.63041294,1566947935192
22265,226,Accelerometer,-7.8517847000000005,-1.7896657999999999,5.851429,1566947935192
22266,226,Gyroscope,-0.784351,-0.10812314599999999,0.6554584,1566947935202
22267,226,Accelerometer,-7.844601600000001,-1.8052281000000003,5.722142,1566947935203
22268,226,Gyroscope,-0.79290307,-0.10934488,0.66706485,1566947935212
22269,226,Accelerometer,-7.739257,-1.7956512999999998,5.588066599999999,1566947935213
22270,226,Gyroscope,-0.8026769,-0.106901415,0.66828656,1566947935222
22271,226,Accelerometer,-7.773973,-1.7573439999999998,5.568912999999999,1566947935223
22272,226,Gyroscope,-0.81122905,-0.11178834,0.6609562,1566947935232
22273,226,Accelerometer,-7.8673470000000005,-1.6938977,5.506664,1566947935233
22274,226,Gyroscope,-0.82344633,-0.12889257,0.6560693,1566947935242
22275,226,Accelerometer,-7.869741,-1.6771383000000002,5.2564697,1566947935243
22276,226,Gyroscope,-0.8368853999999999,-0.15088372,0.6401868000000001,1566947935252
22277,226,Accelerometer,-7.825448,-1.6711528000000002,5.145139,1566947935253
22278,226,Gyroscope,-0.8356636999999999,-0.17165314,0.6169739000000001,1566947935262
22279,226,Accelerometer,-7.9236107,-1.7022773999999998,5.139154,1566947935263
22280,226,Gyroscope,-0.8350528,-0.20097467,0.59315014,1566947935272
22281,226,Accelerometer,-7.97748,-1.7932571,5.043386,1566947935273
22282,226,Gyroscope,-0.8503244000000001,-0.22968534,0.5766568,1566947935282
22283,226,Accelerometer,-8.008605000000001,-1.8112136000000003,4.923676,1566947935283
22284,226,Gyroscope,-0.8680395000000001,-0.2510656,0.571159,1566947935292
22285,226,Accelerometer,-7.846996300000001,-1.8028339,4.9284644,1566947935293
22286,226,Gyroscope,-0.86193085,-0.258396,0.55833083,1566947935302
22287,226,Accelerometer,-7.597999000000001,-1.9740193,5.1726727,1566947935303
22288,226,Gyroscope,-0.83260936,-0.2968805,0.54183745,1566947935312
22289,226,Accelerometer,-7.6410947,-2.2230163,5.2684407,1566947935313
22290,226,Gyroscope,-0.82527894,-0.3378085,0.52290064,1566947935322
22291,226,Accelerometer,-7.747636999999999,-2.244564,5.257667,1566947935323
22292,226,Gyroscope,-0.8350528,-0.3359759,0.516792,1566947935332
22293,226,Accelerometer,-7.563283,-2.2170308,5.197812,1566947935333
22294,226,Gyroscope,-0.8362745,-0.32803464,0.51251596,1566947935342
22295,226,Accelerometer,-7.4723034,-2.2397757,5.2169657,1566947935343
22296,226,Gyroscope,-0.83016586,-0.35002577,0.49480084,1566947935352
22297,226,Accelerometer,-7.489063000000001,-2.3702598,5.2157683,1566947935353
22298,226,Gyroscope,-0.81489426,-0.3915646,0.46914452,1566947935362
22299,226,Accelerometer,-7.383717999999999,-2.5079262000000004,5.3127337,1566947935363
22300,226,Gyroscope,-0.8045095,-0.43860126,0.45875978,1566947935372
22301,226,Accelerometer,-7.49026,-2.5510217999999996,5.2325277,1566947935373
22302,226,Gyroscope,-0.79534656,-0.4654793,0.45448375,1566947935382
22303,226,Accelerometer,-7.4507556,-2.4708161,5.3642087,1566947935383
22304,226,Gyroscope,-0.7812967,-0.44104472,0.44409904,1566947935392
22305,226,Accelerometer,-7.311891999999999,-2.5833437000000004,5.8203044,1566947935393
22306,226,Gyroscope,-0.75991637,-0.41905355,0.43860126,1566947935403
22307,226,Accelerometer,-7.502231,-2.7904419999999996,5.7843914000000005,1566947935403
22308,226,Gyroscope,-0.743423,-0.42271876,0.43066000000000004,1566947935412
22309,226,Accelerometer,-7.7608047000000004,-2.8898015,5.969942,1566947935413
22310,226,Gyroscope,-0.7330383,-0.41538838,0.43127087,1566947935422
22311,226,Accelerometer,-7.928399000000001,-2.8886043999999997,6.142324400000001,1566947935423
22312,226,Gyroscope,-0.7275404999999999,-0.36285394,0.4447099,1566947935433
22313,226,Accelerometer,-8.125919999999999,-2.9209259999999997,6.1207767,1566947935433
22314,226,Gyroscope,-0.743423,-0.34941490000000003,0.47342056,1566947935442
22315,226,Accelerometer,-8.269572,-3.0298622,6.027403,1566947935443
22316,226,Gyroscope,-0.7788531999999999,-0.34574974,0.51007247,1566947935452
22317,226,Accelerometer,-8.366538,-3.0538042,5.957971,1566947935453
22318,226,Gyroscope,-0.8173377,-0.33292156,0.548557,1566947935463
22319,226,Accelerometer,-8.271967,-2.9759927000000004,6.007052,1566947935463
22320,226,Gyroscope,-0.8521569999999999,-0.29749137,0.5723807,1566947935472
22321,226,Accelerometer,-8.075643,-2.8658595,6.1207767,1566947935473
22322,226,Gyroscope,-0.88086766,-0.25534168,0.59315014,1566947935482
22323,226,Accelerometer,-7.8613615,-2.825158,6.143522,1566947935483
22324,226,Gyroscope,-0.90469146,-0.22479841,0.6017023,1566947935492
22325,226,Accelerometer,-7.49026,-2.8921957000000003,6.203377,1566947935493
22326,226,Gyroscope,-0.91324353,-0.19425514,0.6010914,1566947935503
22327,226,Accelerometer,-7.254431200000001,-3.0071173,6.2644286,1566947935503
22328,226,Gyroscope,-0.9126327,-0.15699236,0.602924,1566947935512
22329,226,Accelerometer,-7.017405,-3.0897174,6.0980315,1566947935513
22330,226,Gyroscope,-0.9211848,-0.124005646,0.61208695,1566947935522
22331,226,Accelerometer,-6.9048777,-3.0729580000000003,5.9507885,1566947935523
22332,226,Gyroscope,-0.9089674999999999,-0.08979719,0.6236934000000001,1566947935532
22333,226,Accelerometer,-6.7636199999999995,-2.9975405,5.913678,1566947935533
22334,226,Gyroscope,-0.8863655,-0.06536258,0.63407815,1566947935542
22335,226,Accelerometer,-6.697779,-2.8383262000000005,5.864597,1566947935543
22336,226,Gyroscope,-0.8533788,-0.052534412999999995,0.6365215999999999,1566947935552
22337,226,Accelerometer,-6.6870055,-2.7437549999999997,5.861006,1566947935553
22338,226,Gyroscope,-0.8179486,-0.03726278,0.63285637,1566947935562
22339,226,Accelerometer,-6.828263300000001,-2.7138276,5.8945246,1566947935563
22340,226,Gyroscope,-0.7874053000000001,-0.029932396,0.6243043,1566947935572
22341,226,Accelerometer,-7.134721300000001,-2.6874914,5.792771,1566947935573
22342,226,Gyroscope,-0.7812967,-0.037873644,0.61636305,1566947935583
22343,226,Accelerometer,-7.387309599999999,-2.7018566,5.6203885,1566947935583
22344,226,Gyroscope,-0.7867944,-0.05375614,0.6065891999999999,1566947935592
22345,226,Accelerometer,-7.57286,-2.7700913,5.5820813,1566947935593
22346,226,Gyroscope,-0.7959574,-0.069027774,0.5992588000000001,1566947935602
22347,226,Accelerometer,-7.8062944000000005,-2.858677,5.5246205,1566947935603
22348,226,Gyroscope,-0.7984009,-0.07819075,0.59498274,1566947935612
22349,226,Accelerometer,-7.9188222999999995,-3.0023289,5.446809,1566947935613
22350,226,Gyroscope,-0.8020661,-0.105068825,0.593761,1566947935622
22351,226,Accelerometer,-7.855376,-3.204639,5.444414599999999,1566947935623
22352,226,Gyroscope,-0.79351395,-0.13683382,0.58276546,1566947935633
22353,226,Accelerometer,-7.7560163,-3.3494883,5.5389857000000005,1566947935633
22354,226,Gyroscope,-0.77091193,-0.16493362,0.5687156,1566947935642
22355,226,Accelerometer,-7.5704656,-3.3339260000000004,5.673061,1566947935643
22356,226,Gyroscope,-0.75136423,-0.17165314,0.5546656,1566947935652
22357,226,Accelerometer,-7.3897038,-3.2620997000000003,5.6910176,1566947935653
22358,226,Gyroscope,-0.7263188,-0.15760323,0.5522222,1566947935662
22359,226,Accelerometer,-7.217321000000001,-3.2692822999999995,5.7065797,1566947935663
22360,226,Gyroscope,-0.7165449,-0.14477506,0.54611355,1566947935672
22361,226,Accelerometer,-7.1670427,-3.2956185,5.681441,1566947935673
22362,226,Gyroscope,-0.70616025,-0.13500121,0.5393939999999999,1566947935682
22363,226,Accelerometer,-7.0581064,-3.3028011,5.722142,1566947935683
22364,226,Gyroscope,-0.6933321,-0.124005646,0.5314528000000001,1566947935692
22365,226,Accelerometer,-7.0006455999999995,-3.3315318,5.8478374,1566947935693
22366,226,Gyroscope,-0.68233645,-0.11545353400000001,0.5155702999999999,1566947935702
22367,226,Accelerometer,-7.023391,-3.3925837999999997,5.947197,1566947935703
22368,226,Gyroscope,-0.67256266,-0.11789699,0.50640726,1566947935712
22369,226,Accelerometer,-7.180211,-3.4093432,5.913678,1566947935713
22370,226,Gyroscope,-0.6731735,-0.10995574,0.49846604,1566947935723
22371,226,Accelerometer,-7.219714999999999,-3.3063924,5.8562174,1566947935723
22372,226,Gyroscope,-0.66950834,-0.096516706,0.49418998,1566947935732
22373,226,Accelerometer,-7.1610575,-3.2225955,5.8226986,1566947935733
22374,226,Gyroscope,-0.66645396,-0.09773844,0.48685959999999995,1566947935742
22375,226,Accelerometer,-7.2304892999999995,-3.2273839,5.768829,1566947935743
22376,226,Gyroscope,-0.6609562,-0.112399206,0.4709771,1566947935752
22377,226,Accelerometer,-7.1969705,-3.2920272000000006,5.7400985,1566947935753
22378,226,Gyroscope,-0.64996064,-0.13683382,0.4550946,1566947935763
22379,226,Accelerometer,-7.195773,-3.3650506,5.7975593,1566947935763
22380,226,Gyroscope,-0.6444628000000001,-0.13805555,0.45142943,1566947935772
22381,226,Accelerometer,-7.2424603,-3.3901896000000002,5.831078,1566947935773
22382,226,Gyroscope,-0.6438520000000001,-0.12095132,0.45081854,1566947935782
22383,226,Accelerometer,-7.162254300000001,-3.3842041,5.85502,1566947935783
22384,226,Gyroscope,-0.6407976,-0.10323623,0.44715336,1566947935792
22385,226,Accelerometer,-7.110779300000001,-3.4213142,5.851429,1566947935793
22386,226,Gyroscope,-0.6310238,-0.10262536,0.4343252,1566947935802
22387,226,Accelerometer,-6.989872,-3.4739866000000004,5.8622026,1566947935803
22388,226,Gyroscope,-0.6151413,-0.12583824,0.41538838,1566947935813
22389,226,Accelerometer,-6.906075,-3.4524388,5.930437599999999,1566947935813
22390,226,Gyroscope,-0.602924,-0.14905111,0.40194935,1566947935822
22391,226,Accelerometer,-6.95755,-3.2812532999999995,5.967548000000001,1566947935823
22392,226,Gyroscope,-0.59498274,-0.15577064,0.39461896,1566947935832
22393,226,Accelerometer,-6.891710000000001,-3.0538042,6.0130377,1566947935833
22394,226,Gyroscope,-0.5900958000000001,-0.15821409,0.39950588,1566947935842
22395,226,Accelerometer,-6.8773446,-2.8933928,5.971139,1566947935843
22396,226,Gyroscope,-0.5858198,-0.17043139999999998,0.42027529999999996,1566947935852
22397,226,Accelerometer,-6.6534867,-2.694674,6.053739,1566947935853
22398,226,Gyroscope,-0.58032197,-0.16737708,0.43982297,1566947935862
22399,226,Accelerometer,-6.6654577,-2.5570072999999995,6.113594,1566947935863
22400,226,Gyroscope,-0.5705481,-0.16920967,0.47464229999999996,1566947935872
22401,226,Accelerometer,-6.685808,-2.3606830000000003,6.0800753,1566947935873
22402,226,Gyroscope,-0.56688297,-0.16493362,0.51923543,1566947935882
22403,226,Accelerometer,-6.610390700000001,-2.2182279,6.1530986,1566947935883
22404,226,Gyroscope,-0.5497787,-0.14905111,0.5332854,1566947935892
22405,226,Accelerometer,-6.5744777,-2.1583729,6.2763995999999995,1566947935893
22406,226,Gyroscope,-0.54061574,-0.11728613,0.54244834,1566947935903
22407,226,Accelerometer,-6.6654577,-2.124854,6.2871737,1566947935903
22408,226,Gyroscope,-0.548557,-0.089186326,0.5375614000000001,1566947935912
22409,226,Accelerometer,-6.8665705,-2.136825,6.1507044,1566947935913
22410,226,Gyroscope,-0.56321776,-0.06291912,0.52473325,1566947935922
22411,226,Accelerometer,-6.921637,-2.146402,6.1028199999999995,1566947935923
22412,226,Gyroscope,-0.5852089,-0.018936822,0.51068336,1566947935932
22413,226,Accelerometer,-6.980295,-2.1978772,6.1243677000000005,1566947935933
22414,226,Gyroscope,-0.59437186,0.027488936000000002,0.50640726,1566947935942
22415,226,Accelerometer,-7.129933,-2.2697031,6.1411276,1566947935943
22416,226,Gyroscope,-0.5925393,0.06536258,0.50335294,1566947935952
22417,226,Accelerometer,-7.350199000000001,-2.3319526,6.1363389999999995,1566947935953
22418,226,Gyroscope,-0.593761,0.081855945,0.50518554,1566947935962
22419,226,Accelerometer,-7.5213847000000005,-2.292448,6.114791,1566947935963
22420,226,Gyroscope,-0.60231316,0.10140363,0.516792,1566947935972
22421,226,Accelerometer,-7.682993400000001,-2.2110453,6.0681043,1566947935973
22422,226,Gyroscope,-0.61269784,0.11545353400000001,0.5326744999999999,1566947935982
22423,226,Accelerometer,-7.7667904000000005,-2.1559787,5.99149,1566947935983
22424,226,Gyroscope,-0.6310238,0.12644911,0.5510005,1566947935993
22425,226,Accelerometer,-7.809886,-2.1667526,5.807136,1566947935993
22426,226,Gyroscope,-0.6585127,0.111177474,0.5693264,1566947936002
22427,226,Accelerometer,-7.848192999999999,-2.1428106,5.579687,1566947936003
22428,226,Gyroscope,-0.68294734,0.08307768,0.5870415,1566947936012
22429,226,Accelerometer,-7.7153149999999995,-2.0171148999999997,5.521029,1566947936013
22430,226,Gyroscope,-0.68661255,0.06352998,0.59620446,1566947936022
22431,226,Accelerometer,-7.660248299999999,-1.8495207999999999,5.4922986,1566947936023
22432,226,Gyroscope,-0.6731735,0.045814894,0.5864305999999999,1566947936032
22433,226,Accelerometer,-7.6171527,-1.6783354,5.433641000000001,1566947936033
22434,226,Gyroscope,-0.6585127,0.028710667000000002,0.55955255,1566947936043
22435,226,Accelerometer,-7.6410947,-1.5562311000000002,5.4575830000000005,1566947936043
22436,226,Gyroscope,-0.6383542,0.027488936000000002,0.52839845,1566947936052
22437,226,Accelerometer,-7.739257,-1.5023615,5.519832,1566947936053
22438,226,Gyroscope,-0.61941737,0.026267206,0.48808134,1566947936062
22439,226,Accelerometer,-7.987056699999999,-1.5119383,5.4659624,1566947936063
22440,226,Gyroscope,-0.6065891999999999,0.018936822,0.45020768,1566947936072
22441,226,Accelerometer,-8.1881695,-1.5646108,5.388150700000001,1566947936073
22442,226,Gyroscope,-0.6017023,0.010995574,0.41722095,1566947936082
22443,226,Accelerometer,-8.406042,-1.6687585999999999,5.2385135,1566947936083
22444,226,Gyroscope,-0.6053675000000001,0.007941248,0.39645153,1566947936092
22445,226,Accelerometer,-8.517372,-1.7298107,5.12838,1566947936093
22446,226,Gyroscope,-0.61269784,-0.0036651915999999997,0.38728857,1566947936102
22447,226,Accelerometer,-8.468291,-1.7417817,5.1223946,1566947936103
22448,226,Gyroscope,-0.6053675000000001,-0.021991148999999998,0.37812558,1566947936112
22449,226,Accelerometer,-8.379706,-1.7609352999999999,5.199008999999999,1566947936113
22450,226,Gyroscope,-0.57360244,-0.058643065,0.36163223,1566947936122
22451,226,Accelerometer,-8.23366,-1.7920599999999998,5.2852,1566947936123
22452,226,Gyroscope,-0.54244834,-0.09896017,0.34636059999999996,1566947936133
22453,226,Accelerometer,-8.003817,-1.7860744999999998,5.396530599999999,1566947936133
22454,226,Gyroscope,-0.5204572000000001,-0.14599679999999998,0.3304781,1566947936142
22455,226,Accelerometer,-7.803900200000001,-1.7573439999999998,5.42167,1566947936143
22456,226,Gyroscope,-0.51068336,-0.16615535,0.33108896,1566947936152
22457,226,Accelerometer,-7.666233999999999,-1.650802,5.463568,1566947936153
22458,226,Gyroscope,-0.49785519999999994,-0.15332718,0.3304781,1566947936162
22459,226,Accelerometer,-7.529764,-1.5813701999999998,5.625177,1566947936163
22460,226,Gyroscope,-0.47708577,-0.13561209,0.3286455,1566947936173
22461,226,Accelerometer,-7.595605,-1.6184803,5.7784057,1566947936173
22462,226,Gyroscope,-0.4654793,-0.14049901,0.32498032,1566947936182
22463,226,Accelerometer,-7.711724,-1.6735470000000001,5.729325,1566947936183
22464,226,Gyroscope,-0.45875978,-0.14905111,0.32009340000000003,1566947936192
22465,226,Accelerometer,-7.820659599999999,-1.6579846999999999,5.635950599999999,1566947936193
22466,226,Gyroscope,-0.4550946,-0.16065755,0.31520647,1566947936202
22467,226,Accelerometer,-7.8326306,-1.6639702,5.499480999999999,1566947936203
22468,226,Gyroscope,-0.44837508,-0.17409660000000002,0.30298916,1566947936213
22469,226,Accelerometer,-7.893683,-1.7369933000000002,5.481525,1566947936213
22470,226,Gyroscope,-0.43860126,-0.17959438,0.2864958,1566947936222
22471,226,Accelerometer,-7.9463553,-1.8112136000000003,5.567716000000001,1566947936223
22472,226,Gyroscope,-0.43310347,-0.18387043,0.2773328,1566947936232
22473,226,Accelerometer,-7.9547353,-1.8279729999999998,5.4899044,1566947936233
22474,226,Gyroscope,-0.43676865,-0.18325958,0.26939157,1566947936242
22475,226,Accelerometer,-7.8625584,-1.7812861,5.4551888,1566947936243
22476,226,Gyroscope,-0.43554693,-0.18387043,0.258396,1566947936252
22477,226,Accelerometer,-7.7440453,-1.8507179,5.437232,1566947936253
22478,226,Gyroscope,-0.4269948,-0.19975294,0.24495697,1566947936263
22479,226,Accelerometer,-7.659051400000001,-2.0769699,5.3606176,1566947936263
22480,226,Gyroscope,-0.42394048,-0.23151793,0.2284636,1566947936272
22481,226,Accelerometer,-7.632714999999999,-2.255338,5.1666875,1566947936273
22482,226,Gyroscope,-0.42455134,-0.25900686,0.21746802,1566947936282
22483,226,Accelerometer,-7.586028,-2.3020248,4.957195,1566947936283
22484,226,Gyroscope,-0.42394048,-0.28283059999999993,0.21074851,1566947936292
22485,226,Accelerometer,-7.3992805,-2.2170308,4.8602295,1566947936293
22486,226,Gyroscope,-0.4111123,-0.29626966,0.20036379999999998,1566947936302
22487,226,Accelerometer,-7.2340803,-2.1200657000000005,4.9679685,1566947936303
22488,226,Gyroscope,-0.3921755,-0.29321529999999996,0.17409660000000002,1566947936312
22489,226,Accelerometer,-7.419631,-2.0805612,5.653907299999999,1566947936313
22490,226,Gyroscope,-0.36713,-0.29504790000000003,0.13316862,1566947936322
22491,226,Accelerometer,-7.721300599999999,-2.0853498,5.841851999999999,1566947936323
22492,226,Gyroscope,-0.3567453,-0.2864958,0.081855945,1566947936332
22493,226,Accelerometer,-8.202535000000001,-2.0458453000000003,5.9029045,1566947936333
22494,226,Gyroscope,-0.3622431,-0.25411993,0.026267206,1566947936342
22495,226,Accelerometer,-8.1558485,-2.12246,6.112396700000001,1566947936343
22496,226,Gyroscope,-0.36285394,-0.22235495,0.021380282999999996,1566947936353
22497,226,Accelerometer,-8.323442,-2.1499932,6.26802,1566947936353
22498,226,Gyroscope,-0.37201694,-0.18509217,0.03176499,1566947936362
22499,226,Accelerometer,-8.204929,-2.1272482999999998,6.399701,1566947936363
22500,226,Gyroscope,-0.398895,-0.15271631,0.053145275,1566947936372
22501,226,Accelerometer,-8.10557,-2.0590134,6.4463882,1566947936373
22502,226,Gyroscope,-0.43004912,-0.12034045,0.08796459400000001,1566947936382
22503,226,Accelerometer,-8.074444999999999,-2.0015526,6.531382,1566947936383
22504,226,Gyroscope,-0.4654793,-0.08796459400000001,0.14110987,1566947936393
22505,226,Accelerometer,-7.811083,-1.9225439999999998,6.5122285,1566947936393
22506,226,Gyroscope,-0.5119051,-0.028099801,0.18448131,1566947936402
22507,226,Accelerometer,-7.6794020000000005,-2.1583729,6.3745623,1566947936403
22508,226,Gyroscope,-0.5546656,0.017715093,0.23762658,1566947936412
22509,226,Accelerometer,-7.5549035,-2.315193,6.211755999999999,1566947936413
22510,226,Gyroscope,-0.58459806,0.061086524,0.27366763,1566947936422
22511,226,Accelerometer,-7.303512,-2.4504653999999997,6.1782374,1566947936423
22512,226,Gyroscope,-0.5900958000000001,0.10445796,0.29321529999999996,1566947936432
22513,226,Accelerometer,-7.165846000000001,-2.7222072999999996,6.1207767,1566947936433
22514,226,Gyroscope,-0.5674938,0.13194689,0.29810223,1566947936443
22515,226,Accelerometer,-6.7468604999999995,-3.0669725,6.0321913,1566947936443
22516,226,Gyroscope,-0.5320636,0.16493362,0.30298916,1566947936452
22517,226,Accelerometer,-6.7719994,-3.1495724,5.783194,1566947936453
22518,226,Gyroscope,-0.49785519999999994,0.17898351,0.31703907,1566947936462
22519,226,Accelerometer,-6.566097999999999,-3.1830912000000002,5.579687,1566947936463
22520,226,Gyroscope,-0.44715336,0.17409660000000002,0.32375857,1566947936472
22521,226,Accelerometer,-6.451176599999999,-3.1986535,5.4420204000000005,1566947936473
22522,226,Gyroscope,-0.39095375,0.14905111,0.33353242,1566947936482
22523,226,Accelerometer,-6.562506699999999,-3.205836,5.221754,1566947936483
22524,226,Gyroscope,-0.34391713,0.12583824,0.34086279999999997,1566947936492
22525,226,Accelerometer,-6.754042999999999,-3.1591492000000003,4.9895163,1566947936493
22526,226,Gyroscope,-0.30176744,0.092240654,0.35185838,1566947936503
22527,226,Accelerometer,-7.237672,-2.966416,4.771644,1566947936503
22528,226,Gyroscope,-0.27366763,0.04276056599999999,0.3622431,1566947936512
22529,226,Accelerometer,-7.541735000000001,-2.7401638,4.6603136,1566947936513
22530,226,Gyroscope,-0.25473082,-0.009162978,0.3652974,1566947936522
22531,226,Accelerometer,-7.8589673,-2.6982652999999996,4.7297454000000005,1566947936523
22532,226,Gyroscope,-0.23151793,-0.06719518,0.344528,1566947936532
22533,226,Accelerometer,-8.14268,-2.7509377,4.879383,1566947936533
22534,226,Gyroscope,-0.21563543,-0.12767084,0.30909783,1566947936542
22535,226,Accelerometer,-8.366538,-2.7234043999999997,5.0613421999999995,1566947936543
22536,226,Gyroscope,-0.22785273,-0.16920967,0.2742785,1566947936553
22537,226,Accelerometer,-8.412027,-2.5929205,5.1678843,1566947936553
22538,226,Gyroscope,-0.25167647,-0.19058995,0.24617869,1566947936562
22539,226,Accelerometer,-8.295909,-2.5558102000000003,5.234922,1566947936563
22540,226,Gyroscope,-0.26939157,-0.20952678,0.22052236,1566947936572
22541,226,Accelerometer,-8.072051,-2.6156653999999997,5.3833623,1566947936573
22542,226,Gyroscope,-0.258396,-0.22357668,0.20830505,1566947936582
22543,226,Accelerometer,-7.9008656,-2.681506,5.5641245999999995,1566947936583
22544,226,Gyroscope,-0.25167647,-0.22785273,0.19975294,1566947936592
22545,226,Accelerometer,-7.7488337,-2.598906,5.685032,1566947936593
22546,226,Gyroscope,-0.26328292,-0.20952678,0.19792034,1566947936603
22547,226,Accelerometer,-7.523778999999999,-2.4528596,5.8203044,1566947936603
22548,226,Gyroscope,-0.2724459,-0.1826487,0.19242255,1566947936612
22549,226,Accelerometer,-7.2975270000000005,-2.4396915,6.003461,1566947936613
22550,226,Gyroscope,-0.28221974,-0.15454891,0.17654006,1566947936622
22551,226,Accelerometer,-7.1023993,-2.574964,6.093243,1566947936623
22552,226,Gyroscope,-0.28710666,-0.1386664,0.17104226,1566947936632
22553,226,Accelerometer,-7.127538700000001,-2.6767175,6.0884547,1566947936633
22554,226,Gyroscope,-0.29260445,-0.11178834,0.18020524,1566947936642
22555,226,Accelerometer,-7.1179619999999995,-2.7485435000000003,6.078878,1566947936643
22556,226,Gyroscope,-0.28955013,-0.08246681,0.18997909,1566947936653
22557,226,Accelerometer,-7.114370299999999,-2.9209259999999997,6.042965000000001,1566947936653
22558,226,Gyroscope,-0.28344148,-0.06291912,0.204029,1566947936663
22559,226,Accelerometer,-7.240066000000001,-3.0621839,6.009446,1566947936663
22560,226,Gyroscope,-0.2864958,-0.03726278,0.22785273,1566947936672
22561,226,Accelerometer,-7.2963295,-3.052607,5.946000000000001,1566947936673
22562,226,Gyroscope,-0.29443705,-0.009773844,0.24862215,1566947936682
22563,226,Accelerometer,-7.3047094,-3.0107086,5.881356200000001,1566947936683
22564,226,Gyroscope,-0.30298916,0.015271631,0.25473082,1566947936692
22565,226,Accelerometer,-7.254431200000001,-3.040636,5.852626,1566947936693
22566,226,Gyroscope,-0.31703907,0.019547688,0.25595254,1566947936702
22567,226,Accelerometer,-7.339425,-3.1076740000000003,5.722142,1566947936703
22568,226,Gyroscope,-0.3323107,0.02076942,0.25534168,1566947936713
22569,226,Accelerometer,-7.41604,-3.003526,5.566519,1566947936713
22570,226,Gyroscope,-0.34330627,0.018936822,0.24984388,1566947936722
22571,226,Accelerometer,-7.371747,-2.8921957000000003,5.5162406,1566947936723
22572,226,Gyroscope,-0.34330627,0.01160644,0.23640485,1566947936732
22573,226,Accelerometer,-7.3190745999999995,-2.8754362999999996,5.4683566,1566947936733
22574,226,Gyroscope,-0.33475417,-0.01038471,0.21746802,1566947936742
22575,226,Accelerometer,-7.2939353,-2.9951463,5.521029,1566947936743
22576,226,Gyroscope,-0.32742378,-0.023823743999999997,0.19303341,1566947936752
22577,226,Accelerometer,-7.2951326000000005,-3.1471782000000004,5.5485625,1566947936753
22578,226,Gyroscope,-0.32436943,-0.0421497,0.18325958,1566947936763
22579,226,Accelerometer,-7.468712299999999,-3.2070332,5.475539,1566947936763
22580,226,Gyroscope,-0.3323107,-0.059253927000000005,0.16798794,1566947936772
22581,226,Accelerometer,-7.4495587,-3.3566709,5.5617304,1566947936773
22582,226,Gyroscope,-0.31948254,-0.06963864,0.15332718,1566947936782
22583,226,Accelerometer,-7.478289,-3.5338415999999997,5.6203885,1566947936783
22584,226,Gyroscope,-0.3005457,-0.0983493,0.14538592,1566947936792
22585,226,Accelerometer,-7.5189905,-3.4644098,5.651513,1566947936793
22586,226,Gyroscope,-0.29993483,-0.11728613,0.13316862,1566947936802
22587,226,Accelerometer,-7.3178773,-3.3363202000000003,5.734113,1566947936803
22588,226,Gyroscope,-0.3023783,-0.096516706,0.1441642,1566947936812
22589,226,Accelerometer,-7.243657000000001,-3.2740707000000002,5.7520695,1566947936813
22590,226,Gyroscope,-0.31215215,-0.08796459400000001,0.14294247,1566947936823
22591,226,Accelerometer,-7.1502833,-3.2728736,5.7520695,1566947936823
22592,226,Gyroscope,-0.30726522,-0.07941248,0.13500121,1566947936832
22593,226,Accelerometer,-6.981492,-3.2309752,5.8669910000000005,1566947936833
22594,226,Gyroscope,-0.29810223,-0.086132,0.14355333,1566947936842
22595,226,Accelerometer,-7.065289,-3.1052797,5.816713,1566947936843
22596,226,Gyroscope,-0.3115413,-0.10995574,0.16126843,1566947936852
22597,226,Accelerometer,-7.0820484,-2.6731262000000005,5.730521700000001,1566947936853
22598,226,Gyroscope,-0.31826079999999995,-0.12339478,0.19975294,1566947936862
22599,226,Accelerometer,-6.7684083,-2.4432828,5.9364233,1566947936863
22600,226,Gyroscope,-0.30787608,-0.14721853,0.25167647,1566947936873
22601,226,Accelerometer,-7.0880339999999995,-2.385822,5.955577,1566947936873
22602,226,Gyroscope,-0.30604348,-0.17898351,0.29077184,1566947936882
22603,226,Accelerometer,-6.9503675000000005,-2.268506,6.019023000000001,1566947936883
22604,226,Gyroscope,-0.3109304,-0.15454891,0.30176744,1566947936892
22605,226,Accelerometer,-6.7983356,-2.1823148999999997,6.06571,1566947936893
22606,226,Gyroscope,-0.32375857,-0.124005646,0.30848694,1566947936902
22607,226,Accelerometer,-6.8091097000000005,-2.2397757,6.099229,1566947936903
22608,226,Gyroscope,-0.35430184,-0.095294975,0.312763,1566947936912
22609,226,Accelerometer,-7.144297999999999,-2.2744915,6.048950700000001,1566947936913
22610,226,Gyroscope,-0.37201694,-0.057421334000000004,0.32253686,1566947936922
22611,226,Accelerometer,-7.2101383000000006,-2.2948422,6.1327476999999995,1566947936923
22612,226,Gyroscope,-0.3659083,-0.00061086525,0.34697145,1566947936932
22613,226,Accelerometer,-7.243657000000001,-2.3319526,6.211755999999999,1566947936933
22614,226,Gyroscope,-0.35613444,0.077579886,0.36896262,1566947936942
22615,226,Accelerometer,-7.3322425,-2.3127987,6.0836663,1566947936943
22616,226,Gyroscope,-0.34391713,0.13255776,0.3915646,1566947936952
22617,226,Accelerometer,-7.4399820000000005,-2.2110453,5.997475,1566947936953
22618,226,Gyroscope,-0.32498032,0.16187929,0.40683624,1566947936962
22619,226,Accelerometer,-7.563283,-1.9776106,5.975927400000001,1566947936963
22620,226,Gyroscope,-0.3115413,0.17348573,0.41599923,1566947936972
22621,226,Accelerometer,-7.690175999999999,-1.733402,5.934029,1566947936973
22622,226,Gyroscope,-0.30909783,0.18020524,0.4111123,1566947936983
22623,226,Accelerometer,-7.8649526,-1.5251063999999999,5.7987566,1566947936983
22624,226,Gyroscope,-0.32375857,0.18325958,0.3866777,1566947936992
22625,226,Accelerometer,-7.953538000000001,-1.3551182,5.7005944,1566947936993
22626,226,Gyroscope,-0.34269542,0.1777618,0.33841935,1566947937002
22627,226,Accelerometer,-8.001422,-1.2797008,5.5581393,1566947937003
22628,226,Gyroscope,-0.36835176,0.15760323,0.27488935,1566947937012
22629,226,Accelerometer,-8.098388,-1.283292,5.4863133,1566947937013
22630,226,Gyroscope,-0.38545597,0.14172074,0.20463985,1566947937022
22631,226,Accelerometer,-8.121132000000001,-1.3443443000000002,5.4922986,1566947937023
22632,226,Gyroscope,-0.38973203,0.11911872,0.14172074,1566947937033
22633,226,Accelerometer,-8.1319065,-1.4975731,5.4922986,1566947937033
22634,226,Gyroscope,-0.37201694,0.09101892,0.084910266,1566947937042
22635,226,Accelerometer,-8.183380999999999,-1.7633294999999998,5.529408999999999,1566947937043
22636,226,Gyroscope,-0.3555236,0.08063421400000001,0.086132,1566947937052
22637,226,Accelerometer,-8.208521000000001,-2.0458453000000003,5.4240639999999996,1566947937053
22638,226,Gyroscope,-0.344528,0.07391469,0.11178834,1566947937062
22639,226,Accelerometer,-8.14268,-2.1859062000000002,5.29358,1566947937063
22640,226,Gyroscope,-0.34330627,0.059864793,0.15027285,1566947937072
22641,226,Accelerometer,-8.027759,-2.1894975,5.209783,1566947937073
22642,226,Gyroscope,-0.33964106,0.044593163,0.17898351,1566947937082
22643,226,Accelerometer,-7.893683,-2.1643584,5.2049947,1566947937083
22644,226,Gyroscope,-0.3268129,0.02443461,0.20219639,1566947937093
22645,226,Accelerometer,-7.874529400000001,-2.1164744,5.323507299999999,1566947937093
22646,226,Gyroscope,-0.30909783,0.009773844,0.20525073,1566947937102
22647,226,Accelerometer,-7.876923599999999,-2.0518308000000003,5.4623713,1566947937103
22648,226,Gyroscope,-0.29321529999999996,0.00061086525,0.20952678,1566947937112
22649,226,Accelerometer,-7.905653999999999,-1.9572599,5.5545480000000005,1566947937113
22650,226,Gyroscope,-0.2779437,-0.009773844,0.20280726,1566947937122
22651,226,Accelerometer,-7.898471400000001,-1.7896657999999999,5.5760955999999995,1566947937123
22652,226,Gyroscope,-0.27305678,-0.0030543262,0.20525073,1566947937132
22653,226,Accelerometer,-7.659051400000001,-1.6867151000000002,5.5545480000000005,1566947937133
22654,226,Gyroscope,-0.26816985,-0.01160644,0.19914207,1566947937143
22655,226,Accelerometer,-7.468712299999999,-1.6017209,5.459976999999999,1566947937143
22656,226,Gyroscope,-0.25778514,-0.025045475,0.18448131,1566947937152
22657,226,Accelerometer,-7.443573,-1.6567876,5.49589,1566947937153
22658,226,Gyroscope,-0.23640485,-0.04520403,0.172264,1566947937162
22659,226,Accelerometer,-7.4986396,-1.6950948000000001,5.5545480000000005,1566947937163
22660,226,Gyroscope,-0.22724187,-0.058643065,0.16920967,1566947937172
22661,226,Accelerometer,-7.758410499999999,-1.5358804,5.5748987,1566947937173
22662,226,Gyroscope,-0.22113322,-0.03481932,0.15699236,1566947937182
22663,226,Accelerometer,-7.5561004,-1.5358804,5.7137623,1566947937183
22664,226,Gyroscope,-0.21624629,-0.028710667000000002,0.15271631,1566947937193
22665,226,Accelerometer,-7.547721000000001,-1.6124948000000001,5.7496753,1566947937193
22666,226,Gyroscope,-0.20952678,-0.028710667000000002,0.14599679999999998,1566947937202
22667,226,Accelerometer,-7.643489,-1.7166426,5.741296,1566947937203
22668,226,Gyroscope,-0.20952678,-0.02076942,0.14049901,1566947937212
22669,226,Accelerometer,-7.6865845,-1.7932571,5.6946087,1566947937213
22670,226,Gyroscope,-0.21624629,-0.026267206,0.13927728,1566947937222
22671,226,Accelerometer,-7.9032598,-1.7585411,5.5389857000000005,1566947937223
22672,226,Gyroscope,-0.22479841,-0.012217305,0.13683382,1566947937232
22673,226,Accelerometer,-7.706935400000001,-1.7501613999999999,5.591658,1566947937233
22674,226,Gyroscope,-0.22052236,0.0061086523,0.13072516,1566947937242
22675,226,Accelerometer,-7.908048,-1.8734628,5.651513,1566947937243
22676,226,Gyroscope,-0.19975294,0.0061086523,0.1142318,1566947937253
22677,226,Accelerometer,-8.094796,-1.9369092,5.5521536,1566947937253
22678,226,Gyroscope,-0.1826487,-0.007330383,0.096516706,1566947937263
22679,226,Accelerometer,-8.057686,-1.9405005000000002,5.379771,1566947937263
22680,226,Gyroscope,-0.1777618,-0.01038471,0.084910266,1566947937272
22681,226,Accelerometer,-8.087613000000001,-1.9596541,5.2049947,1566947937273
22682,226,Gyroscope,-0.17654006,-0.04153884,0.06597344599999999,1566947937282
22683,226,Accelerometer,-8.081628,-1.9512744,5.0397944,1566947937283
22684,226,Gyroscope,-0.16126843,-0.093462385,0.040317107000000005,1566947937292
22685,226,Accelerometer,-8.042124000000001,-1.8662802,5.0134583,1566947937293
22686,226,Gyroscope,-0.13988814,-0.14599679999999998,0.0067195175,1566947937303
22687,226,Accelerometer,-7.9822683,-1.7896657999999999,5.114014599999999,1566947937303
22688,226,Gyroscope,-0.119729586,-0.18570304,-0.03176499,1566947937312
22689,226,Accelerometer,-7.94037,-1.7262194,5.237316000000001,1566947937313
22690,226,Gyroscope,-0.10262536,-0.20952678,-0.07086037,1566947937322
22691,226,Accelerometer,-7.9523410000000005,-1.7549498,5.3211129999999995,1566947937323
22692,226,Gyroscope,-0.095294975,-0.2144137,-0.10812314599999999,1566947937332
22693,226,Accelerometer,-7.880514999999999,-1.8171991000000003,5.433641000000001,1566947937333
22694,226,Gyroscope,-0.093462385,-0.21258110000000002,-0.14172074,1566947937342
22695,226,Accelerometer,-7.9762830000000005,-1.9476831000000001,5.518635,1566947937343
22696,226,Gyroscope,-0.103847094,-0.20036379999999998,-0.15699236,1566947937352
22697,226,Accelerometer,-7.9702972999999995,-2.135628,5.600037599999999,1566947937353
22698,226,Gyroscope,-0.11178834,-0.18448131,-0.15699236,1566947937363
22699,226,Accelerometer,-7.915230800000001,-2.4025814999999997,5.6179943,1566947937363
22700,226,Gyroscope,-0.12644911,-0.1777618,-0.13072516,1566947937372
22701,226,Accelerometer,-7.8410106,-2.5965118,5.5844755,1566947937373
22702,226,Gyroscope,-0.14477506,-0.17959438,-0.09101892,1566947937382
22703,226,Accelerometer,-7.559692,-2.7042507999999996,5.681441,1566947937383
22704,226,Gyroscope,-0.14966199,-0.20280726,-0.056199603,1566947937392
22705,226,Accelerometer,-7.371747,-2.8491,5.981913,1566947937393
22706,226,Gyroscope,-0.13927728,-0.22174409,-0.036651913,1566947937402
22707,226,Accelerometer,-7.3047094,-2.9233203,6.244078,1566947937403
22708,226,Gyroscope,-0.13622294,-0.22174409,-0.005497787,1566947937413
22709,226,Accelerometer,-7.2125325,-2.7772740000000002,6.351817,1566947937413
22710,226,Gyroscope,-0.1441642,-0.1881465,0.035430185,1566947937422
22711,226,Accelerometer,-7.046135400000001,-2.6623523,6.4188547,1566947937423
22712,226,Gyroscope,-0.15760323,-0.12278391400000001,0.08552113,1566947937432
22713,226,Accelerometer,-6.919242999999999,-2.6635494,6.355408000000001,1566947937433
22714,226,Gyroscope,-0.17165314,-0.03481932,0.14905111,1566947937442
22715,226,Accelerometer,-6.726509599999999,-2.6156653999999997,6.2632318,1566947937443
22716,226,Gyroscope,-0.1881465,0.03726278,0.20158553,1566947937452
22717,226,Accelerometer,-6.6391215,-2.517503,6.211755999999999,1566947937453
22718,226,Gyroscope,-0.19181168,0.08063421400000001,0.23945917,1566947937463
22719,226,Accelerometer,-6.7612257,-2.3714569,6.101623,1566947937463
22720,226,Gyroscope,-0.20586158,0.105068825,0.26389378,1566947937472
22721,226,Accelerometer,-6.8665705,-2.1523874,5.8945246,1566947937473
22722,226,Gyroscope,-0.22235495,0.124005646,0.26633725,1566947937482
22723,226,Accelerometer,-6.933608,-2.0578163000000003,5.8083334,1566947937483
22724,226,Gyroscope,-0.22540927,0.12278391400000001,0.23762658,1566947937492
22725,226,Accelerometer,-7.20535,-2.148796,5.7640405,1566947937493
22726,226,Gyroscope,-0.21868975,0.119729586,0.16982053,1566947937502
22727,226,Accelerometer,-7.4974427,-2.2649147999999997,5.600037599999999,1566947937503
22728,226,Gyroscope,-0.22540927,0.092240654,0.13622294,1566947937513
22729,226,Accelerometer,-7.811083,-2.3008277,5.388150700000001,1566947937513
22730,226,Gyroscope,-0.2443461,0.06963864,0.10629055,1566947937522
22731,226,Accelerometer,-7.961917999999999,-2.3762453,5.3043537,1566947937523
22732,226,Gyroscope,-0.24740042,0.04337143,0.07819075,1566947937532
22733,226,Accelerometer,-8.1163435,-2.4971522999999998,5.2564697,1566947937533
22734,226,Gyroscope,-0.24068089999999998,0.022602014,0.059864793,1566947937542
22735,226,Accelerometer,-8.095993,-2.6372132,5.29358,1566947937543
22736,226,Gyroscope,-0.22907446,-0.008552114,0.05681047,1566947937552
22737,226,Accelerometer,-8.045714,-2.7581203,5.294777,1566947937553
22738,226,Gyroscope,-0.21319197,-0.040317107000000005,0.06597344599999999,1566947937562
22739,226,Accelerometer,-7.902063,-2.8383262000000005,5.343858200000001,1566947937563
22740,226,Gyroscope,-0.20341812,-0.07147124,0.0720821,1566947937573
22741,226,Accelerometer,-7.759608,-2.861071,5.3857565,1566947937573
22742,226,Gyroscope,-0.19608775,-0.08552113,0.08246681,1566947937582
22743,226,Accelerometer,-7.5213847000000005,-2.8299465,5.4970870000000005,1566947937583
22744,226,Gyroscope,-0.1881465,-0.086132,0.092240654,1566947937592
22745,226,Accelerometer,-7.3430165999999994,-2.861071,5.66947,1566947937593
22746,226,Gyroscope,-0.1826487,-0.07513642,0.096516706,1566947937602
22747,226,Accelerometer,-7.309498,-2.7844564999999997,5.750872599999999,1566947937603
22748,226,Gyroscope,-0.1777618,-0.061086524,0.10140363,1566947937612
22749,226,Accelerometer,-7.183802,-2.6503813,5.7520695,1566947937613
22750,226,Gyroscope,-0.17165314,-0.05131268,0.10567969,1566947937622
22751,226,Accelerometer,-7.077260000000001,-2.6695349999999998,5.726930599999999,1566947937623
22752,226,Gyroscope,-0.15699236,-0.05009095,0.105068825,1566947937633
22753,226,Accelerometer,-7.1454949999999995,-2.823961,5.7125654,1566947937633
22754,226,Gyroscope,-0.14721853,-0.05009095,0.11362094,1566947937642
22755,226,Accelerometer,-7.278373200000001,-2.7329812,5.612008599999999,1566947937643
22756,226,Gyroscope,-0.14599679999999998,-0.05009095,0.12767084,1566947937652
22757,226,Accelerometer,-7.268796400000001,-2.5498247000000003,5.5521536,1566947937653
22758,226,Gyroscope,-0.14172074,-0.05681047,0.12950343,1566947937662
22759,226,Accelerometer,-7.2592196,-2.5079262000000004,5.568912999999999,1566947937663
22760,226,Gyroscope,-0.13255776,-0.069027774,0.11484267,1566947937672
22761,226,Accelerometer,-7.231686,-2.6408044999999998,5.693412,1566947937673
22762,226,Gyroscope,-0.11911872,-0.09162979,0.09896017,1566947937682
22763,226,Accelerometer,-7.522581599999999,-2.717419,5.771223,1566947937683
22764,226,Gyroscope,-0.13561209,-0.081855945,0.09590584,1566947937692
22765,226,Accelerometer,-7.750031,-2.5462333999999998,5.732916,1566947937693
22766,226,Gyroscope,-0.16187929,-0.059864793,0.09407325,1566947937702
22767,226,Accelerometer,-7.8386164,-2.5845408,5.7137623,1566947937703
22768,226,Gyroscope,-0.18081611,-0.05681047,0.09101892,1566947937712
22769,226,Accelerometer,-7.735666,-2.5941176,5.719748,1566947937713
22770,226,Gyroscope,-0.1966986,-0.06352998,0.089186326,1566947937722
22771,226,Accelerometer,-7.513005000000001,-2.6599581000000003,5.8143187,1566947937723
22772,226,Gyroscope,-0.19975294,-0.06963864,0.08002335,1566947937732
22773,226,Accelerometer,-7.405266,-2.847903,5.9184665999999995,1566947937733
22774,226,Gyroscope,-0.19303341,-0.07086037,0.077579886,1566947937743
22775,226,Accelerometer,-7.445967,-2.8993783,5.966350599999999,1566947937743
22776,226,Gyroscope,-0.19975294,-0.055588737,0.08674286,1566947937752
22777,226,Accelerometer,-7.356185000000001,-2.7784709999999997,5.930437599999999,1566947937753
22778,226,Gyroscope,-0.2144137,-0.027488936000000002,0.10140363,1566947937762
22779,226,Accelerometer,-7.1873937,-2.7162217999999996,5.943606,1566947937763
22780,226,Gyroscope,-0.22418754,-0.0018325957999999999,0.10934488,1566947937772
22781,226,Accelerometer,-7.038953,-2.7964275,5.942408599999999,1566947937773
22782,226,Gyroscope,-0.22785273,0.01282817,0.11362094,1566947937782
22783,226,Accelerometer,-7.053317999999999,-2.8993783,5.8909335,1566947937783
22784,226,Gyroscope,-0.2302962,0.016493361,0.12522738,1566947937792
22785,226,Accelerometer,-7.061698,-2.8323407000000005,5.8215012999999995,1566947937793
22786,226,Gyroscope,-0.23701571,0.027488936000000002,0.13927728,1566947937802
22787,226,Accelerometer,-6.975507,-2.7353754,5.803545,1566947937803
22788,226,Gyroscope,-0.23701571,0.035430185,0.14721853,1566947937812
22789,226,Accelerometer,-6.994660400000001,-2.7760768,5.840655,1566947937813
22790,226,Gyroscope,-0.22907446,0.030543262,0.14844026,1566947937822
22791,226,Accelerometer,-6.9958572,-2.8455088,5.8921304,1566947937823
22792,226,Gyroscope,-0.21991149,0.02565634,0.15454891,1566947937832
22793,226,Accelerometer,-7.0209966,-2.9233203,5.9567738,1566947937833
22794,226,Gyroscope,-0.21685717,0.018936822,0.15699236,1566947937842
22795,226,Accelerometer,-7.2065472999999995,-2.846706,5.881356200000001,1566947937843
22796,226,Gyroscope,-0.23701571,0.03359759,0.17409660000000002,1566947937853
22797,226,Accelerometer,-7.131129700000001,-2.6360161,5.729325,1566947937853
22798,226,Gyroscope,-0.25900686,0.062308256,0.18692477,1566947937862
22799,226,Accelerometer,-6.970718400000001,-2.6611552000000005,5.731719,1566947937863
22800,226,Gyroscope,-0.26633725,0.06658431,0.18753563,1566947937872
22801,226,Accelerometer,-7.023391,-2.8538885,5.8322754,1566947937873
22802,226,Gyroscope,-0.25228736,0.05009095,0.17592919,1566947937882
22803,226,Accelerometer,-7.060500599999999,-2.9556419999999997,5.9160724,1566947937883
22804,226,Gyroscope,-0.24007004,0.04520403,0.15088372,1566947937892
22805,226,Accelerometer,-7.186196300000001,-3.1076740000000003,5.98311,1566947937893
22806,226,Gyroscope,-0.2302962,0.057421334000000004,0.1386664,1566947937902
22807,226,Accelerometer,-7.420828299999999,-3.1148564999999997,5.889736,1566947937903
22808,226,Gyroscope,-0.24678956,0.093462385,0.14049901,1566947937912
22809,226,Accelerometer,-7.437587700000001,-3.0729580000000003,5.747281,1566947937913
22810,226,Gyroscope,-0.26694809999999997,0.12644911,0.1441642,1566947937922
22811,226,Accelerometer,-7.366958599999999,-3.0693667000000002,5.7161565,1566947937923
22812,226,Gyroscope,-0.25717425,0.14905111,0.14844026,1566947937932
22813,226,Accelerometer,-7.2460512999999995,-3.1735144,5.741296,1566947937933
22814,226,Gyroscope,-0.2443461,0.14844026,0.15515977,1566947937942
22815,226,Accelerometer,-7.0940194000000005,-3.217807,5.7089739999999995,1566947937943
22816,226,Gyroscope,-0.23273966,0.1563815,0.16737708,1566947937952
22817,226,Accelerometer,-7.127538700000001,-3.1004913,5.7137623,1566947937953
22818,226,Gyroscope,-0.22724187,0.17165314,0.1826487,1566947937962
22819,226,Accelerometer,-7.2831616,-2.858677,5.6898203,1566947937963
22820,226,Gyroscope,-0.23335053,0.17654006,0.19242255,1566947937972
22821,226,Accelerometer,-7.550114999999999,-2.6839,5.631162000000001,1566947937973
22822,226,Gyroscope,-0.24923302,0.172264,0.18753563,1566947937982
22823,226,Accelerometer,-7.7224975,-2.5953147,5.657499,1566947937983
22824,226,Gyroscope,-0.258396,0.17043139999999998,0.17104226,1566947937992
22825,226,Accelerometer,-7.9248075,-2.6898855999999998,5.7963624000000005,1566947937993
22826,226,Gyroscope,-0.26694809999999997,0.1777618,0.15577064,1566947938002
22827,226,Accelerometer,-8.094796,-2.682703,5.8478374,1566947938003
22828,226,Gyroscope,-0.28344148,0.21868975,0.13927728,1566947938012
22829,226,Accelerometer,-7.983465700000001,-2.6479871,5.8789620000000005,1566947938013
22830,226,Gyroscope,-0.28344148,0.28221974,0.12889257,1566947938022
22831,226,Accelerometer,-7.813477000000001,-2.7138276,5.9041014,1566947938023
22832,226,Gyroscope,-0.27366763,0.35918877,0.12034045,1566947938033
22833,226,Accelerometer,-7.6494746,-2.9053638,5.923255,1566947938033
22834,226,Gyroscope,-0.26022860000000003,0.40256020000000003,0.11789699,1566947938042
22835,226,Accelerometer,-7.612364299999999,-3.0478187,5.8203044,1566947938043
22836,226,Gyroscope,-0.25595254,0.4288274,0.1142318,1566947938052
22837,226,Accelerometer,-7.529764,-2.954445,5.705383,1566947938053
22838,226,Gyroscope,-0.24923302,0.43615779999999993,0.106901415,1566947938062
22839,226,Accelerometer,-7.524976,-2.7509377,5.5581393,1566947938063
22840,226,Gyroscope,-0.24129178,0.42455134,0.092240654,1566947938072
22841,226,Accelerometer,-7.6710224,-2.597709,5.368997,1566947938073
22842,226,Gyroscope,-0.2302962,0.3903429,0.073303826,1566947938082
22843,226,Accelerometer,-7.869741,-2.4552537999999995,5.2421045,1566947938083
22844,226,Gyroscope,-0.21991149,0.34330627,0.055588737,1566947938093
22845,226,Accelerometer,-8.016983999999999,-2.397793,5.0840874000000005,1566947938093
22846,226,Gyroscope,-0.19914207,0.29749137,0.04886922,1566947938102
22847,226,Accelerometer,-8.125919999999999,-2.4349031,5.018246700000001,1566947938103
22848,226,Gyroscope,-0.17409660000000002,0.25717425,0.04642576,1566947938112
22849,226,Accelerometer,-8.160637,-2.5067291000000003,5.0158525,1566947938113
22850,226,Gyroscope,-0.1441642,0.21197024,0.04337143,1566947938122
22851,226,Accelerometer,-8.076839,-2.517503,5.019444,1566947938123
22852,226,Gyroscope,-0.12767084,0.16798794,0.03726278,1566947938132
22853,226,Accelerometer,-7.9391727,-2.5043349999999998,4.973954,1566947938133
22854,226,Gyroscope,-0.11789699,0.13072516,0.029321532999999997,1566947938142
22855,226,Accelerometer,-7.723694999999999,-2.4839842,4.9344497,1566947938143
22856,226,Gyroscope,-0.10751228,0.10751228,0.014660766,1566947938153
22857,226,Accelerometer,-7.467515,-2.5366566,5.020641,1566947938153
22858,226,Gyroscope,-0.09101892,0.09407325,-0.0018325957999999999,1566947938162
22859,226,Accelerometer,-7.5082164,-2.5498247000000003,5.090072599999999,1566947938163
22860,226,Gyroscope,-0.06536258,0.09712757,-0.007941248,1566947938172
22861,226,Accelerometer,-7.548918,-2.4768016,5.121197,1566947938173
22862,226,Gyroscope,-0.035430185,0.09407325,-0.009773844,1566947938182
22863,226,Accelerometer,-7.5273699999999995,-2.4863784,5.1930237,1566947938183
22864,226,Gyroscope,0.037873644,0.06841691,-0.028099801,1566947938192
22865,226,Accelerometer,-7.45315,-2.5905263,5.2444987,1566947938193
22866,226,Gyroscope,0.08979719,0.029321532999999997,-0.05131268,1566947938203
22867,226,Accelerometer,-7.4950485,-2.622848,5.3247046,1566947938203
22868,226,Gyroscope,0.13011430000000002,-0.017104227,-0.08307768,1566947938212
22869,226,Accelerometer,-7.60997,-2.5510217999999996,5.201403,1566947938213
22870,226,Gyroscope,0.14721853,-0.06414085,-0.106901415,1566947938222
22871,226,Accelerometer,-7.6949644,-2.4061728,5.1547165,1566947938223
22872,226,Gyroscope,0.15882497,-0.12278391400000001,-0.124005646,1566947938232
22873,226,Accelerometer,-7.8853035,-2.315193,5.1798553,1566947938233
22874,226,Gyroscope,0.17531833,-0.16737708,-0.12644911,1566947938242
22875,226,Accelerometer,-7.973889,-2.2026656000000004,5.3019595,1566947938243
22876,226,Gyroscope,0.18448131,-0.1966986,-0.12950343,1566947938252
22877,226,Accelerometer,-7.991845,-2.0781669999999997,5.4683566,1566947938253
22878,226,Gyroscope,0.17837265,-0.20280726,-0.1337795,1566947938263
22879,226,Accelerometer,-7.9427642999999994,-2.0350714,5.544971,1566947938263
22880,226,Gyroscope,0.15760323,-0.19303341,-0.124005646,1566947938272
22881,226,Accelerometer,-7.880514999999999,-2.0781669999999997,5.6910176,1566947938273
22882,226,Gyroscope,0.14538592,-0.18020524,-0.111177474,1566947938282
22883,226,Accelerometer,-7.771578999999999,-2.1021092,5.895722,1566947938283
22884,226,Gyroscope,0.14110987,-0.15882497,-0.105068825,1566947938292
22885,226,Accelerometer,-7.584830800000001,-2.1057005,6.0561333,1566947938293
22886,226,Gyroscope,0.13316862,-0.13011430000000002,-0.099571034,1566947938302
22887,226,Accelerometer,-7.457938,-2.1452047999999997,5.9124813,1566947938303
22888,226,Gyroscope,0.12705997,-0.10995574,-0.09407325,1566947938312
22889,226,Accelerometer,-7.48188,-2.1583729,5.718550700000001,1566947938313
22890,226,Gyroscope,0.11728613,-0.08246681,-0.08674286,1566947938323
22891,226,Accelerometer,-7.457938,-2.1188686000000003,5.6407394,1566947938323
22892,226,Gyroscope,0.11545353400000001,-0.05497787,-0.08124508,1566947938332
22893,226,Accelerometer,-7.461529700000001,-2.0709844,5.601235,1566947938333
22894,226,Gyroscope,0.12095132,-0.040927973,-0.07819075,1566947938342
22895,226,Accelerometer,-7.4758949999999995,-1.9656396,5.60722,1566947938343
22896,226,Gyroscope,0.116675265,-0.029932396,-0.0842994,1566947938352
22897,226,Accelerometer,-7.353790299999999,-1.8303672,5.677849299999999,1566947938353
22898,226,Gyroscope,0.11178834,-0.02076942,-0.08857546,1566947938362
22899,226,Accelerometer,-7.398083,-1.7956512999999998,5.681441,1566947938363
22900,226,Gyroscope,0.10873401,-0.028710667000000002,-0.09407325,1566947938373
22901,226,Accelerometer,-7.541735000000001,-1.8243817,5.60722,1566947938373
22902,226,Gyroscope,0.08796459400000001,-0.035430185,-0.10079276599999999,1566947938382
22903,226,Accelerometer,-7.5106106,-1.8507179,5.4515970000000005,1566947938383
22904,226,Gyroscope,0.06719518,-0.06169739,-0.10751228,1566947938392
22905,226,Accelerometer,-7.3657618000000005,-2.0278888,5.3330839999999995,1566947938393
22906,226,Gyroscope,0.06963864,-0.09407325,-0.12278391400000001,1566947938402
22907,226,Accelerometer,-7.2867527,-2.3187842,5.3833623,1566947938403
22908,226,Gyroscope,0.08246681,-0.13805555,-0.14355333,1566947938412
22909,226,Accelerometer,-7.4028716,-2.4253263,5.418078400000001,1566947938413
22910,226,Gyroscope,0.08552113,-0.20708331,-0.15332718,1566947938422
22911,226,Accelerometer,-7.5764512999999996,-2.3139958,5.4575830000000005,1566947938423
22912,226,Gyroscope,0.08307768,-0.20647246,-0.14599679999999998,1566947938433
22913,226,Accelerometer,-7.37055,-2.2110453,5.523423,1566947938433
22914,226,Gyroscope,0.093462385,-0.19120082,-0.14049901,1566947938442
22915,226,Accelerometer,-7.2915410000000005,-2.2589292999999997,5.750872599999999,1566947938443
22916,226,Gyroscope,0.10751228,-0.15821409,-0.13072516,1566947938452
22917,226,Accelerometer,-7.350199000000001,-2.3523033,6.0262055,1566947938453
22918,226,Gyroscope,0.1142318,-0.1160644,-0.10934488,1566947938462
22919,226,Accelerometer,-7.420828299999999,-2.3870192,6.1602809999999995,1566947938463
22920,226,Gyroscope,0.10995574,-0.07941248,-0.08368854,1566947938472
22921,226,Accelerometer,-7.5692687,-2.3882163,6.26802,1566947938473
22922,226,Gyroscope,0.095294975,-0.03848451,-0.056199603,1566947938482
22923,226,Accelerometer,-7.6794020000000005,-2.4085669999999997,6.337452,1566947938483
22924,226,Gyroscope,0.06780604,-0.004886922,-0.021380282999999996,1566947938493
22925,226,Accelerometer,-7.81228,-2.4013843999999995,6.293158999999999,1566947938493
22926,226,Gyroscope,0.03848451,0.035430185,0.013439035,1566947938502
22927,226,Accelerometer,-7.747636999999999,-2.3678656000000005,6.26802,1566947938503
22928,226,Gyroscope,0.021380282999999996,0.08246681,0.049480084,1566947938512
22929,226,Accelerometer,-7.714117999999999,-2.4157495,6.075287,1566947938513
22930,226,Gyroscope,0.0012217305,0.11178834,0.08124508,1566947938522
22931,226,Accelerometer,-7.6219410000000005,-2.3439236,5.785588300000001,1566947938523
22932,226,Gyroscope,-0.014660766,0.13988814,0.10445796,1566947938532
22933,226,Accelerometer,-7.4471645,-2.1703438999999998,5.589264,1566947938533
22934,226,Gyroscope,-0.018325957,0.15088372,0.11362094,1566947938542
22935,226,Accelerometer,-7.325060000000001,-2.1057005,5.5377884,1566947938543
22936,226,Gyroscope,-0.014049901000000002,0.14355333,0.10445796,1566947938553
22937,226,Accelerometer,-7.351396,-2.0530279,5.4695540000000005,1566947938553
22938,226,Gyroscope,-0.012217305,0.13255776,0.07696902,1566947938562
22939,226,Accelerometer,-7.4507556,-1.9823990000000002,5.415684,1566947938563
22940,226,Gyroscope,-0.016493361,0.116675265,0.04337143,1566947938572
22941,226,Accelerometer,-7.5644803,-1.9512744,5.3618144999999995,1566947938573
22942,226,Gyroscope,-0.018936822,0.089186326,0.009162978,1566947938582
22943,226,Accelerometer,-7.6470804,-2.0207062,5.3211129999999995,1566947938583
22944,226,Gyroscope,-0.00061086525,0.049480084,-0.030543262,1566947938592
22945,226,Accelerometer,-7.6518690000000005,-2.2266076,5.3785739999999995,1566947938593
22946,226,Gyroscope,0.032986722999999996,0.009773844,-0.059253927000000005,1566947938603
22947,226,Accelerometer,-7.7201033,-2.5258827,5.4623713,1566947938603
22948,226,Gyroscope,0.06780604,-0.020158553,-0.07513642,1566947938612
22949,226,Accelerometer,-7.813477000000001,-2.847903,5.4384294,1566947938613
22950,226,Gyroscope,0.086132,-0.0421497,-0.06963864,1566947938622
22951,226,Accelerometer,-7.703344,-2.8670566,5.4575830000000005,1566947938623
22952,226,Gyroscope,0.09712757,-0.06536258,-0.06047566,1566947938632
22953,226,Accelerometer,-7.587225,-2.8634652999999997,5.567716000000001,1566947938633
22954,226,Gyroscope,0.10812314599999999,-0.081855945,-0.0580322,1566947938642
22955,226,Accelerometer,-7.5429325,-2.8407204,5.659893,1566947938643
22956,226,Gyroscope,0.111177474,-0.09590584,-0.054367005999999996,1566947938652
22957,226,Accelerometer,-7.492654300000001,-2.7437549999999997,5.66109,1566947938653
22958,226,Gyroscope,0.10262536,-0.09468412,-0.05497787,1566947938663
22959,226,Accelerometer,-7.366958599999999,-2.5785553,5.7819970000000005,1566947938663
22960,226,Gyroscope,0.095294975,-0.08124508,-0.06414085,1566947938672
22961,226,Accelerometer,-7.363367599999999,-2.4947581000000003,5.843049,1566947938673
22962,226,Gyroscope,0.09468412,-0.081855945,-0.07574729,1566947938682
22963,226,Accelerometer,-7.284358500000001,-2.3906104999999997,5.9005103,1566947938683
22964,226,Gyroscope,0.08857546,-0.07880162,-0.08368854,1566947938692
22965,226,Accelerometer,-7.2245035,-2.3582888,5.997475,1566947938693
22966,226,Gyroscope,0.086132,-0.069027774,-0.093462385,1566947938702
22967,226,Accelerometer,-7.2149267,-2.4085669999999997,6.048950700000001,1566947938703
22968,226,Gyroscope,0.07574729,-0.05497787,-0.10445796,1566947938713
22969,226,Accelerometer,-7.2759789999999995,-2.585738,6.112396700000001,1566947938713
22970,226,Gyroscope,0.06169739,-0.040927973,-0.10629055,1566947938722
22971,226,Accelerometer,-7.468712299999999,-2.6862943,6.0764837,1566947938723
22972,226,Gyroscope,0.03726278,-0.02321288,-0.09468412,1566947938732
22973,226,Accelerometer,-7.502231,-2.7126305,6.081272,1566947938733
22974,226,Gyroscope,0.014049901000000002,0.009773844,-0.076358154,1566947938742
22975,226,Accelerometer,-7.502231,-2.7712884,6.0333879999999995,1566947938743
22976,226,Gyroscope,-0.0012217305,0.03726278,-0.058643065,1566947938752
22977,226,Accelerometer,-7.489063000000001,-2.8862102000000003,5.9807158,1566947938753
22978,226,Gyroscope,-0.014049901000000002,0.05009095,-0.040927973,1566947938762
22979,226,Accelerometer,-7.422025,-2.9209259999999997,5.887341999999999,1566947938763
22980,226,Gyroscope,-0.022602014,0.061086524,-0.028099801,1566947938773
22981,226,Accelerometer,-7.390900599999999,-2.8921957000000003,5.8693852,1566947938773
22982,226,Gyroscope,-0.029321532999999997,0.06780604,-0.019547688,1566947938782
22983,226,Accelerometer,-7.37055,-2.8119897999999997,5.853823,1566947938783
22984,226,Gyroscope,-0.03481932,0.06841691,-0.01282817,1566947938792
22985,226,Accelerometer,-7.339425,-2.7736826,5.7784057,1566947938793
22986,226,Gyroscope,-0.040927973,0.06597344599999999,-0.01160644,1566947938802
22987,226,Accelerometer,-7.3178773,-2.7437549999999997,5.697003,1566947938803
22988,226,Gyroscope,-0.04886922,0.062308256,-0.01282817,1566947938812
22989,226,Accelerometer,-7.3047094,-2.7018566,5.6790465999999995,1566947938813
22990,226,Gyroscope,-0.06169739,0.0580322,-0.018325957,1566947938822
22991,226,Accelerometer,-7.2484455,-2.6276363999999997,5.738901599999999,1566947938823
22992,226,Gyroscope,-0.059864793,0.044593163,-0.022602014,1566947938832
22993,226,Accelerometer,-7.2664022,-2.6372132,5.726930599999999,1566947938833
22994,226,Gyroscope,-0.05131268,0.03848451,-0.031154128,1566947938842
22995,226,Accelerometer,-7.271190600000001,-2.731784,5.783194,1566947938843
22996,226,Gyroscope,-0.040317107000000005,0.03726278,-0.036651913,1566947938852
22997,226,Accelerometer,-7.325060000000001,-2.846706,5.8741736,1566947938853
22998,226,Gyroscope,-0.029321532999999997,0.03481932,-0.03359759,1566947938862
22999,226,Accelerometer,-7.4327993,-2.8514943,5.923255,1566947938863
23000,226,Gyroscope,-0.031154128,0.030543262,-0.026267206,1566947938872
23001,226,Accelerometer,-7.4507556,-2.7928362,5.9041014,1566947938873
23002,226,Gyroscope,-0.03176499,0.020158553,-0.02076942,1566947938883
23003,226,Accelerometer,-7.1981673,-2.8754362999999996,5.971139,1566947938883
23004,226,Gyroscope,-0.035430185,0.032375857,-0.01038471,1566947938892
23005,226,Accelerometer,-7.060500599999999,-2.9089549999999997,5.996278299999999,1566947938893
23006,226,Gyroscope,-0.040927973,0.0421497,0.0030543262,1566947938902
23007,226,Accelerometer,-6.9515649999999996,-2.9364884,5.981913,1566947938903
23008,226,Gyroscope,-0.048258353,0.055588737,0.010995574,1566947938912
23009,226,Accelerometer,-6.743269000000001,-3.0550013,5.996278299999999,1566947938913
23010,226,Gyroscope,-0.059864793,0.08246681,0.022602014,1566947938922
23011,226,Accelerometer,-6.7061589999999995,-3.1148564999999997,5.9651537,1566947938923
23012,226,Gyroscope,-0.06352998,0.12522738,0.03604105,1566947938932
23013,226,Accelerometer,-6.766014,-3.071761,6.0118403,1566947938932
23014,226,Gyroscope,-0.056199603,0.16920967,0.050701816,1566947938943
23015,226,Accelerometer,-6.777985,-3.1387985,5.984307299999999,1566947938943
23016,226,Gyroscope,-0.05009095,0.20097467,0.057421334000000004,1566947938952
23017,226,Accelerometer,-6.8342485,-3.240552,5.886145,1566947938953
23018,226,Gyroscope,-0.03176499,0.21502456,0.06841691,1566947938962
23019,226,Accelerometer,-7.046135400000001,-3.241749,5.7760115,1566947938963
23020,226,Gyroscope,-0.01160644,0.19975294,0.07941248,1566947938972
23021,226,Accelerometer,-7.253234,-3.2237926,5.6706667,1566947938973
23022,226,Gyroscope,0.0030543262,0.18203785,0.09468412,1566947938982
23023,226,Accelerometer,-7.3166804,-3.003526,5.628768,1566947938983
23024,226,Gyroscope,0.01038471,0.16615535,0.116675265,1566947938992
23025,226,Accelerometer,-7.410054,-2.8790276,5.5629277,1566947938993
23026,226,Gyroscope,0.009162978,0.11728613,0.13500121,1566947939002
23027,226,Accelerometer,-7.586028,-2.7712884,5.4432178,1566947939003
23028,226,Gyroscope,0.008552114,0.055588737,0.14355333,1566947939012
23029,226,Accelerometer,-7.653065700000001,-2.693477,5.4683566,1566947939013
23030,226,Gyroscope,0.004886922,0.01282817,0.15332718,1566947939023
23031,226,Accelerometer,-7.632714999999999,-2.5091232999999997,5.5461683,1566947939023
23032,226,Gyroscope,0.0030543262,-0.029932396,0.15943582,1566947939032
23033,226,Accelerometer,-7.571663,-2.349909,5.6108117,1566947939033
23034,226,Gyroscope,0.02321288,-0.06780604,0.14477506,1566947939042
23035,226,Accelerometer,-7.6027875,-2.110489,5.913678,1566947939043
23036,226,Gyroscope,0.048258353,-0.0580322,0.119729586,1566947939052
23037,226,Accelerometer,-7.61835,-1.958457,6.2213330000000004,1566947939053
23038,226,Gyroscope,0.04642576,-0.02565634,0.092240654,1566947939062
23039,226,Accelerometer,-7.7811556,-1.6915035,6.2129536,1566947939063
23040,226,Gyroscope,0.01282817,0.002443461,0.06047566,1566947939072
23041,226,Accelerometer,-7.8865004,-1.292869,6.002263500000001,1566947939073
23042,226,Gyroscope,-0.028099801,0.020158553,0.027488936000000002,1566947939082
23043,226,Accelerometer,-7.845799,-1.1994951,5.877765,1566947939083
23044,226,Gyroscope,-0.06841691,0.03176499,-0.0036651915999999997,1566947939092
23045,226,Accelerometer,-7.6351094,-1.3060371000000002,5.7544637000000005,1566947939093
23046,226,Gyroscope,-0.10567969,0.047036625,-0.02443461,1566947939102
23047,226,Accelerometer,-7.4723034,-1.578976,5.711368,1566947939103
23048,226,Gyroscope,-0.12889257,0.07941248,-0.03970624,1566947939112
23049,226,Accelerometer,-7.4088573,-1.9321207999999999,5.723339,1566947939113
23050,226,Gyroscope,-0.11789699,0.09101892,-0.032986722999999996,1566947939122
23051,226,Accelerometer,-7.346607700000001,-2.2074540000000002,5.748478400000001,1566947939123
23052,226,Gyroscope,-0.09590584,0.08674286,-0.015882496,1566947939132
23053,226,Accelerometer,-7.351396,-2.3918076,5.738901599999999,1566947939133
23054,226,Gyroscope,-0.08246681,0.08857546,0.009162978,1566947939142
23055,226,Accelerometer,-7.4735007,-2.4480712000000002,5.6670755999999995,1566947939143
23056,226,Gyroscope,-0.077579886,0.08124508,0.03604105,1566947939152
23057,226,Accelerometer,-7.5525093,-2.44448,5.556941999999999,1566947939153
23058,226,Gyroscope,-0.07880162,0.064751714,0.06536258,1566947939162
23059,226,Accelerometer,-7.636306299999999,-2.4277205000000004,5.5162406,1566947939163
23060,226,Gyroscope,-0.06841691,0.05681047,0.08796459400000001,1566947939172
23061,226,Accelerometer,-7.779958199999999,-2.3870192,5.529408999999999,1566947939173
23062,226,Gyroscope,-0.052534412999999995,0.057421334000000004,0.10323623,1566947939182
23063,226,Accelerometer,-7.9547353,-2.2385786,5.5341973,1566947939183
23064,226,Gyroscope,-0.0421497,0.061086524,0.11545353400000001,1566947939192
23065,226,Accelerometer,-8.0445175,-2.0254946,5.5102553,1566947939193
23066,226,Gyroscope,-0.03481932,0.070249505,0.12522738,1566947939202
23067,226,Accelerometer,-8.051701,-1.7705121,5.5162406,1566947939203
23068,226,Gyroscope,-0.029932396,0.070249505,0.12950343,1566947939213
23069,226,Accelerometer,-8.000225,-1.5897499,5.5509567,1566947939213
23070,226,Gyroscope,-0.020158553,0.057421334000000004,0.119729586,1566947939222
23071,226,Accelerometer,-7.966706299999999,-1.5083469999999999,5.6227827,1566947939223
23072,226,Gyroscope,-0.007330383,0.032375857,0.10323623,1566947939232
23073,226,Accelerometer,-7.9822683,-1.4161704,5.600037599999999,1566947939233
23074,226,Gyroscope,-0.0012217305,0.007330383,0.0842994,1566947939243
23075,226,Accelerometer,-7.9248075,-1.3862427,5.5581393,1566947939243
23076,226,Gyroscope,-0.0012217305,-0.010995574,0.06658431,1566947939252
23077,226,Accelerometer,-7.8972745,-1.376666,5.482722,1566947939252
23078,226,Gyroscope,0.005497787,-0.03604105,0.044593163,1566947939262
23079,226,Accelerometer,-7.8517847000000005,-1.4556746,5.5042696,1566947939263
23080,226,Gyroscope,0.007941248,-0.04337143,0.014660766,1566947939272
23081,226,Accelerometer,-7.799111999999999,-1.5993267,5.5868697,1566947939273
23082,226,Gyroscope,0.009773844,-0.054367005999999996,-0.010995574,1566947939282
23083,226,Accelerometer,-7.7919292,-1.6783354,5.57849,1566947939283
23084,226,Gyroscope,0.009773844,-0.086132,-0.023823743999999997,1566947939292
23085,226,Accelerometer,-7.656657000000001,-1.6555905,5.625177,1566947939293
23086,226,Gyroscope,-0.008552114,-0.0983493,-0.030543262,1566947939302
23087,226,Accelerometer,-7.413645699999999,-1.6651672999999998,5.7209449999999995,1566947939303
23088,226,Gyroscope,-0.009773844,-0.10323623,-0.039095376,1566947939312
23089,226,Accelerometer,-7.253234,-1.6783354,5.8382607,1566947939313
23090,226,Gyroscope,-0.0030543262,-0.118507855,-0.05009095,1566947939322
23091,226,Accelerometer,-7.108384599999999,-1.6711528000000002,5.8741736,1566947939323
23092,226,Gyroscope,-0.0030543262,-0.11789699,-0.06169739,1566947939332
23093,226,Accelerometer,-6.9515649999999996,-1.6795325,5.920861,1566947939333
23094,226,Gyroscope,0.005497787,-0.10079276599999999,-0.0842994,1566947939342
23095,226,Accelerometer,-6.992266000000001,-1.6819267,6.023811299999999,1566947939343
23096,226,Gyroscope,0.004886922,-0.045814894,-0.10629055,1566947939352
23097,226,Accelerometer,-7.079654,-1.7070657999999999,6.159084,1566947939353
23098,226,Gyroscope,-0.009162978,0.002443461,-0.11728613,1566947939362
23099,226,Accelerometer,-7.267599000000001,-1.7848773999999998,6.2129536,1566947939363
23100,226,Gyroscope,-0.030543262,0.05497787,-0.12217305,1566947939373
23101,226,Accelerometer,-7.3897038,-1.8674773,6.2704144,1566947939373
23102,226,Gyroscope,-0.052534412999999995,0.116675265,-0.11911872,1566947939382
23103,226,Accelerometer,-7.529764,-2.0374656000000004,6.289568,1566947939383
23104,226,Gyroscope,-0.076358154,0.1685988,-0.10262536,1566947939392
23105,226,Accelerometer,-7.699753,-2.2313959999999997,6.131551,1566947939393
23106,226,Gyroscope,-0.09468412,0.19547687,-0.077579886,1566947939403
23107,226,Accelerometer,-7.8062944000000005,-2.457648,5.8933277,1566947939403
23108,226,Gyroscope,-0.10079276599999999,0.18203785,-0.053145275,1566947939412
23109,226,Accelerometer,-7.9990277,-2.610877,5.662287,1566947939413
23110,226,Gyroscope,-0.10873401,0.13988814,-0.030543262,1566947939423
23111,226,Accelerometer,-8.091205,-2.5845408,5.4671597,1566947939423
23112,226,Gyroscope,-0.11484267,0.07880162,-0.014660766,1566947939432
23113,226,Accelerometer,-8.084022000000001,-2.517503,5.3642087,1566947939433
23114,226,Gyroscope,-0.12217305,0.034208454,-0.002443461,1566947939442
23115,226,Accelerometer,-7.996633500000001,-2.4708161,5.3905449999999995,1566947939443
23116,226,Gyroscope,-0.1386664,-0.012217305,0.0067195175,1566947939453
23117,226,Accelerometer,-7.8996687,-2.4588451,5.420472599999999,1566947939453
23118,226,Gyroscope,-0.15088372,-0.056199603,0.016493361,1566947939462
23119,226,Accelerometer,-7.7224975,-2.493561,5.565322,1566947939463
23120,226,Gyroscope,-0.16187929,-0.06291912,0.035430185,1566947939472
23121,226,Accelerometer,-7.467515,-2.4947581000000003,5.730521700000001,1566947939473
23122,226,Gyroscope,-0.16310102,-0.047647487,0.059864793,1566947939483
23123,226,Accelerometer,-7.2209125,-2.5079262000000004,5.8634,1566947939483
23124,226,Gyroscope,-0.14844026,-0.018936822,0.07391469,1566947939492
23125,226,Accelerometer,-7.0880339999999995,-2.6084828,6.0441623,1566947939493
23126,226,Gyroscope,-0.12950343,-0.002443461,0.0842994,1566947939502
23127,226,Accelerometer,-7.1610575,-2.5594015,6.0836663,1566947939504
23128,226,Gyroscope,-0.1142318,0.03970624,0.096516706,1566947939512
23129,226,Accelerometer,-7.1454949999999995,-2.3427265,6.029797,1566947939513
23130,226,Gyroscope,-0.0983493,0.08002335,0.08552113,1566947939522
23131,226,Accelerometer,-7.107187700000001,-2.2349873,6.027403,1566947939523
23132,226,Gyroscope,-0.07513642,0.09162979,0.06414085,1566947939532
23133,226,Accelerometer,-7.254431200000001,-2.3391352000000003,5.9651537,1566947939533
23134,226,Gyroscope,-0.059253927000000005,0.10567969,0.047647487,1566947939542
23135,226,Accelerometer,-7.313089,-2.3379380000000003,5.8586116,1566947939543
23136,226,Gyroscope,-0.047036625,0.11362094,0.040927973,1566947939552
23137,226,Accelerometer,-7.396886299999999,-2.3139958,5.777209,1566947939553
23138,226,Gyroscope,-0.032375857,0.11056661,0.032986722999999996,1566947939562
23139,226,Accelerometer,-7.4124484,-2.3546975,5.7209449999999995,1566947939563
23140,226,Gyroscope,-0.014660766,0.08796459400000001,0.028099801,1566947939572
23141,226,Accelerometer,-7.496245399999999,-2.4109612,5.710171,1566947939573
23142,226,Gyroscope,0.0036651915999999997,0.06169739,0.028099801,1566947939582
23143,226,Accelerometer,-7.515399,-2.4265234,5.685032,1566947939583
23144,226,Gyroscope,0.0067195175,0.03481932,0.023823743999999997,1566947939592
23145,226,Accelerometer,-7.541735000000001,-2.4851813,5.825093,1566947939593
23146,226,Gyroscope,0.0030543262,0.028710667000000002,0.019547688,1566947939602
23147,226,Accelerometer,-7.659051400000001,-2.5210943,5.853823,1566947939603
23148,226,Gyroscope,-0.004886922,0.039095376,0.019547688,1566947939612
23149,226,Accelerometer,-7.747636999999999,-2.4492682999999995,5.9124813,1566947939613
23150,226,Gyroscope,-0.017104227,0.06414085,0.018325957,1566947939623
23151,226,Accelerometer,-7.7667904000000005,-2.4121582999999998,5.935226,1566947939623
23152,226,Gyroscope,-0.029321532999999997,0.09040806,0.012217305,1566947939632
23153,226,Accelerometer,-7.751228,-2.3965959999999997,5.8933277,1566947939633
23154,226,Gyroscope,-0.03604105,0.111177474,0.002443461,1566947939642
23155,226,Accelerometer,-7.6853875999999985,-2.4145525,5.8801594,1566947939643
23156,226,Gyroscope,-0.03970624,0.116675265,-0.017715093,1566947939652
23157,226,Accelerometer,-7.723694999999999,-2.4289176,5.8693852,1566947939653
23158,226,Gyroscope,-0.05131268,0.12767084,-0.040317107000000005,1566947939662
23159,226,Accelerometer,-7.659051400000001,-2.4851813,5.815516000000001,1566947939663
23160,226,Gyroscope,-0.06169739,0.14049901,-0.056199603,1566947939672
23161,226,Accelerometer,-7.6578539999999995,-2.5342624,5.718550700000001,1566947939673
23162,226,Gyroscope,-0.06780604,0.13439035,-0.06169739,1566947939682
23163,226,Accelerometer,-7.654263,-2.552219,5.6179943,1566947939683
23164,226,Gyroscope,-0.07819075,0.1282817,-0.055588737,1566947939692
23165,226,Accelerometer,-7.493850999999999,-2.5570072999999995,5.5018754,1566947939693
23166,226,Gyroscope,-0.08368854,0.11545353400000001,-0.040317107000000005,1566947939702
23167,226,Accelerometer,-7.414842599999999,-2.5881321,5.5282116,1566947939703
23168,226,Gyroscope,-0.076358154,0.099571034,-0.032986722999999996,1566947939712
23169,226,Accelerometer,-7.353790299999999,-2.5558102000000003,5.487509999999999,1566947939713
23170,226,Gyroscope,-0.07269296,0.08674286,-0.027488936000000002,1566947939722
23171,226,Accelerometer,-7.303512,-2.4756044999999998,5.4539914000000005,1566947939723
23172,226,Gyroscope,-0.07086037,0.069027774,-0.029321532999999997,1566947939732
23173,226,Accelerometer,-7.2963295,-2.4756044999999998,5.5006785,1566947939733
23174,226,Gyroscope,-0.073303826,0.047036625,-0.02687807,1566947939742
23175,226,Accelerometer,-7.3322425,-2.4839842,5.5222263,1566947939743
23176,226,Gyroscope,-0.07880162,0.023823743999999997,-0.026267206,1566947939752
23177,226,Accelerometer,-7.356185000000001,-2.4624363999999996,5.5581393,1566947939753
23178,226,Gyroscope,-0.08368854,0.0061086523,-0.026267206,1566947939762
23179,226,Accelerometer,-7.328651400000001,-2.5091232999999997,5.5545480000000005,1566947939763
23180,226,Gyroscope,-0.08857546,-0.009162978,-0.018325957,1566947939773
23181,226,Accelerometer,-7.2580222999999995,-2.565387,5.580883999999999,1566947939773
23182,226,Gyroscope,-0.08552113,-0.010995574,-0.0067195175,1566947939782
23183,226,Accelerometer,-7.232883500000001,-2.6503813,5.626374,1566947939783
23184,226,Gyroscope,-0.081855945,-0.01282817,0.0030543262,1566947939792
23185,226,Accelerometer,-7.2352777,-2.8083985,5.6802435,1566947939793
23186,226,Gyroscope,-0.08124508,-0.0036651915999999997,0.014660766,1566947939802
23187,226,Accelerometer,-7.250839699999999,-2.9269116000000004,5.7245364,1566947939803
23188,226,Gyroscope,-0.07941248,0.013439035,0.028710667000000002,1566947939812
23189,226,Accelerometer,-7.2628107,-3.0226796,5.74369,1566947939813
23190,226,Gyroscope,-0.07941248,0.029321532999999997,0.04886922,1566947939822
23191,226,Accelerometer,-7.2388687,-3.110068,5.7257333,1566947939823
23192,226,Gyroscope,-0.07941248,0.035430185,0.062308256,1566947939832
23193,226,Accelerometer,-7.228095,-3.1435869,5.695806,1566947939833
23194,226,Gyroscope,-0.07391469,0.0421497,0.07147124,1566947939842
23195,226,Accelerometer,-7.2113357,-3.1376014,5.711368,1566947939843
23196,226,Gyroscope,-0.062308256,0.030543262,0.077579886,1566947939852
23197,226,Accelerometer,-7.225700999999999,-3.145981,5.738901599999999,1566947939853
23198,226,Gyroscope,-0.05009095,0.015271631,0.07391469,1566947939862
23199,226,Accelerometer,-7.2975270000000005,-3.0969,5.7065797,1566947939863
23200,226,Gyroscope,-0.047647487,0.01160644,0.070249505,1566947939872
23201,226,Accelerometer,-7.2867527,-3.0107086,5.659893,1566947939872
23202,226,Gyroscope,-0.0580322,0.005497787,0.06719518,1566947939882
23203,226,Accelerometer,-7.3549875999999985,-2.9879637000000003,5.6108117,1566947939883
23204,226,Gyroscope,-0.064751714,-0.014049901000000002,0.06291912,1566947939892
23205,226,Accelerometer,-7.505822,-2.9424740000000003,5.603629,1566947939893
23206,226,Gyroscope,-0.07513642,-0.029321532999999997,0.053145275,1566947939902
23207,226,Accelerometer,-7.4746976,-2.9221232,5.6096144,1566947939903
23208,226,Gyroscope,-0.07513642,-0.043982297000000004,0.06291912,1566947939912
23209,226,Accelerometer,-7.529764,-2.837129,5.628768,1566947939913
23210,226,Gyroscope,-0.07941248,-0.054367005999999996,0.073303826,1566947939922
23211,226,Accelerometer,-7.407660000000001,-2.7497406000000004,5.7245364,1566947939923
23212,226,Gyroscope,-0.08246681,-0.076358154,0.081855945,1566947939932
23213,226,Accelerometer,-7.5644803,-2.6755204,5.7903767,1566947939933
23214,226,Gyroscope,-0.09101892,-0.07086037,0.09712757,1566947939942
23215,226,Accelerometer,-7.479486,-2.6156653999999997,5.901707,1566947939943
23216,226,Gyroscope,-0.11362094,-0.047647487,0.11911872,1566947939952
23217,226,Accelerometer,-7.538144,-2.4791958,5.8083334,1566947939953
23218,226,Gyroscope,-0.1423316,-0.045814894,0.13500121,1566947939962
23219,226,Accelerometer,-7.605181699999999,-2.4013843999999995,5.7041855,1566947939963
23220,226,Gyroscope,-0.17104226,-0.061086524,0.15271631,1566947939972
23221,226,Accelerometer,-7.587225,-2.3223755,5.681441,1566947939973
23222,226,Gyroscope,-0.19486602,-0.06719518,0.1685988,1566947939982
23223,226,Accelerometer,-7.514202,-2.2230163,5.710171,1566947939983
23224,226,Gyroscope,-0.21563543,-0.06047566,0.18142697,1566947939992
23225,226,Accelerometer,-7.3214690000000004,-2.0518308000000003,5.7999535,1566947939993
23226,226,Gyroscope,-0.22907446,-0.03726278,0.20097467,1566947940002
23227,226,Accelerometer,-7.1945763,-2.0757727999999998,5.831078,1566947940003
23228,226,Gyroscope,-0.23457226,-0.004886922,0.21746802,1566947940012
23229,226,Accelerometer,-7.1742253,-2.1260512,5.9029045,1566947940013
23230,226,Gyroscope,-0.21868975,0.018936822,0.23579398,1566947940023
23231,226,Accelerometer,-7.350199000000001,-2.0685901999999996,5.8634,1566947940023
23232,226,Gyroscope,-0.21074851,0.056199603,0.267559,1566947940032
23233,226,Accelerometer,-7.3777327999999995,-1.9021933000000002,5.718550700000001,1566947940033
23234,226,Gyroscope,-0.22235495,0.09285152,0.28771752,1566947940042
23235,226,Accelerometer,-7.455544000000001,-1.7944542,5.566519,1566947940043
23236,226,Gyroscope,-0.22724187,0.1142318,0.29565877,1566947940052
23237,226,Accelerometer,-7.629123700000001,-1.7381904,5.397728,1566947940053
23238,226,Gyroscope,-0.24129178,0.10812314599999999,0.28771752,1566947940062
23239,226,Accelerometer,-7.799111999999999,-1.7262194,5.1343656,1566947940063
23240,226,Gyroscope,-0.26206118,0.07452556,0.27488935,1566947940072
23241,226,Accelerometer,-7.961917999999999,-1.6735470000000001,5.01705,1566947940073
23242,226,Gyroscope,-0.26878070000000004,0.03848451,0.258396,1566947940082
23243,226,Accelerometer,-8.034941,-1.567005,5.066130599999999,1566947940083
23244,226,Gyroscope,-0.26878070000000004,0.013439035,0.23823744,1566947940092
23245,226,Accelerometer,-8.013392999999999,-1.4425066,5.09127,1566947940093
23246,226,Gyroscope,-0.27488935,-0.018325957,0.22235495,1566947940102
23247,226,Accelerometer,-8.031349,-1.3958195,5.221754,1566947940103
23248,226,Gyroscope,-0.27305678,-0.040317107000000005,0.20036379999999998,1566947940112
23249,226,Accelerometer,-8.038532,-1.4041992,5.432443599999999,1566947940113
23250,226,Gyroscope,-0.26572640000000003,-0.062308256,0.17531833,1566947940122
23251,226,Accelerometer,-8.066066000000001,-1.4664485,5.567716000000001,1566947940123
23252,226,Gyroscope,-0.25473082,-0.08002335,0.14782938,1566947940132
23253,226,Accelerometer,-8.125919999999999,-1.567005,5.639542,1566947940133
23254,226,Gyroscope,-0.24373524,-0.0842994,0.12522738,1566947940142
23255,226,Accelerometer,-8.196549000000001,-1.62686,5.677849299999999,1566947940143
23256,226,Gyroscope,-0.23151793,-0.07880162,0.11362094,1566947940152
23257,226,Accelerometer,-8.207322999999999,-1.6927006000000002,5.665878299999999,1566947940153
23258,226,Gyroscope,-0.23151793,-0.07086037,0.111177474,1566947940162
23259,226,Accelerometer,-8.172607000000001,-1.7489643,5.6227827,1566947940163
23260,226,Gyroscope,-0.23823744,-0.057421334000000004,0.11911872,1566947940172
23261,226,Accelerometer,-8.110358,-1.7944542,5.5737014,1566947940173
23262,226,Gyroscope,-0.24801129,-0.04642576,0.13805555,1566947940182
23263,226,Accelerometer,-7.884106,-1.7298107,5.5509567,1566947940183
23264,226,Gyroscope,-0.25595254,-0.037873644,0.15332718,1566947940192
23265,226,Accelerometer,-7.655460000000001,-1.6244658,5.6826377,1566947940193
23266,226,Gyroscope,-0.24801129,-0.028710667000000002,0.15760323,1566947940202
23267,226,Accelerometer,-7.553706,-1.4975731,5.828684,1566947940203
23268,226,Gyroscope,-0.23884831,-0.018325957,0.14782938,1566947940212
23269,226,Accelerometer,-7.4986396,-1.3754688999999998,5.949591000000001,1566947940213
23270,226,Gyroscope,-0.23273966,-0.0067195175,0.13500121,1566947940222
23271,226,Accelerometer,-7.380127000000001,-1.2617443000000002,6.1088057000000004,1566947940223
23272,226,Gyroscope,-0.21868975,-0.013439035,0.11789699,1566947940232
23273,226,Accelerometer,-7.231686,-1.292869,6.348225599999999,1566947940233
23274,226,Gyroscope,-0.18631389999999998,-0.014660766,0.093462385,1566947940242
23275,226,Accelerometer,-7.3430165999999994,-1.4915876000000001,6.525397,1566947940243
23276,226,Gyroscope,-0.15210545,-0.015882496,0.07941248,1566947940252
23277,226,Accelerometer,-7.584830800000001,-1.5705963,6.4882865,1566947940253
23278,226,Gyroscope,-0.14538592,0.03604105,0.08368854,1566947940263
23279,226,Accelerometer,-7.7667904000000005,-1.484405,6.2009826,1566947940263
23280,226,Gyroscope,-0.17715092,0.08857546,0.09407325,1566947940272
23281,226,Accelerometer,-7.639898,-1.389834,5.932832,1566947940273
23282,226,Gyroscope,-0.19608775,0.12095132,0.1020145,1566947940282
23283,226,Accelerometer,-7.5273699999999995,-1.4760253,5.8789620000000005,1566947940283
23284,226,Gyroscope,-0.19792034,0.11056661,0.09773844,1566947940293
23285,226,Accelerometer,-7.49026,-1.6460136000000003,5.8574142,1566947940293
23286,226,Gyroscope,-0.19730948,0.095294975,0.08246681,1566947940302
23287,226,Accelerometer,-7.4746976,-1.6555905,5.8394580000000005,1566947940303
23288,226,Gyroscope,-0.20341812,0.1020145,0.06536258,1566947940312
23289,226,Accelerometer,-7.438784599999999,-1.5502456,5.746084,1566947940313
23290,226,Gyroscope,-0.21197024,0.10445796,0.040927973,1566947940322
23291,226,Accelerometer,-7.3645644,-1.5155296,5.6156,1566947940323
23292,226,Gyroscope,-0.21685717,0.08002335,0.010995574,1566947940332
23293,226,Accelerometer,-7.444770299999999,-1.6017209,5.422867,1566947940333
23294,226,Gyroscope,-0.21930063,0.047036625,-0.032986722999999996,1566947940342
23295,226,Accelerometer,-7.381324,-1.7202339,5.3007627,1566947940343
23296,226,Gyroscope,-0.20830505,-0.0030543262,-0.07880162,1566947940352
23297,226,Accelerometer,-7.4339960000000005,-1.9776106,5.189432,1566947940353
23298,226,Gyroscope,-0.19547687,-0.06658431,-0.12278391400000001,1566947940362
23299,226,Accelerometer,-7.721300599999999,-2.2110453,5.114014599999999,1566947940363
23300,226,Gyroscope,-0.18875736,-0.13133603,-0.15821409,1566947940373
23301,226,Accelerometer,-8.026561000000001,-2.3594859,5.189432,1566947940373
23302,226,Gyroscope,-0.18570304,-0.1563815,-0.17409660000000002,1566947940382
23303,226,Accelerometer,-8.279149,-2.4193408,5.401319,1566947940383
23304,226,Gyroscope,-0.19425514,-0.1423316,-0.16982053,1566947940392
23305,226,Accelerometer,-8.468291,-2.5713725,5.5329999999999995,1566947940393
23306,226,Gyroscope,-0.21991149,-0.11484267,-0.14355333,1566947940402
23307,226,Accelerometer,-8.573636,-2.7928362,5.5126495,1566947940403
23308,226,Gyroscope,-0.2565634,-0.09040806,-0.09896017,1566947940413
23309,226,Accelerometer,-8.48984,-2.861071,5.5258174,1566947940413
23310,226,Gyroscope,-0.28527406,-0.05131268,-0.054367005999999996,1566947940422
23311,226,Accelerometer,-8.244433,-2.9340942,5.6467247,1566947940423
23312,226,Gyroscope,-0.30665436,-0.0067195175,-0.012217305,1566947940432
23313,226,Accelerometer,-8.038532,-3.0382418999999996,5.758055000000001,1566947940433
23314,226,Gyroscope,-0.31826079999999995,0.032986722999999996,0.034208454,1566947940442
23315,226,Accelerometer,-7.797915,-3.0585926,5.816713,1566947940443
23316,226,Gyroscope,-0.3115413,0.059253927000000005,0.07269296,1566947940452
23317,226,Accelerometer,-7.620744,-2.9879637000000003,5.911283999999999,1566947940453
23318,226,Gyroscope,-0.28955013,0.096516706,0.09407325,1566947940463
23319,226,Accelerometer,-7.4028716,-2.8526914,5.8358665,1566947940463
23320,226,Gyroscope,-0.26328292,0.12522738,0.10873401,1566947940472
23321,226,Accelerometer,-7.369353,-2.64679,5.616797,1566947940473
23322,226,Gyroscope,-0.25778514,0.1563815,0.13133603,1566947940482
23323,226,Accelerometer,-7.3047094,-2.4121582999999998,5.397728,1566947940483
23324,226,Gyroscope,-0.25167647,0.18387043,0.17409660000000002,1566947940492
23325,226,Accelerometer,-7.138312299999999,-2.2385786,5.246893,1566947940493
23326,226,Gyroscope,-0.21013765,0.16737708,0.17654006,1566947940502
23327,226,Accelerometer,-7.2340803,-2.3786395000000002,5.189432,1566947940503
23328,226,Gyroscope,-0.16249016,0.12950343,0.16249016,1566947940512
23329,226,Accelerometer,-7.5453267,-2.4672248,5.1056349999999995,1566947940513
23330,226,Gyroscope,-0.14660765,0.09101892,0.15271631,1566947940522
23331,226,Accelerometer,-7.6865845,-2.2888567,4.9164934,1566947940523
23332,226,Gyroscope,-0.14477506,0.04276056599999999,0.13744467,1566947940532
23333,226,Accelerometer,-7.739257,-2.1428106,4.9045224,1566947940533
23334,226,Gyroscope,-0.14049901,0.007941248,0.111177474,1566947940542
23335,226,Accelerometer,-7.7667904000000005,-2.1763293999999997,5.038597599999999,1566947940543
23336,226,Gyroscope,-0.124005646,-0.03176499,0.08124508,1566947940552
23337,226,Accelerometer,-7.953538000000001,-2.3738509999999997,5.1571107000000005,1566947940553
23338,226,Gyroscope,-0.111177474,-0.086132,0.05131268,1566947940562
23339,226,Accelerometer,-8.154651,-2.4863784,5.183447,1566947940563
23340,226,Gyroscope,-0.11484267,-0.12644911,0.039095376,1566947940573
23341,226,Accelerometer,-8.11395,-2.5629928,5.2409077,1566947940573
23342,226,Gyroscope,-0.1160644,-0.14966199,0.032375857,1566947940582
23343,226,Accelerometer,-8.091205,-2.6898855999999998,5.353435,1566947940583
23344,226,Gyroscope,-0.112399206,-0.16615535,0.035430185,1566947940592
23345,226,Accelerometer,-7.972691499999999,-2.7952304,5.4420204000000005,1566947940593
23346,226,Gyroscope,-0.105068825,-0.17531833,0.04276056599999999,1566947940602
23347,226,Accelerometer,-7.7093296,-2.8634652999999997,5.5485625,1566947940603
23348,226,Gyroscope,-0.093462385,-0.19303341,0.05681047,1566947940612
23349,226,Accelerometer,-7.5046253,-2.8933928,5.616797,1566947940613
23350,226,Gyroscope,-0.08307768,-0.20097467,0.073303826,1566947940622
23351,226,Accelerometer,-7.3202715,-2.767697,5.719748,1566947940623
23352,226,Gyroscope,-0.07269296,-0.18875736,0.08552113,1566947940632
23353,226,Accelerometer,-7.1646485,-2.6420016,5.934029,1566947940633
23354,226,Gyroscope,-0.06047566,-0.18020524,0.0842994,1566947940642
23355,226,Accelerometer,-7.1586633,-2.5474305,6.1327476999999995,1566947940643
23356,226,Gyroscope,-0.057421334000000004,-0.15149458,0.08124508,1566947940652
23357,226,Accelerometer,-7.111975999999999,-2.3894134,6.179435,1566947940653
23358,226,Gyroscope,-0.07147124,-0.12278391400000001,0.07513642,1566947940663
23359,226,Accelerometer,-7.0581064,-2.2182279,6.167464,1566947940663
23360,226,Gyroscope,-0.09285152,-0.08735373,0.06780604,1566947940672
23361,226,Accelerometer,-7.032967599999999,-2.1787236,6.1303535,1566947940673
23362,226,Gyroscope,-0.12156218,-0.059864793,0.055588737,1566947940682
23363,226,Accelerometer,-7.047333,-2.220622,6.0453589999999995,1566947940683
23364,226,Gyroscope,-0.15271631,-0.036651913,0.04520403,1566947940692
23365,226,Accelerometer,-7.1155677,-2.2960392999999995,5.961562000000001,1566947940693
23366,226,Gyroscope,-0.18081611,-0.017715093,0.03726278,1566947940702
23367,226,Accelerometer,-7.193378999999999,-2.3199813,5.8789620000000005,1566947940703
23368,226,Gyroscope,-0.20341812,0.004886922,0.037873644,1566947940712
23369,226,Accelerometer,-7.253234,-2.3331497000000003,5.886145,1566947940713
23370,226,Gyroscope,-0.22052236,0.01282817,0.03604105,1566947940722
23371,226,Accelerometer,-7.386112,-2.4588451,5.9160724,1566947940723
23372,226,Gyroscope,-0.23151793,0.01160644,0.04276056599999999,1566947940732
23373,226,Accelerometer,-7.575253999999999,-2.542642,5.907693,1566947940733
23374,226,Gyroscope,-0.24923302,0.017104227,0.05375614,1566947940742
23375,226,Accelerometer,-7.632714999999999,-2.6036943999999997,5.831078,1566947940742
23376,226,Gyroscope,-0.26878070000000004,0.023823743999999997,0.07147124,1566947940752
23377,226,Accelerometer,-7.559692,-2.6420016,5.7736173,1566947940753
23378,226,Gyroscope,-0.28038713,0.029932396,0.09040806,1566947940762
23379,226,Accelerometer,-7.437587700000001,-2.8060042999999997,5.767632,1566947940763
23380,226,Gyroscope,-0.27488935,0.028710667000000002,0.10995574,1566947940772
23381,226,Accelerometer,-7.350199000000001,-2.9532477999999998,5.804742,1566947940773
23382,226,Gyroscope,-0.26572640000000003,0.029932396,0.12583824,1566947940782
23383,226,Accelerometer,-7.2939353,-2.9987376,5.771223,1566947940783
23384,226,Gyroscope,-0.25228736,0.028710667000000002,0.13561209,1566947940792
23385,226,Accelerometer,-7.1969705,-2.9843724,5.729325,1566947940793
23386,226,Gyroscope,-0.24129178,0.029321532999999997,0.1386664,1566947940802
23387,226,Accelerometer,-7.1466923,-2.9197290000000002,5.7065797,1566947940803
23388,226,Gyroscope,-0.23518312,0.04337143,0.13133603,1566947940812
23389,226,Accelerometer,-7.098808,-2.7736826,5.6886234,1566947940813
23390,226,Gyroscope,-0.22907446,0.058643065,0.11301007,1566947940822
23391,226,Accelerometer,-6.981492,-2.6779146000000003,5.7065797,1566947940823
23392,226,Gyroscope,-0.22174409,0.06352998,0.099571034,1566947940832
23393,226,Accelerometer,-6.944382000000001,-2.6922797999999997,5.7137623,1566947940833
23394,226,Gyroscope,-0.21563543,0.064751714,0.0842994,1566947940843
23395,226,Accelerometer,-6.9611415999999995,-2.7665,5.717354,1566947940843
23396,226,Gyroscope,-0.21197024,0.0580322,0.081855945,1566947940852
23397,226,Accelerometer,-7.0784574000000005,-2.8419175,5.7209449999999995,1566947940853
23398,226,Gyroscope,-0.21074851,0.05131268,0.08735373,1566947940862
23399,226,Accelerometer,-7.153875,-2.8694507999999996,5.671864,1566947940863
23400,226,Gyroscope,-0.21074851,0.034208454,0.081855945,1566947940872
23401,226,Accelerometer,-7.125144500000001,-2.9628246,5.756858,1566947940873
23402,226,Gyroscope,-0.21258110000000002,0.02076942,0.08552113,1566947940882
23403,226,Accelerometer,-7.2460512999999995,-3.0011318,5.840655,1566947940883
23404,226,Gyroscope,-0.22418754,0.03726278,0.092240654,1566947940892
23405,226,Accelerometer,-7.1490865,-2.8993783,5.8801594,1566947940893
23406,226,Gyroscope,-0.24556783,0.08857546,0.09712757,1566947940902
23407,226,Accelerometer,-6.930016999999999,-2.8646624,5.960365299999999,1566947940903
23408,226,Gyroscope,-0.26694809999999997,0.16554448,0.10018189999999999,1566947940912
23409,226,Accelerometer,-6.770802499999999,-3.1244332999999997,6.1076083,1566947940913
23410,226,Gyroscope,-0.27855456,0.25900686,0.099571034,1566947940923
23411,226,Accelerometer,-7.157466,-3.3566709,5.9878983,1566947940923
23412,226,Gyroscope,-0.2779437,0.30665436,0.11484267,1566947940932
23413,226,Accelerometer,-7.414842599999999,-3.5458126000000005,5.744887,1566947940933
23414,226,Gyroscope,-0.28038713,0.32498032,0.12889257,1566947940942
23415,226,Accelerometer,-7.325060000000001,-3.6296098,5.705383,1566947940943
23416,226,Gyroscope,-0.26145032,0.34513888,0.16249016,1566947940952
23417,226,Accelerometer,-7.325060000000001,-3.728969,5.6898203,1566947940953
23418,226,Gyroscope,-0.20341812,0.35613444,0.19058995,1566947940962
23419,226,Accelerometer,-7.3322425,-3.6415808,5.4408236,1566947940963
23420,226,Gyroscope,-0.17654006,0.34819320000000004,0.22785273,1566947940972
23421,226,Accelerometer,-7.4806833,-3.503914,5.027823400000001,1566947940973
23422,226,Gyroscope,-0.16554448,0.27550024,0.2724459,1566947940982
23423,226,Accelerometer,-7.767987299999999,-3.1507695,4.6698904,1566947940983
23424,226,Gyroscope,-0.16737708,0.1337795,0.29138273,1566947940993
23425,226,Accelerometer,-7.8625584,-2.6635494,4.722563,1566947940993
23426,226,Gyroscope,-0.15393804,-0.010995574,0.27550024,1566947941002
23427,226,Accelerometer,-7.7787614000000005,-2.1320367,5.0397944,1566947941003
23428,226,Gyroscope,-0.13439035,-0.103847094,0.25167647,1566947941012
23429,226,Accelerometer,-7.789535000000001,-1.6412252,5.412093,1566947941013
23430,226,Gyroscope,-0.11484267,-0.14172074,0.2144137,1566947941022
23431,226,Accelerometer,-7.72968,-1.412579,5.9412117,1566947941023
23432,226,Gyroscope,-0.10445796,-0.09773844,0.172264,1566947941032
23433,226,Accelerometer,-7.9583262999999995,-1.401805,6.217741999999999,1566947941033
23434,226,Gyroscope,-0.12583824,-0.0012217305,0.119729586,1566947941042
23435,226,Accelerometer,-8.060080000000001,-1.4975731,6.2608375999999994,1566947941043
23436,226,Gyroscope,-0.17165314,0.1386664,0.06352998,1566947941052
23437,226,Accelerometer,-7.983465700000001,-1.8219875,6.2380924,1566947941053
23438,226,Gyroscope,-0.23579398,0.2779437,0.027488936000000002,1566947941062
23439,226,Accelerometer,-7.9810715,-2.3068132,6.06571,1566947941063
23440,226,Gyroscope,-0.28710666,0.3830125,0.007330383,1566947941072
23441,226,Accelerometer,-7.807492,-2.6420016,5.8394580000000005,1566947941073
23442,226,Gyroscope,-0.31581733,0.44409904,0.007330383,1566947941083
23443,226,Accelerometer,-7.6710224,-2.8574797999999997,5.4659624,1566947941083
23444,226,Gyroscope,-0.30909783,0.45020768,-0.0036651915999999997,1566947941092
23445,226,Accelerometer,-7.577648,-2.9903579,5.073313,1566947941093
23446,226,Gyroscope,-0.26816985,0.40866885,-0.004276057,1566947941102
23447,226,Accelerometer,-7.538144,-3.0059202000000003,4.7907977,1566947941103
23448,226,Gyroscope,-0.19975294,0.33414328,0.0030543262,1566947941112
23449,226,Accelerometer,-7.443573,-3.0154970000000003,4.7848120000000005,1566947941113
23450,226,Gyroscope,-0.118507855,0.25350907,0.01038471,1566947941122
23451,226,Accelerometer,-7.5788455,-3.0705638,4.8937483,1566947941123
23452,226,Gyroscope,-0.048258353,0.16737708,0.01038471,1566947941133
23453,226,Accelerometer,-7.868544,-2.9843724,4.975151,1566947941133
23454,226,Gyroscope,-0.017104227,0.08307768,0.002443461,1566947941142
23455,226,Accelerometer,-8.086416,-2.8431146000000003,5.0374002,1566947941143
23456,226,Gyroscope,-0.017104227,0.029321532999999997,-0.0018325957999999999,1566947941152
23457,226,Accelerometer,-8.22528,-2.7222072999999996,5.073313,1566947941153
23458,226,Gyroscope,-0.03481932,0.0030543262,-0.0061086523,1566947941162
23459,226,Accelerometer,-8.2169,-2.6719291000000003,5.163096,1566947941163
23460,226,Gyroscope,-0.044593163,0.009162978,-0.007941248,1566947941173
23461,226,Accelerometer,-8.51857,-2.6168625,5.1846437000000005,1566947941173
23462,226,Gyroscope,-0.034208454,-0.0012217305,-0.015882496,1566947941182
23463,226,Accelerometer,-8.342596,-2.433706,5.3163247,1566947941183
23464,226,Gyroscope,-0.004276057,0.00061086525,-0.035430185,1566947941192
23465,226,Accelerometer,-8.195352999999999,-2.4001873,5.432443599999999,1566947941193
23466,226,Gyroscope,0.018936822,0.015271631,-0.059253927000000005,1566947941202
23467,226,Accelerometer,-8.0684595,-2.3523033,5.407305,1566947941203
23468,226,Gyroscope,0.02076942,0.040317107000000005,-0.073303826,1566947941212
23469,226,Accelerometer,-7.9068513,-2.2062569,5.380968,1566947941213
23470,226,Gyroscope,0.031154128,0.084910266,-0.09590584,1566947941223
23471,226,Accelerometer,-7.505822,-2.1811178,5.45878,1566947941223
23472,226,Gyroscope,0.06169739,0.089186326,-0.10079276599999999,1566947941232
23473,226,Accelerometer,-7.603985000000001,-2.1966799999999997,5.473145,1566947941233
23474,226,Gyroscope,0.09407325,0.08796459400000001,-0.12767084,1566947941242
23475,226,Accelerometer,-7.465121000000001,-2.2313959999999997,5.506664,1566947941243
23476,226,Gyroscope,0.10751228,0.07513642,-0.14172074,1566947941252
23477,226,Accelerometer,-7.419631,-2.2457612,5.444414599999999,1566947941253
23478,226,Gyroscope,0.10995574,0.06536258,-0.15882497,1566947941263
23479,226,Accelerometer,-7.487866,-2.2146366000000004,5.427655000000001,1566947941263
23480,226,Gyroscope,0.10812314599999999,0.051923547,-0.17104226,1566947941272
23481,226,Accelerometer,-7.5213847000000005,-2.1930888,5.4791307,1566947941273
23482,226,Gyroscope,0.10812314599999999,0.035430185,-0.17654006,1566947941282
23483,226,Accelerometer,-7.627927000000001,-2.2050598,5.530606,1566947941283
23484,226,Gyroscope,0.12217305,0.015271631,-0.18325958,1566947941292
23485,226,Accelerometer,-7.48188,-2.2756886,5.6586957,1566947941293
23486,226,Gyroscope,0.13439035,0.002443461,-0.18448131,1566947941302
23487,226,Accelerometer,-7.4591354999999995,-2.3187842,5.697003,1566947941303
23488,226,Gyroscope,0.15332718,0.00061086525,-0.19058995,1566947941313
23489,226,Accelerometer,-7.3645644,-2.4049757,5.755661,1566947941313
23490,226,Gyroscope,0.172264,0.0036651915999999997,-0.19364429,1566947941322
23491,226,Accelerometer,-7.353790299999999,-2.44448,5.851429,1566947941323
23492,226,Gyroscope,0.1881465,0.02076942,-0.18570304,1566947941332
23493,226,Accelerometer,-7.4483614000000005,-2.4349031,5.8849480000000005,1566947941333
23494,226,Gyroscope,0.19120082,0.049480084,-0.17654006,1566947941342
23495,226,Accelerometer,-7.550114999999999,-2.4313118,5.911283999999999,1566947941343
23496,226,Gyroscope,0.19058995,0.06291912,-0.16920967,1566947941353
23497,226,Accelerometer,-7.7129207,-2.4085669999999997,5.801151,1566947941353
23498,226,Gyroscope,0.18509217,0.08307768,-0.16615535,1566947941362
23499,226,Accelerometer,-7.57286,-2.3259668,5.748478400000001,1566947941363
23500,226,Gyroscope,0.17287487,0.08857546,-0.14538592,1566947941372
23501,226,Accelerometer,-7.7368627000000005,-2.0949266,5.270835,1566947941373
23502,226,Gyroscope,0.17837265,0.08124508,-0.13072516,1566947941383
23503,226,Accelerometer,-7.721300599999999,-2.1404164,5.195418,1566947941383
23504,226,Gyroscope,0.19975294,0.069027774,-0.116675265,1566947941392
23505,226,Accelerometer,-7.669825,-2.0506337,5.052963,1566947941393
23506,226,Gyroscope,0.21197024,0.044593163,-0.11301007,1566947941402
23507,226,Accelerometer,-7.6470804,-1.9512744,4.9188876,1566947941403
23508,226,Gyroscope,0.21380283,-0.00061086525,-0.13622294,1566947941412
23509,226,Accelerometer,-7.7320743,-1.9536686,4.940435400000001,1566947941413
23510,226,Gyroscope,0.23151793,-0.06841691,-0.15577064,1566947941422
23511,226,Accelerometer,-7.8278419999999995,-1.9871874,5.0002904,1566947941423
23512,226,Gyroscope,0.24373524,-0.08979719,-0.1777618,1566947941432
23513,226,Accelerometer,-7.801506,-2.0087352,5.103241000000001,1566947941433
23514,226,Gyroscope,0.26022860000000003,-0.09712757,-0.19364429,1566947941442
23515,226,Accelerometer,-7.7153149999999995,-2.0254946,5.2397103,1566947941443
23516,226,Gyroscope,0.28160888,-0.1160644,-0.21197024,1566947941452
23517,226,Accelerometer,-7.740454,-2.0231004,5.4420204000000005,1566947941453
23518,226,Gyroscope,0.28771752,-0.12644911,-0.22968534,1566947941462
23519,226,Accelerometer,-7.7093296,-2.0039468,5.5617304,1566947941463
23520,226,Gyroscope,0.28893927,-0.12278391400000001,-0.23823744,1566947941473
23521,226,Accelerometer,-7.654263,-2.0027497,5.6551046,1566947941473
23522,226,Gyroscope,0.29016098,-0.118507855,-0.24984388,1566947941482
23523,226,Accelerometer,-7.6255326,-2.0338743000000004,5.744887,1566947941483
23524,226,Gyroscope,0.29993483,-0.12522738,-0.25900686,1566947941492
23525,226,Accelerometer,-7.6135616,-2.055422,5.8226986,1566947941493
23526,226,Gyroscope,0.30298916,-0.14049901,-0.26878070000000004,1566947941502
23527,226,Accelerometer,-7.603985000000001,-2.018312,5.8466406,1566947941503
23528,226,Gyroscope,0.29810223,-0.15149458,-0.2864958,1566947941512
23529,226,Accelerometer,-7.492654300000001,-1.9907787000000001,5.881356200000001,1566947941513
23530,226,Gyroscope,0.29932398,-0.14721853,-0.29810223,1566947941522
23531,226,Accelerometer,-7.4124484,-1.9105729999999999,5.957971,1566947941523
23532,226,Gyroscope,0.29993483,-0.12950343,-0.30970868,1566947941532
23533,226,Accelerometer,-7.2448545,-1.7956512999999998,6.1686606,1566947941533
23534,226,Gyroscope,0.29749137,-0.089186326,-0.3286455,1566947941542
23535,226,Accelerometer,-7.2125325,-1.8136078000000002,6.409278,1566947941543
23536,226,Gyroscope,0.29932398,-0.036651913,-0.3475823,1566947941552
23537,226,Accelerometer,-7.278373200000001,-1.8231846,6.5337762999999995,1566947941553
23538,226,Gyroscope,0.28160888,0.021991148999999998,-0.35857790000000006,1566947941562
23539,226,Accelerometer,-7.4028716,-1.8854338,6.5744777,1566947941563
23540,226,Gyroscope,0.258396,0.076358154,-0.35491269999999997,1566947941572
23541,226,Accelerometer,-7.5285673,-2.0099323,6.4224463,1566947941573
23542,226,Gyroscope,0.21624629,0.12217305,-0.33475417,1566947941582
23543,226,Accelerometer,-7.548918,-2.1320367,6.208165,1566947941583
23544,226,Gyroscope,0.18020524,0.14721853,-0.29932398,1566947941592
23545,226,Accelerometer,-7.5285673,-2.2290018,6.0321913,1566947941593
23546,226,Gyroscope,0.15882497,0.15332718,-0.26328292,1566947941602
23547,226,Accelerometer,-7.4723034,-2.3618799999999998,5.898116,1566947941603
23548,226,Gyroscope,0.14782938,0.15027285,-0.23457226,1566947941613
23549,226,Accelerometer,-7.5273699999999995,-2.517503,5.8179099999999995,1566947941613
23550,226,Gyroscope,0.13927728,0.15332718,-0.20525073,1566947941622
23551,226,Accelerometer,-7.699753,-2.6132712000000002,5.742492700000001,1566947941623
23552,226,Gyroscope,0.11484267,0.16310102,-0.17470746,1566947941632
23553,226,Accelerometer,-7.8027034,-2.5605986,5.5377884,1566947941633
23554,226,Gyroscope,0.07086037,0.16493362,-0.12950343,1566947941642
23555,226,Accelerometer,-7.8062944000000005,-2.4552537999999995,5.379771,1566947941643
23556,226,Gyroscope,0.021991148999999998,0.17531833,-0.106901415,1566947941653
23557,226,Accelerometer,-7.730877400000001,-2.4073699,5.2995653,1566947941653
23558,226,Gyroscope,0.01282817,0.18325958,-0.08857546,1566947941662
23559,226,Accelerometer,-7.6003933,-2.4420857000000002,5.3007627,1566947941663
23560,226,Gyroscope,0.028710667000000002,0.18448131,-0.07880162,1566947941672
23561,226,Accelerometer,-7.5213847000000005,-2.5677812,5.379771,1566947941673
23562,226,Gyroscope,0.057421334000000004,0.17409660000000002,-0.064751714,1566947941682
23563,226,Accelerometer,-7.49026,-2.695871,5.380968,1566947941683
23564,226,Gyroscope,0.084910266,0.16310102,-0.06047566,1566947941692
23565,226,Accelerometer,-7.454347,-2.7425580000000003,5.391742,1566947941693
23566,226,Gyroscope,0.10873401,0.13255776,-0.059253927000000005,1566947941702
23567,226,Accelerometer,-7.4758949999999995,-2.7162217999999996,5.3402667,1566947941703
23568,226,Gyroscope,0.12950343,0.10018189999999999,-0.07147124,1566947941712
23569,226,Accelerometer,-7.4842744,-2.7138276,5.335478299999999,1566947941713
23570,226,Gyroscope,0.14599679999999998,0.08002335,-0.07574729,1566947941722
23571,226,Accelerometer,-7.352593400000001,-2.7353754,5.3725886,1566947941723
23572,226,Gyroscope,0.1685988,0.047036625,-0.095294975,1566947941732
23573,226,Accelerometer,-7.2304892999999995,-2.682703,5.4803276,1566947941733
23574,226,Gyroscope,0.19730948,0.014049901000000002,-0.11056661,1566947941742
23575,226,Accelerometer,-7.374141000000001,-2.7006595,5.613206,1566947941743
23576,226,Gyroscope,0.21074851,0.0061086523,-0.11911872,1566947941752
23577,226,Accelerometer,-7.405266,-2.610877,5.559336,1566947941753
23578,226,Gyroscope,0.21746802,-0.0012217305,-0.12156218,1566947941762
23579,226,Accelerometer,-7.328651400000001,-2.553416,5.5641245999999995,1566947941763
23580,226,Gyroscope,0.2321288,0.0012217305,-0.12705997,1566947941772
23581,226,Accelerometer,-7.3346367,-2.6048915,5.6802435,1566947941773
23582,226,Gyroscope,0.24556783,-0.0018325957999999999,-0.124005646,1566947941782
23583,226,Accelerometer,-7.305906299999999,-2.6252422,5.6790465999999995,1566947941783
23584,226,Gyroscope,0.25350907,-0.007941248,-0.12034045,1566947941792
23585,226,Accelerometer,-7.309498,-2.622848,5.686229,1566947941793
23586,226,Gyroscope,0.25778514,-0.0030543262,-0.11545353400000001,1566947941802
23587,226,Accelerometer,-7.3202715,-2.622848,5.7137623,1566947941803
23588,226,Gyroscope,0.25473082,0.007941248,-0.11789699,1566947941812
23589,226,Accelerometer,-7.271190600000001,-2.6013002,5.813122,1566947941813
23590,226,Gyroscope,0.26145032,0.004276057,-0.12278391400000001,1566947941823
23591,226,Accelerometer,-7.3549875999999985,-2.6886885,5.872977,1566947941823
23592,226,Gyroscope,0.26083946,-0.007941248,-0.12522738,1566947941832
23593,226,Accelerometer,-7.559692,-2.7102362999999996,5.849035,1566947941833
23594,226,Gyroscope,0.2443461,-0.01282817,-0.12767084,1566947941842
23595,226,Accelerometer,-7.659051400000001,-2.5809495,5.7975593,1566947941843
23596,226,Gyroscope,0.21746802,0.009162978,-0.12156218,1566947941852
23597,226,Accelerometer,-7.462726600000001,-2.5833437000000004,5.815516000000001,1566947941853
23598,226,Gyroscope,0.19730948,0.029321532999999997,-0.118507855,1566947941863
23599,226,Accelerometer,-7.405266,-2.657564,5.960365299999999,1566947941863
23600,226,Gyroscope,0.19730948,0.018936822,-0.11728613,1566947941872
23601,226,Accelerometer,-7.477092,-2.7198130000000003,6.0381765,1566947941873
23602,226,Gyroscope,0.18692477,0.017715093,-0.11484267,1566947941882
23603,226,Accelerometer,-7.442375999999999,-2.6850972,6.0968347000000005,1566947941883
23604,226,Gyroscope,0.16004670000000001,0.0421497,-0.11728613,1566947941892
23605,226,Accelerometer,-7.466317999999999,-2.585738,6.042965000000001,1566947941893
23606,226,Gyroscope,0.12339478,0.0720821,-0.11911872,1566947941902
23607,226,Accelerometer,-7.424419400000001,-2.4612392999999995,5.959168,1566947941903
23608,226,Gyroscope,0.08674286,0.096516706,-0.12339478,1566947941913
23609,226,Accelerometer,-7.3322425,-2.4744074,5.9412117,1566947941913
23610,226,Gyroscope,0.06841691,0.11056661,-0.13439035,1566947941922
23611,226,Accelerometer,-7.302314999999999,-2.6036943999999997,5.9483943,1566947941923
23612,226,Gyroscope,0.059253927000000005,0.12522738,-0.1423316,1566947941932
23613,226,Accelerometer,-7.380127000000001,-2.7234043999999997,5.9029045,1566947941933
23614,226,Gyroscope,0.059864793,0.12461651,-0.13255776,1566947941942
23615,226,Accelerometer,-7.3825210000000006,-2.7497406000000004,5.8442464,1566947941943
23616,226,Gyroscope,0.0580322,0.12644911,-0.124005646,1566947941953
23617,226,Accelerometer,-7.3777327999999995,-2.7605145,5.792771,1566947941953
23618,226,Gyroscope,0.0580322,0.12156218,-0.112399206,1566947941962
23619,226,Accelerometer,-7.455544000000001,-2.7904419999999996,5.734113,1566947941963
23620,226,Gyroscope,0.052534412999999995,0.11484267,-0.103847094,1566947941972
23621,226,Accelerometer,-7.3753386,-2.8886043999999997,5.6886234,1566947941973
23622,226,Gyroscope,0.03848451,0.11728613,-0.09101892,1566947941982
23623,226,Accelerometer,-7.2388687,-2.9173348,5.7065797,1566947941983
23624,226,Gyroscope,0.029321532999999997,0.12095132,-0.07574729,1566947941992
23625,226,Accelerometer,-7.189788,-2.858677,5.714959599999999,1566947941993
23626,226,Gyroscope,0.018325957,0.13927728,-0.06047566,1566947942002
23627,226,Accelerometer,-7.005433999999999,-2.837129,5.742492700000001,1566947942003
23628,226,Gyroscope,0.012217305,0.13500121,-0.057421334000000004,1566947942012
23629,226,Accelerometer,-6.9228344,-2.8550856,5.785588300000001,1566947942013
23630,226,Gyroscope,0.016493361,0.119729586,-0.061086524,1566947942022
23631,226,Accelerometer,-7.032967599999999,-2.7808652,5.7377043,1566947942023
23632,226,Gyroscope,0.02321288,0.118507855,-0.059253927000000005,1566947942032
23633,226,Accelerometer,-7.046135400000001,-2.7988217,5.6096144,1566947942033
23634,226,Gyroscope,0.022602014,0.105068825,-0.052534412999999995,1566947942043
23635,226,Accelerometer,-7.249642999999999,-2.89459,5.623979599999999,1566947942043
23636,226,Gyroscope,0.032986722999999996,0.08857546,-0.04886922,1566947942052
23637,226,Accelerometer,-7.3490020000000005,-3.0190883,5.649119000000001,1566947942053
23638,226,Gyroscope,0.047647487,0.07941248,-0.044593163,1566947942062
23639,226,Accelerometer,-7.3106947,-3.0873232,5.741296,1566947942063
23640,226,Gyroscope,0.06536258,0.099571034,-0.037873644,1566947942072
23641,226,Accelerometer,-7.3214690000000004,-3.1759086,5.849035,1566947942073
23642,226,Gyroscope,0.07513642,0.13194689,-0.02443461,1566947942082
23643,226,Accelerometer,-7.3645644,-3.2237926,5.804742,1566947942083
23644,226,Gyroscope,0.07452556,0.15821409,-0.007330383,1566947942092
23645,226,Accelerometer,-7.376535400000001,-3.1854854,5.7029886,1566947942093
23646,226,Gyroscope,0.053145275,0.19303341,0.022602014,1566947942102
23647,226,Accelerometer,-7.4268136,-3.1040826,5.602432,1566947942103
23648,226,Gyroscope,0.040317107000000005,0.19242255,0.039095376,1566947942112
23649,226,Accelerometer,-7.4842744,-2.9005754,5.4803276,1566947942113
23650,226,Gyroscope,0.03481932,0.17348573,0.054367005999999996,1566947942122
23651,226,Accelerometer,-7.529764,-2.7461493,5.4061074,1566947942123
23652,226,Gyroscope,0.035430185,0.13011430000000002,0.058643065,1566947942133
23653,226,Accelerometer,-7.698555499999999,-2.634819,5.365406,1566947942133
23654,226,Gyroscope,0.040927973,0.0720821,0.05497787,1566947942142
23655,226,Accelerometer,-7.750031,-2.4480712000000002,5.334281400000001,1566947942143
23656,226,Gyroscope,0.04642576,0.013439035,0.058643065,1566947942152
23657,226,Accelerometer,-7.6638399999999995,-2.267309,5.401319,1566947942153
23658,226,Gyroscope,0.05497787,-0.021991148999999998,0.059253927000000005,1566947942162
23659,226,Accelerometer,-7.5525093,-2.100912,5.567716000000001,1566947942163
23660,226,Gyroscope,0.053145275,-0.028710667000000002,0.05375614,1566947942172
23661,226,Accelerometer,-7.49026,-1.9428947,5.6790465999999995,1566947942173
23662,226,Gyroscope,0.03970624,-0.019547688,0.04886922,1566947942183
23663,226,Accelerometer,-7.479486,-1.8662802,5.758055000000001,1566947942183
23664,226,Gyroscope,0.016493361,-0.0061086523,0.049480084,1566947942192
23665,226,Accelerometer,-7.462726600000001,-1.8495207999999999,5.7867856,1566947942193
23666,226,Gyroscope,-0.009162978,0.020158553,0.057421334000000004,1566947942202
23667,226,Accelerometer,-7.444770299999999,-1.8650831,5.843049,1566947942203
23668,226,Gyroscope,-0.021380282999999996,0.053145275,0.061086524,1566947942212
23669,226,Accelerometer,-7.451953,-1.9069817,5.946000000000001,1566947942213
23670,226,Gyroscope,-0.02565634,0.09407325,0.06414085,1566947942222
23671,226,Accelerometer,-7.466317999999999,-2.0039468,5.9412117,1566947942223
23672,226,Gyroscope,-0.025045475,0.12583824,0.058643065,1566947942232
23673,226,Accelerometer,-7.57286,-2.1152773,5.8741736,1566947942233
23674,226,Gyroscope,-0.028710667000000002,0.13683382,0.043982297000000004,1566947942242
23675,226,Accelerometer,-7.7428484,-2.1535845,5.7664347000000005,1566947942243
23676,226,Gyroscope,-0.02687807,0.14477506,0.03359759,1566947942253
23677,226,Accelerometer,-7.823053999999999,-2.1045034,5.699397,1566947942253
23678,226,Gyroscope,-0.017715093,0.14477506,0.021380282999999996,1566947942262
23679,226,Accelerometer,-7.869741,-2.0087352,5.6886234,1566947942263
23680,226,Gyroscope,-0.0067195175,0.13561209,0.0012217305,1566947942272
23681,226,Accelerometer,-7.869741,-1.9285294999999998,5.676652400000001,1566947942273
23682,226,Gyroscope,0.005497787,0.11484267,-0.02076942,1566947942282
23683,226,Accelerometer,-7.896077,-1.9345150000000002,5.588066599999999,1566947942283
23684,226,Gyroscope,0.009162978,0.09162979,-0.035430185,1566947942292
23685,226,Accelerometer,-7.969100500000001,-1.9045875,5.343858200000001,1566947942293
23686,226,Gyroscope,0.012217305,0.07513642,-0.03970624,1566947942302
23687,226,Accelerometer,-7.9846625,-1.7729063000000003,5.2899885,1566947942303
23688,226,Gyroscope,0.0067195175,0.07147124,-0.034208454,1566947942312
23689,226,Accelerometer,-7.9547353,-1.6831238000000002,5.3282957,1566947942313
23690,226,Gyroscope,0.007330383,0.06719518,-0.019547688,1566947942322
23691,226,Accelerometer,-7.9427642999999994,-1.6065093000000001,5.357026,1566947942323
23692,226,Gyroscope,0.012217305,0.052534412999999995,0.0012217305,1566947942332
23693,226,Accelerometer,-8.000225,-1.5298948,5.3821654,1566947942333
23694,226,Gyroscope,0.02687807,0.021991148999999998,0.01282817,1566947942343
23695,226,Accelerometer,-7.9762830000000005,-1.4628572,5.4192758,1566947942343
23696,226,Gyroscope,0.040317107000000005,0.007330383,0.02076942,1566947942352
23697,226,Accelerometer,-7.9331875,-1.3814543,5.5365915,1566947942353
23698,226,Gyroscope,0.06047566,-0.002443461,0.021380282999999996,1566947942362
23699,226,Accelerometer,-7.921216499999999,-1.3251906999999998,5.635950599999999,1566947942363
23700,226,Gyroscope,0.073303826,0.0036651915999999997,0.008552114,1566947942372
23701,226,Accelerometer,-7.9822683,-1.3275848999999997,5.771223,1566947942373
23702,226,Gyroscope,0.0842994,0.01160644,-0.00061086525,1566947942382
23703,226,Accelerometer,-8.048109,-1.2940661,5.7760115,1566947942383
23704,226,Gyroscope,0.07819075,0.0067195175,-0.01038471,1566947942392
23705,226,Accelerometer,-8.012196000000001,-1.246182,5.771223,1566947942393
23706,226,Gyroscope,0.0720821,0.017104227,-0.015882496,1566947942402
23707,226,Accelerometer,-7.880514999999999,-1.292869,5.815516000000001,1566947942403
23708,226,Gyroscope,0.069027774,0.025045475,-0.019547688,1566947942412
23709,226,Accelerometer,-7.8386164,-1.2018893,5.774814599999999,1566947942413
23710,226,Gyroscope,0.06597344599999999,0.026267206,-0.029321532999999997,1566947942422
23711,226,Accelerometer,-7.7811556,-1.1959038,5.801151,1566947942423
23712,226,Gyroscope,0.07941248,0.032986722999999996,-0.04276056599999999,1566947942432
23713,226,Accelerometer,-7.824250999999999,-1.2497733,5.825093,1566947942433
23714,226,Gyroscope,0.095294975,0.03604105,-0.05375614,1566947942442
23715,226,Accelerometer,-7.8158712,-1.1264718999999999,5.7987566,1566947942443
23716,226,Gyroscope,0.09468412,0.03176499,-0.07452556,1566947942452
23717,226,Accelerometer,-7.669825,-1.1264718999999999,5.746084,1566947942453
23718,226,Gyroscope,0.092240654,0.027488936000000002,-0.09468412,1566947942462
23719,226,Accelerometer,-7.583634,-1.2078748,5.7640405,1566947942463
23720,226,Gyroscope,0.08368854,0.023823743999999997,-0.12034045,1566947942473
23721,226,Accelerometer,-7.6171527,-1.4041992,5.7975593,1566947942473
23722,226,Gyroscope,0.08063421400000001,0.017104227,-0.1441642,1566947942482
23723,226,Accelerometer,-7.5788455,-1.5741876000000001,5.628768,1566947942483
23724,226,Gyroscope,0.07147124,0.012217305,-0.16920967,1566947942492
23725,226,Accelerometer,-7.478289,-1.6723499,5.5377884,1566947942493
23726,226,Gyroscope,0.059253927000000005,0.018936822,-0.18936823,1566947942502
23727,226,Accelerometer,-7.431602000000001,-1.7729063000000003,5.5006785,1566947942503
23728,226,Gyroscope,0.047647487,0.028710667000000002,-0.21074851,1566947942512
23729,226,Accelerometer,-7.380127000000001,-1.8830396,5.5605335,1566947942513
23730,226,Gyroscope,0.0421497,0.03970624,-0.22785273,1566947942523
23731,226,Accelerometer,-7.3047094,-2.019509,5.653907299999999,1566947942523
23732,226,Gyroscope,0.049480084,0.04642576,-0.24373524,1566947942532
23733,226,Accelerometer,-7.3609734,-2.2385786,5.7137623,1566947942533
23734,226,Gyroscope,0.06352998,0.05131268,-0.258396,1566947942542
23735,226,Accelerometer,-7.581239699999999,-2.4265234,5.626374,1566947942543
23736,226,Gyroscope,0.06536258,0.05009095,-0.25473082,1566947942552
23737,226,Accelerometer,-7.8422074,-2.5103204,5.5497594,1566947942553
23738,226,Gyroscope,0.05497787,0.03848451,-0.226631,1566947942562
23739,226,Accelerometer,-8.061277,-2.6013002,5.4791307,1566947942563
23740,226,Gyroscope,0.04337143,0.026267206,-0.20097467,1566947942572
23741,226,Accelerometer,-8.288725999999999,-2.6563668,5.420472599999999,1566947942574
23742,226,Gyroscope,0.018936822,0.008552114,-0.16798794,1566947942583
23743,226,Accelerometer,-8.395268,-2.7138276,5.297171,1566947942583
23744,226,Gyroscope,-0.016493361,-0.02687807,-0.13683382,1566947942592
23745,226,Accelerometer,-8.248025,-2.7257986,5.2648497,1566947942593
23746,226,Gyroscope,-0.040317107000000005,-0.062308256,-0.112399206,1566947942602
23747,226,Accelerometer,-7.963114699999999,-2.5737667,5.4192758,1566947942603
23748,226,Gyroscope,-0.050701816,-0.073303826,-0.10323623,1566947942612
23749,226,Accelerometer,-7.716512,-2.4193408,5.6443305,1566947942613
23750,226,Gyroscope,-0.059864793,-0.08307768,-0.10018189999999999,1566947942622
23751,226,Accelerometer,-7.551311999999999,-2.268506,5.777209,1566947942623
23752,226,Gyroscope,-0.06597344599999999,-0.07880162,-0.10445796,1566947942633
23753,226,Accelerometer,-7.369353,-2.1823148999999997,5.955577,1566947942633
23754,226,Gyroscope,-0.07269296,-0.059864793,-0.10629055,1566947942642
23755,226,Accelerometer,-7.189788,-2.2134395000000002,6.087258,1566947942643
23756,226,Gyroscope,-0.070249505,-0.045814894,-0.103847094,1566947942652
23757,226,Accelerometer,-7.290344,-2.256535,6.149507,1566947942653
23758,226,Gyroscope,-0.06963864,-0.016493361,-0.09590584,1566947942662
23759,226,Accelerometer,-7.309498,-2.280477,6.171055,1566947942663
23760,226,Gyroscope,-0.06719518,0.020158553,-0.077579886,1566947942672
23761,226,Accelerometer,-7.315483,-2.3511062000000003,6.105214,1566947942673
23762,226,Gyroscope,-0.059253927000000005,0.054367005999999996,-0.056199603,1566947942682
23763,226,Accelerometer,-7.346607700000001,-2.445677,6.054936,1566947942683
23764,226,Gyroscope,-0.052534412999999995,0.0842994,-0.03726278,1566947942692
23765,226,Accelerometer,-7.1706343,-2.5115175,6.0166287,1566947942693
23766,226,Gyroscope,-0.03604105,0.09773844,-0.02076942,1566947942702
23767,226,Accelerometer,-7.0341644,-2.6599581000000003,6.0226144999999995,1566947942703
23768,226,Gyroscope,-0.010995574,0.10323623,-0.0067195175,1566947942712
23769,226,Accelerometer,-7.049727000000001,-2.7473464,6.027403,1566947942713
23770,226,Gyroscope,0.0018325957999999999,0.09407325,0.0018325957999999999,1566947942723
23771,226,Accelerometer,-7.049727000000001,-2.6539726000000003,5.8634,1566947942723
23772,226,Gyroscope,0.00061086525,0.08368854,0.0036651915999999997,1566947942732
23773,226,Accelerometer,-6.979098,-2.5306710999999997,5.7616463,1566947942733
23774,226,Gyroscope,-0.00061086525,0.08674286,0.0030543262,1566947942742
23775,226,Accelerometer,-6.9252286,-2.469619,5.66109,1566947942743
23776,226,Gyroscope,0.0012217305,0.07880162,0.009162978,1566947942752
23777,226,Accelerometer,-7.015011,-2.4301147000000003,5.544971,1566947942753
23778,226,Gyroscope,0.0012217305,0.081855945,0.021991148999999998,1566947942762
23779,226,Accelerometer,-7.0820484,-2.5342624,5.5389857000000005,1566947942763
23780,226,Gyroscope,0.007941248,0.07696902,0.03604105,1566947942773
23781,226,Accelerometer,-7.2963295,-2.6156653999999997,5.628768,1566947942773
23782,226,Gyroscope,0.02321288,0.059864793,0.043982297000000004,1566947942782
23783,226,Accelerometer,-7.3825210000000006,-2.6623523,5.6982,1566947942783
23784,226,Gyroscope,0.030543262,0.05009095,0.047036625,1566947942792
23785,226,Accelerometer,-7.6267295,-2.6240451,5.6886234,1566947942793
23786,226,Gyroscope,0.02076942,0.06047566,0.045814894,1566947942802
23787,226,Accelerometer,-7.797915,-2.598906,5.626374,1566947942803
23788,226,Gyroscope,-0.002443461,0.06963864,0.05009095,1566947942812
23789,226,Accelerometer,-7.700949700000001,-2.5198972,5.559336,1566947942813
23790,226,Gyroscope,-0.015271631,0.055588737,0.034208454,1566947942822
23791,226,Accelerometer,-7.771578999999999,-2.5809495,5.631162000000001,1566947942823
23792,226,Gyroscope,-0.0067195175,0.032375857,0.017715093,1566947942833
23793,226,Accelerometer,-7.852981599999999,-2.6408044999999998,5.665878299999999,1566947942833
23794,226,Gyroscope,-0.008552114,0.02687807,0.0012217305,1566947942842
23795,226,Accelerometer,-7.852981599999999,-2.5318682,5.589264,1566947942843
23796,226,Gyroscope,-0.02565634,0.02076942,-0.017104227,1566947942852
23797,226,Accelerometer,-7.767987299999999,-2.4995465,5.603629,1566947942853
23798,226,Gyroscope,-0.039095376,0.01038471,-0.034208454,1566947942862
23799,226,Accelerometer,-7.6614455999999995,-2.5438392000000003,5.6886234,1566947942863
23800,226,Gyroscope,-0.04337143,0.007941248,-0.05375614,1566947942872
23801,226,Accelerometer,-7.6410947,-2.6551697,5.801151,1566947942873
23802,226,Gyroscope,-0.048258353,0.016493361,-0.06414085,1566947942882
23803,226,Accelerometer,-7.6494746,-2.8275523,5.852626,1566947942883
23804,226,Gyroscope,-0.057421334000000004,0.022602014,-0.059864793,1566947942892
23805,226,Accelerometer,-7.615956,-2.89459,5.7903767,1566947942893
23806,226,Gyroscope,-0.08002335,0.028710667000000002,-0.04153884,1566947942902
23807,226,Accelerometer,-7.400477400000001,-2.7269957000000002,5.676652400000001,1566947942903
23808,226,Gyroscope,-0.10323623,0.039095376,-0.02565634,1566947942912
23809,226,Accelerometer,-7.134721300000001,-2.7832594,5.641936299999999,1566947942913
23810,226,Gyroscope,-0.10751228,0.044593163,-0.007330383,1566947942922
23811,226,Accelerometer,-7.1227503,-3.0011318,5.6898203,1566947942923
23812,226,Gyroscope,-0.10140363,0.03481932,0.017104227,1566947942932
23813,226,Accelerometer,-7.0784574000000005,-2.9819782000000004,5.6706667,1566947942932
23814,226,Gyroscope,-0.10567969,0.044593163,0.037873644,1566947942943
23815,226,Accelerometer,-7.017405,-2.9089549999999997,5.687426,1566947942943
23816,226,Gyroscope,-0.095294975,0.062308256,0.05009095,1566947942952
23817,226,Accelerometer,-7.026982,-2.918532,5.746084,1566947942953
23818,226,Gyroscope,-0.08552113,0.06169739,0.0580322,1566947942962
23819,226,Accelerometer,-7.1514807000000005,-2.8969840000000002,5.7377043,1566947942963
23820,226,Gyroscope,-0.07880162,0.058643065,0.06841691,1566947942972
23821,226,Accelerometer,-7.274781699999999,-2.8455088,5.711368,1566947942973
23822,226,Gyroscope,-0.077579886,0.053145275,0.06841691,1566947942982
23823,226,Accelerometer,-7.186196300000001,-2.9053638,5.677849299999999,1566947942983
23824,226,Gyroscope,-0.081855945,0.05131268,0.06658431,1566947942993
23825,226,Accelerometer,-7.0964136,-2.9197290000000002,5.683835,1566947942993
23826,226,Gyroscope,-0.081855945,0.070249505,0.057421334000000004,1566947943002
23827,226,Accelerometer,-7.114370299999999,-3.0226796,5.744887,1566947943003
23828,226,Gyroscope,-0.06719518,0.08552113,0.048258353,1566947943012
23829,226,Accelerometer,-7.3190745999999995,-3.2393548,5.7903767,1566947943013
23830,226,Gyroscope,-0.06169739,0.09468412,0.03359759,1566947943022
23831,226,Accelerometer,-7.4363904000000005,-3.1711202000000003,5.711368,1566947943023
23832,226,Gyroscope,-0.06658431,0.12950343,0.02565634,1566947943032
23833,226,Accelerometer,-7.4184339999999995,-3.145981,5.619191000000001,1566947943033
23834,226,Gyroscope,-0.054367005999999996,0.13255776,0.021991148999999998,1566947943042
23835,226,Accelerometer,-7.4399820000000005,-3.2453402999999996,5.518635,1566947943043
23836,226,Gyroscope,-0.0421497,0.12522738,0.02565634,1566947943053
23837,226,Accelerometer,-7.37055,-3.2704793999999997,5.4911017,1566947943053
23838,226,Gyroscope,-0.017715093,0.08735373,0.03604105,1566947943062
23839,226,Accelerometer,-7.4950485,-3.288436,5.444414599999999,1566947943063
23840,226,Gyroscope,-0.002443461,0.048258353,0.058643065,1566947943072
23841,226,Accelerometer,-7.541735000000001,-3.0849290000000003,5.351041,1566947943073
23842,226,Gyroscope,-0.005497787,0.01038471,0.09407325,1566947943082
23843,226,Accelerometer,-7.5525093,-2.6803088,5.363012,1566947943083
23844,226,Gyroscope,-0.004886922,-0.03848451,0.124005646,1566947943092
23845,226,Accelerometer,-7.5285673,-2.4061728,5.470751,1566947943093
23846,226,Gyroscope,0.002443461,-0.089186326,0.1423316,1566947943103
23847,226,Accelerometer,-7.437587700000001,-2.2313959999999997,5.7843914000000005,1566947943103
23848,226,Gyroscope,0.0061086523,-0.09773844,0.15760323,1566947943112
23849,226,Accelerometer,-7.428011,-1.9776106,6.0800753,1566947943113
23850,226,Gyroscope,-0.0061086523,-0.07574729,0.17104226,1566947943122
23851,226,Accelerometer,-7.5333557,-1.685518,6.1650696,1566947943123
23852,226,Gyroscope,-0.018936822,-0.032375857,0.16310102,1566947943132
23853,226,Accelerometer,-7.513005000000001,-1.4712370000000001,6.254852,1566947943133
23854,226,Gyroscope,-0.03848451,0.037873644,0.13805555,1566947943143
23855,226,Accelerometer,-7.605181699999999,-1.3623008,6.2500634,1566947943143
23856,226,Gyroscope,-0.056199603,0.1142318,0.10323623,1566947943152
23857,226,Accelerometer,-7.8146744,-1.3239936,6.191406,1566947943153
23858,226,Gyroscope,-0.08307768,0.17043139999999998,0.07147124,1566947943162
23859,226,Accelerometer,-7.979874000000001,-1.3503298000000001,6.0142345,1566947943163
23860,226,Gyroscope,-0.116675265,0.19303341,0.049480084,1566947943172
23861,226,Accelerometer,-8.021772,-1.3706805,5.8059389999999995,1566947943173
23862,226,Gyroscope,-0.14110987,0.19058995,0.034208454,1566947943182
23863,226,Accelerometer,-7.967903,-1.4939818,5.675455,1566947943183
23864,226,Gyroscope,-0.1441642,0.18570304,0.026267206,1566947943192
23865,226,Accelerometer,-7.884106,-1.6627731,5.583278,1566947943193
23866,226,Gyroscope,-0.13805555,0.17104226,0.01282817,1566947943202
23867,226,Accelerometer,-7.769184599999999,-1.8387468999999996,5.530606,1566947943203
23868,226,Gyroscope,-0.124005646,0.14172074,0.007941248,1566947943212
23869,226,Accelerometer,-7.704541000000001,-1.9812019,5.445612000000001,1566947943213
23870,226,Gyroscope,-0.11728613,0.112399206,0.014660766,1566947943222
23871,226,Accelerometer,-7.7572136,-2.0242975,5.519832,1566947943223
23872,226,Gyroscope,-0.11362094,0.09468412,0.026267206,1566947943233
23873,226,Accelerometer,-7.8865004,-2.0338743000000004,5.5509567,1566947943233
23874,226,Gyroscope,-0.11484267,0.08674286,0.039095376,1566947943242
23875,226,Accelerometer,-8.013392999999999,-2.0649989,5.5641245999999995,1566947943243
23876,226,Gyroscope,-0.10873401,0.08552113,0.050701816,1566947943252
23877,226,Accelerometer,-8.192958,-2.0925324,5.5042696,1566947943253
23878,226,Gyroscope,-0.09773844,0.08674286,0.06169739,1566947943262
23879,226,Accelerometer,-8.423999,-2.0506337,5.386954,1566947943263
23880,226,Gyroscope,-0.086132,0.09162979,0.07391469,1566947943272
23881,226,Accelerometer,-8.395268,-1.8531121,5.261258,1566947943273
23882,226,Gyroscope,-0.07819075,0.09040806,0.086132,1566947943283
23883,226,Accelerometer,-8.244433,-1.5610195,5.1762643,1566947943283
23884,226,Gyroscope,-0.069027774,0.07513642,0.08796459400000001,1566947943292
23885,226,Accelerometer,-7.9463553,-1.4053963,5.1475334,1566947943293
23886,226,Gyroscope,-0.057421334000000004,0.043982297000000004,0.09040806,1566947943302
23887,226,Accelerometer,-7.754819400000001,-1.3060371000000002,5.0816930000000005,1566947943303
23888,226,Gyroscope,-0.03481932,-0.0012217305,0.07696902,1566947943312
23889,226,Accelerometer,-7.656657000000001,-1.3144168,5.1583076,1566947943313
23890,226,Gyroscope,-0.01160644,-0.03970624,0.05131268,1566947943322
23891,226,Accelerometer,-7.6506715,-1.4041992,5.1906295,1566947943323
23892,226,Gyroscope,0.005497787,-0.06841691,0.022602014,1566947943332
23893,226,Accelerometer,-7.61835,-1.3874398000000001,5.189432,1566947943333
23894,226,Gyroscope,0.014660766,-0.1020145,-0.015882496,1566947943343
23895,226,Accelerometer,-7.716512,-1.389834,5.2684407,1566947943343
23896,226,Gyroscope,0.025045475,-0.12950343,-0.06169739,1566947943352
23897,226,Accelerometer,-7.8386164,-1.5514427,5.3079453,1566947943353
23898,226,Gyroscope,0.020158553,-0.14905111,-0.096516706,1566947943362
23899,226,Accelerometer,-7.7847466,-1.6950948000000001,5.2875943,1566947943363
23900,226,Gyroscope,0.02076942,-0.18631389999999998,-0.12339478,1566947943372
23901,226,Accelerometer,-7.660248299999999,-1.7681179,5.3678,1566947943373
23902,226,Gyroscope,0.03604105,-0.21930063,-0.15149458,1566947943382
23903,226,Accelerometer,-7.656657000000001,-1.8543092,5.588066599999999,1566947943383
23904,226,Gyroscope,0.055588737,-0.23823744,-0.17104226,1566947943392
23905,226,Accelerometer,-7.6255326,-1.8830396,5.710171,1566947943393
23906,226,Gyroscope,0.056199603,-0.23579398,-0.1881465,1566947943402
23907,226,Accelerometer,-7.516596300000001,-1.8543092,5.887341999999999,1566947943403
23908,226,Gyroscope,0.047036625,-0.21563543,-0.1966986,1566947943412
23909,226,Accelerometer,-7.562086,-1.8866308999999997,6.089652,1566947943413
23910,226,Gyroscope,0.03176499,-0.17898351,-0.20586158,1566947943422
23911,226,Accelerometer,-7.606379,-1.9620483,6.145916000000001,1566947943423
23912,226,Gyroscope,0.0061086523,-0.12889257,-0.21013765,1566947943432
23913,226,Accelerometer,-7.704541000000001,-2.1068976000000004,6.1183825,1566947943433
23914,226,Gyroscope,-0.031154128,-0.06963864,-0.20219639,1566947943442
23915,226,Accelerometer,-7.705738,-2.3175871,5.969942,1566947943443
23916,226,Gyroscope,-0.0720821,-0.03359759,-0.17959438,1566947943453
23917,226,Accelerometer,-7.644686,-2.4672248,5.791574,1566947943453
23918,226,Gyroscope,-0.1020145,-0.007941248,-0.14172074,1566947943462
23919,226,Accelerometer,-7.468712299999999,-2.4839842,5.676652400000001,1566947943463
23920,226,Gyroscope,-0.11362094,-0.0067195175,-0.09896017,1566947943472
23921,226,Accelerometer,-7.351396,-2.516306,5.722142,1566947943473
23922,226,Gyroscope,-0.10445796,-0.02076942,-0.06963864,1566947943482
23923,226,Accelerometer,-7.2484455,-2.5151088,5.910087,1566947943483
23924,226,Gyroscope,-0.07086037,-0.031154128,-0.037873644,1566947943492
23925,226,Accelerometer,-7.1466923,-2.5210943,6.114791,1566947943493
23926,226,Gyroscope,-0.05681047,-0.030543262,-0.016493361,1566947943503
23927,226,Accelerometer,-7.189788,-2.4480712000000002,6.2668230000000005,1566947943503
23928,226,Gyroscope,-0.06169739,-0.02321288,0.0036651915999999997,1566947943512
23929,226,Accelerometer,-7.3083005000000005,-2.2709002000000003,6.3063273,1566947943513
23930,226,Gyroscope,-0.08063421400000001,0.007330383,0.02565634,1566947943522
23931,226,Accelerometer,-7.413645699999999,-2.0769699,6.290765,1566947943523
23932,226,Gyroscope,-0.11728613,0.05131268,0.043982297000000004,1566947943532
23933,226,Accelerometer,-7.4591354999999995,-1.8842366999999998,6.1626754,1566947943533
23934,226,Gyroscope,-0.15271631,0.111177474,0.06352998,1566947943542
23935,226,Accelerometer,-7.337031,-1.7729063000000003,6.060921700000001,1566947943543
23936,226,Gyroscope,-0.17348573,0.13439035,0.05681047,1566947943552
23937,226,Accelerometer,-7.368156,-1.8555063000000003,6.005855,1566947943553
23938,226,Gyroscope,-0.18142697,0.14782938,0.05009095,1566947943563
23939,226,Accelerometer,-7.5082164,-2.0302830000000003,5.9029045,1566947943563
23940,226,Gyroscope,-0.18753563,0.16676621,0.048258353,1566947943572
23941,226,Accelerometer,-7.4591354999999995,-2.099715,5.732916,1566947943573
23942,226,Gyroscope,-0.17715092,0.15882497,0.037873644,1566947943582
23943,226,Accelerometer,-7.302314999999999,-2.1918917,5.718550700000001,1566947943583
23944,226,Gyroscope,-0.14721853,0.12644911,0.02443461,1566947943592
23945,226,Accelerometer,-7.345411,-2.4145525,5.7065797,1566947943593
23946,226,Gyroscope,-0.11728613,0.111177474,0.02443461,1566947943602
23947,226,Accelerometer,-7.243657000000001,-2.4911668,5.6443305,1566947943603
23948,226,Gyroscope,-0.0842994,0.099571034,0.029321532999999997,1566947943612
23949,226,Accelerometer,-7.097611,-2.705448,5.625177,1566947943613
23950,226,Gyroscope,-0.050701816,0.07452556,0.036651913,1566947943623
23951,226,Accelerometer,-7.28795,-2.8311436000000003,5.6467247,1566947943623
23952,226,Gyroscope,-0.023823743999999997,0.051923547,0.03970624,1566947943632
23953,226,Accelerometer,-7.4399820000000005,-2.8742392000000003,5.5964465,1566947943633
23954,226,Gyroscope,-0.007330383,0.049480084,0.0580322,1566947943642
23955,226,Accelerometer,-7.765592999999999,-2.8993783,5.5509567,1566947943643
23956,226,Gyroscope,-0.02321288,0.06047566,0.09590584,1566947943652
23957,226,Accelerometer,-7.837419000000001,-2.753332,5.347449299999999,1566947943653
23958,226,Gyroscope,-0.043982297000000004,0.04642576,0.12034045,1566947943662
23959,226,Accelerometer,-7.6734165999999995,-2.5929205,5.2277393,1566947943663
23960,226,Gyroscope,-0.048258353,0.007941248,0.11728613,1566947943673
23961,226,Accelerometer,-7.526173,-2.5809495,5.2504845,1566947943673
23962,226,Gyroscope,-0.037873644,-0.013439035,0.10140363,1566947943682
23963,226,Accelerometer,-7.396886299999999,-2.5965118,5.391742,1566947943683
23964,226,Gyroscope,-0.028710667000000002,-0.040317107000000005,0.08674286,1566947943692
23965,226,Accelerometer,-7.337031,-2.4720132,5.5581393,1566947943693
23966,226,Gyroscope,-0.017715093,-0.05009095,0.06291912,1566947943702
23967,226,Accelerometer,-7.3214690000000004,-2.3726540000000003,5.7760115,1566947943703
23968,226,Gyroscope,0.002443461,-0.059864793,0.03176499,1566947943712
23969,226,Accelerometer,-7.424419400000001,-2.3930047,5.9041014,1566947943713
23970,226,Gyroscope,0.02565634,-0.043982297000000004,-0.015882496,1566947943722
23971,226,Accelerometer,-7.6710224,-2.4839842,5.8442464,1566947943723
23972,226,Gyroscope,0.016493361,-0.039095376,-0.029932396,1566947943732
23973,226,Accelerometer,-7.6961613,-2.5198972,5.8215012999999995,1566947943733
23974,226,Gyroscope,-0.005497787,-0.013439035,-0.032375857,1566947943742
23975,226,Accelerometer,-7.7105265,-2.5965118,5.7784057,1566947943743
23976,226,Gyroscope,-0.02321288,0.0018325957999999999,-0.025045475,1566947943752
23977,226,Accelerometer,-7.6626425000000005,-2.705448,5.795165,1566947943753
23978,226,Gyroscope,-0.020158553,-0.004886922,-0.012217305,1566947943762
23979,226,Accelerometer,-7.691373,-2.8107927000000004,5.853823,1566947943763
23980,226,Gyroscope,-0.02443461,-0.009773844,0.002443461,1566947943772
23981,226,Accelerometer,-7.632714999999999,-2.7808652,5.853823,1566947943773
23982,226,Gyroscope,-0.036651913,-0.007941248,0.008552114,1566947943782
23983,226,Accelerometer,-7.492654300000001,-2.7090392000000003,5.981913,1566947943783
23984,226,Gyroscope,-0.04642576,0.007941248,0.0036651915999999997,1566947943792
23985,226,Accelerometer,-7.514202,-2.7030537,6.053739,1566947943793
23986,226,Gyroscope,-0.06169739,0.021991148999999998,-0.0018325957999999999,1566947943802
23987,226,Accelerometer,-7.529764,-2.6180596,6.0585275,1566947943803
23988,226,Gyroscope,-0.08674286,0.04276056599999999,-0.007330383,1566947943812
23989,226,Accelerometer,-7.4950485,-2.516306,5.985504,1566947943813
23990,226,Gyroscope,-0.11484267,0.06963864,-0.0030543262,1566947943823
23991,226,Accelerometer,-7.413645699999999,-2.4863784,5.8825536,1566947943823
23992,226,Gyroscope,-0.13072516,0.08857546,-0.0030543262,1566947943832
23993,226,Accelerometer,-7.2664022,-2.5965118,5.861006,1566947943833
23994,226,Gyroscope,-0.1282817,0.07819075,0.005497787,1566947943842
23995,226,Accelerometer,-7.247248599999999,-2.791639,5.898116,1566947943843
23996,226,Gyroscope,-0.10934488,0.08246681,0.017715093,1566947943852
23997,226,Accelerometer,-7.3657618000000005,-2.8167782000000003,5.8502316,1566947943853
23998,226,Gyroscope,-0.10812314599999999,0.09040806,0.037873644,1566947943862
23999,226,Accelerometer,-7.36217,-2.6779146000000003,5.722142,1566947943863
24000,226,Gyroscope,-0.10873401,0.09896017,0.05009095,1566947943872
24001,226,Accelerometer,-7.3190745999999995,-2.6396074,5.6706667,1566947943873
24002,226,Gyroscope,-0.10323623,0.11362094,0.048258353,1566947943883
24003,226,Accelerometer,-7.3190745999999995,-2.6850972,5.686229,1566947943883
24004,226,Gyroscope,-0.09285152,0.11056661,0.032986722999999996,1566947943892
24005,226,Accelerometer,-7.4327993,-2.8048072,5.626374,1566947943893
24006,226,Gyroscope,-0.09285152,0.09590584,0.021991148999999998,1566947943902
24007,226,Accelerometer,-7.6578539999999995,-2.7820622999999998,5.474342299999999,1566947943903
24008,226,Gyroscope,-0.111177474,0.09285152,0.028710667000000002,1566947943912
24009,226,Accelerometer,-7.5968018,-2.6072857000000003,5.318719000000001,1566947943913
24010,226,Gyroscope,-0.12339478,0.07819075,0.02687807,1566947943922
24011,226,Accelerometer,-7.461529700000001,-2.5761611,5.3582234,1566947943923
24012,226,Gyroscope,-0.11178834,0.043982297000000004,0.017104227,1566947943932
24013,226,Accelerometer,-7.4735007,-2.7365725,5.475539,1566947943933
24014,226,Gyroscope,-0.086132,-0.007941248,0.009773844,1566947943943
24015,226,Accelerometer,-7.583634,-2.8119897999999997,5.5605335,1566947943943
24016,226,Gyroscope,-0.076358154,-0.05131268,0.007330383,1566947943952
24017,226,Accelerometer,-7.335833999999999,-2.7198130000000003,5.604826,1566947943953
24018,226,Gyroscope,-0.07696902,-0.043982297000000004,0.007941248,1566947943962
24019,226,Accelerometer,-7.0940194000000005,-2.5354595,5.7520695,1566947943963
24020,226,Gyroscope,-0.077579886,-0.023823743999999997,0.007941248,1566947943972
24021,226,Accelerometer,-7.1191587,-2.5318682,5.8394580000000005,1566947943973
24022,226,Gyroscope,-0.084910266,-0.0012217305,0.0067195175,1566947943982
24023,226,Accelerometer,-7.1035960000000005,-2.7509377,5.8969190000000005,1566947943983
24024,226,Gyroscope,-0.09407325,0.020158553,0.0067195175,1566947943993
24025,226,Accelerometer,-7.169436999999999,-2.7976246,5.93762,1566947943993
24026,226,Gyroscope,-0.105068825,0.044593163,0.014049901000000002,1566947944002
24027,226,Accelerometer,-7.299921,-2.72939,5.8466406,1566947944003
24028,226,Gyroscope,-0.112399206,0.06841691,0.029321532999999997,1566947944012
24029,226,Accelerometer,-7.217321000000001,-2.801216,5.771223,1566947944013
24030,226,Gyroscope,-0.10934488,0.07391469,0.028710667000000002,1566947944023
24031,226,Accelerometer,-7.1670427,-2.9604304,5.831078,1566947944023
24032,226,Gyroscope,-0.08124508,0.07086037,0.022602014,1566947944032
24033,226,Accelerometer,-7.155071700000001,-3.2573112999999996,5.9244523000000004,1566947944033
24034,226,Gyroscope,-0.05681047,0.059864793,0.032986722999999996,1566947944042
24035,226,Accelerometer,-7.400477400000001,-3.2501287,5.852626,1566947944043
24036,226,Gyroscope,-0.059864793,0.06352998,0.04276056599999999,1566947944052
24037,226,Accelerometer,-7.575253999999999,-3.0657754,5.6982,1566947944053
24038,226,Gyroscope,-0.07880162,0.07147124,0.061086524,1566947944062
24039,226,Accelerometer,-7.4950485,-2.8921957000000003,5.535394,1566947944063
24040,226,Gyroscope,-0.09040806,0.06169739,0.064751714,1566947944073
24041,226,Accelerometer,-7.387309599999999,-2.8335377999999998,5.555745,1566947944073
24042,226,Gyroscope,-0.09712757,0.040317107000000005,0.073303826,1566947944082
24043,226,Accelerometer,-7.3418193,-2.8574797999999997,5.641936299999999,1566947944083
24044,226,Gyroscope,-0.10140363,0.028099801,0.07941248,1566947944092
24045,226,Accelerometer,-7.2125325,-2.779668,5.744887,1566947944093
24046,226,Gyroscope,-0.10629055,0.04520403,0.084910266,1566947944102
24047,226,Accelerometer,-7.076063,-2.6910827,5.899312999999999,1566947944103
24048,226,Gyroscope,-0.11789699,0.09040806,0.09285152,1566947944112
24049,226,Accelerometer,-7.1873937,-2.6048915,5.9807158,1566947944113
24050,226,Gyroscope,-0.14049901,0.13683382,0.09896017,1566947944122
24051,226,Accelerometer,-7.195773,-2.5139117000000004,5.9507885,1566947944123
24052,226,Gyroscope,-0.15515977,0.1777618,0.105068825,1566947944132
24053,226,Accelerometer,-7.201759,-2.5067291000000003,5.895722,1566947944133
24054,226,Gyroscope,-0.16126843,0.20708331,0.118507855,1566947944142
24055,226,Accelerometer,-7.37055,-2.4636335,5.657499,1566947944143
24056,226,Gyroscope,-0.15332718,0.21685717,0.13622294,1566947944152
24057,226,Accelerometer,-7.5333557,-2.4612392999999995,5.5545480000000005,1566947944153
24058,226,Gyroscope,-0.13988814,0.20525073,0.15271631,1566947944162
24059,226,Accelerometer,-7.699753,-2.2732944,5.5102553,1566947944163
24060,226,Gyroscope,-0.118507855,0.16737708,0.15882497,1566947944172
24061,226,Accelerometer,-7.8326306,-2.0709844,5.604826,1566947944173
24062,226,Gyroscope,-0.07574729,0.089186326,0.15454891,1566947944183
24063,226,Accelerometer,-7.898471400000001,-1.8698715,5.628768,1566947944183
24064,226,Gyroscope,-0.06719518,0.057421334000000004,0.13683382,1566947944192
24065,226,Accelerometer,-7.8517847000000005,-1.7322049,5.722142,1566947944193
24066,226,Gyroscope,-0.077579886,0.059253927000000005,0.111177474,1566947944202
24067,226,Accelerometer,-7.9008656,-1.7034745,5.7867856,1566947944203
24068,226,Gyroscope,-0.1020145,0.07941248,0.08063421400000001,1566947944212
24069,226,Accelerometer,-8.019378999999999,-1.7058687,5.7784057,1566947944213
24070,226,Gyroscope,-0.13500121,0.08674286,0.053145275,1566947944222
24071,226,Accelerometer,-7.987056699999999,-1.7549498,5.759252,1566947944223
24072,226,Gyroscope,-0.16004670000000001,0.10751228,0.03176499,1566947944233
24073,226,Accelerometer,-7.833828,-1.8160020000000001,5.7867856,1566947944233
24074,226,Gyroscope,-0.16676621,0.13561209,0.009773844,1566947944242
24075,226,Accelerometer,-7.7189064,-1.9632453999999997,5.7125654,1566947944243
24076,226,Gyroscope,-0.16004670000000001,0.16004670000000001,-0.005497787,1566947944252
24077,226,Accelerometer,-7.72968,-2.1380222,5.580883999999999,1566947944253
24078,226,Gyroscope,-0.13683382,0.16920967,-0.0067195175,1566947944262
24079,226,Accelerometer,-7.682993400000001,-2.2840683,5.5054669999999994,1566947944263
24080,226,Gyroscope,-0.105068825,0.1685988,-0.004276057,1566947944272
24081,226,Accelerometer,-7.632714999999999,-2.3690627,5.409699,1566947944273
24082,226,Gyroscope,-0.07391469,0.14172074,0.01038471,1566947944283
24083,226,Accelerometer,-7.704541000000001,-2.3247697,5.294777,1566947944283
24084,226,Gyroscope,-0.06414085,0.11301007,0.02687807,1566947944292
24085,226,Accelerometer,-7.6865845,-2.2218192,5.2157683,1566947944293
24086,226,Gyroscope,-0.06841691,0.086132,0.045814894,1566947944302
24087,226,Accelerometer,-7.7093296,-2.1296425,5.17387,1566947944303
24088,226,Gyroscope,-0.07513642,0.06047566,0.0580322,1566947944312
24089,226,Accelerometer,-7.78355,-2.0075380000000003,5.2361193,1566947944313
24090,226,Gyroscope,-0.073303826,0.034208454,0.061086524,1566947944322
24091,226,Accelerometer,-7.846996300000001,-1.8854338,5.2995653,1566947944323
24092,226,Gyroscope,-0.07086037,0.018936822,0.059253927000000005,1566947944332
24093,226,Accelerometer,-7.966706299999999,-1.8375498,5.291186,1566947944333
24094,226,Gyroscope,-0.06719518,0.018936822,0.050701816,1566947944343
24095,226,Accelerometer,-8.054094000000001,-1.7250223000000002,5.2265425,1566947944343
24096,226,Gyroscope,-0.06658431,-0.015271631,0.040317107000000005,1566947944352
24097,226,Accelerometer,-7.916428,-1.6711528000000002,5.2361193,1566947944353
24098,226,Gyroscope,-0.05681047,-0.02565634,0.03481932,1566947944362
24099,226,Accelerometer,-7.8422074,-1.6627731,5.342661,1566947944363
24100,226,Gyroscope,-0.036651913,-0.04886922,0.017715093,1566947944372
24101,226,Accelerometer,-7.831434,-1.6962918999999999,5.5030727,1566947944373
24102,226,Gyroscope,-0.02076942,-0.08246681,-0.004276057,1566947944382
24103,226,Accelerometer,-7.945158500000001,-1.6759412,5.553351,1566947944383
24104,226,Gyroscope,-0.027488936000000002,-0.08857546,-0.020158553,1566947944393
24105,226,Accelerometer,-7.926005,-1.6927006000000002,5.614403,1566947944393
24106,226,Gyroscope,-0.027488936000000002,-0.10323623,-0.03481932,1566947944402
24107,226,Accelerometer,-7.9583262999999995,-1.7250223000000002,5.627571,1566947944403
24108,226,Gyroscope,-0.040927973,-0.105068825,-0.043982297000000004,1566947944412
24109,226,Accelerometer,-7.935581699999999,-1.7609352999999999,5.6407394,1566947944413
24110,226,Gyroscope,-0.05009095,-0.08246681,-0.027488936000000002,1566947944422
24111,226,Accelerometer,-7.7907324000000004,-1.7956512999999998,5.6299653,1566947944423
24112,226,Gyroscope,-0.048258353,-0.061086524,-0.0067195175,1566947944432
24113,226,Accelerometer,-7.599196000000001,-1.8088194,5.686229,1566947944433
24114,226,Gyroscope,-0.034208454,-0.04520403,0.008552114,1566947944442
24115,226,Accelerometer,-7.441178999999999,-1.9907787000000001,5.711368,1566947944443
24116,226,Gyroscope,-0.023823743999999997,-0.040317107000000005,0.019547688,1566947944453
24117,226,Accelerometer,-7.5525093,-2.110489,5.652710400000001,1566947944453
24118,226,Gyroscope,-0.028710667000000002,-0.040317107000000005,0.02321288,1566947944462
24119,226,Accelerometer,-7.6135616,-2.0973208,5.5282116,1566947944463
24120,226,Gyroscope,-0.03176499,-0.039095376,0.020158553,1566947944472
24121,226,Accelerometer,-7.577648,-2.146402,5.4360349999999995,1566947944473
24122,226,Gyroscope,-0.032986722999999996,-0.05009095,0.00061086525,1566947944482
24123,226,Accelerometer,-7.606379,-2.1571757999999996,5.3941364,1566947944483
24124,226,Gyroscope,-0.028099801,-0.07391469,-0.028710667000000002,1566947944492
24125,226,Accelerometer,-7.6961613,-2.1954830000000003,5.384559599999999,1566947944493
24126,226,Gyroscope,-0.029321532999999997,-0.10262536,-0.05497787,1566947944503
24127,226,Accelerometer,-7.690175999999999,-2.1763293999999997,5.279215,1566947944503
24128,226,Gyroscope,-0.029932396,-0.14355333,-0.08307768,1566947944512
24129,226,Accelerometer,-7.553706,-2.1535845,5.3366755999999995,1566947944513
24130,226,Gyroscope,-0.017104227,-0.18081611,-0.11178834,1566947944522
24131,226,Accelerometer,-7.529764,-2.1763293999999997,5.483919,1566947944523
24132,226,Gyroscope,-0.014660766,-0.18448131,-0.12522738,1566947944532
24133,226,Accelerometer,-7.489063000000001,-2.15957,5.626374,1566947944533
24134,226,Gyroscope,-0.02321288,-0.15943582,-0.11484267,1566947944542
24135,226,Accelerometer,-7.393294999999999,-2.1284454,5.6826377,1566947944543
24136,226,Gyroscope,-0.015882496,-0.14110987,-0.10567969,1566947944552
24137,226,Accelerometer,-7.352593400000001,-2.1200657000000005,5.746084,1566947944553
24138,226,Gyroscope,0.0012217305,-0.12705997,-0.09285152,1566947944562
24139,226,Accelerometer,-7.5309615,-2.0913353,5.8478374,1566947944563
24140,226,Gyroscope,0.015882496,-0.13072516,-0.09101892,1566947944572
24141,226,Accelerometer,-7.8493905,-2.123657,5.9926867,1566947944573
24142,226,Gyroscope,0.007330383,-0.13683382,-0.08979719,1566947944582
24143,226,Accelerometer,-8.222886,-2.12246,6.171055,1566947944583
24144,226,Gyroscope,-0.034208454,-0.1337795,-0.09101892,1566947944592
24145,226,Accelerometer,-8.279149,-1.9201498,6.2213330000000004,1566947944593
24146,226,Gyroscope,-0.09896017,-0.07513642,-0.076358154,1566947944602
24147,226,Accelerometer,-8.082825,-2.1583729,6.378153299999999,1566947944603
24148,226,Gyroscope,-0.15882497,-0.0030543262,-0.06169739,1566947944613
24149,226,Accelerometer,-7.973889,-2.31639,6.191406,1566947944613
24150,226,Gyroscope,-0.21502456,0.07269296,-0.044593163,1566947944622
24151,226,Accelerometer,-7.7931266,-2.3666685000000003,5.9747305,1566947944623
24152,226,Gyroscope,-0.25350907,0.13133603,-0.015271631,1566947944632
24153,226,Accelerometer,-7.524976,-2.4863784,5.919664,1566947944633
24154,226,Gyroscope,-0.24068089999999998,0.20219639,0.01282817,1566947944642
24155,226,Accelerometer,-7.517792999999999,-2.6479871,5.8143187,1566947944643
24156,226,Gyroscope,-0.21380283,0.21624629,0.029321532999999997,1566947944652
24157,226,Accelerometer,-7.511808,-2.5737667,5.6431336,1566947944653
24158,226,Gyroscope,-0.19608775,0.22357668,0.04337143,1566947944662
24159,226,Accelerometer,-7.3202715,-2.4109612,5.507861,1566947944663
24160,226,Gyroscope,-0.17654006,0.21807889999999996,0.056199603,1566947944673
24161,226,Accelerometer,-7.1371155,-2.2936451,5.4312468,1566947944673
24162,226,Gyroscope,-0.14966199,0.1777618,0.059253927000000005,1566947944682
24163,226,Accelerometer,-7.061698,-2.2697031,5.4575830000000005,1566947944683
24164,226,Gyroscope,-0.10873401,0.14782938,0.059253927000000005,1566947944692
24165,226,Accelerometer,-7.013814,-2.2732944,5.4911017,1566947944693
24166,226,Gyroscope,-0.073303826,0.10812314599999999,0.06536258,1566947944702
24167,226,Accelerometer,-7.062895,-2.3535004,5.4240639999999996,1566947944703
24168,226,Gyroscope,-0.05131268,0.06597344599999999,0.077579886,1566947944712
24169,226,Accelerometer,-7.1407065,-2.3714569,5.3582234,1566947944713
24170,226,Gyroscope,-0.039095376,0.032375857,0.08674286,1566947944722
24171,226,Accelerometer,-7.273585000000001,-2.3223755,5.3558292000000005,1566947944723
24172,226,Gyroscope,-0.044593163,0.014660766,0.095294975,1566947944733
24173,226,Accelerometer,-7.347805,-2.3175871,5.4144874000000005,1566947944733
24174,226,Gyroscope,-0.05131268,-0.00061086525,0.09896017,1566947944742
24175,226,Accelerometer,-7.4699089999999995,-2.3953989,5.5737014,1566947944743
24176,226,Gyroscope,-0.05497787,-0.0061086523,0.09590584,1566947944752
24177,226,Accelerometer,-7.5788455,-2.4779987,5.628768,1566947944753
24178,226,Gyroscope,-0.059253927000000005,-0.0036651915999999997,0.09590584,1566947944763
24179,226,Accelerometer,-7.6255326,-2.5773582000000004,5.687426,1566947944763
24180,226,Gyroscope,-0.055588737,-0.0036651915999999997,0.09712757,1566947944772
24181,226,Accelerometer,-7.653065700000001,-2.6479871,5.7245364,1566947944773
24182,226,Gyroscope,-0.050701816,-0.004276057,0.10018189999999999,1566947944782
24183,226,Accelerometer,-7.659051400000001,-2.6276363999999997,5.6826377,1566947944783
24184,226,Gyroscope,-0.051923547,0.004886922,0.106901415,1566947944792
24185,226,Accelerometer,-7.524976,-2.5187001,5.5940523,1566947944793
24186,226,Gyroscope,-0.057421334000000004,0.007330383,0.10812314599999999,1566947944802
24187,226,Accelerometer,-7.3274539999999995,-2.4863784,5.5940523,1566947944803
24188,226,Gyroscope,-0.040927973,0.007941248,0.09162979,1566947944812
24189,226,Accelerometer,-7.228095,-2.6120741,5.6898203,1566947944813
24190,226,Gyroscope,-0.018936822,0.0018325957999999999,0.06536258,1566947944822
24191,226,Accelerometer,-7.420828299999999,-2.6731262000000005,5.7029886,1566947944823
24192,226,Gyroscope,-0.016493361,-0.009773844,0.04642576,1566947944832
24193,226,Accelerometer,-7.514202,-2.4732103,5.6096144,1566947944833
24194,226,Gyroscope,-0.03359759,-0.0067195175,0.027488936000000002,1566947944842
24195,226,Accelerometer,-7.422025,-2.4768016,5.6299653,1566947944843
24196,226,Gyroscope,-0.047647487,0.0030543262,0.0061086523,1566947944853
24197,226,Accelerometer,-7.6494746,-2.694674,5.6563015,1566947944853
24198,226,Gyroscope,-0.062308256,-0.009773844,-0.007330383,1566947944862
24199,226,Accelerometer,-7.7931266,-2.8072014,5.6802435,1566947944863
24200,226,Gyroscope,-0.08796459400000001,-0.005497787,-0.005497787,1566947944872
24201,226,Accelerometer,-7.7093296,-2.8790276,5.6670755999999995,1566947944873
24202,226,Gyroscope,-0.092240654,-0.012217305,0.00061086525,1566947944882
24203,226,Accelerometer,-7.7488337,-3.0083144,5.6347537,1566947944883
24204,226,Gyroscope,-0.10018189999999999,-0.015271631,0.0067195175,1566947944892
24205,226,Accelerometer,-7.6231384,-3.0310593,5.5844755,1566947944893
24206,226,Gyroscope,-0.10140363,-0.016493361,0.01038471,1566947944902
24207,226,Accelerometer,-7.496245399999999,-3.0765493,5.616797,1566947944903
24208,226,Gyroscope,-0.103847094,-0.016493361,0.021991148999999998,1566947944912
24209,226,Accelerometer,-7.4950485,-3.0561984,5.649119000000001,1566947944913
24210,226,Gyroscope,-0.11911872,-0.0030543262,0.025045475,1566947944922
24211,226,Accelerometer,-7.2831616,-2.9041667,5.650316,1566947944923
24212,226,Gyroscope,-0.13194689,-0.002443461,0.02321288,1566947944932
24213,226,Accelerometer,-7.2364745,-2.906561,5.657499,1566947944933
24214,226,Gyroscope,-0.13622294,0.004886922,0.019547688,1566947944942
24215,226,Accelerometer,-7.2149267,-2.9101522,5.756858,1566947944943
24216,226,Gyroscope,-0.13927728,0.007330383,0.018325957,1566947944952
24217,226,Accelerometer,-7.053317999999999,-2.9987376,5.8478374,1566947944953
24218,226,Gyroscope,-0.12889257,0.020158553,0.016493361,1566947944963
24219,226,Accelerometer,-7.0940194000000005,-3.0490158,5.942408599999999,1566947944963
24220,226,Gyroscope,-0.13622294,0.07147124,0.03176499,1566947944972
24221,226,Accelerometer,-7.041347,-3.1771057000000003,5.907693,1566947944973
24222,226,Gyroscope,-0.14355333,0.106901415,0.05131268,1566947944982
24223,226,Accelerometer,-7.070077400000001,-3.2932242999999994,5.791574,1566947944983
24224,226,Gyroscope,-0.1441642,0.11362094,0.07086037,1566947944992
24225,226,Accelerometer,-7.219714999999999,-3.3339260000000004,5.695806,1566947944993
24226,226,Gyroscope,-0.14538592,0.11728613,0.08979719,1566947945002
24227,226,Accelerometer,-6.9503675000000005,-3.4153287000000003,5.5629277,1566947945003
24228,226,Gyroscope,-0.1386664,0.10323623,0.10812314599999999,1566947945012
24229,226,Accelerometer,-6.9048777,-3.3997664,5.4803276,1566947945013
24230,226,Gyroscope,-0.13072516,0.051923547,0.11911872,1566947945023
24231,226,Accelerometer,-7.195773,-3.3291376000000006,5.398925,1566947945023
24232,226,Gyroscope,-0.12278391400000001,-0.025045475,0.11545353400000001,1566947945032
24233,226,Accelerometer,-7.204153,-3.0154970000000003,5.463568,1566947945033
24234,226,Gyroscope,-0.11484267,-0.06841691,0.1160644,1566947945042
24235,226,Accelerometer,-7.022193400000001,-2.7545290000000002,5.746084,1566947945043
24236,226,Gyroscope,-0.11178834,-0.0720821,0.12278391400000001,1566947945052
24237,226,Accelerometer,-6.9348054,-2.5234885,6.0130377,1566947945053
24238,226,Gyroscope,-0.10873401,-0.0421497,0.13072516,1566947945062
24239,226,Accelerometer,-6.8162923,-2.315193,6.51582,1566947945063
24240,226,Gyroscope,-0.1142318,0.018936822,0.15027285,1566947945072
24241,226,Accelerometer,-7.2424603,-2.2074540000000002,6.3985043,1566947945073
24242,226,Gyroscope,-0.1441642,0.08979719,0.18081611,1566947945083
24243,226,Accelerometer,-7.49026,-2.0697872999999998,6.196194,1566947945083
24244,226,Gyroscope,-0.18875736,0.14844026,0.21563543,1566947945092
24245,226,Accelerometer,-7.5429325,-1.9213468999999996,6.047753299999999,1566947945093
24246,226,Gyroscope,-0.22113322,0.21197024,0.25228736,1566947945102
24247,226,Accelerometer,-7.581239699999999,-1.8495207999999999,5.9172697,1566947945103
24248,226,Gyroscope,-0.19975294,0.22602014,0.25411993,1566947945112
24249,226,Accelerometer,-7.589619,-1.8495207999999999,5.804742,1566947945113
24250,226,Gyroscope,-0.15882497,0.21746802,0.23335053,1566947945122
24251,226,Accelerometer,-7.698555499999999,-1.9249381999999997,5.760449400000001,1566947945123
24252,226,Gyroscope,-0.11178834,0.19608775,0.20097467,1566947945133
24253,226,Accelerometer,-7.9463553,-1.9393034,5.614403,1566947945133
24254,226,Gyroscope,-0.08796459400000001,0.16065755,0.15760323,1566947945142
24255,226,Accelerometer,-8.169016000000001,-1.8171991000000003,5.398925,1566947945143
24256,226,Gyroscope,-0.095294975,0.1337795,0.11301007,1566947945152
24257,226,Accelerometer,-8.208521000000001,-1.6112977,5.318719000000001,1566947945153
24258,226,Gyroscope,-0.12278391400000001,0.124005646,0.06291912,1566947945162
24259,226,Accelerometer,-8.090008000000001,-1.6136919,5.29358,1566947945163
24260,226,Gyroscope,-0.16126843,0.12767084,0.014049901000000002,1566947945172
24261,226,Accelerometer,-8.042124000000001,-1.8590976000000001,5.3247046,1566947945173
24262,226,Gyroscope,-0.19242255,0.12156218,-0.013439035,1566947945182
24263,226,Accelerometer,-8.046911999999999,-2.2266076,5.3725886,1566947945183
24264,226,Gyroscope,-0.21013765,0.12339478,-0.020158553,1566947945193
24265,226,Accelerometer,-8.024167,-2.4851813,5.2923827,1566947945193
24266,226,Gyroscope,-0.20708331,0.12889257,-0.00061086525,1566947945202
24267,226,Accelerometer,-7.9714947,-2.6443958,5.2037973,1566947945203
24268,226,Gyroscope,-0.18570304,0.12461651,0.028099801,1566947945212
24269,226,Accelerometer,-7.9032598,-2.7461493,5.1702785,1566947945213
24270,226,Gyroscope,-0.14110987,0.08857546,0.059253927000000005,1566947945222
24271,226,Accelerometer,-7.848192999999999,-2.7377696,5.159505,1566947945223
24272,226,Gyroscope,-0.106901415,0.04642576,0.07941248,1566947945232
24273,226,Accelerometer,-7.856573,-2.5438392000000003,5.1319714,1566947945233
24274,226,Gyroscope,-0.09285152,0.014049901000000002,0.09040806,1566947945242
24275,226,Accelerometer,-7.833828,-2.2840683,5.129576999999999,1566947945243
24276,226,Gyroscope,-0.08552113,-0.002443461,0.095294975,1566947945253
24277,226,Accelerometer,-7.890092,-2.1176715,5.1918263,1566947945253
24278,226,Gyroscope,-0.084910266,-0.014049901000000002,0.093462385,1566947945262
24279,226,Accelerometer,-8.032547000000001,-1.9117701,5.2049947,1566947945263
24280,226,Gyroscope,-0.09040806,-0.01282817,0.09040806,1566947945272
24281,226,Accelerometer,-8.042124000000001,-1.7154455000000002,5.1810527,1566947945273
24282,226,Gyroscope,-0.092240654,-0.010995574,0.08735373,1566947945282
24283,226,Accelerometer,-7.996633500000001,-1.6077063999999999,5.197812,1566947945283
24284,226,Gyroscope,-0.081855945,-0.021380282999999996,0.08002335,1566947945292
24285,226,Accelerometer,-8.003817,-1.5717934,5.3139305,1566947945293
24286,226,Gyroscope,-0.062308256,-0.052534412999999995,0.06536258,1566947945302
24287,226,Accelerometer,-8.074444999999999,-1.5610195,5.4432178,1566947945303
24288,226,Gyroscope,-0.047647487,-0.076358154,0.059253927000000005,1566947945312
24289,226,Accelerometer,-8.153454,-1.5705963,5.571307,1566947945313
24290,226,Gyroscope,-0.043982297000000004,-0.084910266,0.051923547,1566947945322
24291,226,Accelerometer,-8.036138000000001,-1.5729905,5.603629,1566947945323
24292,226,Gyroscope,-0.05375614,-0.09407325,0.05009095,1566947945333
24293,226,Accelerometer,-7.9607205,-1.6352396999999999,5.625177,1566947945333
24294,226,Gyroscope,-0.06352998,-0.076358154,0.047647487,1566947945342
24295,226,Accelerometer,-7.854178999999999,-1.6639702,5.628768,1566947945343
24296,226,Gyroscope,-0.06169739,-0.056199603,0.043982297000000004,1566947945352
24297,226,Accelerometer,-7.706935400000001,-1.650802,5.719748,1566947945353
24298,226,Gyroscope,-0.049480084,-0.04337143,0.03176499,1566947945362
24299,226,Accelerometer,-7.667431,-1.7070657999999999,5.7843914000000005,1566947945363
24300,226,Gyroscope,-0.040317107000000005,-0.03970624,0.025045475,1566947945372
24301,226,Accelerometer,-7.700949700000001,-1.6915035,5.783194,1566947945373
24302,226,Gyroscope,-0.03176499,-0.037873644,0.017715093,1566947945383
24303,226,Accelerometer,-7.5764512999999996,-1.6436194,5.7999535,1566947945383
24304,226,Gyroscope,-0.014660766,-0.040927973,0.009773844,1566947945392
24305,226,Accelerometer,-7.550114999999999,-1.6412252,5.7963624000000005,1566947945393
24306,226,Gyroscope,-0.007941248,-0.04276056599999999,0.0012217305,1566947945402
24307,226,Accelerometer,-7.5189905,-1.7022773999999998,5.750872599999999,1566947945403
24308,226,Gyroscope,-0.002443461,-0.04520403,0.0018325957999999999,1566947945412
24309,226,Accelerometer,-7.57286,-1.7022773999999998,5.742492700000001,1566947945413
24310,226,Gyroscope,0.0061086523,-0.0421497,-0.010995574,1566947945422
24311,226,Accelerometer,-7.615956,-1.6639702,5.758055000000001,1566947945423
24312,226,Gyroscope,0.004276057,-0.027488936000000002,-0.025045475,1566947945432
24313,226,Accelerometer,-7.758410499999999,-1.7046716,5.671864,1566947945433
24314,226,Gyroscope,-0.0030543262,-0.030543262,-0.0421497,1566947945442
24315,226,Accelerometer,-7.8326306,-1.7501613999999999,5.621585400000001,1566947945443
24316,226,Gyroscope,-0.01038471,-0.056199603,-0.06414085,1566947945453
24317,226,Accelerometer,-7.819463000000001,-1.7441759,5.60722,1566947945453
24318,226,Gyroscope,-0.020158553,-0.07452556,-0.0842994,1566947945462
24319,226,Accelerometer,-7.8996687,-1.6783354,5.579687,1566947945463
24320,226,Gyroscope,-0.034208454,-0.07880162,-0.10567969,1566947945472
24321,226,Accelerometer,-7.807492,-1.5382746,5.4934959999999995,1566947945473
24322,226,Gyroscope,-0.03848451,-0.05497787,-0.13439035,1566947945482
24323,226,Accelerometer,-7.682993400000001,-1.4389153000000001,5.579687,1566947945483
24324,226,Gyroscope,-0.036651913,-0.023823743999999997,-0.16310102,1566947945492
24325,226,Accelerometer,-7.799111999999999,-1.364695,5.693412,1566947945493
24326,226,Gyroscope,-0.045814894,0.018936822,-0.20708331,1566947945503
24327,226,Accelerometer,-7.837419000000001,-1.3000516000000002,5.8837504,1566947945503
24328,226,Gyroscope,-0.06352998,0.04276056599999999,-0.24984388,1566947945512
24329,226,Accelerometer,-7.9846625,-1.4700398000000001,5.90889,1566947945513
24330,226,Gyroscope,-0.10934488,0.037873644,-0.26878070000000004,1566947945522
24331,226,Accelerometer,-8.232463000000001,-2.2493525,5.197812,1566947945523
24332,226,Gyroscope,-0.17104226,-0.005497787,-0.26083946,1566947945532
24333,226,Accelerometer,-7.959523700000001,-2.7042507999999996,5.0122614,1566947945533
24334,226,Gyroscope,-0.20769419,-0.06658431,-0.22418754,1566947945542
24335,226,Accelerometer,-7.708132300000001,-2.9352913,5.16549,1566947945543
24336,226,Gyroscope,-0.19303341,-0.10995574,-0.1441642,1566947945552
24337,226,Accelerometer,-7.4256167,-2.9005754,5.409699,1566947945553
24338,226,Gyroscope,-0.16126843,-0.13072516,-0.0983493,1566947945562
24339,226,Accelerometer,-7.231686,-2.825158,5.7640405,1566947945563
24340,226,Gyroscope,-0.13011430000000002,-0.15332718,-0.05131268,1566947945572
24341,226,Accelerometer,-7.1095820000000005,-2.7868507,6.1399302,1566947945573
24342,226,Gyroscope,-0.112399206,-0.15332718,-0.01038471,1566947945582
24343,226,Accelerometer,-7.089231,-2.7964275,6.349423000000001,1566947945583
24344,226,Gyroscope,-0.11545353400000001,-0.11911872,0.034208454,1566947945593
24345,226,Accelerometer,-7.1586633,-2.7365725,6.439205599999999,1566947945593
24346,226,Gyroscope,-0.13744467,-0.040927973,0.09468412,1566947945602
24347,226,Accelerometer,-7.1287354999999994,-2.5701754,6.432023,1566947945603
24348,226,Gyroscope,-0.15882497,0.06963864,0.15454891,1566947945612
24349,226,Accelerometer,-7.1167645,-2.4911668,6.3099184,1566947945613
24350,226,Gyroscope,-0.17165314,0.17592919,0.20158553,1566947945623
24351,226,Accelerometer,-7.192182000000001,-2.4384943999999997,6.06571,1566947945623
24352,226,Gyroscope,-0.18142697,0.23579398,0.2321288,1566947945632
24353,226,Accelerometer,-7.216124000000001,-2.3415293999999998,5.7089739999999995,1566947945633
24354,226,Gyroscope,-0.18570304,0.24984388,0.24373524,1566947945642
24355,226,Accelerometer,-7.195773,-2.2996306,5.4025164000000006,1566947945643
24356,226,Gyroscope,-0.17898351,0.22602014,0.23701571,1566947945653
24357,226,Accelerometer,-7.2640080000000005,-2.315193,5.1343656,1566947945653
24358,226,Gyroscope,-0.15393804,0.17165314,0.21380283,1566947945662
24359,226,Accelerometer,-7.2664022,-2.327164,5.1152120000000005,1566947945663
24360,226,Gyroscope,-0.10567969,0.11545353400000001,0.18142697,1566947945672
24361,226,Accelerometer,-7.369353,-2.4085669999999997,5.1583076,1566947945673
24362,226,Gyroscope,-0.052534412999999995,0.053145275,0.14905111,1566947945683
24363,226,Accelerometer,-7.6410947,-2.4289176,5.1559134,1566947945683
24364,226,Gyroscope,-0.022602014,-0.0036651915999999997,0.12217305,1566947945692
24365,226,Accelerometer,-7.7093296,-2.3714569,5.118803,1566947945693
24366,226,Gyroscope,-0.022602014,-0.047647487,0.10140363,1566947945702
24367,226,Accelerometer,-7.660248299999999,-2.409764,5.1223946,1566947945703
24368,226,Gyroscope,-0.021991148999999998,-0.10262536,0.077579886,1566947945712
24369,226,Accelerometer,-7.6506715,-2.5629928,5.2756233,1566947945713
24370,226,Gyroscope,-0.016493361,-0.1441642,0.06414085,1566947945722
24371,226,Accelerometer,-7.4914570000000005,-2.7042507999999996,5.4563856,1566947945723
24372,226,Gyroscope,-0.008552114,-0.16432275,0.056199603,1566947945732
24373,226,Accelerometer,-7.4699089999999995,-2.7820622999999998,5.653907299999999,1566947945733
24374,226,Gyroscope,0.0036651915999999997,-0.16554448,0.05009095,1566947945742
24375,226,Accelerometer,-7.4363904000000005,-2.7784709999999997,5.741296,1566947945743
24376,226,Gyroscope,-0.0030543262,-0.15393804,0.04337143,1566947945752
24377,226,Accelerometer,-7.4399820000000005,-2.7114333999999998,5.795165,1566947945753
24378,226,Gyroscope,-0.0036651915999999997,-0.14172074,0.025045475,1566947945762
24379,226,Accelerometer,-7.3897038,-2.7688942,6.002263500000001,1566947945763
24380,226,Gyroscope,0.0030543262,-0.11484267,0.007941248,1566947945772
24381,226,Accelerometer,-7.487866,-2.8287494,6.059724299999999,1566947945773
24382,226,Gyroscope,-0.0018325957999999999,-0.081855945,-0.00061086525,1566947945782
24383,226,Accelerometer,-7.4184339999999995,-2.765303,6.059724299999999,1566947945783
24384,226,Gyroscope,-0.0061086523,-0.04642576,-0.014049901000000002,1566947945792
24385,226,Accelerometer,-7.335833999999999,-2.7365725,6.1363389999999995,1566947945793
24386,226,Gyroscope,-0.00061086525,-0.009773844,-0.018936822,1566947945802
24387,226,Accelerometer,-7.311891999999999,-2.8119897999999997,6.1483099999999995,1566947945803
24388,226,Gyroscope,-0.002443461,0.0036651915999999997,-0.021991148999999998,1566947945812
24389,226,Accelerometer,-7.53575,-2.9436709999999997,6.0130377,1566947945813
24390,226,Gyroscope,-0.02076942,0.017104227,-0.009773844,1566947945822
24391,226,Accelerometer,-7.684190299999999,-2.8323407000000005,5.8885393,1566947945823
24392,226,Gyroscope,-0.047036625,0.021991148999999998,-0.0018325957999999999,1566947945832
24393,226,Accelerometer,-7.619547,-2.6156653999999997,5.815516000000001,1566947945833
24394,226,Gyroscope,-0.07269296,0.034208454,0.0036651915999999997,1566947945842
24395,226,Accelerometer,-7.563283,-2.5486276,5.816713,1566947945843
24396,226,Gyroscope,-0.09285152,0.034208454,0.002443461,1566947945852
24397,226,Accelerometer,-7.4184339999999995,-2.552219,5.8274870000000005,1566947945853
24398,226,Gyroscope,-0.11301007,0.01160644,0.00061086525,1566947945862
24399,226,Accelerometer,-7.49026,-2.56419,5.8346696,1566947945863
24400,226,Gyroscope,-0.14172074,0.014049901000000002,0.012217305,1566947945872
24401,226,Accelerometer,-7.499836999999999,-2.4863784,5.8226986,1566947945873
24402,226,Gyroscope,-0.16920967,0.035430185,0.021991148999999998,1566947945883
24403,226,Accelerometer,-7.309498,-2.397793,5.8382607,1566947945883
24404,226,Gyroscope,-0.18081611,0.040927973,0.018936822,1566947945892
24405,226,Accelerometer,-7.27957,-2.4313118,5.911283999999999,1566947945893
24406,226,Gyroscope,-0.18570304,0.062308256,0.018936822,1566947945902
24407,226,Accelerometer,-7.299921,-2.5318682,5.9364233,1566947945903
24408,226,Gyroscope,-0.18509217,0.0842994,0.020158553,1566947945913
24409,226,Accelerometer,-7.2927384,-2.6659436000000003,5.949591000000001,1566947945913
24410,226,Gyroscope,-0.18020524,0.103847094,0.03176499,1566947945922
24411,226,Accelerometer,-7.413645699999999,-2.814384,5.9005103,1566947945923
24412,226,Gyroscope,-0.17592919,0.1142318,0.049480084,1566947945932
24413,226,Accelerometer,-7.539341,-2.846706,5.785588300000001,1566947945933
24414,226,Gyroscope,-0.18020524,0.124005646,0.0720821,1566947945942
24415,226,Accelerometer,-7.499836999999999,-2.8526914,5.6299653,1566947945943
24416,226,Gyroscope,-0.17898351,0.11789699,0.095294975,1566947945952
24417,226,Accelerometer,-7.3992805,-2.8634652999999997,5.506664,1566947945953
24418,226,Gyroscope,-0.17165314,0.10140363,0.10873401,1566947945962
24419,226,Accelerometer,-7.255628,-2.8634652999999997,5.4899044,1566947945963
24420,226,Gyroscope,-0.15943582,0.073303826,0.11728613,1566947945972
24421,226,Accelerometer,-7.1670427,-2.7844564999999997,5.5030727,1566947945973
24422,226,Gyroscope,-0.14294247,0.045814894,0.11178834,1566947945983
24423,226,Accelerometer,-7.1454949999999995,-2.6839,5.627571,1566947945983
24424,226,Gyroscope,-0.1386664,0.028710667000000002,0.10629055,1566947945992
24425,226,Accelerometer,-7.169436999999999,-2.5594015,5.6431336,1566947945993
24426,226,Gyroscope,-0.1441642,0.04153884,0.10018189999999999,1566947946002
24427,226,Accelerometer,-7.2448545,-2.5953147,5.649119000000001,1566947946003
24428,226,Gyroscope,-0.15699236,0.045814894,0.08857546,1566947946012
24429,226,Accelerometer,-7.254431200000001,-2.6683377999999998,5.674258,1566947946013
24430,226,Gyroscope,-0.16493362,0.076358154,0.06719518,1566947946022
24431,226,Accelerometer,-7.350199000000001,-2.8299465,5.6634839999999995,1566947946023
24432,226,Gyroscope,-0.16554448,0.081855945,0.06719518,1566947946032
24433,226,Accelerometer,-7.4950485,-2.944868,5.568912999999999,1566947946033
24434,226,Gyroscope,-0.16310102,0.07574729,0.07147124,1566947946042
24435,226,Accelerometer,-7.4866686,-2.9652187999999997,5.4527946,1566947946043
24436,226,Gyroscope,-0.16126843,0.06719518,0.07513642,1566947946052
24437,226,Accelerometer,-7.3609734,-2.9640217,5.420472599999999,1566947946053
24438,226,Gyroscope,-0.14294247,0.05131268,0.0842994,1566947946062
24439,226,Accelerometer,-7.2915410000000005,-3.0741549999999997,5.459976999999999,1566947946063
24440,226,Gyroscope,-0.12278391400000001,0.034208454,0.08246681,1566947946073
24441,226,Accelerometer,-7.253234,-3.1316159,5.5545480000000005,1566947946073
24442,226,Gyroscope,-0.10445796,0.03481932,0.084910266,1566947946082
24443,226,Accelerometer,-7.3789296,-3.040636,5.601235,1566947946083
24444,226,Gyroscope,-0.10629055,0.05375614,0.10323623,1566947946092
24445,226,Accelerometer,-7.5525093,-2.859874,5.57849,1566947946093
24446,226,Gyroscope,-0.11728613,0.057421334000000004,0.12217305,1566947946102
24447,226,Accelerometer,-7.6650367,-2.6563668,5.555745,1566947946103
24448,226,Gyroscope,-0.12339478,0.03726278,0.13805555,1566947946112
24449,226,Accelerometer,-7.72968,-2.5474305,5.600037599999999,1566947946113
24450,226,Gyroscope,-0.1160644,-0.0012217305,0.15088372,1566947946122
24451,226,Accelerometer,-7.777564,-2.4241292000000003,5.6443305,1566947946123
24452,226,Gyroscope,-0.105068825,-0.031154128,0.16065755,1566947946133
24453,226,Accelerometer,-7.8050976,-2.3379380000000003,5.7125654,1566947946133
24454,226,Gyroscope,-0.09101892,-0.053145275,0.16432275,1566947946142
24455,226,Accelerometer,-7.799111999999999,-2.1871033,5.785588300000001,1566947946143
24456,226,Gyroscope,-0.07574729,-0.06963864,0.15882497,1566947946152
24457,226,Accelerometer,-7.831434,-1.9213468999999996,5.828684,1566947946153
24458,226,Gyroscope,-0.07452556,-0.050701816,0.13744467,1566947946163
24459,226,Accelerometer,-7.7572136,-1.7070657999999999,5.919664,1566947946163
24460,226,Gyroscope,-0.07880162,-0.017715093,0.10751228,1566947946172
24461,226,Accelerometer,-7.747636999999999,-1.6053122,5.930437599999999,1566947946173
24462,226,Gyroscope,-0.099571034,0.0067195175,0.06352998,1566947946182
24463,226,Accelerometer,-7.7847466,-1.5155296,5.8969190000000005,1566947946183
24464,226,Gyroscope,-0.12889257,0.025045475,0.020158553,1566947946192
24465,226,Accelerometer,-7.801506,-1.5131354,5.9244523000000004,1566947946193
24466,226,Gyroscope,-0.15699236,0.049480084,-0.01282817,1566947946202
24467,226,Accelerometer,-7.777564,-1.6017209,5.9687448,1566947946203
24468,226,Gyroscope,-0.18203785,0.06047566,-0.029932396,1566947946212
24469,226,Accelerometer,-7.7643960000000005,-1.8088194,5.8562174,1566947946213
24470,226,Gyroscope,-0.20219639,0.06841691,-0.02687807,1566947946222
24471,226,Accelerometer,-7.639898,-2.098518,5.7616463,1566947946223
24472,226,Gyroscope,-0.20219639,0.064751714,-0.0012217305,1566947946232
24473,226,Accelerometer,-7.5453267,-2.3546975,5.734113,1566947946233
24474,226,Gyroscope,-0.19425514,0.07086037,0.047036625,1566947946242
24475,226,Accelerometer,-7.346607700000001,-2.4145525,5.748478400000001,1566947946243
24476,226,Gyroscope,-0.17470746,0.08552113,0.12217305,1566947946252
24477,226,Accelerometer,-7.186196300000001,-2.4073699,5.707777,1566947946253
24478,226,Gyroscope,-0.16554448,0.07880162,0.15821409,1566947946263
24479,226,Accelerometer,-7.1466923,-2.2864625,5.589264,1566947946263
24480,226,Gyroscope,-0.16004670000000001,0.059864793,0.17654006,1566947946272
24481,226,Accelerometer,-7.1502833,-2.1176715,5.4851160000000005,1566947946273
24482,226,Gyroscope,-0.15515977,0.045814894,0.17287487,1566947946282
24483,226,Accelerometer,-7.2484455,-1.9357121,5.3857565,1566947946283
24484,226,Gyroscope,-0.14355333,0.03359759,0.15210545,1566947946293
24485,226,Accelerometer,-7.457938,-1.7776948000000001,5.3678,1566947946293
24486,226,Gyroscope,-0.12217305,0.01160644,0.12705997,1566947946302
24487,226,Accelerometer,-7.717708999999999,-1.7286136000000003,5.342661,1566947946303
24488,226,Gyroscope,-0.093462385,-0.014049901000000002,0.099571034,1566947946312
24489,226,Accelerometer,-7.920019,-1.6089035,5.3103394999999995,1566947946313
24490,226,Gyroscope,-0.06291912,-0.03604105,0.062308256,1566947946322
24491,226,Accelerometer,-7.965509,-1.5083469999999999,5.347449299999999,1566947946323
24492,226,Gyroscope,-0.028710667000000002,-0.061086524,0.009773844,1566947946332
24493,226,Accelerometer,-8.051701,-1.5825673,5.4671597,1566947946333
24494,226,Gyroscope,-0.015271631,-0.09101892,-0.04642576,1566947946342
24495,226,Accelerometer,-8.287529,-1.7226281000000003,5.4803276,1566947946343
24496,226,Gyroscope,-0.034208454,-0.10445796,-0.08552113,1566947946352
24497,226,Accelerometer,-8.377312,-1.7489643,5.41329,1566947946353
24498,226,Gyroscope,-0.059253927000000005,-0.09040806,-0.11789699,1566947946362
24499,226,Accelerometer,-8.240842,-1.8423381999999997,5.3678,1566947946363
24500,226,Gyroscope,-0.07941248,-0.06658431,-0.1337795,1566947946372
24501,226,Accelerometer,-8.1319065,-2.0973208,5.3522377,1566947946373
24502,226,Gyroscope,-0.09407325,-0.07269296,-0.13072516,1566947946382
24503,226,Accelerometer,-8.070853999999999,-2.3092074,5.335478299999999,1566947946383
24504,226,Gyroscope,-0.10445796,-0.08552113,-0.118507855,1566947946392
24505,226,Accelerometer,-7.7093296,-2.4504653999999997,5.4851160000000005,1566947946393
24506,226,Gyroscope,-0.0983493,-0.0842994,-0.09590584,1566947946402
24507,226,Accelerometer,-7.335833999999999,-2.707842,5.6203885,1566947946403
24508,226,Gyroscope,-0.07941248,-0.086132,-0.070249505,1566947946412
24509,226,Accelerometer,-7.231686,-2.9855695,5.664681400000001,1566947946413
24510,226,Gyroscope,-0.0720821,-0.08674286,-0.03176499,1566947946422
24511,226,Accelerometer,-7.249642999999999,-3.0933087,5.673061,1566947946423
24512,226,Gyroscope,-0.073303826,-0.081855945,0.021380282999999996,1566947946432
24513,226,Accelerometer,-7.2221093,-3.0178912,5.6946087,1566947946433
24514,226,Gyroscope,-0.070249505,-0.07391469,0.07574729,1566947946442
24515,226,Accelerometer,-7.2424603,-2.681506,5.9244523000000004,1566947946443
24516,226,Gyroscope,-0.059864793,-0.08124508,0.11728613,1566947946453
24517,226,Accelerometer,-7.277176,-2.4959552000000005,6.0405707,1566947946453
24518,226,Gyroscope,-0.050701816,-0.09040806,0.14721853,1566947946462
24519,226,Accelerometer,-7.346607700000001,-2.315193,6.1183825,1566947946463
24520,226,Gyroscope,-0.0720821,-0.09590584,0.14660765,1566947946472
24521,226,Accelerometer,-7.540538300000001,-2.0075380000000003,6.171055,1566947946473
24522,226,Gyroscope,-0.1142318,-0.061086524,0.13316862,1566947946483
24523,226,Accelerometer,-7.492654300000001,-1.7717092,6.220136,1566947946483
24524,226,Gyroscope,-0.15821409,-0.017104227,0.105068825,1566947946492
24525,226,Accelerometer,-7.505822,-1.8399439999999998,6.3063273,1566947946493
24526,226,Gyroscope,-0.1826487,0.014660766,0.06352998,1566947946502
24527,226,Accelerometer,-7.584830800000001,-2.0075380000000003,6.217741999999999,1566947946503
24528,226,Gyroscope,-0.20647246,0.059864793,0.031154128,1566947946512
24529,226,Accelerometer,-7.559692,-2.1152773,6.0561333,1566947946513
24530,226,Gyroscope,-0.22235495,0.111177474,0.014049901000000002,1566947946522
24531,226,Accelerometer,-7.565677,-2.2110453,5.8681884,1566947946523
24532,226,Gyroscope,-0.22602014,0.1337795,0.008552114,1566947946532
24533,226,Accelerometer,-7.539341,-2.2948422,5.677849299999999,1566947946533
24534,226,Gyroscope,-0.21807889999999996,0.13316862,0.009162978,1566947946542
24535,226,Accelerometer,-7.384915400000001,-2.4289176,5.5126495,1566947946543
24536,226,Gyroscope,-0.1966986,0.11301007,0.01160644,1566947946553
24537,226,Accelerometer,-7.4339960000000005,-2.56419,5.4551888,1566947946553
24538,226,Gyroscope,-0.17898351,0.08246681,0.021380282999999996,1566947946562
24539,226,Accelerometer,-7.522581599999999,-2.5474305,5.420472599999999,1566947946563
24540,226,Gyroscope,-0.17592919,0.05375614,0.03604105,1566947946572
24541,226,Accelerometer,-7.5285673,-2.4947581000000003,5.446809,1566947946573
24542,226,Gyroscope,-0.17287487,0.03970624,0.04520403,1566947946582
24543,226,Accelerometer,-7.6267295,-2.5222914,5.542577,1566947946583
24544,226,Gyroscope,-0.17715092,0.03359759,0.056199603,1566947946592
24545,226,Accelerometer,-7.666233999999999,-2.5318682,5.5760955999999995,1566947946593
24546,226,Gyroscope,-0.17959438,0.03726278,0.06658431,1566947946602
24547,226,Accelerometer,-7.595605,-2.565387,5.633556400000001,1566947946603
24548,226,Gyroscope,-0.17654006,0.043982297000000004,0.07391469,1566947946612
24549,226,Accelerometer,-7.5189905,-2.7102362999999996,5.710171,1566947946613
24550,226,Gyroscope,-0.16371189,0.048258353,0.07696902,1566947946622
24551,226,Accelerometer,-7.53575,-2.8107927000000004,5.718550700000001,1566947946623
24552,226,Gyroscope,-0.14905111,0.045814894,0.08368854,1566947946632
24553,226,Accelerometer,-7.5321584,-2.802413,5.627571,1566947946633
24554,226,Gyroscope,-0.14049901,0.04886922,0.08979719,1566947946642
24555,226,Accelerometer,-7.4184339999999995,-2.7940332999999997,5.5461683,1566947946643
24556,226,Gyroscope,-0.13255776,0.0421497,0.095294975,1566947946652
24557,226,Accelerometer,-7.353790299999999,-2.7090392000000003,5.4683566,1566947946653
24558,226,Gyroscope,-0.1142318,0.018325957,0.08735373,1566947946662
24559,226,Accelerometer,-7.3166804,-2.5546130000000002,5.4432178,1566947946663
24560,226,Gyroscope,-0.103847094,-0.0030543262,0.07880162,1566947946672
24561,226,Accelerometer,-7.3071036,-2.397793,5.418078400000001,1566947946673
24562,226,Gyroscope,-0.09896017,-0.023823743999999997,0.06597344599999999,1566947946683
24563,226,Accelerometer,-7.315483,-2.291251,5.415684,1566947946683
24564,226,Gyroscope,-0.099571034,-0.055588737,0.05497787,1566947946692
24565,226,Accelerometer,-7.281964299999999,-2.2481554,5.4791307,1566947946693
24566,226,Gyroscope,-0.1020145,-0.077579886,0.036651913,1566947946702
24567,226,Accelerometer,-7.358579,-2.3235726000000003,5.6467247,1566947946703
24568,226,Gyroscope,-0.11301007,-0.07819075,0.028099801,1566947946712
24569,226,Accelerometer,-7.466317999999999,-2.3558946,5.7999535,1566947946713
24570,226,Gyroscope,-0.1337795,-0.04886922,0.032986722999999996,1566947946722
24571,226,Accelerometer,-7.517792999999999,-2.4169466,5.8801594,1566947946723
24572,226,Gyroscope,-0.14538592,-0.021380282999999996,0.034208454,1566947946732
24573,226,Accelerometer,-7.523778999999999,-2.5258827,5.978321599999999,1566947946733
24574,226,Gyroscope,-0.15332718,0.002443461,0.040317107000000005,1566947946742
24575,226,Accelerometer,-7.6351094,-2.693477,6.0250087,1566947946743
24576,226,Gyroscope,-0.16187929,0.02076942,0.050701816,1566947946752
24577,226,Accelerometer,-7.7248917,-2.7377696,5.978321599999999,1566947946753
24578,226,Gyroscope,-0.17654006,0.043982297000000004,0.06597344599999999,1566947946762
24579,226,Accelerometer,-7.6506715,-2.6360161,5.876568,1566947946763
24580,226,Gyroscope,-0.1881465,0.06597344599999999,0.0842994,1566947946772
24581,226,Accelerometer,-7.3789296,-2.5043349999999998,5.772420400000001,1566947946773
24582,226,Gyroscope,-0.18387043,0.06291912,0.09040806,1566947946783
24583,226,Accelerometer,-7.159860000000001,-2.6539726000000003,5.7377043,1566947946783
24584,226,Gyroscope,-0.16249016,0.0421497,0.09162979,1566947946792
24585,226,Accelerometer,-7.1742253,-2.8754362999999996,5.777209,1566947946793
24586,226,Gyroscope,-0.15149458,0.030543262,0.09712757,1566947946802
24587,226,Accelerometer,-7.328651400000001,-2.8287494,5.760449400000001,1566947946803
24588,226,Gyroscope,-0.15699236,0.040927973,0.10445796,1566947946813
24589,226,Accelerometer,-7.410054,-2.6647465,5.6802435,1566947946813
24590,226,Gyroscope,-0.16493362,0.06047566,0.10567969,1566947946822
24591,226,Accelerometer,-7.4268136,-2.6503813,5.641936299999999,1566947946823
24592,226,Gyroscope,-0.16676621,0.06658431,0.10995574,1566947946832
24593,226,Accelerometer,-7.501034,-2.7593174,5.665878299999999,1566947946833
24594,226,Gyroscope,-0.15882497,0.06414085,0.11301007,1566947946842
24595,226,Accelerometer,-7.526173,-2.8933928,5.674258,1566947946843
24596,226,Gyroscope,-0.15088372,0.070249505,0.1160644,1566947946852
24597,226,Accelerometer,-7.6111674,-2.9724014,5.635950599999999,1566947946853
24598,226,Gyroscope,-0.15515977,0.07819075,0.13316862,1566947946862
24599,226,Accelerometer,-7.645883,-2.9197290000000002,5.5030727,1566947946863
24600,226,Gyroscope,-0.14966199,0.07941248,0.14172074,1566947946872
24601,226,Accelerometer,-7.539341,-2.8048072,5.4803276,1566947946872
24602,226,Gyroscope,-0.14049901,0.06414085,0.14294247,1566947946883
24603,226,Accelerometer,-7.505822,-2.7545290000000002,5.5018754,1566947946883
24604,226,Gyroscope,-0.13744467,0.047647487,0.13500121,1566947946892
24605,226,Accelerometer,-7.4256167,-2.6491842,5.4312468,1566947946893
24606,226,Gyroscope,-0.13988814,0.029321532999999997,0.1160644,1566947946902
24607,226,Accelerometer,-7.313089,-2.505532,5.5006785,1566947946903
24608,226,Gyroscope,-0.14110987,0.020158553,0.09101892,1566947946913
24609,226,Accelerometer,-7.322665700000001,-2.540248,5.602432,1566947946913
24610,226,Gyroscope,-0.13439035,0.009773844,0.06841691,1566947946922
24611,226,Accelerometer,-7.369353,-2.5941176,5.734113,1566947946923
24612,226,Gyroscope,-0.12522738,0.0061086523,0.05681047,1566947946932
24613,226,Accelerometer,-7.353790299999999,-2.610877,5.772420400000001,1566947946933
24614,226,Gyroscope,-0.12278391400000001,0.01160644,0.047036625,1566947946942
24615,226,Accelerometer,-7.3549875999999985,-2.7449522,5.7209449999999995,1566947946943
24616,226,Gyroscope,-0.12522738,0.008552114,0.05009095,1566947946952
24617,226,Accelerometer,-7.3214690000000004,-2.8060042999999997,5.722142,1566947946953
24618,226,Gyroscope,-0.12705997,0.009162978,0.05009095,1566947946962
24619,226,Accelerometer,-7.37055,-2.89459,5.7975593,1566947946963
24620,226,Gyroscope,-0.12644911,0.014049901000000002,0.055588737,1566947946972
24621,226,Accelerometer,-7.345411,-2.9352913,5.8634,1566947946973
24622,226,Gyroscope,-0.13561209,0.032375857,0.059864793,1566947946982
24623,226,Accelerometer,-7.285556,-2.883816,5.898116,1566947946983
24624,226,Gyroscope,-0.14294247,0.05497787,0.062308256,1566947946992
24625,226,Accelerometer,-7.141903999999999,-2.861071,5.911283999999999,1566947946993
24626,226,Gyroscope,-0.14477506,0.086132,0.06414085,1566947947002
24627,226,Accelerometer,-7.0581064,-2.9209259999999997,5.881356200000001,1566947947003
24628,226,Gyroscope,-0.1386664,0.11178834,0.059864793,1566947947012
24629,226,Accelerometer,-6.981492,-3.0071173,5.8741736,1566947947013
24630,226,Gyroscope,-0.12278391400000001,0.14477506,0.053145275,1566947947023
24631,226,Accelerometer,-7.007828,-3.1040826,5.7760115,1566947947023
24632,226,Gyroscope,-0.1142318,0.16310102,0.049480084,1566947947032
24633,226,Accelerometer,-7.0832458,-3.1483752999999997,5.556941999999999,1566947947033
24634,226,Gyroscope,-0.11056661,0.1563815,0.04153884,1566947947042
24635,226,Accelerometer,-7.1790137000000005,-3.1986535,5.4025164000000006,1566947947043
24636,226,Gyroscope,-0.09712757,0.119729586,0.017104227,1566947947052
24637,226,Accelerometer,-7.176619500000001,-3.1747115000000004,5.365406,1566947947053
24638,226,Gyroscope,-0.077579886,0.07147124,0.0030543262,1566947947062
24639,226,Accelerometer,-7.1706343,-3.0514099999999997,5.2804117,1566947947063
24640,226,Gyroscope,-0.0720821,0.02076942,0.007941248,1566947947072
24641,226,Accelerometer,-7.216124000000001,-2.8790276,5.2205567,1566947947073
24642,226,Gyroscope,-0.06414085,-0.02565634,0.015271631,1566947947082
24643,226,Accelerometer,-7.2831616,-2.6970682,5.225345,1566947947083
24644,226,Gyroscope,-0.05009095,-0.06658431,0.004886922,1566947947093
24645,226,Accelerometer,-7.3166804,-2.6072857000000003,5.4049106,1566947947093
24646,226,Gyroscope,-0.03604105,-0.1020145,-0.01038471,1566947947102
24647,226,Accelerometer,-7.4699089999999995,-2.6144682999999995,5.595249,1566947947103
24648,226,Gyroscope,-0.03726278,-0.13439035,-0.030543262,1566947947112
24649,226,Accelerometer,-7.7224975,-2.6300306,5.7616463,1566947947113
24650,226,Gyroscope,-0.06291912,-0.14110987,-0.048258353,1566947947122
24651,226,Accelerometer,-7.6734165999999995,-2.6611552000000005,5.93762,1566947947123
24652,226,Gyroscope,-0.10262536,-0.09590584,-0.06536258,1566947947132
24653,226,Accelerometer,-7.6135616,-2.7808652,6.1387334000000005,1566947947133
24654,226,Gyroscope,-0.14782938,-0.018936822,-0.06841691,1566947947142
24655,226,Accelerometer,-7.5333557,-2.9532477999999998,6.289568,1566947947143
24656,226,Gyroscope,-0.19058995,0.06536258,-0.064751714,1566947947152
24657,226,Accelerometer,-7.386112,-3.1052797,6.435614,1566947947153
24658,226,Gyroscope,-0.21197024,0.13988814,-0.043982297000000004,1566947947162
24659,226,Accelerometer,-7.192182000000001,-3.276465,6.5206084,1566947947163
24660,226,Gyroscope,-0.20708331,0.21868975,-0.0067195175,1566947947172
24661,226,Accelerometer,-7.08564,-3.3877954,6.385336,1566947947173
24662,226,Gyroscope,-0.1966986,0.25045475,0.014660766,1566947947182
24663,226,Accelerometer,-6.9611415999999995,-3.4811692,6.137536,1566947947183
24664,226,Gyroscope,-0.18081611,0.27305678,0.031154128,1566947947192
24665,226,Accelerometer,-6.9012866,-3.560178,5.889736,1566947947193
24666,226,Gyroscope,-0.16676621,0.2742785,0.045814894,1566947947202
24667,226,Accelerometer,-6.9515649999999996,-3.6367924,5.674258,1566947947203
24668,226,Gyroscope,-0.13805555,0.267559,0.05375614,1566947947212
24669,226,Accelerometer,-6.983886200000001,-3.7301662,5.473145,1566947947213
24670,226,Gyroscope,-0.10751228,0.258396,0.059253927000000005,1566947947222
24671,226,Accelerometer,-7.0485296,-3.7576995,5.3211129999999995,1566947947223
24672,226,Gyroscope,-0.08063421400000001,0.24251351,0.06597344599999999,1566947947232
24673,226,Accelerometer,-7.147889,-3.7122097000000003,5.2181625,1566947947233
24674,226,Gyroscope,-0.05009095,0.21991149,0.06963864,1566947947242
24675,226,Accelerometer,-7.2580222999999995,-3.681085,5.1906295,1566947947243
24676,226,Gyroscope,-0.02076942,0.19853121,0.06841691,1566947947253
24677,226,Accelerometer,-7.351396,-3.6774937999999993,5.249287000000001,1566947947253
24678,226,Gyroscope,0.014660766,0.17104226,0.061086524,1566947947262
24679,226,Accelerometer,-7.5285673,-3.5817258,5.2385135,1566947947263
24680,226,Gyroscope,0.047036625,0.1423316,0.047647487,1566947947272
24681,226,Accelerometer,-7.691373,-3.4237084,5.2684407,1566947947273
24682,226,Gyroscope,0.06658431,0.11789699,0.029321532999999997,1566947947282
24683,226,Accelerometer,-7.769184599999999,-3.1555579,5.2085857,1566947947283
24684,226,Gyroscope,0.070249505,0.093462385,0.004276057,1566947947292
24685,226,Accelerometer,-7.878121000000001,-3.0202854,5.207389,1566947947293
24686,226,Gyroscope,0.069027774,0.081855945,-0.015271631,1566947947302
24687,226,Accelerometer,-7.8829093,-3.040636,5.351041,1566947947303
24688,226,Gyroscope,0.06414085,0.054367005999999996,-0.032375857,1566947947312
24689,226,Accelerometer,-7.8972745,-2.9867666,5.427655000000001,1566947947313
24690,226,Gyroscope,0.070249505,0.020158553,-0.044593163,1566947947322
24691,226,Accelerometer,-7.704541000000001,-2.9879637000000003,5.633556400000001,1566947947323
24692,226,Gyroscope,0.073303826,0.002443461,-0.055588737,1566947947332
24693,226,Accelerometer,-7.5094137000000005,-2.9819782000000004,5.7161565,1566947947333
24694,226,Gyroscope,0.08002335,-0.008552114,-0.06780604,1566947947342
24695,226,Accelerometer,-7.351396,-2.9245174,5.7041855,1566947947343
24696,226,Gyroscope,0.09407325,-0.009773844,-0.07880162,1566947947352
24697,226,Accelerometer,-7.217321000000001,-2.8299465,5.760449400000001,1566947947353
24698,226,Gyroscope,0.10445796,-0.0067195175,-0.095294975,1566947947362
24699,226,Accelerometer,-7.029375999999999,-2.5270798,5.840655,1566947947363
24700,226,Gyroscope,0.10934488,0.0061086523,-0.11178834,1566947947373
24701,226,Accelerometer,-7.050924,-2.5605986,5.872977,1566947947373
24702,226,Gyroscope,0.10629055,0.019547688,-0.12644911,1566947947382
24703,226,Accelerometer,-7.0449386,-2.6791117,6.030994000000001,1566947947383
24704,226,Gyroscope,0.11178834,0.04276056599999999,-0.14049901,1566947947392
24705,226,Accelerometer,-7.1047934999999995,-2.822764,6.125565,1566947947393
24706,226,Gyroscope,0.1441642,0.08674286,-0.16432275,1566947947402
24707,226,Accelerometer,-7.208941499999999,-2.979584,6.1806316,1566947947403
24708,226,Gyroscope,0.17348573,0.11545353400000001,-0.17104226,1566947947412
24709,226,Accelerometer,-7.240066000000001,-3.0705638,6.247669,1566947947413
24710,226,Gyroscope,0.20769419,0.1441642,-0.17165314,1566947947422
24711,226,Accelerometer,-7.2065472999999995,-3.0897174,6.25964,1566947947423
24712,226,Gyroscope,0.23945917,0.17959438,-0.17287487,1566947947432
24713,226,Accelerometer,-7.134721300000001,-3.1136593999999995,6.253655,1566947947433
24714,226,Gyroscope,0.26511553,0.20708331,-0.1685988,1566947947442
24715,226,Accelerometer,-7.107187700000001,-3.0825348,6.2273190000000005,1566947947443
24716,226,Gyroscope,0.29382620000000004,0.23518312,-0.16737708,1566947947452
24717,226,Accelerometer,-7.108384599999999,-2.9376855,6.1303535,1566947947453
24718,226,Gyroscope,0.32253686,0.23518312,-0.17348573,1566947947463
24719,226,Accelerometer,-7.159860000000001,-2.7449522,5.931635,1566947947463
24720,226,Gyroscope,0.35246924,0.21624629,-0.18631389999999998,1566947947473
24721,226,Accelerometer,-7.253234,-2.5318682,5.6922144999999995,1566947947473
24722,226,Gyroscope,0.37018433,0.18997909,-0.20647246,1566947947482
24723,226,Accelerometer,-7.301117999999999,-2.3463178,5.5222263,1566947947483
24724,226,Gyroscope,0.38240165,0.17592919,-0.22602014,1566947947492
24725,226,Accelerometer,-7.3106947,-2.1990743,5.4240639999999996,1566947947493
24726,226,Gyroscope,0.38362336,0.17104226,-0.24740042,1566947947502
24727,226,Accelerometer,-7.328651400000001,-2.1667526,5.4647654999999995,1566947947503
24728,226,Gyroscope,0.3811799,0.17165314,-0.26267207,1566947947512
24729,226,Accelerometer,-7.335833999999999,-2.3439236,5.5844755,1566947947513
24730,226,Gyroscope,0.3866777,0.16310102,-0.27366763,1566947947522
24731,226,Accelerometer,-7.562086,-2.5725696,5.710171,1566947947523
24732,226,Gyroscope,0.40194935,0.16432275,-0.28527406,1566947947532
24733,226,Accelerometer,-7.5668745,-2.7856536,5.8502316,1566947947533
24734,226,Gyroscope,0.41844269999999995,0.17165314,-0.28710666,1566947947542
24735,226,Accelerometer,-7.487866,-2.834735,5.8693852,1566947947542
24736,226,Gyroscope,0.44287730000000003,0.18570304,-0.28710666,1566947947553
24737,226,Accelerometer,-7.5668745,-2.8634652999999997,5.7867856,1566947947553
24738,226,Gyroscope,0.46486846,0.19058995,-0.28710666,1566947947562
24739,226,Accelerometer,-7.6111674,-2.8275523,5.7017913,1566947947563
24740,226,Gyroscope,0.48014009999999996,0.19364429,-0.2846632,1566947947572
24741,226,Accelerometer,-7.6243353,-2.72939,5.6670755999999995,1566947947573
24742,226,Gyroscope,0.4905248,0.19608775,-0.2883284,1566947947582
24743,226,Accelerometer,-7.601590600000001,-2.6024973,5.6551046,1566947947583
24744,226,Gyroscope,0.49418998,0.20463985,-0.28955013,1566947947592
24745,226,Accelerometer,-7.590816499999999,-2.4384943999999997,5.6706667,1566947947593
24746,226,Gyroscope,0.49846604,0.21380283,-0.3023783,1566947947602
24747,226,Accelerometer,-7.5525093,-2.4049757,5.707777,1566947947603
24748,226,Gyroscope,0.49663344,0.22479841,-0.32009340000000003,1566947947612
24749,226,Accelerometer,-7.48188,-2.409764,5.697003,1566947947613
24750,226,Gyroscope,0.5021312,0.24740042,-0.33536503,1566947947622
24751,226,Accelerometer,-7.442375999999999,-2.4169466,5.7664347000000005,1566947947623
24752,226,Gyroscope,0.5155702999999999,0.26939157,-0.35124752,1566947947632
24753,226,Accelerometer,-7.4256167,-2.5043349999999998,5.791574,1566947947633
24754,226,Gyroscope,0.54244834,0.26572640000000003,-0.36468655,1566947947643
24755,226,Accelerometer,-7.451953,-2.6192567,5.7544637000000005,1566947947643
24756,226,Gyroscope,0.56199604,0.24373524,-0.37568212,1566947947652
24757,226,Accelerometer,-7.49026,-2.6408044999999998,5.635950599999999,1566947947653
24758,226,Gyroscope,0.58276546,0.22968534,-0.38545597,1566947947662
24759,226,Accelerometer,-7.478289,-2.5390507999999996,5.580883999999999,1566947947663
24760,226,Gyroscope,0.59986967,0.21807889999999996,-0.39461896,1566947947672
24761,226,Accelerometer,-7.465121000000001,-2.4540567,5.5090580000000005,1566947947673
24762,226,Gyroscope,0.61819565,0.21624629,-0.40683624,1566947947682
24763,226,Accelerometer,-7.515399,-2.4253263,5.4899044,1566947947683
24764,226,Gyroscope,0.6291912,0.21624629,-0.41722095,1566947947693
24765,226,Accelerometer,-7.601590600000001,-2.4025814999999997,5.5341973,1566947947693
24766,226,Gyroscope,0.62858033,0.21991149,-0.43004912,1566947947702
24767,226,Accelerometer,-7.702147,-2.3582888,5.5701103,1566947947703
24768,226,Gyroscope,0.61636305,0.23701571,-0.43982297,1566947947712
24769,226,Accelerometer,-7.703344,-2.3175871,5.5820813,1566947947713
24770,226,Gyroscope,0.6065891999999999,0.26267207,-0.44593164,1566947947722
24771,226,Accelerometer,-7.6722193,-2.3415293999999998,5.6323595,1566947947723
24772,226,Gyroscope,0.61086524,0.27550024,-0.45570546,1566947947732
24773,226,Accelerometer,-7.614758500000001,-2.3702598,5.6886234,1566947947733
24774,226,Gyroscope,0.6230826,0.26083946,-0.46303585,1566947947742
24775,226,Accelerometer,-7.5321584,-2.3606830000000003,5.616797,1566947947743
24776,226,Gyroscope,0.64934975,0.21868975,-0.46731192,1566947947752
24777,226,Accelerometer,-7.516596300000001,-2.3391352000000003,5.535394,1566947947753
24778,226,Gyroscope,0.6817255999999999,0.19242255,-0.46975538,1566947947762
24779,226,Accelerometer,-7.6494746,-2.267309,5.627571,1566947947763
24780,226,Gyroscope,0.70371675,0.17531833,-0.47647488,1566947947772
24781,226,Accelerometer,-7.767987299999999,-2.2002714,5.638344999999999,1566947947773
24782,226,Gyroscope,0.6957755,0.15393804,-0.48075095,1566947947783
24783,226,Accelerometer,-7.8853035,-2.1883004,5.395334,1566947947783
24784,226,Gyroscope,0.68966687,0.14049901,-0.48624873,1566947947792
24785,226,Accelerometer,-8.070853999999999,-2.2756886,5.4025164000000006,1566947947793
24786,226,Gyroscope,0.689056,0.14721853,-0.49663344,1566947947802
24787,226,Accelerometer,-8.2276745,-2.348712,5.487509999999999,1566947947803
24788,226,Gyroscope,0.6780604,0.14294247,-0.5137377000000001,1566947947812
24789,226,Accelerometer,-8.221688,-2.3247697,5.401319,1566947947813
24790,226,Gyroscope,0.65484756,0.13805555,-0.5375614000000001,1566947947822
24791,226,Accelerometer,-7.9032598,-2.1871033,5.6551046,1566947947823
24792,226,Gyroscope,0.63285637,0.16737708,-0.5699373000000001,1566947947832
24793,226,Accelerometer,-7.633912,-2.1571757999999996,5.768829,1566947947833
24794,226,Gyroscope,0.6133086999999999,0.19853121,-0.59437186,1566947947842
24795,226,Accelerometer,-7.4495587,-2.1679497000000003,5.6982,1566947947843
24796,226,Gyroscope,0.5876524000000001,0.22296582,-0.6010914,1566947947852
24797,226,Accelerometer,-7.311891999999999,-2.2577322,5.699397,1566947947853
24798,226,Gyroscope,0.5656611999999999,0.25473082,-0.5858198,1566947947862
24799,226,Accelerometer,-7.261614,-2.3654714,5.711368,1566947947863
24800,226,Gyroscope,0.55955255,0.29932398,-0.571159,1566947947873
24801,226,Accelerometer,-7.3274539999999995,-2.4995465,5.7377043,1566947947873
24802,226,Gyroscope,0.5723807,0.31764993,-0.5534439,1566947947882
24803,226,Accelerometer,-7.3753386,-2.6431987,5.653907299999999,1566947947883
24804,226,Gyroscope,0.5919284,0.32070425,-0.5345071,1566947947892
24805,226,Accelerometer,-7.4268136,-2.7437549999999997,5.565322,1566947947893
24806,226,Gyroscope,0.6072,0.32925636,-0.5149594,1566947947902
24807,226,Accelerometer,-7.607576,-2.7473464,5.392939,1566947947903
24808,226,Gyroscope,0.6102544,0.32925636,-0.48624873,1566947947912
24809,226,Accelerometer,-7.845799,-2.731784,5.2157683,1566947947913
24810,226,Gyroscope,0.5992588000000001,0.32314770000000004,-0.45875978,1566947947923
24811,226,Accelerometer,-8.042124000000001,-2.7162217999999996,5.0840874000000005,1566947947923
24812,226,Gyroscope,0.5748241999999999,0.3145956,-0.42577308,1566947947932
24813,226,Accelerometer,-8.103176,-2.6036943999999997,5.056554,1566947947933
24814,226,Gyroscope,0.5516113,0.29810223,-0.40194935,1566947947942
24815,226,Accelerometer,-7.991845,-2.3965959999999997,4.9895163,1566947947943
24816,226,Gyroscope,0.5357288,0.267559,-0.38851030000000003,1566947947952
24817,226,Accelerometer,-7.902063,-2.3726540000000003,4.9679685,1566947947953
24818,226,Gyroscope,0.535118,0.22479841,-0.37995818,1566947947962
24819,226,Accelerometer,-7.94037,-2.3702598,4.903325,1566947947963
24820,226,Gyroscope,0.54000485,0.172264,-0.3744604,1566947947972
24821,226,Accelerometer,-7.9236107,-2.267309,4.9021277,1566947947973
24822,226,Gyroscope,0.54305923,0.13683382,-0.3744604,1566947947982
24823,226,Accelerometer,-7.902063,-2.1703438999999998,5.0254292000000005,1566947947983
24824,226,Gyroscope,0.5558874,0.12705997,-0.37873647,1566947947992
24825,226,Accelerometer,-7.911639699999999,-2.1571757999999996,5.17387,1566947947993
24826,226,Gyroscope,0.56138515,0.1282817,-0.38851030000000003,1566947948002
24827,226,Accelerometer,-8.000225,-2.2122424,5.2875943,1566947948003
24828,226,Gyroscope,0.571159,0.13439035,-0.39645153,1566947948012
24829,226,Accelerometer,-8.061277,-2.1547816,5.3594203,1566947948013
24830,226,Gyroscope,0.5589417,0.1337795,-0.40439278,1566947948022
24831,226,Accelerometer,-8.013392999999999,-2.0829554,5.2540755,1566947948023
24832,226,Gyroscope,0.53023106,0.14110987,-0.39950588,1566947948032
24833,226,Accelerometer,-7.9224133000000005,-2.1392192999999997,5.2061915,1566947948033
24834,226,Gyroscope,0.50946164,0.15149458,-0.3915646,1566947948042
24835,226,Accelerometer,-7.881711999999999,-2.2409727999999998,5.2301335,1566947948043
24836,226,Gyroscope,0.5002986,0.15027285,-0.37995818,1566947948052
24837,226,Accelerometer,-7.8003089999999995,-2.2852653999999997,5.248090299999999,1566947948053
24838,226,Gyroscope,0.5009095,0.124005646,-0.376293,1566947948062
24839,226,Accelerometer,-7.548918,-2.3187842,5.255273000000001,1566947948063
24840,226,Gyroscope,0.49907690000000005,0.093462385,-0.376293,1566947948072
24841,226,Accelerometer,-7.338228,-2.328361,5.2528787,1566947948073
24842,226,Gyroscope,0.50885075,0.07513642,-0.38056904,1566947948082
24843,226,Accelerometer,-7.309498,-2.3451207000000003,5.3019595,1566947948083
24844,226,Gyroscope,0.5161811,0.061086524,-0.3830125,1566947948092
24845,226,Accelerometer,-7.347805,-2.3355439,5.3713913,1566947948093
24846,226,Gyroscope,0.5149594,0.06658431,-0.3830125,1566947948102
24847,226,Accelerometer,-7.4339960000000005,-2.3606830000000003,5.470751,1566947948103
24848,226,Gyroscope,0.50762904,0.07819075,-0.37201694,1566947948113
24849,226,Accelerometer,-7.5644803,-2.4049757,5.571307,1566947948113
24850,226,Gyroscope,0.4886922,0.09285152,-0.3622431,1566947948122
24851,226,Accelerometer,-7.6961613,-2.4408886,5.595249,1566947948123
24852,226,Gyroscope,0.4642576,0.0983493,-0.34269542,1566947948132
24853,226,Accelerometer,-7.7907324000000004,-2.4672248,5.625177,1566947948133
24854,226,Gyroscope,0.44104472,0.10445796,-0.32314770000000004,1566947948142
24855,226,Accelerometer,-7.7811556,-2.4085669999999997,5.673061,1566947948143
24856,226,Gyroscope,0.41294490000000006,0.1142318,-0.30604348,1566947948152
24857,226,Accelerometer,-7.6746134999999995,-2.328361,5.623979599999999,1566947948153
24858,226,Gyroscope,0.38973203,0.112399206,-0.29077184,1566947948162
24859,226,Accelerometer,-7.5345526,-2.3127987,5.5868697,1566947948163
24860,226,Gyroscope,0.37018433,0.11301007,-0.27977628,1566947948172
24861,226,Accelerometer,-7.4363904000000005,-2.2613235,5.5485625,1566947948173
24862,226,Gyroscope,0.3555236,0.10751228,-0.2761111,1566947948182
24863,226,Accelerometer,-7.384915400000001,-2.1966799999999997,5.568912999999999,1566947948183
24864,226,Gyroscope,0.33841935,0.119729586,-0.27550024,1566947948192
24865,226,Accelerometer,-7.371747,-2.1200657000000005,5.6467247,1566947948193
24866,226,Gyroscope,0.32070425,0.13072516,-0.27488935,1566947948202
24867,226,Accelerometer,-7.395689,-2.111686,5.6886234,1566947948203
24868,226,Gyroscope,0.29016098,0.14294247,-0.2724459,1566947948212
24869,226,Accelerometer,-7.392098,-2.1691467999999996,5.628768,1566947948214
24870,226,Gyroscope,0.26083946,0.14721853,-0.26206118,1566947948223
24871,226,Accelerometer,-7.3825210000000006,-2.1954830000000003,5.5701103,1566947948223
24872,226,Gyroscope,0.23762658,0.14721853,-0.25045475,1566947948232
24873,226,Accelerometer,-7.4088573,-2.1990743,5.518635,1566947948233
24874,226,Gyroscope,0.22174409,0.14782938,-0.23762658,1566947948242
24875,226,Accelerometer,-7.3083005000000005,-2.2960392999999995,5.5258174,1566947948243
24876,226,Gyroscope,0.20891592,0.15515977,-0.22052236,1566947948252
24877,226,Accelerometer,-7.2424603,-2.3247697,5.5629277,1566947948253
24878,226,Gyroscope,0.19853121,0.17592919,-0.20586158,1566947948262
24879,226,Accelerometer,-7.3071036,-2.3415293999999998,5.6802435,1566947948263
24880,226,Gyroscope,0.19425514,0.21074851,-0.19120082,1566947948273
24881,226,Accelerometer,-7.271190600000001,-2.4085669999999997,5.7903767,1566947948273
24882,226,Gyroscope,0.19120082,0.24801129,-0.1685988,1566947948282
24883,226,Accelerometer,-7.3442134999999995,-2.5582043999999997,5.7700260000000005,1566947948283
24884,226,Gyroscope,0.18692477,0.28710666,-0.14844026,1566947948292
24885,226,Accelerometer,-7.631517999999999,-2.6060886,5.6586957,1566947948293
24886,226,Gyroscope,0.18692477,0.32070425,-0.12034045,1566947948302
24887,226,Accelerometer,-7.8050976,-2.5809495,5.4970870000000005,1566947948303
24888,226,Gyroscope,0.18753563,0.34880406,-0.09040806,1566947948312
24889,226,Accelerometer,-7.876923599999999,-2.48159,5.345055,1566947948313
24890,226,Gyroscope,0.20525073,0.37568212,-0.06414085,1566947948323
24891,226,Accelerometer,-7.937975999999999,-2.4181437000000003,5.2121773000000005,1566947948323
24892,226,Gyroscope,0.21258110000000002,0.35491269999999997,-0.055588737,1566947948332
24893,226,Accelerometer,-8.033744,-2.3546975,5.058948,1566947948333
24894,226,Gyroscope,0.21685717,0.30909783,-0.05375614,1566947948342
24895,226,Accelerometer,-8.063671000000001,-2.3044189999999998,5.073313,1566947948343
24896,226,Gyroscope,0.22296582,0.27550024,-0.06597344599999999,1566947948352
24897,226,Accelerometer,-7.989451,-2.2984335,5.1810527,1566947948353
24898,226,Gyroscope,0.22785273,0.26878070000000004,-0.07819075,1566947948362
24899,226,Accelerometer,-8.003817,-2.3295584,5.315128,1566947948363
24900,226,Gyroscope,0.23090707,0.28344148,-0.076358154,1566947948372
24901,226,Accelerometer,-8.09719,-2.3690627,5.3402667,1566947948373
24902,226,Gyroscope,0.23518312,0.3005457,-0.07147124,1566947948382
24903,226,Accelerometer,-8.209717999999999,-2.409764,5.3007627,1566947948383
24904,226,Gyroscope,0.2321288,0.312763,-0.06841691,1566947948392
24905,226,Accelerometer,-8.358158,-2.4085669999999997,5.1690817000000004,1566947948393
24906,226,Gyroscope,0.22785273,0.30421090000000006,-0.076358154,1566947948402
24907,226,Accelerometer,-8.482656500000001,-2.3834279,4.9943047,1566947948403
24908,226,Gyroscope,0.21991149,0.28283059999999993,-0.092240654,1566947948412
24909,226,Accelerometer,-8.474277,-2.2469582999999997,4.876989,1566947948413
24910,226,Gyroscope,0.22540927,0.24617869,-0.1142318,1566947948422
24911,226,Accelerometer,-8.494628,-2.0817582999999997,4.8841715,1566947948423
24912,226,Gyroscope,0.24190263,0.19914207,-0.14905111,1566947948433
24913,226,Accelerometer,-8.396465,-1.9536686,4.8877625,1566947948433
24914,226,Gyroscope,0.26206118,0.15088372,-0.19120082,1566947948442
24915,226,Accelerometer,-8.293514,-1.9823990000000002,4.9057193,1566947948443
24916,226,Gyroscope,0.28344148,0.11362094,-0.2302962,1566947948452
24917,226,Accelerometer,-8.09719,-2.0745756999999996,4.96318,1566947948453
24918,226,Gyroscope,0.29749137,0.081855945,-0.26328292,1566947948462
24919,226,Accelerometer,-7.935581699999999,-2.1416135,5.019444,1566947948463
24920,226,Gyroscope,0.30298916,0.0580322,-0.28221974,1566947948472
24921,226,Accelerometer,-7.833828,-2.1871033,5.1104236,1566947948473
24922,226,Gyroscope,0.31581733,0.039095376,-0.29016098,1566947948483
24923,226,Accelerometer,-7.7224975,-2.1954830000000003,5.267244,1566947948483
24924,226,Gyroscope,0.33353242,0.027488936000000002,-0.29504790000000003,1566947948493
24925,226,Accelerometer,-7.699753,-2.1679497000000003,5.3905449999999995,1566947948493
24926,226,Gyroscope,0.36163223,0.025045475,-0.29626966,1566947948502
24927,226,Accelerometer,-7.758410499999999,-2.124854,5.5054669999999994,1566947948503
24928,226,Gyroscope,0.39400807,0.025045475,-0.2968805,1566947948512
24929,226,Accelerometer,-7.839813,-2.1045034,5.5701103,1566947948513
24930,226,Gyroscope,0.41783184,0.034208454,-0.3005457,1566947948522
24931,226,Accelerometer,-7.843405000000001,-2.0374656000000004,5.6682725,1566947948523
24932,226,Gyroscope,0.43554693,0.050701816,-0.30909783,1566947948533
24933,226,Accelerometer,-7.836222,-1.9381063000000003,5.6910176,1566947948533
24934,226,Gyroscope,0.4447099,0.0720821,-0.31398472,1566947948542
24935,226,Accelerometer,-7.7248917,-1.8351556,5.741296,1566947948543
24936,226,Gyroscope,0.45204028,0.08979719,-0.32131509999999996,1566947948552
24937,226,Accelerometer,-7.612364299999999,-1.7405846,5.8119245,1566947948553
24938,226,Gyroscope,0.46853364,0.10873401,-0.33108896,1566947948562
24939,226,Accelerometer,-7.4950485,-1.6927006000000002,5.815516000000001,1566947948563
24940,226,Gyroscope,0.48441613,0.10629055,-0.34269542,1566947948572
24941,226,Accelerometer,-7.437587700000001,-1.6591818,5.7867856,1566947948573
24942,226,Gyroscope,0.5021312,0.10323623,-0.35796702,1566947948583
24943,226,Accelerometer,-7.384915400000001,-1.6484078000000002,5.8083334,1566947948583
24944,226,Gyroscope,0.5143485,0.1142318,-0.37201694,1566947948592
24945,226,Accelerometer,-7.3442134999999995,-1.6340426000000001,5.8598084,1566947948593
24946,226,Gyroscope,0.5174029,0.13500121,-0.38362336,1566947948602
24947,226,Accelerometer,-7.3609734,-1.6472107,5.876568,1566947948603
24948,226,Gyroscope,0.5186246,0.15393804,-0.3903429,1566947948612
24949,226,Accelerometer,-7.420828299999999,-1.6819267,5.8622026,1566947948613
24950,226,Gyroscope,0.5137377000000001,0.18142697,-0.39461896,1566947948622
24951,226,Accelerometer,-7.457938,-1.6735470000000001,5.932832,1566947948623
24952,226,Gyroscope,0.5112942,0.21380283,-0.39828414,1566947948633
24953,226,Accelerometer,-7.4842744,-1.7070657999999999,6.009446,1566947948633
24954,226,Gyroscope,0.5137377000000001,0.23579398,-0.39645153,1566947948642
24955,226,Accelerometer,-7.538144,-1.8459294999999998,5.985504,1566947948643
24956,226,Gyroscope,0.5174029,0.24923302,-0.39095375,1566947948652
24957,226,Accelerometer,-7.5968018,-2.019509,5.9148755,1566947948653
24958,226,Gyroscope,0.5296202,0.24984388,-0.39095375,1566947948662
24959,226,Accelerometer,-7.6351094,-2.1392192999999997,5.791574,1566947948663
24960,226,Gyroscope,0.5381723,0.25350907,-0.38545597,1566947948672
24961,226,Accelerometer,-7.6518690000000005,-2.1679497000000003,5.6826377,1566947948673
24962,226,Gyroscope,0.54061574,0.25473082,-0.37934732,1566947948682
24963,226,Accelerometer,-7.627927000000001,-2.124854,5.5377884,1566947948683
24964,226,Gyroscope,0.54367006,0.26022860000000003,-0.37812558,1566947948692
24965,226,Accelerometer,-7.581239699999999,-2.054225,5.5150437000000005,1566947948693
24966,226,Gyroscope,0.5510005,0.26816985,-0.38240165,1566947948702
24967,226,Accelerometer,-7.57286,-1.9931729,5.577293,1566947948703
24968,226,Gyroscope,0.5644395000000001,0.27550024,-0.3903429,1566947948712
24969,226,Accelerometer,-7.633912,-1.99437,5.649119000000001,1566947948713
24970,226,Gyroscope,0.5717699,0.28221974,-0.40194935,1566947948722
24971,226,Accelerometer,-7.751228,-2.0123265,5.652710400000001,1566947948723
24972,226,Gyroscope,0.5717699,0.28893927,-0.41050145,1566947948732
24973,226,Accelerometer,-7.846996300000001,-1.9776106,5.60722,1566947948732
24974,226,Gyroscope,0.5656611999999999,0.29810223,-0.41294490000000006,1566947948743
24975,226,Accelerometer,-7.902063,-1.9895816000000002,5.403713,1566947948743
24976,226,Gyroscope,0.5558874,0.30604348,-0.41477749999999997,1566947948752
24977,226,Accelerometer,-7.836222,-2.135628,5.3378725,1566947948753
24978,226,Gyroscope,0.5552765000000001,0.31764993,-0.4092797,1566947948762
24979,226,Accelerometer,-7.787141,-2.135628,5.270835,1566947948763
24980,226,Gyroscope,0.57604593,0.30970868,-0.4092797,1566947948772
24981,226,Accelerometer,-7.7320743,-2.1308396000000003,5.3330839999999995,1566947948773
24982,226,Gyroscope,0.6053675000000001,0.30421090000000006,-0.41477749999999997,1566947948782
24983,226,Accelerometer,-7.777564,-2.0649989,5.3558292000000005,1566947948783
24984,226,Gyroscope,0.6462954000000001,0.29810223,-0.43615779999999993,1566947948793
24985,226,Accelerometer,-7.845799,-2.0506337,5.3642087,1566947948793
24986,226,Gyroscope,0.66156703,0.28955013,-0.4538729,1566947948802
24987,226,Accelerometer,-7.9583262999999995,-2.0207062,5.3043537,1566947948803
24988,226,Gyroscope,0.66828656,0.27977628,-0.45937067,1566947948812
24989,226,Accelerometer,-8.031349,-1.9740193,5.269638,1566947948813
24990,226,Gyroscope,0.67073005,0.2761111,-0.46914452,1566947948822
24991,226,Accelerometer,-8.062474,-1.9536686,5.2660465,1566947948823
24992,226,Gyroscope,0.6737844,0.26206118,-0.47525316,1566947948832
24993,226,Accelerometer,-8.0445175,-2.0027497,5.237316000000001,1566947948833
24994,226,Gyroscope,0.6792821,0.24251351,-0.47952923,1566947948842
24995,226,Accelerometer,-8.018182000000001,-2.0602105,5.2169657,1566947948843
24996,226,Gyroscope,0.68477994,0.22235495,-0.47647488,1566947948852
24997,226,Accelerometer,-7.965509,-2.0266917,5.3259015,1566947948853
24998,226,Gyroscope,0.7049385,0.20830505,-0.47158796,1566947948862
24999,226,Accelerometer,-7.803900200000001,-2.0434509999999997,5.433641000000001,1566947948863
25000,226,Gyroscope,0.7257079000000001,0.20830505,-0.47219884,1566947948872
25001,226,Accelerometer,-7.754819400000001,-2.0518308000000003,5.5042696,1566947948873
25002,226,Gyroscope,0.73914695,0.22113322,-0.47769663,1566947948882
25003,226,Accelerometer,-7.7440453,-2.0697872999999998,5.5629277,1566947948883
25004,226,Gyroscope,0.7483099,0.23457226,-0.48014009999999996,1566947948892
25005,226,Accelerometer,-7.771578999999999,-2.054225,5.6431336,1566947948893
25006,226,Gyroscope,0.7538077,0.24007004,-0.48502702,1566947948903
25007,226,Accelerometer,-7.823053999999999,-2.0075380000000003,5.543774,1566947948903
25008,226,Gyroscope,0.7470882,0.22907446,-0.49235737,1566947948912
25009,226,Accelerometer,-7.893683,-2.0135236,5.270835,1566947948913
25010,226,Gyroscope,0.7440339,0.21502456,-0.49846604,1566947948922
25011,226,Accelerometer,-7.917625,-2.0374656000000004,5.209783,1566947948923
25012,226,Gyroscope,0.75136423,0.22174409,-0.50762904,1566947948932
25013,226,Accelerometer,-7.839813,-1.9476831000000001,5.391742,1566947948933
25014,226,Gyroscope,0.77763146,0.23273966,-0.52473325,1566947948942
25015,226,Accelerometer,-7.776367,-1.8148049,5.499480999999999,1566947948943
25016,226,Gyroscope,0.8008443000000001,0.2302962,-0.5589417,1566947948952
25017,226,Accelerometer,-7.9750857,-1.7884687,5.531803,1566947948953
25018,226,Gyroscope,0.8173377,0.23457226,-0.59437186,1566947948962
25019,226,Accelerometer,-8.301894,-1.7585411,5.5964465,1566947948963
25020,226,Gyroscope,0.820392,0.25411993,-0.6401868000000001,1566947948972
25021,226,Accelerometer,-8.591593,-1.6950948000000001,5.8143187,1566947948973
25022,226,Gyroscope,0.81489426,0.28283059999999993,-0.6908886,1566947948982
25023,226,Accelerometer,-8.9124155,-1.733402,5.7736173,1566947948983
25024,226,Gyroscope,0.7849618,0.29749137,-0.7483099,1566947948992
25025,226,Accelerometer,-8.859743,-2.0578163000000003,5.6467247,1566947948993
25026,226,Gyroscope,0.7483099,0.31398472,-0.7715228,1566947949002
25027,226,Accelerometer,-8.617929,-2.4552537999999995,5.4922986,1566947949003
25028,226,Gyroscope,0.72265357,0.3115413,-0.7501425,1566947949012
25029,226,Accelerometer,-8.400057,-2.6240451,5.3905449999999995,1566947949013
25030,226,Gyroscope,0.72021013,0.2846632,-0.7257079000000001,1566947949022
25031,226,Accelerometer,-7.9846625,-2.6036943999999997,5.090072599999999,1566947949023
25032,226,Gyroscope,0.6994406999999999,0.23640485,-0.69027776,1566947949032
25033,226,Accelerometer,-7.392098,-2.5761611,4.715380000000001,1566947949033
25034,226,Gyroscope,0.6835581999999999,0.21563543,-0.6542366999999999,1566947949042
25035,226,Accelerometer,-6.9611415999999995,-2.4492682999999995,4.856637999999999,1566947949043
25036,226,Gyroscope,0.6988298000000001,0.19853121,-0.6236934000000001,1566947949052
25037,226,Accelerometer,-6.7384806,-2.3199813,5.213374,1566947949053
25038,226,Gyroscope,0.72692966,0.1826487,-0.60231316,1566947949062
25039,226,Accelerometer,-6.6367273,-2.256535,5.4515970000000005,1566947949063
25040,226,Gyroscope,0.7519751,0.17654006,-0.57360244,1566947949072
25041,226,Accelerometer,-6.841431,-2.4756044999999998,5.513846400000001,1566947949073
25042,226,Gyroscope,0.76174897,0.17531833,-0.5552765000000001,1566947949082
25043,226,Accelerometer,-7.1490865,-2.7569232000000006,5.4851160000000005,1566947949082
25044,226,Gyroscope,0.7611380999999999,0.18387043,-0.535118,1566947949092
25045,226,Accelerometer,-7.4471645,-3.0059202000000003,5.4671597,1566947949093
25046,226,Gyroscope,0.7476991,0.18631389999999998,-0.50335294,1566947949102
25047,226,Accelerometer,-7.544129400000001,-3.1292217,5.2205567,1566947949103
25048,226,Gyroscope,0.73731434,0.19792034,-0.46120325,1566947949112
25049,226,Accelerometer,-7.5333557,-3.0346506,5.0936639999999995,1566947949113
25050,226,Gyroscope,0.74281216,0.19486602,-0.43127087,1566947949122
25051,226,Accelerometer,-7.465121000000001,-2.7641058,5.080496,1566947949123
25052,226,Gyroscope,0.7648033000000001,0.18509217,-0.41599923,1566947949132
25053,226,Accelerometer,-7.520187400000001,-2.5198972,5.1810527,1566947949133
25054,226,Gyroscope,0.77213365,0.172264,-0.42027529999999996,1566947949142
25055,226,Accelerometer,-7.6243353,-2.2242134,5.2421045,1566947949143
25056,226,Gyroscope,0.75686204,0.15210545,-0.44348818,1566947949152
25057,226,Accelerometer,-7.7608047000000004,-1.9847932000000001,5.257667,1566947949153
25058,226,Gyroscope,0.7324274000000001,0.14538592,-0.47708577,1566947949162
25059,226,Accelerometer,-7.8972745,-1.9285294999999998,5.3941364,1566947949163
25060,226,Gyroscope,0.70738196,0.14355333,-0.50579643,1566947949172
25061,226,Accelerometer,-8.026561000000001,-1.9931729,5.5018754,1566947949173
25062,226,Gyroscope,0.6872234,0.14477506,-0.5326744999999999,1566947949182
25063,226,Accelerometer,-8.051701,-2.1272482999999998,5.571307,1566947949183
25064,226,Gyroscope,0.6719518,0.14110987,-0.5534439,1566947949192
25065,226,Accelerometer,-7.955932000000001,-2.2780828,5.580883999999999,1566947949193
25066,226,Gyroscope,0.6609562,0.14110987,-0.55771995,1566947949202
25067,226,Accelerometer,-7.890092,-2.3343467999999996,5.613206,1566947949203
25068,226,Gyroscope,0.65301496,0.14355333,-0.5522222,1566947949212
25069,226,Accelerometer,-7.2807674,-2.3391352000000003,5.7137623,1566947949213
25070,226,Gyroscope,0.65484756,0.14844026,-0.54428095,1566947949222
25071,226,Accelerometer,-7.061698,-2.4361002,5.8334722999999995,1566947949223
25072,226,Gyroscope,0.66645396,0.15210545,-0.5375614000000001,1566947949232
25073,226,Accelerometer,-6.96593,-2.517503,5.925649,1566947949233
25074,226,Gyroscope,0.66523224,0.16371189,-0.52412236,1566947949242
25075,226,Accelerometer,-6.930016999999999,-2.528277,5.910087,1566947949243
25076,226,Gyroscope,0.65240407,0.1966986,-0.50823987,1566947949252
25077,226,Accelerometer,-6.953958999999999,-2.5234885,5.8909335,1566947949253
25078,226,Gyroscope,0.6414085,0.22113322,-0.48685959999999995,1566947949262
25079,226,Accelerometer,-7.035361999999999,-2.5965118,5.831078,1566947949263
25080,226,Gyroscope,0.6401868000000001,0.23579398,-0.46853364,1566947949273
25081,226,Accelerometer,-7.1754226999999995,-2.7665,5.7975593,1566947949273
25082,226,Gyroscope,0.63713247,0.24495697,-0.4465425,1566947949282
25083,226,Accelerometer,-7.3334399999999995,-2.8443117,5.753267,1566947949284
25084,226,Gyroscope,0.6401868000000001,0.2443461,-0.4269948,1566947949293
25085,226,Accelerometer,-7.368156,-2.8048072,5.7281275,1566947949293
25086,226,Gyroscope,0.6426301999999999,0.24312437,-0.41355577,1566947949302
25087,226,Accelerometer,-7.551311999999999,-2.6850972,5.651513,1566947949303
25088,226,Gyroscope,0.6346890000000001,0.23823744,-0.4111123,1566947949312
25089,226,Accelerometer,-7.467515,-2.64679,5.613206,1566947949313
25090,226,Gyroscope,0.6200281999999999,0.24556783,-0.4166101,1566947949322
25091,226,Accelerometer,-7.48188,-2.516306,5.5341973,1566947949323
25092,226,Gyroscope,0.5925393,0.25167647,-0.41538838,1566947949332
25093,226,Accelerometer,-7.6518690000000005,-2.3235726000000003,5.4396260000000005,1566947949333
25094,226,Gyroscope,0.5571090999999999,0.26267207,-0.42638394,1566947949342
25095,226,Accelerometer,-7.538144,-2.2361843999999995,5.475539,1566947949343
25096,226,Gyroscope,0.5198463,0.27855456,-0.43310347,1566947949352
25097,226,Accelerometer,-7.586028,-2.2768857000000002,5.4659624,1566947949353
25098,226,Gyroscope,0.48747048,0.28160888,-0.43799037,1566947949362
25099,226,Accelerometer,-7.582436599999999,-2.4025814999999997,5.4001220000000005,1566947949363
25100,226,Gyroscope,0.46303585,0.27366763,-0.42821655,1566947949372
25101,226,Accelerometer,-7.5082164,-2.6036943999999997,5.444414599999999,1566947949373
25102,226,Gyroscope,0.45570546,0.2742785,-0.41233405,1566947949382
25103,226,Accelerometer,-7.4639240000000004,-2.767697,5.506664,1566947949383
25104,226,Gyroscope,0.45631635,0.29443705,-0.37812558,1566947949392
25105,226,Accelerometer,-7.407660000000001,-2.8742392000000003,5.5126495,1566947949393
25106,226,Gyroscope,0.462425,0.32436943,-0.3378085,1566947949402
25107,226,Accelerometer,-7.3310455999999995,-2.871845,5.488707499999999,1566947949403
25108,226,Gyroscope,0.4709771,0.36163223,-0.29016098,1566947949412
25109,226,Accelerometer,-7.457938,-2.7688942,5.445612000000001,1566947949413
25110,226,Gyroscope,0.48380527,0.39095375,-0.24801129,1566947949422
25111,226,Accelerometer,-7.6710224,-2.6982652999999996,5.284003299999999,1566947949423
25112,226,Gyroscope,0.48197266,0.39767328,-0.2144137,1566947949432
25113,226,Accelerometer,-7.8589673,-2.586935,5.1487308,1566947949433
25114,226,Gyroscope,0.47403142,0.3866777,-0.1966986,1566947949442
25115,226,Accelerometer,-8.0445175,-2.4349031,5.17387,1566947949443
25116,226,Gyroscope,0.47708577,0.37140608,-0.19425514,1566947949452
25117,226,Accelerometer,-8.2276745,-2.292448,5.3019595,1566947949453
25118,226,Gyroscope,0.48502702,0.37201694,-0.20158553,1566947949462
25119,226,Accelerometer,-8.317456,-2.2062569,5.267244,1566947949463
25120,226,Gyroscope,0.49235737,0.35491269999999997,-0.23457226,1566947949472
25121,226,Accelerometer,-8.347384,-2.2026656000000004,5.141548,1566947949473
25122,226,Gyroscope,0.4886922,0.34086279999999997,-0.26939157,1566947949483
25123,226,Accelerometer,-8.341399000000001,-2.2337902,5.0374002,1566947949483
25124,226,Gyroscope,0.48685959999999995,0.3109304,-0.30665436,1566947949492
25125,226,Accelerometer,-8.39886,-2.2098482,4.969166,1566947949493
25126,226,Gyroscope,0.49357912,0.28771752,-0.34025195,1566947949502
25127,226,Accelerometer,-8.317456,-2.1404164,5.014655599999999,1566947949503
25128,226,Gyroscope,0.5027421,0.27550024,-0.37507126,1566947949513
25129,226,Accelerometer,-8.172607000000001,-2.1547816,5.018246700000001,1566947949513
25130,226,Gyroscope,0.51068336,0.2706133,-0.39950588,1566947949522
25131,226,Accelerometer,-8.037335,-2.292448,4.9188876,1566947949523
25132,226,Gyroscope,0.5198463,0.26267207,-0.41538838,1566947949532
25133,226,Accelerometer,-8.005013,-2.4313118,4.831499,1566947949533
25134,226,Gyroscope,0.5375614000000001,0.25350907,-0.41783184,1566947949542
25135,226,Accelerometer,-7.9475527,-2.5222914,4.8374844,1566947949543
25136,226,Gyroscope,0.5705481,0.2302962,-0.41905355,1566947949552
25137,226,Accelerometer,-7.890092,-2.6144682999999995,4.9021277,1566947949553
25138,226,Gyroscope,0.6010914,0.20280726,-0.41722095,1566947949562
25139,226,Accelerometer,-7.928399000000001,-2.7341783,4.965574299999999,1566947949563
25140,226,Gyroscope,0.63407815,0.17104226,-0.41050145,1566947949572
25141,226,Accelerometer,-7.9224133000000005,-2.8275523,5.007473,1566947949573
25142,226,Gyroscope,0.657291,0.14905111,-0.40622538,1566947949582
25143,226,Accelerometer,-7.9583262999999995,-2.7952304,5.029021,1566947949583
25144,226,Gyroscope,0.6780604,0.11362094,-0.40500367,1566947949592
25145,226,Accelerometer,-8.033744,-2.6695349999999998,4.9919105,1566947949593
25146,226,Gyroscope,0.68783426,0.081855945,-0.40744713,1566947949602
25147,226,Accelerometer,-8.117541000000001,-2.4361002,4.9883194,1566947949603
25148,226,Gyroscope,0.6939429,0.0720821,-0.41722095,1566947949612
25149,226,Accelerometer,-8.148665,-2.183512,5.060145400000001,1566947949613
25150,226,Gyroscope,0.70188415,0.07086037,-0.43127087,1566947949622
25151,226,Accelerometer,-8.1402855,-1.8866308999999997,5.2026005,1566947949623
25152,226,Gyroscope,0.70432764,0.07574729,-0.45081854,1566947949632
25153,226,Accelerometer,-8.192958,-1.6436194,5.396530599999999,1566947949633
25154,226,Gyroscope,0.7098253999999999,0.07941248,-0.47952923,1566947949642
25155,226,Accelerometer,-8.221688,-1.4796166000000002,5.5389857000000005,1566947949643
25156,226,Gyroscope,0.6988298000000001,0.09896017,-0.5112942,1566947949652
25157,226,Accelerometer,-8.1797905,-1.4317327,5.638344999999999,1566947949653
25158,226,Gyroscope,0.68111473,0.11911872,-0.54000485,1566947949662
25159,226,Accelerometer,-8.101977999999999,-1.4712370000000001,5.726930599999999,1566947949663
25160,226,Gyroscope,0.66156703,0.12644911,-0.56382865,1566947949673
25161,226,Accelerometer,-7.811083,-1.8112136000000003,5.5844755,1566947949673
25162,226,Gyroscope,0.64568454,0.13194689,-0.5662721,1566947949682
25163,226,Accelerometer,-7.72968,-1.8602947,5.5126495,1566947949683
25164,226,Gyroscope,0.6438520000000001,0.12705997,-0.5546656,1566947949692
25165,226,Accelerometer,-7.599196000000001,-1.8495207999999999,5.626374,1566947949693
25166,226,Gyroscope,0.6585127,0.12095132,-0.5314528000000001,1566947949702
25167,226,Accelerometer,-7.5106106,-1.7968484,5.78918,1566947949703
25168,226,Gyroscope,0.68539083,0.15393804,-0.52534413,1566947949712
25169,226,Accelerometer,-7.5429325,-1.7705121,5.8933277,1566947949713
25170,226,Gyroscope,0.6805039,0.18753563,-0.5204572000000001,1566947949722
25171,226,Accelerometer,-7.655460000000001,-1.7741034,5.9005103,1566947949723
25172,226,Gyroscope,0.66339964,0.21991149,-0.5186246,1566947949733
25173,226,Accelerometer,-7.7608047000000004,-1.8495207999999999,5.8634,1566947949733
25174,226,Gyroscope,0.6407976,0.2443461,-0.51068336,1566947949742
25175,226,Accelerometer,-7.708132300000001,-1.8842366999999998,5.8358665,1566947949743
25176,226,Gyroscope,0.6206391,0.26633725,-0.50762904,1566947949752
25177,226,Accelerometer,-7.5692687,-1.9285294999999998,5.7808,1566947949753
25178,226,Gyroscope,0.61636305,0.28099802,-0.5174029,1566947949763
25179,226,Accelerometer,-7.492654300000001,-2.0242975,5.795165,1566947949763
25180,226,Gyroscope,0.6249151,0.28588495,-0.5314528000000001,1566947949772
25181,226,Accelerometer,-7.544129400000001,-2.1942859,5.5760955999999995,1566947949773
25182,226,Gyroscope,0.63407815,0.27305678,-0.535118,1566947949782
25183,226,Accelerometer,-7.605181699999999,-2.183512,5.521029,1566947949783
25184,226,Gyroscope,0.6542366999999999,0.26389378,-0.54244834,1566947949792
25185,226,Accelerometer,-7.565677,-2.1535845,5.602432,1566947949793
25186,226,Gyroscope,0.6872234,0.27855456,-0.56321776,1566947949802
25187,226,Accelerometer,-7.656657000000001,-2.2050598,5.651513,1566947949803
25188,226,Gyroscope,0.70921457,0.29382620000000004,-0.5876524000000001,1566947949812
25189,226,Accelerometer,-7.8829093,-2.2349873,5.6108117,1566947949813
25190,226,Gyroscope,0.7110472,0.30421090000000006,-0.6078109,1566947949822
25191,226,Accelerometer,-8.038532,-2.2050598,5.621585400000001,1566947949823
25192,226,Gyroscope,0.6963864000000001,0.31215215,-0.63285637,1566947949832
25193,226,Accelerometer,-8.23366,-2.2026656000000004,5.474342299999999,1566947949833
25194,226,Gyroscope,0.6713409,0.31215215,-0.6536258,1566947949842
25195,226,Accelerometer,-8.3390045,-2.3606830000000003,5.225345,1566947949843
25196,226,Gyroscope,0.6389651,0.29993483,-0.66156703,1566947949853
25197,226,Accelerometer,-8.279149,-2.542642,4.9667715999999995,1566947949853
25198,226,Gyroscope,0.59986967,0.2706133,-0.64873886,1566947949862
25199,226,Accelerometer,-8.010999,-2.7952304,4.7393220000000005,1566947949863
25200,226,Gyroscope,0.57910025,0.23640485,-0.61941737,1566947949872
25201,226,Accelerometer,-7.590816499999999,-2.895787,4.697424,1566947949873
25202,226,Gyroscope,0.57787853,0.20769419,-0.5858198,1566947949883
25203,226,Accelerometer,-7.1790137000000005,-2.9029696,4.8123455,1566947949883
25204,226,Gyroscope,0.5882632,0.18875736,-0.5546656,1566947949892
25205,226,Accelerometer,-6.927623,-2.8778305,5.0613421999999995,1566947949893
25206,226,Gyroscope,0.6169739000000001,0.1777618,-0.5332854,1566947949902
25207,226,Accelerometer,-6.9120603,-2.8203697,5.3558292000000005,1566947949903
25208,226,Gyroscope,0.6450737,0.17715092,-0.5149594,1566947949912
25209,226,Accelerometer,-7.1131735,-2.791639,5.5006785,1566947949913
25210,226,Gyroscope,0.6542366999999999,0.1881465,-0.48991394,1566947949922
25211,226,Accelerometer,-7.420828299999999,-2.7509377,5.5030727,1566947949923
25212,226,Gyroscope,0.6560693,0.20769419,-0.46609017,1566947949932
25213,226,Accelerometer,-7.7727756999999995,-2.7401638,5.45878,1566947949933
25214,226,Gyroscope,0.6414085,0.23090707,-0.44165558,1566947949942
25215,226,Accelerometer,-7.935581699999999,-2.741361,5.269638,1566947949943
25216,226,Gyroscope,0.6273586,0.22357668,-0.43066000000000004,1566947949953
25217,226,Accelerometer,-8.048109,-2.6527755,5.177461,1566947949953
25218,226,Gyroscope,0.62125,0.21380283,-0.43066000000000004,1566947949962
25219,226,Accelerometer,-8.012196000000001,-2.5222914,5.177461,1566947949963
25220,226,Gyroscope,0.6224717,0.21135938,-0.43127087,1566947949972
25221,226,Accelerometer,-7.929596000000001,-2.4552537999999995,5.249287000000001,1566947949973
25222,226,Gyroscope,0.61819565,0.19914207,-0.43554693,1566947949983
25223,226,Accelerometer,-7.7931266,-2.4193408,5.2277393,1566947949983
25224,226,Gyroscope,0.6230826,0.17470746,-0.44104472,1566947949992
25225,226,Accelerometer,-7.693767,-2.4253263,5.309142,1566947949993
25226,226,Gyroscope,0.63163465,0.15393804,-0.45142943,1566947950002
25227,226,Accelerometer,-7.6710224,-2.409764,5.422867,1566947950003
25228,226,Gyroscope,0.63529986,0.14905111,-0.4642576,1566947950013
25229,226,Accelerometer,-7.678205,-2.4037786,5.4563856,1566947950013
25230,226,Gyroscope,0.63224554,0.15210545,-0.47464229999999996,1566947950022
25231,226,Accelerometer,-7.6578539999999995,-2.3918076,5.566519,1566947950023
25232,226,Gyroscope,0.6249151,0.15393804,-0.48075095,1566947950032
25233,226,Accelerometer,-7.5561004,-2.4145525,5.5641245999999995,1566947950033
25234,226,Gyroscope,0.6249151,0.17165314,-0.47525316,1566947950043
25235,226,Accelerometer,-7.5549035,-2.4839842,5.57849,1566947950043
25236,226,Gyroscope,0.61941737,0.19181168,-0.46486846,1566947950052
25237,226,Accelerometer,-7.5968018,-2.5761611,5.481525,1566947950053
25238,226,Gyroscope,0.6102544,0.20891592,-0.4538729,1566947950062
25239,226,Accelerometer,-7.6027875,-2.5929205,5.389348,1566947950063
25240,226,Gyroscope,0.6059783000000001,0.21319197,-0.44959682,1566947950072
25241,226,Accelerometer,-7.559692,-2.6168625,5.3618144999999995,1566947950073
25242,226,Gyroscope,0.60231316,0.20769419,-0.45265114,1566947950082
25243,226,Accelerometer,-7.501034,-2.6671407000000005,5.3247046,1566947950083
25244,226,Gyroscope,0.6053675000000001,0.19914207,-0.45753807,1566947950092
25245,226,Accelerometer,-7.5046253,-2.7234043999999997,5.303157,1566947950093
25246,226,Gyroscope,0.6072,0.20158553,-0.462425,1566947950102
25247,226,Accelerometer,-7.466317999999999,-2.707842,5.389348,1566947950103
25248,226,Gyroscope,0.6078109,0.20586158,-0.46120325,1566947950113
25249,226,Accelerometer,-7.4363904000000005,-2.7257986,5.4899044,1566947950113
25250,226,Gyroscope,0.5992588000000001,0.20525073,-0.45204028,1566947950122
25251,226,Accelerometer,-7.466317999999999,-2.7772740000000002,5.4563856,1566947950123
25252,226,Gyroscope,0.59620446,0.20097467,-0.44409904,1566947950132
25253,226,Accelerometer,-7.6410947,-2.834735,5.444414599999999,1566947950133
25254,226,Gyroscope,0.5919284,0.1881465,-0.4343252,1566947950143
25255,226,Accelerometer,-7.747636999999999,-2.8167782000000003,5.420472599999999,1566947950143
25256,226,Gyroscope,0.5839871999999999,0.18875736,-0.42149702,1566947950152
25257,226,Accelerometer,-7.807492,-2.7820622999999998,5.3366755999999995,1566947950153
25258,226,Gyroscope,0.571159,0.18203785,-0.41477749999999997,1566947950162
25259,226,Accelerometer,-7.799111999999999,-2.7246015,5.305551,1566947950163
25260,226,Gyroscope,0.5467244000000001,0.17959438,-0.41294490000000006,1566947950172
25261,226,Accelerometer,-7.7488337,-2.6156653999999997,5.258864,1566947950173
25262,226,Gyroscope,0.5375614000000001,0.18020524,-0.40683624,1566947950182
25263,226,Accelerometer,-7.687782,-2.4875755,5.2385135,1566947950183
25264,226,Gyroscope,0.52290064,0.16920967,-0.40072759999999996,1566947950192
25265,226,Accelerometer,-7.7129207,-2.3355439,5.187037999999999,1566947950193
25266,226,Gyroscope,0.5009095,0.15577064,-0.40744713,1566947950202
25267,226,Accelerometer,-7.422025,-2.3175871,5.317522,1566947950203
25268,226,Gyroscope,0.48014009999999996,0.16982053,-0.40500367,1566947950212
25269,226,Accelerometer,-7.392098,-2.3044189999999998,5.4623713,1566947950213
25270,226,Gyroscope,0.46670106,0.18325958,-0.40194935,1566947950222
25271,226,Accelerometer,-7.5213847000000005,-2.3044189999999998,5.5509567,1566947950223
25272,226,Gyroscope,0.44959682,0.19914207,-0.39461896,1566947950232
25273,226,Accelerometer,-7.4351935,-2.4313118,5.627571,1566947950233
25274,226,Gyroscope,0.43066000000000004,0.22785273,-0.38789943,1566947950243
25275,226,Accelerometer,-7.513005000000001,-2.5342624,5.5844755,1566947950243
25276,226,Gyroscope,0.41172317,0.25595254,-0.37384954,1566947950252
25277,226,Accelerometer,-7.675811,-2.6767175,5.4863133,1566947950253
25278,226,Gyroscope,0.39522982,0.26267207,-0.34697145,1566947950262
25279,226,Accelerometer,-7.738060000000001,-2.753332,5.41329,1566947950263
25280,226,Gyroscope,0.38789943,0.26450464,-0.32314770000000004,1566947950273
25281,226,Accelerometer,-7.807492,-2.694674,5.3282957,1566947950273
25282,226,Gyroscope,0.37323865,0.2565634,-0.30298916,1566947950282
25283,226,Accelerometer,-7.642291999999999,-2.779668,5.2744265,1566947950283
25284,226,Gyroscope,0.36713,0.24373524,-0.28405234,1566947950292
25285,226,Accelerometer,-7.501034,-2.7904419999999996,5.4192758,1566947950293
25286,226,Gyroscope,0.37262779999999995,0.25045475,-0.26511553,1566947950302
25287,226,Accelerometer,-7.5549035,-2.7485435000000003,5.470751,1566947950303
25288,226,Gyroscope,0.37079520000000005,0.26083946,-0.24251351,1566947950312
25289,226,Accelerometer,-7.546523599999999,-2.7437549999999997,5.408501599999999,1566947950313
25290,226,Gyroscope,0.35796702,0.28405234,-0.21930063,1566947950322
25291,226,Accelerometer,-7.507019500000001,-2.6671407000000005,5.434838,1566947950323
25292,226,Gyroscope,0.33964106,0.32986724,-0.19486602,1566947950332
25293,226,Accelerometer,-7.5800424,-2.6084828,5.3211129999999995,1566947950334
25294,226,Gyroscope,0.31642818,0.37751472,-0.16249016,1566947950342
25295,226,Accelerometer,-7.605181699999999,-2.6156653999999997,5.1930237,1566947950343
25296,226,Gyroscope,0.29749137,0.41538838,-0.13255776,1566947950352
25297,226,Accelerometer,-7.762002000000001,-2.5893292000000003,5.0086699999999995,1566947950353
25298,226,Gyroscope,0.29077184,0.42332962,-0.10567969,1566947950362
25299,226,Accelerometer,-8.048109,-2.540248,4.856637999999999,1566947950363
25300,226,Gyroscope,0.29199359999999996,0.39706242,-0.08552113,1566947950373
25301,226,Accelerometer,-8.252813,-2.4145525,4.83509,1566947950373
25302,226,Gyroscope,0.32009340000000003,0.33169982,-0.10079276599999999,1566947950382
25303,226,Accelerometer,-8.259995,-2.3642743,5.021838,1566947950383
25304,226,Gyroscope,0.36346483,0.2779437,-0.12278391400000001,1566947950392
25305,226,Accelerometer,-8.3150625,-2.3080103,5.1223946,1566947950393
25306,226,Gyroscope,0.40194935,0.23945917,-0.15577064,1566947950403
25307,226,Accelerometer,-8.482656500000001,-2.3558946,5.031415,1566947950403
25308,226,Gyroscope,0.38423425,0.22174409,-0.19303341,1566947950412
25309,226,Accelerometer,-8.669404,-2.4001873,4.820725,1566947950413
25310,226,Gyroscope,0.35796702,0.19425514,-0.22785273,1566947950422
25311,226,Accelerometer,-8.725667999999999,-2.4037786,4.697424,1566947950423
25312,226,Gyroscope,0.34147367,0.172264,-0.25595254,1566947950432
25313,226,Accelerometer,-8.652645,-2.385822,4.7429137,1566947950433
25314,226,Gyroscope,0.33841935,0.16310102,-0.27488935,1566947950442
25315,226,Accelerometer,-8.483853,-2.3535004,4.829105,1566947950443
25316,226,Gyroscope,0.34513888,0.16310102,-0.3036,1566947950452
25317,226,Accelerometer,-8.263587,-2.349909,4.8338933,1566947950453
25318,226,Gyroscope,0.35857790000000006,0.14905111,-0.3268129,1566947950462
25319,226,Accelerometer,-8.028955,-2.3750482,4.771644,1566947950463
25320,226,Gyroscope,0.3866777,0.118507855,-0.34330627,1566947950473
25321,226,Accelerometer,-7.801506,-2.3834279,4.841076,1566947950473
25322,226,Gyroscope,0.42394048,0.08552113,-0.35063666,1566947950482
25323,226,Accelerometer,-7.582436599999999,-2.3989902,5.0086699999999995,1566947950483
25324,226,Gyroscope,0.46303585,0.064751714,-0.35491269999999997,1566947950492
25325,226,Accelerometer,-7.466317999999999,-2.3511062000000003,5.2002063,1566947950493
25326,226,Gyroscope,0.48808134,0.057421334000000004,-0.36041048,1566947950502
25327,226,Accelerometer,-7.3885064,-2.349909,5.322310400000001,1566947950503
25328,226,Gyroscope,0.50335294,0.059864793,-0.3555236,1566947950512
25329,226,Accelerometer,-7.4268136,-2.3690627,5.41329,1566947950513
25330,226,Gyroscope,0.5045747,0.06719518,-0.34636059999999996,1566947950522
25331,226,Accelerometer,-7.5788455,-2.3594859,5.482722,1566947950523
25332,226,Gyroscope,0.5015204000000001,0.06780604,-0.33536503,1566947950532
25333,226,Accelerometer,-7.782352400000001,-2.3199813,5.519832,1566947950533
25334,226,Gyroscope,0.50823987,0.08002335,-0.32803464,1566947950542
25335,226,Accelerometer,-7.914034,-2.2146366000000004,5.5988407,1566947950543
25336,226,Gyroscope,0.51923543,0.10262536,-0.32925636,1566947950552
25337,226,Accelerometer,-7.945158500000001,-2.0829554,5.7017913,1566947950553
25338,226,Gyroscope,0.5357288,0.1160644,-0.33964106,1566947950563
25339,226,Accelerometer,-8.028955,-1.9069817,5.7257333,1566947950563
25340,226,Gyroscope,0.5375614000000001,0.12889257,-0.3567453,1566947950572
25341,226,Accelerometer,-8.008605000000001,-1.7118542,5.744887,1566947950573
25342,226,Gyroscope,0.52839845,0.14538592,-0.37507126,1566947950582
25343,226,Accelerometer,-7.8793178,-1.5478513999999999,5.738901599999999,1566947950583
25344,226,Gyroscope,0.5149594,0.1685988,-0.3933972,1566947950593
25345,226,Accelerometer,-7.6027875,-1.5921441,5.7963624000000005,1566947950593
25346,226,Gyroscope,0.5021312,0.19608775,-0.41050145,1566947950602
25347,226,Accelerometer,-7.522581599999999,-1.7070657999999999,5.747281,1566947950603
25348,226,Gyroscope,0.49235737,0.21563543,-0.41477749999999997,1566947950612
25349,226,Accelerometer,-7.395689,-1.8614918000000003,5.7784057,1566947950613
25350,226,Gyroscope,0.49174652,0.24190263,-0.41477749999999997,1566947950622
25351,226,Accelerometer,-7.3214690000000004,-2.0147207,5.7616463,1566947950623
25352,226,Gyroscope,0.5045747,0.2706133,-0.40683624,1566947950632
25353,226,Accelerometer,-7.3334399999999995,-2.1739352000000003,5.756858,1566947950633
25354,226,Gyroscope,0.5204572000000001,0.26939157,-0.40011674,1566947950642
25355,226,Accelerometer,-7.4112515,-2.2649147999999997,5.7089739999999995,1566947950643
25356,226,Gyroscope,0.5363397,0.27000242,-0.39828414,1566947950653
25357,226,Accelerometer,-7.499836999999999,-2.3116016,5.638344999999999,1566947950653
25358,226,Gyroscope,0.548557,0.26450464,-0.39645153,1566947950662
25359,226,Accelerometer,-7.627927000000001,-2.3235726000000003,5.5509567,1566947950663
25360,226,Gyroscope,0.5564981999999999,0.26145032,-0.40133846,1566947950672
25361,226,Accelerometer,-7.726089,-2.3092074,5.4420204000000005,1566947950673
25362,226,Gyroscope,0.5552765000000001,0.26022860000000003,-0.40439278,1566947950682
25363,226,Accelerometer,-7.750031,-2.2613235,5.363012,1566947950683
25364,226,Gyroscope,0.55771995,0.25778514,-0.4098906,1566947950693
25365,226,Accelerometer,-7.72968,-2.2146366000000004,5.345055,1566947950693
25366,226,Gyroscope,0.5546656,0.258396,-0.42149702,1566947950702
25367,226,Accelerometer,-7.726089,-2.1751322999999996,5.2624555,1566947950703
25368,226,Gyroscope,0.55833083,0.2510656,-0.42943826,1566947950712
25369,226,Accelerometer,-7.723694999999999,-2.1583729,5.195418,1566947950713
25370,226,Gyroscope,0.5644395000000001,0.24068089999999998,-0.43860126,1566947950722
25371,226,Accelerometer,-7.687782,-2.124854,5.269638,1566947950723
25372,226,Gyroscope,0.57604593,0.24862215,-0.44776422,1566947950732
25373,226,Accelerometer,-7.72968,-2.2050598,5.3163247,1566947950733
25374,226,Gyroscope,0.5882632,0.24740042,-0.4569272,1566947950742
25375,226,Accelerometer,-7.8673470000000005,-2.3032220000000003,5.3330839999999995,1566947950743
25376,226,Gyroscope,0.5919284,0.23762658,-0.46181414,1566947950752
25377,226,Accelerometer,-7.953538000000001,-2.327164,5.2863975,1566947950753
25378,226,Gyroscope,0.60231316,0.2302962,-0.4642576,1566947950762
25379,226,Accelerometer,-7.9882539999999995,-2.2972363999999996,5.29358,1566947950763
25380,226,Gyroscope,0.60903263,0.24007004,-0.46120325,1566947950772
25381,226,Accelerometer,-8.022969999999999,-2.3343467999999996,5.272032299999999,1566947950773
25382,226,Gyroscope,0.61453044,0.24556783,-0.45753807,1566947950782
25383,226,Accelerometer,-8.110358,-2.3810337,5.1571107000000005,1566947950783
25384,226,Gyroscope,0.61575216,0.24373524,-0.4465425,1566947950792
25385,226,Accelerometer,-8.069656,-2.3307555,5.080496,1566947950793
25386,226,Gyroscope,0.6206391,0.23457226,-0.44959682,1566947950802
25387,226,Accelerometer,-7.967903,-2.2996306,5.1355624,1566947950803
25388,226,Gyroscope,0.6273586,0.22602014,-0.45448375,1566947950812
25389,226,Accelerometer,-7.9188222999999995,-2.3139958,5.1906295,1566947950813
25390,226,Gyroscope,0.63591075,0.21991149,-0.46670106,1566947950823
25391,226,Accelerometer,-7.935581699999999,-2.2768857000000002,5.291186,1566947950823
25392,226,Gyroscope,0.64996064,0.20647246,-0.48075095,1566947950832
25393,226,Accelerometer,-7.872135000000001,-2.267309,5.327099,1566947950833
25394,226,Gyroscope,0.66523224,0.18448131,-0.49541172,1566947950842
25395,226,Accelerometer,-7.9427642999999994,-2.2888567,5.233725,1566947950843
25396,226,Gyroscope,0.68477994,0.16798794,-0.52595496,1566947950852
25397,226,Accelerometer,-7.972691499999999,-2.267309,5.33069,1566947950853
25398,226,Gyroscope,0.73426,0.16126843,-0.56077427,1566947950862
25399,226,Accelerometer,-8.137891999999999,-2.2050598,5.4001220000000005,1566947950863
25400,226,Gyroscope,0.74464476,0.15027285,-0.59742624,1566947950872
25401,226,Accelerometer,-8.408437,-2.2026656000000004,5.315128,1566947950873
25402,226,Gyroscope,0.71959925,0.13439035,-0.6236934000000001,1566947950882
25403,226,Accelerometer,-8.459911,-2.2230163,5.1343656,1566947950883
25404,226,Gyroscope,0.68783426,0.118507855,-0.6420194,1566947950892
25405,226,Accelerometer,-8.267178999999999,-2.27928,5.070919,1566947950893
25406,226,Gyroscope,0.6640105,0.10751228,-0.65240407,1566947950902
25407,226,Accelerometer,-7.9523410000000005,-2.3834279,5.1355624,1566947950903
25408,226,Gyroscope,0.6627888000000001,0.095294975,-0.6462954000000001,1566947950913
25409,226,Accelerometer,-7.642291999999999,-2.4983494,5.234922,1566947950913
25410,226,Gyroscope,0.6713409,0.10079276599999999,-0.63407815,1566947950922
25411,226,Accelerometer,-7.422025,-2.5797524,5.4647654999999995,1566947950923
25412,226,Gyroscope,0.68539083,0.106901415,-0.62125,1566947950932
25413,226,Accelerometer,-7.2628107,-2.6252422,5.613206,1566947950933
25414,226,Gyroscope,0.6988298000000001,0.11301007,-0.61391956,1566947950942
25415,226,Accelerometer,-7.132327,-2.60968,5.711368,1566947950943
25416,226,Gyroscope,0.7122689,0.119729586,-0.6102544,1566947950952
25417,226,Accelerometer,-7.147889,-2.634819,5.7784057,1566947950953
25418,226,Gyroscope,0.711658,0.13500121,-0.60048056,1566947950963
25419,226,Accelerometer,-7.2699933,-2.6994624,5.7987566,1566947950963
25420,226,Gyroscope,0.6994406999999999,0.15271631,-0.58093286,1566947950972
25421,226,Accelerometer,-7.352593400000001,-2.7593174,5.705383,1566947950973
25422,226,Gyroscope,0.6774496,0.17409660000000002,-0.56138515,1566947950982
25423,226,Accelerometer,-7.381324,-2.765303,5.616797,1566947950983
25424,226,Gyroscope,0.657291,0.19242255,-0.5332854,1566947950992
25425,226,Accelerometer,-7.461529700000001,-2.7808652,5.6467247,1566947950993
25426,226,Gyroscope,0.6389651,0.21868975,-0.50579643,1566947951003
25427,226,Accelerometer,-7.526173,-2.814384,5.5856724,1566947951003
25428,226,Gyroscope,0.61391956,0.24251351,-0.47342056,1566947951012
25429,226,Accelerometer,-7.501034,-2.7138276,5.5270147000000005,1566947951013
25430,226,Gyroscope,0.59620446,0.25778514,-0.44959682,1566947951022
25431,226,Accelerometer,-7.3885064,-2.4911668,5.5006785,1566947951023
25432,226,Gyroscope,0.5925393,0.26878070000000004,-0.44104472,1566947951032
25433,226,Accelerometer,-7.338228,-2.3762453,5.5126495,1566947951033
25434,226,Gyroscope,0.58459806,0.27550024,-0.43737950000000003,1566947951042
25435,226,Accelerometer,-7.4363904000000005,-2.384625,5.4408236,1566947951043
25436,226,Gyroscope,0.5748241999999999,0.26878070000000004,-0.4447099,1566947951053
25437,226,Accelerometer,-7.6710224,-2.3235726000000003,5.3833623,1566947951053
25438,226,Gyroscope,0.5699373000000001,0.24556783,-0.45998153,1566947951062
25439,226,Accelerometer,-7.739257,-2.4265234,5.374983,1566947951063
25440,226,Gyroscope,0.5687156,0.22174409,-0.47525316,1566947951072
25441,226,Accelerometer,-7.837419000000001,-2.4971522999999998,5.306748000000001,1566947951073
25442,226,Gyroscope,0.56688297,0.204029,-0.48441613,1566947951082
25443,226,Accelerometer,-7.741650999999999,-2.4492682999999995,5.397728,1566947951083
25444,226,Gyroscope,0.56505036,0.19120082,-0.48624873,1566947951093
25445,226,Accelerometer,-7.7224975,-2.48159,5.4647654999999995,1566947951093
25446,226,Gyroscope,0.5644395000000001,0.18936823,-0.48502702,1566947951102
25447,226,Accelerometer,-7.668628,-2.517503,5.4791307,1566947951103
25448,226,Gyroscope,0.55771995,0.19792034,-0.47891834,1566947951112
25449,226,Accelerometer,-7.574057000000001,-2.5378537,5.4863133,1566947951113
25450,226,Gyroscope,0.5564981999999999,0.20708331,-0.47342056,1566947951122
25451,226,Accelerometer,-7.4483614000000005,-2.5546130000000002,5.523423,1566947951123
25452,226,Gyroscope,0.55771995,0.21380283,-0.4709771,1566947951133
25453,226,Accelerometer,-7.338228,-2.6755204,5.49589,1566947951133
25454,226,Gyroscope,0.56199604,0.21746802,-0.46303585,1566947951142
25455,226,Accelerometer,-7.3190745999999995,-2.7952304,5.4659624,1566947951143
25456,226,Gyroscope,0.5742133,0.21624629,-0.462425,1566947951152
25457,226,Accelerometer,-7.309498,-2.8419175,5.488707499999999,1566947951153
25458,226,Gyroscope,0.5852089,0.20708331,-0.46120325,1566947951162
25459,226,Accelerometer,-7.325060000000001,-2.9412768,5.408501599999999,1566947951163
25460,226,Gyroscope,0.60048056,0.19486602,-0.45814893,1566947951172
25461,226,Accelerometer,-7.339425,-2.906561,5.4527946,1566947951173
25462,226,Gyroscope,0.6065891999999999,0.19303341,-0.45265114,1566947951183
25463,226,Accelerometer,-7.392098,-2.9149406000000004,5.398925,1566947951183
25464,226,Gyroscope,0.6072,0.18448131,-0.43860126,1566947951192
25465,226,Accelerometer,-7.3490020000000005,-2.7904419999999996,5.410896,1566947951193
25466,226,Gyroscope,0.602924,0.18081611,-0.42821655,1566947951202
25467,226,Accelerometer,-7.369353,-2.6491842,5.4396260000000005,1566947951203
25468,226,Gyroscope,0.59803706,0.18142697,-0.42516220000000005,1566947951212
25469,226,Accelerometer,-7.45315,-2.6994624,5.4922986,1566947951213
25470,226,Gyroscope,0.59131753,0.20463985,-0.42638394,1566947951222
25471,226,Accelerometer,-7.5668745,-2.7162217999999996,5.483919,1566947951223
25472,226,Gyroscope,0.57604593,0.21930063,-0.4288274,1566947951232
25473,226,Accelerometer,-7.6375036,-2.6922797999999997,5.4659624,1566947951233
25474,226,Gyroscope,0.56382865,0.21074851,-0.43799037,1566947951242
25475,226,Accelerometer,-7.8170686,-2.8119897999999997,5.4539914000000005,1566947951243
25476,226,Gyroscope,0.5522222,0.20219639,-0.44226643,1566947951252
25477,226,Accelerometer,-7.8326306,-2.8874072999999996,5.409699,1566947951253
25478,226,Gyroscope,0.5363397,0.19364429,-0.43493605,1566947951262
25479,226,Accelerometer,-7.77517,-2.870648,5.327099,1566947951263
25480,226,Gyroscope,0.516792,0.18081611,-0.42394048,1566947951273
25481,226,Accelerometer,-7.620744,-2.932897,5.374983,1566947951273
25482,226,Gyroscope,0.50579643,0.1777618,-0.40439278,1566947951282
25483,226,Accelerometer,-7.358579,-2.9233203,5.5150437000000005,1566947951283
25484,226,Gyroscope,0.50823987,0.1826487,-0.38851030000000003,1566947951292
25485,226,Accelerometer,-7.2580222999999995,-2.8933928,5.604826,1566947951293
25486,226,Gyroscope,0.5161811,0.19120082,-0.37812558,1566947951302
25487,226,Accelerometer,-7.232883500000001,-2.9412768,5.673061,1566947951303
25488,226,Gyroscope,0.51923543,0.204029,-0.3640757,1566947951313
25489,226,Accelerometer,-7.27957,-2.9640217,5.6060233,1566947951313
25490,226,Gyroscope,0.49418998,0.21563543,-0.36102137,1566947951322
25491,226,Accelerometer,-7.3202715,-2.8766334,5.603629,1566947951323
25492,226,Gyroscope,0.4831944,0.226631,-0.35185838,1566947951332
25493,226,Accelerometer,-7.384915400000001,-2.9281087,5.600037599999999,1566947951333
25494,226,Gyroscope,0.47342056,0.25045475,-0.3390302,1566947951342
25495,226,Accelerometer,-7.5213847000000005,-2.9460652,5.639542,1566947951343
25496,226,Gyroscope,0.47036624,0.27305678,-0.32009340000000003,1566947951352
25497,226,Accelerometer,-7.6243353,-2.9700072,5.5617304,1566947951353
25498,226,Gyroscope,0.47036624,0.27550024,-0.3115413,1566947951363
25499,226,Accelerometer,-7.551311999999999,-2.979584,5.5102553,1566947951363
25500,226,Gyroscope,0.4709771,0.26633725,-0.30604348,1566947951372
25501,226,Accelerometer,-7.4842744,-3.0585926,5.433641000000001,1566947951373
25502,226,Gyroscope,0.46914452,0.25961772,-0.30176744,1566947951382
25503,226,Accelerometer,-7.387309599999999,-3.0478187,5.412093,1566947951383
25504,226,Gyroscope,0.46731192,0.25228736,-0.29565877,1566947951392
25505,226,Accelerometer,-7.3083005000000005,-2.9628246,5.4432178,1566947951393
25506,226,Gyroscope,0.46609017,0.26389378,-0.28955013,1566947951402
25507,226,Accelerometer,-7.2568254,-2.9843724,5.475539,1566947951403
25508,226,Gyroscope,0.46486846,0.28771752,-0.27916542,1566947951412
25509,226,Accelerometer,-7.314286,-2.9700072,5.481525,1566947951413
25510,226,Gyroscope,0.45998153,0.3115413,-0.26694809999999997,1566947951422
25511,226,Accelerometer,-7.345411,-2.8119897999999997,5.4851160000000005,1566947951423
25512,226,Gyroscope,0.44837508,0.3268129,-0.25350907,1566947951432
25513,226,Accelerometer,-7.3442134999999995,-2.7341783,5.347449299999999,1566947951433
25514,226,Gyroscope,0.43615779999999993,0.33964106,-0.24495697,1566947951442
25515,226,Accelerometer,-7.467515,-2.753332,5.222951,1566947951443
25516,226,Gyroscope,0.4343252,0.3268129,-0.23151793,1566947951453
25517,226,Accelerometer,-7.7919292,-2.8419175,5.067328,1566947951453
25518,226,Gyroscope,0.43493605,0.29016098,-0.22174409,1566947951462
25519,226,Accelerometer,-8.040925999999999,-2.8455088,5.0086699999999995,1566947951463
25520,226,Gyroscope,0.453262,0.23823744,-0.21135938,1566947951472
25521,226,Accelerometer,-8.090008000000001,-2.7437549999999997,5.055357,1566947951473
25522,226,Gyroscope,0.48685959999999995,0.20158553,-0.20341812,1566947951482
25523,226,Accelerometer,-8.063671000000001,-2.622848,5.257667,1566947951483
25524,226,Gyroscope,0.5222898,0.20341812,-0.20219639,1566947951492
25525,226,Accelerometer,-8.100781,-2.5258827,5.437232,1566947951493
25526,226,Gyroscope,0.5345071,0.21624629,-0.20647246,1566947951503
25527,226,Accelerometer,-8.274361,-2.4145525,5.4312468,1566947951503
25528,226,Gyroscope,0.52412236,0.22174409,-0.22907446,1566947951512
25529,226,Accelerometer,-8.471883,-2.1404164,5.3007627,1566947951513
25530,226,Gyroscope,0.49174652,0.22235495,-0.26511553,1566947951522
25531,226,Accelerometer,-8.459911,-2.0602105,5.2157683,1566947951523
25532,226,Gyroscope,0.4569272,0.21074851,-0.31398472,1566947951532
25533,226,Accelerometer,-8.288725999999999,-2.1272482999999998,5.2504845,1566947951533
25534,226,Gyroscope,0.43493605,0.204029,-0.39278635,1566947951543
25535,226,Accelerometer,-8.090008000000001,-2.2337902,5.2875943,1566947951543
25536,226,Gyroscope,0.44226643,0.20036379999999998,-0.42821655,1566947951552
25537,226,Accelerometer,-7.796717599999999,-2.348712,5.3163247,1566947951553
25538,226,Gyroscope,0.47708577,0.19425514,-0.45204028,1566947951562
25539,226,Accelerometer,-7.4842744,-2.4720132,5.3366755999999995,1566947951563
25540,226,Gyroscope,0.5222898,0.17959438,-0.46609017,1566947951572
25541,226,Accelerometer,-7.271190600000001,-2.5546130000000002,5.3905449999999995,1566947951573
25542,226,Gyroscope,0.5656611999999999,0.16004670000000001,-0.4728097,1566947951582
25543,226,Accelerometer,-7.138312299999999,-2.5701754,5.4049106,1566947951583
25544,226,Gyroscope,0.59803706,0.14172074,-0.4709771,1566947951593
25545,226,Accelerometer,-7.1167645,-2.5881321,5.446809,1566947951593
25546,226,Gyroscope,0.6072,0.13133603,-0.46609017,1566947951602
25547,226,Accelerometer,-7.268796400000001,-2.6647465,5.33069,1566947951603
25548,226,Gyroscope,0.602924,0.11178834,-0.4538729,1566947951612
25549,226,Accelerometer,-7.443573,-2.7234043999999997,5.2995653,1566947951613
25550,226,Gyroscope,0.6047566,0.10873401,-0.43737950000000003,1566947951622
25551,226,Accelerometer,-7.6171527,-2.7018566,5.392939,1566947951623
25552,226,Gyroscope,0.6169739000000001,0.111177474,-0.42516220000000005,1566947951632
25553,226,Accelerometer,-7.803900200000001,-2.6539726000000003,5.487509999999999,1566947951633
25554,226,Gyroscope,0.6291912,0.11484267,-0.41599923,1566947951642
25555,226,Accelerometer,-7.9990277,-2.6072857000000003,5.4515970000000005,1566947951643
25556,226,Gyroscope,0.63713247,0.10567969,-0.41233405,1566947951653
25557,226,Accelerometer,-8.033744,-2.3930047,5.4575830000000005,1566947951653
25558,226,Gyroscope,0.6395759,0.08002335,-0.42210788,1566947951662
25559,226,Accelerometer,-7.983465700000001,-2.0901381999999997,5.427655000000001,1566947951663
25560,226,Gyroscope,0.6383542,0.051923547,-0.44287730000000003,1566947951672
25561,226,Accelerometer,-7.9750857,-1.9512744,5.4432178,1566947951673
25562,226,Gyroscope,0.6389651,0.02076942,-0.45631635,1566947951682
25563,226,Accelerometer,-8.040925999999999,-1.9081788,5.475539,1566947951683
25564,226,Gyroscope,0.63346726,-0.002443461,-0.46853364,1566947951692
25565,226,Accelerometer,-8.028955,-1.8650831,5.5856724,1566947951693
25566,226,Gyroscope,0.6236934000000001,-0.018325957,-0.47403142,1566947951703
25567,226,Accelerometer,-7.9547353,-1.8183962,5.7137623,1566947951703
25568,226,Gyroscope,0.6065891999999999,-0.0067195175,-0.47464229999999996,1566947951712
25569,226,Accelerometer,-7.803900200000001,-1.8375498,5.9041014,1566947951713
25570,226,Gyroscope,0.5919284,0.02443461,-0.47158796,1566947951722
25571,226,Accelerometer,-7.669825,-1.8866308999999997,5.997475,1566947951723
25572,226,Gyroscope,0.5766568,0.061086524,-0.46670106,1566947951732
25573,226,Accelerometer,-7.4495587,-2.0362685000000003,6.035782299999999,1566947951733
25574,226,Gyroscope,0.5558874,0.08979719,-0.4550946,1566947951742
25575,226,Accelerometer,-7.250839699999999,-2.0709844,6.019023000000001,1566947951743
25576,226,Gyroscope,0.54183745,0.13255776,-0.44837508,1566947951752
25577,226,Accelerometer,-7.025785000000001,-1.9847932000000001,6.100425700000001,1566947951753
25578,226,Gyroscope,0.54183745,0.19242255,-0.44715336,1566947951762
25579,226,Accelerometer,-6.932411,-1.9452889,6.1890116,1566947951763
25580,226,Gyroscope,0.54000485,0.26206118,-0.44898596,1566947951772
25581,226,Accelerometer,-6.947973299999999,-1.9129671999999998,6.18542,1566947951773
25582,226,Gyroscope,0.5271766999999999,0.33841935,-0.4605924,1566947951782
25583,226,Accelerometer,-6.9228344,-1.9405005000000002,6.142324400000001,1566947951783
25584,226,Gyroscope,0.5412266,0.37018433,-0.47036624,1566947951792
25585,226,Accelerometer,-7.0521210000000005,-2.0733786,6.1818290000000005,1566947951793
25586,226,Gyroscope,0.5626069,0.38484509999999994,-0.49174652,1566947951803
25587,226,Accelerometer,-7.2831616,-2.2661119,6.1219735,1566947951803
25588,226,Gyroscope,0.58459806,0.376293,-0.5015204000000001,1566947951812
25589,226,Accelerometer,-7.693767,-2.540248,5.8466406,1566947951813
25590,226,Gyroscope,0.59559363,0.3659083,-0.50640726,1566947951822
25591,226,Accelerometer,-7.97748,-2.6683377999999998,5.589264,1566947951823
25592,226,Gyroscope,0.6010914,0.35369098,-0.51007247,1566947951832
25593,226,Accelerometer,-8.149861999999999,-2.7018566,5.45878,1566947951833
25594,226,Gyroscope,0.6102544,0.32803464,-0.50762904,1566947951842
25595,226,Accelerometer,-8.277952,-2.7281928,5.342661,1566947951843
25596,226,Gyroscope,0.6102544,0.3005457,-0.50579643,1566947951852
25597,226,Accelerometer,-8.226477000000001,-2.72939,5.2684407,1566947951853
25598,226,Gyroscope,0.59986967,0.26572640000000003,-0.5039638,1566947951862
25599,226,Accelerometer,-8.12233,-2.7605145,5.1487308,1566947951863
25600,226,Gyroscope,0.58459806,0.23273966,-0.5021312,1566947951872
25601,226,Accelerometer,-7.9954367,-2.7617116000000004,5.050568599999999,1566947951873
25602,226,Gyroscope,0.57543504,0.18875736,-0.49846604,1566947951882
25603,226,Accelerometer,-7.881711999999999,-2.6839,4.9548005999999996,1566947951883
25604,226,Gyroscope,0.5674938,0.15271631,-0.49113566,1566947951892
25605,226,Accelerometer,-7.728483,-2.5378537,4.959589,1566947951893
25606,226,Gyroscope,0.56382865,0.13439035,-0.48197266,1566947951903
25607,226,Accelerometer,-7.4950485,-2.4265234,5.1116204000000005,1566947951903
25608,226,Gyroscope,0.552833,0.12583824,-0.46853364,1566947951912
25609,226,Accelerometer,-7.325060000000001,-2.3774424,5.2624555,1566947951913
25610,226,Gyroscope,0.548557,0.12278391400000001,-0.44959682,1566947951922
25611,226,Accelerometer,-7.176619500000001,-2.4073699,5.342661,1566947951923
25612,226,Gyroscope,0.5479460999999999,0.12705997,-0.43249258,1566947951932
25613,226,Accelerometer,-7.157466,-2.4313118,5.4695540000000005,1566947951933
25614,226,Gyroscope,0.5552765000000001,0.1423316,-0.41538838,1566947951942
25615,226,Accelerometer,-7.2101383000000006,-2.44448,5.602432,1566947951943
25616,226,Gyroscope,0.56138515,0.16310102,-0.40011674,1566947951952
25617,226,Accelerometer,-7.303512,-2.5079262000000004,5.6443305,1566947951953
25618,226,Gyroscope,0.5552765000000001,0.18509217,-0.38851030000000003,1566947951963
25619,226,Accelerometer,-7.467515,-2.5486276,5.590461,1566947951963
25620,226,Gyroscope,0.5479460999999999,0.19303341,-0.37812558,1566947951972
25621,226,Accelerometer,-7.684190299999999,-2.5953147,5.4527946,1566947951973
25622,226,Gyroscope,0.5412266,0.19914207,-0.36835176,1566947951982
25623,226,Accelerometer,-7.8649526,-2.529474,5.437232,1566947951983
25624,226,Gyroscope,0.54061574,0.19181168,-0.36835176,1566947951992
25625,226,Accelerometer,-7.9714947,-2.4863784,5.4695540000000005,1566947951993
25626,226,Gyroscope,0.54611355,0.18020524,-0.37140608,1566947952002
25627,226,Accelerometer,-8.085219,-2.4313118,5.5329999999999995,1566947952003
25628,226,Gyroscope,0.552833,0.15210545,-0.38912117,1566947952013
25629,226,Accelerometer,-8.039729,-2.3391352000000003,5.5258174,1566947952013
25630,226,Gyroscope,0.54244834,0.124005646,-0.39767328,1566947952022
25631,226,Accelerometer,-7.9248075,-2.2110453,5.415684,1566947952023
25632,226,Gyroscope,0.5345071,0.09468412,-0.40683624,1566947952032
25633,226,Accelerometer,-7.818265400000001,-2.0649989,5.4515970000000005,1566947952033
25634,226,Gyroscope,0.52473325,0.08063421400000001,-0.41416663,1566947952042
25635,226,Accelerometer,-7.6243353,-2.019509,5.425261,1566947952043
25636,226,Gyroscope,0.5021312,0.06414085,-0.41722095,1566947952052
25637,226,Accelerometer,-7.311891999999999,-2.0446482,5.396530599999999,1566947952053
25638,226,Gyroscope,0.48624873,0.045814894,-0.42516220000000005,1566947952063
25639,226,Accelerometer,-7.2101383000000006,-2.124854,5.506664,1566947952063
25640,226,Gyroscope,0.48991394,0.04337143,-0.43249258,1566947952072
25641,226,Accelerometer,-7.2209125,-2.2349873,5.66947,1566947952073
25642,226,Gyroscope,0.49663344,0.054367005999999996,-0.43982297,1566947952082
25643,226,Accelerometer,-7.299921,-2.291251,5.772420400000001,1566947952083
25644,226,Gyroscope,0.5021312,0.0580322,-0.4465425,1566947952092
25645,226,Accelerometer,-7.3071036,-2.3223755,5.843049,1566947952093
25646,226,Gyroscope,0.50885075,0.061086524,-0.45570546,1566947952102
25647,226,Accelerometer,-7.3322425,-2.420538,5.920861,1566947952103
25648,226,Gyroscope,0.51251596,0.06841691,-0.45875978,1566947952112
25649,226,Accelerometer,-7.374141000000001,-2.4959552000000005,5.841851999999999,1566947952113
25650,226,Gyroscope,0.50885075,0.073303826,-0.45265114,1566947952123
25651,226,Accelerometer,-7.4746976,-2.5366566,5.6910176,1566947952123
25652,226,Gyroscope,0.5009095,0.06414085,-0.43799037,1566947952132
25653,226,Accelerometer,-7.540538300000001,-2.5546130000000002,5.6431336,1566947952133
25654,226,Gyroscope,0.5002986,0.06536258,-0.42577308,1566947952142
25655,226,Accelerometer,-7.516596300000001,-2.5617957000000002,5.714959599999999,1566947952143
25656,226,Gyroscope,0.5045747,0.07696902,-0.41966440000000005,1566947952152
25657,226,Accelerometer,-7.586028,-2.5629928,5.8215012999999995,1566947952153
25658,226,Gyroscope,0.50335294,0.089186326,-0.42516220000000005,1566947952162
25659,226,Accelerometer,-7.703344,-2.6192567,5.861006,1566947952163
25660,226,Gyroscope,0.48624873,0.09896017,-0.42821655,1566947952173
25661,226,Accelerometer,-7.739257,-2.6264392999999995,5.791574,1566947952173
25662,226,Gyroscope,0.45753807,0.09712757,-0.42088616,1566947952182
25663,226,Accelerometer,-7.726089,-2.6013002,5.662287,1566947952183
25664,226,Gyroscope,0.42577308,0.08063421400000001,-0.41477749999999997,1566947952192
25665,226,Accelerometer,-7.667431,-2.574964,5.6156,1566947952193
25666,226,Gyroscope,0.40561453,0.06414085,-0.40133846,1566947952202
25667,226,Accelerometer,-7.614758500000001,-2.4277205000000004,5.5485625,1566947952203
25668,226,Gyroscope,0.39950588,0.043982297000000004,-0.38362336,1566947952212
25669,226,Accelerometer,-7.441178999999999,-2.3127987,5.5701103,1566947952213
25670,226,Gyroscope,0.39950588,0.034208454,-0.37201694,1566947952222
25671,226,Accelerometer,-7.350199000000001,-2.2637177000000004,5.5641245999999995,1566947952223
25672,226,Gyroscope,0.3921755,0.014049901000000002,-0.36651915,1566947952232
25673,226,Accelerometer,-7.311891999999999,-2.2385786,5.5401826,1566947952233
25674,226,Gyroscope,0.3567453,0.0061086523,-0.35185838,1566947952242
25675,226,Accelerometer,-7.21373,-2.1535845,5.612008599999999,1566947952243
25676,226,Gyroscope,0.32375857,0.016493361,-0.35185838,1566947952252
25677,226,Accelerometer,-7.108384599999999,-2.136825,5.7819970000000005,1566947952253
25678,226,Gyroscope,0.29443705,0.027488936000000002,-0.3475823,1566947952262
25679,226,Accelerometer,-7.0688806,-2.1643584,5.9172697,1566947952263
25680,226,Gyroscope,0.27122417,0.05131268,-0.34513888,1566947952272
25681,226,Accelerometer,-7.08564,-2.2828712,6.066907,1566947952273
25682,226,Gyroscope,0.25534168,0.077579886,-0.3268129,1566947952282
25683,226,Accelerometer,-7.1167645,-2.4504653999999997,6.220136,1566947952283
25684,226,Gyroscope,0.25350907,0.09896017,-0.30909783,1566947952292
25685,226,Accelerometer,-7.1742253,-2.5881321,6.2512608,1566947952293
25686,226,Gyroscope,0.26022860000000003,0.10873401,-0.2864958,1566947952302
25687,226,Accelerometer,-7.2101383000000006,-2.7138276,6.293158999999999,1566947952303
25688,226,Gyroscope,0.26267207,0.12461651,-0.26878070000000004,1566947952312
25689,226,Accelerometer,-7.1826053,-2.7353754,6.295553,1566947952313
25690,226,Gyroscope,0.26083946,0.14049901,-0.24617869,1566947952322
25691,226,Accelerometer,-7.089231,-2.7162217999999996,6.1902084,1566947952323
25692,226,Gyroscope,0.24740042,0.1441642,-0.22540927,1566947952332
25693,226,Accelerometer,-7.050924,-2.7042507999999996,6.112396700000001,1566947952333
25694,226,Gyroscope,0.2302962,0.13927728,-0.20280726,1566947952342
25695,226,Accelerometer,-7.097611,-2.6731262000000005,6.0381765,1566947952343
25696,226,Gyroscope,0.21807889999999996,0.13500121,-0.18692477,1566947952352
25697,226,Accelerometer,-7.0245875999999985,-2.5821466,6.0920463,1566947952353
25698,226,Gyroscope,0.21197024,0.15027285,-0.16982053,1566947952362
25699,226,Accelerometer,-6.75524,-2.717419,6.2285156,1566947952364
25700,226,Gyroscope,0.21563543,0.1826487,-0.14110987,1566947952372
25701,226,Accelerometer,-6.8809357,-2.8682537,6.278794,1566947952373
25702,226,Gyroscope,0.20769419,0.2321288,-0.1160644,1566947952382
25703,226,Accelerometer,-6.9383965,-2.9053638,6.1507044,1566947952383
25704,226,Gyroscope,0.19853121,0.25045475,-0.084910266,1566947952392
25705,226,Accelerometer,-6.989872,-3.0107086,6.023811299999999,1566947952393
25706,226,Gyroscope,0.19547687,0.2565634,-0.07147124,1566947952402
25707,226,Accelerometer,-7.007828,-2.9317,5.996278299999999,1566947952403
25708,226,Gyroscope,0.20036379999999998,0.25350907,-0.059253927000000005,1566947952412
25709,226,Accelerometer,-7.131129700000001,-2.8634652999999997,5.85502,1566947952413
25710,226,Gyroscope,0.22052236,0.25473082,-0.053145275,1566947952422
25711,226,Accelerometer,-7.047333,-2.9783869,5.813122,1566947952423
25712,226,Gyroscope,0.24007004,0.26572640000000003,-0.050701816,1566947952432
25713,226,Accelerometer,-7.357382,-2.883816,5.865794,1566947952433
25714,226,Gyroscope,0.258396,0.28588495,-0.056199603,1566947952443
25715,226,Accelerometer,-7.565677,-2.7868507,5.8179099999999995,1566947952443
25716,226,Gyroscope,0.27000242,0.30176744,-0.06780604,1566947952452
25717,226,Accelerometer,-7.706935400000001,-2.7102362999999996,5.6299653,1566947952453
25718,226,Gyroscope,0.2706133,0.30970868,-0.086132,1566947952462
25719,226,Accelerometer,-8.01459,-2.633622,5.21098,1566947952463
25720,226,Gyroscope,0.23640485,0.28771752,-0.12095132,1566947952472
25721,226,Accelerometer,-8.182184,-2.633622,4.8159366,1566947952473
25722,226,Gyroscope,0.20463985,0.23701571,-0.15027285,1566947952482
25723,226,Accelerometer,-8.331821000000001,-2.5737667,4.6471453,1566947952483
25724,226,Gyroscope,0.20586158,0.15332718,-0.18631389999999998,1566947952493
25725,226,Accelerometer,-8.237250999999999,-2.5893292000000003,4.7453080000000005,1566947952493
25726,226,Gyroscope,0.2321288,0.06658431,-0.22479841,1566947952502
25727,226,Accelerometer,-8.085219,-2.7700913,4.8506527,1566947952503
25728,226,Gyroscope,0.26511553,-0.02443461,-0.24129178,1566947952512
25729,226,Accelerometer,-8.074444999999999,-2.8814217999999996,4.927267,1566947952513
25730,226,Gyroscope,0.29260445,-0.10873401,-0.25045475,1566947952522
25731,226,Accelerometer,-7.9547353,-2.9245174,5.1642933,1566947952523
25732,226,Gyroscope,0.30421090000000006,-0.14660765,-0.24251351,1566947952532
25733,226,Accelerometer,-7.872135000000001,-2.882619,5.4001220000000005,1566947952533
25734,226,Gyroscope,0.29871312,-0.1386664,-0.23090707,1566947952542
25735,226,Accelerometer,-7.730877400000001,-2.8311436000000003,5.614403,1566947952543
25736,226,Gyroscope,0.2883284,-0.10079276599999999,-0.21013765,1566947952552
25737,226,Accelerometer,-7.656657000000001,-2.7473464,5.765238,1566947952553
25738,226,Gyroscope,0.27488935,-0.053145275,-0.17898351,1566947952562
25739,226,Accelerometer,-7.633912,-2.6372132,5.947197,1566947952563
25740,226,Gyroscope,0.26572640000000003,0.008552114,-0.15210545,1566947952572
25741,226,Accelerometer,-7.5189905,-2.5474305,5.996278299999999,1566947952573
25742,226,Gyroscope,0.25473082,0.07269296,-0.12217305,1566947952583
25743,226,Accelerometer,-7.4986396,-2.3906104999999997,5.9124813,1566947952583
25744,226,Gyroscope,0.24740042,0.11789699,-0.09773844,1566947952592
25745,226,Accelerometer,-7.462726600000001,-2.2050598,5.816713,1566947952593
25746,226,Gyroscope,0.24495697,0.14599679999999998,-0.08552113,1566947952602
25747,226,Accelerometer,-7.502231,-1.9273324,5.765238,1566947952603
25748,226,Gyroscope,0.25289822,0.14844026,-0.08979719,1566947952612
25749,226,Accelerometer,-7.6231384,-1.578976,5.851429,1566947952613
25750,226,Gyroscope,0.26816985,0.13805555,-0.10751228,1566947952622
25751,226,Accelerometer,-7.7847466,-1.2354081000000001,5.961562000000001,1566947952623
25752,226,Gyroscope,0.27000242,0.111177474,-0.13683382,1566947952632
25753,226,Accelerometer,-7.920019,-0.9804255999999999,6.0010667,1566947952633
25754,226,Gyroscope,0.24678956,0.07696902,-0.16432275,1566947952642
25755,226,Accelerometer,-8.032547000000001,-0.81642276,6.0405707,1566947952643
25756,226,Gyroscope,0.19608775,0.04520403,-0.19120082,1566947952652
25757,226,Accelerometer,-8.056489,-0.7398083000000001,6.089652,1566947952653
25758,226,Gyroscope,0.13133603,0.02443461,-0.204029,1566947952662
25759,226,Accelerometer,-7.961917999999999,-0.8583213,6.1818290000000005,1566947952663
25760,226,Gyroscope,0.07819075,0.027488936000000002,-0.19608775,1566947952672
25761,226,Accelerometer,-7.7811556,-1.0618285,6.283582,1566947952673
25762,226,Gyroscope,0.043982297000000004,0.052534412999999995,-0.1777618,1566947952683
25763,226,Accelerometer,-7.603985000000001,-1.401805,6.2943563,1566947952683
25764,226,Gyroscope,0.03481932,0.08674286,-0.14355333,1566947952692
25765,226,Accelerometer,-7.4591354999999995,-1.7190368000000003,6.307524,1566947952693
25766,226,Gyroscope,0.05375614,0.16676621,-0.07696902,1566947952702
25767,226,Accelerometer,-7.37055,-1.9237411,6.4104753,1566947952703
25768,226,Gyroscope,0.076358154,0.22357668,-0.029321532999999997,1566947952712
25769,226,Accelerometer,-7.315483,-2.1045034,6.447585,1566947952713
25770,226,Gyroscope,0.10445796,0.25900686,0.007941248,1566947952722
25771,226,Accelerometer,-7.3083005000000005,-2.183512,6.3769565,1566947952723
25772,226,Gyroscope,0.13439035,0.28221974,0.031154128,1566947952733
25773,226,Accelerometer,-7.2807674,-2.1547816,6.291962,1566947952733
25774,226,Gyroscope,0.16310102,0.27366763,0.03726278,1566947952742
25775,226,Accelerometer,-7.216124000000001,-2.0039468,6.078878,1566947952743
25776,226,Gyroscope,0.172264,0.24556783,0.02687807,1566947952752
25777,226,Accelerometer,-7.181408,-1.7741034,5.746084,1566947952753
25778,226,Gyroscope,0.16737708,0.204029,0.0061086523,1566947952762
25779,226,Accelerometer,-7.252037,-1.5131354,5.415684,1566947952763
25780,226,Gyroscope,0.15454891,0.16310102,-0.018325957,1566947952772
25781,226,Accelerometer,-7.311891999999999,-1.2174516000000002,5.234922,1566947952773
25782,226,Gyroscope,0.13988814,0.13255776,-0.05131268,1566947952783
25783,226,Accelerometer,-7.3214690000000004,-0.9516952,5.1846437000000005,1566947952783
25784,226,Gyroscope,0.12950343,0.096516706,-0.08307768,1566947952792
25785,226,Accelerometer,-7.328651400000001,-0.7757214,5.1930237,1566947952793
25786,226,Gyroscope,0.13072516,0.06352998,-0.11178834,1566947952802
25787,226,Accelerometer,-7.3825210000000006,-0.6368576,5.3366755999999995,1566947952803
25788,226,Gyroscope,0.13255776,0.048258353,-0.13744467,1566947952812
25789,226,Accelerometer,-7.4986396,-0.61411273,5.5485625,1566947952813
25790,226,Gyroscope,0.1282817,0.03848451,-0.15943582,1566947952822
25791,226,Accelerometer,-7.684190299999999,-0.7422025,5.66109,1566947952823
25792,226,Gyroscope,0.105068825,0.036651913,-0.18142697,1566947952832
25793,226,Accelerometer,-7.959523700000001,-0.9852139999999999,5.6802435,1566947952833
25794,226,Gyroscope,0.07086037,0.04153884,-0.19303341,1566947952842
25795,226,Accelerometer,-8.125919999999999,-1.292869,5.664681400000001,1566947952843
25796,226,Gyroscope,0.045814894,0.044593163,-0.18448131,1566947952852
25797,226,Accelerometer,-8.333019,-1.5442601,5.7161565,1566947952853
25798,226,Gyroscope,0.029932396,0.054367005999999996,-0.16371189,1566947952862
25799,226,Accelerometer,-8.380903,-1.7286136000000003,5.8143187,1566947952863
25800,226,Gyroscope,0.014049901000000002,0.06352998,-0.13439035,1566947952873
25801,226,Accelerometer,-8.394072,-1.8064252,5.774814599999999,1566947952873
25802,226,Gyroscope,0.0036651915999999997,0.0580322,-0.10995574,1566947952882
25803,226,Accelerometer,-8.238448,-1.7968484,5.664681400000001,1566947952883
25804,226,Gyroscope,-0.0067195175,0.058643065,-0.08979719,1566947952892
25805,226,Accelerometer,-7.765592999999999,-1.7753005000000002,5.614403,1566947952893
25806,226,Gyroscope,-0.014660766,0.061086524,-0.07513642,1566947952902
25807,226,Accelerometer,-7.5692687,-1.745373,5.556941999999999,1566947952903
25808,226,Gyroscope,-0.022602014,0.037873644,-0.06414085,1566947952912
25809,226,Accelerometer,-7.441178999999999,-1.7022773999999998,5.6179943,1566947952913
25810,226,Gyroscope,-0.029321532999999997,0.03176499,-0.064751714,1566947952923
25811,226,Accelerometer,-7.3992805,-1.6436194,5.7496753,1566947952923
25812,226,Gyroscope,-0.053145275,0.0421497,-0.0720821,1566947952932
25813,226,Accelerometer,-7.3657618000000005,-1.6496049,5.767632,1566947952933
25814,226,Gyroscope,-0.07452556,0.044593163,-0.08124508,1566947952942
25815,226,Accelerometer,-7.3789296,-1.6903063999999999,5.8358665,1566947952943
25816,226,Gyroscope,-0.09712757,0.043982297000000004,-0.08796459400000001,1566947952952
25817,226,Accelerometer,-7.420828299999999,-1.7429788,5.9771247,1566947952953
25818,226,Gyroscope,-0.10995574,0.051923547,-0.084910266,1566947952962
25819,226,Accelerometer,-7.559692,-1.8171991000000003,5.98311,1566947952963
25820,226,Gyroscope,-0.11911872,0.0720821,-0.07086037,1566947952973
25821,226,Accelerometer,-7.603985000000001,-1.8459294999999998,5.8921304,1566947952973
25822,226,Gyroscope,-0.13133603,0.093462385,-0.045814894,1566947952982
25823,226,Accelerometer,-7.5968018,-1.8387468999999996,5.843049,1566947952983
25824,226,Gyroscope,-0.14110987,0.12034045,-0.023823743999999997,1566947952992
25825,226,Accelerometer,-7.53575,-1.8076223000000002,5.837064,1566947952993
25826,226,Gyroscope,-0.14660765,0.14355333,-0.01038471,1566947953002
25827,226,Accelerometer,-7.574057000000001,-1.7094599999999998,5.8717794,1566947953003
25828,226,Gyroscope,-0.1423316,0.15882497,-0.02076942,1566947953012
25829,226,Accelerometer,-7.540538300000001,-1.6591818,5.949591000000001,1566947953013
25830,226,Gyroscope,-0.14110987,0.16371189,-0.03726278,1566947953023
25831,226,Accelerometer,-7.603985000000001,-1.6436194,5.8825536,1566947953023
25832,226,Gyroscope,-0.15515977,0.15515977,-0.049480084,1566947953032
25833,226,Accelerometer,-7.60997,-1.6555905,5.633556400000001,1566947953033
25834,226,Gyroscope,-0.18203785,0.13561209,-0.05497787,1566947953042
25835,226,Accelerometer,-7.485471700000001,-1.6891093000000001,5.384559599999999,1566947953043
25836,226,Gyroscope,-0.20280726,0.09896017,-0.06841691,1566947953052
25837,226,Accelerometer,-7.345411,-1.7908629,5.2049947,1566947953053
25838,226,Gyroscope,-0.20586158,0.06536258,-0.084910266,1566947953062
25839,226,Accelerometer,-7.228095,-1.9225439999999998,5.151125,1566947953063
25840,226,Gyroscope,-0.18631389999999998,0.0421497,-0.10567969,1566947953073
25841,226,Accelerometer,-7.171831,-2.1428106,5.17387,1566947953073
25842,226,Gyroscope,-0.16126843,0.017104227,-0.13011430000000002,1566947953082
25843,226,Accelerometer,-7.315483,-2.3810337,5.2863975,1566947953083
25844,226,Gyroscope,-0.13255776,0.004886922,-0.15515977,1566947953092
25845,226,Accelerometer,-7.5369470000000005,-2.6970682,5.391742,1566947953093
25846,226,Gyroscope,-0.10262536,0.013439035,-0.16554448,1566947953102
25847,226,Accelerometer,-7.846996300000001,-3.063381,5.4061074,1566947953103
25848,226,Gyroscope,-0.07269296,0.02321288,-0.15943582,1566947953112
25849,226,Accelerometer,-8.099585000000001,-3.3961751000000002,5.4168816,1566947953113
25850,226,Gyroscope,-0.037873644,0.032375857,-0.13988814,1566947953122
25851,226,Accelerometer,-8.39886,-3.6260185,5.4049106,1566947953123
25852,226,Gyroscope,-0.009773844,0.02076942,-0.1142318,1566947953133
25853,226,Accelerometer,-8.619126,-3.6595372999999998,5.2205567,1566947953133
25854,226,Gyroscope,-0.0061086523,-0.01038471,-0.08735373,1566947953142
25855,226,Accelerometer,-8.635885,-3.4524388,5.0984526,1566947953143
25856,226,Gyroscope,-0.017104227,-0.062308256,-0.057421334000000004,1566947953152
25857,226,Accelerometer,-8.498219,-3.1196449,5.1487308,1566947953153
25858,226,Gyroscope,-0.012217305,-0.095294975,-0.05375614,1566947953162
25859,226,Accelerometer,-8.186973,-2.7724855,5.2863975,1566947953163
25860,226,Gyroscope,-0.005497787,-0.13500121,-0.070249505,1566947953172
25861,226,Accelerometer,-7.9427642999999994,-2.5546130000000002,5.590461,1566947953172
25862,226,Gyroscope,-0.01038471,-0.172264,-0.08735373,1566947953182
25863,226,Accelerometer,-7.8673470000000005,-2.3666685000000003,5.777209,1566947953183
25864,226,Gyroscope,-0.04276056599999999,-0.18631389999999998,-0.08796459400000001,1566947953192
25865,226,Accelerometer,-7.7608047000000004,-2.0374656000000004,5.7999535,1566947953193
25866,226,Gyroscope,-0.07574729,-0.16676621,-0.08857546,1566947953202
25867,226,Accelerometer,-7.5094137000000005,-1.7788918999999999,5.954379599999999,1566947953203
25868,226,Gyroscope,-0.099571034,-0.12705997,-0.08368854,1566947953213
25869,226,Accelerometer,-7.392098,-1.8854338,6.1064115,1566947953213
25870,226,Gyroscope,-0.11301007,-0.07941248,-0.06963864,1566947953223
25871,226,Accelerometer,-7.3106947,-2.160767,6.217741999999999,1566947953223
25872,226,Gyroscope,-0.1160644,-0.02443461,-0.045814894,1566947953232
25873,226,Accelerometer,-7.162254300000001,-2.3942018,6.333860400000001,1566947953233
25874,226,Gyroscope,-0.10445796,0.021380282999999996,-0.013439035,1566947953242
25875,226,Accelerometer,-7.1047934999999995,-2.5306710999999997,6.353014,1566947953243
25876,226,Gyroscope,-0.07880162,0.06352998,0.01282817,1566947953252
25877,226,Accelerometer,-6.999449,-2.5833437000000004,6.2883705999999995,1566947953253
25878,226,Gyroscope,-0.049480084,0.10262536,0.030543262,1566947953263
25879,226,Accelerometer,-6.932411,-2.6048915,6.1507044,1566947953263
25880,226,Gyroscope,-0.023823743999999997,0.12339478,0.037873644,1566947953272
25881,226,Accelerometer,-6.918046,-2.5797524,5.967548000000001,1566947953273
25882,226,Gyroscope,-0.014049901000000002,0.1142318,0.027488936000000002,1566947953282
25883,226,Accelerometer,-6.940790700000001,-2.517503,5.7520695,1566947953283
25884,226,Gyroscope,-0.010995574,0.09162979,0.017715093,1566947953292
25885,226,Accelerometer,-7.0724716,-2.516306,5.6323595,1566947953293
25886,226,Gyroscope,-0.007941248,0.076358154,0.015271631,1566947953302
25887,226,Accelerometer,-7.2580222999999995,-2.5725696,5.588066599999999,1566947953303
25888,226,Gyroscope,-0.009773844,0.06291912,0.01160644,1566947953312
25889,226,Accelerometer,-7.299921,-2.658761,5.613206,1566947953313
25890,226,Gyroscope,-0.004276057,0.03970624,0.008552114,1566947953323
25891,226,Accelerometer,-7.3047094,-2.8407204,5.726930599999999,1566947953323
25892,226,Gyroscope,0.0030543262,0.02321288,0.01160644,1566947953332
25893,226,Accelerometer,-7.325060000000001,-3.040636,5.8119245,1566947953333
25894,226,Gyroscope,-0.0018325957999999999,0.019547688,0.023823743999999997,1566947953342
25895,226,Accelerometer,-7.394492,-3.1088709999999997,5.7903767,1566947953343
25896,226,Gyroscope,-0.018325957,0.032375857,0.029932396,1566947953352
25897,226,Accelerometer,-7.261614,-3.0298622,5.801151,1566947953353
25898,226,Gyroscope,-0.029321532999999997,0.051923547,0.032375857,1566947953362
25899,226,Accelerometer,-7.204153,-3.0382418999999996,5.8598084,1566947953363
25900,226,Gyroscope,-0.021991148999999998,0.050701816,0.026267206,1566947953372
25901,226,Accelerometer,-7.2448545,-3.0777464,5.889736,1566947953373
25902,226,Gyroscope,-0.021991148999999998,0.053145275,0.020158553,1566947953383
25903,226,Accelerometer,-7.303512,-3.064578,5.7975593,1566947953383
25904,226,Gyroscope,-0.061086524,0.07513642,0.017104227,1566947953392
25905,226,Accelerometer,-7.199364699999999,-2.9388826,5.7137623,1566947953393
25906,226,Gyroscope,-0.092240654,0.08002335,0.02443461,1566947953402
25907,226,Accelerometer,-7.036558599999999,-2.8646624,5.722142,1566947953403
25908,226,Gyroscope,-0.10751228,0.07880162,0.025045475,1566947953412
25909,226,Accelerometer,-6.839036999999999,-2.9556419999999997,5.8083334,1566947953413
25910,226,Gyroscope,-0.11362094,0.08857546,0.03176499,1566947953422
25911,226,Accelerometer,-6.7588315,-3.0681696,5.8394580000000005,1566947953423
25912,226,Gyroscope,-0.111177474,0.08552113,0.0421497,1566947953432
25913,226,Accelerometer,-6.739678,-3.132813,5.8885393,1566947953433
25914,226,Gyroscope,-0.10323623,0.06169739,0.03604105,1566947953442
25915,226,Accelerometer,-6.704961999999999,-3.1651347000000003,5.942408599999999,1566947953443
25916,226,Gyroscope,-0.10140363,0.051923547,0.02565634,1566947953452
25917,226,Accelerometer,-6.7468604999999995,-3.1531637000000003,5.9867015,1566947953453
25918,226,Gyroscope,-0.106901415,0.07513642,0.02321288,1566947953462
25919,226,Accelerometer,-6.799533,-3.1364042999999997,5.943606,1566947953463
25920,226,Gyroscope,-0.1282817,0.12156218,0.026267206,1566947953472
25921,226,Accelerometer,-6.789956,-3.1543607999999996,5.8586116,1566947953473
25922,226,Gyroscope,-0.14599679999999998,0.15882497,0.032986722999999996,1566947953482
25923,226,Accelerometer,-6.8761472999999995,-3.2632967999999996,5.6982,1566947953483
25924,226,Gyroscope,-0.15821409,0.15027285,0.04153884,1566947953493
25925,226,Accelerometer,-7.0102224,-3.3782187000000006,5.5605335,1566947953493
25926,226,Gyroscope,-0.15393804,0.13255776,0.059253927000000005,1566947953502
25927,226,Accelerometer,-7.041347,-3.4823663000000002,5.625177,1566947953503
25928,226,Gyroscope,-0.13988814,0.13194689,0.07819075,1566947953512
25929,226,Accelerometer,-6.9515649999999996,-3.369839,5.85502,1566947953513
25930,226,Gyroscope,-0.111177474,0.16493362,0.10079276599999999,1566947953522
25931,226,Accelerometer,-7.127538700000001,-3.2154129,5.9507885,1566947953523
25932,226,Gyroscope,-0.08368854,0.22174409,0.1386664,1566947953532
25933,226,Accelerometer,-7.3789296,-3.1507695,5.8669910000000005,1566947953533
25934,226,Gyroscope,-0.07086037,0.24984388,0.18387043,1566947953542
25935,226,Accelerometer,-7.638700500000001,-3.0550013,5.6898203,1566947953543
25936,226,Gyroscope,-0.06414085,0.26939157,0.21807889999999996,1566947953553
25937,226,Accelerometer,-8.021772,-2.789245,5.432443599999999,1566947953553
25938,226,Gyroscope,-0.064751714,0.24068089999999998,0.24190263,1566947953562
25939,226,Accelerometer,-8.273164,-2.3906104999999997,5.1846437000000005,1566947953563
25940,226,Gyroscope,-0.06291912,0.17715092,0.24373524,1566947953572
25941,226,Accelerometer,-8.244433,-2.0015526,5.21098,1566947953573
25942,226,Gyroscope,-0.07696902,0.12461651,0.22296582,1566947953582
25943,226,Accelerometer,-8.200141,-1.6400281000000003,5.2121773000000005,1566947953583
25944,226,Gyroscope,-0.092240654,0.064751714,0.1777618,1566947953592
25945,226,Accelerometer,-8.090008000000001,-1.472434,5.2995653,1566947953593
25946,226,Gyroscope,-0.08124508,0.0061086523,0.10079276599999999,1566947953603
25947,226,Accelerometer,-8.039729,-1.5705963,5.4647654999999995,1566947953603
25948,226,Gyroscope,-0.04520403,0.0030543262,0.059253927000000005,1566947953613
25949,226,Accelerometer,-7.931989999999999,-1.7465701,5.5150437000000005,1566947953613
25950,226,Gyroscope,-0.040317107000000005,0.008552114,0.020158553,1566947953622
25951,226,Accelerometer,-7.8003089999999995,-1.8662802,5.5329999999999995,1566947953623
25952,226,Gyroscope,-0.045814894,0.01038471,-0.01160644,1566947953632
25953,226,Accelerometer,-7.771578999999999,-1.9081788,5.5389857000000005,1566947953633
25954,226,Gyroscope,-0.06536258,0.009773844,-0.036651913,1566947953642
25955,226,Accelerometer,-7.711724,-1.8734628,5.531803,1566947953643
25956,226,Gyroscope,-0.08002335,0.021991148999999998,-0.043982297000000004,1566947953652
25957,226,Accelerometer,-7.797915,-1.9680338,5.595249,1566947953653
25958,226,Gyroscope,-0.08674286,0.03848451,-0.03970624,1566947953663
25959,226,Accelerometer,-7.917625,-2.0231004,5.6586957,1566947953663
25960,226,Gyroscope,-0.099571034,0.0580322,-0.022602014,1566947953672
25961,226,Accelerometer,-7.985860000000001,-2.100912,5.639542,1566947953673
25962,226,Gyroscope,-0.10445796,0.06963864,0.004886922,1566947953682
25963,226,Accelerometer,-7.8493905,-2.1284454,5.6299653,1566947953683
25964,226,Gyroscope,-0.09040806,0.06963864,0.032986722999999996,1566947953692
25965,226,Accelerometer,-7.767987299999999,-2.2349873,5.6982,1566947953693
25966,226,Gyroscope,-0.070249505,0.06047566,0.057421334000000004,1566947953702
25967,226,Accelerometer,-7.896077,-2.2290018,5.639542,1566947953703
25968,226,Gyroscope,-0.07819075,0.06658431,0.077579886,1566947953712
25969,226,Accelerometer,-7.991845,-2.098518,5.555745,1566947953713
25970,226,Gyroscope,-0.10445796,0.07880162,0.08735373,1566947953723
25971,226,Accelerometer,-7.994239299999999,-1.9189526999999997,5.4360349999999995,1566947953723
25972,226,Gyroscope,-0.14049901,0.06169739,0.10018189999999999,1566947953732
25973,226,Accelerometer,-8.043321,-1.8052281000000003,5.209783,1566947953733
25974,226,Gyroscope,-0.16432275,0.021991148999999998,0.119729586,1566947953742
25975,226,Accelerometer,-8.086416,-1.7764976000000003,5.068525,1566947953743
25976,226,Gyroscope,-0.15699236,-0.010995574,0.1423316,1566947953752
25977,226,Accelerometer,-8.016983999999999,-1.8734628,5.1523223,1566947953753
25978,226,Gyroscope,-0.119729586,-0.039095376,0.16493362,1566947953762
25979,226,Accelerometer,-7.869741,-1.9093759,5.295974299999999,1566947953763
25980,226,Gyroscope,-0.077579886,-0.0421497,0.17287487,1566947953773
25981,226,Accelerometer,-7.7428484,-1.8375498,5.481525,1566947953773
25982,226,Gyroscope,-0.04276056599999999,-0.018325957,0.17287487,1566947953782
25983,226,Accelerometer,-7.656657000000001,-1.7262194,5.623979599999999,1566947953783
25984,226,Gyroscope,-0.023823743999999997,-0.0018325957999999999,0.16371189,1566947953792
25985,226,Accelerometer,-7.620744,-1.6077063999999999,5.674258,1566947953793
25986,226,Gyroscope,-0.021991148999999998,-0.017715093,0.15393804,1566947953802
25987,226,Accelerometer,-7.700949700000001,-1.5921441,5.559336,1566947953803
25988,226,Gyroscope,-0.03176499,-0.049480084,0.13439035,1566947953812
25989,226,Accelerometer,-7.708132300000001,-1.3994108,5.3103394999999995,1566947953813
25990,226,Gyroscope,-0.03604105,-0.07391469,0.11056661,1566947953822
25991,226,Accelerometer,-7.845799,-1.30484,5.317522,1566947953823
25992,226,Gyroscope,-0.017715093,-0.093462385,0.081855945,1566947953833
25993,226,Accelerometer,-7.8577699999999995,-1.1324573999999998,5.331887200000001,1566947953833
25994,226,Gyroscope,0.004886922,-0.10995574,0.044593163,1566947953842
25995,226,Accelerometer,-7.72968,-1.1408371000000002,5.507861,1566947953843
25996,226,Gyroscope,0.040317107000000005,-0.12522738,-0.02565634,1566947953852
25997,226,Accelerometer,-7.902063,-1.2749124,5.637148000000001,1566947953853
25998,226,Gyroscope,0.057421334000000004,-0.14721853,-0.062308256,1566947953862
25999,226,Accelerometer,-7.966706299999999,-1.4077905000000002,5.7640405,1566947953863
26000,226,Gyroscope,0.061086524,-0.14966199,-0.092240654,1566947953872
26001,226,Accelerometer,-7.754819400000001,-1.5466543,5.9412117,1566947953873
26002,226,Gyroscope,0.07269296,-0.12889257,-0.12583824,1566947953883
26003,226,Accelerometer,-7.818265400000001,-1.7729063000000003,5.90889,1566947953883
26004,226,Gyroscope,0.081855945,-0.12522738,-0.15821409,1566947953892
26005,226,Accelerometer,-7.9272017,-1.8938134999999998,5.777209,1566947953893
26006,226,Gyroscope,0.07574729,-0.106901415,-0.19242255,1566947953902
26007,226,Accelerometer,-7.905653999999999,-1.8890251,5.633556400000001,1566947953903
26008,226,Gyroscope,0.06291912,-0.07513642,-0.22602014,1566947953912
26009,226,Accelerometer,-7.833828,-1.7286136000000003,5.54138,1566947953913
26010,226,Gyroscope,0.03604105,-0.044593163,-0.2510656,1566947953922
26011,226,Accelerometer,-7.7248917,-1.5430629999999999,5.580883999999999,1566947953923
26012,226,Gyroscope,-0.0030543262,-0.0036651915999999997,-0.28160888,1566947953932
26013,226,Accelerometer,-7.3992805,-1.6304513,5.837064,1566947953933
26014,226,Gyroscope,-0.021991148999999998,0.037873644,-0.31398472,1566947953943
26015,226,Accelerometer,-7.513005000000001,-1.9979613,6.053739,1566947953943
26016,226,Gyroscope,-0.03176499,0.049480084,-0.33108896,1566947953952
26017,226,Accelerometer,-7.730877400000001,-2.232593,6.101623,1566947953953
26018,226,Gyroscope,-0.048258353,0.032375857,-0.33292156,1566947953962
26019,226,Accelerometer,-7.9463553,-2.3355439,6.0681043,1566947953963
26020,226,Gyroscope,-0.069027774,0.021991148999999998,-0.3115413,1566947953972
26021,226,Accelerometer,-8.042124000000001,-2.409764,6.0465565,1566947953973
26022,226,Gyroscope,-0.09773844,0.029932396,-0.26450464,1566947953982
26023,226,Accelerometer,-8.1079645,-2.445677,5.8969190000000005,1566947953983
26024,226,Gyroscope,-0.13805555,0.023823743999999997,-0.21135938,1566947953992
26025,226,Accelerometer,-8.018182000000001,-2.5546130000000002,5.849035,1566947953993
26026,226,Gyroscope,-0.17959438,0.028710667000000002,-0.14721853,1566947954002
26027,226,Accelerometer,-7.741650999999999,-2.730587,5.972336299999999,1566947954003
26028,226,Gyroscope,-0.2144137,0.027488936000000002,-0.07696902,1566947954012
26029,226,Accelerometer,-7.526173,-2.8694507999999996,6.0561333,1566947954013
26030,226,Gyroscope,-0.23090707,0.050701816,0.00061086525,1566947954022
26031,226,Accelerometer,-7.1395097000000005,-2.9891607999999996,6.2620344,1566947954023
26032,226,Gyroscope,-0.23151793,0.10873401,0.0720821,1566947954032
26033,226,Accelerometer,-6.7648168,-3.2142158,6.338649,1566947954033
26034,226,Gyroscope,-0.20280726,0.13316862,0.13011430000000002,1566947954043
26035,226,Accelerometer,-6.625953,-3.2477345,6.3087215,1566947954043
26036,226,Gyroscope,-0.17348573,0.16187929,0.16432275,1566947954052
26037,226,Accelerometer,-6.4020953,-3.1160536,6.2249246,1566947954053
26038,226,Gyroscope,-0.1423316,0.19364429,0.17715092,1566947954063
26039,226,Accelerometer,-6.465542,-2.8407204,6.1207767,1566947954063
26040,226,Gyroscope,-0.103847094,0.22418754,0.17409660000000002,1566947954072
26041,226,Accelerometer,-6.707356,-2.433706,5.816713,1566947954073
26042,226,Gyroscope,-0.08796459400000001,0.258396,0.13133603,1566947954082
26043,226,Accelerometer,-6.870162,-2.1954830000000003,5.5018754,1566947954083
26044,226,Gyroscope,-0.07086037,0.23945917,0.08552113,1566947954092
26045,226,Accelerometer,-7.111975999999999,-2.1691467999999996,5.1642933,1566947954093
26046,226,Gyroscope,-0.054367005999999996,0.20219639,0.04276056599999999,1566947954102
26047,226,Accelerometer,-7.372944400000001,-2.3523033,4.8841715,1566947954103
26048,226,Gyroscope,-0.04276056599999999,0.13927728,0.0067195175,1566947954112
26049,226,Accelerometer,-7.723694999999999,-2.5079262000000004,4.7309427,1566947954112
26050,226,Gyroscope,-0.030543262,0.064751714,-0.028099801,1566947954122
26051,226,Accelerometer,-7.9343843,-2.6659436000000003,4.771644,1566947954123
26052,226,Gyroscope,-0.008552114,-0.0018325957999999999,-0.059864793,1566947954132
26053,226,Accelerometer,-8.052897,-2.979584,4.950012,1566947954133
26054,226,Gyroscope,0.010995574,-0.06169739,-0.084910266,1566947954142
26055,226,Accelerometer,-8.246828,-3.145981,5.1200004,1566947954143
26056,226,Gyroscope,0.014049901000000002,-0.09468412,-0.08735373,1566947954152
26057,226,Accelerometer,-8.269572,-3.1759086,5.237316000000001,1566947954153
26058,226,Gyroscope,0.004276057,-0.10018189999999999,-0.07513642,1566947954162
26059,226,Accelerometer,-8.161833999999999,-2.966416,5.1786585,1566947954163
26060,226,Gyroscope,0.0018325957999999999,-0.10079276599999999,-0.070249505,1566947954172
26061,226,Accelerometer,-7.809886,-2.9592332999999997,5.278017500000001,1566947954173
26062,226,Gyroscope,0.028099801,-0.10140363,-0.0720821,1566947954182
26063,226,Accelerometer,-7.642291999999999,-3.2465374,5.5725045,1566947954183
26064,226,Gyroscope,0.053145275,-0.09773844,-0.06719518,1566947954192
26065,226,Accelerometer,-7.678205,-3.3746273999999996,5.742492700000001,1566947954193
26066,226,Gyroscope,0.03970624,-0.076358154,-0.052534412999999995,1566947954202
26067,226,Accelerometer,-7.61835,-3.0897174,5.750872599999999,1566947954203
26068,226,Gyroscope,0.017104227,-0.03848451,-0.03726278,1566947954213
26069,226,Accelerometer,-7.359775999999999,-2.8155810000000003,5.771223,1566947954213
26070,226,Gyroscope,0.017715093,-0.018936822,-0.02687807,1566947954222
26071,226,Accelerometer,-7.121553,-2.814384,5.8179099999999995,1566947954223
26072,226,Gyroscope,0.04520403,-0.021380282999999996,-0.028710667000000002,1566947954233
26073,226,Accelerometer,-7.0784574000000005,-3.0741549999999997,5.9041014,1566947954233
26074,226,Gyroscope,0.06536258,-0.02321288,-0.020158553,1566947954242
26075,226,Accelerometer,-7.250839699999999,-3.2022447999999994,5.9029045,1566947954243
26076,226,Gyroscope,0.051923547,-0.01038471,-0.002443461,1566947954252
26077,226,Accelerometer,-7.2759789999999995,-2.9855695,5.785588300000001,1566947954253
26078,226,Gyroscope,0.03176499,0.01160644,0.014660766,1566947954262
26079,226,Accelerometer,-7.2065472999999995,-2.7940332999999997,5.657499,1566947954263
26080,226,Gyroscope,0.017715093,0.032986722999999996,0.028710667000000002,1566947954273
26081,226,Accelerometer,-7.1431007,-2.7976246,5.6790465999999995,1566947954273
26082,226,Gyroscope,0.015882496,0.035430185,0.027488936000000002,1566947954282
26083,226,Accelerometer,-7.153875,-2.753332,5.695806,1566947954283
26084,226,Gyroscope,0.015271631,0.019547688,0.015271631,1566947954292
26085,226,Accelerometer,-7.2939353,-2.6420016,5.6802435,1566947954293
26086,226,Gyroscope,0.0061086523,0.007330383,-0.008552114,1566947954302
26087,226,Accelerometer,-7.5106106,-2.4588451,5.7245364,1566947954303
26088,226,Gyroscope,-0.039095376,-0.0018325957999999999,-0.02443461,1566947954312
26089,226,Accelerometer,-7.5213847000000005,-2.2888567,5.7377043,1566947954313
26090,226,Gyroscope,-0.0720821,-0.00061086525,-0.04276056599999999,1566947954323
26091,226,Accelerometer,-7.3430165999999994,-2.3774424,5.7843914000000005,1566947954323
26092,226,Gyroscope,-0.08735373,0.009162978,-0.06841691,1566947954332
26093,226,Accelerometer,-7.363367599999999,-2.7748797,5.9052987,1566947954333
26094,226,Gyroscope,-0.093462385,0.005497787,-0.07513642,1566947954343
26095,226,Accelerometer,-7.589619,-2.9520507,5.9364233,1566947954343
26096,226,Gyroscope,-0.118507855,0.0067195175,-0.07086037,1566947954352
26097,226,Accelerometer,-7.4866686,-3.0142999,5.9531827,1566947954353
26098,226,Gyroscope,-0.13561209,0.029321532999999997,-0.057421334000000004,1566947954363
26099,226,Accelerometer,-7.284358500000001,-3.1411927000000004,5.9483943,1566947954363
26100,226,Gyroscope,-0.1386664,0.07086037,-0.036651913,1566947954372
26101,226,Accelerometer,-7.131129700000001,-3.2692822999999995,5.8825536,1566947954373
26102,226,Gyroscope,-0.13255776,0.10445796,-0.014660766,1566947954382
26103,226,Accelerometer,-6.9288197,-3.4751837,5.765238,1566947954383
26104,226,Gyroscope,-0.12461651,0.11362094,0.007941248,1566947954392
26105,226,Accelerometer,-6.9360023,-3.5984852,5.639542,1566947954393
26106,226,Gyroscope,-0.116675265,0.10445796,0.027488936000000002,1566947954402
26107,226,Accelerometer,-6.885724000000001,-3.5338415999999997,5.54138,1566947954403
26108,226,Gyroscope,-0.1020145,0.095294975,0.049480084,1566947954412
26109,226,Accelerometer,-6.849811,-3.525462,5.521029,1566947954413
26110,226,Gyroscope,-0.07574729,0.05681047,0.06780604,1566947954422
26111,226,Accelerometer,-6.9767036,-3.4823663000000002,5.5737014,1566947954423
26112,226,Gyroscope,-0.05681047,-0.00061086525,0.08735373,1566947954432
26113,226,Accelerometer,-7.049727000000001,-3.1292217,5.6563015,1566947954433
26114,226,Gyroscope,-0.049480084,-0.05131268,0.11362094,1566947954442
26115,226,Accelerometer,-6.977900999999999,-2.7222072999999996,5.7377043,1566947954443
26116,226,Gyroscope,-0.05497787,-0.0842994,0.13439035,1566947954452
26117,226,Accelerometer,-6.868964699999999,-2.5019407000000005,5.9388175,1566947954453
26118,226,Gyroscope,-0.07147124,-0.09773844,0.15393804,1566947954462
26119,226,Accelerometer,-7.011419999999999,-2.3080103,6.1243677000000005,1566947954463
26120,226,Gyroscope,-0.106901415,-0.06414085,0.17592919,1566947954472
26121,226,Accelerometer,-6.8438253,-2.0087352,6.226121400000001,1566947954473
26122,226,Gyroscope,-0.14721853,0.009162978,0.20280726,1566947954482
26123,226,Accelerometer,-6.7504516,-1.9201498,6.18542,1566947954483
26124,226,Gyroscope,-0.16920967,0.07086037,0.2321288,1566947954492
26125,226,Accelerometer,-6.9108634,-1.9440918000000003,6.147113,1566947954493
26126,226,Gyroscope,-0.17104226,0.118507855,0.23945917,1566947954502
26127,226,Accelerometer,-7.0952168,-2.1164744,6.0585275,1566947954503
26128,226,Gyroscope,-0.16432275,0.16187929,0.24862215,1566947954513
26129,226,Accelerometer,-7.268796400000001,-2.1212628,5.9998693,1566947954513
26130,226,Gyroscope,-0.15393804,0.19547687,0.2565634,1566947954522
26131,226,Accelerometer,-7.392098,-2.0362685000000003,6.002263500000001,1566947954523
26132,226,Gyroscope,-0.1337795,0.20769419,0.24373524,1566947954532
26133,226,Accelerometer,-7.524976,-2.0434509999999997,5.995081,1566947954533
26134,226,Gyroscope,-0.124005646,0.21624629,0.2302962,1566947954542
26135,226,Accelerometer,-7.880514999999999,-2.0482395,5.8933277,1566947954543
26136,226,Gyroscope,-0.14294247,0.22296582,0.22907446,1566947954553
26137,226,Accelerometer,-8.100781,-1.9548656999999998,5.6886234,1566947954553
26138,226,Gyroscope,-0.17837265,0.226631,0.24312437,1566947954562
26139,226,Accelerometer,-8.019378999999999,-1.7836802999999999,5.4396260000000005,1566947954563
26140,226,Gyroscope,-0.19364429,0.21013765,0.24617869,1566947954573
26141,226,Accelerometer,-7.872135000000001,-1.6795325,5.3606176,1566947954573
26142,226,Gyroscope,-0.17531833,0.18020524,0.23396139,1566947954582
26143,226,Accelerometer,-7.891288799999999,-1.6711528000000002,5.366603,1566947954583
26144,226,Gyroscope,-0.15454891,0.16615535,0.20769419,1566947954592
26145,226,Accelerometer,-7.876923599999999,-1.5945383,5.3139305,1566947954593
26146,226,Gyroscope,-0.13988814,0.15027285,0.16371189,1566947954602
26147,226,Accelerometer,-7.759608,-1.5083469999999999,5.260061299999999,1566947954603
26148,226,Gyroscope,-0.12461651,0.11545353400000001,0.11728613,1566947954612
26149,226,Accelerometer,-7.7931266,-1.62686,5.1367598,1566947954613
26150,226,Gyroscope,-0.116675265,0.08124508,0.08307768,1566947954622
26151,226,Accelerometer,-7.9702972999999995,-1.8255788,5.0517654,1566947954623
26152,226,Gyroscope,-0.1142318,0.06047566,0.06414085,1566947954632
26153,226,Accelerometer,-8.032547000000001,-1.8782511999999998,4.911705,1566947954633
26154,226,Gyroscope,-0.08796459400000001,0.058643065,0.04337143,1566947954642
26155,226,Accelerometer,-7.833828,-1.9596541,4.957195,1566947954643
26156,226,Gyroscope,-0.013439035,0.032375857,0.014049901000000002,1566947954652
26157,226,Accelerometer,-7.876923599999999,-2.4540567,5.1355624,1566947954653
26158,226,Gyroscope,0.043982297000000004,-0.036651913,-0.002443461,1566947954662
26159,226,Accelerometer,-8.651448,-2.706645,5.0302176,1566947954663
26160,226,Gyroscope,0.034208454,-0.057421334000000004,-0.0061086523,1566947954672
26161,226,Accelerometer,-8.781932000000001,-2.3762453,4.8506527,1566947954673
26162,226,Gyroscope,0.03481932,-0.0580322,-0.009162978,1566947954683
26163,226,Accelerometer,-8.611943,-2.2661119,4.88058,1566947954683
26164,226,Gyroscope,0.047036625,-0.0983493,-0.032375857,1566947954692
26165,226,Accelerometer,-8.743625,-2.4600422,4.8243165,1566947954693
26166,226,Gyroscope,0.04153884,-0.16310102,-0.0580322,1566947954702
26167,226,Accelerometer,-8.762777999999999,-2.4875755,4.672284599999999,1566947954703
26168,226,Gyroscope,0.04153884,-0.20647246,-0.08368854,1566947954713
26169,226,Accelerometer,-8.564059,-2.3642743,4.770447,1566947954713
26170,226,Gyroscope,0.052534412999999995,-0.24617869,-0.11178834,1566947954722
26171,226,Accelerometer,-8.251616499999999,-2.1906946,4.9559975,1566947954723
26172,226,Gyroscope,0.064751714,-0.29321529999999996,-0.14294247,1566947954732
26173,226,Accelerometer,-7.94037,-2.0422540000000002,5.3725886,1566947954733
26174,226,Gyroscope,0.070249505,-0.31948254,-0.1777618,1566947954743
26175,226,Accelerometer,-7.7105265,-2.0111293999999997,5.6910176,1566947954743
26176,226,Gyroscope,0.06597344599999999,-0.3286455,-0.204029,1566947954752
26177,226,Accelerometer,-7.483077499999999,-2.0578163000000003,5.960365299999999,1566947954753
26178,226,Gyroscope,0.06536258,-0.31337386,-0.22174409,1566947954762
26179,226,Accelerometer,-7.501034,-2.1823148999999997,6.1243677000000005,1566947954763
26180,226,Gyroscope,0.048258353,-0.2724459,-0.22540927,1566947954773
26181,226,Accelerometer,-7.547721000000001,-2.2038627,6.2943563,1566947954773
26182,226,Gyroscope,0.02565634,-0.21807889999999996,-0.22540927,1566947954782
26183,226,Accelerometer,-7.6171527,-2.1787236,6.397307,1566947954783
26184,226,Gyroscope,-0.007330383,-0.16554448,-0.21319197,1566947954792
26185,226,Accelerometer,-7.700949700000001,-2.1164744,6.4368114,1566947954793
26186,226,Gyroscope,-0.05375614,-0.12217305,-0.19975294,1566947954802
26187,226,Accelerometer,-7.654263,-2.0362685000000003,6.4499793,1566947954803
26188,226,Gyroscope,-0.11056661,-0.07880162,-0.18203785,1566947954812
26189,226,Accelerometer,-7.353790299999999,-2.067393,6.5098343000000005,1566947954813
26190,226,Gyroscope,-0.15760323,-0.037873644,-0.15271631,1566947954822
26191,226,Accelerometer,-7.1670427,-2.2301989,6.519411,1566947954823
26192,226,Gyroscope,-0.19608775,0.00061086525,-0.1160644,1566947954832
26193,226,Accelerometer,-6.841431,-2.4636335,6.6044054,1566947954833
26194,226,Gyroscope,-0.20708331,0.05131268,-0.08368854,1566947954842
26195,226,Accelerometer,-6.655881,-2.7569232000000006,6.667852000000001,1566947954843
26196,226,Gyroscope,-0.19792034,0.09285152,-0.040927973,1566947954852
26197,226,Accelerometer,-6.631939,-2.9005754,6.5397620000000005,1566947954853
26198,226,Gyroscope,-0.19120082,0.15393804,0.007941248,1566947954862
26199,226,Accelerometer,-6.4332199999999995,-2.8622682,6.336254599999999,1566947954863
26200,226,Gyroscope,-0.172264,0.20830505,0.06414085,1566947954873
26201,226,Accelerometer,-6.4547677000000006,-2.7485435000000003,6.0860605,1566947954873
26202,226,Gyroscope,-0.14294247,0.22540927,0.10445796,1566947954882
26203,226,Accelerometer,-6.5577183,-2.5258827,5.8322754,1566947954883
26204,226,Gyroscope,-0.112399206,0.2302962,0.12278391400000001,1566947954892
26205,226,Accelerometer,-6.622362,-2.5103204,5.6922144999999995,1566947954893
26206,226,Gyroscope,-0.07574729,0.21135938,0.12278391400000001,1566947954903
26207,226,Accelerometer,-7.144297999999999,-2.4085669999999997,5.519832,1566947954903
26208,226,Gyroscope,-0.062308256,0.18692477,0.11545353400000001,1566947954912
26209,226,Accelerometer,-7.376535400000001,-2.3511062000000003,5.3713913,1566947954913
26210,226,Gyroscope,-0.05681047,0.15393804,0.11301007,1566947954922
26211,226,Accelerometer,-7.782352400000001,-2.2481554,5.2660465,1566947954923
26212,226,Gyroscope,-0.04886922,0.10567969,0.0983493,1566947954933
26213,226,Accelerometer,-7.902063,-2.3020248,5.2768207,1566947954933
26214,226,Gyroscope,-0.050701816,0.07269296,0.0720821,1566947954942
26215,226,Accelerometer,-7.9272017,-2.5570072999999995,5.249287000000001,1566947954943
26216,226,Gyroscope,-0.0580322,0.037873644,0.05497787,1566947954952
26217,226,Accelerometer,-7.9391727,-2.7928362,5.2684407,1566947954953
26218,226,Gyroscope,-0.07147124,0.0067195175,0.04276056599999999,1566947954962
26219,226,Accelerometer,-7.779958199999999,-2.895787,5.395334,1566947954963
26220,226,Gyroscope,-0.07147124,-0.01282817,0.032986722999999996,1566947954972
26221,226,Accelerometer,-7.752425,-2.8778305,5.589264,1566947954973
26222,226,Gyroscope,-0.058643065,-0.021380282999999996,0.032375857,1566947954982
26223,226,Accelerometer,-7.5429325,-2.7808652,5.707777,1566947954983
26224,226,Gyroscope,-0.039095376,-0.019547688,0.032986722999999996,1566947954992
26225,226,Accelerometer,-7.3549875999999985,-2.8311436000000003,5.8705826,1566947954992
26226,226,Gyroscope,-0.016493361,-0.009773844,0.031154128,1566947955002
26227,226,Accelerometer,-7.3490020000000005,-2.8299465,5.901707,1566947955003
26228,226,Gyroscope,-0.022602014,-0.012217305,0.032986722999999996,1566947955012
26229,226,Accelerometer,-7.2388687,-2.598906,5.831078,1566947955013
26230,226,Gyroscope,-0.03848451,-0.0012217305,0.0421497,1566947955022
26231,226,Accelerometer,-7.1227503,-2.4887726000000003,5.791574,1566947955023
26232,226,Gyroscope,-0.03848451,0.010995574,0.035430185,1566947955033
26233,226,Accelerometer,-6.956353,-2.6563668,5.828684,1566947955033
26234,226,Gyroscope,-0.032986722999999996,0.0012217305,0.025045475,1566947955042
26235,226,Accelerometer,-7.285556,-2.930503,5.861006,1566947955043
26236,226,Gyroscope,-0.04642576,0.023823743999999997,0.02443461,1566947955052
26237,226,Accelerometer,-7.3490020000000005,-2.9496564999999997,5.9064955999999995,1566947955052
26238,226,Gyroscope,-0.0580322,0.03970624,0.012217305,1566947955062
26239,226,Accelerometer,-7.41604,-2.9508536,5.9531827,1566947955063
26240,226,Gyroscope,-0.07819075,0.054367005999999996,0.01282817,1566947955072
26241,226,Accelerometer,-7.6853875999999985,-2.9855695,5.8837504,1566947955073
26242,226,Gyroscope,-0.10445796,0.08796459400000001,0.007330383,1566947955082
26243,226,Accelerometer,-7.384915400000001,-2.9017725,5.7819970000000005,1566947955083
26244,226,Gyroscope,-0.10629055,0.09407325,-0.0036651915999999997,1566947955093
26245,226,Accelerometer,-7.483077499999999,-3.1759086,5.771223,1566947955093
26246,226,Gyroscope,-0.10812314599999999,0.07391469,-0.002443461,1566947955102
26247,226,Accelerometer,-7.574057000000001,-3.2094273999999996,5.595249,1566947955103
26248,226,Gyroscope,-0.11301007,0.07880162,-0.00061086525,1566947955112
26249,226,Accelerometer,-7.3430165999999994,-3.0358477,5.565322,1566947955113
26250,226,Gyroscope,-0.10567969,0.08124508,-0.010995574,1566947955123
26251,226,Accelerometer,-7.1610575,-3.0166939999999998,5.652710400000001,1566947955123
26252,226,Gyroscope,-0.095294975,0.054367005999999996,-0.016493361,1566947955132
26253,226,Accelerometer,-7.243657000000001,-3.1352072,5.4922986,1566947955133
26254,226,Gyroscope,-0.08857546,0.037873644,-0.015882496,1566947955142
26255,226,Accelerometer,-7.156269,-3.0585926,5.4384294,1566947955143
26256,226,Gyroscope,-0.08124508,0.03481932,-0.018936822,1566947955152
26257,226,Accelerometer,-7.016208,-3.0561984,5.5545480000000005,1566947955153
26258,226,Gyroscope,-0.07269296,0.019547688,-0.018325957,1566947955162
26259,226,Accelerometer,-7.168239999999999,-3.217807,5.5988407,1566947955163
26260,226,Gyroscope,-0.07941248,0.013439035,-0.0061086523,1566947955172
26261,226,Accelerometer,-7.168239999999999,-3.13401,5.619191000000001,1566947955173
26262,226,Gyroscope,-0.08368854,0.01282817,0.01038471,1566947955183
26263,226,Accelerometer,-7.038953,-3.1435869,5.6826377,1566947955183
26264,226,Gyroscope,-0.07819075,0.012217305,0.025045475,1566947955192
26265,226,Accelerometer,-6.9719152,-3.1878796,5.681441,1566947955193
26266,226,Gyroscope,-0.077579886,0.037873644,0.031154128,1566947955202
26267,226,Accelerometer,-6.933608,-3.3039982000000006,5.686229,1566947955203
26268,226,Gyroscope,-0.06780604,0.07513642,0.0421497,1566947955213
26269,226,Accelerometer,-7.3083005000000005,-3.549404,5.650316,1566947955213
26270,226,Gyroscope,-0.053145275,0.04337143,0.040317107000000005,1566947955222
26271,226,Accelerometer,-7.7105265,-3.3219550000000004,5.5006785,1566947955223
26272,226,Gyroscope,-0.062308256,-0.004886922,0.03481932,1566947955232
26273,226,Accelerometer,-7.386112,-3.028665,5.6227827,1566947955233
26274,226,Gyroscope,-0.058643065,-0.044593163,0.05009095,1566947955242
26275,226,Accelerometer,-7.298723700000001,-2.7856536,5.7987566,1566947955243
26276,226,Gyroscope,-0.0580322,-0.093462385,0.0720821,1566947955252
26277,226,Accelerometer,-7.265205,-2.7353754,5.876568,1566947955253
26278,226,Gyroscope,-0.070249505,-0.13133603,0.096516706,1566947955262
26279,226,Accelerometer,-7.1981673,-2.5498247000000003,5.9938839999999995,1566947955263
26280,226,Gyroscope,-0.08674286,-0.12034045,0.13316862,1566947955272
26281,226,Accelerometer,-7.055712,-2.385822,6.1387334000000005,1566947955273
26282,226,Gyroscope,-0.11362094,-0.07513642,0.18509217,1566947955283
26283,226,Accelerometer,-7.110779300000001,-2.1188686000000003,6.089652,1566947955283
26284,226,Gyroscope,-0.15332718,0.0061086523,0.23335053,1566947955292
26285,226,Accelerometer,-6.9587474,-1.9692308999999997,6.117185,1566947955293
26286,226,Gyroscope,-0.18142697,0.1020145,0.28344148,1566947955302
26287,226,Accelerometer,-6.993463,-2.0314799999999997,6.1076083,1566947955303
26288,226,Gyroscope,-0.18936823,0.16249016,0.30665436,1566947955313
26289,226,Accelerometer,-7.086836999999999,-2.1392192999999997,6.145916000000001,1566947955313
26290,226,Gyroscope,-0.18387043,0.20952678,0.30970868,1566947955322
26291,226,Accelerometer,-7.2664022,-2.1452047999999997,6.183026,1566947955323
26292,226,Gyroscope,-0.172264,0.25411993,0.30482176,1566947955332
26293,226,Accelerometer,-7.541735000000001,-1.9740193,6.2285156,1566947955333
26294,226,Gyroscope,-0.14905111,0.29260445,0.28038713,1566947955342
26295,226,Accelerometer,-7.8865004,-1.7705121,6.184223,1566947955343
26296,226,Gyroscope,-0.13805555,0.31948254,0.24373524,1566947955352
26297,226,Accelerometer,-8.264783999999999,-1.6879122,5.899312999999999,1566947955353
26298,226,Gyroscope,-0.14721853,0.31520647,0.20341812,1566947955362
26299,226,Accelerometer,-8.458714500000001,-1.6280571000000001,5.612008599999999,1566947955363
26300,226,Gyroscope,-0.17470746,0.29138273,0.16126843,1566947955372
26301,226,Accelerometer,-8.437167,-1.5370774999999999,5.408501599999999,1566947955373
26302,226,Gyroscope,-0.19242255,0.25350907,0.12522738,1566947955382
26303,226,Accelerometer,-8.286332000000002,-1.4915876000000001,5.3127337,1566947955383
26304,226,Gyroscope,-0.20952678,0.21502456,0.09162979,1566947955392
26305,226,Accelerometer,-8.073248,-1.5705963,5.234922,1566947955393
26306,226,Gyroscope,-0.22235495,0.17409660000000002,0.059253927000000005,1566947955402
26307,226,Accelerometer,-7.884106,-1.7824832,5.1319714,1566947955403
26308,226,Gyroscope,-0.20891592,0.13255776,0.029932396,1566947955413
26309,226,Accelerometer,-7.7464395,-2.0039468,5.0972550000000005,1566947955413
26310,226,Gyroscope,-0.17592919,0.089186326,0.015271631,1566947955422
26311,226,Accelerometer,-7.7105265,-2.1200657000000005,5.0242324,1566947955423
26312,226,Gyroscope,-0.13316862,0.048258353,0.01282817,1566947955432
26313,226,Accelerometer,-7.7332716,-2.2290018,5.043386,1566947955433
26314,226,Gyroscope,-0.09407325,0.03359759,0.021991148999999998,1566947955442
26315,226,Accelerometer,-7.763199,-2.171541,4.999093,1566947955443
26316,226,Gyroscope,-0.064751714,0.013439035,0.027488936000000002,1566947955452
26317,226,Accelerometer,-7.869741,-2.220622,4.961983,1566947955453
26318,226,Gyroscope,-0.047036625,-0.014049901000000002,0.03481932,1566947955462
26319,226,Accelerometer,-7.9882539999999995,-2.1152773,4.88058,1566947955463
26320,226,Gyroscope,-0.04520403,-0.03481932,0.03726278,1566947955472
26321,226,Accelerometer,-7.953538000000001,-2.0578163000000003,4.8865657,1566947955473
26322,226,Gyroscope,-0.028099801,-0.07819075,0.02565634,1566947955482
26323,226,Accelerometer,-8.026561000000001,-2.0602105,4.933253,1566947955483
26324,226,Gyroscope,-0.0067195175,-0.10873401,0.002443461,1566947955492
26325,226,Accelerometer,-7.9750857,-2.0721814999999997,5.0637364,1566947955493
26326,226,Gyroscope,0.029321532999999997,-0.13500121,-0.026267206,1566947955502
26327,226,Accelerometer,-7.8948803,-2.2002714,5.2648497,1566947955503
26328,226,Gyroscope,0.059864793,-0.19364429,-0.052534412999999995,1566947955513
26329,226,Accelerometer,-8.192958,-2.1547816,5.2061915,1566947955513
26330,226,Gyroscope,0.06352998,-0.20463985,-0.08735373,1566947955522
26331,226,Accelerometer,-8.025364,-1.8878279999999998,5.1547165,1566947955523
26332,226,Gyroscope,0.07513642,-0.19914207,-0.11545353400000001,1566947955532
26333,226,Accelerometer,-7.854178999999999,-2.0147207,5.234922,1566947955533
26334,226,Gyroscope,0.10140363,-0.23579398,-0.13988814,1566947955542
26335,226,Accelerometer,-7.898471400000001,-2.2457612,5.3378725,1566947955543
26336,226,Gyroscope,0.11362094,-0.26878070000000004,-0.17165314,1566947955552
26337,226,Accelerometer,-7.796717599999999,-2.3343467999999996,5.4911017,1566947955553
26338,226,Gyroscope,0.12339478,-0.2706133,-0.19730948,1566947955562
26339,226,Accelerometer,-7.825448,-2.3139958,5.6443305,1566947955563
26340,226,Gyroscope,0.103847094,-0.23823744,-0.20463985,1566947955573
26341,226,Accelerometer,-7.7703815,-2.2409727999999998,5.625177,1566947955573
26342,226,Gyroscope,0.08124508,-0.22724187,-0.20219639,1566947955582
26343,226,Accelerometer,-7.656657000000001,-2.2625206,5.729325,1566947955583
26344,226,Gyroscope,0.069027774,-0.23762658,-0.2144137,1566947955592
26345,226,Accelerometer,-7.587225,-2.3379380000000003,5.9807158,1566947955593
26346,226,Gyroscope,0.05375614,-0.23335053,-0.21868975,1566947955602
26347,226,Accelerometer,-7.5932107,-2.315193,6.254852,1566947955603
26348,226,Gyroscope,0.03359759,-0.22540927,-0.20525073,1566947955612
26349,226,Accelerometer,-7.5968018,-2.2134395000000002,6.513426,1566947955613
26350,226,Gyroscope,-0.007941248,-0.20097467,-0.18936823,1566947955622
26351,226,Accelerometer,-7.619547,-2.148796,6.766014,1566947955623
26352,226,Gyroscope,-0.07086037,-0.13622294,-0.15149458,1566947955632
26353,226,Accelerometer,-7.516596300000001,-2.0697872999999998,6.872555999999999,1566947955633
26354,226,Gyroscope,-0.13500121,-0.06536258,-0.10445796,1566947955643
26355,226,Accelerometer,-7.135917999999999,-2.1068976000000004,6.896497999999999,1566947955643
26356,226,Gyroscope,-0.17531833,0.019547688,-0.058643065,1566947955652
26357,226,Accelerometer,-6.564901,-2.6898855999999998,7.053317999999999,1566947955653
26358,226,Gyroscope,-0.19547687,0.093462385,-0.017104227,1566947955662
26359,226,Accelerometer,-6.513426,-2.8383262000000005,6.955156,1566947955663
26360,226,Gyroscope,-0.19730948,0.16126843,0.03359759,1566947955673
26361,226,Accelerometer,-6.5337762999999995,-2.658761,6.684611299999999,1566947955673
26362,226,Gyroscope,-0.19425514,0.22052236,0.081855945,1566947955682
26363,226,Accelerometer,-6.505046,-2.432509,6.3985043,1566947955683
26364,226,Gyroscope,-0.1881465,0.28588495,0.124005646,1566947955692
26365,226,Accelerometer,-6.6367273,-2.2409727999999998,6.0262055,1566947955693
26366,226,Gyroscope,-0.17287487,0.32192600000000005,0.13072516,1566947955703
26367,226,Accelerometer,-6.732495299999999,-2.1416135,5.635950599999999,1566947955703
26368,226,Gyroscope,-0.16493362,0.3286455,0.13439035,1566947955712
26369,226,Accelerometer,-6.811503999999999,-2.1523874,5.4240639999999996,1566947955713
26370,226,Gyroscope,-0.15149458,0.3145956,0.12522738,1566947955722
26371,226,Accelerometer,-7.1023993,-2.2768857000000002,5.267244,1566947955723
26372,226,Gyroscope,-0.12950343,0.27672195,0.111177474,1566947955732
26373,226,Accelerometer,-7.4723034,-2.4145525,5.2085857,1566947955733
26374,226,Gyroscope,-0.10934488,0.23823744,0.1020145,1566947955742
26375,226,Accelerometer,-7.763199,-2.4480712000000002,5.1690817000000004,1566947955743
26376,226,Gyroscope,-0.09101892,0.19730948,0.08552113,1566947955752
26377,226,Accelerometer,-7.9583262999999995,-2.4660277,5.106832,1566947955753
26378,226,Gyroscope,-0.07819075,0.14599679999999998,0.058643065,1566947955762
26379,226,Accelerometer,-7.931989999999999,-2.6264392999999995,5.050568599999999,1566947955763
26380,226,Gyroscope,-0.06963864,0.095294975,0.02687807,1566947955772
26381,226,Accelerometer,-8.043321,-2.870648,4.999093,1566947955773
26382,226,Gyroscope,-0.052534412999999995,0.035430185,0.0036651915999999997,1566947955782
26383,226,Accelerometer,-8.157045,-3.0202854,5.014655599999999,1566947955783
26384,226,Gyroscope,-0.044593163,-0.01038471,-0.0018325957999999999,1566947955792
26385,226,Accelerometer,-7.9990277,-2.9712042999999997,5.0936639999999995,1566947955793
26386,226,Gyroscope,-0.023823743999999997,-0.03848451,0.0030543262,1566947955803
26387,226,Accelerometer,-7.902063,-3.0238767,5.327099,1566947955803
26388,226,Gyroscope,0.009773844,-0.052534412999999995,0.004276057,1566947955812
26389,226,Accelerometer,-7.8278419999999995,-3.0358477,5.444414599999999,1566947955813
26390,226,Gyroscope,0.032986722999999996,-0.06597344599999999,0.015271631,1566947955822
26391,226,Accelerometer,-7.681796,-2.9843724,5.4982843,1566947955823
26392,226,Gyroscope,0.040927973,-0.08368854,0.032986722999999996,1566947955833
26393,226,Accelerometer,-7.523778999999999,-2.7808652,5.470751,1566947955833
26394,226,Gyroscope,0.036651913,-0.084910266,0.04276056599999999,1566947955842
26395,226,Accelerometer,-7.207744,-2.6767175,5.529408999999999,1566947955843
26396,226,Gyroscope,0.03359759,-0.0720821,0.03848451,1566947955852
26397,226,Accelerometer,-7.232883500000001,-2.814384,5.683835,1566947955853
26398,226,Gyroscope,0.037873644,-0.08002335,0.03359759,1566947955863
26399,226,Accelerometer,-7.465121000000001,-2.7114333999999998,5.699397,1566947955863
26400,226,Gyroscope,0.02076942,-0.07696902,0.031154128,1566947955872
26401,226,Accelerometer,-7.302314999999999,-2.516306,5.7664347000000005,1566947955873
26402,226,Gyroscope,0.013439035,-0.05375614,0.019547688,1566947955882
26403,226,Accelerometer,-7.3549875999999985,-2.505532,5.935226,1566947955883
26404,226,Gyroscope,0.016493361,-0.04276056599999999,-0.013439035,1566947955892
26405,226,Accelerometer,-7.5429325,-2.5725696,5.9244523000000004,1566947955893
26406,226,Gyroscope,-0.004886922,-0.032986722999999996,-0.03970624,1566947955903
26407,226,Accelerometer,-7.523778999999999,-2.4899697,5.8717794,1566947955903
26408,226,Gyroscope,-0.03604105,-0.009773844,-0.07452556,1566947955913
26409,226,Accelerometer,-7.595605,-2.5797524,5.9687448,1566947955913
26410,226,Gyroscope,-0.06291912,0.015882496,-0.07941248,1566947955922
26411,226,Accelerometer,-7.754819400000001,-2.6515784,5.9064955999999995,1566947955923
26412,226,Gyroscope,-0.09040806,0.04276056599999999,-0.07941248,1566947955932
26413,226,Accelerometer,-7.5932107,-2.6755204,5.907693,1566947955933
26414,226,Gyroscope,-0.096516706,0.051923547,-0.077579886,1566947955942
26415,226,Accelerometer,-7.443573,-2.8119897999999997,6.009446,1566947955943
26416,226,Gyroscope,-0.10079276599999999,0.07086037,-0.06719518,1566947955953
26417,226,Accelerometer,-7.4483614000000005,-3.0729580000000003,5.990292500000001,1566947955953
26418,226,Gyroscope,-0.12034045,0.08246681,-0.03970624,1566947955962
26419,226,Accelerometer,-7.3418193,-3.0609868,5.8358665,1566947955963
26420,226,Gyroscope,-0.1337795,0.0983493,-0.031154128,1566947955972
26421,226,Accelerometer,-7.0341644,-3.0753522,5.849035,1566947955973
26422,226,Gyroscope,-0.118507855,0.09285152,-0.018325957,1566947955982
26423,226,Accelerometer,-6.980295,-3.2908301,5.889736,1566947955983
26424,226,Gyroscope,-0.111177474,0.08857546,0.0012217305,1566947955993
26425,226,Accelerometer,-7.111975999999999,-3.2477345,5.732916,1566947955993
26426,226,Gyroscope,-0.11178834,0.10140363,0.014660766,1566947956002
26427,226,Accelerometer,-7.004237,-3.1651347000000003,5.6108117,1566947956003
26428,226,Gyroscope,-0.09773844,0.0842994,0.018936822,1566947956012
26429,226,Accelerometer,-6.908469,-3.1890767,5.638344999999999,1566947956013
26430,226,Gyroscope,-0.07941248,0.06414085,0.010995574,1566947956022
26431,226,Accelerometer,-6.927623,-3.3171665999999997,5.664681400000001,1566947956023
26432,226,Gyroscope,-0.07086037,0.058643065,0.005497787,1566947956032
26433,226,Accelerometer,-6.885724000000001,-3.3650506,5.637148000000001,1566947956033
26434,226,Gyroscope,-0.07086037,0.06414085,0.0061086523,1566947956042
26435,226,Accelerometer,-6.993463,-3.3518825,5.633556400000001,1566947956043
26436,226,Gyroscope,-0.08063421400000001,0.05009095,0.01038471,1566947956052
26437,226,Accelerometer,-7.1155677,-3.3063924,5.710171,1566947956053
26438,226,Gyroscope,-0.077579886,-0.029321532999999997,0.016493361,1566947956062
26439,226,Accelerometer,-7.329848299999999,-3.1423897999999997,5.801151,1566947956063
26440,226,Gyroscope,-0.08246681,-0.07269296,0.05009095,1566947956072
26441,226,Accelerometer,-7.386112,-2.9293058,5.955577,1566947956073
26442,226,Gyroscope,-0.12583824,-0.0720821,0.10751228,1566947956082
26443,226,Accelerometer,-7.0904284,-2.4528596,5.8346696,1566947956083
26444,226,Gyroscope,-0.1685988,-0.06780604,0.15149458,1566947956092
26445,226,Accelerometer,-6.8150949999999995,-2.2541409,5.837064,1566947956093
26446,226,Gyroscope,-0.16554448,-0.05375614,0.19792034,1566947956102
26447,226,Accelerometer,-6.634333,-2.2242134,6.145916000000001,1566947956103
26448,226,Gyroscope,-0.16126843,-0.0012217305,0.24678956,1566947956113
26449,226,Accelerometer,-6.896497999999999,-2.1619642000000003,6.1926026,1566947956113
26450,226,Gyroscope,-0.1777618,0.06597344599999999,0.27916542,1566947956122
26451,226,Accelerometer,-7.056909599999999,-2.2038627,6.2644286,1566947956123
26452,226,Gyroscope,-0.18142697,0.13622294,0.29810223,1566947956132
26453,226,Accelerometer,-7.271190600000001,-2.2110453,6.208165,1566947956133
26454,226,Gyroscope,-0.1685988,0.20036379999999998,0.31581733,1566947956142
26455,226,Accelerometer,-7.462726600000001,-2.0410569,6.1028199999999995,1566947956143
26456,226,Gyroscope,-0.15454891,0.29199359999999996,0.31948254,1566947956152
26457,226,Accelerometer,-7.6626425000000005,-1.8734628,6.0010667,1566947956153
26458,226,Gyroscope,-0.111177474,0.33353242,0.29565877,1566947956162
26459,226,Accelerometer,-7.967903,-1.7585411,5.6946087,1566947956163
26460,226,Gyroscope,-0.08796459400000001,0.30482176,0.24862215,1566947956172
26461,226,Accelerometer,-8.322245,-1.6519991000000003,5.4647654999999995,1566947956173
26462,226,Gyroscope,-0.09285152,0.25289822,0.18692477,1566947956182
26463,226,Accelerometer,-8.51019,-1.4077905000000002,5.3043537,1566947956183
26464,226,Gyroscope,-0.11301007,0.18936823,0.12278391400000001,1566947956192
26465,226,Accelerometer,-8.49343,-1.2246342,5.1690817000000004,1566947956193
26466,226,Gyroscope,-0.15454891,0.12217305,0.06169739,1566947956203
26467,226,Accelerometer,-8.281544,-1.2270284,5.0816930000000005,1566947956204
26468,226,Gyroscope,-0.19914207,0.076358154,0.002443461,1566947956212
26469,226,Accelerometer,-7.9343843,-1.4867992,5.1247888,1566947956213
26470,226,Gyroscope,-0.20525073,0.034208454,-0.04337143,1566947956222
26471,226,Accelerometer,-7.8062944000000005,-1.8962077000000002,5.1523223,1566947956223
26472,226,Gyroscope,-0.18081611,0.01282817,-0.058643065,1566947956232
26473,226,Accelerometer,-7.763199,-2.1978772,5.1846437000000005,1566947956233
26474,226,Gyroscope,-0.13927728,0.00061086525,-0.045814894,1566947956243
26475,226,Accelerometer,-7.678205,-2.3642743,5.295974299999999,1566947956243
26476,226,Gyroscope,-0.08796459400000001,-0.002443461,-0.021380282999999996,1566947956252
26477,226,Accelerometer,-7.6482773,-2.4552537999999995,5.432443599999999,1566947956253
26478,226,Gyroscope,-0.04276056599999999,0.00061086525,0.004886922,1566947956262
26479,226,Accelerometer,-7.753622,-2.5151088,5.386954,1566947956263
26480,226,Gyroscope,-0.026267206,-0.029321532999999997,0.021380282999999996,1566947956272
26481,226,Accelerometer,-8.038532,-2.4672248,5.3378725,1566947956273
26482,226,Gyroscope,-0.026267206,-0.0421497,0.036651913,1566947956282
26483,226,Accelerometer,-8.139089,-2.3439236,5.258864,1566947956283
26484,226,Gyroscope,-0.035430185,-0.0421497,0.053145275,1566947956292
26485,226,Accelerometer,-8.048109,-2.1583729,5.1786585,1566947956293
26486,226,Gyroscope,-0.03970624,-0.04520403,0.05131268,1566947956302
26487,226,Accelerometer,-8.1163435,-1.9428947,5.0038815,1566947956303
26488,226,Gyroscope,-0.047036625,-0.05681047,0.03848451,1566947956312
26489,226,Accelerometer,-7.789535000000001,-1.7824832,5.01705,1566947956313
26490,226,Gyroscope,-0.02687807,-0.059864793,0.0030543262,1566947956322
26491,226,Accelerometer,-7.601590600000001,-2.019509,5.1846437000000005,1566947956323
26492,226,Gyroscope,0.019547688,-0.10629055,-0.03848451,1566947956332
26493,226,Accelerometer,-7.912836599999999,-2.0578163000000003,5.16549,1566947956333
26494,226,Gyroscope,0.045814894,-0.16004670000000001,-0.07513642,1566947956342
26495,226,Accelerometer,-7.8218570000000005,-1.8650831,5.187037999999999,1566947956343
26496,226,Gyroscope,0.045814894,-0.17470746,-0.116675265,1566947956352
26497,226,Accelerometer,-7.6889787,-1.7681179,5.2744265,1566947956353
26498,226,Gyroscope,0.06169739,-0.18631389999999998,-0.17654006,1566947956362
26499,226,Accelerometer,-7.787141,-1.8926164,5.4049106,1566947956363
26500,226,Gyroscope,0.06352998,-0.17470746,-0.22357668,1566947956372
26501,226,Accelerometer,-7.738060000000001,-1.9716251,5.3941364,1566947956373
26502,226,Gyroscope,0.050701816,-0.16982053,-0.25778514,1566947956383
26503,226,Accelerometer,-7.698555499999999,-2.0649989,5.49589,1566947956383
26504,226,Gyroscope,0.07696902,-0.18081611,-0.26939157,1566947956392
26505,226,Accelerometer,-7.655460000000001,-2.2577322,5.74369,1566947956393
26506,226,Gyroscope,0.08979719,-0.2144137,-0.2724459,1566947956402
26507,226,Accelerometer,-7.868544,-2.4241292000000003,5.9052987,1566947956403
26508,226,Gyroscope,0.06719518,-0.25534168,-0.2724459,1566947956413
26509,226,Accelerometer,-8.067263,-2.4253263,6.002263500000001,1566947956413
26510,226,Gyroscope,0.022602014,-0.27488935,-0.24495697,1566947956422
26511,226,Accelerometer,-8.137891999999999,-2.385822,6.320692500000001,1566947956423
26512,226,Gyroscope,-0.02443461,-0.25900686,-0.20158553,1566947956432
26513,226,Accelerometer,-8.000225,-2.4229321,6.7719994,1566947956433
26514,226,Gyroscope,-0.069027774,-0.20158553,-0.14721853,1566947956442
26515,226,Accelerometer,-7.765592999999999,-2.6013002,7.1227503,1566947956443
26516,226,Gyroscope,-0.12278391400000001,-0.10079276599999999,-0.07819075,1566947956452
26517,226,Accelerometer,-7.405266,-2.9077580000000003,7.2807674,1566947956453
26518,226,Gyroscope,-0.17592919,0.02443461,0.02321288,1566947956462
26519,226,Accelerometer,-7.036558599999999,-3.1495724,7.1023993,1566947956463
26520,226,Gyroscope,-0.20280726,0.14844026,0.12339478,1566947956472
26521,226,Accelerometer,-6.397307,-3.1172507,6.9671270000000005,1566947956473
26522,226,Gyroscope,-0.17715092,0.22968534,0.19730948,1566947956482
26523,226,Accelerometer,-6.1112,-2.9891607999999996,6.831854300000001,1566947956483
26524,226,Gyroscope,-0.1386664,0.30298916,0.23884831,1566947956492
26525,226,Accelerometer,-6.0405707,-2.6779146000000003,6.5301849999999995,1566947956493
26526,226,Gyroscope,-0.10873401,0.344528,0.25473082,1566947956502
26527,226,Accelerometer,-5.895722,-2.2709002000000003,6.1112,1566947956503
26528,226,Gyroscope,-0.070249505,0.33536503,0.23701571,1566947956512
26529,226,Accelerometer,-6.0441623,-1.9081788,5.872977,1566947956513
26530,226,Gyroscope,-0.047036625,0.31826079999999995,0.19364429,1566947956523
26531,226,Accelerometer,-6.567295,-1.6172832000000001,5.6096144,1566947956523
26532,226,Gyroscope,-0.057421334000000004,0.29810223,0.14599679999999998,1566947956532
26533,226,Accelerometer,-6.9970546,-1.4041992,5.2804117,1566947956533
26534,226,Gyroscope,-0.08063421400000001,0.25717425,0.08796459400000001,1566947956542
26535,226,Accelerometer,-7.4746976,-1.483208,5.116409,1566947956543
26536,226,Gyroscope,-0.1020145,0.20525073,0.031154128,1566947956552
26537,226,Accelerometer,-7.9248075,-1.7322049,5.0254292000000005,1566947956553
26538,226,Gyroscope,-0.10445796,0.15088372,-0.02076942,1566947956563
26539,226,Accelerometer,-8.24204,-2.1966799999999997,5.038597599999999,1566947956563
26540,226,Gyroscope,-0.09407325,0.08552113,-0.04886922,1566947956572
26541,226,Accelerometer,-8.74961,-2.9592332999999997,5.197812,1566947956573
26542,226,Gyroscope,-0.09162979,0.045814894,-0.06169739,1566947956582
26543,226,Accelerometer,-8.740033,-3.0813377,5.1930237,1566947956583
26544,226,Gyroscope,-0.09285152,0.005497787,-0.053145275,1566947956592
26545,226,Accelerometer,-8.377312,-3.1890767,5.3522377,1566947956593
26546,226,Gyroscope,-0.09040806,-0.017715093,-0.04276056599999999,1566947956603
26547,226,Accelerometer,-7.9236107,-3.2237926,5.4575830000000005,1566947956603
26548,226,Gyroscope,-0.08735373,-0.044593163,-0.015271631,1566947956612
26549,226,Accelerometer,-7.5309615,-3.1783028,5.499480999999999,1566947956613
26550,226,Gyroscope,-0.08002335,-0.056199603,0.0030543262,1566947956622
26551,226,Accelerometer,-7.216124000000001,-2.8802247000000003,5.494693,1566947956623
26552,226,Gyroscope,-0.08124508,-0.053145275,0.012217305,1566947956632
26553,226,Accelerometer,-6.8665705,-2.6036943999999997,5.4934959999999995,1566947956633
26554,226,Gyroscope,-0.070249505,-0.03359759,0.014660766,1566947956643
26555,226,Accelerometer,-6.587646,-2.622848,5.7281275,1566947956643
26556,226,Gyroscope,-0.03726278,-0.020158553,0.0030543262,1566947956652
26557,226,Accelerometer,-6.813898,-2.9340942,5.919664,1566947956653
26558,226,Gyroscope,-0.012217305,-0.03970624,-0.0036651915999999997,1566947956662
26559,226,Accelerometer,-7.2364745,-2.813187,5.8143187,1566947956663
26560,226,Gyroscope,-0.034208454,-0.010995574,0.01282817,1566947956672
26561,226,Accelerometer,-7.1610575,-2.6300306,5.7089739999999995,1566947956673
26562,226,Gyroscope,-0.059253927000000005,0.02565634,0.014660766,1566947956683
26563,226,Accelerometer,-7.2699933,-2.7928362,5.650316,1566947956683
26564,226,Gyroscope,-0.06291912,0.029932396,0.009773844,1566947956692
26565,226,Accelerometer,-7.4842744,-2.930503,5.555745,1566947956693
26566,226,Gyroscope,-0.07391469,0.036651913,0.016493361,1566947956702
26567,226,Accelerometer,-7.413645699999999,-2.8395232999999998,5.5760955999999995,1566947956703
26568,226,Gyroscope,-0.08002335,0.022602014,0.009773844,1566947956712
26569,226,Accelerometer,-7.4327993,-2.7904419999999996,5.7137623,1566947956713
26570,226,Gyroscope,-0.086132,0.017104227,-0.002443461,1566947956723
26571,226,Accelerometer,-7.546523599999999,-2.8514943,5.687426,1566947956723
26572,226,Gyroscope,-0.105068825,0.004886922,-0.007330383,1566947956732
26573,226,Accelerometer,-7.489063000000001,-2.6731262000000005,5.7245364,1566947956733
26574,226,Gyroscope,-0.119729586,-0.008552114,-0.008552114,1566947956742
26575,226,Accelerometer,-7.4866686,-2.7365725,5.829880999999999,1566947956743
26576,226,Gyroscope,-0.13316862,-0.013439035,0.007941248,1566947956752
26577,226,Accelerometer,-7.229292,-2.7198130000000003,5.8825536,1566947956753
26578,226,Gyroscope,-0.1386664,0.0030543262,0.01038471,1566947956762
26579,226,Accelerometer,-6.918046,-2.8203697,5.9771247,1566947956763
26580,226,Gyroscope,-0.11911872,0.010995574,0.018936822,1566947956773
26581,226,Accelerometer,-7.037756,-2.9724014,5.996278299999999,1566947956773
26582,226,Gyroscope,-0.11362094,0.03726278,0.029932396,1566947956782
26583,226,Accelerometer,-6.975507,-3.0023289,5.9388175,1566947956783
26584,226,Gyroscope,-0.10629055,0.064751714,0.032986722999999996,1566947956792
26585,226,Accelerometer,-7.070077400000001,-3.0933087,5.925649,1566947956793
26586,226,Gyroscope,-0.10812314599999999,0.092240654,0.029321532999999997,1566947956802
26587,226,Accelerometer,-7.0449386,-3.1232362,5.8442464,1566947956803
26588,226,Gyroscope,-0.09712757,0.11056661,0.014660766,1566947956812
26589,226,Accelerometer,-7.1047934999999995,-3.383007,5.841851999999999,1566947956813
26590,226,Gyroscope,-0.08246681,0.1020145,0.013439035,1566947956822
26591,226,Accelerometer,-7.359775999999999,-3.5613751000000002,5.755661,1566947956823
26592,226,Gyroscope,-0.073303826,0.0720821,0.0061086523,1566947956832
26593,226,Accelerometer,-7.301117999999999,-3.693056,5.801151,1566947956833
26594,226,Gyroscope,-0.045814894,0.03359759,-0.018325957,1566947956842
26595,226,Accelerometer,-7.4842744,-3.9707835,5.791574,1566947956843
26596,226,Gyroscope,-0.05131268,0.06352998,0.014049901000000002,1566947956852
26597,226,Accelerometer,-7.633912,-3.9959226,5.553351,1566947956853
26598,226,Gyroscope,-0.07819075,0.09712757,0.055588737,1566947956863
26599,226,Accelerometer,-7.0664864000000005,-3.774459,5.403713,1566947956863
26600,226,Gyroscope,-0.053145275,0.04642576,0.09040806,1566947956872
26601,226,Accelerometer,-7.193378999999999,-3.8163576,5.4911017,1566947956873
26602,226,Gyroscope,-0.037873644,-0.030543262,0.12767084,1566947956882
26603,226,Accelerometer,-7.499836999999999,-3.3159695,5.368997,1566947956883
26604,226,Gyroscope,-0.05375614,-0.07147124,0.16249016,1566947956892
26605,226,Accelerometer,-7.0581064,-2.657564,5.345055,1566947956893
26606,226,Gyroscope,-0.059864793,-0.0983493,0.19792034,1566947956902
26607,226,Accelerometer,-6.8821330000000005,-2.2601264,5.5868697,1566947956903
26608,226,Gyroscope,-0.077579886,-0.09407325,0.21380283,1566947956912
26609,226,Accelerometer,-6.7851677,-1.9057846,5.829880999999999,1566947956913
26610,226,Gyroscope,-0.096516706,-0.058643065,0.22479841,1566947956922
26611,226,Accelerometer,-6.800729799999999,-1.6903063999999999,6.035782299999999,1566947956923
26612,226,Gyroscope,-0.11484267,-0.010995574,0.23518312,1566947956932
26613,226,Accelerometer,-6.9862804,-1.5370774999999999,6.244078,1566947956933
26614,226,Gyroscope,-0.12583824,0.045814894,0.22724187,1566947956942
26615,226,Accelerometer,-7.0904284,-1.5358804,6.345831400000001,1566947956943
26616,226,Gyroscope,-0.13439035,0.10812314599999999,0.20525073,1566947956953
26617,226,Accelerometer,-7.305906299999999,-1.6065093000000001,6.39611,1566947956953
26618,226,Gyroscope,-0.14599679999999998,0.17531833,0.17470746,1566947956962
26619,226,Accelerometer,-7.544129400000001,-1.6005238000000002,6.327875,1566947956963
26620,226,Gyroscope,-0.15332718,0.24251351,0.13439035,1566947956972
26621,226,Accelerometer,-7.8027034,-1.6089035,6.196194,1566947956973
26622,226,Gyroscope,-0.16432275,0.27855456,0.09468412,1566947956982
26623,226,Accelerometer,-8.141483000000001,-1.6196774,5.971139,1566947956983
26624,226,Gyroscope,-0.18753563,0.28588495,0.06291912,1566947956992
26625,226,Accelerometer,-8.476671000000001,-1.6843209,5.6802435,1566947956993
26626,226,Gyroscope,-0.20341812,0.26939157,0.040317107000000005,1566947957003
26627,226,Accelerometer,-8.558074000000001,-1.7214310000000002,5.433641000000001,1566947957003
26628,226,Gyroscope,-0.20463985,0.23457226,0.02443461,1566947957012
26629,226,Accelerometer,-8.444349,-1.7908629,5.2923827,1566947957013
26630,226,Gyroscope,-0.19975294,0.19547687,0.014660766,1566947957022
26631,226,Accelerometer,-8.273164,-2.0434509999999997,5.1762643,1566947957023
26632,226,Gyroscope,-0.19547687,0.12767084,0.019547688,1566947957032
26633,226,Accelerometer,-8.166622,-2.1930888,5.0242324,1566947957033
26634,226,Gyroscope,-0.20341812,0.076358154,0.028099801,1566947957042
26635,226,Accelerometer,-7.738060000000001,-2.0338743000000004,4.952406400000001,1566947957043
26636,226,Gyroscope,-0.21013765,0.021380282999999996,0.03604105,1566947957052
26637,226,Accelerometer,-7.451953,-1.9931729,5.116409,1566947957053
26638,226,Gyroscope,-0.19547687,-0.007941248,0.03970624,1566947957062
26639,226,Accelerometer,-7.2113357,-2.0530279,5.284003299999999,1566947957063
26640,226,Gyroscope,-0.15882497,-0.039095376,0.03726278,1566947957072
26641,226,Accelerometer,-7.3322425,-2.0685901999999996,5.2875943,1566947957073
26642,226,Gyroscope,-0.09896017,-0.053145275,0.02687807,1566947957082
26643,226,Accelerometer,-7.274781699999999,-1.9835961,5.149928,1566947957083
26644,226,Gyroscope,-0.07696902,-0.05131268,0.014660766,1566947957092
26645,226,Accelerometer,-7.289147,-2.019509,5.0960584,1566947957093
26646,226,Gyroscope,-0.057421334000000004,-0.050701816,0.004276057,1566947957102
26647,226,Accelerometer,-7.4711065,-1.9955671000000001,5.106832,1566947957103
26648,226,Gyroscope,-0.03176499,-0.06291912,-0.02687807,1566947957112
26649,226,Accelerometer,-7.603985000000001,-2.1523874,5.2421045,1566947957113
26650,226,Gyroscope,0.017715093,-0.08002335,-0.07269296,1566947957122
26651,226,Accelerometer,-8.26239,-2.574964,5.269638,1566947957123
26652,226,Gyroscope,0.055588737,-0.111177474,-0.10445796,1566947957132
26653,226,Accelerometer,-8.840589999999999,-2.4253263,4.9512089999999995,1566947957133
26654,226,Gyroscope,0.05009095,-0.14782938,-0.1423316,1566947957143
26655,226,Accelerometer,-8.593987,-2.2014685000000003,4.9919105,1566947957143
26656,226,Gyroscope,0.047647487,-0.16432275,-0.16982053,1566947957152
26657,226,Accelerometer,-8.589199,-2.0841526999999997,5.046977,1566947957153
26658,226,Gyroscope,0.055588737,-0.21991149,-0.19181168,1566947957162
26659,226,Accelerometer,-8.295909,-2.1799207000000003,5.2540755,1566947957163
26660,226,Gyroscope,0.054367005999999996,-0.25045475,-0.20463985,1566947957172
26661,226,Accelerometer,-8.081628,-2.3618799999999998,5.4504004,1566947957173
26662,226,Gyroscope,0.055588737,-0.267559,-0.21624629,1566947957182
26663,226,Accelerometer,-7.966706299999999,-2.3558946,5.566519,1566947957183
26664,226,Gyroscope,0.03970624,-0.26145032,-0.22418754,1566947957193
26665,226,Accelerometer,-7.6865845,-2.183512,5.731719,1566947957193
26666,226,Gyroscope,0.004886922,-0.22479841,-0.21930063,1566947957202
26667,226,Accelerometer,-7.5213847000000005,-2.0817582999999997,5.9531827,1566947957203
26668,226,Gyroscope,-0.02076942,-0.21685717,-0.20586158,1566947957212
26669,226,Accelerometer,-7.325060000000001,-2.0721814999999997,6.173449,1566947957213
26670,226,Gyroscope,-0.04886922,-0.20586158,-0.19058995,1566947957222
26671,226,Accelerometer,-7.138312299999999,-2.1320367,6.453571,1566947957223
26672,226,Gyroscope,-0.06841691,-0.19303341,-0.1685988,1566947957232
26673,226,Accelerometer,-6.9012866,-2.2349873,6.695385000000001,1566947957233
26674,226,Gyroscope,-0.08063421400000001,-0.16615535,-0.1441642,1566947957242
26675,226,Accelerometer,-6.7360864000000005,-2.565387,7.0341644,1566947957243
26676,226,Gyroscope,-0.08307768,-0.12339478,-0.09896017,1566947957252
26677,226,Accelerometer,-7.042544400000001,-2.7880477999999997,7.013814,1566947957253
26678,226,Gyroscope,-0.12034045,-0.062308256,-0.02687807,1566947957262
26679,226,Accelerometer,-6.9719152,-2.5450362999999996,6.807912299999999,1566947957263
26680,226,Gyroscope,-0.17654006,0.051923547,0.05131268,1566947957272
26681,226,Accelerometer,-6.271611,-2.4384943999999997,6.8438253,1566947957273
26682,226,Gyroscope,-0.17592919,0.14477506,0.11728613,1566947957282
26683,226,Accelerometer,-6.351817,-2.6204537999999995,6.9012866,1566947957283
26684,226,Gyroscope,-0.15149458,0.20158553,0.15210545,1566947957292
26685,226,Accelerometer,-6.5301849999999995,-2.6048915,6.5960255000000005,1566947957293
26686,226,Gyroscope,-0.15454891,0.27366763,0.19364429,1566947957302
26687,226,Accelerometer,-6.4823010000000005,-2.2026656000000004,6.295553,1566947957303
26688,226,Gyroscope,-0.14966199,0.30115658,0.17715092,1566947957312
26689,226,Accelerometer,-6.643910000000001,-1.9057846,6.1530986,1566947957313
26690,226,Gyroscope,-0.14477506,0.33658674,0.14844026,1566947957322
26691,226,Accelerometer,-6.9527617,-1.7106571,5.8945246,1566947957323
26692,226,Gyroscope,-0.15088372,0.33414328,0.095294975,1566947957332
26693,226,Accelerometer,-7.2460512999999995,-1.6292541999999999,5.608417500000001,1566947957333
26694,226,Gyroscope,-0.15027285,0.30176744,0.043982297000000004,1566947957342
26695,226,Accelerometer,-7.6003933,-1.8195933000000002,5.392939,1566947957343
26696,226,Gyroscope,-0.15149458,0.25534168,0.008552114,1566947957353
26697,226,Accelerometer,-7.898471400000001,-2.1643584,5.1966147000000005,1566947957353
26698,226,Gyroscope,-0.1441642,0.19364429,-0.0030543262,1566947957362
26699,226,Accelerometer,-8.090008000000001,-2.5605986,5.117605999999999,1566947957363
26700,226,Gyroscope,-0.10873401,0.119729586,-0.007941248,1566947957372
26701,226,Accelerometer,-8.286332000000002,-3.0418332,5.2444987,1566947957373
26702,226,Gyroscope,-0.06780604,0.06536258,-0.0036651915999999997,1566947957382
26703,226,Accelerometer,-8.541314,-3.4572272000000006,5.2816089999999996,1566947957383
26704,226,Gyroscope,-0.06047566,0.04642576,0.005497787,1566947957392
26705,226,Accelerometer,-8.604761,-3.6260185,5.056554,1566947957393
26706,226,Gyroscope,-0.077579886,0.043982297000000004,0.009162978,1566947957403
26707,226,Accelerometer,-8.395268,-3.6128504,4.9045224,1566947957403
26708,226,Gyroscope,-0.08857546,0.027488936000000002,0.009162978,1566947957412
26709,226,Accelerometer,-8.090008000000001,-3.5302502999999996,4.892551,1566947957413
26710,226,Gyroscope,-0.089186326,0.01282817,-0.0067195175,1566947957422
26711,226,Accelerometer,-7.751228,-3.2465374,4.831499,1566947957423
26712,226,Gyroscope,-0.077579886,-0.010995574,-0.017715093,1566947957432
26713,226,Accelerometer,-7.21373,-2.8969840000000002,4.876989,1566947957433
26714,226,Gyroscope,-0.027488936000000002,-0.059253927000000005,-0.037873644,1566947957442
26715,226,Accelerometer,-6.851008,-2.7712884,5.153519,1566947957443
26716,226,Gyroscope,0.0421497,-0.10262536,-0.06291912,1566947957452
26717,226,Accelerometer,-6.889315600000001,-3.0298622,5.494693,1566947957453
26718,226,Gyroscope,0.07574729,-0.1441642,-0.070249505,1566947957463
26719,226,Accelerometer,-7.277176,-3.0514099999999997,5.5389857000000005,1566947957463
26720,226,Gyroscope,0.07452556,-0.14599679999999998,-0.06169739,1566947957472
26721,226,Accelerometer,-7.430405,-2.9700072,5.638344999999999,1566947957473
26722,226,Gyroscope,0.05681047,-0.12461651,-0.043982297000000004,1566947957482
26723,226,Accelerometer,-7.754819400000001,-2.9556419999999997,5.755661,1566947957483
26724,226,Gyroscope,0.028099801,-0.08307768,-0.021380282999999996,1566947957492
26725,226,Accelerometer,-7.902063,-3.0214825000000003,5.7808,1566947957493
26726,226,Gyroscope,-0.007941248,-0.051923547,0.0030543262,1566947957502
26727,226,Accelerometer,-7.8386164,-2.9939492000000003,5.746084,1566947957503
26728,226,Gyroscope,-0.037873644,-0.03359759,0.014049901000000002,1566947957513
26729,226,Accelerometer,-7.6734165999999995,-2.834735,5.762843599999999,1566947957513
26730,226,Gyroscope,-0.05375614,-0.019547688,0.013439035,1566947957522
26731,226,Accelerometer,-7.577648,-2.7605145,5.771223,1566947957523
26732,226,Gyroscope,-0.06536258,-0.021380282999999996,-0.002443461,1566947957532
26733,226,Accelerometer,-7.386112,-2.5474305,5.734113,1566947957533
26734,226,Gyroscope,-0.0842994,-0.02076942,-0.021380282999999996,1566947957542
26735,226,Accelerometer,-7.0485296,-2.4085669999999997,5.777209,1566947957543
26736,226,Gyroscope,-0.084910266,-0.026267206,-0.031154128,1566947957552
26737,226,Accelerometer,-6.9671270000000005,-2.4408886,5.849035,1566947957553
26738,226,Gyroscope,-0.08674286,-0.045814894,-0.029321532999999997,1566947957562
26739,226,Accelerometer,-6.749254700000001,-2.3906104999999997,5.9651537,1566947957563
26740,226,Gyroscope,-0.09101892,-0.03848451,-0.018325957,1566947957573
26741,226,Accelerometer,-6.4523735,-2.5127146000000002,6.1938,1566947957573
26742,226,Gyroscope,-0.08002335,-0.018325957,-0.002443461,1566947957582
26743,226,Accelerometer,-6.5230026,-2.6767175,6.361394000000001,1566947957583
26744,226,Gyroscope,-0.073303826,0.002443461,0.017715093,1566947957592
26745,226,Accelerometer,-6.633136,-2.7281928,6.30513,1566947957593
26746,226,Gyroscope,-0.09468412,0.059864793,0.04153884,1566947957602
26747,226,Accelerometer,-6.4858923,-2.801216,6.2165446,1566947957603
26748,226,Gyroscope,-0.10995574,0.11484267,0.06658431,1566947957612
26749,226,Accelerometer,-6.4248405,-2.9616275,6.1507044,1566947957614
26750,226,Gyroscope,-0.10751228,0.14721853,0.08002335,1566947957623
26751,226,Accelerometer,-6.531382,-3.1232362,6.0908489999999995,1566947957623
26752,226,Gyroscope,-0.09773844,0.18203785,0.08246681,1566947957632
26753,226,Accelerometer,-6.701370699999999,-3.3063924,5.951985400000001,1566947957633
26754,226,Gyroscope,-0.08857546,0.19303341,0.08674286,1566947957642
26755,226,Accelerometer,-7.0030399999999995,-3.311181,5.791574,1566947957643
26756,226,Gyroscope,-0.10079276599999999,0.19608775,0.07574729,1566947957652
26757,226,Accelerometer,-7.180211,-3.1591492000000003,5.5102553,1566947957653
26758,226,Gyroscope,-0.10629055,0.19303341,0.0580322,1566947957662
26759,226,Accelerometer,-7.247248599999999,-3.1268275,5.4527946,1566947957663
26760,226,Gyroscope,-0.09468412,0.18387043,0.048258353,1566947957672
26761,226,Accelerometer,-7.285556,-3.2357635,5.459976999999999,1566947957673
26762,226,Gyroscope,-0.07574729,0.12156218,0.036651913,1566947957682
26763,226,Accelerometer,-7.7643960000000005,-3.1854854,5.396530599999999,1566947957683
26764,226,Gyroscope,-0.069027774,0.015271631,0.029932396,1566947957692
26765,226,Accelerometer,-7.825448,-2.9951463,5.4791307,1566947957693
26766,226,Gyroscope,-0.073303826,-0.06597344599999999,0.052534412999999995,1566947957702
26767,226,Accelerometer,-7.826645399999999,-2.7114333999999998,5.6586957,1566947957703
26768,226,Gyroscope,-0.09040806,-0.13316862,0.08552113,1566947957712
26769,226,Accelerometer,-7.6889787,-2.4624363999999996,5.864597,1566947957713
26770,226,Gyroscope,-0.11301007,-0.1563815,0.12705997,1566947957722
26771,226,Accelerometer,-7.225700999999999,-2.3092074,6.1411276,1566947957723
26772,226,Gyroscope,-0.13133603,-0.118507855,0.17470746,1566947957733
26773,226,Accelerometer,-7.1706343,-2.291251,6.2105594,1566947957733
26774,226,Gyroscope,-0.16737708,-0.031154128,0.2302962,1566947957742
26775,226,Accelerometer,-7.017405,-2.2182279,6.2608375999999994,1566947957743
26776,226,Gyroscope,-0.20158553,0.07391469,0.27122417,1566947957752
26777,226,Accelerometer,-6.9767036,-2.1978772,6.256049,1566947957753
26778,226,Gyroscope,-0.20708331,0.14110987,0.2883284,1566947957762
26779,226,Accelerometer,-7.041347,-2.1978772,6.3829417,1566947957763
26780,226,Gyroscope,-0.18936823,0.27672195,0.29443705,1566947957772
26781,226,Accelerometer,-7.1742253,-2.0039468,6.4128695,1566947957773
26782,226,Gyroscope,-0.172264,0.3555236,0.27305678,1566947957782
26783,226,Accelerometer,-7.41604,-1.7693150000000002,6.2464724,1566947957783
26784,226,Gyroscope,-0.15515977,0.39706242,0.22785273,1566947957793
26785,226,Accelerometer,-7.81228,-1.6795325,5.943606,1566947957793
26786,226,Gyroscope,-0.16554448,0.3903429,0.17043139999999998,1566947957802
26787,226,Accelerometer,-8.166622,-1.5861586,5.5042696,1566947957803
26788,226,Gyroscope,-0.17654006,0.34636059999999996,0.116675265,1566947957812
26789,226,Accelerometer,-8.356961,-1.5286977,5.118803,1566947957813
26790,226,Gyroscope,-0.18325958,0.28099802,0.069027774,1566947957822
26791,226,Accelerometer,-8.433575999999999,-1.4879963,4.8733974,1566947957823
26792,226,Gyroscope,-0.17959438,0.20525073,0.020158553,1566947957832
26793,226,Accelerometer,-8.328231,-1.6089035,4.7429137,1566947957833
26794,226,Gyroscope,-0.16310102,0.12644911,-0.02076942,1566947957842
26795,226,Accelerometer,-8.22528,-1.9979613,4.674679,1566947957843
26796,226,Gyroscope,-0.1441642,0.023823743999999997,-0.032986722999999996,1566947957853
26797,226,Accelerometer,-8.204929,-2.3726540000000003,4.6136265,1566947957853
26798,226,Gyroscope,-0.12644911,-0.061086524,-0.027488936000000002,1566947957862
26799,226,Accelerometer,-8.141483000000001,-2.4265234,4.6363715999999995,1566947957863
26800,226,Gyroscope,-0.09712757,-0.10934488,-0.025045475,1566947957872
26801,226,Accelerometer,-7.8888945999999995,-2.492364,4.7453080000000005,1566947957873
26802,226,Gyroscope,-0.06963864,-0.14110987,-0.018936822,1566947957882
26803,226,Accelerometer,-7.996633500000001,-2.6635494,4.8135424,1566947957883
26804,226,Gyroscope,-0.04520403,-0.17287487,-0.016493361,1566947957892
26805,226,Accelerometer,-7.8649526,-2.621651,4.8338933,1566947957893
26806,226,Gyroscope,-0.021991148999999998,-0.19425514,-0.015882496,1566947957902
26807,226,Accelerometer,-7.8673470000000005,-2.5594015,4.9105077,1566947957903
26808,226,Gyroscope,-0.0067195175,-0.21258110000000002,-0.016493361,1566947957912
26809,226,Accelerometer,-7.823053999999999,-2.4181437000000003,4.969166,1566947957913
26810,226,Gyroscope,0.016493361,-0.2302962,-0.031154128,1566947957922
26811,226,Accelerometer,-7.6865845,-2.4025814999999997,5.1523223,1566947957923
26812,226,Gyroscope,0.04642576,-0.24068089999999998,-0.057421334000000004,1566947957932
26813,226,Accelerometer,-7.9307933,-2.5198972,5.365406,1566947957933
26814,226,Gyroscope,0.054367005999999996,-0.22418754,-0.07941248,1566947957942
26815,226,Accelerometer,-8.006210000000001,-2.4265234,5.4527946,1566947957943
26816,226,Gyroscope,0.07269296,-0.20647246,-0.11484267,1566947957952
26817,226,Accelerometer,-8.043321,-2.516306,5.681441,1566947957953
26818,226,Gyroscope,0.09285152,-0.18142697,-0.13805555,1566947957963
26819,226,Accelerometer,-7.855376,-2.4827871,5.639542,1566947957964
26820,226,Gyroscope,0.08796459400000001,-0.14966199,-0.13805555,1566947957973
26821,226,Accelerometer,-7.7464395,-2.4588451,5.7005944,1566947957973
26822,226,Gyroscope,0.07086037,-0.14966199,-0.1337795,1566947957982
26823,226,Accelerometer,-7.619547,-2.4277205000000004,5.7640405,1566947957983
26824,226,Gyroscope,0.05681047,-0.16798794,-0.12644911,1566947957992
26825,226,Accelerometer,-7.577648,-2.4037786,5.829880999999999,1566947957993
26826,226,Gyroscope,0.0421497,-0.19120082,-0.10629055,1566947958002
26827,226,Accelerometer,-7.6494746,-2.327164,5.934029,1566947958003
26828,226,Gyroscope,0.012217305,-0.23518312,-0.09712757,1566947958012
26829,226,Accelerometer,-7.4866686,-2.1906946,6.203377,1566947958013
26830,226,Gyroscope,-0.014660766,-0.25961772,-0.084910266,1566947958023
26831,226,Accelerometer,-7.356185000000001,-2.1871033,6.6247563,1566947958023
26832,226,Gyroscope,-0.040317107000000005,-0.22418754,-0.06169739,1566947958033
26833,226,Accelerometer,-7.050924,-2.2290018,7.017405,1566947958033
26834,226,Gyroscope,-0.070249505,-0.1386664,-0.035430185,1566947958042
26835,226,Accelerometer,-6.817489,-2.4624363999999996,7.2424603,1566947958043
26836,226,Gyroscope,-0.111177474,-0.043982297000000004,0.0030543262,1566947958052
26837,226,Accelerometer,-6.862978999999999,-2.4648306,7.199364699999999,1566947958053
26838,226,Gyroscope,-0.16065755,0.077579886,0.05497787,1566947958062
26839,226,Accelerometer,-6.562506699999999,-2.3642743,7.0724716,1566947958063
26840,226,Gyroscope,-0.19425514,0.19975294,0.10995574,1566947958072
26841,226,Accelerometer,-6.4763155,-2.3116016,6.955156,1566947958073
26842,226,Gyroscope,-0.19486602,0.27977628,0.13927728,1566947958083
26843,226,Accelerometer,-6.576872,-2.3642743,6.657078,1566947958083
26844,226,Gyroscope,-0.19730948,0.3475823,0.15088372,1566947958092
26845,226,Accelerometer,-6.685808,-2.2266076,6.171055,1566947958093
26846,226,Gyroscope,-0.1966986,0.37507126,0.15088372,1566947958102
26847,226,Accelerometer,-6.739678,-2.147599,5.738901599999999,1566947958103
26848,226,Gyroscope,-0.18387043,0.36285394,0.1337795,1566947958112
26849,226,Accelerometer,-7.017405,-2.1547816,5.430049400000001,1566947958113
26850,226,Gyroscope,-0.15821409,0.34147367,0.111177474,1566947958122
26851,226,Accelerometer,-7.1454949999999995,-2.2625206,5.199008999999999,1566947958123
26852,226,Gyroscope,-0.12767084,0.28893927,0.08979719,1566947958132
26853,226,Accelerometer,-7.4471645,-2.4361002,5.0493712,1566947958133
26854,226,Gyroscope,-0.09773844,0.21685717,0.07269296,1566947958143
26855,226,Accelerometer,-7.675811,-2.6001031,4.9200845,1566947958143
26856,226,Gyroscope,-0.09285152,0.15027285,0.06841691,1566947958152
26857,226,Accelerometer,-7.8158712,-2.730587,4.84347,1566947958153
26858,226,Gyroscope,-0.08246681,0.07696902,0.07086037,1566947958162
26859,226,Accelerometer,-7.937975999999999,-2.9053638,4.9559975,1566947958163
26860,226,Gyroscope,-0.058643065,0.007330383,0.06719518,1566947958172
26861,226,Accelerometer,-8.127118,-3.1531637000000003,5.121197,1566947958173
26862,226,Gyroscope,-0.036651913,-0.047647487,0.07574729,1566947958182
26863,226,Accelerometer,-8.439561,-3.0705638,5.048174400000001,1566947958183
26864,226,Gyroscope,-0.054367005999999996,-0.06963864,0.10445796,1566947958193
26865,226,Accelerometer,-8.037335,-2.6084828,5.094861,1566947958193
26866,226,Gyroscope,-0.056199603,-0.05681047,0.11178834,1566947958202
26867,226,Accelerometer,-7.347805,-2.8395232999999998,5.6898203,1566947958203
26868,226,Gyroscope,0.005497787,-0.07147124,0.08246681,1566947958212
26869,226,Accelerometer,-7.845799,-3.2800562000000006,5.946000000000001,1566947958213
26870,226,Gyroscope,0.019547688,-0.07147124,0.06963864,1566947958222
26871,226,Accelerometer,-7.7368627000000005,-2.6443958,5.601235,1566947958223
26872,226,Gyroscope,-0.04337143,-0.019547688,0.06597344599999999,1566947958232
26873,226,Accelerometer,-7.2807674,-2.3546975,5.623979599999999,1566947958233
26874,226,Gyroscope,-0.04337143,-0.019547688,0.044593163,1566947958242
26875,226,Accelerometer,-7.513005000000001,-2.5139117000000004,5.645528,1566947958243
26876,226,Gyroscope,-0.050701816,-0.015271631,0.0421497,1566947958253
26877,226,Accelerometer,-7.303512,-2.5797524,5.5617304,1566947958253
26878,226,Gyroscope,-0.029321532999999997,-0.022602014,0.030543262,1566947958262
26879,226,Accelerometer,-7.055712,-2.6312277,5.767632,1566947958263
26880,226,Gyroscope,0.007330383,-0.02321288,0.008552114,1566947958272
26881,226,Accelerometer,-7.322665700000001,-3.039439,6.0250087,1566947958273
26882,226,Gyroscope,0.004276057,-0.01282817,0.017104227,1566947958282
26883,226,Accelerometer,-7.717708999999999,-3.003526,5.8562174,1566947958283
26884,226,Gyroscope,-0.019547688,0.012217305,0.023823743999999997,1566947958292
26885,226,Accelerometer,-7.5046253,-2.5510217999999996,5.843049,1566947958293
26886,226,Gyroscope,-0.029321532999999997,0.023823743999999997,0.021991148999999998,1566947958302
26887,226,Accelerometer,-7.563283,-2.7557259999999997,5.8969190000000005,1566947958303
26888,226,Gyroscope,-0.04886922,0.02076942,0.029932396,1566947958312
26889,226,Accelerometer,-7.711724,-2.8203697,5.7005944,1566947958313
26890,226,Gyroscope,-0.08063421400000001,0.02321288,0.03604105,1566947958322
26891,226,Accelerometer,-7.4112515,-2.621651,5.529408999999999,1566947958323
26892,226,Gyroscope,-0.08796459400000001,0.03481932,0.028710667000000002,1566947958332
26893,226,Accelerometer,-7.240066000000001,-2.6839,5.685032,1566947958333
26894,226,Gyroscope,-0.06719518,0.02687807,0.02321288,1566947958342
26895,226,Accelerometer,-7.2699933,-2.9484594,5.807136,1566947958343
26896,226,Gyroscope,-0.05131268,0.017715093,0.019547688,1566947958352
26897,226,Accelerometer,-7.3334399999999995,-2.882619,5.841851999999999,1566947958353
26898,226,Gyroscope,-0.04276056599999999,0.040317107000000005,0.01038471,1566947958362
26899,226,Accelerometer,-7.171831,-2.765303,5.8693852,1566947958363
26900,226,Gyroscope,-0.035430185,0.040927973,0.01038471,1566947958373
26901,226,Accelerometer,-7.232883500000001,-2.8431146000000003,5.807136,1566947958373
26902,226,Gyroscope,-0.044593163,0.028099801,0.007941248,1566947958382
26903,226,Accelerometer,-7.28795,-2.8502972,5.676652400000001,1566947958383
26904,226,Gyroscope,-0.05131268,0.020158553,0.014660766,1566947958392
26905,226,Accelerometer,-7.228095,-2.895787,5.645528,1566947958393
26906,226,Gyroscope,-0.06291912,0.027488936000000002,0.02076942,1566947958402
26907,226,Accelerometer,-7.023391,-2.8179752999999996,5.662287,1566947958403
26908,226,Gyroscope,-0.06169739,0.009773844,0.02321288,1566947958412
26909,226,Accelerometer,-7.004237,-2.9376855,5.73531,1566947958413
26910,226,Gyroscope,-0.04337143,-0.0030543262,0.014660766,1566947958422
26911,226,Accelerometer,-7.3083005000000005,-3.0693667000000002,6.145916000000001,1566947958423
26912,226,Gyroscope,-0.030543262,-0.019547688,0.013439035,1566947958432
26913,226,Accelerometer,-7.314286,-2.834735,6.0501475,1566947958433
26914,226,Gyroscope,-0.05681047,0.007330383,0.015882496,1566947958442
26915,226,Accelerometer,-7.2484455,-2.7341783,5.951985400000001,1566947958443
26916,226,Gyroscope,-0.08307768,0.06291912,0.018325957,1566947958452
26917,226,Accelerometer,-7.243657000000001,-2.9364884,5.78918,1566947958453
26918,226,Gyroscope,-0.10934488,0.07513642,0.017715093,1566947958462
26919,226,Accelerometer,-7.3346367,-3.098097,5.730521700000001,1566947958463
26920,226,Gyroscope,-0.11056661,0.051923547,0.0067195175,1566947958473
26921,226,Accelerometer,-7.387309599999999,-3.1902738,5.7281275,1566947958473
26922,226,Gyroscope,-0.11178834,0.047036625,0.012217305,1566947958482
26923,226,Accelerometer,-7.568071400000001,-3.2273839,5.6407394,1566947958483
26924,226,Gyroscope,-0.11728613,0.03604105,0.02443461,1566947958492
26925,226,Accelerometer,-7.393294999999999,-3.0454244999999998,5.637148000000001,1566947958493
26926,226,Gyroscope,-0.12644911,0.03176499,0.031154128,1566947958502
26927,226,Accelerometer,-7.029375999999999,-2.8407204,5.8502316,1566947958503
26928,226,Gyroscope,-0.12156218,0.035430185,0.036651913,1566947958512
26929,226,Accelerometer,-7.047333,-2.932897,5.9280434,1566947958513
26930,226,Gyroscope,-0.12339478,0.02687807,0.052534412999999995,1566947958522
26931,226,Accelerometer,-7.147889,-2.9616275,5.9292407,1566947958523
26932,226,Gyroscope,-0.14721853,0.01282817,0.07880162,1566947958533
26933,226,Accelerometer,-7.3346367,-2.6982652999999996,5.7819970000000005,1566947958533
26934,226,Gyroscope,-0.17959438,-0.014049901000000002,0.11178834,1566947958542
26935,226,Accelerometer,-7.339425,-2.432509,5.801151,1566947958543
26936,226,Gyroscope,-0.19975294,-0.010995574,0.14844026,1566947958552
26937,226,Accelerometer,-7.199364699999999,-2.3511062000000003,5.8693852,1566947958553
26938,226,Gyroscope,-0.21197024,0.039095376,0.19242255,1566947958562
26939,226,Accelerometer,-7.107187700000001,-2.3535004,6.0405707,1566947958563
26940,226,Gyroscope,-0.19181168,0.1020145,0.22296582,1566947958572
26941,226,Accelerometer,-7.195773,-2.5043349999999998,6.0824695,1566947958573
26942,226,Gyroscope,-0.17531833,0.17348573,0.24190263,1566947958583
26943,226,Accelerometer,-7.410054,-2.6420016,5.9148755,1566947958583
26944,226,Gyroscope,-0.17531833,0.25534168,0.25900686,1566947958592
26945,226,Accelerometer,-7.563283,-2.5498247000000003,5.741296,1566947958593
26946,226,Gyroscope,-0.17287487,0.32009340000000003,0.26572640000000003,1566947958602
26947,226,Accelerometer,-7.667431,-2.445677,5.686229,1566947958603
26948,226,Gyroscope,-0.15393804,0.33292156,0.2565634,1566947958612
26949,226,Accelerometer,-7.9463553,-2.4025814999999997,5.54138,1566947958613
26950,226,Gyroscope,-0.14110987,0.30482176,0.24373524,1566947958622
26951,226,Accelerometer,-8.194156,-2.1799207000000003,5.323507299999999,1566947958623
26952,226,Gyroscope,-0.14844026,0.27855456,0.21991149,1566947958632
26953,226,Accelerometer,-8.133103,-1.8303672,5.129576999999999,1566947958633
26954,226,Gyroscope,-0.14477506,0.24068089999999998,0.18631389999999998,1566947958643
26955,226,Accelerometer,-8.042124000000001,-1.6555905,5.0397944,1566947958643
26956,226,Gyroscope,-0.11789699,0.15699236,0.13439035,1566947958652
26957,226,Accelerometer,-8.222886,-1.5693992,4.8853683,1566947958653
26958,226,Gyroscope,-0.095294975,0.035430185,0.09407325,1566947958662
26959,226,Accelerometer,-8.026561000000001,-1.3634979,4.88896,1566947958663
26960,226,Gyroscope,-0.07452556,-0.076358154,0.049480084,1566947958672
26961,226,Accelerometer,-7.807492,-1.2725182,5.092467,1566947958673
26962,226,Gyroscope,-0.045814894,-0.19058995,-0.03726278,1566947958682
26963,226,Accelerometer,-7.6494746,-1.271321,5.29358,1566947958683
26964,226,Gyroscope,-0.03604105,-0.2284636,-0.099571034,1566947958692
26965,226,Accelerometer,-7.478289,-1.5047556999999998,5.4623713,1566947958694
26966,226,Gyroscope,-0.026267206,-0.24190263,-0.14538592,1566947958703
26967,226,Accelerometer,-7.6494746,-1.8303672,5.638344999999999,1566947958703
26968,226,Gyroscope,-0.016493361,-0.19975294,-0.17837265,1566947958713
26969,226,Accelerometer,-7.7153149999999995,-2.019509,5.7005944,1566947958713
26970,226,Gyroscope,-0.0012217305,-0.15210545,-0.19242255,1566947958722
26971,226,Accelerometer,-7.6949644,-2.2134395000000002,5.6706667,1566947958723
26972,226,Gyroscope,0.020158553,-0.11484267,-0.19181168,1566947958732
26973,226,Accelerometer,-7.844601600000001,-2.3535004,5.6156,1566947958733
26974,226,Gyroscope,0.04153884,-0.08979719,-0.19730948,1566947958742
26975,226,Accelerometer,-7.7428484,-2.3594859,5.5461683,1566947958743
26976,226,Gyroscope,0.055588737,-0.073303826,-0.20586158,1566947958753
26977,226,Accelerometer,-7.7787614000000005,-2.4049757,5.577293,1566947958753
26978,226,Gyroscope,0.053145275,-0.06780604,-0.22052236,1566947958763
26979,226,Accelerometer,-7.77517,-2.5007436000000003,5.5760955999999995,1566947958763
26980,226,Gyroscope,0.040317107000000005,-0.07941248,-0.22052236,1566947958772
26981,226,Accelerometer,-7.9714947,-2.6168625,5.5377884,1566947958773
26982,226,Gyroscope,0.026267206,-0.09285152,-0.20525073,1566947958782
26983,226,Accelerometer,-7.9822683,-2.5605986,5.5737014,1566947958783
26984,226,Gyroscope,0.01282817,-0.10751228,-0.18203785,1566947958792
26985,226,Accelerometer,-7.825448,-2.4468741,5.681441,1566947958793
26986,226,Gyroscope,0.0036651915999999997,-0.13255776,-0.1563815,1566947958802
26987,226,Accelerometer,-7.763199,-2.4109612,5.8454432,1566947958803
26988,226,Gyroscope,-0.021991148999999998,-0.15393804,-0.13316862,1566947958813
26989,226,Accelerometer,-7.5944076,-2.2649147999999997,5.949591000000001,1566947958813
26990,226,Gyroscope,-0.045814894,-0.18692477,-0.10934488,1566947958823
26991,226,Accelerometer,-7.3789296,-2.135628,6.179435,1566947958823
26992,226,Gyroscope,-0.06414085,-0.17959438,-0.09590584,1566947958833
26993,226,Accelerometer,-7.1586633,-2.2385786,6.578069,1566947958833
26994,226,Gyroscope,-0.081855945,-0.14905111,-0.073303826,1566947958842
26995,226,Accelerometer,-7.0880339999999995,-2.432509,6.813898,1566947958843
26996,226,Gyroscope,-0.10934488,-0.086132,-0.037873644,1566947958852
26997,226,Accelerometer,-6.994660400000001,-2.6850972,6.979098,1566947958853
26998,226,Gyroscope,-0.13133603,0.018936822,0.022602014,1566947958862
26999,226,Accelerometer,-6.919242999999999,-2.873042,6.944382000000001,1566947958863
27000,226,Gyroscope,-0.14049901,0.14110987,0.08124508,1566947958873
27001,226,Accelerometer,-6.8641763,-2.8694507999999996,6.8127007,1566947958873
27002,226,Gyroscope,-0.13744467,0.24190263,0.12950343,1566947958882
27003,226,Accelerometer,-7.035361999999999,-2.6982652999999996,6.1064115,1566947958883
27004,226,Gyroscope,-0.12583824,0.29138273,0.15454891,1566947958892
27005,226,Accelerometer,-7.011419999999999,-2.4277205000000004,5.641936299999999,1566947958893
27006,226,Gyroscope,-0.12644911,0.3268129,0.16493362,1566947958902
27007,226,Accelerometer,-6.9348054,-2.2038627,5.3103394999999995,1566947958903
27008,226,Gyroscope,-0.12705997,0.32253686,0.1563815,1566947958912
27009,226,Accelerometer,-6.975507,-2.1883004,5.2121773000000005,1566947958913
27010,226,Gyroscope,-0.07513642,0.23518312,0.09773844,1566947958922
27011,226,Accelerometer,-7.217321000000001,-2.2996306,5.1906295,1566947958923
27012,226,Gyroscope,-0.040317107000000005,0.15332718,0.051923547,1566947958933
27013,226,Accelerometer,-7.420828299999999,-2.4480712000000002,5.1702785,1566947958933
27014,226,Gyroscope,-0.023823743999999997,0.08246681,0.014049901000000002,1566947958942
27015,226,Accelerometer,-7.668628,-2.6252422,5.0637364,1566947958943
27016,226,Gyroscope,-0.020158553,0.031154128,-0.0067195175,1566947958952
27017,226,Accelerometer,-7.7787614000000005,-2.8383262000000005,5.088876,1566947958953
27018,226,Gyroscope,-0.021380282999999996,-0.007330383,-0.009773844,1566947958962
27019,226,Accelerometer,-7.983465700000001,-2.9759927000000004,5.161899,1566947958963
27020,226,Gyroscope,-0.016493361,-0.031154128,-0.004886922,1566947958972
27021,226,Accelerometer,-7.912836599999999,-3.0490158,5.273229,1566947958973
27022,226,Gyroscope,-0.012217305,-0.02565634,0.013439035,1566947958982
27023,226,Accelerometer,-7.551311999999999,-3.2501287,5.49589,1566947958983
27024,226,Gyroscope,0.032986722999999996,-0.05131268,0.019547688,1566947958993
27025,226,Accelerometer,-7.7847466,-3.4512417,5.697003,1566947958993
27026,226,Gyroscope,0.062308256,-0.086132,0.028710667000000002,1566947959002
27027,226,Accelerometer,-7.7907324000000004,-3.1184477999999998,5.588066599999999,1566947959003
27028,226,Gyroscope,0.045814894,-0.04642576,0.048258353,1566947959012
27029,226,Accelerometer,-7.386112,-2.7269957000000002,5.5270147000000005,1566947959013
27030,226,Gyroscope,0.03604105,-0.032986722999999996,0.05131268,1566947959023
27031,226,Accelerometer,-7.36217,-2.7748797,5.6886234,1566947959023
27032,226,Gyroscope,0.039095376,-0.036651913,0.049480084,1566947959032
27033,226,Accelerometer,-7.1909847000000005,-2.7210102000000003,5.744887,1566947959033
27034,226,Gyroscope,0.032375857,-0.02443461,0.047036625,1566947959042
27035,226,Accelerometer,-6.9048777,-2.6563668,5.8801594,1566947959043
27036,226,Gyroscope,0.048258353,-0.017104227,0.027488936000000002,1566947959052
27037,226,Accelerometer,-7.249642999999999,-2.8203697,5.98311,1566947959053
27038,226,Gyroscope,0.0421497,-0.008552114,0.02076942,1566947959062
27039,226,Accelerometer,-7.3190745999999995,-2.6024973,5.7819970000000005,1566947959063
27040,226,Gyroscope,0.017715093,0.02076942,0.021991148999999998,1566947959072
27041,226,Accelerometer,-7.1790137000000005,-2.4672248,5.8238955,1566947959073
27042,226,Gyroscope,0.010995574,0.032986722999999996,0.016493361,1566947959082
27043,226,Accelerometer,-7.278373200000001,-2.4791958,5.8933277,1566947959083
27044,226,Gyroscope,0.012217305,0.025045475,0.008552114,1566947959092
27045,226,Accelerometer,-7.3106947,-2.4791958,5.920861,1566947959093
27046,226,Gyroscope,0.01160644,0.01160644,-0.002443461,1566947959102
27047,226,Accelerometer,-7.3106947,-2.4600422,5.975927400000001,1566947959103
27048,226,Gyroscope,0.0036651915999999997,0.009773844,-0.023823743999999997,1566947959112
27049,226,Accelerometer,-7.417236999999999,-2.4708161,6.0285997,1566947959113
27050,226,Gyroscope,-0.009773844,0.0030543262,-0.03604105,1566947959122
27051,226,Accelerometer,-7.540538300000001,-2.3989902,5.9890957,1566947959123
27052,226,Gyroscope,-0.034208454,0.019547688,-0.048258353,1566947959132
27053,226,Accelerometer,-7.419631,-2.3786395000000002,6.005855,1566947959133
27054,226,Gyroscope,-0.06169739,0.043982297000000004,-0.06597344599999999,1566947959142
27055,226,Accelerometer,-7.322665700000001,-2.4971522999999998,6.007052,1566947959143
27056,226,Gyroscope,-0.070249505,0.040927973,-0.06963864,1566947959152
27057,226,Accelerometer,-7.3645644,-2.7401638,6.0501475,1566947959153
27058,226,Gyroscope,-0.08735373,0.049480084,-0.058643065,1566947959162
27059,226,Accelerometer,-7.4088573,-2.8502972,6.0202203,1566947959163
27060,226,Gyroscope,-0.106901415,0.05375614,-0.040317107000000005,1566947959172
27061,226,Accelerometer,-7.2580222999999995,-2.7964275,5.877765,1566947959173
27062,226,Gyroscope,-0.10873401,0.054367005999999996,-0.021991148999999998,1566947959182
27063,226,Accelerometer,-7.1790137000000005,-2.8095956,5.877765,1566947959183
27064,226,Gyroscope,-0.09407325,0.057421334000000004,-0.004886922,1566947959192
27065,226,Accelerometer,-7.1730285,-2.8658595,5.919664,1566947959193
27066,226,Gyroscope,-0.0842994,0.06352998,0.004886922,1566947959203
27067,226,Accelerometer,-7.056909599999999,-2.8383262000000005,5.922058,1566947959203
27068,226,Gyroscope,-0.08002335,0.06658431,0.01160644,1566947959212
27069,226,Accelerometer,-7.1047934999999995,-2.791639,5.8669910000000005,1566947959213
27070,226,Gyroscope,-0.09285152,0.07513642,0.015882496,1566947959222
27071,226,Accelerometer,-7.0928226,-2.634819,5.7867856,1566947959223
27072,226,Gyroscope,-0.10262536,0.09101892,0.004276057,1566947959232
27073,226,Accelerometer,-6.983886200000001,-2.6144682999999995,5.8226986,1566947959233
27074,226,Gyroscope,-0.0983493,0.08979719,-0.0067195175,1566947959242
27075,226,Accelerometer,-7.2029557,-2.8311436000000003,5.8478374,1566947959243
27076,226,Gyroscope,-0.10567969,0.09590584,-0.013439035,1566947959252
27077,226,Accelerometer,-7.289147,-2.9017725,5.785588300000001,1566947959253
27078,226,Gyroscope,-0.112399206,0.08307768,-0.014049901000000002,1566947959262
27079,226,Accelerometer,-7.356185000000001,-2.9771897999999997,5.676652400000001,1566947959263
27080,226,Gyroscope,-0.1160644,0.059253927000000005,-0.021380282999999996,1566947959272
27081,226,Accelerometer,-7.522581599999999,-3.1723173,5.5725045,1566947959273
27082,226,Gyroscope,-0.12278391400000001,0.06352998,-0.010995574,1566947959282
27083,226,Accelerometer,-7.216124000000001,-3.3195608,5.459976999999999,1566947959283
27084,226,Gyroscope,-0.10934488,0.05681047,-0.0036651915999999997,1566947959292
27085,226,Accelerometer,-7.1466923,-3.3901896000000002,5.4504004,1566947959293
27086,226,Gyroscope,-0.09162979,0.034208454,0.008552114,1566947959302
27087,226,Accelerometer,-7.243657000000001,-3.5386300000000004,5.366603,1566947959303
27088,226,Gyroscope,-0.08674286,0.007330383,0.026267206,1566947959312
27089,226,Accelerometer,-7.204153,-3.4392707000000002,5.3247046,1566947959313
27090,226,Gyroscope,-0.08857546,-0.03726278,0.04337143,1566947959322
27091,226,Accelerometer,-7.3214690000000004,-3.1052797,5.3725886,1566947959323
27092,226,Gyroscope,-0.08796459400000001,-0.059253927000000005,0.069027774,1566947959332
27093,226,Accelerometer,-6.9958572,-2.7090392000000003,5.5856724,1566947959333
27094,226,Gyroscope,-0.08307768,-0.069027774,0.11178834,1566947959342
27095,226,Accelerometer,-7.180211,-2.349909,5.9364233,1566947959342
27096,226,Gyroscope,-0.07452556,-0.096516706,0.14294247,1566947959352
27097,226,Accelerometer,-7.2975270000000005,-2.336741,5.98311,1566947959353
27098,226,Gyroscope,-0.07147124,-0.12705997,0.17165314,1566947959362
27099,226,Accelerometer,-7.159860000000001,-2.1894975,6.1279593,1566947959363
27100,226,Gyroscope,-0.08246681,-0.09040806,0.21013765,1566947959372
27101,226,Accelerometer,-7.153875,-2.099715,6.133945,1566947959373
27102,226,Gyroscope,-0.1142318,-0.029321532999999997,0.22785273,1566947959382
27103,226,Accelerometer,-7.204153,-1.9823990000000002,6.1818290000000005,1566947959383
27104,226,Gyroscope,-0.12278391400000001,0.034208454,0.23090707,1566947959392
27105,226,Accelerometer,-7.254431200000001,-1.9357121,6.291962,1566947959393
27106,226,Gyroscope,-0.118507855,0.116675265,0.21930063,1566947959402
27107,226,Accelerometer,-7.2867527,-2.0266917,6.199784999999999,1566947959403
27108,226,Gyroscope,-0.12461651,0.18020524,0.19792034,1566947959413
27109,226,Accelerometer,-7.516596300000001,-1.9800048,5.996278299999999,1566947959413
27110,226,Gyroscope,-0.1337795,0.19792034,0.16798794,1566947959422
27111,226,Accelerometer,-7.72968,-1.8662802,5.801151,1566947959423
27112,226,Gyroscope,-0.14172074,0.18692477,0.14294247,1566947959432
27113,226,Accelerometer,-7.803900200000001,-1.8100165000000001,5.707777,1566947959433
27114,226,Gyroscope,-0.13561209,0.14844026,0.11484267,1566947959442
27115,226,Accelerometer,-7.8948803,-1.8579005000000002,5.6586957,1566947959443
27116,226,Gyroscope,-0.12767084,0.09285152,0.08674286,1566947959452
27117,226,Accelerometer,-8.14268,-2.0207062,5.608417500000001,1566947959453
27118,226,Gyroscope,-0.12156218,0.04153884,0.06841691,1566947959462
27119,226,Accelerometer,-8.249222,-2.1152773,5.5222263,1566947959463
27120,226,Gyroscope,-0.1282817,0.004886922,0.061086524,1566947959472
27121,226,Accelerometer,-8.22528,-2.1703438999999998,5.449203,1566947959473
27122,226,Gyroscope,-0.14355333,-0.009162978,0.06047566,1566947959483
27123,226,Accelerometer,-8.115147,-2.2170308,5.4240639999999996,1566947959483
27124,226,Gyroscope,-0.15332718,-0.021380282999999996,0.059864793,1566947959492
27125,226,Accelerometer,-8.075643,-2.349909,5.2684407,1566947959493
27126,226,Gyroscope,-0.16798794,-0.051923547,0.06352998,1566947959502
27127,226,Accelerometer,-7.868544,-2.3199813,5.1918263,1566947959503
27128,226,Gyroscope,-0.1777618,-0.054367005999999996,0.06536258,1566947959513
27129,226,Accelerometer,-7.6470804,-2.2098482,5.1822495,1566947959513
27130,226,Gyroscope,-0.16432275,-0.055588737,0.0580322,1566947959522
27131,226,Accelerometer,-7.4866686,-2.087744,5.195418,1566947959523
27132,226,Gyroscope,-0.1337795,-0.070249505,0.0421497,1566947959532
27133,226,Accelerometer,-7.441178999999999,-1.9572599,5.282806,1566947959533
27134,226,Gyroscope,-0.10751228,-0.07819075,0.01160644,1566947959542
27135,226,Accelerometer,-7.366958599999999,-1.8626889,5.412093,1566947959543
27136,226,Gyroscope,-0.07696902,-0.08735373,-0.02565634,1566947959552
27137,226,Accelerometer,-7.431602000000001,-1.9644424999999999,5.592855,1566947959553
27138,226,Gyroscope,-0.052534412999999995,-0.1160644,-0.059253927000000005,1566947959562
27139,226,Accelerometer,-7.8146744,-2.0075380000000003,5.583278,1566947959563
27140,226,Gyroscope,-0.058643065,-0.10812314599999999,-0.077579886,1566947959572
27141,226,Accelerometer,-7.8649526,-1.9440918000000003,5.553351,1566947959573
27142,226,Gyroscope,-0.08368854,-0.070249505,-0.08063421400000001,1566947959582
27143,226,Accelerometer,-7.848192999999999,-2.0075380000000003,5.5329999999999995,1566947959583
27144,226,Gyroscope,-0.112399206,-0.03604105,-0.077579886,1566947959592
27145,226,Accelerometer,-7.690175999999999,-2.183512,5.6299653,1566947959593
27146,226,Gyroscope,-0.12095132,0.008552114,-0.07941248,1566947959602
27147,226,Accelerometer,-7.431602000000001,-2.4480712000000002,5.8119245,1566947959603
27148,226,Gyroscope,-0.10751228,0.06536258,-0.07452556,1566947959612
27149,226,Accelerometer,-7.483077499999999,-2.6384103,5.8598084,1566947959613
27150,226,Gyroscope,-0.10934488,0.086132,-0.073303826,1566947959622
27151,226,Accelerometer,-7.501034,-2.528277,5.8095303,1566947959623
27152,226,Gyroscope,-0.11728613,0.073303826,-0.08979719,1566947959632
27153,226,Accelerometer,-7.675811,-2.3965959999999997,5.6910176,1566947959633
27154,226,Gyroscope,-0.13194689,0.026267206,-0.12156218,1566947959643
27155,226,Accelerometer,-8.002619000000001,-2.2756886,5.619191000000001,1566947959643
27156,226,Gyroscope,-0.16676621,-0.048258353,-0.13133603,1566947959652
27157,226,Accelerometer,-8.3868885,-2.1272482999999998,5.4982843,1566947959653
27158,226,Gyroscope,-0.20280726,-0.11911872,-0.119729586,1566947959662
27159,226,Accelerometer,-8.26239,-1.9895816000000002,5.693412,1566947959663
27160,226,Gyroscope,-0.21380283,-0.16920967,-0.09712757,1566947959673
27161,226,Accelerometer,-8.057686,-2.0482395,6.053739,1566947959673
27162,226,Gyroscope,-0.204029,-0.17165314,-0.07452556,1566947959682
27163,226,Accelerometer,-7.6626425000000005,-2.3235726000000003,6.405687,1566947959683
27164,226,Gyroscope,-0.204029,-0.13744467,-0.037873644,1566947959692
27165,226,Accelerometer,-7.3418193,-2.6755204,6.566097999999999,1566947959693
27166,226,Gyroscope,-0.22174409,-0.0842994,0.018936822,1566947959702
27167,226,Accelerometer,-7.0102224,-2.8814217999999996,6.471527,1566947959703
27168,226,Gyroscope,-0.23579398,-0.015882496,0.073303826,1566947959712
27169,226,Accelerometer,-6.503849,-2.9197290000000002,6.506243,1566947959713
27170,226,Gyroscope,-0.22602014,0.048258353,0.10812314599999999,1566947959722
27171,226,Accelerometer,-6.2213330000000004,-2.96881,6.5852520000000005,1566947959723
27172,226,Gyroscope,-0.20769419,0.106901415,0.11484267,1566947959732
27173,226,Accelerometer,-6.1938,-2.8909986,6.5218053,1566947959733
27174,226,Gyroscope,-0.18631389999999998,0.15882497,0.12217305,1566947959742
27175,226,Accelerometer,-6.314707,-2.7868507,6.354211299999999,1566947959743
27176,226,Gyroscope,-0.172264,0.19730948,0.12583824,1566947959752
27177,226,Accelerometer,-6.649895,-2.633622,6.0441623,1566947959753
27178,226,Gyroscope,-0.16493362,0.2284636,0.13255776,1566947959762
27179,226,Accelerometer,-6.8569937,-2.4875755,5.750872599999999,1566947959763
27180,226,Gyroscope,-0.15149458,0.24129178,0.12889257,1566947959772
27181,226,Accelerometer,-6.9515649999999996,-2.5127146000000002,5.5701103,1566947959773
27182,226,Gyroscope,-0.12034045,0.226631,0.11056661,1566947959782
27183,226,Accelerometer,-7.273585000000001,-2.6767175,5.511451999999999,1566947959783
27184,226,Gyroscope,-0.096516706,0.19486602,0.09468412,1566947959792
27185,226,Accelerometer,-7.502231,-2.7856536,5.430049400000001,1566947959793
27186,226,Gyroscope,-0.0842994,0.14782938,0.070249505,1566947959803
27187,226,Accelerometer,-7.973889,-2.8407204,5.1343656,1566947959803
27188,226,Gyroscope,-0.08796459400000001,0.111177474,0.064751714,1566947959812
27189,226,Accelerometer,-7.929596000000001,-2.7257986,5.007473,1566947959813
27190,226,Gyroscope,-0.09896017,0.07147124,0.069027774,1566947959822
27191,226,Accelerometer,-7.826645399999999,-2.6850972,5.043386,1566947959823
27192,226,Gyroscope,-0.07941248,0.0030543262,0.056199603,1566947959832
27193,226,Accelerometer,-7.809886,-2.7090392000000003,5.0517654,1566947959833
27194,226,Gyroscope,-0.054367005999999996,-0.04337143,0.04153884,1566947959842
27195,226,Accelerometer,-7.653065700000001,-2.6252422,5.121197,1566947959843
27196,226,Gyroscope,-0.03848451,-0.07391469,0.02565634,1566947959852
27197,226,Accelerometer,-7.499836999999999,-2.5594015,5.33069,1566947959853
27198,226,Gyroscope,-0.016493361,-0.09285152,0.0061086523,1566947959862
27199,226,Accelerometer,-7.5189905,-2.7401638,5.588066599999999,1566947959863
27200,226,Gyroscope,-0.0030543262,-0.10567969,-0.0030543262,1566947959872
27201,226,Accelerometer,-7.739257,-2.7437549999999997,5.641936299999999,1566947959873
27202,226,Gyroscope,-0.017104227,-0.086132,0.0061086523,1566947959882
27203,226,Accelerometer,-7.6243353,-2.634819,5.637148000000001,1566947959883
27204,226,Gyroscope,-0.03604105,-0.059253927000000005,0.019547688,1566947959892
27205,226,Accelerometer,-7.517792999999999,-2.6120741,5.6826377,1566947959893
27206,226,Gyroscope,-0.028710667000000002,-0.043982297000000004,0.028710667000000002,1566947959902
27207,226,Accelerometer,-7.396886299999999,-2.707842,5.807136,1566947959903
27208,226,Gyroscope,-0.017715093,-0.030543262,0.027488936000000002,1566947959912
27209,226,Accelerometer,-7.413645699999999,-2.7736826,5.853823,1566947959913
27210,226,Gyroscope,-0.0061086523,-0.032375857,0.03176499,1566947959922
27211,226,Accelerometer,-7.4806833,-2.717419,5.840655,1566947959923
27212,226,Gyroscope,-0.007330383,-0.034208454,0.031154128,1566947959933
27213,226,Accelerometer,-7.462726600000001,-2.6695349999999998,5.8274870000000005,1566947959933
27214,226,Gyroscope,-0.021380282999999996,-0.020158553,0.03176499,1566947959942
27215,226,Accelerometer,-7.529764,-2.6204537999999995,5.816713,1566947959943
27216,226,Gyroscope,-0.036651913,-0.017104227,0.037873644,1566947959952
27217,226,Accelerometer,-7.467515,-2.553416,5.807136,1566947959953
27218,226,Gyroscope,-0.06169739,-0.017104227,0.04520403,1566947959962
27219,226,Accelerometer,-7.369353,-2.4947581000000003,5.819107,1566947959963
27220,226,Gyroscope,-0.06963864,-0.022602014,0.050701816,1566947959972
27221,226,Accelerometer,-7.41604,-2.5486276,5.8705826,1566947959973
27222,226,Gyroscope,-0.07696902,-0.028099801,0.052534412999999995,1566947959982
27223,226,Accelerometer,-7.520187400000001,-2.657564,5.8969190000000005,1566947959983
27224,226,Gyroscope,-0.077579886,-0.022602014,0.057421334000000004,1566947959992
27225,226,Accelerometer,-7.523778999999999,-2.6611552000000005,5.930437599999999,1566947959993
27226,226,Gyroscope,-0.08857546,-0.01038471,0.05681047,1566947960003
27227,226,Accelerometer,-7.5333557,-2.6192567,5.9627595,1566947960003
27228,226,Gyroscope,-0.105068825,0.021991148999999998,0.051923547,1566947960012
27229,226,Accelerometer,-7.410054,-2.6647465,5.949591000000001,1566947960013
27230,226,Gyroscope,-0.12278391400000001,0.048258353,0.049480084,1566947960022
27231,226,Accelerometer,-7.368156,-2.7868507,5.8921304,1566947960023
27232,226,Gyroscope,-0.13561209,0.06597344599999999,0.047647487,1566947960033
27233,226,Accelerometer,-7.381324,-2.825158,5.78918,1566947960033
27234,226,Gyroscope,-0.14966199,0.07147124,0.050701816,1566947960042
27235,226,Accelerometer,-7.2963295,-2.7988217,5.7017913,1566947960043
27236,226,Gyroscope,-0.1563815,0.07086037,0.043982297000000004,1566947960052
27237,226,Accelerometer,-7.189788,-2.8383262000000005,5.66109,1566947960053
27238,226,Gyroscope,-0.15393804,0.054367005999999996,0.03176499,1566947960062
27239,226,Accelerometer,-7.169436999999999,-2.8694507999999996,5.608417500000001,1566947960063
27240,226,Gyroscope,-0.15515977,0.027488936000000002,0.021991148999999998,1566947960072
27241,226,Accelerometer,-7.1454949999999995,-2.8000187999999997,5.5485625,1566947960073
27242,226,Gyroscope,-0.15271631,0.020158553,0.01038471,1566947960082
27243,226,Accelerometer,-6.9671270000000005,-2.7521348,5.5976434,1566947960083
27244,226,Gyroscope,-0.13683382,0.0067195175,0.0018325957999999999,1566947960092
27245,226,Accelerometer,-6.9527617,-2.8933928,5.6898203,1566947960093
27246,226,Gyroscope,-0.12278391400000001,-0.010995574,-0.009162978,1566947960102
27247,226,Accelerometer,-7.0593038,-3.0346506,5.731719,1566947960103
27248,226,Gyroscope,-0.12461651,-0.040317107000000005,-0.016493361,1566947960112
27249,226,Accelerometer,-7.1167645,-3.040636,5.730521700000001,1566947960113
27250,226,Gyroscope,-0.13439035,-0.051923547,-0.014049901000000002,1566947960122
27251,226,Accelerometer,-7.153875,-3.0023289,5.750872599999999,1566947960123
27252,226,Gyroscope,-0.14355333,-0.045814894,-0.01038471,1566947960132
27253,226,Accelerometer,-7.1431007,-2.9556419999999997,5.7975593,1566947960133
27254,226,Gyroscope,-0.14355333,-0.03359759,-0.0018325957999999999,1566947960143
27255,226,Accelerometer,-7.0724716,-3.0765493,5.898116,1566947960143
27256,226,Gyroscope,-0.14355333,-0.02443461,0.018936822,1566947960152
27257,226,Accelerometer,-7.1670427,-3.1878796,5.985504,1566947960153
27258,226,Gyroscope,-0.14538592,-0.014049901000000002,0.03848451,1566947960162
27259,226,Accelerometer,-7.1706343,-3.2106244999999998,6.027403,1566947960163
27260,226,Gyroscope,-0.15027285,-0.02321288,0.06291912,1566947960173
27261,226,Accelerometer,-7.216124000000001,-3.1591492000000003,5.954379599999999,1566947960173
27262,226,Gyroscope,-0.15454891,-0.0421497,0.077579886,1566947960182
27263,226,Accelerometer,-7.216124000000001,-3.0154970000000003,5.9531827,1566947960183
27264,226,Gyroscope,-0.1563815,-0.07941248,0.09162979,1566947960192
27265,226,Accelerometer,-7.289147,-2.918532,5.9771247,1566947960193
27266,226,Gyroscope,-0.16249016,-0.0720821,0.09773844,1566947960203
27267,226,Accelerometer,-6.8198833,-2.956839,6.143522,1566947960203
27268,226,Gyroscope,-0.15882497,-0.023823743999999997,0.12156218,1566947960212
27269,226,Accelerometer,-6.556521400000001,-2.895787,6.349423000000001,1566947960213
27270,226,Gyroscope,-0.172264,0.055588737,0.14599679999999998,1566947960222
27271,226,Accelerometer,-6.728903999999999,-2.7257986,6.242881,1566947960223
27272,226,Gyroscope,-0.1966986,0.1020145,0.15882497,1566947960232
27273,226,Accelerometer,-6.669049,-2.718616,6.0740894999999995,1566947960233
27274,226,Gyroscope,-0.22174409,0.12583824,0.16065755,1566947960243
27275,226,Accelerometer,-6.75524,-2.6324248,5.9400144,1566947960243
27276,226,Gyroscope,-0.22540927,0.12767084,0.14966199,1566947960252
27277,226,Accelerometer,-7.019799000000001,-2.432509,5.8179099999999995,1566947960253
27278,226,Gyroscope,-0.21930063,0.105068825,0.13255776,1566947960262
27279,226,Accelerometer,-7.485471700000001,-2.6013002,5.4863133,1566947960263
27280,226,Gyroscope,-0.21258110000000002,0.08063421400000001,0.1020145,1566947960273
27281,226,Accelerometer,-7.687782,-2.6659436000000003,5.459976999999999,1566947960273
27282,226,Gyroscope,-0.20341812,0.058643065,0.08002335,1566947960282
27283,226,Accelerometer,-7.891288799999999,-2.8443117,5.5162406,1566947960283
27284,226,Gyroscope,-0.18936823,0.043982297000000004,0.064751714,1566947960292
27285,226,Accelerometer,-7.994239299999999,-2.9807810000000003,5.4515970000000005,1566947960293
27286,226,Gyroscope,-0.1966986,0.053145275,0.07880162,1566947960303
27287,226,Accelerometer,-7.9810715,-3.0490158,5.3247046,1566947960303
27288,226,Gyroscope,-0.21319197,0.0580322,0.10445796,1566947960312
27289,226,Accelerometer,-7.902063,-3.1543607999999996,5.243302,1566947960313
27290,226,Gyroscope,-0.22357668,0.04520403,0.119729586,1566947960322
27291,226,Accelerometer,-7.823053999999999,-3.2716765,5.2995653,1566947960323
27292,226,Gyroscope,-0.22357668,0.035430185,0.124005646,1566947960332
27293,226,Accelerometer,-7.767987299999999,-3.2944214,5.3522377,1566947960333
27294,226,Gyroscope,-0.21013765,0.031154128,0.12767084,1566947960342
27295,226,Accelerometer,-7.896077,-3.169923,5.4025164000000006,1566947960343
27296,226,Gyroscope,-0.19120082,0.03970624,0.12461651,1566947960353
27297,226,Accelerometer,-7.795521000000001,-3.1232362,5.4539914000000005,1566947960353
27298,226,Gyroscope,-0.16737708,0.034208454,0.11056661,1566947960362
27299,226,Accelerometer,-7.727286,-3.1172507,5.463568,1566947960363
27300,226,Gyroscope,-0.15027285,0.030543262,0.08735373,1566947960372
27301,226,Accelerometer,-7.754819400000001,-3.0202854,5.410896,1566947960373
27302,226,Gyroscope,-0.14660765,0.020158553,0.07147124,1566947960383
27303,226,Accelerometer,-7.703344,-2.9149406000000004,5.3905449999999995,1566947960383
27304,226,Gyroscope,-0.14966199,0.004886922,0.06414085,1566947960392
27305,226,Accelerometer,-7.659051400000001,-2.814384,5.3259015,1566947960393
27306,226,Gyroscope,-0.1441642,-0.01160644,0.06536258,1566947960402
27307,226,Accelerometer,-7.590816499999999,-2.7748797,5.323507299999999,1566947960403
27308,226,Gyroscope,-0.13439035,-0.037873644,0.06841691,1566947960413
27309,226,Accelerometer,-7.700949700000001,-2.7102362999999996,5.3127337,1566947960413
27310,226,Gyroscope,-0.11911872,-0.07513642,0.06658431,1566947960422
27311,226,Accelerometer,-7.6171527,-2.5761611,5.311536299999999,1566947960423
27312,226,Gyroscope,-0.116675265,-0.10445796,0.070249505,1566947960432
27313,226,Accelerometer,-7.424419400000001,-2.4145525,5.366603,1566947960433
27314,226,Gyroscope,-0.1142318,-0.13011430000000002,0.07941248,1566947960442
27315,226,Accelerometer,-7.311891999999999,-2.2960392999999995,5.513846400000001,1566947960443
27316,226,Gyroscope,-0.103847094,-0.1563815,0.07941248,1566947960452
27317,226,Accelerometer,-7.2664022,-2.2158337,5.7808,1566947960453
27318,226,Gyroscope,-0.092240654,-0.15393804,0.077579886,1566947960462
27319,226,Accelerometer,-7.1742253,-2.147599,6.041768,1566947960463
27320,226,Gyroscope,-0.09468412,-0.12278391400000001,0.07391469,1566947960472
27321,226,Accelerometer,-7.2113357,-2.0709844,6.023811299999999,1566947960474
27322,226,Gyroscope,-0.111177474,-0.08002335,0.06047566,1566947960482
27323,226,Accelerometer,-7.240066000000001,-2.1871033,5.90889,1566947960483
27324,226,Gyroscope,-0.12583824,-0.036651913,0.04520403,1566947960492
27325,226,Accelerometer,-7.314286,-2.4612392999999995,5.9292407,1566947960493
27326,226,Gyroscope,-0.13011430000000002,-0.0030543262,0.025045475,1566947960502
27327,226,Accelerometer,-7.461529700000001,-2.7018566,6.005855,1566947960503
27328,226,Gyroscope,-0.12705997,0.025045475,0.009162978,1566947960512
27329,226,Accelerometer,-7.513005000000001,-2.7820622999999998,6.06571,1566947960513
27330,226,Gyroscope,-0.12705997,0.06291912,-0.002443461,1566947960522
27331,226,Accelerometer,-7.4591354999999995,-2.8407204,6.0106435,1566947960523
27332,226,Gyroscope,-0.13316862,0.11301007,-0.0012217305,1566947960532
27333,226,Accelerometer,-7.325060000000001,-2.9017725,5.9364233,1566947960533
27334,226,Gyroscope,-0.13988814,0.11056661,0.012217305,1566947960542
27335,226,Accelerometer,-7.199364699999999,-2.9735985,5.7879825,1566947960543
27336,226,Gyroscope,-0.13439035,0.07086037,0.030543262,1566947960552
27337,226,Accelerometer,-7.0341644,-3.0214825000000003,5.705383,1566947960553
27338,226,Gyroscope,-0.12034045,0.044593163,0.04153884,1566947960562
27339,226,Accelerometer,-6.873753,-2.9640217,5.765238,1566947960563
27340,226,Gyroscope,-0.106901415,-0.00061086525,0.056199603,1566947960572
27341,226,Accelerometer,-6.9647326000000005,-2.8419175,5.7616463,1566947960573
27342,226,Gyroscope,-0.10445796,-0.047647487,0.064751714,1566947960582
27343,226,Accelerometer,-6.947973299999999,-2.610877,5.777209,1566947960583
27344,226,Gyroscope,-0.10567969,-0.061086524,0.070249505,1566947960592
27345,226,Accelerometer,-6.879739,-2.4085669999999997,5.9280434,1566947960593
27346,226,Gyroscope,-0.10751228,-0.051923547,0.08368854,1566947960602
27347,226,Accelerometer,-6.998251400000001,-2.2816741,6.1207767,1566947960603
27348,226,Gyroscope,-0.10873401,-0.05375614,0.092240654,1566947960612
27349,226,Accelerometer,-7.2304892999999995,-2.1619642000000003,6.1578870000000006,1566947960613
27350,226,Gyroscope,-0.103847094,-0.0580322,0.09896017,1566947960622
27351,226,Accelerometer,-7.313089,-2.1212628,6.2763995999999995,1566947960623
27352,226,Gyroscope,-0.09896017,-0.04337143,0.10140363,1566947960633
27353,226,Accelerometer,-7.4639240000000004,-2.1978772,6.2979474,1566947960633
27354,226,Gyroscope,-0.11301007,-0.018936822,0.08674286,1566947960642
27355,226,Accelerometer,-7.6231384,-2.1416135,6.1686606,1566947960643
27356,226,Gyroscope,-0.14599679999999998,0.013439035,0.06963864,1566947960652
27357,226,Accelerometer,-7.728483,-2.079364,6.030994000000001,1566947960653
27358,226,Gyroscope,-0.18509217,0.04153884,0.04276056599999999,1566947960662
27359,226,Accelerometer,-7.677007700000001,-1.9859903,5.8586116,1566947960663
27360,226,Gyroscope,-0.204029,0.06963864,0.014049901000000002,1566947960673
27361,226,Accelerometer,-7.5321584,-2.0422540000000002,5.815516000000001,1566947960673
27362,226,Gyroscope,-0.19303341,0.08857546,-0.014049901000000002,1566947960682
27363,226,Accelerometer,-7.451953,-2.2170308,5.7975593,1566947960683
27364,226,Gyroscope,-0.17348573,0.08063421400000001,-0.029321532999999997,1566947960692
27365,226,Accelerometer,-7.445967,-2.3918076,5.7281275,1566947960693
27366,226,Gyroscope,-0.15699236,0.07147124,-0.02687807,1566947960702
27367,226,Accelerometer,-7.443573,-2.553416,5.687426,1566947960703
27368,226,Gyroscope,-0.1423316,0.06597344599999999,-0.012217305,1566947960712
27369,226,Accelerometer,-7.548918,-2.7485435000000003,5.614403,1566947960713
27370,226,Gyroscope,-0.13988814,0.07147124,0.018936822,1566947960722
27371,226,Accelerometer,-7.708132300000001,-2.8299465,5.4061074,1566947960723
27372,226,Gyroscope,-0.1423316,0.06841691,0.048258353,1566947960732
27373,226,Accelerometer,-7.6470804,-2.8933928,5.4539914000000005,1566947960733
27374,226,Gyroscope,-0.13744467,0.057421334000000004,0.070249505,1566947960742
27375,226,Accelerometer,-7.6267295,-2.9759927000000004,5.4791307,1566947960743
27376,226,Gyroscope,-0.13316862,0.055588737,0.08735373,1566947960752
27377,226,Accelerometer,-7.589619,-3.0538042,5.396530599999999,1566947960753
27378,226,Gyroscope,-0.1337795,0.03481932,0.116675265,1566947960762
27379,226,Accelerometer,-7.4914570000000005,-3.0777464,5.366603,1566947960763
27380,226,Gyroscope,-0.1337795,0.002443461,0.13072516,1566947960772
27381,226,Accelerometer,-7.3549875999999985,-3.0669725,5.3941364,1566947960773
27382,226,Gyroscope,-0.124005646,-0.016493361,0.13500121,1566947960782
27383,226,Accelerometer,-7.346607700000001,-3.039439,5.392939,1566947960783
27384,226,Gyroscope,-0.10995574,-0.018936822,0.13561209,1566947960793
27385,226,Accelerometer,-7.3346367,-2.9652187999999997,5.335478299999999,1566947960793
27386,226,Gyroscope,-0.096516706,-0.03481932,0.12889257,1566947960802
27387,226,Accelerometer,-7.351396,-3.0059202000000003,5.366603,1566947960803
27388,226,Gyroscope,-0.07819075,-0.05009095,0.105068825,1566947960812
27389,226,Accelerometer,-7.4735007,-2.992752,5.430049400000001,1566947960813
27390,226,Gyroscope,-0.05497787,-0.0720821,0.07696902,1566947960822
27391,226,Accelerometer,-7.53575,-2.8407204,5.474342299999999,1566947960823
27392,226,Gyroscope,-0.043982297000000004,-0.08124508,0.04886922,1566947960832
27393,226,Accelerometer,-7.5309615,-2.7485435000000003,5.553351,1566947960833
27394,226,Gyroscope,-0.039095376,-0.08307768,0.02321288,1566947960843
27395,226,Accelerometer,-7.550114999999999,-2.802413,5.5988407,1566947960843
27396,226,Gyroscope,-0.040927973,-0.09040806,-0.004276057,1566947960852
27397,226,Accelerometer,-7.6961613,-2.9424740000000003,5.591658,1566947960853
27398,226,Gyroscope,-0.057421334000000004,-0.1020145,-0.016493361,1566947960862
27399,226,Accelerometer,-7.702147,-2.9005754,5.664681400000001,1566947960863
27400,226,Gyroscope,-0.084910266,-0.111177474,-0.022602014,1566947960872
27401,226,Accelerometer,-7.653065700000001,-2.8538885,5.7975593,1566947960873
27402,226,Gyroscope,-0.10812314599999999,-0.10812314599999999,-0.030543262,1566947960883
27403,226,Accelerometer,-7.410054,-2.8742392000000003,5.959168,1566947960883
27404,226,Gyroscope,-0.12644911,-0.095294975,-0.029932396,1566947960892
27405,226,Accelerometer,-7.252037,-2.9209259999999997,6.1387334000000005,1566947960893
27406,226,Gyroscope,-0.14599679999999998,-0.08796459400000001,-0.029932396,1566947960902
27407,226,Accelerometer,-7.2185183,-2.9508536,6.2524576,1566947960903
27408,226,Gyroscope,-0.1777618,-0.06841691,-0.016493361,1566947960912
27409,226,Accelerometer,-7.125144500000001,-2.8263552000000005,6.3182983,1566947960913
27410,226,Gyroscope,-0.21197024,-0.02565634,0.015271631,1566947960922
27411,226,Accelerometer,-6.878541499999999,-2.6743232999999997,6.3721676,1566947960923
27412,226,Gyroscope,-0.24129178,0.026267206,0.045814894,1566947960932
27413,226,Accelerometer,-6.6750345,-2.6719291000000003,6.403292700000001,1566947960933
27414,226,Gyroscope,-0.25473082,0.06658431,0.07696902,1566947960943
27415,226,Accelerometer,-6.5577183,-2.7808652,6.429629,1566947960943
27416,226,Gyroscope,-0.25350907,0.106901415,0.106901415,1566947960952
27417,226,Accelerometer,-6.4583592,-2.9197290000000002,6.432023,1566947960953
27418,226,Gyroscope,-0.25411993,0.14844026,0.13683382,1566947960962
27419,226,Accelerometer,-6.351817,-2.9161377,6.411672,1566947960963
27420,226,Gyroscope,-0.25350907,0.18387043,0.15393804,1566947960972
27421,226,Accelerometer,-6.397307,-2.8778305,6.324283599999999,1566947960973
27422,226,Gyroscope,-0.24984388,0.20769419,0.16004670000000001,1566947960982
27423,226,Accelerometer,-6.489484,-2.8802247000000003,6.1806316,1566947960983
27424,226,Gyroscope,-0.24373524,0.22052236,0.15454891,1566947960992
27425,226,Accelerometer,-6.5026517,-2.8921957000000003,6.099229,1566947960993
27426,226,Gyroscope,-0.23273966,0.22907446,0.15149458,1566947961002
27427,226,Accelerometer,-6.6151789999999995,-2.9472623,5.9687448,1566947961003
27428,226,Gyroscope,-0.2284636,0.22296582,0.1441642,1566947961013
27429,226,Accelerometer,-6.8869214,-3.0550013,5.677849299999999,1566947961013
27430,226,Gyroscope,-0.21868975,0.19058995,0.1282817,1566947961022
27431,226,Accelerometer,-7.0521210000000005,-3.098097,5.4671597,1566947961023
27432,226,Gyroscope,-0.20525073,0.18692477,0.11178834,1566947961032
27433,226,Accelerometer,-7.073669000000001,-3.1316159,5.4288526,1566947961033
27434,226,Gyroscope,-0.19975294,0.18081611,0.10262536,1566947961042
27435,226,Accelerometer,-7.1466923,-3.252523,5.2540755,1566947961043
27436,226,Gyroscope,-0.19364429,0.14110987,0.099571034,1566947961052
27437,226,Accelerometer,-7.2664022,-3.3411086,5.1271830000000005,1566947961053
27438,226,Gyroscope,-0.17104226,0.0983493,0.10995574,1566947961062
27439,226,Accelerometer,-7.274781699999999,-3.5410242,5.1367598,1566947961063
27440,226,Gyroscope,-0.13622294,0.04520403,0.12950343,1566947961072
27441,226,Accelerometer,-7.313089,-3.618836,5.1259856,1566947961073
27442,226,Gyroscope,-0.10445796,-0.00061086525,0.14599679999999998,1566947961082
27443,226,Accelerometer,-7.309498,-3.6727053999999995,5.0302176,1566947961083
27444,226,Gyroscope,-0.07819075,-0.0421497,0.15454891,1566947961092
27445,226,Accelerometer,-7.301117999999999,-3.6798879999999996,4.9703627,1566947961093
27446,226,Gyroscope,-0.0580322,-0.06658431,0.14905111,1566947961102
27447,226,Accelerometer,-7.328651400000001,-3.6032736000000005,5.145139,1566947961103
27448,226,Gyroscope,-0.04276056599999999,-0.064751714,0.12278391400000001,1566947961113
27449,226,Accelerometer,-7.467515,-3.5015199999999997,5.4863133,1566947961113
27450,226,Gyroscope,-0.029932396,-0.022602014,0.09101892,1566947961122
27451,226,Accelerometer,-7.4950485,-3.3614593,5.8394580000000005,1566947961123
27452,226,Gyroscope,-0.021991148999999998,0.044593163,0.06047566,1566947961132
27453,226,Accelerometer,-7.605181699999999,-3.3327288999999998,6.0920463,1566947961133
27454,226,Gyroscope,-0.02687807,0.12217305,0.031154128,1566947961142
27455,226,Accelerometer,-7.6650367,-3.4308910000000004,6.147113,1566947961143
27456,226,Gyroscope,-0.04520403,0.19120082,0.0061086523,1566947961152
27457,226,Accelerometer,-7.7189064,-3.490746,6.05733,1566947961153
27458,226,Gyroscope,-0.057421334000000004,0.23762658,-0.012217305,1566947961162
27459,226,Accelerometer,-7.698555499999999,-3.5410242,5.960365299999999,1566947961163
27460,226,Gyroscope,-0.0580322,0.24617869,-0.032375857,1566947961172
27461,226,Accelerometer,-7.6734165999999995,-3.5194763999999994,5.840655,1566947961173
27462,226,Gyroscope,-0.04886922,0.22235495,-0.04520403,1566947961182
27463,226,Accelerometer,-7.431602000000001,-3.6631286,5.6347537,1566947961183
27464,226,Gyroscope,-0.02076942,0.18997909,-0.045814894,1566947961192
27465,226,Accelerometer,-7.285556,-3.6750996,5.590461,1566947961193
27466,226,Gyroscope,0.009162978,0.16310102,-0.03848451,1566947961202
27467,226,Accelerometer,-7.268796400000001,-3.6140475,5.6551046,1566947961203
27468,226,Gyroscope,0.03481932,0.14538592,-0.022602014,1566947961212
27469,226,Accelerometer,-7.157466,-3.5506010000000003,5.6682725,1566947961213
27470,226,Gyroscope,0.05009095,0.14172074,-0.02076942,1566947961222
27471,226,Accelerometer,-7.0832458,-3.6391866000000004,5.7903767,1566947961223
27472,226,Gyroscope,0.06780604,0.13316862,-0.029932396,1566947961232
27473,226,Accelerometer,-7.101202000000001,-3.7217865,5.8574142,1566947961233
27474,226,Gyroscope,0.093462385,0.12156218,-0.0421497,1566947961242
27475,226,Accelerometer,-7.284358500000001,-3.7493198,5.90889,1566947961243
27476,226,Gyroscope,0.1160644,0.103847094,-0.047036625,1566947961252
27477,226,Accelerometer,-7.1454949999999995,-3.5745432,5.840655,1566947961253
27478,226,Gyroscope,0.13805555,0.10629055,-0.05681047,1566947961263
27479,226,Accelerometer,-6.947973299999999,-3.4392707000000002,5.8274870000000005,1566947961263
27480,226,Gyroscope,0.16187929,0.13133603,-0.077579886,1566947961272
27481,226,Accelerometer,-6.897695,-3.3662476999999997,5.816713,1566947961273
27482,226,Gyroscope,0.18142697,0.15454891,-0.08796459400000001,1566947961282
27483,226,Accelerometer,-6.811503999999999,-3.1591492000000003,5.7065797,1566947961283
27484,226,Gyroscope,0.20036379999999998,0.16187929,-0.10995574,1566947961292
27485,226,Accelerometer,-6.7468604999999995,-3.071761,5.8562174,1566947961293
27486,226,Gyroscope,0.22907446,0.15210545,-0.13805555,1566947961302
27487,226,Accelerometer,-6.7624226,-3.0490158,5.9292407,1566947961303
27488,226,Gyroscope,0.25411993,0.14660765,-0.16310102,1566947961312
27489,226,Accelerometer,-6.946776400000001,-3.0909145000000002,5.9938839999999995,1566947961313
27490,226,Gyroscope,0.26633725,0.13683382,-0.17104226,1566947961322
27491,226,Accelerometer,-6.956353,-3.095703,5.9807158,1566947961323
27492,226,Gyroscope,0.2724459,0.14294247,-0.17715092,1566947961332
27493,226,Accelerometer,-7.0305734,-3.217807,5.990292500000001,1566947961333
27494,226,Gyroscope,0.28527406,0.14782938,-0.17898351,1566947961342
27495,226,Accelerometer,-7.132327,-3.3255462999999996,5.963956400000001,1566947961343
27496,226,Gyroscope,0.3023783,0.15393804,-0.17898351,1566947961353
27497,226,Accelerometer,-7.2113357,-3.3566709,5.925649,1566947961353
27498,226,Gyroscope,0.32314770000000004,0.16004670000000001,-0.18203785,1566947961362
27499,226,Accelerometer,-7.268796400000001,-3.3375172999999996,6.0321913,1566947961363
27500,226,Gyroscope,0.34025195,0.16676621,-0.17531833,1566947961372
27501,226,Accelerometer,-7.131129700000001,-3.192668,5.995081,1566947961373
27502,226,Gyroscope,0.3555236,0.16432275,-0.17715092,1566947961382
27503,226,Accelerometer,-7.016208,-3.0873232,5.9268465,1566947961383
27504,226,Gyroscope,0.36835176,0.15454891,-0.18020524,1566947961393
27505,226,Accelerometer,-6.941988,-2.9735985,5.8634,1566947961393
27506,226,Gyroscope,0.37507126,0.14599679999999998,-0.1826487,1566947961402
27507,226,Accelerometer,-6.896497999999999,-2.8155810000000003,5.9244523000000004,1566947961403
27508,226,Gyroscope,0.39095375,0.14721853,-0.19547687,1566947961412
27509,226,Accelerometer,-6.891710000000001,-2.7090392000000003,6.0716953,1566947961413
27510,226,Gyroscope,0.40317106,0.16920967,-0.21807889999999996,1566947961422
27511,226,Accelerometer,-6.9886745999999995,-2.7269957000000002,6.1387334000000005,1566947961423
27512,226,Gyroscope,0.41538838,0.20158553,-0.24129178,1566947961432
27513,226,Accelerometer,-7.0832458,-2.8275523,6.161478,1566947961433
27514,226,Gyroscope,0.42149702,0.23457226,-0.26328292,1566947961442
27515,226,Accelerometer,-7.1742253,-2.9293058,6.1183825,1566947961443
27516,226,Gyroscope,0.43310347,0.26145032,-0.2846632,1566947961452
27517,226,Accelerometer,-7.2340803,-2.9759927000000004,6.003461,1566947961453
27518,226,Gyroscope,0.4550946,0.25900686,-0.29749137,1566947961462
27519,226,Accelerometer,-7.2029557,-2.966416,5.920861,1566947961463
27520,226,Gyroscope,0.48441613,0.2510656,-0.30421090000000006,1566947961472
27521,226,Accelerometer,-7.125144500000001,-2.96881,5.853823,1566947961473
27522,226,Gyroscope,0.5137377000000001,0.23335053,-0.31887165,1566947961482
27523,226,Accelerometer,-7.2029557,-2.8862102000000003,5.78918,1566947961483
27524,226,Gyroscope,0.54000485,0.23640485,-0.3323107,1566947961492
27525,226,Accelerometer,-7.1263413,-2.7928362,5.8083334,1566947961493
27526,226,Gyroscope,0.5589417,0.24556783,-0.34513888,1566947961502
27527,226,Accelerometer,-7.1610575,-2.7473464,5.85502,1566947961503
27528,226,Gyroscope,0.571159,0.24862215,-0.36102137,1566947961512
27529,226,Accelerometer,-7.3274539999999995,-2.7246015,5.8885393,1566947961513
27530,226,Gyroscope,0.571159,0.24984388,-0.36713,1566947961522
27531,226,Accelerometer,-7.386112,-2.741361,5.8478374,1566947961523
27532,226,Gyroscope,0.5729916,0.23762658,-0.36285394,1566947961532
27533,226,Accelerometer,-7.3657618000000005,-2.789245,5.7400985,1566947961533
27534,226,Gyroscope,0.59131753,0.21624629,-0.37018433,1566947961542
27535,226,Accelerometer,-7.2831616,-2.814384,5.687426,1566947961543
27536,226,Gyroscope,0.6188064999999999,0.19242255,-0.38606682,1566947961552
27537,226,Accelerometer,-7.1167645,-2.7784709999999997,5.723339,1566947961553
27538,226,Gyroscope,0.6621779000000001,0.18448131,-0.4111123,1566947961563
27539,226,Accelerometer,-7.011419999999999,-2.6886885,5.819107,1566947961563
27540,226,Gyroscope,0.7049385,0.18509217,-0.4447099,1566947961572
27541,226,Accelerometer,-7.037756,-2.6527755,5.9268465,1566947961573
27542,226,Gyroscope,0.73792523,0.2144137,-0.47158796,1566947961582
27543,226,Accelerometer,-7.1407065,-2.597709,6.030994000000001,1566947961583
27544,226,Gyroscope,0.7483099,0.26328292,-0.49541172,1566947961592
27545,226,Accelerometer,-7.2221093,-2.585738,6.117185,1566947961593
27546,226,Gyroscope,0.73548174,0.30421090000000006,-0.5021312,1566947961602
27547,226,Accelerometer,-7.5429325,-2.5893292000000003,6.048950700000001,1566947961603
27548,226,Gyroscope,0.72509706,0.34513888,-0.49724430000000003,1566947961613
27549,226,Accelerometer,-7.547721000000001,-2.634819,6.0441623,1566947961613
27550,226,Gyroscope,0.7312057,0.36346483,-0.4886922,1566947961622
27551,226,Accelerometer,-7.577648,-2.657564,6.0010667,1566947961623
27552,226,Gyroscope,0.75502944,0.36468655,-0.48441613,1566947961632
27553,226,Accelerometer,-7.6506715,-2.6431987,5.913678,1566947961633
27554,226,Gyroscope,0.7770206000000001,0.3744604,-0.48075095,1566947961642
27555,226,Accelerometer,-7.666233999999999,-2.5067291000000003,5.717354,1566947961643
27556,226,Gyroscope,0.79229224,0.37995818,-0.4886922,1566947961652
27557,226,Accelerometer,-7.705738,-2.420538,5.638344999999999,1566947961653
27558,226,Gyroscope,0.7984009,0.37568212,-0.50518554,1566947961663
27559,226,Accelerometer,-7.7201033,-2.3786395000000002,5.482722,1566947961663
27560,226,Gyroscope,0.78984874,0.35918877,-0.52839845,1566947961672
27561,226,Accelerometer,-7.607576,-2.3379380000000003,5.41329,1566947961673
27562,226,Gyroscope,0.7635816,0.36163223,-0.5699373000000001,1566947961682
27563,226,Accelerometer,-7.5094137000000005,-2.3247697,5.437232,1566947961683
27564,226,Gyroscope,0.7696901999999999,0.35857790000000006,-0.5925393,1566947961692
27565,226,Accelerometer,-7.451953,-2.4121582999999998,5.547365,1566947961693
27566,226,Gyroscope,0.79351395,0.35369098,-0.6114761,1566947961702
27567,226,Accelerometer,-7.49026,-2.541445,5.600037599999999,1566947961703
27568,226,Gyroscope,0.8179486,0.3475823,-0.6224717,1566947961712
27569,226,Accelerometer,-7.4256167,-2.4504653999999997,5.7029886,1566947961713
27570,226,Gyroscope,0.8356636999999999,0.33964106,-0.6469063,1566947961722
27571,226,Accelerometer,-7.353790299999999,-2.2637177000000004,5.697003,1566947961723
27572,226,Gyroscope,0.8381071,0.31887165,-0.66950834,1566947961733
27573,226,Accelerometer,-7.5561004,-2.3475148999999997,5.474342299999999,1566947961733
27574,226,Gyroscope,0.85154617,0.29932398,-0.675617,1566947961742
27575,226,Accelerometer,-8.040925999999999,-2.4157495,5.5401826,1566947961743
27576,226,Gyroscope,0.8863655,0.30970868,-0.6945538,1566947961752
27577,226,Accelerometer,-8.389283,-2.3427265,5.7281275,1566947961753
27578,226,Gyroscope,0.9211848,0.3378085,-0.7348709,1566947961762
27579,226,Accelerometer,-8.750807,-2.2433669999999997,5.626374,1566947961763
27580,226,Gyroscope,0.9083565999999998,0.3659083,-0.77518797,1566947961772
27581,226,Accelerometer,-8.961497,-2.2182279,5.3833623,1566947961773
27582,226,Gyroscope,0.84788096,0.35735616,-0.8185594,1566947961782
27583,226,Accelerometer,-8.814254,-2.2230163,5.068525,1566947961783
27584,226,Gyroscope,0.7837400999999999,0.31887165,-0.84665924,1566947961793
27585,226,Accelerometer,-8.645462,-2.4552537999999995,4.847061,1566947961793
27586,226,Gyroscope,0.77946407,0.26206118,-0.8570439000000001,1566947961802
27587,226,Accelerometer,-8.39048,-2.670732,5.031415,1566947961803
27588,226,Gyroscope,0.79717916,0.23090707,-0.8539896,1566947961812
27589,226,Accelerometer,-7.9475527,-2.8993783,5.1259856,1566947961813
27590,226,Gyroscope,0.8038987,0.21013765,-0.8240572,1566947961822
27591,226,Accelerometer,-7.565677,-2.9640217,5.278017500000001,1566947961823
27592,226,Gyroscope,0.80878556,0.21135938,-0.7849618,1566947961832
27593,226,Accelerometer,-7.3274539999999995,-2.858677,5.433641000000001,1566947961833
27594,226,Gyroscope,0.82344633,0.2144137,-0.73975784,1566947961843
27595,226,Accelerometer,-7.1969705,-2.7497406000000004,5.41329,1566947961843
27596,226,Gyroscope,0.82894415,0.22479841,-0.6945538,1566947961852
27597,226,Accelerometer,-7.0808516,-2.6503813,5.1882353,1566947961853
27598,226,Gyroscope,0.8167268,0.226631,-0.64934975,1566947961862
27599,226,Accelerometer,-6.9383965,-2.4899697,5.0374002,1566947961863
27600,226,Gyroscope,0.81245077,0.21685717,-0.61208695,1566947961872
27601,226,Accelerometer,-6.897695,-2.4073699,4.993108,1566947961873
27602,226,Gyroscope,0.8258898000000001,0.20708331,-0.5882632,1566947961882
27603,226,Accelerometer,-6.96593,-2.292448,5.1116204000000005,1566947961883
27604,226,Gyroscope,0.8564331000000001,0.18997909,-0.5839871999999999,1566947961892
27605,226,Accelerometer,-7.100005,-2.1643584,5.2301335,1566947961893
27606,226,Gyroscope,0.8735373,0.17531833,-0.59742624,1566947961902
27607,226,Accelerometer,-7.405266,-2.1404164,5.3594203,1566947961903
27608,226,Gyroscope,0.8753699,0.1685988,-0.6200281999999999,1566947961912
27609,226,Accelerometer,-7.777564,-2.1535845,5.407305,1566947961913
27610,226,Gyroscope,0.8533788,0.17592919,-0.61391956,1566947961922
27611,226,Accelerometer,-8.160637,-2.2313959999999997,5.418078400000001,1566947961923
27612,226,Gyroscope,0.82527894,0.18875736,-0.6078109,1566947961933
27613,226,Accelerometer,-8.2995,-2.2840683,5.412093,1566947961933
27614,226,Gyroscope,0.8020661,0.19547687,-0.59498274,1566947961942
27615,226,Accelerometer,-8.259995,-2.3235726000000003,5.3833623,1566947961943
27616,226,Gyroscope,0.7886270000000001,0.19914207,-0.5888741,1566947961952
27617,226,Accelerometer,-8.146272,-2.3546975,5.422867,1566947961953
27618,226,Gyroscope,0.78801614,0.19058995,-0.5870415,1566947961962
27619,226,Accelerometer,-8.082825,-2.3965959999999997,5.470751,1566947961963
27620,226,Gyroscope,0.79168135,0.16310102,-0.5864305999999999,1566947961972
27621,226,Accelerometer,-7.904457000000001,-2.3451207000000003,5.482722,1566947961973
27622,226,Gyroscope,0.78801614,0.1386664,-0.5888741,1566947961983
27623,226,Accelerometer,-7.750031,-2.2840683,5.449203,1566947961983
27624,226,Gyroscope,0.7672467,0.116675265,-0.5864305999999999,1566947961992
27625,226,Accelerometer,-7.559692,-2.2385786,5.433641000000001,1566947961993
27626,226,Gyroscope,0.729984,0.11056661,-0.57360244,1566947962002
27627,226,Accelerometer,-7.3083005000000005,-2.2098482,5.4911017,1566947962003
27628,226,Gyroscope,0.6994406999999999,0.116675265,-0.5558874,1566947962012
27629,226,Accelerometer,-7.1191587,-2.220622,5.650316,1566947962013
27630,226,Gyroscope,0.68661255,0.124005646,-0.53023106,1566947962022
27631,226,Accelerometer,-6.9886745999999995,-2.2373814999999997,5.8262897,1566947962023
27632,226,Gyroscope,0.68294734,0.14110987,-0.5039638,1566947962033
27633,226,Accelerometer,-6.927623,-2.2625206,6.019023000000001,1566947962033
27634,226,Gyroscope,0.6750060999999999,0.16187929,-0.48502702,1566947962043
27635,226,Accelerometer,-6.868964699999999,-2.2768857000000002,6.078878,1566947962043
27636,226,Gyroscope,0.66339964,0.19792034,-0.47036624,1566947962052
27637,226,Accelerometer,-6.894104,-2.2960392999999995,6.208165,1566947962053
27638,226,Gyroscope,0.6462954000000001,0.23273966,-0.4550946,1566947962062
27639,226,Accelerometer,-7.0784574000000005,-2.3451207000000003,6.295553,1566947962063
27640,226,Gyroscope,0.62125,0.24556783,-0.44226643,1566947962072
27641,226,Accelerometer,-7.314286,-2.3391352000000003,6.2380924,1566947962073
27642,226,Gyroscope,0.59864795,0.2742785,-0.4288274,1566947962082
27643,226,Accelerometer,-7.2723875,-2.4157495,6.199784999999999,1566947962083
27644,226,Gyroscope,0.5748241999999999,0.31642818,-0.41538838,1566947962093
27645,226,Accelerometer,-7.3178773,-2.4133554,6.1818290000000005,1566947962093
27646,226,Gyroscope,0.54000485,0.36102137,-0.39828414,1566947962102
27647,226,Accelerometer,-7.4088573,-2.3714569,5.920861,1566947962103
27648,226,Gyroscope,0.49907690000000005,0.39400807,-0.37934732,1566947962112
27649,226,Accelerometer,-7.372944400000001,-2.3475148999999997,5.738901599999999,1566947962113
27650,226,Gyroscope,0.462425,0.4166101,-0.36041048,1566947962122
27651,226,Accelerometer,-7.3083005000000005,-2.3630772,5.531803,1566947962123
27652,226,Gyroscope,0.42943826,0.44043383,-0.34086279999999997,1566947962132
27653,226,Accelerometer,-7.2939353,-2.421735,5.408501599999999,1566947962133
27654,226,Gyroscope,0.39584067,0.44532076,-0.30970868,1566947962143
27655,226,Accelerometer,-7.2699933,-2.4959552000000005,5.437232,1566947962143
27656,226,Gyroscope,0.38912117,0.45265114,-0.29260445,1566947962152
27657,226,Accelerometer,-7.1790137000000005,-2.694674,5.470751,1566947962153
27658,226,Gyroscope,0.38973203,0.4709771,-0.26511553,1566947962162
27659,226,Accelerometer,-7.1909847000000005,-2.861071,5.4515970000000005,1566947962163
27660,226,Gyroscope,0.39645153,0.48808134,-0.22602014,1566947962172
27661,226,Accelerometer,-7.303512,-2.8778305,5.3713913,1566947962173
27662,226,Gyroscope,0.40683624,0.50946164,-0.18142697,1566947962182
27663,226,Accelerometer,-7.419631,-2.8335377999999998,5.2983685,1566947962183
27664,226,Gyroscope,0.41905355,0.54305923,-0.13805555,1566947962193
27665,226,Accelerometer,-7.6518690000000005,-2.7090392000000003,5.189432,1566947962193
27666,226,Gyroscope,0.43188173,0.5699373000000001,-0.10934488,1566947962202
27667,226,Accelerometer,-8.01459,-2.6420016,5.1080294,1566947962203
27668,226,Gyroscope,0.44409904,0.56077427,-0.086132,1566947962212
27669,226,Accelerometer,-8.346188,-2.5546130000000002,5.078101599999999,1566947962213
27670,226,Gyroscope,0.46303585,0.5345071,-0.07880162,1566947962222
27671,226,Accelerometer,-8.555679,-2.4396915,5.0577510000000006,1566947962223
27672,226,Gyroscope,0.48441613,0.5027421,-0.08796459400000001,1566947962232
27673,226,Accelerometer,-8.652645,-2.385822,4.959589,1566947962233
27674,226,Gyroscope,0.50335294,0.4642576,-0.116675265,1566947962242
27675,226,Accelerometer,-8.723274,-2.3379380000000003,4.7560816,1566947962243
27676,226,Gyroscope,0.50701815,0.41722095,-0.16432275,1566947962252
27677,226,Accelerometer,-8.805874000000001,-2.27928,4.542998000000001,1566947962253
27678,226,Gyroscope,0.5009095,0.3567453,-0.22602014,1566947962262
27679,226,Accelerometer,-8.89805,-2.147599,4.420893700000001,1566947962263
27680,226,Gyroscope,0.49480084,0.29077184,-0.29321529999999996,1566947962272
27681,226,Accelerometer,-8.808268,-2.0530279,4.509479,1566947962273
27682,226,Gyroscope,0.49541172,0.22479841,-0.35369098,1566947962282
27683,226,Accelerometer,-8.653842,-2.0697872999999998,4.5202527,1566947962283
27684,226,Gyroscope,0.49785519999999994,0.16676621,-0.39950588,1566947962292
27685,226,Accelerometer,-8.4108305,-2.171541,4.6255975,1566947962293
27686,226,Gyroscope,0.50946164,0.13561209,-0.4269948,1566947962303
27687,226,Accelerometer,-8.049306,-2.3104044999999998,4.8267107000000005,1566947962303
27688,226,Gyroscope,0.52839845,0.111177474,-0.43493605,1566947962312
27689,226,Accelerometer,-7.7787614000000005,-2.3989902,5.033809,1566947962313
27690,226,Gyroscope,0.5552765000000001,0.095294975,-0.42943826,1566947962322
27691,226,Accelerometer,-7.589619,-2.4229321,5.2816089999999996,1566947962323
27692,226,Gyroscope,0.57726765,0.092240654,-0.41538838,1566947962332
27693,226,Accelerometer,-7.4914570000000005,-2.4121582999999998,5.388150700000001,1566947962333
27694,226,Gyroscope,0.57971114,0.099571034,-0.39828414,1566947962342
27695,226,Accelerometer,-7.455544000000001,-2.4013843999999995,5.4551888,1566947962343
27696,226,Gyroscope,0.57971114,0.11484267,-0.37751472,1566947962352
27697,226,Accelerometer,-7.4232225000000005,-2.3535004,5.511451999999999,1566947962353
27698,226,Gyroscope,0.56382865,0.13255776,-0.36651915,1566947962363
27699,226,Accelerometer,-7.526173,-2.2469582999999997,5.523423,1566947962363
27700,226,Gyroscope,0.56321776,0.13744467,-0.3555236,1566947962372
27701,226,Accelerometer,-7.69257,-2.2002714,5.659893,1566947962373
27702,226,Gyroscope,0.5858198,0.15699236,-0.3555236,1566947962382
27703,226,Accelerometer,-7.831434,-2.0661959999999997,5.78918,1566947962383
27704,226,Gyroscope,0.6017023,0.1966986,-0.36774087,1566947962392
27705,226,Accelerometer,-7.9583262999999995,-1.8483237000000001,5.8119245,1566947962393
27706,226,Gyroscope,0.6065891999999999,0.21991149,-0.37934732,1566947962402
27707,226,Accelerometer,-8.118738,-1.7034745,5.693412,1566947962403
27708,226,Gyroscope,0.5919284,0.22540927,-0.39095375,1566947962412
27709,226,Accelerometer,-8.182184,-1.6328455,5.571307,1566947962413
27710,226,Gyroscope,0.57971114,0.20952678,-0.40500367,1566947962422
27711,226,Accelerometer,-8.12233,-1.6112977,5.5365915,1566947962423
27712,226,Gyroscope,0.5693264,0.20769419,-0.41844269999999995,1566947962432
27713,226,Accelerometer,-7.9523410000000005,-1.614889,5.5748987,1566947962433
27714,226,Gyroscope,0.56688297,0.21746802,-0.42516220000000005,1566947962442
27715,226,Accelerometer,-7.769184599999999,-1.6711528000000002,5.5760955999999995,1566947962443
27716,226,Gyroscope,0.56077427,0.22113322,-0.42332962,1566947962452
27717,226,Accelerometer,-7.592013400000001,-1.7693150000000002,5.4970870000000005,1566947962453
27718,226,Gyroscope,0.5662721,0.21624629,-0.42332962,1566947962463
27719,226,Accelerometer,-7.4735007,-1.7920599999999998,5.4504004,1566947962463
27720,226,Gyroscope,0.5674938,0.20158553,-0.4343252,1566947962472
27721,226,Accelerometer,-7.328651400000001,-1.7525556,5.4240639999999996,1566947962473
27722,226,Gyroscope,0.5766568,0.1826487,-0.44715336,1566947962482
27723,226,Accelerometer,-7.414842599999999,-1.7944542,5.459976999999999,1566947962483
27724,226,Gyroscope,0.59803706,0.17531833,-0.462425,1566947962492
27725,226,Accelerometer,-7.505822,-1.8423381999999997,5.5856724,1566947962493
27726,226,Gyroscope,0.62125,0.1881465,-0.47342056,1566947962502
27727,226,Accelerometer,-7.592013400000001,-1.9608511999999998,5.7616463,1566947962503
27728,226,Gyroscope,0.63407815,0.21013765,-0.4831944,1566947962513
27729,226,Accelerometer,-7.72968,-2.1308396000000003,5.8933277,1566947962513
27730,226,Gyroscope,0.6346890000000001,0.23335053,-0.48136179999999995,1566947962522
27731,226,Accelerometer,-7.8158712,-2.2301989,5.837064,1566947962523
27732,226,Gyroscope,0.6267477,0.25411993,-0.47647488,1566947962532
27733,226,Accelerometer,-7.8290396,-2.2589292999999997,5.73531,1566947962533
27734,226,Gyroscope,0.6267477,0.2846632,-0.4709771,1566947962542
27735,226,Accelerometer,-7.795521000000001,-2.2254104999999997,5.7125654,1566947962543
27736,226,Gyroscope,0.62858033,0.3005457,-0.48197266,1566947962552
27737,226,Accelerometer,-7.771578999999999,-2.0506337,5.6563015,1566947962553
27738,226,Gyroscope,0.63346726,0.27305678,-0.5015204000000001,1566947962562
27739,226,Accelerometer,-7.9331875,-1.8028339,5.377377,1566947962563
27740,226,Gyroscope,0.6346890000000001,0.24862215,-0.52412236,1566947962572
27741,226,Accelerometer,-8.01459,-1.8183962,5.434838,1566947962573
27742,226,Gyroscope,0.6365215999999999,0.24862215,-0.5510005,1566947962582
27743,226,Accelerometer,-8.085219,-2.019509,5.4049106,1566947962583
27744,226,Gyroscope,0.63041294,0.23701571,-0.5821546,1566947962592
27745,226,Accelerometer,-8.005013,-2.3127987,5.4025164000000006,1566947962593
27746,226,Gyroscope,0.6072,0.22602014,-0.5858198,1566947962602
27747,226,Accelerometer,-7.876923599999999,-2.6276363999999997,5.4408236,1566947962603
27748,226,Gyroscope,0.6059783000000001,0.22052236,-0.5687156,1566947962612
27749,226,Accelerometer,-7.795521000000001,-2.7844564999999997,5.445612000000001,1566947962613
27750,226,Gyroscope,0.6047566,0.21991149,-0.5497787,1566947962622
27751,226,Accelerometer,-7.700949700000001,-2.814384,5.2995653,1566947962623
27752,226,Gyroscope,0.59681535,0.20708331,-0.5345071,1566947962632
27753,226,Accelerometer,-7.540538300000001,-2.7760768,5.064934,1566947962633
27754,226,Gyroscope,0.59131753,0.19792034,-0.5161811,1566947962642
27755,226,Accelerometer,-7.513005000000001,-2.7557259999999997,4.9200845,1566947962643
27756,226,Gyroscope,0.5919284,0.1966986,-0.49235737,1566947962652
27757,226,Accelerometer,-7.4184339999999995,-2.7425580000000003,4.941632299999999,1566947962653
27758,226,Gyroscope,0.59864795,0.20708331,-0.46731192,1566947962662
27759,226,Accelerometer,-7.4064630000000005,-2.7401638,5.007473,1566947962663
27760,226,Gyroscope,0.6084218000000001,0.21319197,-0.44226643,1566947962672
27761,226,Accelerometer,-7.513005000000001,-2.7748797,5.026626599999999,1566947962673
27762,226,Gyroscope,0.61453044,0.19975294,-0.42332962,1566947962683
27763,226,Accelerometer,-7.703344,-2.8335377999999998,4.915296,1566947962683
27764,226,Gyroscope,0.6236934000000001,0.17592919,-0.41172317,1566947962692
27765,226,Accelerometer,-7.876923599999999,-2.8095956,4.926069999999999,1566947962693
27766,226,Gyroscope,0.63163465,0.15515977,-0.4092797,1566947962702
27767,226,Accelerometer,-8.101977999999999,-2.7593174,5.0086699999999995,1566947962703
27768,226,Gyroscope,0.63041294,0.14294247,-0.4098906,1566947962712
27769,226,Accelerometer,-8.267178999999999,-2.705448,5.0577510000000006,1566947962713
27770,226,Gyroscope,0.6188064999999999,0.1282817,-0.41172317,1566947962722
27771,226,Accelerometer,-8.269572,-2.6803088,5.050568599999999,1566947962723
27772,226,Gyroscope,0.6065891999999999,0.12278391400000001,-0.40561453,1566947962732
27773,226,Accelerometer,-8.178593,-2.64679,5.1056349999999995,1566947962733
27774,226,Gyroscope,0.6072,0.1142318,-0.40683624,1566947962743
27775,226,Accelerometer,-8.094796,-2.6156653999999997,5.2169657,1566947962743
27776,226,Gyroscope,0.6096435,0.096516706,-0.41477749999999997,1566947962752
27777,226,Accelerometer,-8.024167,-2.4971522999999998,5.303157,1566947962753
27778,226,Gyroscope,0.6169739000000001,0.077579886,-0.43066000000000004,1566947962762
27779,226,Accelerometer,-7.723694999999999,-2.433706,5.363012,1566947962763
27780,226,Gyroscope,0.61819565,0.06536258,-0.44165558,1566947962772
27781,226,Accelerometer,-7.6027875,-2.3738509999999997,5.353435,1566947962773
27782,226,Gyroscope,0.61758476,0.0580322,-0.45204028,1566947962782
27783,226,Accelerometer,-7.478289,-2.3092074,5.475539,1566947962783
27784,226,Gyroscope,0.6230826,0.0580322,-0.46120325,1566947962793
27785,226,Accelerometer,-7.4363904000000005,-2.2649147999999997,5.5629277,1566947962793
27786,226,Gyroscope,0.61636305,0.06597344599999999,-0.47036624,1566947962802
27787,226,Accelerometer,-7.3202715,-2.146402,5.731719,1566947962803
27788,226,Gyroscope,0.59986967,0.07452556,-0.47342056,1566947962812
27789,226,Accelerometer,-7.268796400000001,-2.1906946,5.840655,1566947962813
27790,226,Gyroscope,0.5852089,0.10567969,-0.45875978,1566947962822
27791,226,Accelerometer,-7.2304892999999995,-2.3750482,5.8741736,1566947962823
27792,226,Gyroscope,0.56505036,0.12583824,-0.43737950000000003,1566947962832
27793,226,Accelerometer,-7.252037,-2.409764,5.8095303,1566947962833
27794,226,Gyroscope,0.5448918,0.14110987,-0.40866885,1566947962842
27795,226,Accelerometer,-7.165846000000001,-2.3930047,5.765238,1566947962843
27796,226,Gyroscope,0.52595496,0.1685988,-0.38606682,1566947962853
27797,226,Accelerometer,-7.023391,-2.3786395000000002,5.8622026,1566947962853
27798,226,Gyroscope,0.52106804,0.19486602,-0.37079520000000005,1566947962863
27799,226,Accelerometer,-7.022193400000001,-2.3918076,6.0381765,1566947962863
27800,226,Gyroscope,0.5119051,0.21013765,-0.35613444,1566947962872
27801,226,Accelerometer,-7.135917999999999,-2.3918076,6.1195793,1566947962873
27802,226,Gyroscope,0.49663344,0.23579398,-0.34025195,1566947962882
27803,226,Accelerometer,-7.2268977,-2.4947581000000003,6.126762,1566947962883
27804,226,Gyroscope,0.47403142,0.2742785,-0.32314770000000004,1566947962892
27805,226,Accelerometer,-7.3657618000000005,-2.4983494,6.048950700000001,1566947962893
27806,226,Gyroscope,0.44776422,0.30726522,-0.30726522,1566947962902
27807,226,Accelerometer,-7.4914570000000005,-2.5713725,5.8801594,1566947962903
27808,226,Gyroscope,0.42394048,0.32314770000000004,-0.28893927,1566947962913
27809,226,Accelerometer,-7.489063000000001,-2.5965118,5.7005944,1566947962913
27810,226,Gyroscope,0.40011674,0.34269542,-0.27488935,1566947962922
27811,226,Accelerometer,-7.4028716,-2.574964,5.5545480000000005,1566947962923
27812,226,Gyroscope,0.37995818,0.34269542,-0.26511553,1566947962932
27813,226,Accelerometer,-7.4232225000000005,-2.5127146000000002,5.4539914000000005,1566947962933
27814,226,Gyroscope,0.35918877,0.35979962,-0.2565634,1566947962942
27815,226,Accelerometer,-7.303512,-2.5306710999999997,5.4659624,1566947962943
27816,226,Gyroscope,0.34025195,0.38423425,-0.24373524,1566947962952
27817,226,Accelerometer,-7.315483,-2.585738,5.4432178,1566947962953
27818,226,Gyroscope,0.32803464,0.39461896,-0.22968534,1566947962963
27819,226,Accelerometer,-7.478289,-2.658761,5.3594203,1566947962963
27820,226,Gyroscope,0.32009340000000003,0.3921755,-0.20586158,1566947962972
27821,226,Accelerometer,-7.582436599999999,-2.7521348,5.213374,1566947962973
27822,226,Gyroscope,0.312763,0.39278635,-0.16615535,1566947962982
27823,226,Accelerometer,-7.599196000000001,-2.7820622999999998,5.1223946,1566947962983
27824,226,Gyroscope,0.32131509999999996,0.41172317,-0.118507855,1566947962992
27825,226,Accelerometer,-7.654263,-2.7030537,5.130774,1566947962993
27826,226,Gyroscope,0.3378085,0.43737950000000003,-0.07391469,1566947963003
27827,226,Accelerometer,-7.8948803,-2.6408044999999998,5.014655599999999,1566947963003
27828,226,Gyroscope,0.34330627,0.44104472,-0.040317107000000005,1566947963012
27829,226,Accelerometer,-8.111555000000001,-2.6204537999999995,4.8003745,1566947963013
27830,226,Gyroscope,0.34574974,0.4098906,-0.039095376,1566947963022
27831,226,Accelerometer,-8.603564,-2.4277205000000004,4.689044,1566947963023
27832,226,Gyroscope,0.35246924,0.37079520000000005,-0.069027774,1566947963032
27833,226,Accelerometer,-8.865729,-2.3535004,4.6267949999999995,1566947963033
27834,226,Gyroscope,0.36468655,0.32253686,-0.111177474,1566947963042
27835,226,Accelerometer,-9.03452,-2.2780828,4.5441947,1566947963043
27836,226,Gyroscope,0.36713,0.2724459,-0.18875736,1566947963052
27837,226,Accelerometer,-9.015367,-2.2349873,4.522647,1566947963053
27838,226,Gyroscope,0.36896262,0.22235495,-0.24678956,1566947963063
27839,226,Accelerometer,-8.918402,-2.219425,4.462791999999999,1566947963063
27840,226,Gyroscope,0.3652974,0.17837265,-0.29382620000000004,1566947963072
27841,226,Accelerometer,-8.6813755,-2.1942859,4.5525746,1566947963073
27842,226,Gyroscope,0.3659083,0.14049901,-0.31581733,1566947963082
27843,226,Accelerometer,-8.327033,-2.087744,4.7656584,1566947963083
27844,226,Gyroscope,0.37323865,0.12461651,-0.33414328,1566947963092
27845,226,Accelerometer,-7.9068513,-2.1068976000000004,4.9308586,1566947963093
27846,226,Gyroscope,0.39461896,0.10140363,-0.35369098,1566947963102
27847,226,Accelerometer,-7.6746134999999995,-2.1894975,5.026626599999999,1566947963103
27848,226,Gyroscope,0.4269948,0.06658431,-0.35979962,1566947963113
27849,226,Accelerometer,-7.5584945999999995,-2.2230163,5.195418,1566947963113
27850,226,Gyroscope,0.4569272,0.04520403,-0.35735616,1566947963122
27851,226,Accelerometer,-7.5369470000000005,-2.1871033,5.3701944,1566947963123
27852,226,Gyroscope,0.4728097,0.052534412999999995,-0.35063666,1566947963132
27853,226,Accelerometer,-7.633912,-2.2002714,5.427655000000001,1566947963133
27854,226,Gyroscope,0.47952923,0.076358154,-0.34208453,1566947963142
27855,226,Accelerometer,-7.813477000000001,-2.2062569,5.4671597,1566947963143
27856,226,Gyroscope,0.47647488,0.09712757,-0.32986724,1566947963152
27857,226,Accelerometer,-7.9571295,-2.1859062000000002,5.4659624,1566947963153
27858,226,Gyroscope,0.46303585,0.1160644,-0.31215215,1566947963162
27859,226,Accelerometer,-8.036138000000001,-2.0913353,5.4970870000000005,1566947963163
27860,226,Gyroscope,0.45081854,0.13988814,-0.29565877,1566947963173
27861,226,Accelerometer,-8.002619000000001,-1.9859903,5.531803,1566947963173
27862,226,Gyroscope,0.43799037,0.15515977,-0.28771752,1566947963182
27863,226,Accelerometer,-7.905653999999999,-1.9057846,5.5246205,1566947963183
27864,226,Gyroscope,0.43615779999999993,0.15393804,-0.29871312,1566947963192
27865,226,Accelerometer,-7.8050976,-1.8064252,5.5617304,1566947963193
27866,226,Gyroscope,0.44898596,0.1563815,-0.3145956,1566947963202
27867,226,Accelerometer,-7.730877400000001,-1.6962918999999999,5.5760955999999995,1566947963203
27868,226,Gyroscope,0.4642576,0.16982053,-0.33353242,1566947963212
27869,226,Accelerometer,-7.698555499999999,-1.5622166000000002,5.5497594,1566947963213
27870,226,Gyroscope,0.48197266,0.18387043,-0.35063666,1566947963222
27871,226,Accelerometer,-7.69257,-1.4927847,5.543774,1566947963222
27872,226,Gyroscope,0.49663344,0.19425514,-0.37140608,1566947963233
27873,226,Accelerometer,-7.7129207,-1.5346833,5.531803,1566947963233
27874,226,Gyroscope,0.51251596,0.19242255,-0.39095375,1566947963242
27875,226,Accelerometer,-7.782352400000001,-1.6663644,5.5389857000000005,1566947963243
27876,226,Gyroscope,0.5155702999999999,0.20280726,-0.39767328,1566947963252
27877,226,Accelerometer,-7.8577699999999995,-1.8375498,5.499480999999999,1566947963253
27878,226,Gyroscope,0.51251596,0.21319197,-0.40011674,1566947963262
27879,226,Accelerometer,-7.892486,-1.9812019,5.3785739999999995,1566947963263
27880,226,Gyroscope,0.50518554,0.22113322,-0.3915646,1566947963272
27881,226,Accelerometer,-7.8517847000000005,-2.0386627,5.2995653,1566947963273
27882,226,Gyroscope,0.50640726,0.22602014,-0.38606682,1566947963282
27883,226,Accelerometer,-7.7727756999999995,-2.0087352,5.3330839999999995,1566947963283
27884,226,Gyroscope,0.5345071,0.21807889999999996,-0.37507126,1566947963293
27885,226,Accelerometer,-7.7488337,-2.0350714,5.327099,1566947963293
27886,226,Gyroscope,0.56016344,0.20647246,-0.38484509999999994,1566947963302
27887,226,Accelerometer,-7.811083,-2.1080947,5.342661,1566947963303
27888,226,Gyroscope,0.58276546,0.18936823,-0.39461896,1566947963312
27889,226,Accelerometer,-7.917625,-2.1152773,5.343858200000001,1566947963313
27890,226,Gyroscope,0.6017023,0.18325958,-0.4092797,1566947963322
27891,226,Accelerometer,-8.008605000000001,-2.0733786,5.3785739999999995,1566947963323
27892,226,Gyroscope,0.6169739000000001,0.18020524,-0.43188173,1566947963332
27893,226,Accelerometer,-8.056489,-2.0638018,5.2983685,1566947963333
27894,226,Gyroscope,0.6224717,0.1777618,-0.44898596,1566947963343
27895,226,Accelerometer,-8.103176,-2.0135236,5.248090299999999,1566947963343
27896,226,Gyroscope,0.6200281999999999,0.16737708,-0.462425,1566947963352
27897,226,Accelerometer,-7.9427642999999994,-1.9428947,5.197812,1566947963353
27898,226,Gyroscope,0.62858033,0.16187929,-0.47525316,1566947963362
27899,226,Accelerometer,-7.751228,-1.8602947,5.297171,1566947963363
27900,226,Gyroscope,0.6426301999999999,0.16187929,-0.49174652,1566947963372
27901,226,Accelerometer,-7.5968018,-1.8351556,5.4240639999999996,1566947963373
27902,226,Gyroscope,0.66523224,0.16126843,-0.50946164,1566947963382
27903,226,Accelerometer,-7.548918,-1.8866308999999997,5.5258174,1566947963383
27904,226,Gyroscope,0.68477994,0.16920967,-0.5296202,1566947963392
27905,226,Accelerometer,-7.631517999999999,-2.005144,5.6060233,1566947963393
27906,226,Gyroscope,0.7067711,0.18203785,-0.5393939999999999,1566947963403
27907,226,Accelerometer,-7.803900200000001,-2.134431,5.664681400000001,1566947963403
27908,226,Gyroscope,0.71959925,0.20891592,-0.54428095,1566947963412
27909,226,Accelerometer,-7.9762830000000005,-2.2409727999999998,5.6203885,1566947963413
27910,226,Gyroscope,0.7275404999999999,0.21930063,-0.54061574,1566947963422
27911,226,Accelerometer,-8.117541000000001,-2.3127987,5.4767364999999995,1566947963423
27912,226,Gyroscope,0.7312057,0.21258110000000002,-0.5448918,1566947963432
27913,226,Accelerometer,-8.112753,-2.2960392999999995,5.4539914000000005,1566947963433
27914,226,Gyroscope,0.72143185,0.172264,-0.56138515,1566947963442
27915,226,Accelerometer,-7.928399000000001,-2.1152773,5.161899,1566947963443
27916,226,Gyroscope,0.71959925,0.10567969,-0.57910025,1566947963452
27917,226,Accelerometer,-7.872135000000001,-2.0733786,4.961983,1566947963453
27918,226,Gyroscope,0.7415904000000001,0.06780604,-0.59986967,1566947963463
27919,226,Accelerometer,-8.005013,-2.0422540000000002,5.17387,1566947963463
27920,226,Gyroscope,0.7715228,0.050701816,-0.63713247,1566947963472
27921,226,Accelerometer,-7.9367785,-1.9416976000000001,5.389348,1566947963473
27922,226,Gyroscope,0.784351,0.04276056599999999,-0.6786713000000001,1566947963482
27923,226,Accelerometer,-7.7919292,-2.1296425,5.6407394,1566947963483
27924,226,Gyroscope,0.7800749,0.03970624,-0.7104363,1566947963492
27925,226,Accelerometer,-7.78355,-2.3116016,5.920861,1566947963493
27926,226,Gyroscope,0.77274454,0.06352998,-0.7275404999999999,1566947963502
27927,226,Accelerometer,-7.730877400000001,-2.4289176,6.26802,1566947963503
27928,226,Gyroscope,0.78801614,0.106901415,-0.73792523,1566947963512
27929,226,Accelerometer,-7.682993400000001,-2.4744074,6.179435,1566947963513
27930,226,Gyroscope,0.784351,0.18325958,-0.7348709,1566947963522
27931,226,Accelerometer,-7.630321,-2.4959552000000005,5.9041014,1566947963523
27932,226,Gyroscope,0.7635816,0.22296582,-0.7275404999999999,1566947963532
27933,226,Accelerometer,-7.499836999999999,-2.5031377999999997,5.5270147000000005,1566947963533
27934,226,Gyroscope,0.73426,0.25167647,-0.7128797,1566947963542
27935,226,Accelerometer,-7.37055,-2.4660277,5.221754,1566947963543
27936,226,Gyroscope,0.72204274,0.26328292,-0.6914994999999999,1566947963552
27937,226,Accelerometer,-7.27957,-2.445677,5.087678400000001,1566947963553
27938,226,Gyroscope,0.7165449,0.2761111,-0.67073005,1566947963562
27939,226,Accelerometer,-7.2388687,-2.397793,5.222951,1566947963563
27940,226,Gyroscope,0.711658,0.28893927,-0.64934975,1566947963572
27941,226,Accelerometer,-7.1730285,-2.4289176,5.407305,1566947963573
27942,226,Gyroscope,0.70371675,0.29626966,-0.6249151,1566947963582
27943,226,Accelerometer,-7.267599000000001,-2.6204537999999995,5.4504004,1566947963583
27944,226,Gyroscope,0.70249504,0.28405234,-0.5919284,1566947963592
27945,226,Accelerometer,-7.311891999999999,-2.7150247000000003,5.5018754,1566947963593
27946,226,Gyroscope,0.71776664,0.27000242,-0.5681046999999999,1566947963603
27947,226,Accelerometer,-7.487866,-2.7569232000000006,5.547365,1566947963603
27948,226,Gyroscope,0.7348709,0.26022860000000003,-0.54611355,1566947963612
27949,226,Accelerometer,-7.721300599999999,-2.8526914,5.3642087,1566947963613
27950,226,Gyroscope,0.7440339,0.23457226,-0.52534413,1566947963622
27951,226,Accelerometer,-7.916428,-2.7736826,5.1762643,1566947963623
27952,226,Gyroscope,0.7501425,0.20219639,-0.5131268,1566947963632
27953,226,Accelerometer,-8.037335,-2.6443958,5.1259856,1566947963633
27954,226,Gyroscope,0.7641924,0.17043139999999998,-0.5180137,1566947963642
27955,226,Accelerometer,-8.157045,-2.552219,5.199008999999999,1566947963643
27956,226,Gyroscope,0.77457714,0.15760323,-0.53023106,1566947963652
27957,226,Accelerometer,-8.190564,-2.409764,5.2756233,1566947963653
27958,226,Gyroscope,0.7635816,0.14599679999999998,-0.5522222,1566947963663
27959,226,Accelerometer,-8.118738,-2.3343467999999996,5.3618144999999995,1566947963663
27960,226,Gyroscope,0.7305948,0.14782938,-0.5742133,1566947963672
27961,226,Accelerometer,-7.9032598,-2.336741,5.4168816,1566947963673
27962,226,Gyroscope,0.68600166,0.14538592,-0.5833763000000001,1566947963682
27963,226,Accelerometer,-7.607576,-2.3750482,5.3163247,1566947963683
27964,226,Gyroscope,0.65118235,0.1423316,-0.57543504,1566947963692
27965,226,Accelerometer,-7.384915400000001,-2.4109612,5.3606176,1566947963693
27966,226,Gyroscope,0.64751714,0.15332718,-0.5699373000000001,1566947963702
27967,226,Accelerometer,-7.2101383000000006,-2.456451,5.432443599999999,1566947963703
27968,226,Gyroscope,0.64812803,0.16554448,-0.56688297,1566947963712
27969,226,Accelerometer,-7.232883500000001,-2.542642,5.513846400000001,1566947963714
27970,226,Gyroscope,0.6597345,0.17592919,-0.56321776,1566947963723
27971,226,Accelerometer,-7.337031,-2.6324248,5.659893,1566947963723
27972,226,Gyroscope,0.66156703,0.17592919,-0.55833083,1566947963732
27973,226,Accelerometer,-7.419631,-2.682703,5.659893,1566947963733
27974,226,Gyroscope,0.65179324,0.18203785,-0.54733527,1566947963742
27975,226,Accelerometer,-7.352593400000001,-2.7150247000000003,5.731719,1566947963743
27976,226,Gyroscope,0.63591075,0.19914207,-0.5143485,1566947963752
27977,226,Accelerometer,-7.302314999999999,-2.7688942,5.7616463,1566947963753
27978,226,Gyroscope,0.6249151,0.19303341,-0.49541172,1566947963762
27979,226,Accelerometer,-7.278373200000001,-2.8658595,5.8562174,1566947963763
27980,226,Gyroscope,0.61819565,0.19914207,-0.47952923,1566947963772
27981,226,Accelerometer,-7.157466,-2.9400797,5.853823,1566947963773
27982,226,Gyroscope,0.602924,0.21563543,-0.462425,1566947963782
27983,226,Accelerometer,-7.065289,-2.8287494,5.828684,1566947963783
27984,226,Gyroscope,0.59437186,0.23518312,-0.4465425,1566947963792
27985,226,Accelerometer,-7.0066314,-2.6839,5.9124813,1566947963793
27986,226,Gyroscope,0.5766568,0.25228736,-0.43737950000000003,1566947963802
27987,226,Accelerometer,-7.012616599999999,-2.5965118,5.807136,1566947963803
27988,226,Gyroscope,0.5491679,0.26694809999999997,-0.42332962,1566947963812
27989,226,Accelerometer,-6.985083599999999,-2.5594015,5.686229,1566947963813
27990,226,Gyroscope,0.5180137,0.26816985,-0.40683624,1566947963822
27991,226,Accelerometer,-7.0102224,-2.4684220000000003,5.6108117,1566947963823
27992,226,Gyroscope,0.48808134,0.2724459,-0.39706242,1566947963833
27993,226,Accelerometer,-7.1047934999999995,-2.517503,5.6096144,1566947963833
27994,226,Gyroscope,0.4728097,0.29077184,-0.38912117,1566947963842
27995,226,Accelerometer,-7.123947,-2.610877,5.7137623,1566947963843
27996,226,Gyroscope,0.45814893,0.30482176,-0.38484509999999994,1566947963852
27997,226,Accelerometer,-7.1706343,-2.8000187999999997,5.6886234,1566947963853
27998,226,Gyroscope,0.43982297,0.31642818,-0.3659083,1566947963862
27999,226,Accelerometer,-7.303512,-3.0059202000000003,5.588066599999999,1566947963863
28000,226,Gyroscope,0.42027529999999996,0.33353242,-0.32498032,1566947963872
28001,226,Accelerometer,-7.3825210000000006,-3.0873232,5.5605335,1566947963873
28002,226,Gyroscope,0.40622538,0.37384954,-0.27000242,1566947963883
28003,226,Accelerometer,-7.359775999999999,-3.040636,5.544971,1566947963883
28004,226,Gyroscope,0.4092797,0.43615779999999993,-0.21197024,1566947963892
28005,226,Accelerometer,-7.3322425,-2.9903579,5.590461,1566947963893
28006,226,Gyroscope,0.42271876,0.47525316,-0.1423316,1566947963902
28007,226,Accelerometer,-7.563283,-2.9352913,5.5150437000000005,1566947963903
28008,226,Gyroscope,0.43676865,0.49846604,-0.08002335,1566947963912
28009,226,Accelerometer,-7.7440453,-2.8754362999999996,5.470751,1566947963913
28010,226,Gyroscope,0.44532076,0.5137377000000001,-0.0421497,1566947963922
28011,226,Accelerometer,-7.9607205,-2.718616,5.284003299999999,1566947963923
28012,226,Gyroscope,0.44043383,0.49968776,-0.029932396,1566947963932
28013,226,Accelerometer,-8.10557,-2.4756044999999998,4.924873000000001,1566947963933
28014,226,Gyroscope,0.43310347,0.46914452,-0.040317107000000005,1566947963943
28015,226,Accelerometer,-8.7053175,-2.3654714,4.5561657,1566947963943
28016,226,Gyroscope,0.44532076,0.4269948,-0.07513642,1566947963953
28017,226,Accelerometer,-8.914810000000001,-2.3558946,4.5441947,1566947963953
28018,226,Gyroscope,0.46486846,0.376293,-0.13988814,1566947963962
28019,226,Accelerometer,-9.087193,-2.3223755,4.570531,1566947963963
28020,226,Gyroscope,0.48624873,0.3115413,-0.22479841,1566947963972
28021,226,Accelerometer,-9.052477,-2.244564,4.63278,1566947963973
28022,226,Gyroscope,0.50335294,0.23335053,-0.35491269999999997,1566947963982
28023,226,Accelerometer,-8.8777,-2.2337902,4.707000700000001,1566947963983
28024,226,Gyroscope,0.5174029,0.20341812,-0.41294490000000006,1566947963992
28025,226,Accelerometer,-8.598775999999999,-2.2517467,4.6950297,1566947963993
28026,226,Gyroscope,0.52473325,0.16982053,-0.45265114,1566947964003
28027,226,Accelerometer,-8.255207,-2.2900537999999995,4.7405194999999996,1566947964003
28028,226,Gyroscope,0.548557,0.13988814,-0.47708577,1566947964013
28029,226,Accelerometer,-7.9487495,-2.3558946,4.8662148,1566947964013
28030,226,Gyroscope,0.5870415,0.116675265,-0.48380527,1566947964022
28031,226,Accelerometer,-7.6650367,-2.4001873,5.033809,1566947964023
28032,226,Gyroscope,0.63407815,0.09101892,-0.48258355,1566947964032
28033,226,Accelerometer,-7.477092,-2.3942018,5.2049947,1566947964033
28034,226,Gyroscope,0.6792821,0.07513642,-0.48075095,1566947964042
28035,226,Accelerometer,-7.4399820000000005,-2.3020248,5.380968,1566947964043
28036,226,Gyroscope,0.7122689,0.07452556,-0.4886922,1566947964052
28037,226,Accelerometer,-7.489063000000001,-2.232593,5.5282116,1566947964053
28038,226,Gyroscope,0.72387534,0.07819075,-0.48930305,1566947964062
28039,226,Accelerometer,-7.5788455,-2.1320367,5.6156,1566947964063
28040,226,Gyroscope,0.72265357,0.086132,-0.4905248,1566947964072
28041,226,Accelerometer,-7.7093296,-2.0290859,5.7281275,1566947964073
28042,226,Gyroscope,0.7244862,0.10323623,-0.48991394,1566947964082
28043,226,Accelerometer,-7.7332716,-1.9776106,5.861006,1566947964083
28044,226,Gyroscope,0.729984,0.124005646,-0.48624873,1566947964092
28045,226,Accelerometer,-7.7368627000000005,-1.9105729999999999,5.9160724,1566947964093
28046,226,Gyroscope,0.73731434,0.15149458,-0.48258355,1566947964102
28047,226,Accelerometer,-7.7320743,-1.7836802999999999,5.9531827,1566947964103
28048,226,Gyroscope,0.7476991,0.1685988,-0.48747048,1566947964112
28049,226,Accelerometer,-7.6734165999999995,-1.6292541999999999,5.8681884,1566947964113
28050,226,Gyroscope,0.73975784,0.17348573,-0.49296826,1566947964122
28051,226,Accelerometer,-7.599196000000001,-1.6053122,5.6982,1566947964123
28052,226,Gyroscope,0.7263188,0.16432275,-0.5039638,1566947964132
28053,226,Accelerometer,-7.4699089999999995,-1.5969325,5.621585400000001,1566947964133
28054,226,Gyroscope,0.7165449,0.14844026,-0.5131268,1566947964142
28055,226,Accelerometer,-7.511808,-1.6651672999999998,5.579687,1566947964143
28056,226,Gyroscope,0.72387534,0.13744467,-0.5204572000000001,1566947964153
28057,226,Accelerometer,-7.605181699999999,-1.745373,5.687426,1566947964153
28058,226,Gyroscope,0.7360926,0.16249016,-0.53023106,1566947964162
28059,226,Accelerometer,-7.6626425000000005,-1.8040310000000002,5.791574,1566947964163
28060,226,Gyroscope,0.74036866,0.19425514,-0.54428095,1566947964173
28061,226,Accelerometer,-7.728483,-1.8626889,5.738901599999999,1566947964173
28062,226,Gyroscope,0.73548174,0.21319197,-0.5497787,1566947964182
28063,226,Accelerometer,-7.735666,-1.9117701,5.697003,1566947964183
28064,226,Gyroscope,0.71837753,0.23823744,-0.5510005,1566947964192
28065,226,Accelerometer,-7.603985000000001,-1.9955671000000001,5.7784057,1566947964193
28066,226,Gyroscope,0.7128797,0.26816985,-0.5497787,1566947964202
28067,226,Accelerometer,-7.571663,-2.1164744,5.840655,1566947964203
28068,226,Gyroscope,0.72265357,0.29810223,-0.548557,1566947964212
28069,226,Accelerometer,-7.595605,-2.2589292999999997,5.8059389999999995,1566947964213
28070,226,Gyroscope,0.74281216,0.3109304,-0.5564981999999999,1566947964222
28071,226,Accelerometer,-7.619547,-2.3463178,5.7808,1566947964223
28072,226,Gyroscope,0.75808376,0.3145956,-0.56382865,1566947964232
28073,226,Accelerometer,-7.78355,-2.3558946,5.66947,1566947964233
28074,226,Gyroscope,0.7635816,0.31520647,-0.5687156,1566947964242
28075,226,Accelerometer,-7.856573,-2.3199813,5.4647654999999995,1566947964243
28076,226,Gyroscope,0.77213365,0.31215215,-0.5742133,1566947964252
28077,226,Accelerometer,-7.7943234,-2.1894975,5.422867,1566947964253
28078,226,Gyroscope,0.78801614,0.3023783,-0.58459806,1566947964262
28079,226,Accelerometer,-7.726089,-2.1416135,5.4551888,1566947964263
28080,226,Gyroscope,0.8008443000000001,0.27000242,-0.59559363,1566947964273
28081,226,Accelerometer,-7.7332716,-2.1164744,5.4851160000000005,1566947964273
28082,226,Gyroscope,0.79717916,0.24556783,-0.6035349,1566947964282
28083,226,Accelerometer,-7.633912,-2.0470424,5.5737014,1566947964283
28084,226,Gyroscope,0.8032878000000001,0.24617869,-0.61391956,1566947964292
28085,226,Accelerometer,-7.5106106,-2.0925324,5.807136,1566947964293
28086,226,Gyroscope,0.82344633,0.27366763,-0.6230826,1566947964302
28087,226,Accelerometer,-7.489063000000001,-2.2421699,5.971139,1566947964303
28088,226,Gyroscope,0.8417723,0.30543262,-0.6310238,1566947964313
28089,226,Accelerometer,-7.548918,-2.4313118,5.98311,1566947964313
28090,226,Gyroscope,0.8491027,0.33292156,-0.62980205,1566947964322
28091,226,Accelerometer,-7.644686,-2.5629928,5.8274870000000005,1566947964323
28092,226,Gyroscope,0.84421575,0.35063666,-0.6249151,1566947964332
28093,226,Accelerometer,-7.660248299999999,-2.5198972,5.73531,1566947964333
28094,226,Gyroscope,0.83260936,0.35063666,-0.62796944,1566947964342
28095,226,Accelerometer,-7.551311999999999,-2.3726540000000003,5.592855,1566947964343
28096,226,Gyroscope,0.8222246,0.34147367,-0.63591075,1566947964353
28097,226,Accelerometer,-7.492654300000001,-2.1871033,5.4539914000000005,1566947964353
28098,226,Gyroscope,0.8387180000000001,0.32314770000000004,-0.6414085,1566947964362
28099,226,Accelerometer,-7.7919292,-2.1811178,5.459976999999999,1566947964363
28100,226,Gyroscope,0.8582656999999999,0.3145956,-0.6646214,1566947964373
28101,226,Accelerometer,-8.072051,-2.1296425,5.418078400000001,1566947964373
28102,226,Gyroscope,0.8533788,0.29321529999999996,-0.6951646,1566947964382
28103,226,Accelerometer,-8.324639,-2.1332338,5.1642933,1566947964383
28104,226,Gyroscope,0.8179486,0.25961772,-0.7293731,1566947964392
28105,226,Accelerometer,-8.37372,-2.2840683,4.88058,1566947964393
28106,226,Gyroscope,0.7770206000000001,0.21746802,-0.73975784,1566947964402
28107,226,Accelerometer,-8.371326,-2.8538885,5.0421886,1566947964403
28108,226,Gyroscope,0.75686204,0.1826487,-0.7324274000000001,1566947964412
28109,226,Accelerometer,-7.8613615,-2.9628246,5.2852,1566947964413
28110,226,Gyroscope,0.76174897,0.16615535,-0.70188415,1566947964422
28111,226,Accelerometer,-7.630321,-2.9221232,5.519832,1566947964423
28112,226,Gyroscope,0.77457714,0.17287487,-0.6786713000000001,1566947964433
28113,226,Accelerometer,-7.451953,-2.870648,5.6096144,1566947964433
28114,226,Gyroscope,0.7825184000000001,0.21197024,-0.65668017,1566947964442
28115,226,Accelerometer,-7.492654300000001,-2.7928362,5.57849,1566947964443
28116,226,Gyroscope,0.7800749,0.21991149,-0.6414085,1566947964452
28117,226,Accelerometer,-7.5800424,-2.731784,5.5054669999999994,1566947964453
28118,226,Gyroscope,0.7593055000000001,0.21563543,-0.6224717,1566947964462
28119,226,Accelerometer,-7.359775999999999,-2.72939,5.1690817000000004,1566947964463
28120,226,Gyroscope,0.73792523,0.21746802,-0.59864795,1566947964472
28121,226,Accelerometer,-7.1227503,-2.6479871,5.0745106,1566947964473
28122,226,Gyroscope,0.743423,0.23762658,-0.5815437,1566947964482
28123,226,Accelerometer,-7.091625,-2.6001031,5.189432,1566947964483
28124,226,Gyroscope,0.77396625,0.23090707,-0.57604593,1566947964492
28125,226,Accelerometer,-7.1826053,-2.5210943,5.396530599999999,1566947964493
28126,226,Gyroscope,0.81183994,0.21624629,-0.5839871999999999,1566947964503
28127,226,Accelerometer,-7.353790299999999,-2.421735,5.589264,1566947964503
28128,226,Gyroscope,0.8246681,0.20647246,-0.6047566,1566947964512
28129,226,Accelerometer,-7.656657000000001,-2.4109612,5.601235,1566947964513
28130,226,Gyroscope,0.80756384,0.1966986,-0.6236934000000001,1566947964522
28131,226,Accelerometer,-7.820659599999999,-2.4349031,5.5545480000000005,1566947964523
28132,226,Gyroscope,0.7800749,0.16982053,-0.62858033,1566947964533
28133,226,Accelerometer,-7.8948803,-2.4648306,5.5485625,1566947964533
28134,226,Gyroscope,0.75747293,0.14905111,-0.6267477,1566947964542
28135,226,Accelerometer,-7.839813,-2.5390507999999996,5.5222263,1566947964543
28136,226,Gyroscope,0.74220127,0.13744467,-0.6151413,1566947964552
28137,226,Accelerometer,-7.7667904000000005,-2.5737667,5.556941999999999,1566947964554
28138,226,Gyroscope,0.73731434,0.12889257,-0.5919284,1566947964563
28139,226,Accelerometer,-7.5968018,-2.5605986,5.5605335,1566947964563
28140,226,Gyroscope,0.7287621999999999,0.12034045,-0.57848936,1566947964572
28141,226,Accelerometer,-7.483077499999999,-2.5462333999999998,5.5054669999999994,1566947964573
28142,226,Gyroscope,0.72082096,0.12034045,-0.5540548000000001,1566947964582
28143,226,Accelerometer,-7.371747,-2.4504653999999997,5.517437999999999,1566947964583
28144,226,Gyroscope,0.7104363,0.13255776,-0.53023106,1566947964593
28145,226,Accelerometer,-7.2245035,-2.3535004,5.590461,1566947964593
28146,226,Gyroscope,0.6951646,0.1441642,-0.5216789000000001,1566947964602
28147,226,Accelerometer,-7.101202000000001,-2.2840683,5.6431336,1566947964603
28148,226,Gyroscope,0.6792821,0.15943582,-0.5186246,1566947964612
28149,226,Accelerometer,-7.017405,-2.3092074,5.779603,1566947964613
28150,226,Gyroscope,0.6731735,0.16737708,-0.5180137,1566947964623
28151,226,Accelerometer,-7.177817,-2.3654714,5.9483943,1566947964623
28152,226,Gyroscope,0.66828656,0.17287487,-0.5235115,1566947964632
28153,226,Accelerometer,-7.315483,-2.5390507999999996,5.978321599999999,1566947964633
28154,226,Gyroscope,0.65668017,0.172264,-0.51923543,1566947964642
28155,226,Accelerometer,-7.4028716,-2.5510217999999996,5.8502316,1566947964643
28156,226,Gyroscope,0.6389651,0.16798794,-0.50946164,1566947964652
28157,226,Accelerometer,-7.347805,-2.6420016,5.7544637000000005,1566947964653
28158,226,Gyroscope,0.6426301999999999,0.16004670000000001,-0.5027421,1566947964662
28159,226,Accelerometer,-7.371747,-2.7724855,5.710171,1566947964663
28160,226,Gyroscope,0.6426301999999999,0.15882497,-0.4905248,1566947964672
28161,226,Accelerometer,-7.3274539999999995,-2.8311436000000003,5.499480999999999,1566947964673
28162,226,Gyroscope,0.6426301999999999,0.14538592,-0.47769663,1566947964682
28163,226,Accelerometer,-7.387309599999999,-2.717419,5.494693,1566947964683
28164,226,Gyroscope,0.64934975,0.13805555,-0.48075095,1566947964692
28165,226,Accelerometer,-7.393294999999999,-2.5378537,5.664681400000001,1566947964693
28166,226,Gyroscope,0.6560693,0.1441642,-0.4905248,1566947964702
28167,226,Accelerometer,-7.4256167,-2.5390507999999996,5.7664347000000005,1566947964703
28168,226,Gyroscope,0.6597345,0.14049901,-0.5045747,1566947964712
28169,226,Accelerometer,-7.507019500000001,-2.5378537,5.755661,1566947964713
28170,226,Gyroscope,0.65240407,0.1337795,-0.5198463,1566947964722
28171,226,Accelerometer,-7.5333557,-2.5701754,5.6910176,1566947964723
28172,226,Gyroscope,0.6420194,0.13316862,-0.52595496,1566947964732
28173,226,Accelerometer,-7.451953,-2.6168625,5.665878299999999,1566947964733
28174,226,Gyroscope,0.63407815,0.14049901,-0.5338961999999999,1566947964743
28175,226,Accelerometer,-7.428011,-2.5845408,5.714959599999999,1566947964743
28176,226,Gyroscope,0.6383542,0.14172074,-0.54183745,1566947964752
28177,226,Accelerometer,-7.505822,-2.6527755,5.683835,1566947964753
28178,226,Gyroscope,0.6432411,0.13744467,-0.5412266,1566947964762
28179,226,Accelerometer,-7.559692,-2.681506,5.626374,1566947964763
28180,226,Gyroscope,0.6377433000000001,0.12644911,-0.5314528000000001,1566947964772
28181,226,Accelerometer,-7.589619,-2.634819,5.5521536,1566947964773
28182,226,Gyroscope,0.61819565,0.10995574,-0.516792,1566947964782
28183,226,Accelerometer,-7.690175999999999,-2.574964,5.487509999999999,1566947964783
28184,226,Gyroscope,0.59498274,0.10445796,-0.49968776,1566947964792
28185,226,Accelerometer,-7.7332716,-2.6276363999999997,5.483919,1566947964793
28186,226,Gyroscope,0.5699373000000001,0.09590584,-0.47708577,1566947964802
28187,226,Accelerometer,-7.7643960000000005,-2.5773582000000004,5.5246205,1566947964803
28188,226,Gyroscope,0.54550266,0.09040806,-0.46853364,1566947964813
28189,226,Accelerometer,-7.606379,-2.5306710999999997,5.6096144,1566947964813
28190,226,Gyroscope,0.5308419,0.07574729,-0.4605924,1566947964822
28191,226,Accelerometer,-7.571663,-2.5486276,5.729325,1566947964823
28192,226,Gyroscope,0.516792,0.08735373,-0.45631635,1566947964832
28193,226,Accelerometer,-7.4363904000000005,-2.528277,5.875371,1566947964833
28194,226,Gyroscope,0.5009095,0.10751228,-0.44043383,1566947964843
28195,226,Accelerometer,-7.369353,-2.4073699,6.019023000000001,1566947964843
28196,226,Gyroscope,0.48502702,0.13133603,-0.41905355,1566947964852
28197,226,Accelerometer,-7.451953,-2.2613235,6.137536,1566947964853
28198,226,Gyroscope,0.46731192,0.16065755,-0.39584067,1566947964862
28199,226,Accelerometer,-7.1945763,-2.2254104999999997,6.0345855,1566947964863
28200,226,Gyroscope,0.44776422,0.19914207,-0.37568212,1566947964873
28201,226,Accelerometer,-7.165846000000001,-2.2936451,5.957971,1566947964873
28202,226,Gyroscope,0.4288274,0.23396139,-0.36285394,1566947964882
28203,226,Accelerometer,-7.120356,-2.4133554,5.9029045,1566947964883
28204,226,Gyroscope,0.41355577,0.25228736,-0.3567453,1566947964892
28205,226,Accelerometer,-7.165846000000001,-2.4995465,5.875371,1566947964893
28206,226,Gyroscope,0.40439278,0.26694809999999997,-0.35246924,1566947964903
28207,226,Accelerometer,-7.225700999999999,-2.5689783,5.791574,1566947964903
28208,226,Gyroscope,0.39767328,0.26633725,-0.35308012,1566947964912
28209,226,Accelerometer,-7.1754226999999995,-2.5582043999999997,5.711368,1566947964913
28210,226,Gyroscope,0.40256020000000003,0.24251351,-0.34697145,1566947964922
28211,226,Accelerometer,-7.2029557,-2.5498247000000003,5.651513,1566947964923
28212,226,Gyroscope,0.41294490000000006,0.23396139,-0.34147367,1566947964933
28213,226,Accelerometer,-7.2568254,-2.6120741,5.619191000000001,1566947964933
28214,226,Gyroscope,0.4111123,0.24373524,-0.32559118,1566947964942
28215,226,Accelerometer,-7.352593400000001,-2.718616,5.5964465,1566947964943
28216,226,Gyroscope,0.40683624,0.25350907,-0.312763,1566947964952
28217,226,Accelerometer,-7.468712299999999,-2.8634652999999997,5.5868697,1566947964953
28218,226,Gyroscope,0.408058,0.25473082,-0.3023783,1566947964963
28219,226,Accelerometer,-7.6578539999999995,-2.9891607999999996,5.579687,1566947964963
28220,226,Gyroscope,0.40561453,0.24923302,-0.29382620000000004,1566947964972
28221,226,Accelerometer,-7.77517,-3.0322563999999996,5.511451999999999,1566947964973
28222,226,Gyroscope,0.38912117,0.23762658,-0.28527406,1566947964982
28223,226,Accelerometer,-7.698555499999999,-3.028665,5.297171,1566947964983
28224,226,Gyroscope,0.37507126,0.22052236,-0.27672195,1566947964992
28225,226,Accelerometer,-7.6171527,-3.0454244999999998,5.231331,1566947964993
28226,226,Gyroscope,0.37079520000000005,0.21563543,-0.27000242,1566947965002
28227,226,Accelerometer,-7.605181699999999,-3.0107086,5.209783,1566947965003
28228,226,Gyroscope,0.37079520000000005,0.21197024,-0.27183503,1566947965012
28229,226,Accelerometer,-7.642291999999999,-2.9939492000000003,5.1966147000000005,1566947965013
28230,226,Gyroscope,0.3830125,0.20586158,-0.27122417,1566947965022
28231,226,Accelerometer,-7.682993400000001,-3.0214825000000003,5.2385135,1566947965023
28232,226,Gyroscope,0.39461896,0.20463985,-0.27122417,1566947965032
28233,226,Accelerometer,-7.8062944000000005,-3.003526,5.347449299999999,1566947965033
28234,226,Gyroscope,0.40622538,0.20952678,-0.27000242,1566947965042
28235,226,Accelerometer,-7.963114699999999,-2.9783869,5.4527946,1566947965043
28236,226,Gyroscope,0.41355577,0.20463985,-0.2706133,1566947965052
28237,226,Accelerometer,-8.159439,-2.9137435000000003,5.4863133,1566947965053
28238,226,Gyroscope,0.41477749999999997,0.1777618,-0.26328292,1566947965063
28239,226,Accelerometer,-8.275558,-2.731784,5.4623713,1566947965063
28240,226,Gyroscope,0.40256020000000003,0.14049901,-0.24312437,1566947965072
28241,226,Accelerometer,-8.322245,-2.48159,5.407305,1566947965073
28242,226,Gyroscope,0.38240165,0.093462385,-0.2144137,1566947965082
28243,226,Accelerometer,-8.234857,-2.1583729,5.4001220000000005,1566947965083
28244,226,Gyroscope,0.36957347,0.047036625,-0.18081611,1566947965093
28245,226,Accelerometer,-8.10557,-1.8543092,5.544971,1566947965094
28246,226,Gyroscope,0.37018433,0.022602014,-0.16126843,1566947965103
28247,226,Accelerometer,-7.9583262999999995,-1.5897499,5.637148000000001,1566947965103
28248,226,Gyroscope,0.36835176,0.01038471,-0.15149458,1566947965112
28249,226,Accelerometer,-7.773973,-1.3587095,5.7365074,1566947965113
28250,226,Gyroscope,0.3555236,0.0067195175,-0.15515977,1566947965122
28251,226,Accelerometer,-7.551311999999999,-1.1947067,5.875371,1566947965123
28252,226,Gyroscope,0.33353242,-0.005497787,-0.18570304,1566947965132
28253,226,Accelerometer,-7.335833999999999,-1.1480197,5.9986725,1566947965133
28254,226,Gyroscope,0.29871312,0.015271631,-0.21319197,1566947965142
28255,226,Accelerometer,-7.120356,-1.1611878,6.1411276,1566947965143
28256,226,Gyroscope,0.29321529999999996,0.051923547,-0.24678956,1566947965152
28257,226,Accelerometer,-6.9719152,-1.3084313,6.2093620000000005,1566947965153
28258,226,Gyroscope,0.3023783,0.09773844,-0.27183503,1566947965162
28259,226,Accelerometer,-6.9108634,-1.5598223999999998,6.218939,1566947965163
28260,226,Gyroscope,0.30787608,0.14538592,-0.2883284,1566947965172
28261,226,Accelerometer,-7.04015,-1.6567876,6.1303535,1566947965173
28262,226,Gyroscope,0.31337386,0.19425514,-0.28710666,1566947965182
28263,226,Accelerometer,-7.047333,-1.6843209,6.18542,1566947965183
28264,226,Gyroscope,0.31520647,0.24251351,-0.2724459,1566947965192
28265,226,Accelerometer,-7.2029557,-1.6795325,6.1973910000000005,1566947965193
28266,226,Gyroscope,0.31031954,0.2761111,-0.25045475,1566947965202
28267,226,Accelerometer,-7.357382,-1.6531962,6.1279593,1566947965203
28268,226,Gyroscope,0.29260445,0.29138273,-0.22052236,1566947965212
28269,226,Accelerometer,-7.53575,-1.6184803,5.9412117,1566947965213
28270,226,Gyroscope,0.2742785,0.29749137,-0.19547687,1566947965223
28271,226,Accelerometer,-7.698555499999999,-1.532289,5.8586116,1566947965223
28272,226,Gyroscope,0.26572640000000003,0.29138273,-0.18203785,1566947965232
28273,226,Accelerometer,-7.839813,-1.3910311000000002,5.815516000000001,1566947965233
28274,226,Gyroscope,0.26816985,0.27550024,-0.18020524,1566947965242
28275,226,Accelerometer,-7.9607205,-1.2880806,5.853823,1566947965243
28276,226,Gyroscope,0.26572640000000003,0.25350907,-0.18081611,1566947965252
28277,226,Accelerometer,-8.019378999999999,-1.2653356000000002,5.8238955,1566947965253
28278,226,Gyroscope,0.26511553,0.23335053,-0.17898351,1566947965262
28279,226,Accelerometer,-8.028955,-1.340753,5.7017913,1566947965263
28280,226,Gyroscope,0.26022860000000003,0.22479841,-0.17898351,1566947965272
28281,226,Accelerometer,-7.991845,-1.3563153000000001,5.677849299999999,1566947965273
28282,226,Gyroscope,0.25717425,0.21380283,-0.17898351,1566947965282
28283,226,Accelerometer,-8.002619000000001,-1.364695,5.6551046,1566947965283
28284,226,Gyroscope,0.24617869,0.21135938,-0.18936823,1566947965292
28285,226,Accelerometer,-7.9475527,-1.3706805,5.649119000000001,1566947965293
28286,226,Gyroscope,0.23090707,0.20341812,-0.20036379999999998,1566947965302
28287,226,Accelerometer,-7.935581699999999,-1.352724,5.6179943,1566947965303
28288,226,Gyroscope,0.21746802,0.19120082,-0.20952678,1566947965312
28289,226,Accelerometer,-7.850587400000001,-1.3575124,5.589264,1566947965313
28290,226,Gyroscope,0.21991149,0.18509217,-0.21685717,1566947965323
28291,226,Accelerometer,-7.740454,-1.4413095,5.674258,1566947965323
28292,226,Gyroscope,0.23701571,0.18325958,-0.22357668,1566947965332
28293,226,Accelerometer,-7.599196000000001,-1.5239093000000001,5.7209449999999995,1566947965333
28294,226,Gyroscope,0.26633725,0.18203785,-0.22479841,1566947965342
28295,226,Accelerometer,-7.7189064,-1.4604629999999998,5.7736173,1566947965343
28296,226,Gyroscope,0.28283059999999993,0.19364429,-0.22174409,1566947965352
28297,226,Accelerometer,-7.741650999999999,-1.2557588,5.9005103,1566947965353
28298,226,Gyroscope,0.2706133,0.24373524,-0.22418754,1566947965362
28299,226,Accelerometer,-7.751228,-1.1516110000000002,5.9531827,1566947965363
28300,226,Gyroscope,0.21930063,0.27916542,-0.21746802,1566947965372
28301,226,Accelerometer,-7.820659599999999,-1.1575965,5.907693,1566947965373
28302,226,Gyroscope,0.17959438,0.30848694,-0.20036379999999998,1566947965382
28303,226,Accelerometer,-7.9846625,-1.2413936,5.9005103,1566947965383
28304,226,Gyroscope,0.16432275,0.32070425,-0.18325958,1566947965392
28305,226,Accelerometer,-8.172607000000001,-1.3922282,5.8634,1566947965393
28306,226,Gyroscope,0.16737708,0.33475417,-0.16126843,1566947965402
28307,226,Accelerometer,-8.208521000000001,-1.389834,5.801151,1566947965403
28308,226,Gyroscope,0.18387043,0.36285394,-0.15332718,1566947965412
28309,226,Accelerometer,-8.178593,-1.4101848999999997,5.699397,1566947965413
28310,226,Gyroscope,0.21197024,0.36102137,-0.15882497,1566947965422
28311,226,Accelerometer,-8.109161,-1.496376,5.54138,1566947965423
28312,226,Gyroscope,0.23884831,0.32070425,-0.17654006,1566947965432
28313,226,Accelerometer,-8.232463000000001,-1.5251063999999999,5.3139305,1566947965433
28314,226,Gyroscope,0.24801129,0.25961772,-0.20463985,1566947965443
28315,226,Accelerometer,-8.3150625,-1.5179238000000002,5.066130599999999,1566947965443
28316,226,Gyroscope,0.23151793,0.19486602,-0.22540927,1566947965452
28317,226,Accelerometer,-8.306683,-1.3754688999999998,4.8135424,1566947965453
28318,226,Gyroscope,0.20036379999999998,0.13072516,-0.2443461,1566947965462
28319,226,Accelerometer,-8.212111,-1.270124,4.7536874000000005,1566947965463
28320,226,Gyroscope,0.18570304,0.064751714,-0.26083946,1566947965472
28321,226,Accelerometer,-8.119935,-1.2629413999999999,4.7728410000000006,1566947965473
28322,226,Gyroscope,0.18325958,0.01282817,-0.2724459,1566947965482
28323,226,Accelerometer,-8.012196000000001,-1.3251906999999998,4.831499,1566947965483
28324,226,Gyroscope,0.18570304,-0.034208454,-0.2779437,1566947965492
28325,226,Accelerometer,-7.855376,-1.4341268999999999,4.8279076,1566947965493
28326,226,Gyroscope,0.18081611,-0.081855945,-0.28221974,1566947965502
28327,226,Accelerometer,-7.726089,-1.5634137,4.892551,1566947965503
28328,226,Gyroscope,0.16615535,-0.11911872,-0.2883284,1566947965512
28329,226,Accelerometer,-7.5309615,-1.6879122,4.985925,1566947965513
28330,226,Gyroscope,0.15027285,-0.13133603,-0.29565877,1566947965522
28331,226,Accelerometer,-7.351396,-1.9201498,5.1487308,1566947965523
28332,226,Gyroscope,0.15332718,-0.12889257,-0.29016098,1566947965532
28333,226,Accelerometer,-7.3442134999999995,-2.1308396000000003,5.3642087,1566947965533
28334,226,Gyroscope,0.16676621,-0.12278391400000001,-0.28283059999999993,1566947965542
28335,226,Accelerometer,-7.4232225000000005,-2.3080103,5.474342299999999,1566947965543
28336,226,Gyroscope,0.17715092,-0.11362094,-0.26633725,1566947965552
28337,226,Accelerometer,-7.4567413,-2.4013843999999995,5.4791307,1566947965553
28338,226,Gyroscope,0.17409660000000002,-0.08063421400000001,-0.24556783,1566947965562
28339,226,Accelerometer,-7.4495587,-2.4061728,5.543774,1566947965563
28340,226,Gyroscope,0.1685988,-0.044593163,-0.22602014,1566947965572
28341,226,Accelerometer,-7.41604,-2.4073699,5.547365,1566947965573
28342,226,Gyroscope,0.17348573,-0.017104227,-0.21197024,1566947965582
28343,226,Accelerometer,-7.4232225000000005,-2.4361002,5.5246205,1566947965583
28344,226,Gyroscope,0.17165314,0.002443461,-0.20341812,1566947965592
28345,226,Accelerometer,-7.487866,-2.4839842,5.4647654999999995,1566947965593
28346,226,Gyroscope,0.17043139999999998,-0.019547688,-0.20341812,1566947965603
28347,226,Accelerometer,-7.779958199999999,-2.5378537,5.384559599999999,1566947965603
28348,226,Gyroscope,0.15454891,-0.06047566,-0.21074851,1566947965612
28349,226,Accelerometer,-8.046911999999999,-2.4361002,5.3737855,1566947965613
28350,226,Gyroscope,0.14599679999999998,-0.09162979,-0.22418754,1566947965622
28351,226,Accelerometer,-7.967903,-2.3523033,5.5401826,1566947965623
28352,226,Gyroscope,0.14660765,-0.13927728,-0.23090707,1566947965632
28353,226,Accelerometer,-8.104372999999999,-2.2744915,5.828684,1566947965633
28354,226,Gyroscope,0.14477506,-0.18570304,-0.24190263,1566947965642
28355,226,Accelerometer,-8.191761,-2.2744915,6.1411276,1566947965643
28356,226,Gyroscope,0.124005646,-0.20341812,-0.24373524,1566947965652
28357,226,Accelerometer,-7.9523410000000005,-2.2218192,6.399701,1566947965653
28358,226,Gyroscope,0.09712757,-0.18936823,-0.22113322,1566947965662
28359,226,Accelerometer,-7.796717599999999,-2.1667526,6.4966664000000005,1566947965663
28360,226,Gyroscope,0.070249505,-0.15577064,-0.19303341,1566947965672
28361,226,Accelerometer,-7.547721000000001,-2.0925324,6.5361705,1566947965673
28362,226,Gyroscope,0.04276056599999999,-0.10567969,-0.16126843,1566947965682
28363,226,Accelerometer,-7.299921,-2.088941,6.623558999999999,1566947965683
28364,226,Gyroscope,0.02687807,-0.03970624,-0.13316862,1566947965692
28365,226,Accelerometer,-7.016208,-2.0817582999999997,6.7468604999999995,1566947965693
28366,226,Gyroscope,0.014049901000000002,0.03481932,-0.111177474,1566947965702
28367,226,Accelerometer,-6.7516490000000005,-2.1320367,6.804321300000001,1566947965703
28368,226,Gyroscope,0.00061086525,0.10629055,-0.093462385,1566947965713
28369,226,Accelerometer,-6.6295447,-2.232593,6.767211,1566947965713
28370,226,Gyroscope,-0.004886922,0.17592919,-0.08307768,1566947965722
28371,226,Accelerometer,-6.501455,-2.3355439,6.685808,1566947965723
28372,226,Gyroscope,-0.0067195175,0.21502456,-0.070249505,1566947965732
28373,226,Accelerometer,-6.451176599999999,-2.3918076,6.427234599999999,1566947965733
28374,226,Gyroscope,0.009162978,0.24495697,-0.06169739,1566947965742
28375,226,Accelerometer,-6.4942720000000005,-2.4887726000000003,6.2129536,1566947965743
28376,226,Gyroscope,0.031154128,0.26939157,-0.05497787,1566947965753
28377,226,Accelerometer,-6.670246000000001,-2.5881321,6.027403,1566947965753
28378,226,Gyroscope,0.054367005999999996,0.27183503,-0.056199603,1566947965762
28379,226,Accelerometer,-6.931214,-2.7281928,5.753267,1566947965763
28380,226,Gyroscope,0.070249505,0.26816985,-0.053145275,1566947965772
28381,226,Accelerometer,-7.183802,-2.883816,5.521029,1566947965773
28382,226,Gyroscope,0.07819075,0.24923302,-0.043982297000000004,1566947965782
28383,226,Accelerometer,-7.4471645,-3.0142999,5.102043599999999,1566947965783
28384,226,Gyroscope,0.07941248,0.20647246,-0.028099801,1566947965792
28385,226,Accelerometer,-8.01459,-3.0765493,5.0541596,1566947965793
28386,226,Gyroscope,0.0842994,0.1563815,-0.020158553,1566947965802
28387,226,Accelerometer,-7.990648299999999,-3.0777464,5.1367598,1566947965803
28388,226,Gyroscope,0.09285152,0.11484267,-0.019547688,1566947965812
28389,226,Accelerometer,-8.082825,-3.1052797,5.1547165,1566947965813
28390,226,Gyroscope,0.09040806,0.07696902,-0.032986722999999996,1566947965822
28391,226,Accelerometer,-8.084022000000001,-2.9939492000000003,5.104438,1566947965823
28392,226,Gyroscope,0.06963864,0.030543262,-0.04520403,1566947965832
28393,226,Accelerometer,-7.959523700000001,-2.870648,5.116409,1566947965833
28394,226,Gyroscope,0.05497787,0.017104227,-0.0580322,1566947965842
28395,226,Accelerometer,-7.843405000000001,-2.7820622999999998,5.183447,1566947965843
28396,226,Gyroscope,0.045814894,0.0061086523,-0.081855945,1566947965852
28397,226,Accelerometer,-7.619547,-2.8095956,5.341464,1566947965853
28398,226,Gyroscope,0.052534412999999995,-0.010995574,-0.09285152,1566947965863
28399,226,Accelerometer,-7.5309615,-2.8850130000000003,5.4899044,1566947965863
28400,226,Gyroscope,0.054367005999999996,-0.018936822,-0.09407325,1566947965872
28401,226,Accelerometer,-7.36217,-2.8323407000000005,5.5868697,1566947965873
28402,226,Gyroscope,0.055588737,-0.01160644,-0.08735373,1566947965882
28403,226,Accelerometer,-7.120356,-2.731784,5.7544637000000005,1566947965883
28404,226,Gyroscope,0.04886922,0.0030543262,-0.0842994,1566947965892
28405,226,Accelerometer,-6.8761472999999995,-2.7449522,5.9364233,1566947965893
28406,226,Gyroscope,0.04520403,0.014049901000000002,-0.08368854,1566947965903
28407,226,Accelerometer,-6.781575999999999,-2.8969840000000002,6.0740894999999995,1566947965903
28408,226,Gyroscope,0.02687807,0.014660766,-0.08002335,1566947965912
28409,226,Accelerometer,-6.7504516,-2.8538885,6.2249246,1566947965913
28410,226,Gyroscope,0.0036651915999999997,0.03726278,-0.077579886,1566947965922
28411,226,Accelerometer,-6.8186865,-2.7401638,6.3446345,1566947965923
28412,226,Gyroscope,-0.013439035,0.084910266,-0.07269296,1566947965932
28413,226,Accelerometer,-6.7372837,-2.6683377999999998,6.4547677000000006,1566947965933
28414,226,Gyroscope,-0.02076942,0.15149458,-0.0720821,1566947965943
28415,226,Accelerometer,-6.649895,-2.7724855,6.503849,1566947965943
28416,226,Gyroscope,-0.014049901000000002,0.20280726,-0.07513642,1566947965952
28417,226,Accelerometer,-6.731298,-3.0059202000000003,6.5218053,1566947965953
28418,226,Gyroscope,-0.004276057,0.25350907,-0.08002335,1566947965962
28419,226,Accelerometer,-6.781575999999999,-3.2225955,6.4858923,1566947965963
28420,226,Gyroscope,0.00061086525,0.31887165,-0.08368854,1566947965972
28421,226,Accelerometer,-6.9096660000000005,-3.3662476999999997,6.420052,1566947965973
28422,226,Gyroscope,-0.004276057,0.38728857,-0.084910266,1566947965982
28423,226,Accelerometer,-7.0688806,-3.5063082999999997,6.1938,1566947965983
28424,226,Gyroscope,-0.02565634,0.43982297,-0.06963864,1566947965992
28425,226,Accelerometer,-7.193378999999999,-3.6918589999999996,5.816713,1566947965993
28426,226,Gyroscope,-0.04642576,0.44776422,-0.048258353,1566947966002
28427,226,Accelerometer,-7.2149267,-3.669114,5.4791307,1566947966003
28428,226,Gyroscope,-0.044593163,0.41477749999999997,-0.015271631,1566947966012
28429,226,Accelerometer,-7.268796400000001,-3.5087025,5.1463366,1566947966013
28430,226,Gyroscope,-0.032986722999999996,0.34269542,0.03848451,1566947966022
28431,226,Accelerometer,-7.2831616,-3.276465,4.909311,1566947966023
28432,226,Gyroscope,0.00061086525,0.2321288,0.08368854,1566947966032
28433,226,Accelerometer,-7.1981673,-3.1387985,4.8853683,1566947966033
28434,226,Gyroscope,0.0421497,0.11545353400000001,0.10629055,1566947966042
28435,226,Accelerometer,-7.186196300000001,-3.0705638,5.045780000000001,1566947966043
28436,226,Gyroscope,0.084910266,0.02321288,0.1423316,1566947966053
28437,226,Accelerometer,-7.1454949999999995,-2.9460652,5.3211129999999995,1566947966053
28438,226,Gyroscope,0.095294975,0.047647487,0.16004670000000001,1566947966062
28439,226,Accelerometer,-7.250839699999999,-2.7593174,5.5940523,1566947966063
28440,226,Gyroscope,0.08735373,0.116675265,0.16737708,1566947966072
28441,226,Accelerometer,-7.420828299999999,-2.6431987,5.7879825,1566947966073
28442,226,Gyroscope,0.06414085,0.21197024,0.16126843,1566947966082
28443,226,Accelerometer,-7.614758500000001,-2.6001031,5.7987566,1566947966083
28444,226,Gyroscope,0.04337143,0.29749137,0.13805555,1566947966092
28445,226,Accelerometer,-7.717708999999999,-2.492364,5.8669910000000005,1566947966093
28446,226,Gyroscope,0.022602014,0.32131509999999996,0.10140363,1566947966102
28447,226,Accelerometer,-7.8410106,-2.3654714,5.631162000000001,1566947966103
28448,226,Gyroscope,0.02321288,0.29382620000000004,0.06352998,1566947966112
28449,226,Accelerometer,-8.054094000000001,-2.27928,5.2923827,1566947966113
28450,226,Gyroscope,0.040317107000000005,0.24801129,0.023823743999999997,1566947966122
28451,226,Accelerometer,-8.415619,-2.2182279,5.068525,1566947966123
28452,226,Gyroscope,0.056199603,0.17898351,-0.031154128,1566947966132
28453,226,Accelerometer,-8.737639,-2.1655555,4.7560816,1566947966133
28454,226,Gyroscope,0.07513642,0.089186326,-0.092240654,1566947966142
28455,226,Accelerometer,-9.0237465,-2.2122424,4.638766,1566947966143
28456,226,Gyroscope,0.08063421400000001,0.0061086523,-0.13988814,1566947966152
28457,226,Accelerometer,-9.114726,-2.2697031,4.696226599999999,1566947966153
28458,226,Gyroscope,0.06963864,-0.06047566,-0.16737708,1566947966162
28459,226,Accelerometer,-9.027337,-2.3415293999999998,4.762067299999999,1566947966163
28460,226,Gyroscope,0.04337143,-0.1020145,-0.17715092,1566947966172
28461,226,Accelerometer,-8.711303,-2.3953989,4.8901567,1566947966173
28462,226,Gyroscope,0.025045475,-0.12217305,-0.16371189,1566947966183
28463,226,Accelerometer,-8.274361,-2.4672248,4.9679685,1566947966183
28464,226,Gyroscope,0.02076942,-0.13072516,-0.1423316,1566947966192
28465,226,Accelerometer,-7.869741,-2.4995465,5.046977,1566947966193
28466,226,Gyroscope,0.02076942,-0.12217305,-0.11728613,1566947966202
28467,226,Accelerometer,-7.595605,-2.445677,5.1918263,1566947966203
28468,226,Gyroscope,0.034208454,-0.10751228,-0.09101892,1566947966212
28469,226,Accelerometer,-7.339425,-2.3702598,5.3713913,1566947966213
28470,226,Gyroscope,0.048258353,-0.09468412,-0.07086037,1566947966222
28471,226,Accelerometer,-7.1826053,-2.2864625,5.518635,1566947966222
28472,226,Gyroscope,0.0720821,-0.08307768,-0.055588737,1566947966233
28473,226,Accelerometer,-6.9958572,-2.2505496,5.6179943,1566947966233
28474,226,Gyroscope,0.099571034,-0.07941248,-0.048258353,1566947966242
28475,226,Accelerometer,-6.9611415999999995,-2.2541409,5.7520695,1566947966243
28476,226,Gyroscope,0.12705997,-0.07574729,-0.04337143,1566947966252
28477,226,Accelerometer,-7.177817,-2.0530279,5.8801594,1566947966253
28478,226,Gyroscope,0.14172074,-0.056199603,-0.03970624,1566947966262
28479,226,Accelerometer,-7.3106947,-1.9416976000000001,5.995081,1566947966263
28480,226,Gyroscope,0.15699236,-0.050701816,-0.031154128,1566947966272
28481,226,Accelerometer,-7.4591354999999995,-1.8136078000000002,6.0585275,1566947966273
28482,226,Gyroscope,0.16920967,-0.059864793,-0.03176499,1566947966282
28483,226,Accelerometer,-7.5561004,-1.6795325,6.196194,1566947966283
28484,226,Gyroscope,0.18325958,-0.08307768,-0.035430185,1566947966292
28485,226,Accelerometer,-7.642291999999999,-1.5179238000000002,6.2967505,1566947966293
28486,226,Gyroscope,0.17531833,-0.076358154,-0.0421497,1566947966302
28487,226,Accelerometer,-7.6865845,-1.3108255,6.2704144,1566947966303
28488,226,Gyroscope,0.15515977,-0.06291912,-0.049480084,1566947966312
28489,226,Accelerometer,-7.633912,-1.1671733999999998,6.1746464,1566947966313
28490,226,Gyroscope,0.12034045,-0.028710667000000002,-0.050701816,1566947966323
28491,226,Accelerometer,-7.5285673,-1.0821792,6.063316,1566947966323
28492,226,Gyroscope,0.0720821,0.02321288,-0.048258353,1566947966332
28493,226,Accelerometer,-7.2939353,-1.0271125,6.0262055,1566947966333
28494,226,Gyroscope,0.028099801,0.07819075,-0.054367005999999996,1566947966342
28495,226,Accelerometer,-7.138312299999999,-1.1803415000000002,6.017826,1566947966343
28496,226,Gyroscope,0.004276057,0.12156218,-0.06719518,1566947966352
28497,226,Accelerometer,-7.1969705,-1.4856021000000001,6.005855,1566947966353
28498,226,Gyroscope,-0.0036651915999999997,0.14599679999999998,-0.081855945,1566947966363
28499,226,Accelerometer,-7.271190600000001,-1.7573439999999998,5.932832,1566947966363
28500,226,Gyroscope,-0.004276057,0.16493362,-0.08979719,1566947966372
28501,226,Accelerometer,-7.322665700000001,-2.005144,5.816713,1566947966373
28502,226,Gyroscope,0.004886922,0.16982053,-0.10445796,1566947966382
28503,226,Accelerometer,-7.414842599999999,-2.2110453,5.627571,1566947966383
28504,226,Gyroscope,0.018325957,0.14294247,-0.12461651,1566947966392
28505,226,Accelerometer,-7.5082164,-2.349909,5.3821654,1566947966393
28506,226,Gyroscope,0.02443461,0.095294975,-0.14905111,1566947966402
28507,226,Accelerometer,-7.608772999999999,-2.4169466,5.2049947,1566947966403
28508,226,Gyroscope,0.034208454,0.0421497,-0.17470746,1566947966413
28509,226,Accelerometer,-7.659051400000001,-2.4432828,5.1547165,1566947966413
28510,226,Gyroscope,0.047036625,-0.017715093,-0.19547687,1566947966422
28511,226,Accelerometer,-7.7201033,-2.4241292000000003,5.351041,1566947966423
28512,226,Gyroscope,0.073303826,-0.07574729,-0.20708331,1566947966432
28513,226,Accelerometer,-7.767987299999999,-2.3965959999999997,5.6407394,1566947966433
28514,226,Gyroscope,0.09712757,-0.10629055,-0.20830505,1566947966442
28515,226,Accelerometer,-7.818265400000001,-2.3427265,5.919664,1566947966443
28516,226,Gyroscope,0.10323623,-0.11178834,-0.19364429,1566947966452
28517,226,Accelerometer,-7.8410106,-2.1883004,6.0262055,1566947966453
28518,226,Gyroscope,0.07086037,-0.09468412,-0.18936823,1566947966462
28519,226,Accelerometer,-7.721300599999999,-2.1176715,6.087258,1566947966463
28520,226,Gyroscope,0.014660766,-0.054367005999999996,-0.17959438,1566947966473
28521,226,Accelerometer,-7.7201033,-2.1511902999999997,6.133945,1566947966473
28522,226,Gyroscope,-0.032986722999999996,0.007330383,-0.16371189,1566947966482
28523,226,Accelerometer,-7.677007700000001,-2.3403322999999996,6.302736,1566947966483
28524,226,Gyroscope,-0.055588737,0.08063421400000001,-0.14538592,1566947966492
28525,226,Accelerometer,-7.633912,-2.5821466,6.4763155,1566947966493
28526,226,Gyroscope,-0.047036625,0.16310102,-0.124005646,1566947966502
28527,226,Accelerometer,-7.614758500000001,-2.8179752999999996,6.5241995,1566947966503
28528,226,Gyroscope,-0.036651913,0.22785273,-0.09468412,1566947966512
28529,226,Accelerometer,-7.595605,-2.8909986,6.226121400000001,1566947966513
28530,226,Gyroscope,-0.02076942,0.29260445,-0.07147124,1566947966523
28531,226,Accelerometer,-7.5800424,-2.8814217999999996,5.840655,1566947966523
28532,226,Gyroscope,-0.00061086525,0.3323107,-0.05681047,1566947966532
28533,226,Accelerometer,-7.606379,-2.8155810000000003,5.5282116,1566947966533
28534,226,Gyroscope,0.004276057,0.3475823,-0.04520403,1566947966542
28535,226,Accelerometer,-7.6722193,-2.695871,5.0960584,1566947966543
28536,226,Gyroscope,0.0067195175,0.33964106,-0.03970624,1566947966552
28537,226,Accelerometer,-7.740454,-2.5617957000000002,4.783615,1566947966553
28538,226,Gyroscope,0.007330383,0.29504790000000003,-0.040927973,1566947966562
28539,226,Accelerometer,-7.803900200000001,-2.4636335,4.5525746,1566947966563
28540,226,Gyroscope,0.02321288,0.22174409,-0.04642576,1566947966573
28541,226,Accelerometer,-7.928399000000001,-2.5043349999999998,4.461595,1566947966573
28542,226,Gyroscope,0.040317107000000005,0.1386664,-0.062308256,1566947966582
28543,226,Accelerometer,-8.033744,-2.5833437000000004,4.462791999999999,1566947966583
28544,226,Gyroscope,0.059253927000000005,0.054367005999999996,-0.07819075,1566947966592
28545,226,Accelerometer,-8.1079645,-2.6695349999999998,4.5058875,1566947966593
28546,226,Gyroscope,0.06963864,-0.021380282999999996,-0.09468412,1566947966602
28547,226,Accelerometer,-8.209717999999999,-2.7353754,4.5753193,1566947966603
28548,226,Gyroscope,0.06963864,-0.07941248,-0.10445796,1566947966612
28549,226,Accelerometer,-8.145074000000001,-2.7269957000000002,4.698621,1566947966613
28550,226,Gyroscope,0.0842994,-0.13011430000000002,-0.11484267,1566947966622
28551,226,Accelerometer,-8.0445175,-2.8155810000000003,4.9703627,1566947966623
28552,226,Gyroscope,0.096516706,-0.16920967,-0.124005646,1566947966632
28553,226,Accelerometer,-8.051701,-2.9209259999999997,5.2026005,1566947966633
28554,226,Gyroscope,0.09712757,-0.17470746,-0.119729586,1566947966642
28555,226,Accelerometer,-7.908048,-2.883816,5.3713913,1566947966643
28556,226,Gyroscope,0.09773844,-0.16432275,-0.11789699,1566947966652
28557,226,Accelerometer,-7.605181699999999,-2.7772740000000002,5.612008599999999,1566947966653
28558,226,Gyroscope,0.1142318,-0.14721853,-0.12583824,1566947966662
28559,226,Accelerometer,-7.437587700000001,-2.765303,5.8921304,1566947966663
28560,226,Gyroscope,0.13194689,-0.124005646,-0.12767084,1566947966672
28561,226,Accelerometer,-7.356185000000001,-2.802413,6.007052,1566947966673
28562,226,Gyroscope,0.1386664,-0.093462385,-0.12034045,1566947966683
28563,226,Accelerometer,-7.2831616,-2.7377696,6.0345855,1566947966683
28564,226,Gyroscope,0.13255776,-0.05131268,-0.10812314599999999,1566947966692
28565,226,Accelerometer,-7.201759,-2.645593,6.101623,1566947966693
28566,226,Gyroscope,0.12705997,-0.014660766,-0.105068825,1566947966702
28567,226,Accelerometer,-7.1179619999999995,-2.6132712000000002,6.2153480000000005,1566947966703
28568,226,Gyroscope,0.12705997,0.009162978,-0.10262536,1566947966712
28569,226,Accelerometer,-7.067683000000001,-2.6324248,6.1100025,1566947966713
28570,226,Gyroscope,0.12767084,0.025045475,-0.093462385,1566947966722
28571,226,Accelerometer,-7.074866,-2.4959552000000005,5.9998693,1566947966723
28572,226,Gyroscope,0.11911872,0.050701816,-0.086132,1566947966733
28573,226,Accelerometer,-7.067683000000001,-2.3032220000000003,5.8909335,1566947966733
28574,226,Gyroscope,0.105068825,0.059253927000000005,-0.08307768,1566947966742
28575,226,Accelerometer,-7.0664864000000005,-2.1883004,5.819107,1566947966743
28576,226,Gyroscope,0.07941248,0.070249505,-0.08307768,1566947966752
28577,226,Accelerometer,-7.110779300000001,-2.1547816,5.7760115,1566947966753
28578,226,Gyroscope,0.058643065,0.07452556,-0.08552113,1566947966762
28579,226,Accelerometer,-7.177817,-2.136825,5.7903767,1566947966763
28580,226,Gyroscope,0.040317107000000005,0.06719518,-0.08857546,1566947966772
28581,226,Accelerometer,-7.1610575,-2.1619642000000003,5.8454432,1566947966773
28582,226,Gyroscope,0.02076942,0.064751714,-0.09773844,1566947966782
28583,226,Accelerometer,-7.2580222999999995,-2.3535004,5.8837504,1566947966783
28584,226,Gyroscope,0.004886922,0.056199603,-0.10262536,1566947966792
28585,226,Accelerometer,-7.3789296,-2.4145525,5.8346696,1566947966793
28586,226,Gyroscope,-0.019547688,0.04153884,-0.10018189999999999,1566947966802
28587,226,Accelerometer,-7.369353,-2.3319526,5.8478374,1566947966803
28588,226,Gyroscope,-0.047647487,0.040927973,-0.09407325,1566947966812
28589,226,Accelerometer,-7.2915410000000005,-2.3247697,5.837064,1566947966813
28590,226,Gyroscope,-0.06658431,0.06047566,-0.09101892,1566947966822
28591,226,Accelerometer,-7.1035960000000005,-2.4408886,5.872977,1566947966823
28592,226,Gyroscope,-0.06963864,0.06536258,-0.0842994,1566947966832
28593,226,Accelerometer,-7.108384599999999,-2.6384103,5.9807158,1566947966833
28594,226,Gyroscope,-0.06291912,0.056199603,-0.0720821,1566947966843
28595,226,Accelerometer,-7.1646485,-2.7210102000000003,6.039374,1566947966843
28596,226,Gyroscope,-0.06047566,0.062308256,-0.058643065,1566947966852
28597,226,Accelerometer,-7.133524,-2.7485435000000003,6.007052,1566947966853
28598,226,Gyroscope,-0.06658431,0.10018189999999999,-0.039095376,1566947966862
28599,226,Accelerometer,-7.0964136,-2.7509377,5.9400144,1566947966863
28600,226,Gyroscope,-0.07880162,0.11728613,-0.019547688,1566947966872
28601,226,Accelerometer,-7.03177,-2.779668,5.7987566,1566947966873
28602,226,Gyroscope,-0.093462385,0.12705997,-0.004886922,1566947966882
28603,226,Accelerometer,-6.970718400000001,-2.8682537,5.767632,1566947966883
28604,226,Gyroscope,-0.08552113,0.12950343,0.0018325957999999999,1566947966893
28605,226,Accelerometer,-7.028179,-2.9077580000000003,5.7903767,1566947966893
28606,226,Gyroscope,-0.0720821,0.13927728,0.004886922,1566947966902
28607,226,Accelerometer,-7.253234,-2.9951463,5.6910176,1566947966903
28608,226,Gyroscope,-0.06841691,0.13500121,0.004886922,1566947966912
28609,226,Accelerometer,-7.4603324,-3.0095115000000003,5.543774,1566947966913
28610,226,Gyroscope,-0.07696902,0.13500121,0.0067195175,1566947966922
28611,226,Accelerometer,-7.5764512999999996,-2.9783869,5.4504004,1566947966923
28612,226,Gyroscope,-0.084910266,0.13194689,0.008552114,1566947966932
28613,226,Accelerometer,-7.5608889999999995,-3.0166939999999998,5.3618144999999995,1566947966933
28614,226,Gyroscope,-0.08674286,0.10995574,0.010995574,1566947966943
28615,226,Accelerometer,-7.559692,-3.1519666,5.3330839999999995,1566947966943
28616,226,Gyroscope,-0.081855945,0.08552113,0.014049901000000002,1566947966952
28617,226,Accelerometer,-7.4974427,-3.2249897,5.346252400000001,1566947966953
28618,226,Gyroscope,-0.07696902,0.06963864,0.017104227,1566947966962
28619,226,Accelerometer,-7.483077499999999,-3.2453402999999996,5.3737855,1566947966963
28620,226,Gyroscope,-0.081855945,0.06352998,0.030543262,1566947966972
28621,226,Accelerometer,-7.5525093,-3.2597055,5.389348,1566947966973
28622,226,Gyroscope,-0.09407325,0.05375614,0.040927973,1566947966982
28623,226,Accelerometer,-7.5584945999999995,-3.2501287,5.42167,1566947966983
28624,226,Gyroscope,-0.096516706,0.03970624,0.045814894,1566947966992
28625,226,Accelerometer,-7.544129400000001,-3.144784,5.5377884,1566947966993
28626,226,Gyroscope,-0.096516706,0.02687807,0.053145275,1566947967002
28627,226,Accelerometer,-7.4639240000000004,-3.0693667000000002,5.5760955999999995,1566947967003
28628,226,Gyroscope,-0.09285152,0.04276056599999999,0.06536258,1566947967012
28629,226,Accelerometer,-7.2927384,-2.992752,5.6886234,1566947967013
28630,226,Gyroscope,-0.08857546,0.081855945,0.089186326,1566947967022
28631,226,Accelerometer,-7.4112515,-2.895787,5.686229,1566947967023
28632,226,Gyroscope,-0.09285152,0.10567969,0.1020145,1566947967032
28633,226,Accelerometer,-7.6231384,-2.80361,5.5940523,1566947967033
28634,226,Gyroscope,-0.10140363,0.1160644,0.1142318,1566947967042
28635,226,Accelerometer,-7.643489,-2.7377696,5.553351,1566947967043
28636,226,Gyroscope,-0.10812314599999999,0.11178834,0.12217305,1566947967053
28637,226,Accelerometer,-7.667431,-2.6036943999999997,5.5485625,1566947967053
28638,226,Gyroscope,-0.111177474,0.10079276599999999,0.12950343,1566947967062
28639,226,Accelerometer,-7.687782,-2.4708161,5.5820813,1566947967063
28640,226,Gyroscope,-0.1142318,0.10995574,0.13927728,1566947967072
28641,226,Accelerometer,-7.6243353,-2.3714569,5.639542,1566947967073
28642,226,Gyroscope,-0.10751228,0.14172074,0.13988814,1566947967082
28643,226,Accelerometer,-7.583634,-2.280477,5.722142,1566947967083
28644,226,Gyroscope,-0.10751228,0.17531833,0.12461651,1566947967092
28645,226,Accelerometer,-7.603985000000001,-2.2146366000000004,5.742492700000001,1566947967093
28646,226,Gyroscope,-0.106901415,0.18631389999999998,0.093462385,1566947967103
28647,226,Accelerometer,-7.706935400000001,-2.2385786,5.719748,1566947967103
28648,226,Gyroscope,-0.116675265,0.17715092,0.06536258,1566947967112
28649,226,Accelerometer,-7.8709383,-2.2182279,5.639542,1566947967113
28650,226,Gyroscope,-0.12889257,0.16065755,0.03481932,1566947967122
28651,226,Accelerometer,-8.013392999999999,-2.1260512,5.547365,1566947967123
28652,226,Gyroscope,-0.14599679999999998,0.1563815,0.002443461,1566947967132
28653,226,Accelerometer,-8.074444999999999,-2.0614076,5.4408236,1566947967133
28654,226,Gyroscope,-0.16249016,0.15454891,-0.019547688,1566947967142
28655,226,Accelerometer,-8.11395,-2.0937295,5.309142,1566947967143
28656,226,Gyroscope,-0.1685988,0.14782938,-0.029932396,1566947967152
28657,226,Accelerometer,-8.018182000000001,-2.2014685000000003,5.2049947,1566947967153
28658,226,Gyroscope,-0.16554448,0.13927728,-0.026267206,1566947967162
28659,226,Accelerometer,-7.86615,-2.3558946,5.221754,1566947967163
28660,226,Gyroscope,-0.15088372,0.12889257,-0.009773844,1566947967172
28661,226,Accelerometer,-7.468712299999999,-2.6204537999999995,5.3725886,1566947967173
28662,226,Gyroscope,-0.13072516,0.10995574,0.004886922,1566947967182
28663,226,Accelerometer,-7.404069,-2.6862943,5.389348,1566947967183
28664,226,Gyroscope,-0.11301007,0.09773844,0.02565634,1566947967192
28665,226,Accelerometer,-7.405266,-2.6048915,5.3582234,1566947967193
28666,226,Gyroscope,-0.1020145,0.07819075,0.057421334000000004,1566947967203
28667,226,Accelerometer,-7.3202715,-2.445677,5.2887917,1566947967203
28668,226,Gyroscope,-0.09773844,0.06414085,0.07391469,1566947967212
28669,226,Accelerometer,-7.3897038,-2.3726540000000003,5.2325277,1566947967213
28670,226,Gyroscope,-0.08246681,0.06414085,0.07941248,1566947967222
28671,226,Accelerometer,-7.485471700000001,-2.3056161,5.2852,1566947967223
28672,226,Gyroscope,-0.05375614,0.0580322,0.08002335,1566947967232
28673,226,Accelerometer,-7.645883,-2.2098482,5.396530599999999,1566947967233
28674,226,Gyroscope,-0.029932396,0.056199603,0.073303826,1566947967242
28675,226,Accelerometer,-7.8050976,-2.0829554,5.5150437000000005,1566947967242
28676,226,Gyroscope,-0.01160644,0.050701816,0.06352998,1566947967253
28677,226,Accelerometer,-7.878121000000001,-1.9093759,5.591658,1566947967253
28678,226,Gyroscope,-0.0061086523,0.047647487,0.050701816,1566947967262
28679,226,Accelerometer,-7.928399000000001,-1.7896657999999999,5.621585400000001,1566947967263
28680,226,Gyroscope,-0.009773844,0.058643065,0.03176499,1566947967272
28681,226,Accelerometer,-7.9810715,-1.6436194,5.625177,1566947967273
28682,226,Gyroscope,-0.027488936000000002,0.07880162,0.009162978,1566947967282
28683,226,Accelerometer,-7.9475527,-1.5298948,5.649119000000001,1566947967283
28684,226,Gyroscope,-0.048258353,0.106901415,-0.021380282999999996,1566947967292
28685,226,Accelerometer,-7.9032598,-1.484405,5.653907299999999,1566947967293
28686,226,Gyroscope,-0.06414085,0.13744467,-0.050701816,1566947967302
28687,226,Accelerometer,-7.8829093,-1.5215151000000002,5.7041855,1566947967303
28688,226,Gyroscope,-0.08063421400000001,0.15821409,-0.07269296,1566947967312
28689,226,Accelerometer,-7.896077,-1.5586253,5.74369,1566947967313
28690,226,Gyroscope,-0.093462385,0.18997909,-0.07269296,1566947967322
28691,226,Accelerometer,-7.8493905,-1.685518,5.8669910000000005,1566947967323
28692,226,Gyroscope,-0.09407325,0.2321288,-0.05497787,1566947967332
28693,226,Accelerometer,-7.797915,-1.8363526999999997,5.8789620000000005,1566947967333
28694,226,Gyroscope,-0.08368854,0.24373524,-0.032375857,1566947967342
28695,226,Accelerometer,-7.813477000000001,-2.0135236,5.8203044,1566947967343
28696,226,Gyroscope,-0.06780604,0.23640485,-0.010995574,1566947967352
28697,226,Accelerometer,-7.890092,-2.2337902,5.705383,1566947967353
28698,226,Gyroscope,-0.054367005999999996,0.22724187,0.010995574,1566947967363
28699,226,Accelerometer,-7.997831,-2.3989902,5.494693,1566947967363
28700,226,Gyroscope,-0.043982297000000004,0.21624629,0.027488936000000002,1566947967372
28701,226,Accelerometer,-8.024167,-2.5079262000000004,5.221754,1566947967373
28702,226,Gyroscope,-0.037873644,0.19303341,0.029932396,1566947967382
28703,226,Accelerometer,-7.8948803,-2.4983494,4.9284644,1566947967383
28704,226,Gyroscope,-0.03359759,0.14844026,0.023823743999999997,1566947967392
28705,226,Accelerometer,-7.7344685,-2.4301147000000003,4.5681367,1566947967393
28706,226,Gyroscope,-0.022602014,0.093462385,0.022602014,1566947967402
28707,226,Accelerometer,-7.420828299999999,-2.384625,4.425682,1566947967403
28708,226,Gyroscope,0.017715093,0.040317107000000005,0.019547688,1566947967413
28709,226,Accelerometer,-7.189788,-2.3080103,4.498705,1566947967413
28710,226,Gyroscope,0.081855945,-0.028710667000000002,0.019547688,1566947967422
28711,226,Accelerometer,-7.2340803,-2.3175871,4.5741224,1566947967423
28712,226,Gyroscope,0.13561209,-0.13316862,-0.047036625,1566947967432
28713,226,Accelerometer,-7.249642999999999,-2.3223755,4.6160207,1566947967433
28714,226,Gyroscope,0.19853121,-0.1966986,-0.09468412,1566947967442
28715,226,Accelerometer,-7.467515,-2.2744915,4.746505,1566947967443
28716,226,Gyroscope,0.22235495,-0.24862215,-0.14782938,1566947967452
28717,226,Accelerometer,-7.8709383,-2.2780828,4.8578353,1566947967453
28718,226,Gyroscope,0.22540927,-0.29565877,-0.18570304,1566947967462
28719,226,Accelerometer,-8.219294999999999,-2.2397757,4.9763484,1566947967463
28720,226,Gyroscope,0.22479841,-0.30848694,-0.21258110000000002,1566947967473
28721,226,Accelerometer,-8.451532,-2.3080103,5.270835,1566947967473
28722,226,Gyroscope,0.22296582,-0.2864958,-0.22174409,1566947967482
28723,226,Accelerometer,-8.639477000000001,-2.2936451,5.653907299999999,1566947967483
28724,226,Gyroscope,0.21135938,-0.25717425,-0.22602014,1566947967492
28725,226,Accelerometer,-8.639477000000001,-2.244564,5.9807158,1566947967493
28726,226,Gyroscope,0.19303341,-0.22113322,-0.2144137,1566947967502
28727,226,Accelerometer,-8.722076,-2.349909,6.1698580000000005,1566947967503
28728,226,Gyroscope,0.16615535,-0.19181168,-0.19547687,1566947967512
28729,226,Accelerometer,-8.632295,-2.4588451,6.199784999999999,1566947967513
28730,226,Gyroscope,0.12705997,-0.15699236,-0.17409660000000002,1566947967522
28731,226,Accelerometer,-8.327033,-2.4744074,6.1890116,1566947967523
28732,226,Gyroscope,0.08002335,-0.10995574,-0.1441642,1566947967533
28733,226,Accelerometer,-7.917625,-2.5474305,6.0369797,1566947967533
28734,226,Gyroscope,0.047647487,-0.056199603,-0.10751228,1566947967542
28735,226,Accelerometer,-7.357382,-2.56419,6.0561333,1566947967543
28736,226,Gyroscope,0.04642576,0.002443461,-0.07452556,1566947967552
28737,226,Accelerometer,-6.987478,-2.6084828,6.1866174,1566947967553
28738,226,Gyroscope,0.052534412999999995,0.06597344599999999,-0.040317107000000005,1566947967562
28739,226,Accelerometer,-6.8438253,-2.5474305,6.144718599999999,1566947967563
28740,226,Gyroscope,0.039095376,0.13683382,-0.009162978,1566947967572
28741,226,Accelerometer,-6.7863646,-2.2888567,5.930437599999999,1566947967573
28742,226,Gyroscope,0.017715093,0.18875736,0.01038471,1566947967582
28743,226,Accelerometer,-6.6893997,-1.9835961,5.693412,1566947967583
28744,226,Gyroscope,0.012217305,0.20219639,0.0067195175,1566947967593
28745,226,Accelerometer,-6.894104,-1.9357121,5.511451999999999,1566947967593
28746,226,Gyroscope,0.0067195175,0.21135938,-0.0061086523,1566947967602
28747,226,Accelerometer,-7.335833999999999,-2.1559787,5.2768207,1566947967603
28748,226,Gyroscope,-0.007941248,0.17592919,-0.021991148999999998,1566947967612
28749,226,Accelerometer,-7.438784599999999,-2.1787236,4.999093,1566947967613
28750,226,Gyroscope,-0.0030543262,0.12950343,-0.055588737,1566947967622
28751,226,Accelerometer,-7.704541000000001,-2.3511062000000003,5.0613421999999995,1566947967623
28752,226,Gyroscope,0.01038471,0.07696902,-0.08307768,1566947967632
28753,226,Accelerometer,-8.190564,-2.8921957000000003,4.892551,1566947967633
28754,226,Gyroscope,0.020158553,0.023823743999999997,-0.09162979,1566947967643
28755,226,Accelerometer,-8.110358,-2.9879637000000003,4.948815,1566947967643
28756,226,Gyroscope,0.026267206,-0.025045475,-0.08735373,1566947967652
28757,226,Accelerometer,-7.902063,-2.9412768,5.100847,1566947967653
28758,226,Gyroscope,0.040317107000000005,-0.06780604,-0.084910266,1566947967662
28759,226,Accelerometer,-7.7344685,-2.8981812000000002,5.345055,1566947967663
28760,226,Gyroscope,0.07269296,-0.103847094,-0.08002335,1566947967672
28761,226,Accelerometer,-7.745242599999999,-2.861071,5.530606,1566947967673
28762,226,Gyroscope,0.08063421400000001,-0.10140363,-0.07391469,1566947967682
28763,226,Accelerometer,-7.682993400000001,-2.693477,5.616797,1566947967683
28764,226,Gyroscope,0.06658431,-0.09712757,-0.06841691,1566947967692
28765,226,Accelerometer,-7.6267295,-2.4732103,5.637148000000001,1566947967693
28766,226,Gyroscope,0.045814894,-0.07574729,-0.062308256,1566947967702
28767,226,Accelerometer,-7.400477400000001,-2.4037786,5.7245364,1566947967703
28768,226,Gyroscope,0.034208454,-0.06169739,-0.06536258,1566947967712
28769,226,Accelerometer,-7.261614,-2.5785553,5.7879825,1566947967713
28770,226,Gyroscope,0.03726278,-0.05497787,-0.06841691,1566947967722
28771,226,Accelerometer,-7.2352777,-2.6611552000000005,5.815516000000001,1566947967723
28772,226,Gyroscope,0.03848451,-0.051923547,-0.07086037,1566947967732
28773,226,Accelerometer,-7.144297999999999,-2.7365725,5.8107276,1566947967733
28774,226,Gyroscope,0.043982297000000004,-0.04886922,-0.06352998,1566947967742
28775,226,Accelerometer,-7.1981673,-2.823961,5.898116,1566947967743
28776,226,Gyroscope,0.049480084,-0.035430185,-0.04886922,1566947967753
28777,226,Accelerometer,-7.240066000000001,-2.802413,5.9268465,1566947967753
28778,226,Gyroscope,0.04642576,-0.016493361,-0.03970624,1566947967762
28779,226,Accelerometer,-7.2759789999999995,-2.8335377999999998,5.8945246,1566947967763
28780,226,Gyroscope,0.035430185,0.017715093,-0.020158553,1566947967772
28781,226,Accelerometer,-7.1826053,-2.765303,5.8107276,1566947967773
28782,226,Gyroscope,0.027488936000000002,0.032375857,-0.007330383,1566947967782
28783,226,Accelerometer,-7.147889,-2.586935,5.8598084,1566947967783
28784,226,Gyroscope,0.025045475,0.027488936000000002,-0.01282817,1566947967792
28785,226,Accelerometer,-7.207744,-2.5474305,5.930437599999999,1566947967793
28786,226,Gyroscope,0.02443461,0.029932396,-0.015271631,1566947967802
28787,226,Accelerometer,-7.410054,-2.5234885,5.935226,1566947967803
28788,226,Gyroscope,0.007330383,0.045814894,-0.017715093,1566947967813
28789,226,Accelerometer,-7.3274539999999995,-2.3379380000000003,5.9890957,1566947967813
28790,226,Gyroscope,-0.014049901000000002,0.073303826,-0.03176499,1566947967822
28791,226,Accelerometer,-7.195773,-2.4025814999999997,6.0884547,1566947967823
28792,226,Gyroscope,-0.02076942,0.09040806,-0.05009095,1566947967832
28793,226,Accelerometer,-7.394492,-2.6635494,6.0525417,1566947967833
28794,226,Gyroscope,-0.027488936000000002,0.093462385,-0.05375614,1566947967842
28795,226,Accelerometer,-7.571663,-2.7545290000000002,5.8885393,1566947967843
28796,226,Gyroscope,-0.044593163,0.1020145,-0.03726278,1566947967852
28797,226,Accelerometer,-7.3992805,-2.6312277,5.7819970000000005,1566947967853
28798,226,Gyroscope,-0.056199603,0.111177474,-0.028099801,1566947967862
28799,226,Accelerometer,-7.252037,-2.7377696,5.7843914000000005,1566947967862
28800,226,Gyroscope,-0.04153884,0.103847094,-0.028099801,1566947967873
28801,226,Accelerometer,-7.347805,-2.9807810000000003,5.783194,1566947967873
28802,226,Gyroscope,-0.032986722999999996,0.10262536,-0.018936822,1566947967882
28803,226,Accelerometer,-7.302314999999999,-2.9747956,5.758055000000001,1566947967883
28804,226,Gyroscope,-0.039095376,0.10567969,-0.004276057,1566947967892
28805,226,Accelerometer,-7.28795,-2.801216,5.695806,1566947967893
28806,226,Gyroscope,-0.03726278,0.11362094,0.0018325957999999999,1566947967902
28807,226,Accelerometer,-7.3166804,-2.6719291000000003,5.5641245999999995,1566947967903
28808,226,Gyroscope,-0.032375857,0.1142318,-0.01282817,1566947967912
28809,226,Accelerometer,-7.3406224,-2.6611552000000005,5.513846400000001,1566947967913
28810,226,Gyroscope,-0.027488936000000002,0.106901415,-0.026267206,1566947967923
28811,226,Accelerometer,-7.451953,-2.741361,5.4911017,1566947967923
28812,226,Gyroscope,-0.031154128,0.10995574,-0.03848451,1566947967932
28813,226,Accelerometer,-7.526173,-2.7090392000000003,5.422867,1566947967933
28814,226,Gyroscope,-0.043982297000000004,0.11178834,-0.047036625,1566947967942
28815,226,Accelerometer,-7.565677,-2.7581203,5.347449299999999,1566947967943
28816,226,Gyroscope,-0.051923547,0.096516706,-0.051923547,1566947967952
28817,226,Accelerometer,-7.6351094,-2.8455088,5.284003299999999,1566947967953
28818,226,Gyroscope,-0.049480084,0.092240654,-0.049480084,1566947967962
28819,226,Accelerometer,-7.6482773,-2.9388826,5.2852,1566947967963
28820,226,Gyroscope,-0.04337143,0.0842994,-0.04520403,1566947967972
28821,226,Accelerometer,-7.6255326,-3.0023289,5.3594203,1566947967973
28822,226,Gyroscope,-0.032375857,0.07086037,-0.03848451,1566947967983
28823,226,Accelerometer,-7.627927000000001,-3.1543607999999996,5.415684,1566947967983
28824,226,Gyroscope,-0.023823743999999997,0.06352998,-0.02687807,1566947967992
28825,226,Accelerometer,-7.590816499999999,-3.144784,5.4767364999999995,1566947967993
28826,226,Gyroscope,-0.02443461,0.06841691,-0.022602014,1566947968002
28827,226,Accelerometer,-7.57286,-3.1591492000000003,5.5090580000000005,1566947968003
28828,226,Gyroscope,-0.028099801,0.08368854,-0.013439035,1566947968012
28829,226,Accelerometer,-7.420828299999999,-3.217807,5.5341973,1566947968013
28830,226,Gyroscope,-0.03726278,0.103847094,-0.0061086523,1566947968022
28831,226,Accelerometer,-7.3047094,-3.0753522,5.639542,1566947968023
28832,226,Gyroscope,-0.03604105,0.1282817,-0.0030543262,1566947968032
28833,226,Accelerometer,-7.2304892999999995,-2.9496564999999997,5.7125654,1566947968033
28834,226,Gyroscope,-0.03726278,0.14660765,-0.007330383,1566947968042
28835,226,Accelerometer,-7.2340803,-2.9712042999999997,5.707777,1566947968043
28836,226,Gyroscope,-0.04276056599999999,0.15454891,-0.015882496,1566947968052
28837,226,Accelerometer,-7.2185183,-3.0190883,5.705383,1566947968053
28838,226,Gyroscope,-0.05131268,0.16004670000000001,-0.028710667000000002,1566947968062
28839,226,Accelerometer,-7.309498,-3.0801406000000005,5.623979599999999,1566947968063
28840,226,Gyroscope,-0.06658431,0.17592919,-0.029932396,1566947968072
28841,226,Accelerometer,-7.2568254,-3.3351230000000003,5.591658,1566947968073
28842,226,Gyroscope,-0.0720821,0.19914207,-0.02687807,1566947968082
28843,226,Accelerometer,-7.0593038,-3.5422212999999996,5.603629,1566947968083
28844,226,Gyroscope,-0.06780604,0.23457226,-0.007941248,1566947968092
28845,226,Accelerometer,-7.0341644,-3.513491,5.759252,1566947968093
28846,226,Gyroscope,-0.04886922,0.25900686,0.036651913,1566947968102
28847,226,Accelerometer,-7.2352777,-3.3243492,5.738901599999999,1566947968103
28848,226,Gyroscope,-0.03176499,0.26267207,0.10445796,1566947968112
28849,226,Accelerometer,-7.422025,-3.0095115000000003,5.544971,1566947968113
28850,226,Gyroscope,-0.028710667000000002,0.23945917,0.15699236,1566947968122
28851,226,Accelerometer,-7.514202,-2.6779146000000003,5.4264584000000005,1566947968123
28852,226,Gyroscope,-0.032375857,0.18936823,0.19303341,1566947968132
28853,226,Accelerometer,-7.639898,-2.4301147000000003,5.415684,1566947968133
28854,226,Gyroscope,-0.028710667000000002,0.16249016,0.19853121,1566947968142
28855,226,Accelerometer,-7.7153149999999995,-2.2649147999999997,5.473145,1566947968143
28856,226,Gyroscope,-0.026267206,0.14782938,0.18509217,1566947968153
28857,226,Accelerometer,-7.72968,-2.1966799999999997,5.566519,1566947968153
28858,226,Gyroscope,-0.021380282999999996,0.15577064,0.14782938,1566947968162
28859,226,Accelerometer,-7.7105265,-2.2301989,5.719748,1566947968163
28860,226,Gyroscope,-0.008552114,0.18509217,0.10995574,1566947968172
28861,226,Accelerometer,-7.8888945999999995,-2.3139958,5.8322754,1566947968173
28862,226,Gyroscope,-0.004276057,0.21380283,0.0720821,1566947968182
28863,226,Accelerometer,-7.9786773,-2.3068132,5.7867856,1566947968183
28864,226,Gyroscope,-0.010995574,0.22968534,0.039095376,1566947968192
28865,226,Accelerometer,-8.026561000000001,-2.2481554,5.637148000000001,1566947968193
28866,226,Gyroscope,-0.015882496,0.22785273,0.021380282999999996,1566947968202
28867,226,Accelerometer,-8.052897,-2.2301989,5.4192758,1566947968203
28868,226,Gyroscope,-0.02565634,0.21991149,0.007941248,1566947968212
28869,226,Accelerometer,-8.010999,-2.2852653999999997,5.129576999999999,1566947968213
28870,226,Gyroscope,-0.023823743999999997,0.19303341,-0.01038471,1566947968222
28871,226,Accelerometer,-7.908048,-2.420538,5.029021,1566947968223
28872,226,Gyroscope,-0.0030543262,0.15943582,-0.036651913,1566947968232
28873,226,Accelerometer,-7.856573,-2.6048915,5.058948,1566947968233
28874,226,Gyroscope,0.03359759,0.11728613,-0.062308256,1566947968242
28875,226,Accelerometer,-7.9092455,-2.7234043999999997,5.100847,1566947968243
28876,226,Gyroscope,0.064751714,0.07513642,-0.08063421400000001,1566947968252
28877,226,Accelerometer,-7.9236107,-2.682703,5.139154,1566947968253
28878,226,Gyroscope,0.081855945,0.044593163,-0.09162979,1566947968263
28879,226,Accelerometer,-7.908048,-2.5617957000000002,5.153519,1566947968263
28880,226,Gyroscope,0.092240654,0.019547688,-0.096516706,1566947968272
28881,226,Accelerometer,-7.820659599999999,-2.4648306,5.0122614,1566947968273
28882,226,Gyroscope,0.09101892,-0.02687807,-0.09040806,1566947968282
28883,226,Accelerometer,-7.708132300000001,-2.4851813,4.819528,1566947968283
28884,226,Gyroscope,0.10018189999999999,-0.07696902,-0.076358154,1566947968292
28885,226,Accelerometer,-7.741650999999999,-2.5474305,4.847061,1566947968293
28886,226,Gyroscope,0.12339478,-0.10567969,-0.06658431,1566947968302
28887,226,Accelerometer,-7.7224975,-2.4516625,4.981137,1566947968303
28888,226,Gyroscope,0.14782938,-0.12644911,-0.06719518,1566947968312
28889,226,Accelerometer,-7.7847466,-2.3786395000000002,5.1152120000000005,1566947968313
28890,226,Gyroscope,0.17043139999999998,-0.13194689,-0.06963864,1566947968323
28891,226,Accelerometer,-7.8853035,-2.3127987,5.2660465,1566947968323
28892,226,Gyroscope,0.1777618,-0.1282817,-0.0720821,1566947968332
28893,226,Accelerometer,-7.904457000000001,-2.1511902999999997,5.388150700000001,1566947968333
28894,226,Gyroscope,0.17287487,-0.11545353400000001,-0.07880162,1566947968342
28895,226,Accelerometer,-7.826645399999999,-1.9823990000000002,5.5006785,1566947968343
28896,226,Gyroscope,0.16493362,-0.07941248,-0.084910266,1566947968352
28897,226,Accelerometer,-7.750031,-1.8004397,5.6179943,1566947968353
28898,226,Gyroscope,0.15577064,-0.05131268,-0.08979719,1566947968362
28899,226,Accelerometer,-7.698555499999999,-1.6903063999999999,5.722142,1566947968363
28900,226,Gyroscope,0.15393804,-0.02565634,-0.0983493,1566947968373
28901,226,Accelerometer,-7.6506715,-1.6256628999999998,5.8502316,1566947968373
28902,226,Gyroscope,0.15393804,-0.0018325957999999999,-0.10079276599999999,1566947968382
28903,226,Accelerometer,-7.61835,-1.6017209,5.9148755,1566947968383
28904,226,Gyroscope,0.15027285,0.015271631,-0.103847094,1566947968392
28905,226,Accelerometer,-7.5345526,-1.6376339,5.9292407,1566947968393
28906,226,Gyroscope,0.14477506,0.032986722999999996,-0.10567969,1566947968402
28907,226,Accelerometer,-7.516596300000001,-1.6663644,6.002263500000001,1566947968403
28908,226,Gyroscope,0.13744467,0.050701816,-0.09590584,1566947968412
28909,226,Accelerometer,-7.553706,-1.6759412,6.019023000000001,1566947968413
28910,226,Gyroscope,0.12644911,0.08063421400000001,-0.08796459400000001,1566947968422
28911,226,Accelerometer,-7.496245399999999,-1.6436194,6.0465565,1566947968423
28912,226,Gyroscope,0.11362094,0.112399206,-0.081855945,1566947968433
28913,226,Accelerometer,-7.4591354999999995,-1.6915035,6.0920463,1566947968433
28914,226,Gyroscope,0.10079276599999999,0.13622294,-0.07941248,1566947968442
28915,226,Accelerometer,-7.4603324,-1.7717092,6.05733,1566947968443
28916,226,Gyroscope,0.08796459400000001,0.15027285,-0.073303826,1566947968452
28917,226,Accelerometer,-7.582436599999999,-1.8291701,5.9531827,1566947968453
28918,226,Gyroscope,0.077579886,0.14905111,-0.07147124,1566947968462
28919,226,Accelerometer,-7.584830800000001,-1.7860744999999998,5.804742,1566947968463
28920,226,Gyroscope,0.073303826,0.15454891,-0.07696902,1566947968472
28921,226,Accelerometer,-7.522581599999999,-1.7310078000000002,5.683835,1566947968473
28922,226,Gyroscope,0.07513642,0.16493362,-0.08246681,1566947968482
28923,226,Accelerometer,-7.4842744,-1.7573439999999998,5.5964465,1566947968483
28924,226,Gyroscope,0.08307768,0.15943582,-0.09773844,1566947968492
28925,226,Accelerometer,-7.4471645,-1.8459294999999998,5.5282116,1566947968493
28926,226,Gyroscope,0.09712757,0.14049901,-0.12583824,1566947968502
28927,226,Accelerometer,-7.539341,-1.9213468999999996,5.4527946,1566947968503
28928,226,Gyroscope,0.08857546,0.103847094,-0.16493362,1566947968512
28929,226,Accelerometer,-7.705738,-1.9009962,5.317522,1566947968513
28930,226,Gyroscope,0.055588737,0.062308256,-0.19975294,1566947968522
28931,226,Accelerometer,-7.7440453,-1.9009962,5.106832,1566947968523
28932,226,Gyroscope,0.028099801,0.02443461,-0.2284636,1566947968532
28933,226,Accelerometer,-7.892486,-1.9967641999999999,5.031415,1566947968533
28934,226,Gyroscope,0.027488936000000002,-0.019547688,-0.24068089999999998,1566947968543
28935,226,Accelerometer,-8.032547000000001,-2.3307555,5.0158525,1566947968543
28936,226,Gyroscope,0.047036625,-0.08124508,-0.24495697,1566947968552
28937,226,Accelerometer,-8.323442,-2.7377696,5.102043599999999,1566947968553
28938,226,Gyroscope,0.08552113,-0.14660765,-0.21135938,1566947968563
28939,226,Accelerometer,-8.365341,-2.8443117,5.1726727,1566947968563
28940,226,Gyroscope,0.09407325,-0.16554448,-0.19608775,1566947968572
28941,226,Accelerometer,-8.271967,-2.8167782000000003,5.3678,1566947968573
28942,226,Gyroscope,0.11484267,-0.17348573,-0.16982053,1566947968582
28943,226,Accelerometer,-8.054094000000001,-2.72939,5.662287,1566947968583
28944,226,Gyroscope,0.11056661,-0.1386664,-0.12767084,1566947968592
28945,226,Accelerometer,-7.912836599999999,-2.7736826,5.876568,1566947968593
28946,226,Gyroscope,0.093462385,-0.06963864,-0.1142318,1566947968602
28947,226,Accelerometer,-7.762002000000001,-2.8766334,6.0333879999999995,1566947968603
28948,226,Gyroscope,0.08124508,0.026267206,-0.095294975,1566947968612
28949,226,Accelerometer,-7.6865845,-2.9436709999999997,5.9124813,1566947968613
28950,226,Gyroscope,0.06352998,0.10018189999999999,-0.07574729,1566947968624
28951,226,Accelerometer,-7.6003933,-2.9412768,5.612008599999999,1566947968624
28952,226,Gyroscope,0.051923547,0.14538592,-0.057421334000000004,1566947968632
28953,226,Accelerometer,-7.5764512999999996,-2.8874072999999996,5.2648497,1566947968633
28954,226,Gyroscope,0.05131268,0.17470746,-0.04520403,1566947968642
28955,226,Accelerometer,-7.584830800000001,-2.695871,4.965574299999999,1566947968643
28956,226,Gyroscope,0.07452556,0.15393804,-0.040317107000000005,1566947968652
28957,226,Accelerometer,-7.581239699999999,-2.5306710999999997,4.8003745,1566947968652
28958,226,Gyroscope,0.111177474,0.0983493,-0.050701816,1566947968663
28959,226,Accelerometer,-7.633912,-2.4827871,4.747701999999999,1566947968663
28960,226,Gyroscope,0.15027285,0.018325957,-0.07086037,1566947968672
28961,226,Accelerometer,-7.682993400000001,-2.4612392999999995,4.801571400000001,1566947968673
28962,226,Gyroscope,0.18753563,-0.055588737,-0.089186326,1566947968682
28963,226,Accelerometer,-7.705738,-2.4863784,5.018246700000001,1566947968683
28964,226,Gyroscope,0.20280726,-0.12583824,-0.10751228,1566947968692
28965,226,Accelerometer,-7.7931266,-2.552219,5.2037973,1566947968693
28966,226,Gyroscope,0.19058995,-0.18325958,-0.111177474,1566947968702
28967,226,Accelerometer,-7.7320743,-2.542642,5.4551888,1566947968703
28968,226,Gyroscope,0.16615535,-0.19975294,-0.10140363,1566947968712
28969,226,Accelerometer,-7.5321584,-2.5486276,5.673061,1566947968713
28970,226,Gyroscope,0.14477506,-0.20280726,-0.07941248,1566947968722
28971,226,Accelerometer,-7.37055,-2.5151088,5.8334722999999995,1566947968723
28972,226,Gyroscope,0.14355333,-0.18448131,-0.06352998,1566947968732
28973,226,Accelerometer,-7.237672,-2.4049757,6.0836663,1566947968733
28974,226,Gyroscope,0.14599679999999998,-0.1441642,-0.05131268,1566947968742
28975,226,Accelerometer,-7.0952168,-2.2505496,6.25964,1566947968743
28976,226,Gyroscope,0.14966199,-0.10079276599999999,-0.048258353,1566947968752
28977,226,Accelerometer,-6.975507,-2.1404164,6.3925184999999995,1566947968753
28978,226,Gyroscope,0.15027285,-0.05131268,-0.06352998,1566947968762
28979,226,Accelerometer,-6.897695,-2.1308396000000003,6.519411,1566947968763
28980,226,Gyroscope,0.1441642,-0.012217305,-0.08674286,1566947968773
28981,226,Accelerometer,-6.8869214,-2.183512,6.556521400000001,1566947968773
28982,226,Gyroscope,0.12767084,0.036651913,-0.095294975,1566947968782
28983,226,Accelerometer,-6.927623,-2.27928,6.562506699999999,1566947968783
28984,226,Gyroscope,0.10873401,0.093462385,-0.09773844,1566947968792
28985,226,Accelerometer,-6.9108634,-2.3211784,6.465542,1566947968793
28986,226,Gyroscope,0.08857546,0.14538592,-0.08979719,1566947968802
28987,226,Accelerometer,-6.872555999999999,-2.4528596,6.355408000000001,1566947968803
28988,226,Gyroscope,0.08979719,0.17409660000000002,-0.07819075,1566947968812
28989,226,Accelerometer,-7.046135400000001,-2.6671407000000005,6.3087215,1566947968813
28990,226,Gyroscope,0.09468412,0.19303341,-0.052534412999999995,1566947968822
28991,226,Accelerometer,-7.1754226999999995,-2.7832594,6.173449,1566947968823
28992,226,Gyroscope,0.0720821,0.19730948,-0.039095376,1566947968832
28993,226,Accelerometer,-7.2125325,-2.7820622999999998,5.9867015,1566947968833
28994,226,Gyroscope,0.052534412999999995,0.20341812,-0.028099801,1566947968842
28995,226,Accelerometer,-7.253234,-2.7114333999999998,5.783194,1566947968843
28996,226,Gyroscope,0.039095376,0.19792034,-0.025045475,1566947968852
28997,226,Accelerometer,-7.366958599999999,-2.6515784,5.6431336,1566947968853
28998,226,Gyroscope,0.03359759,0.18142697,-0.034208454,1566947968862
28999,226,Accelerometer,-7.4351935,-2.5821466,5.553351,1566947968863
29000,226,Gyroscope,0.031154128,0.17043139999999998,-0.050701816,1566947968872
29001,226,Accelerometer,-7.4735007,-2.5450362999999996,5.4970870000000005,1566947968873
29002,226,Gyroscope,0.030543262,0.15821409,-0.07086037,1566947968882
29003,226,Accelerometer,-7.546523599999999,-2.5797524,5.507861,1566947968883
29004,226,Gyroscope,0.032375857,0.14905111,-0.08979719,1566947968893
29005,226,Accelerometer,-7.6734165999999995,-2.645593,5.4863133,1566947968893
29006,226,Gyroscope,0.023823743999999997,0.14721853,-0.106901415,1566947968902
29007,226,Accelerometer,-7.680599000000001,-2.6683377999999998,5.412093,1566947968903
29008,226,Gyroscope,0.021991148999999998,0.13439035,-0.1020145,1566947968912
29009,226,Accelerometer,-7.638700500000001,-2.7940332999999997,5.311536299999999,1566947968913
29010,226,Gyroscope,0.015882496,0.119729586,-0.095294975,1566947968922
29011,226,Accelerometer,-7.583634,-2.9783869,5.183447,1566947968923
29012,226,Gyroscope,0.021380282999999996,0.089186326,-0.08002335,1566947968932
29013,226,Accelerometer,-7.526173,-3.0777464,5.145139,1566947968933
29014,226,Gyroscope,0.02565634,0.06841691,-0.06047566,1566947968943
29015,226,Accelerometer,-7.398083,-3.0921116,5.1547165,1566947968943
29016,226,Gyroscope,0.039095376,0.059864793,-0.03848451,1566947968952
29017,226,Accelerometer,-7.303512,-3.0466216,5.245696,1566947968953
29018,226,Gyroscope,0.055588737,0.043982297000000004,-0.02687807,1566947968962
29019,226,Accelerometer,-7.313089,-3.004723,5.3701944,1566947968963
29020,226,Gyroscope,0.06414085,0.02443461,-0.029321532999999997,1566947968972
29021,226,Accelerometer,-7.414842599999999,-2.992752,5.4851160000000005,1566947968973
29022,226,Gyroscope,0.061086524,0.014049901000000002,-0.036651913,1566947968982
29023,226,Accelerometer,-7.620744,-2.9496564999999997,5.4922986,1566947968983
29024,226,Gyroscope,0.04886922,0.02321288,-0.0421497,1566947968992
29025,226,Accelerometer,-7.6853875999999985,-2.8311436000000003,5.471948,1566947968993
29026,226,Gyroscope,0.04276056599999999,0.017104227,-0.04886922,1566947969003
29027,226,Accelerometer,-7.799111999999999,-2.707842,5.482722,1566947969003
29028,226,Gyroscope,0.045814894,0.014049901000000002,-0.070249505,1566947969012
29029,226,Accelerometer,-7.5549035,-2.9233203,5.6982,1566947969013
29030,226,Gyroscope,0.051923547,0.018936822,-0.086132,1566947969022
29031,226,Accelerometer,-7.541735000000001,-2.9831752999999996,5.705383,1566947969023
29032,226,Gyroscope,0.04642576,0.02076942,-0.089186326,1566947969033
29033,226,Accelerometer,-7.441178999999999,-2.9759927000000004,5.645528,1566947969033
29034,226,Gyroscope,0.029321532999999997,0.03481932,-0.07880162,1566947969042
29035,226,Accelerometer,-7.2951326000000005,-2.9484594,5.633556400000001,1566947969043
29036,226,Gyroscope,-0.005497787,0.05497787,-0.061086524,1566947969052
29037,226,Accelerometer,-7.1873937,-2.8048072,5.66947,1566947969053
29038,226,Gyroscope,-0.01282817,0.06047566,-0.03481932,1566947969062
29039,226,Accelerometer,-7.121553,-2.7030537,5.650316,1566947969063
29040,226,Gyroscope,-0.018936822,0.037873644,-0.009162978,1566947969072
29041,226,Accelerometer,-7.180211,-2.6264392999999995,5.7209449999999995,1566947969073
29042,226,Gyroscope,-0.018325957,0.020158553,0.0036651915999999997,1566947969082
29043,226,Accelerometer,-7.265205,-2.6408044999999998,5.78918,1566947969083
29044,226,Gyroscope,-0.019547688,0.01160644,0.012217305,1566947969092
29045,226,Accelerometer,-7.2580222999999995,-2.6719291000000003,5.8693852,1566947969093
29046,226,Gyroscope,-0.028099801,0.018936822,0.037873644,1566947969103
29047,226,Accelerometer,-7.392098,-2.5079262000000004,5.920861,1566947969103
29048,226,Gyroscope,-0.04642576,0.047647487,0.06597344599999999,1566947969112
29049,226,Accelerometer,-7.229292,-2.4648306,5.9938839999999995,1566947969113
29050,226,Gyroscope,-0.062308256,0.09712757,0.09712757,1566947969122
29051,226,Accelerometer,-7.2029557,-2.4073699,6.027403,1566947969123
29052,226,Gyroscope,-0.073303826,0.14844026,0.13194689,1566947969132
29053,226,Accelerometer,-7.328651400000001,-2.2984335,6.0704985,1566947969133
29054,226,Gyroscope,-0.07880162,0.20463985,0.16310102,1566947969142
29055,226,Accelerometer,-7.443573,-2.1547816,5.9280434,1566947969143
29056,226,Gyroscope,-0.08796459400000001,0.24007004,0.17837265,1566947969152
29057,226,Accelerometer,-7.575253999999999,-1.9991584,5.753267,1566947969153
29058,226,Gyroscope,-0.095294975,0.25900686,0.17470746,1566947969162
29059,226,Accelerometer,-7.697358599999999,-1.8339584999999998,5.6407394,1566947969163
29060,226,Gyroscope,-0.089186326,0.26939157,0.16432275,1566947969172
29061,226,Accelerometer,-7.904457000000001,-1.7429788,5.5461683,1566947969173
29062,226,Gyroscope,-0.06352998,0.25778514,0.13072516,1566947969183
29063,226,Accelerometer,-8.139089,-1.7369933000000002,5.463568,1566947969183
29064,226,Gyroscope,-0.048258353,0.23823744,0.07696902,1566947969192
29065,226,Accelerometer,-8.428787,-1.7717092,5.305551,1566947969193
29066,226,Gyroscope,-0.05375614,0.20830505,0.018936822,1566947969203
29067,226,Accelerometer,-8.598775999999999,-1.8004397,5.103241000000001,1566947969203
29068,226,Gyroscope,-0.07269296,0.15760323,-0.025045475,1566947969212
29069,226,Accelerometer,-8.507795,-1.8375498,5.090072599999999,1566947969213
29070,226,Gyroscope,-0.08063421400000001,0.10812314599999999,-0.05009095,1566947969222
29071,226,Accelerometer,-8.2995,-1.8914193,5.1930237,1566947969223
29072,226,Gyroscope,-0.073303826,0.0720821,-0.058643065,1566947969232
29073,226,Accelerometer,-8.039729,-1.9967641999999999,5.171476,1566947969233
29074,226,Gyroscope,-0.062308256,0.04153884,-0.04886922,1566947969242
29075,226,Accelerometer,-7.795521000000001,-2.1416135,5.067328,1566947969243
29076,226,Gyroscope,-0.054367005999999996,0.01282817,-0.02687807,1566947969252
29077,226,Accelerometer,-7.6410947,-2.2110453,5.0517654,1566947969253
29078,226,Gyroscope,-0.039095376,-0.01160644,0.00061086525,1566947969262
29079,226,Accelerometer,-7.551311999999999,-2.1631612999999996,5.142745,1566947969263
29080,226,Gyroscope,-0.028710667000000002,-0.018325957,0.026267206,1566947969272
29081,226,Accelerometer,-7.511808,-2.0410569,5.322310400000001,1566947969273
29082,226,Gyroscope,-0.012217305,-0.0018325957999999999,0.0421497,1566947969282
29083,226,Accelerometer,-7.5213847000000005,-1.9261352999999999,5.5365915,1566947969283
29084,226,Gyroscope,0.018936822,0.0061086523,0.039095376,1566947969292
29085,226,Accelerometer,-7.6219410000000005,-1.8543092,5.521029,1566947969293
29086,226,Gyroscope,0.04276056599999999,0.01038471,0.029932396,1566947969302
29087,226,Accelerometer,-7.7847466,-1.7465701,5.4851160000000005,1566947969303
29088,226,Gyroscope,0.06536258,0.014660766,0.019547688,1566947969312
29089,226,Accelerometer,-7.973889,-1.6280571000000001,5.4970870000000005,1566947969313
29090,226,Gyroscope,0.08124508,0.007941248,0.01038471,1566947969322
29091,226,Accelerometer,-8.135497,-1.5083469999999999,5.430049400000001,1566947969323
29092,226,Gyroscope,0.08246681,-0.00061086525,0.0018325957999999999,1566947969333
29093,226,Accelerometer,-8.184579,-1.3156139,5.3378725,1566947969333
29094,226,Gyroscope,0.069027774,-0.025045475,-0.015882496,1566947969342
29095,226,Accelerometer,-8.170214,-1.1971009,5.2528787,1566947969343
29096,226,Gyroscope,0.05009095,-0.054367005999999996,-0.032375857,1566947969353
29097,226,Accelerometer,-8.157045,-1.1252748,5.2564697,1566947969353
29098,226,Gyroscope,0.032986722999999996,-0.07269296,-0.05131268,1566947969362
29099,226,Accelerometer,-8.196549000000001,-1.1971009,5.3713913,1566947969363
29100,226,Gyroscope,0.018325957,-0.076358154,-0.059864793,1566947969372
29101,226,Accelerometer,-8.141483000000001,-1.2749124,5.4899044,1566947969373
29102,226,Gyroscope,0.01038471,-0.06719518,-0.0720821,1566947969382
29103,226,Accelerometer,-8.025364,-1.365892,5.686229,1566947969383
29104,226,Gyroscope,0.012217305,-0.048258353,-0.076358154,1566947969393
29105,226,Accelerometer,-7.911639699999999,-1.5155296,5.8226986,1566947969393
29106,226,Gyroscope,0.013439035,-0.03970624,-0.07941248,1566947969402
29107,226,Accelerometer,-7.8422074,-1.6543933000000002,5.8693852,1566947969403
29108,226,Gyroscope,0.01038471,-0.030543262,-0.073303826,1566947969413
29109,226,Accelerometer,-7.723694999999999,-1.7226281000000003,5.8574142,1566947969413
29110,226,Gyroscope,0.010995574,-0.029932396,-0.06414085,1566947969422
29111,226,Accelerometer,-7.60997,-1.6903063999999999,5.803545,1566947969423
29112,226,Gyroscope,0.010995574,-0.025045475,-0.057421334000000004,1566947969432
29113,226,Accelerometer,-7.516596300000001,-1.6400281000000003,5.686229,1566947969433
29114,226,Gyroscope,0.0067195175,-0.017104227,-0.05009095,1566947969442
29115,226,Accelerometer,-7.461529700000001,-1.5813701999999998,5.626374,1566947969443
29116,226,Gyroscope,-0.0012217305,-0.004276057,-0.048258353,1566947969452
29117,226,Accelerometer,-7.338228,-1.5143325,5.638344999999999,1566947969453
29118,226,Gyroscope,-0.009773844,0.0036651915999999997,-0.05131268,1566947969462
29119,226,Accelerometer,-7.359775999999999,-1.5239093000000001,5.6156,1566947969463
29120,226,Gyroscope,-0.02565634,-0.004276057,-0.057421334000000004,1566947969472
29121,226,Accelerometer,-7.437587700000001,-1.3623008,5.3390699999999995,1566947969473
29122,226,Gyroscope,-0.058643065,-0.007330383,-0.0580322,1566947969482
29123,226,Accelerometer,-7.0581064,-1.4077905000000002,5.392939,1566947969483
29124,226,Gyroscope,-0.0842994,-0.0012217305,-0.07696902,1566947969492
29125,226,Accelerometer,-7.1610575,-1.8052281000000003,5.5162406,1566947969493
29126,226,Gyroscope,-0.06841691,-0.023823743999999997,-0.11362094,1566947969502
29127,226,Accelerometer,-7.5668745,-1.9692308999999997,5.543774,1566947969503
29128,226,Gyroscope,-0.03848451,-0.08368854,-0.17715092,1566947969513
29129,226,Accelerometer,-7.8027034,-1.9979613,5.547365,1566947969513
29130,226,Gyroscope,-0.03481932,-0.06352998,-0.21135938,1566947969522
29131,226,Accelerometer,-7.9511437,-2.0458453000000003,5.5162406,1566947969523
29132,226,Gyroscope,-0.028710667000000002,-0.05131268,-0.24129178,1566947969532
29133,226,Accelerometer,-8.154651,-2.349909,5.437232,1566947969533
29134,226,Gyroscope,-0.028710667000000002,-0.07452556,-0.25228736,1566947969543
29135,226,Accelerometer,-8.250419,-2.6240451,5.29358,1566947969543
29136,226,Gyroscope,-0.04153884,-0.11362094,-0.24495697,1566947969552
29137,226,Accelerometer,-8.189366999999999,-2.8670566,5.270835,1566947969553
29138,226,Gyroscope,-0.05375614,-0.12034045,-0.22357668,1566947969562
29139,226,Accelerometer,-8.101977999999999,-2.9520507,5.386954,1566947969563
29140,226,Gyroscope,-0.059253927000000005,-0.11911872,-0.19181168,1566947969572
29141,226,Accelerometer,-8.038532,-2.9412768,5.5701103,1566947969573
29142,226,Gyroscope,-0.055588737,-0.12034045,-0.15393804,1566947969582
29143,226,Accelerometer,-7.941567,-2.9293058,5.807136,1566947969583
29144,226,Gyroscope,-0.055588737,-0.12522738,-0.103847094,1566947969592
29145,226,Accelerometer,-7.8493905,-2.8395232999999998,6.017826,1566947969593
29146,226,Gyroscope,-0.06414085,-0.11728613,-0.052534412999999995,1566947969602
29147,226,Accelerometer,-7.6734165999999995,-2.658761,6.0884547,1566947969604
29148,226,Gyroscope,-0.081855945,-0.09407325,-0.018936822,1566947969612
29149,226,Accelerometer,-7.4112515,-2.4791958,6.183026,1566947969613
29150,226,Gyroscope,-0.10262536,-0.0580322,0.0036651915999999997,1566947969622
29151,226,Accelerometer,-7.207744,-2.3690627,6.2991447,1566947969623
29152,226,Gyroscope,-0.12095132,0.004276057,0.012217305,1566947969632
29153,226,Accelerometer,-7.1155677,-2.3582888,6.2991447,1566947969633
29154,226,Gyroscope,-0.14172074,0.07269296,0.016493361,1566947969642
29155,226,Accelerometer,-7.0688806,-2.3068132,6.247669,1566947969643
29156,226,Gyroscope,-0.15943582,0.13011430000000002,0.015882496,1566947969652
29157,226,Accelerometer,-7.135917999999999,-2.2661119,6.035782299999999,1566947969653
29158,226,Gyroscope,-0.16187929,0.17287487,0.01282817,1566947969662
29159,226,Accelerometer,-7.243657000000001,-2.3104044999999998,5.901707,1566947969663
29160,226,Gyroscope,-0.14660765,0.20280726,0.007941248,1566947969672
29161,226,Accelerometer,-7.3346367,-2.3642743,5.768829,1566947969673
29162,226,Gyroscope,-0.12461651,0.20097467,0.002443461,1566947969682
29163,226,Accelerometer,-7.3825210000000006,-2.3942018,5.543774,1566947969683
29164,226,Gyroscope,-0.10018189999999999,0.17470746,0.002443461,1566947969692
29165,226,Accelerometer,-7.390900599999999,-2.4037786,5.357026,1566947969693
29166,226,Gyroscope,-0.07513642,0.12767084,0.005497787,1566947969702
29167,226,Accelerometer,-7.395689,-2.4540567,5.2301335,1566947969703
29168,226,Gyroscope,-0.051923547,0.08307768,0.0018325957999999999,1566947969712
29169,226,Accelerometer,-7.465121000000001,-2.6072857000000003,5.116409,1566947969713
29170,226,Gyroscope,-0.039095376,0.039095376,0.014049901000000002,1566947969722
29171,226,Accelerometer,-7.5608889999999995,-2.6503813,5.080496,1566947969723
29172,226,Gyroscope,-0.029932396,0.00061086525,0.048258353,1566947969733
29173,226,Accelerometer,-7.417236999999999,-2.6671407000000005,5.255273000000001,1566947969733
29174,226,Gyroscope,-0.007330383,-0.02321288,0.058643065,1566947969742
29175,226,Accelerometer,-7.455544000000001,-2.6036943999999997,5.4791307,1566947969743
29176,226,Gyroscope,-0.0030543262,-0.020158553,0.06352998,1566947969752
29177,226,Accelerometer,-7.5668745,-2.634819,5.5844755,1566947969753
29178,226,Gyroscope,-0.013439035,-0.004276057,0.06597344599999999,1566947969762
29179,226,Accelerometer,-7.4866686,-2.5617957000000002,5.6299653,1566947969763
29180,226,Gyroscope,-0.02687807,0.019547688,0.053145275,1566947969773
29181,226,Accelerometer,-7.4483614000000005,-2.6252422,5.7257333,1566947969773
29182,226,Gyroscope,-0.028710667000000002,0.032986722999999996,0.039095376,1566947969782
29183,226,Accelerometer,-7.584830800000001,-2.6719291000000003,5.7784057,1566947969783
29184,226,Gyroscope,-0.040927973,0.04520403,0.030543262,1566947969792
29185,226,Accelerometer,-7.603985000000001,-2.6659436000000003,5.697003,1566947969793
29186,226,Gyroscope,-0.047647487,0.06047566,0.02076942,1566947969802
29187,226,Accelerometer,-7.4842744,-2.6252422,5.6551046,1566947969803
29188,226,Gyroscope,-0.031154128,0.06780604,0.013439035,1566947969812
29189,226,Accelerometer,-7.3657618000000005,-2.7018566,5.6910176,1566947969813
29190,226,Gyroscope,-0.0030543262,0.06719518,0.005497787,1566947969823
29191,226,Accelerometer,-7.3346367,-2.8694507999999996,5.771223,1566947969823
29192,226,Gyroscope,0.020158553,0.051923547,-0.0012217305,1566947969832
29193,226,Accelerometer,-7.5046253,-2.9412768,5.758055000000001,1566947969833
29194,226,Gyroscope,0.016493361,0.040927973,0.0012217305,1566947969842
29195,226,Accelerometer,-7.517792999999999,-2.8000187999999997,5.74369,1566947969843
29196,226,Gyroscope,-0.005497787,0.034208454,0.010995574,1566947969852
29197,226,Accelerometer,-7.5644803,-2.717419,5.631162000000001,1566947969853
29198,226,Gyroscope,-0.032375857,0.029932396,0.017104227,1566947969862
29199,226,Accelerometer,-7.520187400000001,-2.6910827,5.5701103,1566947969863
29200,226,Gyroscope,-0.058643065,0.02076942,0.018936822,1566947969872
29201,226,Accelerometer,-7.429208,-2.7102362999999996,5.5150437000000005,1566947969873
29202,226,Gyroscope,-0.07086037,0.005497787,0.01038471,1566947969882
29203,226,Accelerometer,-7.398083,-2.7868507,5.5545480000000005,1566947969883
29204,226,Gyroscope,-0.07819075,0.007941248,-0.0018325957999999999,1566947969892
29205,226,Accelerometer,-7.400477400000001,-2.8646624,5.589264,1566947969893
29206,226,Gyroscope,-0.0842994,0.019547688,-0.015271631,1566947969902
29207,226,Accelerometer,-7.466317999999999,-2.9245174,5.616797,1566947969903
29208,226,Gyroscope,-0.0842994,0.01282817,-0.032375857,1566947969912
29209,226,Accelerometer,-7.544129400000001,-2.8790276,5.652710400000001,1566947969913
29210,226,Gyroscope,-0.08857546,0.01038471,-0.04642576,1566947969922
29211,226,Accelerometer,-7.4483614000000005,-2.9388826,5.649119000000001,1566947969923
29212,226,Gyroscope,-0.08979719,0.013439035,-0.045814894,1566947969933
29213,226,Accelerometer,-7.404069,-3.1124623,5.591658,1566947969933
29214,226,Gyroscope,-0.08979719,0.017104227,-0.040317107000000005,1566947969942
29215,226,Accelerometer,-7.3190745999999995,-3.168726,5.66947,1566947969943
29216,226,Gyroscope,-0.081855945,0.02565634,-0.03481932,1566947969952
29217,226,Accelerometer,-7.309498,-3.3195608,5.717354,1566947969953
29218,226,Gyroscope,-0.07696902,0.04337143,-0.031154128,1566947969963
29219,226,Accelerometer,-7.3214690000000004,-3.3399115,5.695806,1566947969963
29220,226,Gyroscope,-0.0842994,0.06963864,-0.023823743999999997,1566947969972
29221,226,Accelerometer,-7.252037,-3.3997664,5.619191000000001,1566947969973
29222,226,Gyroscope,-0.09101892,0.089186326,-0.019547688,1566947969982
29223,226,Accelerometer,-7.177817,-3.5194763999999994,5.555745,1566947969983
29224,226,Gyroscope,-0.08735373,0.07941248,-0.014660766,1566947969992
29225,226,Accelerometer,-7.156269,-3.606865,5.5042696,1566947969993
29226,226,Gyroscope,-0.073303826,0.06597344599999999,-0.02321288,1566947970002
29227,226,Accelerometer,-7.120356,-3.6140475,5.4779334,1566947970003
29228,226,Gyroscope,-0.05681047,0.040927973,-0.014660766,1566947970012
29229,226,Accelerometer,-7.265205,-3.4967315,5.4264584000000005,1566947970013
29230,226,Gyroscope,-0.05009095,-0.018936822,0.01160644,1566947970022
29231,226,Accelerometer,-7.338228,-3.1627405,5.4408236,1566947970023
29232,226,Gyroscope,-0.048258353,-0.09590584,0.050701816,1566947970032
29233,226,Accelerometer,-7.231686,-2.7461493,5.614403,1566947970033
29234,226,Gyroscope,-0.04886922,-0.1386664,0.095294975,1566947970042
29235,226,Accelerometer,-7.018602400000001,-2.4672248,5.8885393,1566947970043
29236,226,Gyroscope,-0.05131268,-0.14660765,0.14294247,1566947970052
29237,226,Accelerometer,-6.9862804,-2.2421699,6.129156,1566947970053
29238,226,Gyroscope,-0.06352998,-0.14110987,0.18387043,1566947970062
29239,226,Accelerometer,-7.03177,-2.0482395,6.302736,1566947970063
29240,226,Gyroscope,-0.093462385,-0.09896017,0.22113322,1566947970073
29241,226,Accelerometer,-7.060500599999999,-1.8902221999999997,6.2883705999999995,1566947970073
29242,226,Gyroscope,-0.12644911,-0.04276056599999999,0.24984388,1566947970082
29243,226,Accelerometer,-7.042544400000001,-1.7214310000000002,6.3111157,1566947970083
29244,226,Gyroscope,-0.15821409,0.032375857,0.26878070000000004,1566947970092
29245,226,Accelerometer,-6.9144545,-1.6077063999999999,6.3111157,1566947970093
29246,226,Gyroscope,-0.16798794,0.118507855,0.28038713,1566947970102
29247,226,Accelerometer,-6.9515649999999996,-1.5310919,6.364985,1566947970103
29248,226,Gyroscope,-0.15577064,0.19608775,0.27183503,1566947970112
29249,226,Accelerometer,-7.1167645,-1.5370774999999999,6.362591,1566947970113
29250,226,Gyroscope,-0.13255776,0.26572640000000003,0.24251351,1566947970122
29251,226,Accelerometer,-7.4339960000000005,-1.4987701999999998,6.1183825,1566947970123
29252,226,Gyroscope,-0.12034045,0.3005457,0.19975294,1566947970132
29253,226,Accelerometer,-7.723694999999999,-1.3443443000000002,5.813122,1566947970133
29254,226,Gyroscope,-0.12217305,0.3036,0.15210545,1566947970142
29255,226,Accelerometer,-7.9846625,-1.1959038,5.590461,1566947970143
29256,226,Gyroscope,-0.13988814,0.2779437,0.0983493,1566947970153
29257,226,Accelerometer,-8.198944000000001,-1.1839328000000002,5.415684,1566947970153
29258,226,Gyroscope,-0.16920967,0.24129178,0.043982297000000004,1566947970162
29259,226,Accelerometer,-8.287529,-1.3239936,5.315128,1566947970163
29260,226,Gyroscope,-0.18936823,0.20280726,0.00061086525,1566947970172
29261,226,Accelerometer,-8.341399000000001,-1.5705963,5.2504845,1566947970173
29262,226,Gyroscope,-0.19975294,0.16371189,-0.019547688,1566947970183
29263,226,Accelerometer,-8.358158,-1.8686744,5.1690817000000004,1566947970183
29264,226,Gyroscope,-0.19181168,0.11911872,-0.0067195175,1566947970192
29265,226,Accelerometer,-8.261192999999999,-2.1906946,5.183447,1566947970193
29266,226,Gyroscope,-0.13988814,0.09040806,0.02687807,1566947970202
29267,226,Accelerometer,-8.201338,-2.3989902,5.2768207,1566947970203
29268,226,Gyroscope,-0.105068825,0.06719518,0.06352998,1566947970212
29269,226,Accelerometer,-8.166622,-2.4061728,5.2852,1566947970213
29270,226,Gyroscope,-0.09407325,0.045814894,0.096516706,1566947970222
29271,226,Accelerometer,-7.990648299999999,-2.1440077,5.189432,1566947970223
29272,226,Gyroscope,-0.095294975,0.029932396,0.11301007,1566947970232
29273,226,Accelerometer,-7.8003089999999995,-1.9847932000000001,5.0936639999999995,1566947970233
29274,226,Gyroscope,-0.10323623,0.01160644,0.11545353400000001,1566947970242
29275,226,Accelerometer,-7.7703815,-1.8854338,5.0577510000000006,1566947970243
29276,226,Gyroscope,-0.106901415,-0.0012217305,0.112399206,1566947970252
29277,226,Accelerometer,-7.782352400000001,-1.7549498,5.092467,1566947970253
29278,226,Gyroscope,-0.10018189999999999,-0.004276057,0.10140363,1566947970263
29279,226,Accelerometer,-7.745242599999999,-1.602918,5.1786585,1566947970263
29280,226,Gyroscope,-0.08063421400000001,0.0061086523,0.077579886,1566947970272
29281,226,Accelerometer,-7.711724,-1.6124948000000001,5.3043537,1566947970273
29282,226,Gyroscope,-0.059864793,0.0061086523,0.059253927000000005,1566947970282
29283,226,Accelerometer,-7.928399000000001,-1.6519991000000003,5.3761797,1566947970283
29284,226,Gyroscope,-0.0580322,0.0061086523,0.044593163,1566947970293
29285,226,Accelerometer,-8.069656,-1.590947,5.3522377,1566947970293
29286,226,Gyroscope,-0.06536258,0.01282817,0.039095376,1566947970302
29287,226,Accelerometer,-8.127118,-1.5562311000000002,5.3139305,1566947970303
29288,226,Gyroscope,-0.07696902,0.0067195175,0.029321532999999997,1566947970312
29289,226,Accelerometer,-8.082825,-1.578976,5.255273000000001,1566947970313
29290,226,Gyroscope,-0.089186326,-0.017715093,0.015271631,1566947970323
29291,226,Accelerometer,-8.031349,-1.7070657999999999,5.3079453,1566947970323
29292,226,Gyroscope,-0.08368854,-0.040927973,0.0012217305,1566947970332
29293,226,Accelerometer,-8.038532,-1.7357962,5.523423,1566947970333
29294,226,Gyroscope,-0.081855945,-0.05009095,-0.018325957,1566947970342
29295,226,Accelerometer,-8.020576,-1.6795325,5.74369,1566947970343
29296,226,Gyroscope,-0.089186326,-0.05131268,-0.04153884,1566947970352
29297,226,Accelerometer,-8.007407,-1.5969325,5.849035,1566947970353
29298,226,Gyroscope,-0.111177474,-0.0421497,-0.06658431,1566947970362
29299,226,Accelerometer,-7.928399000000001,-1.5478513999999999,5.90889,1566947970363
29300,226,Gyroscope,-0.13683382,-0.030543262,-0.08246681,1566947970372
29301,226,Accelerometer,-7.779958199999999,-1.685518,5.886145,1566947970373
29302,226,Gyroscope,-0.16065755,-0.032375857,-0.095294975,1566947970382
29303,226,Accelerometer,-7.678205,-1.8399439999999998,5.760449400000001,1566947970383
29304,226,Gyroscope,-0.17470746,-0.040317107000000005,-0.089186326,1566947970392
29305,226,Accelerometer,-7.301117999999999,-2.3523033,5.5389857000000005,1566947970393
29306,226,Gyroscope,-0.17043139999999998,-0.035430185,-0.07391469,1566947970402
29307,226,Accelerometer,-7.0341644,-2.585738,5.513846400000001,1566947970403
29308,226,Gyroscope,-0.15577064,-0.017715093,-0.06780604,1566947970412
29309,226,Accelerometer,-6.9491705999999995,-2.9053638,5.396530599999999,1566947970413
29310,226,Gyroscope,-0.12705997,-0.013439035,-0.06719518,1566947970422
29311,226,Accelerometer,-7.0030399999999995,-3.0945058,5.2265425,1566947970423
29312,226,Gyroscope,-0.093462385,-0.04337143,-0.07574729,1566947970432
29313,226,Accelerometer,-7.100005,-3.169923,5.145139,1566947970433
29314,226,Gyroscope,-0.06414085,-0.06841691,-0.08552113,1566947970442
29315,226,Accelerometer,-7.299921,-3.181894,5.225345,1566947970443
29316,226,Gyroscope,-0.028710667000000002,-0.10812314599999999,-0.10873401,1566947970452
29317,226,Accelerometer,-7.6746134999999995,-3.1364042999999997,5.353435,1566947970453
29318,226,Gyroscope,0.002443461,-0.15821409,-0.11789699,1566947970463
29319,226,Accelerometer,-8.015787,-2.8862102000000003,5.5090580000000005,1566947970463
29320,226,Gyroscope,0.013439035,-0.19303341,-0.10873401,1566947970472
29321,226,Accelerometer,-8.180987,-2.542642,5.621585400000001,1566947970473
29322,226,Gyroscope,0.00061086525,-0.20341812,-0.09040806,1566947970482
29323,226,Accelerometer,-8.22528,-2.3439236,5.7005944,1566947970483
29324,226,Gyroscope,-0.039095376,-0.19547687,-0.069027774,1566947970492
29325,226,Accelerometer,-8.139089,-2.2601264,5.777209,1566947970493
29326,226,Gyroscope,-0.08552113,-0.16432275,-0.03848451,1566947970502
29327,226,Accelerometer,-7.893683,-2.27928,5.9651537,1566947970503
29328,226,Gyroscope,-0.12644911,-0.11178834,-0.00061086525,1566947970512
29329,226,Accelerometer,-7.727286,-2.3965959999999997,6.0944405,1566947970513
29330,226,Gyroscope,-0.16371189,-0.048258353,0.032986722999999996,1566947970522
29331,226,Accelerometer,-7.5046253,-2.4432828,6.0262055,1566947970523
29332,226,Gyroscope,-0.19792034,0.017715093,0.06414085,1566947970532
29333,226,Accelerometer,-7.255628,-2.4768016,6.003461,1566947970533
29334,226,Gyroscope,-0.21197024,0.081855945,0.089186326,1566947970542
29335,226,Accelerometer,-7.1502833,-2.48159,5.9890957,1566947970543
29336,226,Gyroscope,-0.20219639,0.12095132,0.10079276599999999,1566947970552
29337,226,Accelerometer,-7.120356,-2.3906104999999997,5.895722,1566947970553
29338,226,Gyroscope,-0.17898351,0.13744467,0.099571034,1566947970562
29339,226,Accelerometer,-7.1466923,-2.2002714,5.815516000000001,1566947970563
29340,226,Gyroscope,-0.15454891,0.1441642,0.089186326,1566947970572
29341,226,Accelerometer,-7.1514807000000005,-2.1200657000000005,5.756858,1566947970573
29342,226,Gyroscope,-0.12095132,0.1386664,0.06536258,1566947970582
29343,226,Accelerometer,-7.2963295,-2.1703438999999998,5.676652400000001,1566947970583
29344,226,Gyroscope,-0.09101892,0.1160644,0.047036625,1566947970593
29345,226,Accelerometer,-7.505822,-2.2780828,5.5976434,1566947970593
29346,226,Gyroscope,-0.0720821,0.09101892,0.04337143,1566947970602
29347,226,Accelerometer,-7.72968,-2.3020248,5.5222263,1566947970603
29348,226,Gyroscope,-0.08063421400000001,0.08002335,0.04886922,1566947970612
29349,226,Accelerometer,-7.6889787,-2.2948422,5.41329,1566947970613
29350,226,Gyroscope,-0.09896017,0.07819075,0.05497787,1566947970622
29351,226,Accelerometer,-7.6135616,-2.4600422,5.4432178,1566947970623
29352,226,Gyroscope,-0.09590584,0.062308256,0.059253927000000005,1566947970633
29353,226,Accelerometer,-7.6518690000000005,-2.7030537,5.444414599999999,1566947970633
29354,226,Gyroscope,-0.08979719,0.030543262,0.0720821,1566947970642
29355,226,Accelerometer,-7.711724,-2.7377696,5.4001220000000005,1566947970643
29356,226,Gyroscope,-0.08796459400000001,0.012217305,0.08368854,1566947970652
29357,226,Accelerometer,-7.7572136,-2.6240451,5.391742,1566947970653
29358,226,Gyroscope,-0.09162979,0.004886922,0.09285152,1566947970662
29359,226,Accelerometer,-7.682993400000001,-2.516306,5.3558292000000005,1566947970663
29360,226,Gyroscope,-0.09040806,-0.009773844,0.089186326,1566947970672
29361,226,Accelerometer,-7.5561004,-2.4193408,5.4647654999999995,1566947970673
29362,226,Gyroscope,-0.07147124,-0.02321288,0.081855945,1566947970682
29363,226,Accelerometer,-7.45315,-2.4983494,5.6179943,1566947970683
29364,226,Gyroscope,-0.06047566,-0.025045475,0.06719518,1566947970692
29365,226,Accelerometer,-7.502231,-2.5594015,5.718550700000001,1566947970693
29366,226,Gyroscope,-0.06352998,-0.0030543262,0.05681047,1566947970702
29367,226,Accelerometer,-7.571663,-2.621651,5.760449400000001,1566947970703
29368,226,Gyroscope,-0.077579886,0.028710667000000002,0.04642576,1566947970712
29369,226,Accelerometer,-7.6710224,-2.695871,5.723339,1566947970713
29370,226,Gyroscope,-0.09468412,0.056199603,0.040927973,1566947970722
29371,226,Accelerometer,-7.751228,-2.8179752999999996,5.675455,1566947970723
29372,226,Gyroscope,-0.10629055,0.06597344599999999,0.039095376,1566947970732
29373,226,Accelerometer,-7.8577699999999995,-2.861071,5.5868697,1566947970733
29374,226,Gyroscope,-0.1142318,0.07086037,0.03970624,1566947970742
29375,226,Accelerometer,-7.7093296,-2.8993783,5.5054669999999994,1566947970743
29376,226,Gyroscope,-0.119729586,0.07391469,0.04153884,1566947970752
29377,226,Accelerometer,-7.581239699999999,-2.906561,5.5006785,1566947970753
29378,226,Gyroscope,-0.12278391400000001,0.057421334000000004,0.045814894,1566947970763
29379,226,Accelerometer,-7.581239699999999,-2.873042,5.4563856,1566947970763
29380,226,Gyroscope,-0.12217305,0.044593163,0.045814894,1566947970772
29381,226,Accelerometer,-7.438784599999999,-2.80361,5.4312468,1566947970773
29382,226,Gyroscope,-0.1160644,0.040927973,0.040317107000000005,1566947970782
29383,226,Accelerometer,-7.4471645,-2.8790276,5.446809,1566947970783
29384,226,Gyroscope,-0.116675265,0.026267206,0.031154128,1566947970792
29385,226,Accelerometer,-7.5572976999999995,-2.9029696,5.420472599999999,1566947970793
29386,226,Gyroscope,-0.12583824,0.013439035,0.02443461,1566947970802
29387,226,Accelerometer,-7.5561004,-2.9053638,5.392939,1566947970802
29388,226,Gyroscope,-0.13561209,0.004886922,0.020158553,1566947970813
29389,226,Accelerometer,-7.541735000000001,-2.9113493,5.4168816,1566947970813
29390,226,Gyroscope,-0.1386664,-0.0067195175,0.007941248,1566947970822
29391,226,Accelerometer,-7.516596300000001,-2.9855695,5.471948,1566947970823
29392,226,Gyroscope,-0.1386664,-0.016493361,0.0061086523,1566947970832
29393,226,Accelerometer,-7.428011,-3.1639376,5.547365,1566947970833
29394,226,Gyroscope,-0.13805555,-0.02321288,0.012217305,1566947970842
29395,226,Accelerometer,-7.3753386,-3.1411927000000004,5.5737014,1566947970843
29396,226,Gyroscope,-0.1441642,-0.014049901000000002,0.017104227,1566947970852
29397,226,Accelerometer,-7.125144500000001,-2.9640217,5.612008599999999,1566947970853
29398,226,Gyroscope,-0.15393804,-0.002443461,0.018936822,1566947970862
29399,226,Accelerometer,-6.998251400000001,-2.9783869,5.66109,1566947970863
29400,226,Gyroscope,-0.15821409,-0.0012217305,0.017715093,1566947970872
29401,226,Accelerometer,-6.927623,-2.96881,5.74369,1566947970873
29402,226,Gyroscope,-0.15943582,0.0030543262,0.019547688,1566947970882
29403,226,Accelerometer,-6.8641763,-3.0705638,5.8478374,1566947970883
29404,226,Gyroscope,-0.14782938,0.005497787,0.017104227,1566947970892
29405,226,Accelerometer,-7.079654,-3.0849290000000003,5.90889,1566947970893
29406,226,Gyroscope,-0.14110987,0.009162978,0.017104227,1566947970902
29407,226,Accelerometer,-7.200561500000001,-3.064578,5.864597,1566947970903
29408,226,Gyroscope,-0.13927728,0.002443461,0.02687807,1566947970912
29409,226,Accelerometer,-7.1730285,-3.0023289,5.8933277,1566947970913
29410,226,Gyroscope,-0.13316862,0.0018325957999999999,0.03726278,1566947970922
29411,226,Accelerometer,-7.186196300000001,-2.9137435000000003,5.9172697,1566947970923
29412,226,Gyroscope,-0.13744467,0.0030543262,0.06047566,1566947970932
29413,226,Accelerometer,-7.1610575,-2.789245,5.8454432,1566947970933
29414,226,Gyroscope,-0.1563815,0.013439035,0.09896017,1566947970942
29415,226,Accelerometer,-6.9958572,-2.621651,5.865794,1566947970943
29416,226,Gyroscope,-0.18325958,0.03481932,0.13500121,1566947970952
29417,226,Accelerometer,-6.963536,-2.4169466,5.946000000000001,1566947970953
29418,226,Gyroscope,-0.19914207,0.03848451,0.16982053,1566947970962
29419,226,Accelerometer,-6.985083599999999,-2.2002714,6.009446,1566947970963
29420,226,Gyroscope,-0.21074851,0.05497787,0.19853121,1566947970972
29421,226,Accelerometer,-6.8306575,-2.146402,6.0944405,1566947970973
29422,226,Gyroscope,-0.21135938,0.09285152,0.21563543,1566947970983
29423,226,Accelerometer,-6.868964699999999,-2.0602105,6.0585275,1566947970983
29424,226,Gyroscope,-0.22113322,0.13439035,0.22785273,1566947970992
29425,226,Accelerometer,-6.9970546,-2.0039468,5.9005103,1566947970993
29426,226,Gyroscope,-0.22235495,0.1777618,0.23640485,1566947971002
29427,226,Accelerometer,-7.250839699999999,-2.1763293999999997,5.837064,1566947971003
29428,226,Gyroscope,-0.20036379999999998,0.22479841,0.22968534,1566947971012
29429,226,Accelerometer,-7.583634,-2.3379380000000003,5.8801594,1566947971013
29430,226,Gyroscope,-0.18692477,0.27488935,0.22296582,1566947971022
29431,226,Accelerometer,-8.093599000000001,-2.3295584,5.718550700000001,1566947971023
29432,226,Gyroscope,-0.1881465,0.31948254,0.21013765,1566947971033
29433,226,Accelerometer,-8.377312,-2.3307555,5.559336,1566947971033
29434,226,Gyroscope,-0.19181168,0.3371976,0.21074851,1566947971042
29435,226,Accelerometer,-8.519767,-2.3104044999999998,5.3785739999999995,1566947971043
29436,226,Gyroscope,-0.18875736,0.33169982,0.19853121,1566947971052
29437,226,Accelerometer,-8.568848,-2.3798366,5.149928,1566947971053
29438,226,Gyroscope,-0.18142697,0.30787608,0.17531833,1566947971062
29439,226,Accelerometer,-8.558074000000001,-2.4361002,4.8279076,1566947971063
29440,226,Gyroscope,-0.16798794,0.2510656,0.15210545,1566947971072
29441,226,Accelerometer,-8.427589999999999,-2.4109612,4.5872903,1566947971073
29442,226,Gyroscope,-0.15699236,0.17165314,0.12034045,1566947971082
29443,226,Accelerometer,-8.3150625,-2.3319526,4.486733999999999,1566947971083
29444,226,Gyroscope,-0.1423316,0.08796459400000001,0.08857546,1566947971092
29445,226,Accelerometer,-8.09719,-2.2457612,4.5202527,1566947971093
29446,226,Gyroscope,-0.13622294,0.014049901000000002,0.06169739,1566947971102
29447,226,Accelerometer,-7.955932000000001,-2.2313959999999997,4.638766,1566947971103
29448,226,Gyroscope,-0.12705997,-0.04642576,0.04337143,1566947971112
29449,226,Accelerometer,-7.9822683,-2.2098482,4.759673,1566947971113
29450,226,Gyroscope,-0.11178834,-0.11178834,0.027488936000000002,1566947971122
29451,226,Accelerometer,-7.955932000000001,-2.1320367,4.940435400000001,1566947971123
29452,226,Gyroscope,-0.09407325,-0.11056661,0.019547688,1566947971132
29453,226,Accelerometer,-7.8003089999999995,-2.0530279,5.185841,1566947971133
29454,226,Gyroscope,-0.06658431,-0.093462385,0.007941248,1566947971142
29455,226,Accelerometer,-7.738060000000001,-1.9931729,5.4144874000000005,1566947971143
29456,226,Gyroscope,-0.049480084,-0.07269296,-0.004886922,1566947971152
29457,226,Accelerometer,-7.745242599999999,-1.9967641999999999,5.5282116,1566947971153
29458,226,Gyroscope,-0.04520403,-0.06169739,-0.01038471,1566947971163
29459,226,Accelerometer,-7.8146744,-1.9871874,5.5401826,1566947971163
29460,226,Gyroscope,-0.047036625,-0.04153884,-0.0067195175,1566947971172
29461,226,Accelerometer,-7.878121000000001,-1.9261352999999999,5.60722,1566947971173
29462,226,Gyroscope,-0.04642576,-0.018325957,-0.002443461,1566947971182
29463,226,Accelerometer,-7.892486,-1.8842366999999998,5.687426,1566947971183
29464,226,Gyroscope,-0.043982297000000004,-0.0067195175,0.0030543262,1566947971192
29465,226,Accelerometer,-7.929596000000001,-1.8339584999999998,5.734113,1566947971193
29466,226,Gyroscope,-0.047647487,0.013439035,0.007941248,1566947971202
29467,226,Accelerometer,-7.9511437,-1.7154455000000002,5.7365074,1566947971203
29468,226,Gyroscope,-0.059864793,0.035430185,0.01038471,1566947971212
29469,226,Accelerometer,-7.945158500000001,-1.6065093000000001,5.777209,1566947971213
29470,226,Gyroscope,-0.07696902,0.049480084,0.009773844,1566947971222
29471,226,Accelerometer,-8.007407,-1.4652513999999999,5.7975593,1566947971223
29472,226,Gyroscope,-0.09468412,0.06780604,0.0061086523,1566947971232
29473,226,Accelerometer,-7.9427642999999994,-1.3910311000000002,5.78918,1566947971233
29474,226,Gyroscope,-0.10079276599999999,0.07941248,0.002443461,1566947971242
29475,226,Accelerometer,-7.869741,-1.5490485,5.792771,1566947971243
29476,226,Gyroscope,-0.105068825,0.077579886,0.004886922,1566947971253
29477,226,Accelerometer,-7.872135000000001,-1.614889,5.681441,1566947971253
29478,226,Gyroscope,-0.103847094,0.07513642,-0.0061086523,1566947971262
29479,226,Accelerometer,-7.7320743,-1.6687585999999999,5.4647654999999995,1566947971263
29480,226,Gyroscope,-0.099571034,0.06414085,-0.015882496,1566947971272
29481,226,Accelerometer,-7.714117999999999,-1.7753005000000002,5.4647654999999995,1566947971273
29482,226,Gyroscope,-0.10445796,0.04276056599999999,-0.028099801,1566947971282
29483,226,Accelerometer,-7.6710224,-1.7645266,5.3019595,1566947971283
29484,226,Gyroscope,-0.10018189999999999,0.05009095,-0.048258353,1566947971292
29485,226,Accelerometer,-7.4028716,-1.8327613999999999,5.380968,1566947971293
29486,226,Gyroscope,-0.059864793,0.035430185,-0.086132,1566947971303
29487,226,Accelerometer,-7.49026,-2.1164744,5.425261,1566947971303
29488,226,Gyroscope,-0.04337143,-0.0067195175,-0.10873401,1566947971312
29489,226,Accelerometer,-7.9571295,-2.2266076,4.9045224,1566947971313
29490,226,Gyroscope,-0.052534412999999995,-0.007330383,-0.10995574,1566947971322
29491,226,Accelerometer,-7.872135000000001,-2.2972363999999996,4.876989,1566947971323
29492,226,Gyroscope,-0.044593163,-0.0012217305,-0.10995574,1566947971332
29493,226,Accelerometer,-7.931989999999999,-2.4684220000000003,4.817133999999999,1566947971333
29494,226,Gyroscope,-0.021380282999999996,-0.029321532999999997,-0.12950343,1566947971343
29495,226,Accelerometer,-7.9511437,-2.7114333999999998,4.8722005,1566947971343
29496,226,Gyroscope,0.002443461,-0.12095132,-0.15088372,1566947971352
29497,226,Accelerometer,-8.022969999999999,-2.7377696,5.020641,1566947971353
29498,226,Gyroscope,0.032375857,-0.19547687,-0.16554448,1566947971362
29499,226,Accelerometer,-8.143877,-2.610877,5.1678843,1566947971363
29500,226,Gyroscope,0.034208454,-0.2510656,-0.16249016,1566947971372
29501,226,Accelerometer,-8.171411,-2.3798366,5.444414599999999,1566947971373
29502,226,Gyroscope,0.023823743999999997,-0.28160888,-0.15699236,1566947971382
29503,226,Accelerometer,-8.103176,-2.2589292999999997,5.889736,1566947971383
29504,226,Gyroscope,0.0061086523,-0.2724459,-0.15454891,1566947971393
29505,226,Accelerometer,-8.019378999999999,-2.1918917,6.2273190000000005,1566947971393
29506,226,Gyroscope,-0.022602014,-0.23273966,-0.13805555,1566947971402
29507,226,Accelerometer,-7.7907324000000004,-2.3175871,6.442796700000001,1566947971403
29508,226,Gyroscope,-0.06169739,-0.15393804,-0.099571034,1566947971412
29509,226,Accelerometer,-7.639898,-2.6384103,6.5445504,1566947971413
29510,226,Gyroscope,-0.0842994,-0.06169739,-0.047647487,1566947971422
29511,226,Accelerometer,-7.568071400000001,-2.9041667,6.555324000000001,1566947971423
29512,226,Gyroscope,-0.105068825,0.040927973,0.004886922,1566947971432
29513,226,Accelerometer,-7.4327993,-2.9340942,6.381745,1566947971433
29514,226,Gyroscope,-0.12889257,0.14294247,0.056199603,1566947971443
29515,226,Accelerometer,-7.3274539999999995,-2.8155810000000003,6.053739,1566947971443
29516,226,Gyroscope,-0.14355333,0.22724187,0.09040806,1566947971452
29517,226,Accelerometer,-7.076063,-2.6791117,5.7089739999999995,1566947971453
29518,226,Gyroscope,-0.15210545,0.26450464,0.10995574,1566947971462
29519,226,Accelerometer,-7.091625,-2.4157495,5.248090299999999,1566947971463
29520,226,Gyroscope,-0.15088372,0.26206118,0.10812314599999999,1566947971472
29521,226,Accelerometer,-6.9383965,-2.2385786,5.0541596,1566947971473
29522,226,Gyroscope,-0.12644911,0.22540927,0.08552113,1566947971482
29523,226,Accelerometer,-7.022193400000001,-2.2230163,4.8937483,1566947971483
29524,226,Gyroscope,-0.09040806,0.15821409,0.051923547,1566947971493
29525,226,Accelerometer,-7.290344,-2.2481554,4.7800236,1566947971493
29526,226,Gyroscope,-0.062308256,0.10873401,0.027488936000000002,1566947971502
29527,226,Accelerometer,-7.369353,-2.3618799999999998,4.7931919999999995,1566947971503
29528,226,Gyroscope,-0.03848451,0.047647487,0.004886922,1566947971512
29529,226,Accelerometer,-7.559692,-2.5007436000000003,4.8733974,1566947971513
29530,226,Gyroscope,-0.015271631,-0.02565634,-0.01282817,1566947971522
29531,226,Accelerometer,-7.7344685,-2.7904419999999996,5.033809,1566947971523
29532,226,Gyroscope,-0.0018325957999999999,-0.07086037,-0.017104227,1566947971532
29533,226,Accelerometer,-7.9224133000000005,-2.9987376,5.117605999999999,1566947971533
29534,226,Gyroscope,0.00061086525,-0.1020145,-0.008552114,1566947971542
29535,226,Accelerometer,-7.994239299999999,-3.0538042,5.222951,1566947971543
29536,226,Gyroscope,-0.01160644,-0.1160644,0.0012217305,1566947971553
29537,226,Accelerometer,-7.854178999999999,-3.0071173,5.3007627,1566947971553
29538,226,Gyroscope,-0.014660766,-0.12583824,0.013439035,1566947971562
29539,226,Accelerometer,-7.601590600000001,-2.9340942,5.5282116,1566947971563
29540,226,Gyroscope,0.007330383,-0.13011430000000002,0.009773844,1566947971572
29541,226,Accelerometer,-7.407660000000001,-2.9556419999999997,5.755661,1566947971573
29542,226,Gyroscope,0.025045475,-0.11728613,0.004276057,1566947971582
29543,226,Accelerometer,-7.368156,-2.8395232999999998,5.8705826,1566947971583
29544,226,Gyroscope,0.019547688,-0.10262536,-0.002443461,1566947971592
29545,226,Accelerometer,-7.27957,-2.4779987,5.872977,1566947971593
29546,226,Gyroscope,0.004276057,-0.073303826,0.0036651915999999997,1566947971603
29547,226,Accelerometer,-7.0964136,-2.2888567,5.8634,1566947971603
29548,226,Gyroscope,0.0012217305,-0.05681047,0.010995574,1566947971612
29549,226,Accelerometer,-6.927623,-2.2864625,5.947197,1566947971613
29550,226,Gyroscope,0.008552114,-0.037873644,0.015271631,1566947971622
29551,226,Accelerometer,-6.872555999999999,-2.4863784,6.0908489999999995,1566947971623
29552,226,Gyroscope,0.009773844,-0.029932396,0.018936822,1566947971632
29553,226,Accelerometer,-6.953958999999999,-2.633622,6.0800753,1566947971633
29554,226,Gyroscope,0.0030543262,-0.008552114,0.029932396,1566947971642
29555,226,Accelerometer,-7.1646485,-2.6611552000000005,6.066907,1566947971643
29556,226,Gyroscope,-0.02443461,0.02443461,0.04153884,1566947971653
29557,226,Accelerometer,-7.386112,-2.5845408,5.963956400000001,1566947971653
29558,226,Gyroscope,-0.055588737,0.06169739,0.047036625,1566947971662
29559,226,Accelerometer,-7.465121000000001,-2.5510217999999996,5.85502,1566947971663
29560,226,Gyroscope,-0.07452556,0.081855945,0.04886922,1566947971672
29561,226,Accelerometer,-7.4866686,-2.5905263,5.7939680000000005,1566947971673
29562,226,Gyroscope,-0.0842994,0.07269296,0.045814894,1566947971682
29563,226,Accelerometer,-7.539341,-2.6024973,5.732916,1566947971683
29564,226,Gyroscope,-0.09896017,0.06352998,0.051923547,1566947971692
29565,226,Accelerometer,-7.601590600000001,-2.5354595,5.6203885,1566947971693
29566,226,Gyroscope,-0.119729586,0.07086037,0.06169739,1566947971702
29567,226,Accelerometer,-7.424419400000001,-2.4061728,5.5365915,1566947971703
29568,226,Gyroscope,-0.118507855,0.0720821,0.049480084,1566947971712
29569,226,Accelerometer,-7.273585000000001,-2.3989902,5.614403,1566947971713
29570,226,Gyroscope,-0.106901415,0.06963864,0.03604105,1566947971722
29571,226,Accelerometer,-7.400477400000001,-2.5115175,5.779603,1566947971723
29572,226,Gyroscope,-0.10629055,0.08124508,0.027488936000000002,1566947971732
29573,226,Accelerometer,-7.5309615,-2.6443958,5.7664347000000005,1566947971733
29574,226,Gyroscope,-0.12034045,0.09162979,0.020158553,1566947971742
29575,226,Accelerometer,-7.655460000000001,-2.7581203,5.649119000000001,1566947971743
29576,226,Gyroscope,-0.13683382,0.1020145,0.020158553,1566947971752
29577,226,Accelerometer,-7.8278419999999995,-2.9592332999999997,5.565322,1566947971753
29578,226,Gyroscope,-0.15271631,0.103847094,0.028710667000000002,1566947971763
29579,226,Accelerometer,-7.869741,-3.0597897,5.42167,1566947971763
29580,226,Gyroscope,-0.15088372,0.086132,0.03481932,1566947971772
29581,226,Accelerometer,-7.5800424,-3.2489316,5.322310400000001,1566947971773
29582,226,Gyroscope,-0.1337795,0.06780604,0.047647487,1566947971782
29583,226,Accelerometer,-7.414842599999999,-3.2154129,5.2983685,1566947971783
29584,226,Gyroscope,-0.105068825,0.04886922,0.059253927000000005,1566947971792
29585,226,Accelerometer,-7.323863,-3.1806970000000003,5.3486465999999995,1566947971793
29586,226,Gyroscope,-0.07452556,0.026267206,0.06963864,1566947971802
29587,226,Accelerometer,-7.345411,-3.1004913,5.3594203,1566947971803
29588,226,Gyroscope,-0.056199603,0.00061086525,0.06780604,1566947971813
29589,226,Accelerometer,-7.2807674,-2.9436709999999997,5.365406,1566947971813
29590,226,Gyroscope,-0.07819075,0.002443461,0.06291912,1566947971822
29591,226,Accelerometer,-7.3071036,-2.8203697,5.418078400000001,1566947971823
29592,226,Gyroscope,-0.09468412,0.0030543262,0.06047566,1566947971832
29593,226,Accelerometer,-7.305906299999999,-2.8287494,5.4863133,1566947971833
29594,226,Gyroscope,-0.10567969,0.02443461,0.04642576,1566947971842
29595,226,Accelerometer,-7.241263000000001,-2.9484594,5.499480999999999,1566947971843
29596,226,Gyroscope,-0.10567969,0.040927973,0.028099801,1566947971852
29597,226,Accelerometer,-7.2723875,-3.1603463,5.5102553,1566947971853
29598,226,Gyroscope,-0.09407325,0.05497787,0.017104227,1566947971862
29599,226,Accelerometer,-7.345411,-3.3039982000000006,5.5270147000000005,1566947971863
29600,226,Gyroscope,-0.0842994,0.051923547,0.021991148999999998,1566947971873
29601,226,Accelerometer,-7.483077499999999,-3.2704793999999997,5.5365915,1566947971873
29602,226,Gyroscope,-0.08124508,0.047647487,0.02687807,1566947971882
29603,226,Accelerometer,-7.351396,-3.2453402999999996,5.621585400000001,1566947971883
29604,226,Gyroscope,-0.07819075,0.06719518,0.04886922,1566947971892
29605,226,Accelerometer,-7.1706343,-3.2860417,5.771223,1566947971893
29606,226,Gyroscope,-0.073303826,0.105068825,0.086132,1566947971902
29607,226,Accelerometer,-7.065289,-3.229778,5.875371,1566947971903
29608,226,Gyroscope,-0.073303826,0.13744467,0.13683382,1566947971912
29609,226,Accelerometer,-7.0245875999999985,-3.0573955,5.942408599999999,1566947971913
29610,226,Gyroscope,-0.07574729,0.1563815,0.18570304,1566947971923
29611,226,Accelerometer,-7.168239999999999,-2.9317,5.8346696,1566947971923
29612,226,Gyroscope,-0.06414085,0.13805555,0.21991149,1566947971932
29613,226,Accelerometer,-7.3645644,-2.693477,5.774814599999999,1566947971933
29614,226,Gyroscope,-0.059253927000000005,0.12583824,0.24251351,1566947971942
29615,226,Accelerometer,-7.4591354999999995,-2.2876596,5.734113,1566947971943
29616,226,Gyroscope,-0.054367005999999996,0.11545353400000001,0.24984388,1566947971952
29617,226,Accelerometer,-7.4064630000000005,-1.8507179,5.8681884,1566947971953
29618,226,Gyroscope,-0.034208454,0.1142318,0.23884831,1566947971962
29619,226,Accelerometer,-7.429208,-1.6819267,6.171055,1566947971963
29620,226,Gyroscope,-0.0067195175,0.118507855,0.21197024,1566947971973
29621,226,Accelerometer,-7.7093296,-1.5382746,6.2057709999999995,1566947971973
29622,226,Gyroscope,-0.017104227,0.14782938,0.16737708,1566947971982
29623,226,Accelerometer,-7.706935400000001,-1.3467385,6.113594,1566947971983
29624,226,Gyroscope,-0.049480084,0.1966986,0.11056661,1566947971992
29625,226,Accelerometer,-7.7248917,-1.3132197,6.007052,1566947971993
29626,226,Gyroscope,-0.070249505,0.24678956,0.04642576,1566947972002
29627,226,Accelerometer,-7.7847466,-1.4460978999999998,5.9244523000000004,1566947972003
29628,226,Gyroscope,-0.092240654,0.2883284,-0.018936822,1566947972012
29629,226,Accelerometer,-7.9272017,-1.7250223000000002,5.8825536,1566947972013
29630,226,Gyroscope,-0.099571034,0.31337386,-0.07574729,1566947972022
29631,226,Accelerometer,-8.141483000000001,-2.0685901999999996,5.7544637000000005,1566947972023
29632,226,Gyroscope,-0.10934488,0.34636059999999996,-0.112399206,1566947972032
29633,226,Accelerometer,-8.287529,-2.3379380000000003,5.409699,1566947972033
29634,226,Gyroscope,-0.13500121,0.3744604,-0.112399206,1566947972042
29635,226,Accelerometer,-8.237250999999999,-2.4468741,5.0637364,1566947972043
29636,226,Gyroscope,-0.12156218,0.35979962,-0.08857546,1566947972052
29637,226,Accelerometer,-7.979874000000001,-2.5773582000000004,4.950012,1566947972053
29638,226,Gyroscope,-0.076358154,0.30115658,-0.06414085,1566947972062
29639,226,Accelerometer,-7.916428,-2.8107927000000004,4.8997335,1566947972063
29640,226,Gyroscope,-0.028710667000000002,0.22296582,-0.03970624,1566947972072
29641,226,Accelerometer,-8.050502999999999,-2.9580362,4.799176999999999,1566947972073
29642,226,Gyroscope,-0.0036651915999999997,0.14660765,-0.005497787,1566947972083
29643,226,Accelerometer,-8.171411,-2.7760768,4.6698904,1566947972083
29644,226,Gyroscope,0.009773844,0.08124508,0.016493361,1566947972092
29645,226,Accelerometer,-8.139089,-2.5438392000000003,4.672284599999999,1566947972093
29646,226,Gyroscope,0.02443461,0.027488936000000002,0.021991148999999998,1566947972102
29647,226,Accelerometer,-8.209717999999999,-2.5043349999999998,4.722563,1566947972103
29648,226,Gyroscope,0.031154128,-0.018325957,0.018936822,1566947972112
29649,226,Accelerometer,-8.255207,-2.4672248,4.6710877,1566947972113
29650,226,Gyroscope,0.03604105,-0.047036625,0.004276057,1566947972122
29651,226,Accelerometer,-8.209717999999999,-2.2996306,4.746505,1566947972123
29652,226,Gyroscope,0.04276056599999999,-0.034208454,-0.015271631,1566947972133
29653,226,Accelerometer,-8.198944000000001,-2.1380222,4.921282,1566947972133
29654,226,Gyroscope,0.047036625,-0.018936822,-0.048258353,1566947972142
29655,226,Accelerometer,-8.14268,-1.9081788,5.040992,1566947972143
29656,226,Gyroscope,0.052534412999999995,-0.010995574,-0.07086037,1566947972152
29657,226,Accelerometer,-8.001422,-1.8579005000000002,5.1762643,1566947972153
29658,226,Gyroscope,0.06719518,-0.02076942,-0.09712757,1566947972162
29659,226,Accelerometer,-7.8589673,-1.9357121,5.2863975,1566947972163
29660,226,Gyroscope,0.08857546,-0.056199603,-0.12583824,1566947972172
29661,226,Accelerometer,-7.983465700000001,-1.9883845000000002,5.3330839999999995,1566947972173
29662,226,Gyroscope,0.09285152,-0.05375614,-0.13072516,1566947972182
29663,226,Accelerometer,-7.991845,-1.9452889,5.3282957,1566947972183
29664,226,Gyroscope,0.09040806,-0.03970624,-0.13988814,1566947972192
29665,226,Accelerometer,-7.753622,-1.7501613999999999,5.4025164000000006,1566947972193
29666,226,Gyroscope,0.103847094,-0.047647487,-0.15760323,1566947972202
29667,226,Accelerometer,-7.669825,-1.8363526999999997,5.637148000000001,1566947972203
29668,226,Gyroscope,0.1160644,-0.06047566,-0.16676621,1566947972212
29669,226,Accelerometer,-7.837419000000001,-2.0410569,5.772420400000001,1566947972213
29670,226,Gyroscope,0.10018189999999999,-0.06047566,-0.16004670000000001,1566947972222
29671,226,Accelerometer,-7.854178999999999,-2.067393,5.683835,1566947972223
29672,226,Gyroscope,0.07513642,-0.062308256,-0.15393804,1566947972233
29673,226,Accelerometer,-7.716512,-2.1021092,5.7520695,1566947972233
29674,226,Gyroscope,0.07696902,-0.051923547,-0.15393804,1566947972242
29675,226,Accelerometer,-7.727286,-2.1906946,5.8478374,1566947972243
29676,226,Gyroscope,0.09468412,-0.03726278,-0.16554448,1566947972252
29677,226,Accelerometer,-7.874529400000001,-2.2481554,5.747281,1566947972253
29678,226,Gyroscope,0.0983493,-0.020158553,-0.17104226,1566947972262
29679,226,Accelerometer,-7.7248917,-2.0937295,5.4899044,1566947972263
29680,226,Gyroscope,0.08063421400000001,-0.03604105,-0.18631389999999998,1566947972272
29681,226,Accelerometer,-7.2831616,-1.9704279999999998,5.221754,1566947972273
29682,226,Gyroscope,0.03481932,-0.08063421400000001,-0.20891592,1566947972283
29683,226,Accelerometer,-7.141903999999999,-2.12246,5.142745,1566947972283
29684,226,Gyroscope,0.052534412999999995,-0.16187929,-0.23640485,1566947972292
29685,226,Accelerometer,-7.369353,-2.3235726000000003,5.114014599999999,1566947972293
29686,226,Gyroscope,0.061086524,-0.22418754,-0.25534168,1566947972302
29687,226,Accelerometer,-7.369353,-2.232593,5.046977,1566947972303
29688,226,Gyroscope,0.03970624,-0.24801129,-0.24068089999999998,1566947972312
29689,226,Accelerometer,-7.237672,-1.9919758,5.207389,1566947972313
29690,226,Gyroscope,0.017715093,-0.26022860000000003,-0.21624629,1566947972322
29691,226,Accelerometer,-7.0305734,-2.018312,5.6551046,1566947972323
29692,226,Gyroscope,0.02687807,-0.26572640000000003,-0.20036379999999998,1566947972332
29693,226,Accelerometer,-6.9383965,-2.1871033,6.2392898,1566947972332
29694,226,Gyroscope,0.04276056599999999,-0.23579398,-0.16249016,1566947972343
29695,226,Accelerometer,-7.138312299999999,-2.3092074,6.673837,1566947972343
29696,226,Gyroscope,0.03726278,-0.19242255,-0.11056661,1566947972352
29697,226,Accelerometer,-7.2915410000000005,-2.3068132,6.824671700000001,1566947972353
29698,226,Gyroscope,0.016493361,-0.11545353400000001,-0.059253927000000005,1566947972362
29699,226,Accelerometer,-7.3442134999999995,-2.3319526,6.892906699999999,1566947972363
29700,226,Gyroscope,-0.009162978,-0.0012217305,-0.016493361,1566947972372
29701,226,Accelerometer,-7.4591354999999995,-2.48159,6.846219500000001,1566947972373
29702,226,Gyroscope,-0.035430185,0.111177474,0.021991148999999998,1566947972382
29703,226,Accelerometer,-7.6171527,-2.529474,6.513426,1566947972383
29704,226,Gyroscope,-0.06047566,0.1966986,0.048258353,1566947972393
29705,226,Accelerometer,-7.6410947,-2.4732103,6.066907,1566947972393
29706,226,Gyroscope,-0.07513642,0.26511553,0.064751714,1566947972402
29707,226,Accelerometer,-7.675811,-2.3750482,5.583278,1566947972403
29708,226,Gyroscope,-0.08735373,0.29382620000000004,0.06169739,1566947972412
29709,226,Accelerometer,-7.638700500000001,-2.3463178,5.189432,1566947972413
29710,226,Gyroscope,-0.08246681,0.29321529999999996,0.04886922,1566947972422
29711,226,Accelerometer,-7.7201033,-2.327164,4.859032,1566947972423
29712,226,Gyroscope,-0.07574729,0.27122417,0.03848451,1566947972432
29713,226,Accelerometer,-7.7248917,-2.2517467,4.6686935,1566947972433
29714,226,Gyroscope,-0.056199603,0.22602014,0.015882496,1566947972442
29715,226,Accelerometer,-7.675811,-2.3523033,4.6016555,1566947972444
29716,226,Gyroscope,-0.015882496,0.14844026,-0.01160644,1566947972453
29717,226,Accelerometer,-7.788338,-2.4516625,4.631583,1566947972453
29718,226,Gyroscope,0.02321288,0.053145275,-0.03176499,1566947972462
29719,226,Accelerometer,-7.884106,-2.553416,4.715380000000001,1566947972463
29720,226,Gyroscope,0.045814894,-0.021991148999999998,-0.04276056599999999,1566947972472
29721,226,Accelerometer,-7.833828,-2.5965118,4.8662148,1566947972473
29722,226,Gyroscope,0.058643065,-0.09896017,-0.04886922,1566947972482
29723,226,Accelerometer,-7.745242599999999,-2.7509377,5.052963,1566947972483
29724,226,Gyroscope,0.07513642,-0.17348573,-0.05497787,1566947972492
29725,226,Accelerometer,-7.920019,-2.9472623,5.2301335,1566947972493
29726,226,Gyroscope,0.07696902,-0.20647246,-0.03970624,1566947972503
29727,226,Accelerometer,-7.868544,-2.8862102000000003,5.398925,1566947972503
29728,226,Gyroscope,0.049480084,-0.19242255,-0.02076942,1566947972512
29729,226,Accelerometer,-7.659051400000001,-2.64679,5.6431336,1566947972513
29730,226,Gyroscope,0.04153884,-0.15760323,-0.013439035,1566947972522
29731,226,Accelerometer,-7.540538300000001,-2.5031377999999997,5.935226,1566947972523
29732,226,Gyroscope,0.030543262,-0.10262536,-0.01038471,1566947972532
29733,226,Accelerometer,-7.299921,-2.3211784,6.1028199999999995,1566947972533
29734,226,Gyroscope,0.02076942,-0.06169739,-0.01282817,1566947972542
29735,226,Accelerometer,-7.005433999999999,-2.2349873,6.1926026,1566947972543
29736,226,Gyroscope,0.021380282999999996,-0.02321288,-0.02687807,1566947972552
29737,226,Accelerometer,-6.8342485,-2.3882163,6.254852,1566947972553
29738,226,Gyroscope,0.014660766,-0.004276057,-0.028099801,1566947972563
29739,226,Accelerometer,-7.0820484,-2.6120741,6.1626754,1566947972563
29740,226,Gyroscope,0.0036651915999999997,0.021380282999999996,-0.02321288,1566947972573
29741,226,Accelerometer,-7.260416499999999,-2.5629928,6.0681043,1566947972573
29742,226,Gyroscope,-0.002443461,0.06658431,-0.02565634,1566947972582
29743,226,Accelerometer,-7.315483,-2.6695349999999998,6.0465565,1566947972583
29744,226,Gyroscope,-0.009773844,0.07941248,-0.03359759,1566947972592
29745,226,Accelerometer,-7.667431,-2.8993783,5.925649,1566947972593
29746,226,Gyroscope,-0.032986722999999996,0.08857546,-0.029321532999999997,1566947972602
29747,226,Accelerometer,-7.7440453,-3.0142999,5.697003,1566947972603
29748,226,Gyroscope,-0.059864793,0.09896017,-0.007941248,1566947972613
29749,226,Accelerometer,-7.684190299999999,-3.0933087,5.521029,1566947972613
29750,226,Gyroscope,-0.081855945,0.08124508,0.018325957,1566947972622
29751,226,Accelerometer,-7.754819400000001,-3.1148564999999997,5.366603,1566947972623
29752,226,Gyroscope,-0.0983493,0.06291912,0.035430185,1566947972632
29753,226,Accelerometer,-7.478289,-2.979584,5.329493,1566947972633
29754,226,Gyroscope,-0.081855945,0.056199603,0.030543262,1566947972642
29755,226,Accelerometer,-7.1586633,-3.1040826,5.523423,1566947972643
29756,226,Gyroscope,-0.06536258,0.039095376,0.029321532999999997,1566947972652
29757,226,Accelerometer,-7.3549875999999985,-3.1244332999999997,5.542577,1566947972653
29758,226,Gyroscope,-0.070249505,0.037873644,0.017104227,1566947972662
29759,226,Accelerometer,-7.2759789999999995,-2.9400797,5.5270147000000005,1566947972662
29760,226,Gyroscope,-0.08124508,0.05497787,-0.0030543262,1566947972673
29761,226,Accelerometer,-7.189788,-2.9352913,5.5605335,1566947972673
29762,226,Gyroscope,-0.09040806,0.06658431,-0.031154128,1566947972682
29763,226,Accelerometer,-7.27957,-3.1735144,5.5509567,1566947972683
29764,226,Gyroscope,-0.1020145,0.07391469,-0.044593163,1566947972692
29765,226,Accelerometer,-7.313089,-3.4272997000000003,5.494693,1566947972693
29766,226,Gyroscope,-0.1142318,0.08552113,-0.047647487,1566947972702
29767,226,Accelerometer,-7.1407065,-3.4931402,5.3713913,1566947972703
29768,226,Gyroscope,-0.12705997,0.10262536,-0.048258353,1566947972712
29769,226,Accelerometer,-7.101202000000001,-3.6296098,5.335478299999999,1566947972713
29770,226,Gyroscope,-0.12889257,0.10629055,-0.040927973,1566947972722
29771,226,Accelerometer,-7.2927384,-3.726575,5.171476,1566947972723
29772,226,Gyroscope,-0.13561209,0.05497787,-0.019547688,1566947972733
29773,226,Accelerometer,-7.055712,-3.8953662000000002,5.221754,1566947972733
29774,226,Gyroscope,-0.12705997,0.02443461,0.026267206,1566947972742
29775,226,Accelerometer,-6.921637,-3.7780502,5.591658,1566947972743
29776,226,Gyroscope,-0.093462385,-0.010995574,0.09101892,1566947972752
29777,226,Accelerometer,-6.8905125,-3.4081461,5.9160724,1566947972753
29778,226,Gyroscope,-0.06291912,-0.03481932,0.15821409,1566947972762
29779,226,Accelerometer,-7.043741000000001,-2.944868,6.066907,1566947972763
29780,226,Gyroscope,-0.039095376,-0.03359759,0.23273966,1566947972772
29781,226,Accelerometer,-7.070077400000001,-2.5773582000000004,6.1890116,1566947972773
29782,226,Gyroscope,-0.03176499,0.005497787,0.31581733,1566947972782
29783,226,Accelerometer,-7.3166804,-2.2170308,6.101623,1566947972783
29784,226,Gyroscope,-0.053145275,0.04276056599999999,0.37690386,1566947972792
29785,226,Accelerometer,-7.505822,-1.6651672999999998,5.9938839999999995,1566947972793
29786,226,Gyroscope,-0.07819075,0.08857546,0.40500367,1566947972802
29787,226,Accelerometer,-7.4495587,-1.1827357,6.1985884,1566947972803
29788,226,Gyroscope,-0.06963864,0.14721853,0.41599923,1566947972812
29789,226,Accelerometer,-7.6375036,-0.81881696,6.312312599999999,1566947972813
29790,226,Gyroscope,-0.06047566,0.19547687,0.39400807,1566947972822
29791,226,Accelerometer,-7.7224975,-0.7457938000000001,6.3422403,1566947972823
29792,226,Gyroscope,-0.05497787,0.23579398,0.32986724,1566947972832
29793,226,Accelerometer,-7.8865004,-0.7793127,6.2404866,1566947972833
29794,226,Gyroscope,-0.045814894,0.24312437,0.226631,1566947972843
29795,226,Accelerometer,-8.189366999999999,-0.8619126,6.008249299999999,1566947972843
29796,226,Gyroscope,-0.043982297000000004,0.21685717,0.11301007,1566947972852
29797,226,Accelerometer,-8.513782,-0.79966336,5.659893,1566947972853
29798,226,Gyroscope,-0.070249505,0.18448131,0.015271631,1566947972862
29799,226,Accelerometer,-8.593987,-0.7469909,5.3713913,1566947972863
29800,226,Gyroscope,-0.105068825,0.14599679999999998,-0.07391469,1566947972872
29801,226,Accelerometer,-8.564059,-0.91817635,5.159505,1566947972873
29802,226,Gyroscope,-0.12705997,0.11362094,-0.14782938,1566947972882
29803,226,Accelerometer,-8.525752,-1.3395559,5.050568599999999,1566947972883
29804,226,Gyroscope,-0.13927728,0.07147124,-0.16920967,1566947972892
29805,226,Accelerometer,-8.408437,-1.7202339,5.0134583,1566947972893
29806,226,Gyroscope,-0.13927728,0.05497787,-0.14782938,1566947972903
29807,226,Accelerometer,-8.025364,-1.8974048,5.058948,1566947972903
29808,226,Gyroscope,-0.13011430000000002,0.061086524,-0.116675265,1566947972912
29809,226,Accelerometer,-7.8170686,-2.0530279,5.187037999999999,1566947972913
29810,226,Gyroscope,-0.10995574,0.06597344599999999,-0.0842994,1566947972922
29811,226,Accelerometer,-7.714117999999999,-2.1679497000000003,5.2660465,1566947972923
29812,226,Gyroscope,-0.09162979,0.06414085,-0.054367005999999996,1566947972932
29813,226,Accelerometer,-7.7129207,-2.2146366000000004,5.3163247,1566947972933
29814,226,Gyroscope,-0.0720821,0.04642576,-0.029932396,1566947972942
29815,226,Accelerometer,-7.8793178,-2.2266076,5.3259015,1566947972943
29816,226,Gyroscope,-0.055588737,0.02443461,-0.0067195175,1566947972952
29817,226,Accelerometer,-7.9307933,-2.232593,5.1906295,1566947972953
29818,226,Gyroscope,-0.051923547,-0.0036651915999999997,0.019547688,1566947972962
29819,226,Accelerometer,-7.8793178,-2.1535845,5.0242324,1566947972963
29820,226,Gyroscope,-0.034208454,-0.040317107000000005,0.029321532999999997,1566947972972
29821,226,Accelerometer,-7.878121000000001,-2.0470424,4.948815,1566947972973
29822,226,Gyroscope,-0.009773844,-0.047647487,0.022602014,1566947972982
29823,226,Accelerometer,-7.844601600000001,-1.9476831000000001,4.996699,1566947972983
29824,226,Gyroscope,0.019547688,-0.07452556,0.014660766,1566947972992
29825,226,Accelerometer,-8.052897,-1.9596541,5.0002904,1566947972993
29826,226,Gyroscope,0.021991148999999998,-0.08979719,0.0030543262,1566947973002
29827,226,Accelerometer,-8.127118,-1.6783354,4.972757,1566947973003
29828,226,Gyroscope,0.015271631,-0.086132,-0.016493361,1566947973012
29829,226,Accelerometer,-7.9236107,-1.4293385,5.060145400000001,1566947973013
29830,226,Gyroscope,0.021991148999999998,-0.092240654,-0.051923547,1566947973023
29831,226,Accelerometer,-7.72968,-1.4604629999999998,5.3103394999999995,1566947973023
29832,226,Gyroscope,0.045814894,-0.10140363,-0.08124508,1566947973032
29833,226,Accelerometer,-7.711724,-1.7681179,5.556941999999999,1566947973033
29834,226,Gyroscope,0.064751714,-0.13255776,-0.1160644,1566947973042
29835,226,Accelerometer,-7.771578999999999,-1.8854338,5.6586957,1566947973043
29836,226,Gyroscope,0.07086037,-0.1386664,-0.15088372,1566947973052
29837,226,Accelerometer,-7.7667904000000005,-2.0147207,5.6670755999999995,1566947973053
29838,226,Gyroscope,0.064751714,-0.13255776,-0.17898351,1566947973062
29839,226,Accelerometer,-7.681796,-2.0709844,5.588066599999999,1566947973063
29840,226,Gyroscope,0.04276056599999999,-0.13316862,-0.20158553,1566947973073
29841,226,Accelerometer,-7.5273699999999995,-2.2002714,5.530606,1566947973073
29842,226,Gyroscope,0.03359759,-0.1423316,-0.22052236,1566947973082
29843,226,Accelerometer,-7.4483614000000005,-2.3942018,5.616797,1566947973083
29844,226,Gyroscope,0.03176499,-0.15454891,-0.22479841,1566947973092
29845,226,Accelerometer,-7.615956,-2.4839842,5.742492700000001,1566947973093
29846,226,Gyroscope,0.028710667000000002,-0.15699236,-0.21685717,1566947973102
29847,226,Accelerometer,-7.771578999999999,-2.3965959999999997,5.931635,1566947973103
29848,226,Gyroscope,0.03359759,-0.15454891,-0.204029,1566947973112
29849,226,Accelerometer,-7.741650999999999,-2.2373814999999997,6.2847795,1566947973113
29850,226,Gyroscope,0.037873644,-0.15882497,-0.1826487,1566947973122
29851,226,Accelerometer,-7.9068513,-2.2098482,6.5337762999999995,1566947973123
29852,226,Gyroscope,-0.00061086525,-0.13988814,-0.15332718,1566947973133
29853,226,Accelerometer,-7.8793178,-2.1392192999999997,6.673837,1566947973133
29854,226,Gyroscope,-0.06658431,-0.08979719,-0.1160644,1566947973142
29855,226,Accelerometer,-7.6267295,-2.0590134,6.811503999999999,1566947973143
29856,226,Gyroscope,-0.13133603,-0.012217305,-0.089186326,1566947973152
29857,226,Accelerometer,-7.410054,-2.3870192,6.6762314,1566947973153
29858,226,Gyroscope,-0.1826487,0.07941248,-0.06047566,1566947973162
29859,226,Accelerometer,-7.156269,-2.5462333999999998,6.479907,1566947973163
29860,226,Gyroscope,-0.21807889999999996,0.18142697,-0.03176499,1566947973172
29861,226,Accelerometer,-7.1095820000000005,-2.597709,6.1483099999999995,1566947973173
29862,226,Gyroscope,-0.22724187,0.25473082,-0.005497787,1566947973183
29863,226,Accelerometer,-7.186196300000001,-2.6479871,5.705383,1566947973183
29864,226,Gyroscope,-0.21746802,0.29565877,0.014660766,1566947973192
29865,226,Accelerometer,-7.168239999999999,-2.5941176,5.2887917,1566947973193
29866,226,Gyroscope,-0.18081611,0.31520647,0.017715093,1566947973202
29867,226,Accelerometer,-7.070077400000001,-2.6252422,5.050568599999999,1566947973203
29868,226,Gyroscope,-0.12950343,0.26083946,0.0061086523,1566947973212
29869,226,Accelerometer,-7.407660000000001,-2.7928362,4.7967830000000005,1566947973213
29870,226,Gyroscope,-0.0842994,0.18570304,-0.009162978,1566947973222
29871,226,Accelerometer,-7.717708999999999,-2.7210102000000003,4.5142674000000005,1566947973223
29872,226,Gyroscope,-0.06658431,0.12889257,-0.005497787,1566947973232
29873,226,Accelerometer,-7.5333557,-2.6767175,4.425682,1566947973233
29874,226,Gyroscope,-0.043982297000000004,0.057421334000000004,-0.0061086523,1566947973242
29875,226,Accelerometer,-7.607576,-2.89459,4.5322237,1566947973243
29876,226,Gyroscope,-0.007330383,-0.023823743999999997,-0.0012217305,1566947973252
29877,226,Accelerometer,-7.667431,-3.1004913,4.7453080000000005,1566947973253
29878,226,Gyroscope,0.017104227,-0.07452556,0.012217305,1566947973262
29879,226,Accelerometer,-7.697358599999999,-3.1627405,4.9559975,1566947973263
29880,226,Gyroscope,0.034208454,-0.12583824,0.036651913,1566947973272
29881,226,Accelerometer,-7.799111999999999,-3.1232362,5.201403,1566947973273
29882,226,Gyroscope,0.040927973,-0.15210545,0.05009095,1566947973282
29883,226,Accelerometer,-7.7224975,-2.9975405,5.4025164000000006,1566947973283
29884,226,Gyroscope,0.03604105,-0.13500121,0.057421334000000004,1566947973293
29885,226,Accelerometer,-7.6961613,-2.9580362,5.653907299999999,1566947973293
29886,226,Gyroscope,0.045814894,-0.124005646,0.06291912,1566947973302
29887,226,Accelerometer,-7.769184599999999,-2.7581203,5.7987566,1566947973303
29888,226,Gyroscope,0.03726278,-0.09712757,0.059253927000000005,1566947973312
29889,226,Accelerometer,-7.5429325,-2.493561,5.889736,1566947973313
29890,226,Gyroscope,0.02443461,-0.051923547,0.050701816,1566947973322
29891,226,Accelerometer,-7.3825210000000006,-2.4756044999999998,5.975927400000001,1566947973323
29892,226,Gyroscope,0.022602014,-0.02565634,0.034208454,1566947973332
29893,226,Accelerometer,-7.396886299999999,-2.622848,6.0106435,1566947973333
29894,226,Gyroscope,0.015882496,-0.02443461,0.027488936000000002,1566947973342
29895,226,Accelerometer,-7.268796400000001,-2.5953147,5.8801594,1566947973343
29896,226,Gyroscope,0.002443461,-0.021380282999999996,0.03359759,1566947973353
29897,226,Accelerometer,-7.1873937,-2.6635494,5.8622026,1566947973353
29898,226,Gyroscope,-0.00061086525,-0.01160644,0.040927973,1566947973362
29899,226,Accelerometer,-7.1502833,-2.7437549999999997,5.889736,1566947973363
29900,226,Gyroscope,0.0018325957999999999,0.012217305,0.05009095,1566947973372
29901,226,Accelerometer,-7.144297999999999,-2.7341783,5.9160724,1566947973373
29902,226,Gyroscope,0.00061086525,0.02076942,0.06414085,1566947973382
29903,226,Accelerometer,-7.1191587,-2.6611552000000005,5.995081,1566947973383
29904,226,Gyroscope,0.00061086525,0.02443461,0.05131268,1566947973392
29905,226,Accelerometer,-7.1742253,-2.741361,6.159084,1566947973393
29906,226,Gyroscope,0.00061086525,0.017715093,0.025045475,1566947973402
29907,226,Accelerometer,-7.489063000000001,-2.870648,6.105214,1566947973403
29908,226,Gyroscope,-0.032986722999999996,0.026267206,0.0067195175,1566947973412
29909,226,Accelerometer,-7.575253999999999,-2.7724855,5.959168,1566947973413
29910,226,Gyroscope,-0.07696902,0.040927973,0.015882496,1566947973422
29911,226,Accelerometer,-7.5369470000000005,-2.5797524,5.910087,1566947973423
29912,226,Gyroscope,-0.124005646,0.089186326,0.01282817,1566947973432
29913,226,Accelerometer,-7.3406224,-2.5953147,5.886145,1566947973433
29914,226,Gyroscope,-0.12278391400000001,0.09468412,-0.002443461,1566947973442
29915,226,Accelerometer,-7.1047934999999995,-2.9017725,5.8801594,1566947973443
29916,226,Gyroscope,-0.10140363,0.08063421400000001,-0.00061086525,1566947973452
29917,226,Accelerometer,-7.277176,-3.2740707000000002,5.9938839999999995,1566947973453
29918,226,Gyroscope,-0.1020145,0.09162979,0.021991148999999998,1566947973463
29919,226,Accelerometer,-7.386112,-3.1639376,5.8574142,1566947973463
29920,226,Gyroscope,-0.124005646,0.12461651,0.039095376,1566947973473
29921,226,Accelerometer,-7.1981673,-2.9532477999999998,5.7843914000000005,1566947973473
29922,226,Gyroscope,-0.14110987,0.13805555,0.051923547,1566947973482
29923,226,Accelerometer,-7.1634517,-2.9137435000000003,5.6682725,1566947973483
29924,226,Gyroscope,-0.15210545,0.14966199,0.061086524,1566947973492
29925,226,Accelerometer,-6.977900999999999,-2.9843724,5.5856724,1566947973493
29926,226,Gyroscope,-0.15210545,0.15515977,0.07086037,1566947973502
29927,226,Accelerometer,-6.933608,-3.0657754,5.4899044,1566947973503
29928,226,Gyroscope,-0.14782938,0.13805555,0.06597344599999999,1566947973512
29929,226,Accelerometer,-7.037756,-3.004723,5.432443599999999,1566947973513
29930,226,Gyroscope,-0.13805555,0.12034045,0.05681047,1566947973523
29931,226,Accelerometer,-7.153875,-2.9364884,5.379771,1566947973523
29932,226,Gyroscope,-0.12583824,0.10445796,0.044593163,1566947973532
29933,226,Accelerometer,-7.250839699999999,-2.9580362,5.437232,1566947973533
29934,226,Gyroscope,-0.10873401,0.07391469,0.027488936000000002,1566947973542
29935,226,Accelerometer,-7.374141000000001,-3.063381,5.475539,1566947973543
29936,226,Gyroscope,-0.10567969,0.052534412999999995,0.017104227,1566947973552
29937,226,Accelerometer,-7.3897038,-3.1028854999999997,5.445612000000001,1566947973553
29938,226,Gyroscope,-0.10873401,0.036651913,0.015271631,1566947973562
29939,226,Accelerometer,-7.467515,-3.252523,5.446809,1566947973563
29940,226,Gyroscope,-0.11056661,-0.0018325957999999999,0.032375857,1566947973572
29941,226,Accelerometer,-7.667431,-3.3494883,5.4420204000000005,1566947973573
29942,226,Gyroscope,-0.12461651,-0.016493361,0.06658431,1566947973583
29943,226,Accelerometer,-7.568071400000001,-3.132813,5.459976999999999,1566947973583
29944,226,Gyroscope,-0.13439035,-0.004276057,0.10934488,1566947973592
29945,226,Accelerometer,-7.1502833,-2.873042,5.5018754,1566947973593
29946,226,Gyroscope,-0.11789699,0.0036651915999999997,0.14660765,1566947973602
29947,226,Accelerometer,-6.9491705999999995,-2.8562827,5.675455,1566947973603
29948,226,Gyroscope,-0.095294975,0.008552114,0.17654006,1566947973612
29949,226,Accelerometer,-7.086836999999999,-2.8311436000000003,5.7377043,1566947973613
29950,226,Gyroscope,-0.09590584,0.037873644,0.19975294,1566947973622
29951,226,Accelerometer,-7.2939353,-2.2996306,5.6886234,1566947973623
29952,226,Gyroscope,-0.11301007,0.086132,0.22602014,1566947973633
29953,226,Accelerometer,-7.394492,-2.079364,5.588066599999999,1566947973633
29954,226,Gyroscope,-0.12767084,0.124005646,0.23945917,1566947973642
29955,226,Accelerometer,-7.492654300000001,-1.9668366999999998,5.659893,1566947973643
29956,226,Gyroscope,-0.1160644,0.11056661,0.23762658,1566947973652
29957,226,Accelerometer,-7.632714999999999,-2.0003555,5.9064955999999995,1566947973653
29958,226,Gyroscope,-0.034208454,0.09590584,0.21991149,1566947973662
29959,226,Accelerometer,-7.8829093,-1.9955671000000001,6.054936,1566947973663
29960,226,Gyroscope,-0.00061086525,0.1142318,0.18936823,1566947973672
29961,226,Accelerometer,-8.143877,-1.8818424999999999,5.889736,1566947973673
29962,226,Gyroscope,-0.015882496,0.16126843,0.16310102,1566947973682
29963,226,Accelerometer,-8.280347,-1.7788918999999999,5.590461,1566947973683
29964,226,Gyroscope,-0.05375614,0.17654006,0.13194689,1566947973692
29965,226,Accelerometer,-8.263587,-1.7417817,5.5162406,1566947973693
29966,226,Gyroscope,-0.081855945,0.16371189,0.08002335,1566947973702
29967,226,Accelerometer,-8.322245,-1.7884687,5.4360349999999995,1566947973703
29968,226,Gyroscope,-0.10873401,0.1441642,0.032986722999999996,1566947973712
29969,226,Accelerometer,-8.258799,-1.8100165000000001,5.343858200000001,1566947973713
29970,226,Gyroscope,-0.124005646,0.118507855,-0.0018325957999999999,1566947973722
29971,226,Accelerometer,-8.074444999999999,-1.8531121,5.4168816,1566947973723
29972,226,Gyroscope,-0.11301007,0.092240654,-0.03726278,1566947973732
29973,226,Accelerometer,-7.908048,-2.100912,5.4779334,1566947973733
29974,226,Gyroscope,-0.089186326,0.057421334000000004,-0.050701816,1566947973743
29975,226,Accelerometer,-7.9272017,-2.2948422,5.3725886,1566947973743
29976,226,Gyroscope,-0.07696902,0.028099801,-0.030543262,1566947973752
29977,226,Accelerometer,-7.826645399999999,-2.2996306,5.317522,1566947973753
29978,226,Gyroscope,-0.07452556,0.02565634,0.007941248,1566947973762
29979,226,Accelerometer,-7.540538300000001,-2.2086509999999997,5.305551,1566947973763
29980,226,Gyroscope,-0.06536258,0.026267206,0.047036625,1566947973772
29981,226,Accelerometer,-7.501034,-2.1739352000000003,5.279215,1566947973773
29982,226,Gyroscope,-0.05131268,0.02076942,0.07819075,1566947973782
29983,226,Accelerometer,-7.61835,-2.1763293999999997,5.315128,1566947973783
29984,226,Gyroscope,-0.04886922,0.018936822,0.08552113,1566947973792
29985,226,Accelerometer,-7.6111674,-2.0901381999999997,5.3941364,1566947973793
29986,226,Gyroscope,-0.04886922,0.026267206,0.06841691,1566947973803
29987,226,Accelerometer,-7.7560163,-2.067393,5.3163247,1566947973803
29988,226,Gyroscope,-0.0421497,0.025045475,0.04520403,1566947973812
29989,226,Accelerometer,-7.850587400000001,-2.0709844,5.3259015,1566947973813
29990,226,Gyroscope,-0.025045475,0.020158553,0.02076942,1566947973822
29991,226,Accelerometer,-8.067263,-2.12246,5.297171,1566947973823
29992,226,Gyroscope,-0.01282817,0.016493361,0.002443461,1566947973832
29993,226,Accelerometer,-8.10557,-2.0290859,5.1571107000000005,1566947973833
29994,226,Gyroscope,-0.008552114,-0.009162978,-0.01282817,1566947973842
29995,226,Accelerometer,-8.012196000000001,-1.7908629,5.018246700000001,1566947973843
29996,226,Gyroscope,-0.01282817,-0.03604105,-0.02565634,1566947973852
29997,226,Accelerometer,-7.836222,-1.7010802999999999,5.0637364,1566947973853
29998,226,Gyroscope,-0.004276057,-0.06963864,-0.047036625,1566947973863
29999,226,Accelerometer,-7.762002000000001,-1.7513584999999998,5.306748000000001,1566947973863
30000,226,Gyroscope,0.01160644,-0.10445796,-0.07880162,1566947973872
30001,226,Accelerometer,-7.9092455,-1.8830396,5.45878,1566947973873
30002,226,Gyroscope,0.004886922,-0.10812314599999999,-0.10629055,1566947973882
30003,226,Accelerometer,-7.8829093,-1.9931729,5.4863133,1566947973883
30004,226,Gyroscope,-0.029932396,-0.069027774,-0.112399206,1566947973892
30005,226,Accelerometer,-7.739257,-2.1440077,5.461174,1566947973893
30006,226,Gyroscope,-0.037873644,-0.07513642,-0.11545353400000001,1566947973902
30007,226,Accelerometer,-7.4735007,-2.3056161,5.4312468,1566947973903
30008,226,Gyroscope,-0.022602014,-0.11178834,-0.12583824,1566947973912
30009,226,Accelerometer,-7.4950485,-2.4277205000000004,5.4551888,1566947973913
30010,226,Gyroscope,-0.009773844,-0.16310102,-0.15699236,1566947973923
30011,226,Accelerometer,-7.599196000000001,-2.4133554,5.4899044,1566947973923
30012,226,Gyroscope,-0.0012217305,-0.22479841,-0.18692477,1566947973932
30013,226,Accelerometer,-7.6470804,-2.1918917,5.6227827,1566947973933
30014,226,Gyroscope,-0.004886922,-0.24617869,-0.204029,1566947973942
30015,226,Accelerometer,-7.675811,-2.0374656000000004,5.9412117,1566947973943
30016,226,Gyroscope,-0.020158553,-0.24862215,-0.20341812,1566947973952
30017,226,Accelerometer,-7.716512,-1.9524715,6.1866174,1566947973953
30018,226,Gyroscope,-0.025045475,-0.23701571,-0.18570304,1566947973962
30019,226,Accelerometer,-7.605181699999999,-1.9512744,6.5337762999999995,1566947973963
30020,226,Gyroscope,-0.04520403,-0.16187929,-0.15577064,1566947973972
30021,226,Accelerometer,-7.4256167,-2.0231004,6.811503999999999,1566947973973
30022,226,Gyroscope,-0.08857546,-0.06536258,-0.119729586,1566947973982
30023,226,Accelerometer,-7.3897038,-2.1703438999999998,6.8569937,1566947973983
30024,226,Gyroscope,-0.14844026,0.044593163,-0.076358154,1566947973992
30025,226,Accelerometer,-7.468712299999999,-2.2888567,6.801927,1566947973993
30026,226,Gyroscope,-0.19486602,0.16065755,-0.029321532999999997,1566947974002
30027,226,Accelerometer,-7.4124484,-2.3546975,6.7516490000000005,1566947974003
30028,226,Gyroscope,-0.22113322,0.25473082,0.004276057,1566947974012
30029,226,Accelerometer,-7.301117999999999,-2.456451,6.457162,1566947974013
30030,226,Gyroscope,-0.22540927,0.312763,0.02565634,1566947974022
30031,226,Accelerometer,-7.27957,-2.6072857000000003,6.0525417,1566947974023
30032,226,Gyroscope,-0.21258110000000002,0.3286455,0.029321532999999997,1566947974032
30033,226,Accelerometer,-7.281964299999999,-2.6862943,5.6179943,1566947974034
30034,226,Gyroscope,-0.18142697,0.29871312,0.021380282999999996,1566947974042
30035,226,Accelerometer,-7.442375999999999,-2.6144682999999995,5.175066999999999,1566947974043
30036,226,Gyroscope,-0.14294247,0.25289822,0.007330383,1566947974052
30037,226,Accelerometer,-7.607576,-2.4301147000000003,4.8518495999999995,1566947974053
30038,226,Gyroscope,-0.11484267,0.21074851,-0.008552114,1566947974062
30039,226,Accelerometer,-7.7643960000000005,-2.267309,4.5884876,1566947974063
30040,226,Gyroscope,-0.09590584,0.14660765,-0.02443461,1566947974073
30041,226,Accelerometer,-7.831434,-2.2517467,4.5537715,1566947974073
30042,226,Gyroscope,-0.073303826,0.051923547,-0.040317107000000005,1566947974082
30043,226,Accelerometer,-7.78355,-2.5079262000000004,4.672284599999999,1566947974083
30044,226,Gyroscope,-0.05009095,-0.03359759,-0.045814894,1566947974092
30045,226,Accelerometer,-7.839813,-2.859874,4.841076,1566947974093
30046,226,Gyroscope,-0.032375857,-0.09590584,-0.040927973,1566947974102
30047,226,Accelerometer,-7.902063,-3.2118216,5.100847,1566947974103
30048,226,Gyroscope,-0.01160644,-0.12767084,-0.02321288,1566947974113
30049,226,Accelerometer,-8.164227499999999,-3.3411086,5.2516812999999996,1566947974113
30050,226,Gyroscope,0.0012217305,-0.1441642,0.018325957,1566947974122
30051,226,Accelerometer,-8.039729,-3.2573112999999996,5.2983685,1566947974123
30052,226,Gyroscope,-0.012217305,-0.105068825,0.04153884,1566947974132
30053,226,Accelerometer,-7.7811556,-3.1974563999999996,5.4911017,1566947974133
30054,226,Gyroscope,0.004276057,-0.07391469,0.047647487,1566947974142
30055,226,Accelerometer,-7.795521000000001,-3.3147724000000003,5.589264,1566947974143
30056,226,Gyroscope,0.010995574,-0.059864793,0.05375614,1566947974152
30057,226,Accelerometer,-7.522581599999999,-3.2345665,5.5725045,1566947974153
30058,226,Gyroscope,0.0036651915999999997,-0.052534412999999995,0.06352998,1566947974162
30059,226,Accelerometer,-7.232883500000001,-3.1040826,5.6431336,1566947974163
30060,226,Gyroscope,0.01038471,-0.061086524,0.06963864,1566947974172
30061,226,Accelerometer,-7.084442599999999,-3.003526,5.762843599999999,1566947974173
30062,226,Gyroscope,0.02321288,-0.057421334000000004,0.07696902,1566947974182
30063,226,Accelerometer,-6.837839999999999,-2.871845,5.901707,1566947974183
30064,226,Gyroscope,0.04886922,-0.06047566,0.08979719,1566947974192
30065,226,Accelerometer,-6.754042999999999,-2.8694507999999996,6.1219735,1566947974193
30066,226,Gyroscope,0.076358154,-0.057421334000000004,0.099571034,1566947974202
30067,226,Accelerometer,-6.824671700000001,-2.883816,6.25964,1566947974203
30068,226,Gyroscope,0.07696902,-0.03176499,0.11301007,1566947974212
30069,226,Accelerometer,-7.043741000000001,-2.6850972,6.1818290000000005,1566947974213
30070,226,Gyroscope,0.037873644,-0.014049901000000002,0.12461651,1566947974222
30071,226,Accelerometer,-7.1167645,-2.3906104999999997,6.069301,1566947974223
30072,226,Gyroscope,-0.012217305,0.009162978,0.12339478,1566947974232
30073,226,Accelerometer,-7.114370299999999,-2.2098482,6.105214,1566947974233
30074,226,Gyroscope,-0.05375614,0.040317107000000005,0.11362094,1566947974242
30075,226,Accelerometer,-7.0593038,-2.15957,6.0836663,1566947974243
30076,226,Gyroscope,-0.09285152,0.064751714,0.10262536,1566947974252
30077,226,Accelerometer,-7.013814,-2.098518,5.995081,1566947974253
30078,226,Gyroscope,-0.1160644,0.08796459400000001,0.08124508,1566947974262
30079,226,Accelerometer,-6.908469,-2.1799207000000003,5.9771247,1566947974263
30080,226,Gyroscope,-0.12889257,0.10629055,0.05131268,1566947974272
30081,226,Accelerometer,-7.043741000000001,-2.3774424,5.9244523000000004,1566947974273
30082,226,Gyroscope,-0.12889257,0.12522738,0.019547688,1566947974282
30083,226,Accelerometer,-7.1909847000000005,-2.6192567,5.8741736,1566947974283
30084,226,Gyroscope,-0.12705997,0.14355333,-0.0061086523,1566947974292
30085,226,Accelerometer,-7.4088573,-2.7437549999999997,5.755661,1566947974293
30086,226,Gyroscope,-0.13194689,0.15088372,-0.017104227,1566947974302
30087,226,Accelerometer,-7.5213847000000005,-2.8862102000000003,5.5545480000000005,1566947974303
30088,226,Gyroscope,-0.14844026,0.15821409,-0.02443461,1566947974312
30089,226,Accelerometer,-7.571663,-3.1136593999999995,5.422867,1566947974313
30090,226,Gyroscope,-0.13805555,0.12950343,-0.027488936000000002,1566947974322
30091,226,Accelerometer,-7.678205,-3.4261025999999997,5.4312468,1566947974323
30092,226,Gyroscope,-0.12217305,0.08674286,-0.018936822,1566947974332
30093,226,Accelerometer,-7.762002000000001,-3.5386300000000004,5.329493,1566947974333
30094,226,Gyroscope,-0.118507855,0.04642576,0.014049901000000002,1566947974342
30095,226,Accelerometer,-7.60997,-3.2968156000000004,5.2756233,1566947974343
30096,226,Gyroscope,-0.10567969,0.0067195175,0.022602014,1566947974352
30097,226,Accelerometer,-7.2867527,-3.1627405,5.3725886,1566947974353
30098,226,Gyroscope,-0.07941248,-0.029321532999999997,0.010995574,1566947974362
30099,226,Accelerometer,-7.2340803,-3.2381577,5.588066599999999,1566947974363
30100,226,Gyroscope,-0.06963864,-0.058643065,0.008552114,1566947974372
30101,226,Accelerometer,-7.384915400000001,-3.1004913,5.6179943,1566947974373
30102,226,Gyroscope,-0.09040806,-0.039095376,0.007330383,1566947974383
30103,226,Accelerometer,-7.2245035,-2.730587,5.5964465,1566947974383
30104,226,Gyroscope,-0.09468412,-0.017104227,0.004886922,1566947974392
30105,226,Accelerometer,-7.201759,-2.6731262000000005,5.614403,1566947974393
30106,226,Gyroscope,-0.08552113,-0.007941248,0.0030543262,1566947974402
30107,226,Accelerometer,-7.2101383000000006,-2.741361,5.6634839999999995,1566947974403
30108,226,Gyroscope,-0.07086037,-0.012217305,0.007941248,1566947974412
30109,226,Accelerometer,-7.2951326000000005,-2.8502972,5.671864,1566947974413
30110,226,Gyroscope,-0.062308256,-0.023823743999999997,0.01160644,1566947974422
30111,226,Accelerometer,-7.444770299999999,-2.847903,5.638344999999999,1566947974423
30112,226,Gyroscope,-0.06352998,-0.026267206,0.019547688,1566947974432
30113,226,Accelerometer,-7.363367599999999,-2.9017725,5.6802435,1566947974433
30114,226,Gyroscope,-0.0720821,-0.021991148999999998,0.03176499,1566947974442
30115,226,Accelerometer,-7.404069,-2.7940332999999997,5.7700260000000005,1566947974443
30116,226,Gyroscope,-0.08246681,-0.009773844,0.04520403,1566947974452
30117,226,Accelerometer,-7.371747,-2.6683377999999998,5.861006,1566947974453
30118,226,Gyroscope,-0.09712757,0.002443461,0.06536258,1566947974463
30119,226,Accelerometer,-7.381324,-2.5486276,5.8466406,1566947974463
30120,226,Gyroscope,-0.11484267,0.03176499,0.07819075,1566947974472
30121,226,Accelerometer,-7.3190745999999995,-2.4624363999999996,5.93762,1566947974473
30122,226,Gyroscope,-0.12156218,0.048258353,0.09285152,1566947974482
30123,226,Accelerometer,-7.4016747,-2.4361002,5.931635,1566947974483
30124,226,Gyroscope,-0.13072516,0.052534412999999995,0.10567969,1566947974492
30125,226,Accelerometer,-7.485471700000001,-2.4133554,5.8741736,1566947974494
30126,226,Gyroscope,-0.15088372,0.07086037,0.1282817,1566947974503
30127,226,Accelerometer,-7.4567413,-2.409764,5.7664347000000005,1566947974503
30128,226,Gyroscope,-0.16493362,0.08735373,0.14782938,1566947974512
30129,226,Accelerometer,-7.431602000000001,-2.4121582999999998,5.66947,1566947974513
30130,226,Gyroscope,-0.172264,0.1020145,0.15821409,1566947974522
30131,226,Accelerometer,-7.443573,-2.4588451,5.6227827,1566947974523
30132,226,Gyroscope,-0.172264,0.11728613,0.17592919,1566947974532
30133,226,Accelerometer,-7.428011,-2.5809495,5.6156,1566947974533
30134,226,Gyroscope,-0.16065755,0.124005646,0.19181168,1566947974542
30135,226,Accelerometer,-7.516596300000001,-2.5246856,5.8705826,1566947974543
30136,226,Gyroscope,-0.14477506,0.12644911,0.21197024,1566947974553
30137,226,Accelerometer,-7.493850999999999,-2.409764,5.979519,1566947974553
30138,226,Gyroscope,-0.13316862,0.15699236,0.22113322,1566947974562
30139,226,Accelerometer,-7.575253999999999,-2.2649147999999997,5.981913,1566947974563
30140,226,Gyroscope,-0.13561209,0.21746802,0.23823744,1566947974572
30141,226,Accelerometer,-7.702147,-2.1523874,5.7281275,1566947974573
30142,226,Gyroscope,-0.16371189,0.26145032,0.24373524,1566947974583
30143,226,Accelerometer,-7.7428484,-2.054225,5.488707499999999,1566947974583
30144,226,Gyroscope,-0.18081611,0.25411993,0.22357668,1566947974592
30145,226,Accelerometer,-7.835025,-1.9716251,5.407305,1566947974593
30146,226,Gyroscope,-0.1777618,0.23762658,0.19914207,1566947974602
30147,226,Accelerometer,-7.876923599999999,-1.8483237000000001,5.415684,1566947974603
30148,226,Gyroscope,-0.16676621,0.21624629,0.17531833,1566947974612
30149,226,Accelerometer,-7.929596000000001,-1.8459294999999998,5.407305,1566947974613
30150,226,Gyroscope,-0.14721853,0.17959438,0.14599679999999998,1566947974622
30151,226,Accelerometer,-7.955932000000001,-1.9405005000000002,5.3606176,1566947974623
30152,226,Gyroscope,-0.13133603,0.1423316,0.10934488,1566947974633
30153,226,Accelerometer,-7.969100500000001,-1.9967641999999999,5.2325277,1566947974633
30154,226,Gyroscope,-0.12339478,0.12583824,0.07941248,1566947974642
30155,226,Accelerometer,-7.905653999999999,-1.9764134999999998,5.133168,1566947974643
30156,226,Gyroscope,-0.12156218,0.08857546,0.052534412999999995,1566947974652
30157,226,Accelerometer,-7.890092,-1.9105729999999999,5.0613421999999995,1566947974653
30158,226,Gyroscope,-0.10934488,0.03726278,0.02443461,1566947974662
30159,226,Accelerometer,-7.844601600000001,-1.8650831,5.087678400000001,1566947974663
30160,226,Gyroscope,-0.09101892,0.0018325957999999999,0.0067195175,1566947974672
30161,226,Accelerometer,-7.911639699999999,-1.8854338,5.1379566,1566947974673
30162,226,Gyroscope,-0.06536258,-0.02687807,-0.007330383,1566947974682
30163,226,Accelerometer,-8.028955,-1.9464860000000002,5.209783,1566947974683
30164,226,Gyroscope,-0.04337143,-0.047647487,-0.014660766,1566947974692
30165,226,Accelerometer,-8.1079645,-2.0458453000000003,5.213374,1566947974693
30166,226,Gyroscope,-0.021380282999999996,-0.059864793,-0.01038471,1566947974702
30167,226,Accelerometer,-8.232463000000001,-2.1404164,5.2169657,1566947974703
30168,226,Gyroscope,-0.014049901000000002,-0.059864793,-0.002443461,1566947974712
30169,226,Accelerometer,-8.186973,-2.1068976000000004,5.1810527,1566947974713
30170,226,Gyroscope,-0.01282817,-0.04520403,0.005497787,1566947974722
30171,226,Accelerometer,-8.01459,-2.0278888,5.2540755,1566947974723
30172,226,Gyroscope,-0.0012217305,-0.04520403,-0.009773844,1566947974732
30173,226,Accelerometer,-8.038532,-2.1978772,5.323507299999999,1566947974733
30174,226,Gyroscope,0.01160644,-0.0580322,-0.02565634,1566947974742
30175,226,Accelerometer,-8.147469000000001,-2.2122424,5.297171,1566947974743
30176,226,Gyroscope,0.010995574,-0.08552113,-0.040317107000000005,1566947974752
30177,226,Accelerometer,-7.990648299999999,-1.8746599,5.273229,1566947974753
30178,226,Gyroscope,0.017104227,-0.10995574,-0.062308256,1566947974762
30179,226,Accelerometer,-7.799111999999999,-1.7633294999999998,5.3498434999999995,1566947974763
30180,226,Gyroscope,0.026267206,-0.14599679999999998,-0.09407325,1566947974773
30181,226,Accelerometer,-7.824250999999999,-1.7645266,5.3522377,1566947974773
30182,226,Gyroscope,0.030543262,-0.18936823,-0.1282817,1566947974782
30183,226,Accelerometer,-7.7703815,-1.6591818,5.3606176,1566947974783
30184,226,Gyroscope,0.028710667000000002,-0.19608775,-0.1563815,1566947974792
30185,226,Accelerometer,-7.644686,-1.6388310000000001,5.475539,1566947974793
30186,226,Gyroscope,0.030543262,-0.18387043,-0.18509217,1566947974803
30187,226,Accelerometer,-7.716512,-1.7429788,5.5545480000000005,1566947974803
30188,226,Gyroscope,0.01282817,-0.16676621,-0.2284636,1566947974812
30189,226,Accelerometer,-7.7368627000000005,-1.9440918000000003,5.731719,1566947974813
30190,226,Gyroscope,-0.007941248,-0.1386664,-0.24007004,1566947974822
30191,226,Accelerometer,-7.8577699999999995,-2.1404164,5.9292407,1566947974823
30192,226,Gyroscope,-0.037873644,-0.06658431,-0.23640485,1566947974833
30193,226,Accelerometer,-7.855376,-2.3044189999999998,6.0262055,1566947974833
30194,226,Gyroscope,-0.06597344599999999,-0.009162978,-0.21074851,1566947974842
30195,226,Accelerometer,-7.839813,-2.4372973,5.967548000000001,1566947974843
30196,226,Gyroscope,-0.08857546,0.009773844,-0.17531833,1566947974852
30197,226,Accelerometer,-7.8517847000000005,-2.6479871,5.8837504,1566947974853
30198,226,Gyroscope,-0.10140363,-0.0067195175,-0.13622294,1566947974862
30199,226,Accelerometer,-7.8649526,-2.7042507999999996,5.7939680000000005,1566947974863
30200,226,Gyroscope,-0.10995574,-0.04642576,-0.08552113,1566947974872
30201,226,Accelerometer,-7.754819400000001,-2.6515784,5.8238955,1566947974873
30202,226,Gyroscope,-0.12217305,-0.077579886,-0.03481932,1566947974882
30203,226,Accelerometer,-7.5764512999999996,-2.5139117000000004,5.959168,1566947974882
30204,226,Gyroscope,-0.12767084,-0.0842994,0.0067195175,1566947974892
30205,226,Accelerometer,-7.1981673,-2.493561,6.1507044,1566947974893
30206,226,Gyroscope,-0.12583824,-0.04642576,0.044593163,1566947974902
30207,226,Accelerometer,-6.9348054,-2.586935,6.369773400000001,1566947974903
30208,226,Gyroscope,-0.13133603,0.022602014,0.0842994,1566947974912
30209,226,Accelerometer,-6.860584700000001,-2.6252422,6.442796700000001,1566947974913
30210,226,Gyroscope,-0.13194689,0.10995574,0.12095132,1566947974923
30211,226,Accelerometer,-6.8067155,-2.540248,6.393716,1566947974923
30212,226,Gyroscope,-0.12950343,0.19058995,0.14538592,1566947974932
30213,226,Accelerometer,-6.805517999999999,-2.3762453,6.2392898,1566947974933
30214,226,Gyroscope,-0.124005646,0.23823744,0.14782938,1566947974942
30215,226,Accelerometer,-6.920439999999999,-2.2158337,5.9292407,1566947974943
30216,226,Gyroscope,-0.12583824,0.2510656,0.13561209,1566947974953
30217,226,Accelerometer,-7.0209966,-2.1176715,5.5760955999999995,1566947974953
30218,226,Gyroscope,-0.12705997,0.23579398,0.10995574,1566947974962
30219,226,Accelerometer,-7.189788,-2.055422,5.278017500000001,1566947974963
30220,226,Gyroscope,-0.10873401,0.20708331,0.070249505,1566947974972
30221,226,Accelerometer,-7.338228,-2.1571757999999996,5.129576999999999,1566947974973
30222,226,Gyroscope,-0.089186326,0.14905111,0.034208454,1566947974982
30223,226,Accelerometer,-7.7201033,-2.2457612,4.9428296,1566947974983
30224,226,Gyroscope,-0.08124508,0.092240654,0.010995574,1566947974992
30225,226,Accelerometer,-7.9068513,-2.3379380000000003,4.831499,1566947974993
30226,226,Gyroscope,-0.07880162,0.047036625,0.010995574,1566947975002
30227,226,Accelerometer,-8.038532,-2.7629087,4.829105,1566947975003
30228,226,Gyroscope,-0.07513642,-0.002443461,0.00061086525,1566947975013
30229,226,Accelerometer,-8.006210000000001,-2.9460652,5.011064,1566947975013
30230,226,Gyroscope,-0.07147124,-0.047647487,0.01282817,1566947975022
30231,226,Accelerometer,-7.9607205,-3.0825348,5.16549,1566947975023
30232,226,Gyroscope,-0.06169739,-0.08368854,0.02687807,1566947975033
30233,226,Accelerometer,-7.911639699999999,-3.0813377,5.2636523,1566947975033
30234,226,Gyroscope,-0.05497787,-0.096516706,0.06597344599999999,1566947975042
30235,226,Accelerometer,-7.559692,-2.9005754,5.397728,1566947975043
30236,226,Gyroscope,-0.032986722999999996,-0.11301007,0.08124508,1566947975052
30237,226,Accelerometer,-7.4028716,-2.7437549999999997,5.613206,1566947975053
30238,226,Gyroscope,-0.009162978,-0.10873401,0.08002335,1566947975063
30239,226,Accelerometer,-7.186196300000001,-2.6156653999999997,5.8334722999999995,1566947975063
30240,226,Gyroscope,0.0067195175,-0.07574729,0.06169739,1566947975072
30241,226,Accelerometer,-7.2125325,-2.6324248,5.949591000000001,1566947975073
30242,226,Gyroscope,0.009773844,-0.053145275,0.03726278,1566947975082
30243,226,Accelerometer,-7.315483,-2.5570072999999995,5.9400144,1566947975083
30244,226,Gyroscope,-0.01282817,-0.015882496,0.021380282999999996,1566947975092
30245,226,Accelerometer,-7.323863,-2.4947581000000003,5.772420400000001,1566947975093
30246,226,Gyroscope,-0.025045475,0.0018325957999999999,0.010995574,1566947975102
30247,226,Accelerometer,-7.430405,-2.6252422,5.8083334,1566947975103
30248,226,Gyroscope,-0.009162978,-0.004276057,-0.008552114,1566947975112
30249,226,Accelerometer,-7.6219410000000005,-2.9245174,5.8454432,1566947975113
30250,226,Gyroscope,0.017104227,-0.02321288,-0.014049901000000002,1566947975122
30251,226,Accelerometer,-8.045714,-3.122039,5.687426,1566947975123
30252,226,Gyroscope,0.007941248,-0.025045475,0.014660766,1566947975132
30253,226,Accelerometer,-7.917625,-2.8275523,5.568912999999999,1566947975133
30254,226,Gyroscope,-0.025045475,-0.013439035,0.049480084,1566947975142
30255,226,Accelerometer,-7.466317999999999,-2.645593,5.619191000000001,1566947975143
30256,226,Gyroscope,-0.040317107000000005,-0.014049901000000002,0.06658431,1566947975152
30257,226,Accelerometer,-7.325060000000001,-2.670732,5.7616463,1566947975153
30258,226,Gyroscope,-0.045814894,-0.005497787,0.081855945,1566947975162
30259,226,Accelerometer,-7.2424603,-2.5318682,5.8107276,1566947975163
30260,226,Gyroscope,-0.061086524,-0.0036651915999999997,0.09162979,1566947975172
30261,226,Accelerometer,-7.155071700000001,-2.3391352000000003,5.861006,1566947975173
30262,226,Gyroscope,-0.08368854,0.015882496,0.077579886,1566947975183
30263,226,Accelerometer,-7.114370299999999,-2.2840683,5.9124813,1566947975183
30264,226,Gyroscope,-0.106901415,0.036651913,0.04276056599999999,1566947975192
30265,226,Accelerometer,-7.240066000000001,-2.2385786,5.942408599999999,1566947975193
30266,226,Gyroscope,-0.12461651,0.04886922,0.009773844,1566947975202
30267,226,Accelerometer,-7.315483,-2.2493525,6.015432,1566947975203
30268,226,Gyroscope,-0.14110987,0.08552113,-0.012217305,1566947975213
30269,226,Accelerometer,-7.289147,-2.4253263,6.005855,1566947975213
30270,226,Gyroscope,-0.14477506,0.10751228,-0.021991148999999998,1566947975222
30271,226,Accelerometer,-7.350199000000001,-2.7042507999999996,5.947197,1566947975223
30272,226,Gyroscope,-0.14110987,0.11484267,-0.015882496,1566947975232
30273,226,Accelerometer,-7.422025,-2.9041667,5.911283999999999,1566947975233
30274,226,Gyroscope,-0.14049901,0.12278391400000001,0.004886922,1566947975242
30275,226,Accelerometer,-7.387309599999999,-3.0322563999999996,5.853823,1566947975243
30276,226,Gyroscope,-0.15210545,0.14110987,0.03848451,1566947975253
30277,226,Accelerometer,-7.2460512999999995,-3.0382418999999996,5.777209,1566947975253
30278,226,Gyroscope,-0.15882497,0.14966199,0.06719518,1566947975262
30279,226,Accelerometer,-7.089231,-3.0777464,5.723339,1566947975263
30280,226,Gyroscope,-0.15577064,0.13744467,0.08246681,1566947975272
30281,226,Accelerometer,-7.097611,-3.2034418999999996,5.7017913,1566947975273
30282,226,Gyroscope,-0.15760323,0.11362094,0.08857546,1566947975283
30283,226,Accelerometer,-7.1431007,-3.1639376,5.5737014,1566947975283
30284,226,Gyroscope,-0.17409660000000002,0.0983493,0.10140363,1566947975292
30285,226,Accelerometer,-7.1047934999999995,-2.9532477999999998,5.4360349999999995,1566947975293
30286,226,Gyroscope,-0.17715092,0.08796459400000001,0.10445796,1566947975302
30287,226,Accelerometer,-7.017405,-2.6767175,5.427655000000001,1566947975303
30288,226,Gyroscope,-0.15271631,0.08979719,0.09407325,1566947975312
30289,226,Accelerometer,-6.824671700000001,-2.670732,5.5545480000000005,1566947975313
30290,226,Gyroscope,-0.11545353400000001,0.095294975,0.064751714,1566947975322
30291,226,Accelerometer,-6.8569937,-2.7964275,5.722142,1566947975323
30292,226,Gyroscope,-0.084910266,0.095294975,0.039095376,1566947975332
30293,226,Accelerometer,-7.189788,-3.0334535,5.7939680000000005,1566947975333
30294,226,Gyroscope,-0.089186326,0.12034045,0.025045475,1566947975342
30295,226,Accelerometer,-7.479486,-3.1280246,5.7005944,1566947975343
30296,226,Gyroscope,-0.1282817,0.16310102,0.01038471,1566947975352
30297,226,Accelerometer,-7.726089,-3.1471782000000004,5.531803,1566947975353
30298,226,Gyroscope,-0.16126843,0.17287487,0.014049901000000002,1566947975362
30299,226,Accelerometer,-7.844601600000001,-3.2704793999999997,5.3378725,1566947975363
30300,226,Gyroscope,-0.17531833,0.16982053,0.039095376,1566947975372
30301,226,Accelerometer,-7.728483,-3.4189199999999995,5.222951,1566947975373
30302,226,Gyroscope,-0.16676621,0.14538592,0.086132,1566947975383
30303,226,Accelerometer,-7.643489,-3.369839,5.0960584,1566947975383
30304,226,Gyroscope,-0.14172074,0.09285152,0.12583824,1566947975392
30305,226,Accelerometer,-7.477092,-3.2597055,5.060145400000001,1566947975393
30306,226,Gyroscope,-0.11301007,0.0421497,0.15760323,1566947975402
30307,226,Accelerometer,-7.229292,-3.0334535,5.2804117,1566947975403
30308,226,Gyroscope,-0.0842994,0.03481932,0.19120082,1566947975412
30309,226,Accelerometer,-7.074866,-2.693477,5.5964465,1566947975413
30310,226,Gyroscope,-0.073303826,0.0580322,0.21624629,1566947975422
30311,226,Accelerometer,-7.2963295,-2.3942018,5.7963624000000005,1566947975423
30312,226,Gyroscope,-0.08552113,0.08552113,0.23151793,1566947975432
30313,226,Accelerometer,-7.5333557,-2.2134395000000002,5.8262897,1566947975433
30314,226,Gyroscope,-0.09773844,0.1160644,0.22357668,1566947975443
30315,226,Accelerometer,-7.759608,-2.1033063,5.8705826,1566947975443
30316,226,Gyroscope,-0.10812314599999999,0.16126843,0.20830505,1566947975452
30317,226,Accelerometer,-8.167819,-1.9572599,5.837064,1566947975454
30318,226,Gyroscope,-0.118507855,0.20891592,0.17959438,1566947975462
30319,226,Accelerometer,-8.271967,-1.9249381999999997,5.7784057,1566947975463
30320,226,Gyroscope,-0.12278391400000001,0.24740042,0.1282817,1566947975472
30321,226,Accelerometer,-8.379706,-1.9165584999999998,5.726930599999999,1566947975473
30322,226,Gyroscope,-0.11301007,0.28099802,0.03726278,1566947975482
30323,226,Accelerometer,-8.494628,-1.8950106,5.580883999999999,1566947975484
30324,226,Gyroscope,-0.096516706,0.2742785,-0.016493361,1566947975494
30325,226,Accelerometer,-8.453926,-1.8854338,5.4049106,1566947975495
30326,226,Gyroscope,-0.10629055,0.25473082,-0.051923547,1566947975502
30327,226,Accelerometer,-8.26239,-1.9464860000000002,5.3127337,1566947975503
30328,226,Gyroscope,-0.1160644,0.226631,-0.07574729,1566947975512
30329,226,Accelerometer,-8.021772,-2.1188686000000003,5.21098,1566947975513
30330,226,Gyroscope,-0.12889257,0.18387043,-0.08063421400000001,1566947975522
30331,226,Accelerometer,-7.8170686,-2.3104044999999998,5.090072599999999,1566947975523
30332,226,Gyroscope,-0.13683382,0.1423316,-0.07452556,1566947975533
30333,226,Accelerometer,-7.660248299999999,-2.4121582999999998,5.073313,1566947975533
30334,226,Gyroscope,-0.12705997,0.10445796,-0.062308256,1566947975542
30335,226,Accelerometer,-7.608772999999999,-2.445677,5.1439424,1566947975543
30336,226,Gyroscope,-0.099571034,0.08674286,-0.051923547,1566947975552
30337,226,Accelerometer,-7.539341,-2.421735,5.2181625,1566947975553
30338,226,Gyroscope,-0.06169739,0.07269296,-0.049480084,1566947975562
30339,226,Accelerometer,-7.520187400000001,-2.4983494,5.2504845,1566947975563
30340,226,Gyroscope,-0.017715093,0.05375614,-0.043982297000000004,1566947975572
30341,226,Accelerometer,-7.6746134999999995,-2.5462333999999998,5.213374,1566947975573
30342,226,Gyroscope,0.015271631,0.025045475,-0.035430185,1566947975582
30343,226,Accelerometer,-7.8972745,-2.4528596,5.1223946,1566947975583
30344,226,Gyroscope,0.02321288,0.014660766,-0.02443461,1566947975592
30345,226,Accelerometer,-8.046911999999999,-2.2864625,4.9895163,1566947975593
30346,226,Gyroscope,0.01282817,0.020158553,-0.016493361,1566947975603
30347,226,Accelerometer,-8.039729,-2.1260512,4.983531,1566947975603
30348,226,Gyroscope,0.009773844,0.035430185,-0.022602014,1566947975612
30349,226,Accelerometer,-8.055291,-2.1787236,5.094861,1566947975613
30350,226,Gyroscope,0.027488936000000002,0.02687807,-0.043982297000000004,1566947975622
30351,226,Accelerometer,-8.234857,-2.31639,5.094861,1566947975623
30352,226,Gyroscope,0.045814894,-0.0018325957999999999,-0.06291912,1566947975632
30353,226,Accelerometer,-8.305486,-2.2780828,5.046977,1566947975633
30354,226,Gyroscope,0.05681047,-0.021380282999999996,-0.07513642,1566947975643
30355,226,Accelerometer,-8.178593,-2.067393,5.0517654,1566947975643
30356,226,Gyroscope,0.06597344599999999,-0.044593163,-0.092240654,1566947975652
30357,226,Accelerometer,-7.809886,-1.9237411,5.260061299999999,1566947975653
30358,226,Gyroscope,0.07819075,-0.07147124,-0.11484267,1566947975662
30359,226,Accelerometer,-7.809886,-1.9237411,5.260061299999999,1566947975664
30360,226,Gyroscope,0.081855945,-0.1020145,-0.1386664,1566947975672
30361,226,Accelerometer,-7.7201033,-1.8842366999999998,5.3330839999999995,1566947975673
30362,226,Gyroscope,0.07941248,-0.13683382,-0.15271631,1566947975682
30363,226,Accelerometer,-7.681796,-1.8555063000000003,5.346252400000001,1566947975682
30364,226,Gyroscope,0.070249505,-0.17165314,-0.16493362,1566947975693
30365,226,Accelerometer,-7.5884222999999995,-1.7310078000000002,5.427655000000001,1566947975693
30366,226,Gyroscope,0.059253927000000005,-0.18753563,-0.18325958,1566947975702
30367,226,Accelerometer,-7.513005000000001,-1.7322049,5.5401826,1566947975703
30368,226,Gyroscope,0.052534412999999995,-0.18203785,-0.19120082,1566947975712
30369,226,Accelerometer,-7.477092,-1.8818424999999999,5.673061,1566947975713
30370,226,Gyroscope,0.045814894,-0.15943582,-0.20036379999999998,1566947975722
30371,226,Accelerometer,-7.4351935,-2.0578163000000003,5.7257333,1566947975723
30372,226,Gyroscope,0.045814894,-0.13927728,-0.19364429,1566947975732
30373,226,Accelerometer,-7.553706,-2.1894975,5.710171,1566947975733
30374,226,Gyroscope,0.043982297000000004,-0.11789699,-0.1826487,1566947975742
30375,226,Accelerometer,-7.5764512999999996,-2.327164,5.753267,1566947975743
30376,226,Gyroscope,0.034208454,-0.09101892,-0.172264,1566947975752
30377,226,Accelerometer,-7.6027875,-2.3834279,5.7257333,1566947975753
30378,226,Gyroscope,0.015271631,-0.07391469,-0.15882497,1566947975762
30379,226,Accelerometer,-7.544129400000001,-2.4181437000000003,5.699397,1566947975763
30380,226,Gyroscope,-0.004276057,-0.059253927000000005,-0.1386664,1566947975772
30381,226,Accelerometer,-7.4603324,-2.5007436000000003,5.699397,1566947975773
30382,226,Gyroscope,-0.018325957,-0.064751714,-0.11178834,1566947975783
30383,226,Accelerometer,-7.329848299999999,-2.5151088,5.6467247,1566947975783
30384,226,Gyroscope,-0.025045475,-0.08124508,-0.08735373,1566947975792
30385,226,Accelerometer,-7.207744,-2.516306,5.707777,1566947975793
30386,226,Gyroscope,-0.026267206,-0.08368854,-0.058643065,1566947975802
30387,226,Accelerometer,-7.141903999999999,-2.4660277,5.819107,1566947975803
30388,226,Gyroscope,-0.030543262,-0.07574729,-0.029932396,1566947975812
30389,226,Accelerometer,-7.064092,-2.4037786,5.9124813,1566947975813
30390,226,Gyroscope,-0.032986722999999996,-0.07880162,-0.0012217305,1566947975823
30391,226,Accelerometer,-7.046135400000001,-2.3511062000000003,6.0166287,1566947975823
30392,226,Gyroscope,-0.040317107000000005,-0.076358154,0.025045475,1566947975832
30393,226,Accelerometer,-7.055712,-2.3379380000000003,6.075287,1566947975833
30394,226,Gyroscope,-0.059864793,-0.052534412999999995,0.054367005999999996,1566947975842
30395,226,Accelerometer,-7.0880339999999995,-2.421735,6.0525417,1566947975843
30396,226,Gyroscope,-0.06963864,-0.009162978,0.077579886,1566947975852
30397,226,Accelerometer,-7.208941499999999,-2.5270798,6.0621184999999995,1566947975853
30398,226,Gyroscope,-0.07696902,0.043982297000000004,0.09285152,1566947975863
30399,226,Accelerometer,-7.313089,-2.5079262000000004,6.029797,1566947975863
30400,226,Gyroscope,-0.089186326,0.1020145,0.09773844,1566947975872
30401,226,Accelerometer,-7.489063000000001,-2.5079262000000004,5.9448028,1566947975873
30402,226,Gyroscope,-0.10262536,0.15332718,0.08796459400000001,1566947975882
30403,226,Accelerometer,-7.544129400000001,-2.4756044999999998,5.8023477,1566947975883
30404,226,Gyroscope,-0.1142318,0.18570304,0.07391469,1566947975892
30405,226,Accelerometer,-7.53575,-2.4157495,5.6108117,1566947975893
30406,226,Gyroscope,-0.12278391400000001,0.20219639,0.04520403,1566947975903
30407,226,Accelerometer,-7.60997,-2.3906104999999997,5.506664,1566947975903
30408,226,Gyroscope,-0.12095132,0.20280726,0.0067195175,1566947975912
30409,226,Accelerometer,-7.785944000000001,-2.4468741,5.408501599999999,1566947975913
30410,226,Gyroscope,-0.11728613,0.19242255,-0.01160644,1566947975922
30411,226,Accelerometer,-8.020576,-2.6024973,5.019444,1566947975923
30412,226,Gyroscope,-0.12644911,0.16676621,-0.012217305,1566947975932
30413,226,Accelerometer,-7.703344,-2.6060886,4.97156,1566947975933
30414,226,Gyroscope,-0.119729586,0.119729586,-0.005497787,1566947975942
30415,226,Accelerometer,-7.4507556,-2.859874,5.044583,1566947975943
30416,226,Gyroscope,-0.08063421400000001,0.06719518,0.005497787,1566947975953
30417,226,Accelerometer,-7.398083,-3.0382418999999996,5.103241000000001,1566947975953
30418,226,Gyroscope,-0.020158553,-0.03359759,0.026267206,1566947975962
30419,226,Accelerometer,-7.374141000000001,-3.0358477,5.1259856,1566947975963
30420,226,Gyroscope,-0.0061086523,-0.06841691,0.040317107000000005,1566947975972
30421,226,Accelerometer,-7.4016747,-2.8083985,5.2061915,1566947975973
30422,226,Gyroscope,-0.004276057,-0.07269296,0.03359759,1566947975982
30423,226,Accelerometer,-7.4268136,-2.6156653999999997,5.343858200000001,1566947975983
30424,226,Gyroscope,-0.005497787,-0.050701816,0.012217305,1566947975992
30425,226,Accelerometer,-7.428011,-2.5689783,5.518635,1566947975993
30426,226,Gyroscope,0.0012217305,-0.035430185,-0.014049901000000002,1566947976002
30427,226,Accelerometer,-7.6171527,-2.64679,5.681441,1566947976003
30428,226,Gyroscope,0.016493361,-0.02321288,-0.040927973,1566947976012
30429,226,Accelerometer,-7.81228,-2.7281928,5.7281275,1566947976013
30430,226,Gyroscope,0.023823743999999997,-0.015882496,-0.05681047,1566947976022
30431,226,Accelerometer,-7.8876976999999995,-2.693477,5.6634839999999995,1566947976023
30432,226,Gyroscope,0.015271631,-0.0061086523,-0.06047566,1566947976032
30433,226,Accelerometer,-7.890092,-2.6635494,5.54138,1566947976033
30434,226,Gyroscope,0.01282817,-0.0061086523,-0.057421334000000004,1566947976042
30435,226,Accelerometer,-7.7931266,-2.6850972,5.437232,1566947976043
30436,226,Gyroscope,0.014660766,-0.009162978,-0.050701816,1566947976052
30437,226,Accelerometer,-7.6410947,-2.72939,5.474342299999999,1566947976053
30438,226,Gyroscope,0.026267206,-0.02321288,-0.04642576,1566947976063
30439,226,Accelerometer,-7.682993400000001,-2.7437549999999997,5.513846400000001,1566947976063
30440,226,Gyroscope,0.02565634,-0.029932396,-0.039095376,1566947976072
30441,226,Accelerometer,-7.7153149999999995,-2.6360161,5.5389857000000005,1566947976073
30442,226,Gyroscope,0.009773844,-0.029321532999999997,-0.032375857,1566947976082
30443,226,Accelerometer,-7.678205,-2.5342624,5.600037599999999,1566947976083
30444,226,Gyroscope,-0.01282817,-0.028099801,-0.03726278,1566947976092
30445,226,Accelerometer,-7.6889787,-2.5246856,5.710171,1566947976093
30446,226,Gyroscope,-0.027488936000000002,-0.017715093,-0.051923547,1566947976102
30447,226,Accelerometer,-7.7093296,-2.5821466,5.7736173,1566947976103
30448,226,Gyroscope,-0.03604105,-0.00061086525,-0.064751714,1566947976113
30449,226,Accelerometer,-7.745242599999999,-2.5833437000000004,5.8119245,1566947976113
30450,226,Gyroscope,-0.039095376,0.018325957,-0.07452556,1566947976122
30451,226,Accelerometer,-7.7248917,-2.552219,5.7843914000000005,1566947976123
30452,226,Gyroscope,-0.044593163,0.03726278,-0.077579886,1566947976132
30453,226,Accelerometer,-7.666233999999999,-2.5450362999999996,5.7544637000000005,1566947976133
30454,226,Gyroscope,-0.04276056599999999,0.047647487,-0.073303826,1566947976142
30455,226,Accelerometer,-7.568071400000001,-2.5833437000000004,5.6826377,1566947976143
30456,226,Gyroscope,-0.044593163,0.054367005999999996,-0.06291912,1566947976152
30457,226,Accelerometer,-7.431602000000001,-2.5725696,5.639542,1566947976153
30458,226,Gyroscope,-0.052534412999999995,0.052534412999999995,-0.05131268,1566947976162
30459,226,Accelerometer,-7.314286,-2.4851813,5.5820813,1566947976163
30460,226,Gyroscope,-0.06291912,0.054367005999999996,-0.04276056599999999,1566947976172
30461,226,Accelerometer,-7.176619500000001,-2.349909,5.523423,1566947976173
30462,226,Gyroscope,-0.07819075,0.05375614,-0.040927973,1566947976182
30463,226,Accelerometer,-7.038953,-2.3582888,5.542577,1566947976183
30464,226,Gyroscope,-0.07269296,0.05009095,-0.047036625,1566947976192
30465,226,Accelerometer,-7.076063,-2.4432828,5.650316,1566947976193
30466,226,Gyroscope,-0.062308256,0.04886922,-0.052534412999999995,1566947976203
30467,226,Accelerometer,-7.2460512999999995,-2.5677812,5.74369,1566947976203
30468,226,Gyroscope,-0.05681047,0.05497787,-0.052534412999999995,1566947976212
30469,226,Accelerometer,-7.381324,-2.670732,5.762843599999999,1566947976213
30470,226,Gyroscope,-0.056199603,0.061086524,-0.045814894,1566947976222
30471,226,Accelerometer,-7.5429325,-2.731784,5.722142,1566947976223
30472,226,Gyroscope,-0.059253927000000005,0.06414085,-0.03848451,1566947976232
30473,226,Accelerometer,-7.6375036,-2.7641058,5.6407394,1566947976233
30474,226,Gyroscope,-0.054367005999999996,0.06658431,-0.029321532999999997,1566947976243
30475,226,Accelerometer,-7.6027875,-2.7832594,5.608417500000001,1566947976243
30476,226,Gyroscope,-0.045814894,0.069027774,-0.017715093,1566947976252
30477,226,Accelerometer,-7.553706,-2.7940332999999997,5.566519,1566947976253
30478,226,Gyroscope,-0.03604105,0.05131268,-0.018936822,1566947976262
30479,226,Accelerometer,-7.4327993,-2.7473464,5.5748987,1566947976263
30480,226,Gyroscope,-0.030543262,0.03970624,-0.025045475,1566947976272
30481,226,Accelerometer,-7.4351935,-2.80361,5.635950599999999,1566947976273
30482,226,Gyroscope,-0.040927973,0.045814894,-0.030543262,1566947976282
30483,226,Accelerometer,-7.350199000000001,-2.741361,5.571307,1566947976283
30484,226,Gyroscope,-0.053145275,0.054367005999999996,-0.03726278,1566947976292
30485,226,Accelerometer,-7.2221093,-2.7257986,5.530606,1566947976293
30486,226,Gyroscope,-0.051923547,0.04642576,-0.044593163,1566947976302
30487,226,Accelerometer,-7.2209125,-2.8574797999999997,5.5018754,1566947976303
30488,226,Gyroscope,-0.052534412999999995,0.04153884,-0.043982297000000004,1566947976312
30489,226,Accelerometer,-7.168239999999999,-2.9556419999999997,5.430049400000001,1566947976313
30490,226,Gyroscope,-0.05131268,0.058643065,-0.047036625,1566947976322
30491,226,Accelerometer,-7.009025599999999,-3.0370448,5.398925,1566947976323
30492,226,Gyroscope,-0.03726278,0.089186326,-0.05375614,1566947976332
30493,226,Accelerometer,-6.9144545,-3.1962593,5.449203,1566947976333
30494,226,Gyroscope,-0.01160644,0.10018189999999999,-0.07147124,1566947976342
30495,226,Accelerometer,-7.022193400000001,-3.371036,5.444414599999999,1566947976343
30496,226,Gyroscope,0.0012217305,0.089186326,-0.08552113,1566947976353
30497,226,Accelerometer,-7.131129700000001,-3.4440591,5.389348,1566947976353
30498,226,Gyroscope,0.0018325957999999999,0.051923547,-0.08857546,1566947976362
30499,226,Accelerometer,-7.3178773,-3.3806129,5.386954,1566947976363
30500,226,Gyroscope,0.0067195175,-0.0061086523,-0.08063421400000001,1566947976372
30501,226,Accelerometer,-7.468712299999999,-3.156755,5.4683566,1566947976373
30502,226,Gyroscope,0.015882496,-0.06780604,-0.06414085,1566947976382
30503,226,Accelerometer,-7.417236999999999,-2.7377696,5.695806,1566947976383
30504,226,Gyroscope,0.018325957,-0.10079276599999999,-0.05375614,1566947976392
30505,226,Accelerometer,-7.302314999999999,-2.7461493,5.6982,1566947976393
30506,226,Gyroscope,0.005497787,-0.10140363,-0.03848451,1566947976403
30507,226,Accelerometer,-7.1981673,-2.8909986,5.756858,1566947976403
30508,226,Gyroscope,-0.018936822,-0.08307768,-0.03359759,1566947976412
30509,226,Accelerometer,-7.134721300000001,-3.0262709,5.9388175,1566947976413
30510,226,Gyroscope,-0.030543262,-0.04153884,-0.04276056599999999,1566947976422
30511,226,Accelerometer,-6.9862804,-3.1352072,6.144718599999999,1566947976423
30512,226,Gyroscope,-0.03359759,0.009773844,-0.059253927000000005,1566947976432
30513,226,Accelerometer,-6.944382000000001,-3.2393548,6.1973910000000005,1566947976433
30514,226,Gyroscope,-0.036651913,0.06780604,-0.07574729,1566947976442
30515,226,Accelerometer,-6.9252286,-3.3028011,6.1100025,1566947976443
30516,226,Gyroscope,-0.047036625,0.13133603,-0.092240654,1566947976452
30517,226,Accelerometer,-6.9731125999999986,-3.2860417,6.008249299999999,1566947976453
30518,226,Gyroscope,-0.061086524,0.17287487,-0.10079276599999999,1566947976462
30519,226,Accelerometer,-7.037756,-3.2273839,5.942408599999999,1566947976463
30520,226,Gyroscope,-0.055588737,0.18936823,-0.10629055,1566947976472
30521,226,Accelerometer,-7.138312299999999,-3.2800562000000006,5.9160724,1566947976473
30522,226,Gyroscope,-0.03726278,0.19058995,-0.1020145,1566947976482
30523,226,Accelerometer,-7.27957,-3.369839,5.8478374,1566947976483
30524,226,Gyroscope,-0.021380282999999996,0.18020524,-0.10079276599999999,1566947976492
30525,226,Accelerometer,-7.3178773,-3.5194763999999994,5.6886234,1566947976493
30526,226,Gyroscope,-0.023823743999999997,0.15943582,-0.10323623,1566947976502
30527,226,Accelerometer,-7.407660000000001,-3.630807,5.5329999999999995,1566947976503
30528,226,Gyroscope,-0.043982297000000004,0.14721853,-0.105068825,1566947976512
30529,226,Accelerometer,-7.396886299999999,-3.7229836000000005,5.434838,1566947976513
30530,226,Gyroscope,-0.07452556,0.14660765,-0.1020145,1566947976522
30531,226,Accelerometer,-7.3418193,-3.8738184,5.42167,1566947976523
30532,226,Gyroscope,-0.09162979,0.15821409,-0.08979719,1566947976532
30533,226,Accelerometer,-7.2592196,-3.9983168,5.4922986,1566947976533
30534,226,Gyroscope,-0.08307768,0.17104226,-0.07269296,1566947976543
30535,226,Accelerometer,-7.111975999999999,-4.092887999999999,5.5581393,1566947976543
30536,226,Gyroscope,-0.0580322,0.17959438,-0.053145275,1566947976552
30537,226,Accelerometer,-7.0030399999999995,-4.128801,5.589264,1566947976553
30538,226,Gyroscope,-0.013439035,0.17104226,-0.031154128,1566947976562
30539,226,Accelerometer,-7.049727000000001,-4.0761285,5.5497594,1566947976563
30540,226,Gyroscope,0.028710667000000002,0.16065755,-0.014049901000000002,1566947976572
30541,226,Accelerometer,-6.906075,-4.0330330000000005,5.5377884,1566947976573
30542,226,Gyroscope,0.07269296,0.15271631,0.0061086523,1566947976582
30543,226,Accelerometer,-7.2580222999999995,-3.8905778,5.4061074,1566947976583
30544,226,Gyroscope,0.10873401,0.124005646,0.02076942,1566947976593
30545,226,Accelerometer,-7.3202715,-3.7205894,5.379771,1566947976593
30546,226,Gyroscope,0.13561209,0.08796459400000001,0.023823743999999997,1566947976602
30547,226,Accelerometer,-7.505822,-3.5924997000000003,5.3713913,1566947976603
30548,226,Gyroscope,0.15088372,0.06352998,0.017715093,1566947976612
30549,226,Accelerometer,-7.442375999999999,-3.5362358,5.4911017,1566947976613
30550,226,Gyroscope,0.15393804,0.06780604,0.015271631,1566947976622
30551,226,Accelerometer,-7.581239699999999,-3.3387144,5.535394,1566947976623
30552,226,Gyroscope,0.15760323,0.06047566,-0.015271631,1566947976632
30553,226,Accelerometer,-7.4507556,-3.2225955,5.6922144999999995,1566947976633
30554,226,Gyroscope,0.15882497,0.06414085,-0.06719518,1566947976643
30555,226,Accelerometer,-7.386112,-3.156755,5.804742,1566947976643
30556,226,Gyroscope,0.16249016,0.06963864,-0.103847094,1566947976652
30557,226,Accelerometer,-7.315483,-3.1028854999999997,5.907693,1566947976653
30558,226,Gyroscope,0.17715092,0.08857546,-0.1423316,1566947976662
30559,226,Accelerometer,-7.20535,-3.0657754,5.979519,1566947976663
30560,226,Gyroscope,0.19730948,0.10567969,-0.1777618,1566947976672
30561,226,Accelerometer,-7.155071700000001,-3.063381,5.978321599999999,1566947976673
30562,226,Gyroscope,0.22113322,0.1142318,-0.20341812,1566947976682
30563,226,Accelerometer,-7.131129700000001,-3.122039,5.907693,1566947976683
30564,226,Gyroscope,0.24373524,0.1282817,-0.22296582,1566947976692
30565,226,Accelerometer,-7.1514807000000005,-3.2225955,5.8669910000000005,1566947976693
30566,226,Gyroscope,0.26511553,0.13622294,-0.23518312,1566947976703
30567,226,Accelerometer,-7.1885905,-3.3351230000000003,5.807136,1566947976703
30568,226,Gyroscope,0.28344148,0.14477506,-0.24068089999999998,1566947976712
30569,226,Accelerometer,-7.1969705,-3.4452562000000007,5.785588300000001,1566947976713
30570,226,Gyroscope,0.29749137,0.15332718,-0.24373524,1566947976722
30571,226,Accelerometer,-7.2352777,-3.4715924,5.7125654,1566947976723
30572,226,Gyroscope,0.3145956,0.1563815,-0.24251351,1566947976732
30573,226,Accelerometer,-7.225700999999999,-3.4955344,5.7065797,1566947976733
30574,226,Gyroscope,0.3304781,0.15943582,-0.23457226,1566947976742
30575,226,Accelerometer,-7.2352777,-3.4548330000000003,5.7245364,1566947976743
30576,226,Gyroscope,0.34636059999999996,0.15454891,-0.23823744,1566947976753
30577,226,Accelerometer,-7.1754226999999995,-3.3195608,5.7377043,1566947976753
30578,226,Gyroscope,0.36468655,0.15577064,-0.23640485,1566947976762
30579,226,Accelerometer,-7.2340803,-3.3123782,5.722142,1566947976763
30580,226,Gyroscope,0.3744604,0.14172074,-0.2510656,1566947976772
30581,226,Accelerometer,-7.231686,-3.1124623,5.66109,1566947976773
30582,226,Gyroscope,0.39278635,0.12644911,-0.2706133,1566947976782
30583,226,Accelerometer,-7.1826053,-3.0119057000000002,5.7209449999999995,1566947976783
30584,226,Gyroscope,0.40439278,0.11301007,-0.28955013,1566947976792
30585,226,Accelerometer,-7.2185183,-2.96881,5.7377043,1566947976793
30586,226,Gyroscope,0.4092797,0.111177474,-0.3036,1566947976803
30587,226,Accelerometer,-7.2185183,-2.9364884,5.762843599999999,1566947976803
30588,226,Gyroscope,0.41477749999999997,0.124005646,-0.31337386,1566947976812
30589,226,Accelerometer,-7.1730285,-2.9209259999999997,5.8179099999999995,1566947976813
30590,226,Gyroscope,0.41477749999999997,0.13622294,-0.31642818,1566947976822
30591,226,Accelerometer,-7.237672,-2.96881,5.785588300000001,1566947976823
30592,226,Gyroscope,0.41966440000000005,0.13927728,-0.31764993,1566947976832
30593,226,Accelerometer,-7.229292,-3.0154970000000003,5.8143187,1566947976833
30594,226,Gyroscope,0.42821655,0.1423316,-0.31764993,1566947976842
30595,226,Accelerometer,-7.1227503,-3.0921116,5.951985400000001,1566947976843
30596,226,Gyroscope,0.44104472,0.15271631,-0.3109304,1566947976852
30597,226,Accelerometer,-7.1035960000000005,-3.0921116,5.954379599999999,1566947976853
30598,226,Gyroscope,0.45020768,0.16493362,-0.30176744,1566947976863
30599,226,Accelerometer,-7.0952168,-3.063381,5.959168,1566947976863
30600,226,Gyroscope,0.46181414,0.17592919,-0.2968805,1566947976872
30601,226,Accelerometer,-7.1167645,-2.9831752999999996,5.9687448,1566947976873
30602,226,Gyroscope,0.47403142,0.19730948,-0.29504790000000003,1566947976882
30603,226,Accelerometer,-7.183802,-2.8778305,5.949591000000001,1566947976883
30604,226,Gyroscope,0.47769663,0.21930063,-0.29382620000000004,1566947976892
30605,226,Accelerometer,-7.249642999999999,-2.8275523,5.932832,1566947976893
30606,226,Gyroscope,0.48014009999999996,0.24312437,-0.30298916,1566947976902
30607,226,Accelerometer,-7.3106947,-2.835932,5.931635,1566947976903
30608,226,Gyroscope,0.48685959999999995,0.25778514,-0.30482176,1566947976913
30609,226,Accelerometer,-7.36217,-2.8167782000000003,5.898116,1566947976913
30610,226,Gyroscope,0.49174652,0.26267207,-0.30909783,1566947976922
30611,226,Accelerometer,-7.369353,-2.7844564999999997,5.8274870000000005,1566947976923
30612,226,Gyroscope,0.49785519999999994,0.25473082,-0.31642818,1566947976932
30613,226,Accelerometer,-7.305906299999999,-2.7581203,5.74369,1566947976933
30614,226,Gyroscope,0.51068336,0.23579398,-0.32498032,1566947976942
30615,226,Accelerometer,-7.2268977,-2.694674,5.714959599999999,1566947976943
30616,226,Gyroscope,0.5345071,0.21991149,-0.34636059999999996,1566947976953
30617,226,Accelerometer,-7.181408,-2.6408044999999998,5.7257333,1566947976953
30618,226,Gyroscope,0.5662721,0.20830505,-0.37201694,1566947976962
30619,226,Accelerometer,-7.1981673,-2.6312277,5.815516000000001,1566947976963
30620,226,Gyroscope,0.59437186,0.20097467,-0.39706242,1566947976972
30621,226,Accelerometer,-7.325060000000001,-2.6324248,5.8442464,1566947976973
30622,226,Gyroscope,0.6102544,0.19120082,-0.4166101,1566947976982
30623,226,Accelerometer,-7.4758949999999995,-2.6300306,5.9184665999999995,1566947976983
30624,226,Gyroscope,0.6084218000000001,0.19364429,-0.43737950000000003,1566947976993
30625,226,Accelerometer,-7.526173,-2.6276363999999997,5.9400144,1566947976993
30626,226,Gyroscope,0.59131753,0.21013765,-0.45998153,1566947977002
30627,226,Accelerometer,-7.520187400000001,-2.6755204,5.9292407,1566947977003
30628,226,Gyroscope,0.57787853,0.2302962,-0.47647488,1566947977012
30629,226,Accelerometer,-7.461529700000001,-2.791639,5.9172697,1566947977013
30630,226,Gyroscope,0.5742133,0.25961772,-0.48747048,1566947977022
30631,226,Accelerometer,-7.3825210000000006,-2.9197290000000002,5.9567738,1566947977023
30632,226,Gyroscope,0.5864305999999999,0.28771752,-0.49968776,1566947977032
30633,226,Accelerometer,-7.315483,-2.966416,6.021417,1566947977033
30634,226,Gyroscope,0.6072,0.30726522,-0.5186246,1566947977043
30635,226,Accelerometer,-7.2340803,-2.9532477999999998,5.9268465,1566947977043
30636,226,Gyroscope,0.6078109,0.30787608,-0.5357288,1566947977052
30637,226,Accelerometer,-7.249642999999999,-3.0430303,5.631162000000001,1566947977053
30638,226,Gyroscope,0.59864795,0.30482176,-0.5320636,1566947977062
30639,226,Accelerometer,-7.438784599999999,-3.122039,5.5150437000000005,1566947977063
30640,226,Gyroscope,0.6017023,0.3109304,-0.52290064,1566947977072
30641,226,Accelerometer,-7.639898,-3.1244332999999997,5.4384294,1566947977073
30642,226,Gyroscope,0.5992588000000001,0.31337386,-0.5149594,1566947977082
30643,226,Accelerometer,-7.690175999999999,-3.1292217,5.3139305,1566947977083
30644,226,Gyroscope,0.589485,0.31642818,-0.5045747,1566947977092
30645,226,Accelerometer,-7.668628,-3.1663318,5.2265425,1566947977093
30646,226,Gyroscope,0.5687156,0.31520647,-0.49174652,1566947977102
30647,226,Accelerometer,-7.599196000000001,-3.1615434,5.079299,1566947977103
30648,226,Gyroscope,0.54183745,0.2773328,-0.46120325,1566947977112
30649,226,Accelerometer,-7.565677,-3.2213984,4.9464207,1566947977113
30650,226,Gyroscope,0.5497787,0.23884831,-0.42027529999999996,1566947977122
30651,226,Accelerometer,-7.5572976999999995,-3.2680852000000002,4.9464207,1566947977123
30652,226,Gyroscope,0.57360244,0.21807889999999996,-0.3903429,1566947977132
30653,226,Accelerometer,-7.590816499999999,-3.1663318,5.066130599999999,1566947977133
30654,226,Gyroscope,0.593761,0.20341812,-0.36835176,1566947977142
30655,226,Accelerometer,-7.633912,-2.9879637000000003,5.171476,1566947977143
30656,226,Gyroscope,0.6017023,0.18081611,-0.3555236,1566947977152
30657,226,Accelerometer,-7.752425,-2.80361,5.199008999999999,1566947977153
30658,226,Gyroscope,0.59559363,0.16493362,-0.35735616,1566947977162
30659,226,Accelerometer,-7.820659599999999,-2.5797524,5.2624555,1566947977163
30660,226,Gyroscope,0.5833763000000001,0.15149458,-0.36957347,1566947977172
30661,226,Accelerometer,-7.8649526,-2.409764,5.3642087,1566947977173
30662,226,Gyroscope,0.5748241999999999,0.14049901,-0.3915646,1566947977182
30663,226,Accelerometer,-7.860164,-2.2661119,5.407305,1566947977183
30664,226,Gyroscope,0.56321776,0.13439035,-0.41538838,1566947977192
30665,226,Accelerometer,-7.8637557000000005,-2.2122424,5.427655000000001,1566947977193
30666,226,Gyroscope,0.56138515,0.13255776,-0.44043383,1566947977203
30667,226,Accelerometer,-7.813477000000001,-2.1811178,5.49589,1566947977203
30668,226,Gyroscope,0.56077427,0.14049901,-0.4538729,1566947977212
30669,226,Accelerometer,-7.708132300000001,-2.1763293999999997,5.565322,1566947977213
30670,226,Gyroscope,0.55955255,0.15454891,-0.462425,1566947977222
30671,226,Accelerometer,-7.5932107,-2.2290018,5.627571,1566947977223
30672,226,Gyroscope,0.5571090999999999,0.1685988,-0.46670106,1566947977232
30673,226,Accelerometer,-7.5285673,-2.3247697,5.657499,1566947977233
30674,226,Gyroscope,0.5571090999999999,0.17409660000000002,-0.46792278,1566947977242
30675,226,Accelerometer,-7.483077499999999,-2.4396915,5.627571,1566947977243
30676,226,Gyroscope,0.5626069,0.18081611,-0.4605924,1566947977253
30677,226,Accelerometer,-7.493850999999999,-2.5366566,5.5820813,1566947977253
30678,226,Gyroscope,0.55771995,0.19242255,-0.45142943,1566947977262
30679,226,Accelerometer,-7.514202,-2.5605986,5.547365,1566947977263
30680,226,Gyroscope,0.55771995,0.19486602,-0.43737950000000003,1566947977272
30681,226,Accelerometer,-7.574057000000001,-2.6168625,5.5282116,1566947977273
30682,226,Gyroscope,0.5626069,0.19792034,-0.42943826,1566947977282
30683,226,Accelerometer,-7.562086,-2.7006595,5.5509567,1566947977283
30684,226,Gyroscope,0.56382865,0.19486602,-0.41599923,1566947977292
30685,226,Accelerometer,-7.615956,-2.707842,5.5030727,1566947977293
30686,226,Gyroscope,0.55955255,0.18081611,-0.40500367,1566947977302
30687,226,Accelerometer,-7.3992805,-2.6408044999999998,5.345055,1566947977302
30688,226,Gyroscope,0.5503895999999999,0.16065755,-0.39767328,1566947977313
30689,226,Accelerometer,-7.3334399999999995,-2.5510217999999996,5.3498434999999995,1566947977313
30690,226,Gyroscope,0.5479460999999999,0.14172074,-0.3915646,1566947977322
30691,226,Accelerometer,-7.3885064,-2.4085669999999997,5.4420204000000005,1566947977323
30692,226,Gyroscope,0.5503895999999999,0.13255776,-0.3903429,1566947977332
30693,226,Accelerometer,-7.384915400000001,-2.3020248,5.5521536,1566947977333
30694,226,Gyroscope,0.5375614000000001,0.13011430000000002,-0.39400807,1566947977342
30695,226,Accelerometer,-7.413645699999999,-2.2732944,5.613206,1566947977343
30696,226,Gyroscope,0.52106804,0.13500121,-0.39767328,1566947977352
30697,226,Accelerometer,-7.53575,-2.348712,5.638344999999999,1566947977353
30698,226,Gyroscope,0.49907690000000005,0.13561209,-0.39767328,1566947977362
30699,226,Accelerometer,-7.656657000000001,-2.44448,5.7017913,1566947977363
30700,226,Gyroscope,0.47403142,0.13927728,-0.39095375,1566947977373
30701,226,Accelerometer,-7.614758500000001,-2.4971522999999998,5.7939680000000005,1566947977373
30702,226,Gyroscope,0.44959682,0.15577064,-0.37873647,1566947977382
30703,226,Accelerometer,-7.5034279999999995,-2.566584,5.8466406,1566947977383
30704,226,Gyroscope,0.43066000000000004,0.17898351,-0.3555236,1566947977392
30705,226,Accelerometer,-7.479486,-2.6048915,5.7867856,1566947977393
30706,226,Gyroscope,0.4098906,0.19608775,-0.3286455,1566947977402
30707,226,Accelerometer,-7.36217,-2.5917234000000002,5.7257333,1566947977403
30708,226,Gyroscope,0.38851030000000003,0.22540927,-0.30176744,1566947977412
30709,226,Accelerometer,-7.2460512999999995,-2.5187001,5.741296,1566947977413
30710,226,Gyroscope,0.37201694,0.25228736,-0.2773328,1566947977422
30711,226,Accelerometer,-7.302314999999999,-2.4301147000000003,5.695806,1566947977423
30712,226,Gyroscope,0.35430184,0.26694809999999997,-0.25411993,1566947977433
30713,226,Accelerometer,-7.3274539999999995,-2.4313118,5.5641245999999995,1566947977433
30714,226,Gyroscope,0.3378085,0.26633725,-0.23701571,1566947977442
30715,226,Accelerometer,-7.359775999999999,-2.4289176,5.5162406,1566947977443
30716,226,Gyroscope,0.32314770000000004,0.258396,-0.22540927,1566947977452
30717,226,Accelerometer,-7.478289,-2.3930047,5.4863133,1566947977453
30718,226,Gyroscope,0.31703907,0.2443461,-0.21868975,1566947977462
30719,226,Accelerometer,-7.465121000000001,-2.4420857000000002,5.4767364999999995,1566947977463
30720,226,Gyroscope,0.31398472,0.22785273,-0.20952678,1566947977472
30721,226,Accelerometer,-7.405266,-2.5031377999999997,5.553351,1566947977473
30722,226,Gyroscope,0.31337386,0.22540927,-0.19364429,1566947977482
30723,226,Accelerometer,-7.454347,-2.5091232999999997,5.5282116,1566947977483
30724,226,Gyroscope,0.30909783,0.21930063,-0.17715092,1566947977492
30725,226,Accelerometer,-7.3442134999999995,-2.5558102000000003,5.422867,1566947977493
30726,226,Gyroscope,0.29443705,0.23457226,-0.15393804,1566947977502
30727,226,Accelerometer,-7.322665700000001,-2.5510217999999996,5.395334,1566947977503
30728,226,Gyroscope,0.28038713,0.26816985,-0.12705997,1566947977512
30729,226,Accelerometer,-7.3789296,-2.5151088,5.388150700000001,1566947977513
30730,226,Gyroscope,0.2773328,0.28344148,-0.1020145,1566947977523
30731,226,Accelerometer,-7.547721000000001,-2.4899697,5.363012,1566947977523
30732,226,Gyroscope,0.2779437,0.28283059999999993,-0.08735373,1566947977532
30733,226,Accelerometer,-7.6865845,-2.4971522999999998,5.3833623,1566947977533
30734,226,Gyroscope,0.29016098,0.27855456,-0.08002335,1566947977542
30735,226,Accelerometer,-7.855376,-2.4744074,5.4264584000000005,1566947977543
30736,226,Gyroscope,0.30665436,0.26939157,-0.08063421400000001,1566947977552
30737,226,Accelerometer,-8.009802,-2.4372973,5.4515970000000005,1566947977553
30738,226,Gyroscope,0.32742378,0.25900686,-0.08979719,1566947977562
30739,226,Accelerometer,-8.153454,-2.3894134,5.437232,1566947977563
30740,226,Gyroscope,0.34941490000000003,0.24923302,-0.10812314599999999,1566947977572
30741,226,Accelerometer,-8.243236999999999,-2.3199813,5.3761797,1566947977573
30742,226,Gyroscope,0.35735616,0.23884831,-0.12889257,1566947977582
30743,226,Accelerometer,-8.334216,-2.2290018,5.3139305,1566947977583
30744,226,Gyroscope,0.35857790000000006,0.23273966,-0.16004670000000001,1566947977592
30745,226,Accelerometer,-8.335413,-2.1440077,5.248090299999999,1566947977593
30746,226,Gyroscope,0.35185838,0.21258110000000002,-0.20158553,1566947977602
30747,226,Accelerometer,-8.330625,-2.0841526999999997,5.163096,1566947977603
30748,226,Gyroscope,0.34330627,0.18142697,-0.24495697,1566947977612
30749,226,Accelerometer,-8.360553,-2.0925324,5.0816930000000005,1566947977613
30750,226,Gyroscope,0.34391713,0.15271631,-0.28527406,1566947977622
30751,226,Accelerometer,-8.238448,-2.135628,5.09127,1566947977623
30752,226,Gyroscope,0.34941490000000003,0.12767084,-0.32009340000000003,1566947977633
30753,226,Accelerometer,-8.049306,-2.1667526,5.1247888,1566947977633
30754,226,Gyroscope,0.36896262,0.103847094,-0.34880406,1566947977642
30755,226,Accelerometer,-7.8158712,-2.2385786,5.1678843,1566947977643
30756,226,Gyroscope,0.398895,0.07696902,-0.37018433,1566947977652
30757,226,Accelerometer,-7.642291999999999,-2.2936451,5.209783,1566947977653
30758,226,Gyroscope,0.43737950000000003,0.040927973,-0.38484509999999994,1566947977662
30759,226,Accelerometer,-7.5704656,-2.2996306,5.2852,1566947977663
30760,226,Gyroscope,0.46792278,0.015271631,-0.39645153,1566947977672
30761,226,Accelerometer,-7.5584945999999995,-2.280477,5.4049106,1566947977673
30762,226,Gyroscope,0.49235737,0.0012217305,-0.40194935,1566947977682
30763,226,Accelerometer,-7.582436599999999,-2.267309,5.5377884,1566947977684
30764,226,Gyroscope,0.49785519999999994,0.0067195175,-0.40439278,1566947977693
30765,226,Accelerometer,-7.6482773,-2.256535,5.6179943,1566947977693
30766,226,Gyroscope,0.49296826,0.021991148999999998,-0.40072759999999996,1566947977702
30767,226,Accelerometer,-7.702147,-2.2457612,5.723339,1566947977703
30768,226,Gyroscope,0.48441613,0.039095376,-0.38973203,1566947977712
30769,226,Accelerometer,-7.7488337,-2.2170308,5.7903767,1566947977713
30770,226,Gyroscope,0.47769663,0.054367005999999996,-0.37262779999999995,1566947977722
30771,226,Accelerometer,-7.726089,-2.1571757999999996,5.861006,1566947977723
30772,226,Gyroscope,0.4783075,0.06597344599999999,-0.3622431,1566947977732
30773,226,Accelerometer,-7.667431,-2.0518308000000003,5.922058,1566947977733
30774,226,Gyroscope,0.48258355,0.07574729,-0.35185838,1566947977742
30775,226,Accelerometer,-7.547721000000001,-1.9369092,5.931635,1566947977743
30776,226,Gyroscope,0.49296826,0.086132,-0.34636059999999996,1566947977753
30777,226,Accelerometer,-7.3825210000000006,-1.7812861,5.913678,1566947977753
30778,226,Gyroscope,0.50335294,0.095294975,-0.35430184,1566947977762
30779,226,Accelerometer,-7.1873937,-1.4257472,6.0848637000000005,1566947977763
30780,226,Gyroscope,0.50823987,0.12034045,-0.3622431,1566947977772
30781,226,Accelerometer,-7.21373,-1.3778629999999998,6.1243677000000005,1566947977773
30782,226,Gyroscope,0.51007247,0.1386664,-0.37507126,1566947977782
30783,226,Accelerometer,-7.322665700000001,-1.4927847,6.1770406,1566947977783
30784,226,Gyroscope,0.5009095,0.17348573,-0.3933972,1566947977792
30785,226,Accelerometer,-7.466317999999999,-1.7118542,6.1770406,1566947977793
30786,226,Gyroscope,0.47403142,0.22479841,-0.40133846,1566947977803
30787,226,Accelerometer,-7.6135616,-1.9009962,6.0836663,1566947977803
30788,226,Gyroscope,0.45753807,0.25167647,-0.39645153,1566947977812
30789,226,Accelerometer,-7.644686,-2.0638018,5.9448028,1566947977813
30790,226,Gyroscope,0.45753807,0.26267207,-0.38423425,1566947977822
30791,226,Accelerometer,-7.5704656,-2.1559787,5.8574142,1566947977823
30792,226,Gyroscope,0.46670106,0.26389378,-0.36896262,1566947977832
30793,226,Accelerometer,-7.478289,-2.2014685000000003,5.762843599999999,1566947977833
30794,226,Gyroscope,0.48685959999999995,0.25228736,-0.35918877,1566947977842
30795,226,Accelerometer,-7.4028716,-2.2074540000000002,5.6910176,1566947977843
30796,226,Gyroscope,0.50335294,0.23640485,-0.35491269999999997,1566947977852
30797,226,Accelerometer,-7.390900599999999,-2.1703438999999998,5.6096144,1566947977853
30798,226,Gyroscope,0.50946164,0.22052236,-0.35491269999999997,1566947977862
30799,226,Accelerometer,-7.41604,-2.0841526999999997,5.577293,1566947977863
30800,226,Gyroscope,0.50335294,0.21319197,-0.3640757,1566947977872
30801,226,Accelerometer,-7.4184339999999995,-2.0410569,5.600037599999999,1566947977873
30802,226,Gyroscope,0.5039638,0.204029,-0.37812558,1566947977882
30803,226,Accelerometer,-7.4711065,-2.0721814999999997,5.626374,1566947977883
30804,226,Gyroscope,0.50579643,0.19120082,-0.39584067,1566947977892
30805,226,Accelerometer,-7.575253999999999,-2.1428106,5.675455,1566947977893
30806,226,Gyroscope,0.5119051,0.18570304,-0.40500367,1566947977902
30807,226,Accelerometer,-7.6722193,-2.2122424,5.7125654,1566947977903
30808,226,Gyroscope,0.5161811,0.18631389999999998,-0.40744713,1566947977912
30809,226,Accelerometer,-7.7093296,-2.2313959999999997,5.659893,1566947977913
30810,226,Gyroscope,0.5222898,0.17898351,-0.40194935,1566947977922
30811,226,Accelerometer,-7.699753,-2.2313959999999997,5.5976434,1566947977923
30812,226,Gyroscope,0.5290093000000001,0.17104226,-0.40011674,1566947977932
30813,226,Accelerometer,-7.6746134999999995,-2.2170308,5.511451999999999,1566947977933
30814,226,Gyroscope,0.5357288,0.15271631,-0.39278635,1566947977942
30815,226,Accelerometer,-7.6243353,-2.2038627,5.446809,1566947977943
30816,226,Gyroscope,0.5363397,0.13133603,-0.38912117,1566947977952
30817,226,Accelerometer,-7.581239699999999,-2.1799207000000003,5.4432178,1566947977953
30818,226,Gyroscope,0.5412266,0.11911872,-0.38606682,1566947977962
30819,226,Accelerometer,-7.5082164,-2.12246,5.544971,1566947977963
30820,226,Gyroscope,0.54428095,0.1142318,-0.38362336,1566947977973
30821,226,Accelerometer,-7.41604,-2.0949266,5.6551046,1566947977973
30822,226,Gyroscope,0.5467244000000001,0.1160644,-0.3817908,1566947977982
30823,226,Accelerometer,-7.4268136,-2.0745756999999996,5.758055000000001,1566947977983
30824,226,Gyroscope,0.5571090999999999,0.12767084,-0.37873647,1566947977992
30825,226,Accelerometer,-7.36217,-2.088941,5.919664,1566947977993
30826,226,Gyroscope,0.5705481,0.13805555,-0.3817908,1566947978002
30827,226,Accelerometer,-7.329848299999999,-2.098518,6.0285997,1566947978003
30828,226,Gyroscope,0.5864305999999999,0.16187929,-0.38973203,1566947978012
30829,226,Accelerometer,-7.3310455999999995,-2.110489,6.1303535,1566947978013
30830,226,Gyroscope,0.6078109,0.19425514,-0.39767328,1566947978022
30831,226,Accelerometer,-7.393294999999999,-2.1296425,6.159084,1566947978023
30832,226,Gyroscope,0.6291912,0.23640485,-0.4166101,1566947978032
30833,226,Accelerometer,-7.487866,-2.1452047999999997,6.1411276,1566947978033
30834,226,Gyroscope,0.6389651,0.25595254,-0.43310347,1566947978042
30835,226,Accelerometer,-7.608772999999999,-2.1176715,6.1195793,1566947978043
30836,226,Gyroscope,0.6432411,0.27305678,-0.44348818,1566947978052
30837,226,Accelerometer,-7.765592999999999,-2.100912,6.066907,1566947978053
30838,226,Gyroscope,0.63346726,0.29077184,-0.45204028,1566947978062
30839,226,Accelerometer,-7.892486,-2.1057005,5.9064955999999995,1566947978063
30840,226,Gyroscope,0.61758476,0.29810223,-0.45875978,1566947978072
30841,226,Accelerometer,-7.8972745,-2.0685901999999996,5.7125654,1566947978073
30842,226,Gyroscope,0.61575216,0.2883284,-0.46914452,1566947978082
30843,226,Accelerometer,-7.8649526,-2.018312,5.651513,1566947978083
30844,226,Gyroscope,0.6243043,0.27488935,-0.48808134,1566947978092
30845,226,Accelerometer,-7.801506,-2.0278888,5.711368,1566947978093
30846,226,Gyroscope,0.63713247,0.25411993,-0.5174029,1566947978102
30847,226,Accelerometer,-7.7093296,-1.9907787000000001,5.783194,1566947978103
30848,226,Gyroscope,0.6450737,0.22724187,-0.5516113,1566947978113
30849,226,Accelerometer,-7.6410947,-1.9847932000000001,5.7640405,1566947978113
30850,226,Gyroscope,0.65301496,0.23396139,-0.5833763000000001,1566947978122
30851,226,Accelerometer,-7.740454,-1.9931729,5.886145,1566947978123
30852,226,Gyroscope,0.65484756,0.26022860000000003,-0.61819565,1566947978132
30853,226,Accelerometer,-7.912836599999999,-2.0135236,5.9867015,1566947978133
30854,226,Gyroscope,0.63591075,0.29260445,-0.64873886,1566947978142
30855,226,Accelerometer,-8.0445175,-2.087744,6.041768,1566947978143
30856,226,Gyroscope,0.5864305999999999,0.31764993,-0.6731735,1566947978152
30857,226,Accelerometer,-8.052897,-2.2050598,5.819107,1566947978153
30858,226,Gyroscope,0.5308419,0.34086279999999997,-0.6762278,1566947978162
30859,226,Accelerometer,-8.062474,-2.4528596,5.5725045,1566947978163
30860,226,Gyroscope,0.5021312,0.36896262,-0.66156703,1566947978173
30861,226,Accelerometer,-8.072051,-2.6491842,5.535394,1566947978173
30862,226,Gyroscope,0.49113566,0.3915646,-0.64568454,1566947978182
30863,226,Accelerometer,-7.9224133000000005,-2.7353754,5.432443599999999,1566947978183
30864,226,Gyroscope,0.48136179999999995,0.37995818,-0.62796944,1566947978192
30865,226,Accelerometer,-7.7129207,-2.7449522,5.2684407,1566947978193
30866,226,Gyroscope,0.48197266,0.36835176,-0.6133086999999999,1566947978202
30867,226,Accelerometer,-7.4986396,-2.7246015,5.2540755,1566947978203
30868,226,Gyroscope,0.4905248,0.33292156,-0.59620446,1566947978212
30869,226,Accelerometer,-7.337031,-2.814384,5.2049947,1566947978213
30870,226,Gyroscope,0.50640726,0.28955013,-0.5674938,1566947978222
30871,226,Accelerometer,-7.2460512999999995,-3.0597897,5.322310400000001,1566947978223
30872,226,Gyroscope,0.52595496,0.25473082,-0.5332854,1566947978233
30873,226,Accelerometer,-7.2699933,-3.1878796,5.374983,1566947978233
30874,226,Gyroscope,0.5393939999999999,0.23335053,-0.4905248,1566947978242
30875,226,Accelerometer,-7.3346367,-3.2345665,5.45878,1566947978243
30876,226,Gyroscope,0.5564981999999999,0.21685717,-0.44776422,1566947978252
30877,226,Accelerometer,-7.404069,-3.1866825,5.5748987,1566947978253
30878,226,Gyroscope,0.5833763000000001,0.21746802,-0.39645153,1566947978262
30879,226,Accelerometer,-7.485471700000001,-3.0573955,5.521029,1566947978263
30880,226,Gyroscope,0.5876524000000001,0.19853121,-0.37507126,1566947978272
30881,226,Accelerometer,-7.582436599999999,-2.8491,5.3941364,1566947978273
30882,226,Gyroscope,0.57910025,0.17837265,-0.37018433,1566947978282
30883,226,Accelerometer,-7.575253999999999,-2.5797524,5.3713913,1566947978283
30884,226,Gyroscope,0.5687156,0.16798794,-0.37262779999999995,1566947978293
30885,226,Accelerometer,-7.526173,-2.2864625,5.408501599999999,1566947978293
30886,226,Gyroscope,0.5589417,0.1563815,-0.39400807,1566947978302
30887,226,Accelerometer,-7.483077499999999,-2.135628,5.4396260000000005,1566947978303
30888,226,Gyroscope,0.548557,0.1282817,-0.41844269999999995,1566947978312
30889,226,Accelerometer,-7.315483,-2.1440077,5.5246205,1566947978313
30890,226,Gyroscope,0.54550266,0.1142318,-0.44593164,1566947978322
30891,226,Accelerometer,-7.1730285,-2.2146366000000004,5.619191000000001,1566947978323
30892,226,Gyroscope,0.5448918,0.10812314599999999,-0.4654793,1566947978332
30893,226,Accelerometer,-7.110779300000001,-2.3523033,5.664681400000001,1566947978333
30894,226,Gyroscope,0.548557,0.10934488,-0.47769663,1566947978343
30895,226,Accelerometer,-7.08564,-2.4600422,5.7065797,1566947978343
30896,226,Gyroscope,0.55833083,0.112399206,-0.48197266,1566947978352
30897,226,Accelerometer,-7.111975999999999,-2.5474305,5.8023477,1566947978353
30898,226,Gyroscope,0.5742133,0.12217305,-0.48014009999999996,1566947978362
30899,226,Accelerometer,-7.2580222999999995,-2.621651,5.831078,1566947978363
30900,226,Gyroscope,0.5748241999999999,0.13316862,-0.4709771,1566947978372
30901,226,Accelerometer,-7.350199000000001,-2.6420016,5.7843914000000005,1566947978373
30902,226,Gyroscope,0.5644395000000001,0.14844026,-0.45265114,1566947978382
30903,226,Accelerometer,-7.451953,-2.693477,5.681441,1566947978383
30904,226,Gyroscope,0.5393939999999999,0.14599679999999998,-0.43799037,1566947978392
30905,226,Accelerometer,-7.4112515,-2.7222072999999996,5.5856724,1566947978393
30906,226,Gyroscope,0.51007247,0.13744467,-0.42332962,1566947978403
30907,226,Accelerometer,-7.371747,-2.7042507999999996,5.5988407,1566947978403
30908,226,Gyroscope,0.48441613,0.13622294,-0.4092797,1566947978412
30909,226,Accelerometer,-7.2460512999999995,-2.6252422,5.6898203,1566947978413
30910,226,Gyroscope,0.46853364,0.14049901,-0.40133846,1566947978422
30911,226,Accelerometer,-7.114370299999999,-2.6360161,5.813122,1566947978423
30912,226,Gyroscope,0.46731192,0.14355333,-0.39095375,1566947978432
30913,226,Accelerometer,-7.0724716,-2.7042507999999996,5.8574142,1566947978433
30914,226,Gyroscope,0.46853364,0.14110987,-0.3811799,1566947978442
30915,226,Accelerometer,-7.1466923,-2.7329812,5.841851999999999,1566947978443
30916,226,Gyroscope,0.46181414,0.14477506,-0.37384954,1566947978452
30917,226,Accelerometer,-7.208941499999999,-2.7784709999999997,5.8226986,1566947978453
30918,226,Gyroscope,0.45204028,0.14538592,-0.35796702,1566947978463
30919,226,Accelerometer,-7.2568254,-2.8179752999999996,5.731719,1566947978463
30920,226,Gyroscope,0.43249258,0.14599679999999998,-0.34513888,1566947978472
30921,226,Accelerometer,-7.273585000000001,-2.8072014,5.6563015,1566947978473
30922,226,Gyroscope,0.40866885,0.15088372,-0.32253686,1566947978482
30923,226,Accelerometer,-7.305906299999999,-2.765303,5.6802435,1566947978483
30924,226,Gyroscope,0.38606682,0.16187929,-0.312763,1566947978492
30925,226,Accelerometer,-7.305906299999999,-2.6695349999999998,5.7867856,1566947978493
30926,226,Gyroscope,0.37995818,0.17592919,-0.3115413,1566947978502
30927,226,Accelerometer,-7.1981673,-2.6132712000000002,5.959168,1566947978503
30928,226,Gyroscope,0.37323865,0.19792034,-0.30726522,1566947978512
30929,226,Accelerometer,-7.1742253,-2.5953147,6.023811299999999,1566947978513
30930,226,Gyroscope,0.3567453,0.22479841,-0.30176744,1566947978522
30931,226,Accelerometer,-7.217321000000001,-2.6276363999999997,6.047753299999999,1566947978523
30932,226,Gyroscope,0.3304781,0.25228736,-0.29199359999999996,1566947978532
30933,226,Accelerometer,-7.2245035,-2.718616,5.990292500000001,1566947978533
30934,226,Gyroscope,0.30970868,0.28038713,-0.27305678,1566947978542
30935,226,Accelerometer,-7.229292,-2.8060042999999997,5.935226,1566947978543
30936,226,Gyroscope,0.29260445,0.28710666,-0.24678956,1566947978552
30937,226,Accelerometer,-7.3310455999999995,-2.8622682,5.813122,1566947978553
30938,226,Gyroscope,0.28038713,0.28160888,-0.21807889999999996,1566947978562
30939,226,Accelerometer,-7.290344,-2.9460652,5.693412,1566947978563
30940,226,Gyroscope,0.27550024,0.2779437,-0.1881465,1566947978572
30941,226,Accelerometer,-7.1909847000000005,-2.9484594,5.6670755999999995,1566947978573
30942,226,Gyroscope,0.2742785,0.29077184,-0.15943582,1566947978582
30943,226,Accelerometer,-7.127538700000001,-2.8491,5.662287,1566947978583
30944,226,Gyroscope,0.27977628,0.32314770000000004,-0.1337795,1566947978592
30945,226,Accelerometer,-7.0245875999999985,-2.7868507,5.625177,1566947978593
30946,226,Gyroscope,0.27183503,0.37323865,-0.10812314599999999,1566947978602
30947,226,Accelerometer,-7.120356,-2.7234043999999997,5.5940523,1566947978603
30948,226,Gyroscope,0.25167647,0.42027529999999996,-0.081855945,1566947978612
30949,226,Accelerometer,-7.4483614000000005,-2.6312277,5.437232,1566947978613
30950,226,Gyroscope,0.23518312,0.43554693,-0.06414085,1566947978622
30951,226,Accelerometer,-7.6949644,-2.6084828,5.3498434999999995,1566947978623
30952,226,Gyroscope,0.22418754,0.40866885,-0.047036625,1566947978632
30953,226,Accelerometer,-8.040925999999999,-2.5953147,5.2241483,1566947978633
30954,226,Gyroscope,0.22174409,0.36774087,-0.03481932,1566947978642
30955,226,Accelerometer,-8.281544,-2.5797524,5.1678843,1566947978643
30956,226,Gyroscope,0.23762658,0.344528,-0.031154128,1566947978652
30957,226,Accelerometer,-8.24204,-2.5486276,5.2037973,1566947978653
30958,226,Gyroscope,0.27122417,0.33169982,-0.03726278,1566947978663
30959,226,Accelerometer,-8.198944000000001,-2.5390507999999996,5.257667,1566947978663
30960,226,Gyroscope,0.31031954,0.32803464,-0.05681047,1566947978672
30961,226,Accelerometer,-8.293514,-2.4684220000000003,5.222951,1566947978673
30962,226,Gyroscope,0.34208453,0.29565877,-0.08857546,1566947978682
30963,226,Accelerometer,-8.514978,-2.1954830000000003,4.882974,1566947978683
30964,226,Gyroscope,0.34880406,0.24862215,-0.13622294,1566947978692
30965,226,Accelerometer,-8.717288,-2.0254946,4.653131,1566947978693
30966,226,Gyroscope,0.3378085,0.18325958,-0.1966986,1566947978702
30967,226,Accelerometer,-8.556877,-1.9919758,4.679467,1566947978703
30968,226,Gyroscope,0.31581733,0.15699236,-0.258396,1566947978712
30969,226,Accelerometer,-8.340200999999999,-2.147599,4.7907977,1566947978713
30970,226,Gyroscope,0.29993483,0.13622294,-0.31887165,1566947978723
30971,226,Accelerometer,-8.175002000000001,-2.4372973,5.006275700000001,1566947978723
30972,226,Gyroscope,0.3359759,0.119729586,-0.34147367,1566947978732
30973,226,Accelerometer,-7.9188222999999995,-2.6264392999999995,5.1116204000000005,1566947978733
30974,226,Gyroscope,0.3811799,0.08674286,-0.35430184,1566947978742
30975,226,Accelerometer,-7.6410947,-2.6180596,5.197812,1566947978743
30976,226,Gyroscope,0.44043383,0.043982297000000004,-0.35979962,1566947978752
30977,226,Accelerometer,-7.461529700000001,-2.4432828,5.2002063,1566947978753
30978,226,Gyroscope,0.48747048,-0.0018325957999999999,-0.36835176,1566947978762
30979,226,Accelerometer,-7.4327993,-2.3116016,5.2277393,1566947978763
30980,226,Gyroscope,0.51923543,-0.03604105,-0.38240165,1566947978772
30981,226,Accelerometer,-7.517792999999999,-2.2732944,5.295974299999999,1566947978773
30982,226,Gyroscope,0.5363397,-0.05681047,-0.39767328,1566947978783
30983,226,Accelerometer,-7.6135616,-2.2266076,5.4899044,1566947978783
30984,226,Gyroscope,0.5412266,-0.049480084,-0.40194935,1566947978792
30985,226,Accelerometer,-7.752425,-2.2086509999999997,5.699397,1566947978793
30986,226,Gyroscope,0.54367006,-0.019547688,-0.39645153,1566947978802
30987,226,Accelerometer,-7.86615,-2.219425,5.8933277,1566947978803
30988,226,Gyroscope,0.54305923,0.014660766,-0.3830125,1566947978812
30989,226,Accelerometer,-7.912836599999999,-2.1859062000000002,5.9400144,1566947978813
30990,226,Gyroscope,0.54305923,0.036651913,-0.36713,1566947978822
30991,226,Accelerometer,-7.8757267,-2.1080947,5.9507885,1566947978823
30992,226,Gyroscope,0.5412266,0.05681047,-0.35613444,1566947978833
30993,226,Accelerometer,-7.6961613,-1.9512744,5.9747305,1566947978833
30994,226,Gyroscope,0.5510005,0.0842994,-0.36041048,1566947978842
30995,226,Accelerometer,-7.492654300000001,-1.7896657999999999,6.0465565,1566947978843
30996,226,Gyroscope,0.56505036,0.10079276599999999,-0.37262779999999995,1566947978852
30997,226,Accelerometer,-7.381324,-1.6627731,6.1698580000000005,1566947978853
30998,226,Gyroscope,0.58032197,0.12278391400000001,-0.3933972,1566947978862
30999,226,Accelerometer,-7.2580222999999995,-1.5921441,6.2740054,1566947978863
31000,226,Gyroscope,0.5900958000000001,0.14721853,-0.4098906,1566947978872
31001,226,Accelerometer,-7.2125325,-1.5693992,6.329072,1566947978873
31002,226,Gyroscope,0.59681535,0.1777618,-0.42638394,1566947978882
31003,226,Accelerometer,-7.271190600000001,-1.5286977,6.3111157,1566947978883
31004,226,Gyroscope,0.5919284,0.21013765,-0.44226643,1566947978893
31005,226,Accelerometer,-7.3334399999999995,-1.5179238000000002,6.2464724,1566947978893
31006,226,Gyroscope,0.57604593,0.24923302,-0.45570546,1566947978902
31007,226,Accelerometer,-7.351396,-1.6436194,6.144718599999999,1566947978903
31008,226,Gyroscope,0.56688297,0.28344148,-0.46486846,1566947978912
31009,226,Accelerometer,-7.441178999999999,-1.8171991000000003,5.973533,1566947978913
31010,226,Gyroscope,0.5742133,0.29504790000000003,-0.4654793,1566947978922
31011,226,Accelerometer,-7.466317999999999,-1.9452889,5.910087,1566947978923
31012,226,Gyroscope,0.5919284,0.29993483,-0.47036624,1566947978932
31013,226,Accelerometer,-7.386112,-2.0769699,5.9172697,1566947978933
31014,226,Gyroscope,0.6169739000000001,0.2883284,-0.46914452,1566947978942
31015,226,Accelerometer,-7.353790299999999,-2.100912,5.9400144,1566947978943
31016,226,Gyroscope,0.6395759,0.28893927,-0.46975538,1566947978953
31017,226,Accelerometer,-7.3549875999999985,-2.0422540000000002,6.003461,1566947978953
31018,226,Gyroscope,0.6591236,0.312763,-0.47525316,1566947978962
31019,226,Accelerometer,-7.3645644,-1.9165584999999998,6.0740894999999995,1566947978963
31020,226,Gyroscope,0.6621779000000001,0.34330627,-0.48808134,1566947978972
31021,226,Accelerometer,-7.4723034,-1.9620483,6.0585275,1566947978973
31022,226,Gyroscope,0.6579019,0.35613444,-0.49663344,1566947978982
31023,226,Accelerometer,-7.5668745,-2.087744,5.85502,1566947978983
31024,226,Gyroscope,0.6597345,0.36346483,-0.5002986,1566947978992
31025,226,Accelerometer,-7.607576,-2.1871033,5.779603,1566947978993
31026,226,Gyroscope,0.67256266,0.35185838,-0.5045747,1566947979002
31027,226,Accelerometer,-7.6171527,-2.2158337,5.693412,1566947979003
31028,226,Gyroscope,0.6927211999999999,0.34574974,-0.50946164,1566947979012
31029,226,Accelerometer,-7.553706,-2.2182279,5.60722,1566947979013
31030,226,Gyroscope,0.7153232,0.34086279999999997,-0.5143485,1566947979022
31031,226,Accelerometer,-7.526173,-2.2337902,5.5258174,1566947979023
31032,226,Gyroscope,0.73731434,0.33169982,-0.52412236,1566947979032
31033,226,Accelerometer,-7.489063000000001,-2.2541409,5.529408999999999,1566947979033
31034,226,Gyroscope,0.75869465,0.31764993,-0.54000485,1566947979042
31035,226,Accelerometer,-7.5094137000000005,-2.2828712,5.567716000000001,1566947979043
31036,226,Gyroscope,0.766025,0.31031954,-0.5522222,1566947979053
31037,226,Accelerometer,-7.620744,-2.3319526,5.608417500000001,1566947979053
31038,226,Gyroscope,0.7654141999999999,0.29993483,-0.56321776,1566947979062
31039,226,Accelerometer,-7.7189064,-2.3666685000000003,5.6227827,1566947979063
31040,226,Gyroscope,0.7678576,0.29138273,-0.5748241999999999,1566947979072
31041,226,Accelerometer,-7.765592999999999,-2.3570917000000002,5.6227827,1566947979073
31042,226,Gyroscope,0.7672467,0.28099802,-0.58459806,1566947979082
31043,226,Accelerometer,-7.8876976999999995,-2.3511062000000003,5.5461683,1566947979083
31044,226,Gyroscope,0.7635816,0.27305678,-0.5900958000000001,1566947979092
31045,226,Accelerometer,-7.9882539999999995,-2.3175871,5.4899044,1566947979093
31046,226,Gyroscope,0.7623598,0.26206118,-0.6010914,1566947979102
31047,226,Accelerometer,-7.937975999999999,-2.2158337,5.513846400000001,1566947979103
31048,226,Gyroscope,0.77457714,0.25778514,-0.61636305,1566947979112
31049,226,Accelerometer,-7.8996687,-2.0901381999999997,5.6179943,1566947979113
31050,226,Gyroscope,0.7886270000000001,0.25595254,-0.63529986,1566947979122
31051,226,Accelerometer,-7.9583262999999995,-2.0602105,5.768829,1566947979123
31052,226,Gyroscope,0.79779,0.25595254,-0.6560693,1566947979132
31053,226,Accelerometer,-8.099585000000001,-2.0853498,5.875371,1566947979133
31054,226,Gyroscope,0.79351395,0.2779437,-0.68539083,1566947979142
31055,226,Accelerometer,-8.214506,-2.1763293999999997,5.816713,1566947979143
31056,226,Gyroscope,0.7641924,0.30421090000000006,-0.71959925,1566947979152
31057,226,Accelerometer,-8.327033,-2.3570917000000002,5.633556400000001,1566947979153
31058,226,Gyroscope,0.7134906,0.3268129,-0.75136423,1566947979162
31059,226,Accelerometer,-8.074444999999999,-2.6264392999999995,5.542577,1566947979163
31060,226,Gyroscope,0.66828656,0.35002577,-0.7867944,1566947979172
31061,226,Accelerometer,-7.935581699999999,-2.9400797,5.409699,1566947979173
31062,226,Gyroscope,0.62858033,0.34697145,-0.7959574,1566947979182
31063,226,Accelerometer,-7.608772999999999,-3.0609868,5.2516812999999996,1566947979183
31064,226,Gyroscope,0.5888741,0.30665436,-0.7806858,1566947979192
31065,226,Accelerometer,-7.035361999999999,-2.9819782000000004,4.9512089999999995,1566947979193
31066,226,Gyroscope,0.56199604,0.27305678,-0.74464476,1566947979202
31067,226,Accelerometer,-6.5840545,-2.8898015,4.808754,1566947979203
31068,226,Gyroscope,0.5687156,0.2443461,-0.6921103,1566947979213
31069,226,Accelerometer,-6.366182299999999,-2.9149406000000004,5.033809,1566947979213
31070,226,Gyroscope,0.6200281999999999,0.22235495,-0.6407976,1566947979222
31071,226,Accelerometer,-6.339846,-2.9520507,5.4001220000000005,1566947979223
31072,226,Gyroscope,0.6805039,0.21746802,-0.5925393,1566947979233
31073,226,Accelerometer,-6.5960255000000005,-2.966416,5.7065797,1566947979233
31074,226,Gyroscope,0.72082096,0.21685717,-0.5479460999999999,1566947979242
31075,226,Accelerometer,-7.035361999999999,-3.0897174,5.837064,1566947979243
31076,226,Gyroscope,0.73731434,0.22113322,-0.5112942,1566947979253
31077,226,Accelerometer,-7.4567413,-3.1160536,5.9124813,1566947979253
31078,226,Gyroscope,0.7293731,0.24190263,-0.48563787,1566947979262
31079,226,Accelerometer,-7.763199,-3.0478187,5.753267,1566947979263
31080,226,Gyroscope,0.70188415,0.26633725,-0.46303585,1566947979273
31081,226,Accelerometer,-7.8829093,-2.7736826,5.577293,1566947979273
31082,226,Gyroscope,0.6762278,0.27000242,-0.44776422,1566947979282
31083,226,Accelerometer,-7.78355,-2.44448,5.5090580000000005,1566947979283
31084,226,Gyroscope,0.66950834,0.25778514,-0.44776422,1566947979292
31085,226,Accelerometer,-7.6949644,-2.2146366000000004,5.49589,1566947979293
31086,226,Gyroscope,0.67256266,0.24251351,-0.46670106,1566947979303
31087,226,Accelerometer,-7.5273699999999995,-2.100912,5.380968,1566947979303
31088,226,Gyroscope,0.6805039,0.21380283,-0.49663344,1566947979312
31089,226,Accelerometer,-7.359775999999999,-2.0123265,5.389348,1566947979313
31090,226,Gyroscope,0.6945538,0.18387043,-0.5320636,1566947979323
31091,226,Accelerometer,-7.2915410000000005,-2.1631612999999996,5.5150437000000005,1566947979323
31092,226,Gyroscope,0.70432764,0.16676621,-0.56077427,1566947979332
31093,226,Accelerometer,-7.3310455999999995,-2.4229321,5.5701103,1566947979333
31094,226,Gyroscope,0.7049385,0.16493362,-0.5742133,1566947979343
31095,226,Accelerometer,-7.3214690000000004,-2.6431987,5.603629,1566947979343
31096,226,Gyroscope,0.6988298000000001,0.16920967,-0.56688297,1566947979352
31097,226,Accelerometer,-7.3178773,-2.8095956,5.583278,1566947979353
31098,226,Gyroscope,0.68844515,0.18936823,-0.5448918,1566947979363
31099,226,Accelerometer,-7.314286,-2.9388826,5.616797,1566947979363
31100,226,Gyroscope,0.6805039,0.21258110000000002,-0.51251596,1566947979372
31101,226,Accelerometer,-7.3885064,-2.9747956,5.571307,1566947979372
31102,226,Gyroscope,0.66950834,0.22602014,-0.48014009999999996,1566947979382
31103,226,Accelerometer,-7.363367599999999,-2.9879637000000003,5.5545480000000005,1566947979383
31104,226,Gyroscope,0.65668017,0.23945917,-0.45204028,1566947979392
31105,226,Accelerometer,-7.3202715,-2.9137435000000003,5.571307,1566947979393
31106,226,Gyroscope,0.64751714,0.2321288,-0.44043383,1566947979403
31107,226,Accelerometer,-7.3214690000000004,-2.8778305,5.5258174,1566947979403
31108,226,Gyroscope,0.64934975,0.21807889999999996,-0.43127087,1566947979412
31109,226,Accelerometer,-7.369353,-2.8311436000000003,5.494693,1566947979413
31110,226,Gyroscope,0.6462954000000001,0.19486602,-0.42332962,1566947979422
31111,226,Accelerometer,-7.4699089999999995,-2.7688942,5.386954,1566947979423
31112,226,Gyroscope,0.63529986,0.16920967,-0.41844269999999995,1566947979433
31113,226,Accelerometer,-7.526173,-2.7162217999999996,5.3139305,1566947979433
31114,226,Gyroscope,0.6267477,0.16004670000000001,-0.41416663,1566947979442
31115,226,Accelerometer,-7.517792999999999,-2.695871,5.357026,1566947979443
31116,226,Gyroscope,0.6169739000000001,0.15943582,-0.41355577,1566947979452
31117,226,Accelerometer,-7.5788455,-2.6036943999999997,5.4396260000000005,1566947979453
31118,226,Gyroscope,0.59681535,0.14966199,-0.41783184,1566947979463
31119,226,Accelerometer,-7.6650367,-2.5725696,5.463568,1566947979463
31120,226,Gyroscope,0.5729916,0.13805555,-0.41783184,1566947979472
31121,226,Accelerometer,-7.751228,-2.56419,5.5365915,1566947979473
31122,226,Gyroscope,0.54183745,0.1386664,-0.42088616,1566947979482
31123,226,Accelerometer,-7.681796,-2.5210943,5.623979599999999,1566947979483
31124,226,Gyroscope,0.5161811,0.14844026,-0.42271876,1566947979493
31125,226,Accelerometer,-7.5968018,-2.4971522999999998,5.705383,1566947979493
31126,226,Gyroscope,0.49724430000000003,0.16554448,-0.42027529999999996,1566947979502
31127,226,Accelerometer,-7.4950485,-2.5366566,5.73531,1566947979503
31128,226,Gyroscope,0.4831944,0.18570304,-0.41294490000000006,1566947979512
31129,226,Accelerometer,-7.4256167,-2.5761611,5.760449400000001,1566947979513
31130,226,Gyroscope,0.48197266,0.20036379999999998,-0.40317106,1566947979522
31131,226,Accelerometer,-7.325060000000001,-2.6013002,5.8179099999999995,1566947979523
31132,226,Gyroscope,0.48991394,0.21868975,-0.3921755,1566947979532
31133,226,Accelerometer,-7.289147,-2.622848,5.819107,1566947979533
31134,226,Gyroscope,0.49846604,0.23335053,-0.37690386,1566947979543
31135,226,Accelerometer,-7.267599000000001,-2.6886885,5.741296,1566947979543
31136,226,Gyroscope,0.49602258,0.24495697,-0.36041048,1566947979552
31137,226,Accelerometer,-7.305906299999999,-2.705448,5.6563015,1566947979553
31138,226,Gyroscope,0.48014009999999996,0.2443461,-0.34574974,1566947979562
31139,226,Accelerometer,-7.374141000000001,-2.6671407000000005,5.547365,1566947979563
31140,226,Gyroscope,0.46609017,0.23945917,-0.33353242,1566947979572
31141,226,Accelerometer,-7.395689,-2.6324248,5.506664,1566947979573
31142,226,Gyroscope,0.45875978,0.24007004,-0.32436943,1566947979582
31143,226,Accelerometer,-7.337031,-2.6276363999999997,5.5461683,1566947979583
31144,226,Gyroscope,0.45265114,0.23884831,-0.31398472,1566947979592
31145,226,Accelerometer,-7.443573,-2.6168625,5.519832,1566947979593
31146,226,Gyroscope,0.44287730000000003,0.22785273,-0.30787608,1566947979603
31147,226,Accelerometer,-7.608772999999999,-2.6180596,5.398925,1566947979603
31148,226,Gyroscope,0.4269948,0.22357668,-0.29443705,1566947979612
31149,226,Accelerometer,-7.6255326,-2.598906,5.4791307,1566947979613
31150,226,Gyroscope,0.408058,0.23090707,-0.27122417,1566947979622
31151,226,Accelerometer,-7.5285673,-2.5809495,5.566519,1566947979623
31152,226,Gyroscope,0.39584067,0.25900686,-0.24068089999999998,1566947979633
31153,226,Accelerometer,-7.540538300000001,-2.621651,5.5976434,1566947979633
31154,226,Gyroscope,0.38728857,0.3359759,-0.17715092,1566947979642
31155,226,Accelerometer,-7.660248299999999,-2.7006595,5.5246205,1566947979643
31156,226,Gyroscope,0.38240165,0.37568212,-0.1423316,1566947979652
31157,226,Accelerometer,-7.880514999999999,-2.7090392000000003,5.3606176,1566947979653
31158,226,Gyroscope,0.38484509999999994,0.37934732,-0.13194689,1566947979663
31159,226,Accelerometer,-8.136695,-2.5893292000000003,5.2205567,1566947979663
31160,226,Gyroscope,0.39706242,0.34574974,-0.1441642,1566947979672
31161,226,Accelerometer,-8.3150625,-2.433706,5.1786585,1566947979673
31162,226,Gyroscope,0.41783184,0.3005457,-0.1685988,1566947979682
31163,226,Accelerometer,-8.433575999999999,-2.2984335,5.183447,1566947979683
31164,226,Gyroscope,0.43310347,0.26939157,-0.20708331,1566947979693
31165,226,Accelerometer,-8.461109,-2.2050598,5.185841,1566947979693
31166,226,Gyroscope,0.44226643,0.24617869,-0.25289822,1566947979702
31167,226,Accelerometer,-8.48984,-2.183512,5.163096,1566947979703
31168,226,Gyroscope,0.43615779999999993,0.2302962,-0.29810223,1566947979712
31169,226,Accelerometer,-8.465898,-2.2050598,5.1379566,1566947979713
31170,226,Gyroscope,0.42516220000000005,0.21319197,-0.33353242,1566947979722
31171,226,Accelerometer,-8.298303,-2.2577322,5.145139,1566947979723
31172,226,Gyroscope,0.41599923,0.20708331,-0.3555236,1566947979732
31173,226,Accelerometer,-8.052897,-2.3199813,5.106832,1566947979733
31174,226,Gyroscope,0.41783184,0.19303341,-0.37568212,1566947979742
31175,226,Accelerometer,-7.818265400000001,-2.397793,5.055357,1566947979743
31176,226,Gyroscope,0.43493605,0.17715092,-0.39645153,1566947979752
31177,226,Accelerometer,-7.627927000000001,-2.4732103,5.009867,1566947979753
31178,226,Gyroscope,0.46975538,0.1423316,-0.40866885,1566947979763
31179,226,Accelerometer,-7.568071400000001,-2.480393,5.036203400000001,1566947979763
31180,226,Gyroscope,0.5112942,0.11056661,-0.41172317,1566947979772
31181,226,Accelerometer,-7.583634,-2.4372973,5.130774,1566947979773
31182,226,Gyroscope,0.552833,0.095294975,-0.40866885,1566947979782
31183,226,Accelerometer,-7.627927000000001,-2.3942018,5.213374,1566947979783
31184,226,Gyroscope,0.58093286,0.08124508,-0.41050145,1566947979793
31185,226,Accelerometer,-7.72968,-2.3379380000000003,5.3127337,1566947979793
31186,226,Gyroscope,0.59498274,0.07452556,-0.41599923,1566947979802
31187,226,Accelerometer,-7.8302364,-2.2625206,5.4049106,1566947979803
31188,226,Gyroscope,0.59559363,0.06780604,-0.41538838,1566947979812
31189,226,Accelerometer,-7.905653999999999,-2.1523874,5.4408236,1566947979813
31190,226,Gyroscope,0.58276546,0.06414085,-0.4098906,1566947979822
31191,226,Accelerometer,-7.917625,-2.0458453000000003,5.5497594,1566947979823
31192,226,Gyroscope,0.57360244,0.055588737,-0.408058,1566947979832
31193,226,Accelerometer,-7.872135000000001,-1.9608511999999998,5.6551046,1566947979833
31194,226,Gyroscope,0.57726765,0.045814894,-0.40866885,1566947979842
31195,226,Accelerometer,-7.782352400000001,-1.8650831,5.783194,1566947979843
31196,226,Gyroscope,0.59437186,0.04276056599999999,-0.41416663,1566947979852
31197,226,Accelerometer,-7.705738,-1.7465701,5.898116,1566947979853
31198,226,Gyroscope,0.6096435,0.05497787,-0.42638394,1566947979862
31199,226,Accelerometer,-7.608772999999999,-1.6112977,6.002263500000001,1566947979863
31200,226,Gyroscope,0.61758476,0.06291912,-0.44226643,1566947979872
31201,226,Accelerometer,-7.516596300000001,-1.4460978999999998,6.075287,1566947979873
31202,226,Gyroscope,0.6059783000000001,0.10262536,-0.46670106,1566947979882
31203,226,Accelerometer,-7.4268136,-1.3467385,6.2512608,1566947979883
31204,226,Gyroscope,0.59498274,0.13805555,-0.47952923,1566947979892
31205,226,Accelerometer,-7.358579,-1.3503298000000001,6.3566055,1566947979893
31206,226,Gyroscope,0.57787853,0.1777618,-0.48991394,1566947979903
31207,226,Accelerometer,-7.374141000000001,-1.5263035,6.360196599999999,1566947979903
31208,226,Gyroscope,0.56077427,0.21135938,-0.48808134,1566947979912
31209,226,Accelerometer,-7.358579,-1.697489,6.337452,1566947979913
31210,226,Gyroscope,0.5534439,0.23701571,-0.48258355,1566947979922
31211,226,Accelerometer,-7.253234,-1.8303672,6.291962,1566947979923
31212,226,Gyroscope,0.56077427,0.26389378,-0.4728097,1566947979932
31213,226,Accelerometer,-7.121553,-1.9249381999999997,6.272808599999999,1566947979933
31214,226,Gyroscope,0.5748241999999999,0.29016098,-0.46792278,1566947979942
31215,226,Accelerometer,-7.073669000000001,-1.9955671000000001,6.2225304,1566947979943
31216,226,Gyroscope,0.5925393,0.31337386,-0.462425,1566947979952
31217,226,Accelerometer,-7.1287354999999994,-2.0757727999999998,6.1483099999999995,1566947979953
31218,226,Gyroscope,0.6017023,0.32436943,-0.4642576,1566947979962
31219,226,Accelerometer,-7.195773,-2.0602105,6.0585275,1566947979963
31220,226,Gyroscope,0.6035349,0.32620203,-0.46670106,1566947979972
31221,226,Accelerometer,-7.1167645,-1.9776106,6.0908489999999995,1566947979973
31222,226,Gyroscope,0.6096435,0.33536503,-0.46914452,1566947979982
31223,226,Accelerometer,-7.147889,-1.9728221999999997,6.1112,1566947979983
31224,226,Gyroscope,0.61636305,0.34880406,-0.47525316,1566947979992
31225,226,Accelerometer,-7.1885905,-2.0626047,6.093243,1566947979993
31226,226,Gyroscope,0.6267477,0.36163223,-0.48075095,1566947980002
31227,226,Accelerometer,-7.267599000000001,-2.2242134,6.0046577,1566947980003
31228,226,Gyroscope,0.63529986,0.35735616,-0.48502702,1566947980012
31229,226,Accelerometer,-7.429208,-2.3535004,5.8203044,1566947980013
31230,226,Gyroscope,0.63163465,0.32803464,-0.4886922,1566947980022
31231,226,Accelerometer,-7.404069,-2.348712,5.590461,1566947980023
31232,226,Gyroscope,0.63285637,0.3109304,-0.4905248,1566947980033
31233,226,Accelerometer,-7.366958599999999,-2.3295584,5.542577,1566947980033
31234,226,Gyroscope,0.6414085,0.30665436,-0.5021312,1566947980042
31235,226,Accelerometer,-7.329848299999999,-2.3139958,5.5760955999999995,1566947980043
31236,226,Gyroscope,0.6640105,0.29626966,-0.52106804,1566947980052
31237,226,Accelerometer,-7.345411,-2.2242134,5.662287,1566947980053
31238,226,Gyroscope,0.6914994999999999,0.29016098,-0.5510005,1566947980063
31239,226,Accelerometer,-7.487866,-2.15957,5.6203885,1566947980063
31240,226,Gyroscope,0.7171558000000001,0.28405234,-0.59315014,1566947980072
31241,226,Accelerometer,-8.163031,-2.183512,5.604826,1566947980073
31242,226,Gyroscope,0.71776664,0.30604348,-0.6383542,1566947980082
31243,226,Accelerometer,-8.619126,-2.1918917,5.565322,1566947980083
31244,226,Gyroscope,0.6957755,0.32620203,-0.68844515,1566947980092
31245,226,Accelerometer,-8.902839,-2.3630772,5.4480059999999995,1566947980093
31246,226,Gyroscope,0.6542366999999999,0.34330627,-0.72021013,1566947980102
31247,226,Accelerometer,-8.9758625,-2.6431987,5.273229,1566947980103
31248,226,Gyroscope,0.5833763000000001,0.33964106,-0.7122689,1566947980112
31249,226,Accelerometer,-8.732851,-2.9520507,5.117605999999999,1566947980113
31250,226,Gyroscope,0.54305923,0.32498032,-0.6982189999999999,1566947980122
31251,226,Accelerometer,-8.232463000000001,-3.1304187999999997,5.029021,1566947980123
31252,226,Gyroscope,0.5290093000000001,0.30848694,-0.6817255999999999,1566947980132
31253,226,Accelerometer,-7.6638399999999995,-3.1675289,5.027823400000001,1566947980133
31254,226,Gyroscope,0.5326744999999999,0.28405234,-0.66523224,1566947980142
31255,226,Accelerometer,-7.285556,-3.168726,5.045780000000001,1566947980143
31256,226,Gyroscope,0.54733527,0.24923302,-0.65301496,1566947980152
31257,226,Accelerometer,-6.9743094,-3.0969,5.0721164000000005,1566947980153
31258,226,Gyroscope,0.5522222,0.20341812,-0.63346726,1566947980162
31259,226,Accelerometer,-6.8342485,-3.0550013,5.070919,1566947980163
31260,226,Gyroscope,0.55833083,0.16310102,-0.59620446,1566947980172
31261,226,Accelerometer,-6.7983356,-2.954445,5.2277393,1566947980173
31262,226,Gyroscope,0.57360244,0.16493362,-0.5516113,1566947980182
31263,226,Accelerometer,-6.6774287,-2.8000187999999997,5.5329999999999995,1566947980183
31264,226,Gyroscope,0.60903263,0.18325958,-0.50518554,1566947980192
31265,226,Accelerometer,-6.6606693,-2.7760768,5.767632,1566947980193
31266,226,Gyroscope,0.6469063,0.21563543,-0.47036624,1566947980202
31267,226,Accelerometer,-6.777985,-2.930503,5.955577,1566947980203
31268,226,Gyroscope,0.66645396,0.25473082,-0.43982297,1566947980212
31269,226,Accelerometer,-7.025785000000001,-2.9520507,5.9807158,1566947980213
31270,226,Gyroscope,0.6591236,0.2724459,-0.40622538,1566947980222
31271,226,Accelerometer,-7.171831,-2.8778305,5.960365299999999,1566947980223
31272,226,Gyroscope,0.64568454,0.27183503,-0.38851030000000003,1566947980233
31273,226,Accelerometer,-7.247248599999999,-2.7748797,5.9986725,1566947980233
31274,226,Gyroscope,0.63591075,0.2883284,-0.38912117,1566947980242
31275,226,Accelerometer,-7.393294999999999,-2.717419,5.8466406,1566947980243
31276,226,Gyroscope,0.6365215999999999,0.28527406,-0.39950588,1566947980252
31277,226,Accelerometer,-7.5549035,-2.6276363999999997,5.653907299999999,1566947980253
31278,226,Gyroscope,0.6536258,0.28099802,-0.4166101,1566947980263
31279,226,Accelerometer,-7.559692,-2.5079262000000004,5.5820813,1566947980263
31280,226,Gyroscope,0.68294734,0.27122417,-0.43799037,1566947980272
31281,226,Accelerometer,-7.547721000000001,-2.4504653999999997,5.530606,1566947980273
31282,226,Gyroscope,0.7128797,0.26022860000000003,-0.4636467000000001,1566947980282
31283,226,Accelerometer,-7.571663,-2.5079262000000004,5.463568,1566947980283
31284,226,Gyroscope,0.7275404999999999,0.23701571,-0.48380527,1566947980292
31285,226,Accelerometer,-7.5968018,-2.6192567,5.4061074,1566947980293
31286,226,Gyroscope,0.7263188,0.20280726,-0.49846604,1566947980302
31287,226,Accelerometer,-7.584830800000001,-2.6408044999999998,5.2852,1566947980303
31288,226,Gyroscope,0.70921457,0.18387043,-0.50823987,1566947980312
31289,226,Accelerometer,-7.477092,-2.6396074,5.2804117,1566947980313
31290,226,Gyroscope,0.6872234,0.18081611,-0.50701815,1566947980322
31291,226,Accelerometer,-7.467515,-2.7473464,5.3606176,1566947980323
31292,226,Gyroscope,0.6731735,0.19120082,-0.50335294,1566947980332
31293,226,Accelerometer,-7.551311999999999,-2.858677,5.410896,1566947980333
31294,226,Gyroscope,0.6554584,0.19058995,-0.49663344,1566947980342
31295,226,Accelerometer,-7.6578539999999995,-2.9149406000000004,5.449203,1566947980343
31296,226,Gyroscope,0.6426301999999999,0.19181168,-0.4886922,1566947980352
31297,226,Accelerometer,-7.796717599999999,-2.967613,5.459976999999999,1566947980353
31298,226,Gyroscope,0.62125,0.20341812,-0.47952923,1566947980363
31299,226,Accelerometer,-7.813477000000001,-2.9041667,5.45878,1566947980363
31300,226,Gyroscope,0.6078109,0.22235495,-0.47647488,1566947980372
31301,226,Accelerometer,-7.667431,-2.8754362999999996,5.553351,1566947980373
31302,226,Gyroscope,0.6059783000000001,0.2302962,-0.4728097,1566947980382
31303,226,Accelerometer,-7.702147,-2.9771897999999997,5.543774,1566947980383
31304,226,Gyroscope,0.6072,0.22113322,-0.46914452,1566947980392
31305,226,Accelerometer,-7.69257,-3.0609868,5.45878,1566947980393
31306,226,Gyroscope,0.5992588000000001,0.20219639,-0.462425,1566947980402
31307,226,Accelerometer,-7.6494746,-3.0059202000000003,5.3402667,1566947980403
31308,226,Gyroscope,0.59437186,0.18631389999999998,-0.462425,1566947980412
31309,226,Accelerometer,-7.5369470000000005,-2.9029696,5.346252400000001,1566947980413
31310,226,Gyroscope,0.5882632,0.17959438,-0.462425,1566947980422
31311,226,Accelerometer,-7.4758949999999995,-2.8299465,5.4168816,1566947980423
31312,226,Gyroscope,0.58093286,0.17592919,-0.4654793,1566947980432
31313,226,Accelerometer,-7.551311999999999,-2.8766334,5.4527946,1566947980433
31314,226,Gyroscope,0.5705481,0.16065755,-0.46303585,1566947980442
31315,226,Accelerometer,-7.6578539999999995,-2.846706,5.4515970000000005,1566947980443
31316,226,Gyroscope,0.5534439,0.15149458,-0.4569272,1566947980452
31317,226,Accelerometer,-7.659051400000001,-2.7114333999999998,5.4779334,1566947980453
31318,226,Gyroscope,0.52778757,0.15332718,-0.44837508,1566947980462
31319,226,Accelerometer,-7.636306299999999,-2.6898855999999998,5.473145,1566947980463
31320,226,Gyroscope,0.5027421,0.16004670000000001,-0.43249258,1566947980473
31321,226,Accelerometer,-7.582436599999999,-2.7114333999999998,5.45878,1566947980473
31322,226,Gyroscope,0.49113566,0.15393804,-0.42332962,1566947980482
31323,226,Accelerometer,-7.428011,-2.6898855999999998,5.5126495,1566947980483
31324,226,Gyroscope,0.49602258,0.14294247,-0.41905355,1566947980492
31325,226,Accelerometer,-7.311891999999999,-2.6264392999999995,5.6179943,1566947980493
31326,226,Gyroscope,0.5009095,0.14110987,-0.4166101,1566947980502
31327,226,Accelerometer,-7.217321000000001,-2.5701754,5.665878299999999,1566947980503
31328,226,Gyroscope,0.49541172,0.14477506,-0.41355577,1566947980512
31329,226,Accelerometer,-7.28795,-2.5151088,5.6443305,1566947980513
31330,226,Gyroscope,0.47586402,0.14294247,-0.40866885,1566947980522
31331,226,Accelerometer,-7.3310455999999995,-2.4193408,5.707777,1566947980523
31332,226,Gyroscope,0.4550946,0.13805555,-0.40133846,1566947980532
31333,226,Accelerometer,-7.393294999999999,-2.44448,5.627571,1566947980533
31334,226,Gyroscope,0.4288274,0.13072516,-0.3866777,1566947980542
31335,226,Accelerometer,-7.487866,-2.517503,5.542577,1566947980543
31336,226,Gyroscope,0.40011674,0.11484267,-0.36713,1566947980552
31337,226,Accelerometer,-7.4339960000000005,-2.7150247000000003,5.517437999999999,1566947980553
31338,226,Gyroscope,0.38362336,0.08735373,-0.3286455,1566947980562
31339,226,Accelerometer,-7.309498,-2.895787,5.4911017,1566947980563
31340,226,Gyroscope,0.37934732,0.07880162,-0.28955013,1566947980572
31341,226,Accelerometer,-7.290344,-2.9712042999999997,5.547365,1566947980573
31342,226,Gyroscope,0.39095375,0.10079276599999999,-0.25167647,1566947980582
31343,226,Accelerometer,-7.144297999999999,-2.9891607999999996,5.5856724,1566947980583
31344,226,Gyroscope,0.398895,0.12705997,-0.21502456,1566947980592
31345,226,Accelerometer,-7.592013400000001,-2.9340942,5.389348,1566947980593
31346,226,Gyroscope,0.38851030000000003,0.15149458,-0.1881465,1566947980602
31347,226,Accelerometer,-7.5453267,-2.8299465,5.3618144999999995,1566947980603
31348,226,Gyroscope,0.37201694,0.14782938,-0.16004670000000001,1566947980613
31349,226,Accelerometer,-7.656657000000001,-2.6491842,5.4420204000000005,1566947980613
31350,226,Gyroscope,0.36102137,0.13622294,-0.13316862,1566947980622
31351,226,Accelerometer,-7.831434,-2.5103204,5.5030727,1566947980623
31352,226,Gyroscope,0.35491269999999997,0.14355333,-0.11056661,1566947980632
31353,226,Accelerometer,-7.824250999999999,-2.3582888,5.5629277,1566947980633
31354,226,Gyroscope,0.35979962,0.15882497,-0.092240654,1566947980642
31355,226,Accelerometer,-7.8577699999999995,-2.1847090000000002,5.627571,1566947980643
31356,226,Gyroscope,0.37812558,0.17715092,-0.08857546,1566947980652
31357,226,Accelerometer,-7.8709383,-2.0949266,5.639542,1566947980653
31358,226,Gyroscope,0.40500367,0.18509217,-0.1020145,1566947980662
31359,226,Accelerometer,-7.8709383,-1.99437,5.577293,1566947980663
31360,226,Gyroscope,0.41966440000000005,0.1826487,-0.13500121,1566947980672
31361,226,Accelerometer,-7.9068513,-1.8339584999999998,5.5102553,1566947980673
31362,226,Gyroscope,0.41233405,0.18020524,-0.18203785,1566947980682
31363,226,Accelerometer,-7.97748,-1.6879122,5.449203,1566947980683
31364,226,Gyroscope,0.38789943,0.17959438,-0.23518312,1566947980692
31365,226,Accelerometer,-8.069656,-1.6639702,5.446809,1566947980693
31366,226,Gyroscope,0.35979962,0.17592919,-0.2846632,1566947980702
31367,226,Accelerometer,-8.090008000000001,-1.8183962,5.322310400000001,1566947980703
31368,226,Gyroscope,0.33475417,0.16310102,-0.32070425,1566947980712
31369,226,Accelerometer,-8.020576,-2.0614076,5.3139305,1566947980713
31370,226,Gyroscope,0.32314770000000004,0.15454891,-0.34025195,1566947980722
31371,226,Accelerometer,-7.8733325,-2.2601264,5.335478299999999,1566947980723
31372,226,Gyroscope,0.33292156,0.14110987,-0.3475823,1566947980732
31373,226,Accelerometer,-7.7440453,-2.3546975,5.3785739999999995,1566947980733
31374,226,Gyroscope,0.35430184,0.1337795,-0.34636059999999996,1566947980742
31375,226,Accelerometer,-7.690175999999999,-2.3774424,5.4001220000000005,1566947980743
31376,226,Gyroscope,0.38240165,0.12522738,-0.34513888,1566947980753
31377,226,Accelerometer,-7.699753,-2.384625,5.4563856,1566947980753
31378,226,Gyroscope,0.40744713,0.11789699,-0.34147367,1566947980762
31379,226,Accelerometer,-7.787141,-2.3630772,5.4934959999999995,1566947980763
31380,226,Gyroscope,0.43310347,0.10629055,-0.3371976,1566947980772
31381,226,Accelerometer,-7.856573,-2.3319526,5.57849,1566947980773
31382,226,Gyroscope,0.4447099,0.112399206,-0.3268129,1566947980782
31383,226,Accelerometer,-7.9343843,-2.2457612,5.6347537,1566947980783
31384,226,Gyroscope,0.44776422,0.1142318,-0.30970868,1566947980792
31385,226,Accelerometer,-7.989451,-2.067393,5.7209449999999995,1566947980793
31386,226,Gyroscope,0.42943826,0.099571034,-0.3036,1566947980802
31387,226,Accelerometer,-8.039729,-1.9021933000000002,5.5725045,1566947980803
31388,226,Gyroscope,0.42210788,0.08796459400000001,-0.29565877,1566947980812
31389,226,Accelerometer,-8.118738,-1.7753005000000002,5.559336,1566947980813
31390,226,Gyroscope,0.42149702,0.09285152,-0.29382620000000004,1566947980822
31391,226,Accelerometer,-8.125919999999999,-1.5693992,5.664681400000001,1566947980823
31392,226,Gyroscope,0.41294490000000006,0.11056661,-0.30176744,1566947980832
31393,226,Accelerometer,-8.12233,-1.42455,5.815516000000001,1566947980833
31394,226,Gyroscope,0.39950588,0.12339478,-0.31337386,1566947980843
31395,226,Accelerometer,-8.10557,-1.3623008,5.934029,1566947980843
31396,226,Gyroscope,0.37323865,0.14966199,-0.32009340000000003,1566947980852
31397,226,Accelerometer,-8.040925999999999,-1.376666,6.063316,1566947980853
31398,226,Gyroscope,0.35002577,0.17409660000000002,-0.31887165,1566947980862
31399,226,Accelerometer,-7.921216499999999,-1.4269443000000002,6.1399302,1566947980863
31400,226,Gyroscope,0.3304781,0.19058995,-0.30970868,1566947980872
31401,226,Accelerometer,-7.807492,-1.532289,6.0800753,1566947980873
31402,226,Gyroscope,0.32559118,0.19608775,-0.29382620000000004,1566947980883
31403,226,Accelerometer,-7.753622,-1.5741876000000001,5.949591000000001,1566947980883
31404,226,Gyroscope,0.32070425,0.19120082,-0.2742785,1566947980892
31405,226,Accelerometer,-7.619547,-1.541866,5.8107276,1566947980893
31406,226,Gyroscope,0.32070425,0.18753563,-0.25534168,1566947980902
31407,226,Accelerometer,-7.538144,-1.5155296,5.7065797,1566947980903
31408,226,Gyroscope,0.32375857,0.18753563,-0.23823744,1566947980912
31409,226,Accelerometer,-7.467515,-1.496376,5.6586957,1566947980913
31410,226,Gyroscope,0.32314770000000004,0.19242255,-0.22235495,1566947980922
31411,226,Accelerometer,-7.429208,-1.4736311000000002,5.673061,1566947980923
31412,226,Gyroscope,0.32742378,0.19792034,-0.20830505,1566947980933
31413,226,Accelerometer,-7.445967,-1.5083469999999999,5.767632,1566947980933
31414,226,Gyroscope,0.32559118,0.204029,-0.19975294,1566947980942
31415,226,Accelerometer,-7.451953,-1.5466543,5.7999535,1566947980943
31416,226,Gyroscope,0.32131509999999996,0.20097467,-0.20830505,1566947980952
31417,226,Accelerometer,-7.468712299999999,-1.4891934,5.7760115,1566947980953
31418,226,Gyroscope,0.32375857,0.19853121,-0.2321288,1566947980962
31419,226,Accelerometer,-7.467515,-1.364695,5.8059389999999995,1566947980963
31420,226,Gyroscope,0.32620203,0.19120082,-0.26450464,1566947980973
31421,226,Accelerometer,-7.553706,-1.271321,5.731719,1566947980973
31422,226,Gyroscope,0.31703907,0.19608775,-0.3005457,1566947980982
31423,226,Accelerometer,-7.69257,-1.2378023,5.511451999999999,1566947980983
31424,226,Gyroscope,0.29871312,0.18387043,-0.32986724,1566947980992
31425,226,Accelerometer,-7.8853035,-1.3670892,5.4563856,1566947980993
31426,226,Gyroscope,0.27488935,0.16004670000000001,-0.34880406,1566947981002
31427,226,Accelerometer,-7.905653999999999,-1.4784195,5.427655000000001,1566947981003
31428,226,Gyroscope,0.25717425,0.14294247,-0.3567453,1566947981012
31429,226,Accelerometer,-7.8637557000000005,-1.6041151000000002,5.5150437000000005,1566947981014
31430,226,Gyroscope,0.2443461,0.14049901,-0.34574974,1566947981022
31431,226,Accelerometer,-7.7572136,-1.6759412,5.54138,1566947981023
31432,226,Gyroscope,0.22907446,0.14477506,-0.33841935,1566947981032
31433,226,Accelerometer,-7.6135616,-1.7226281000000003,5.577293,1566947981033
31434,226,Gyroscope,0.21563543,0.15332718,-0.32620203,1566947981042
31435,226,Accelerometer,-7.431602000000001,-1.614889,5.711368,1566947981043
31436,226,Gyroscope,0.19730948,0.17531833,-0.32436943,1566947981052
31437,226,Accelerometer,-7.314286,-1.5215151000000002,5.7520695,1566947981053
31438,226,Gyroscope,0.17654006,0.17654006,-0.32925636,1566947981062
31439,226,Accelerometer,-7.260416499999999,-1.4999673,5.722142,1566947981063
31440,226,Gyroscope,0.15943582,0.17531833,-0.34636059999999996,1566947981072
31441,226,Accelerometer,-7.237672,-1.5705963,5.73531,1566947981073
31442,226,Gyroscope,0.14538592,0.18570304,-0.36041048,1566947981082
31443,226,Accelerometer,-7.345411,-1.6831238000000002,5.8586116,1566947981083
31444,226,Gyroscope,0.12461651,0.21930063,-0.36835176,1566947981092
31445,226,Accelerometer,-7.5309615,-1.9105729999999999,5.9160724,1566947981093
31446,226,Gyroscope,0.12156218,0.23335053,-0.36102137,1566947981102
31447,226,Accelerometer,-7.5106106,-2.0242975,5.957971,1566947981103
31448,226,Gyroscope,0.12461651,0.24801129,-0.35857790000000006,1566947981113
31449,226,Accelerometer,-7.363367599999999,-2.1643584,5.960365299999999,1566947981113
31450,226,Gyroscope,0.14172074,0.25534168,-0.36346483,1566947981122
31451,226,Accelerometer,-7.3202715,-2.348712,5.895722,1566947981123
31452,226,Gyroscope,0.172264,0.27000242,-0.37140608,1566947981132
31453,226,Accelerometer,-7.4399820000000005,-2.5713725,5.681441,1566947981133
31454,226,Gyroscope,0.20280726,0.2724459,-0.37140608,1566947981142
31455,226,Accelerometer,-7.631517999999999,-2.8395232999999998,5.4049106,1566947981143
31456,226,Gyroscope,0.21685717,0.26816985,-0.36468655,1566947981152
31457,226,Accelerometer,-7.839813,-3.0741549999999997,5.21098,1566947981153
31458,226,Gyroscope,0.22602014,0.24617869,-0.35308012,1566947981162
31459,226,Accelerometer,-8.127118,-3.2237926,5.0984526,1566947981163
31460,226,Gyroscope,0.23579398,0.2144137,-0.34391713,1566947981172
31461,226,Accelerometer,-8.0924015,-3.3243492,5.064934,1566947981173
31462,226,Gyroscope,0.24740042,0.16554448,-0.33353242,1566947981183
31463,226,Accelerometer,-8.161833999999999,-3.2944214,5.0745106,1566947981183
31464,226,Gyroscope,0.26206118,0.08796459400000001,-0.33169982,1566947981192
31465,226,Accelerometer,-8.118738,-3.1531637000000003,5.060145400000001,1566947981193
31466,226,Gyroscope,0.26633725,-0.0012217305,-0.33108896,1566947981202
31467,226,Accelerometer,-8.024167,-3.0154970000000003,5.0134583,1566947981203
31468,226,Gyroscope,0.26694809999999997,-0.09101892,-0.30848694,1566947981212
31469,226,Accelerometer,-7.880514999999999,-2.8119897999999997,5.1343656,1566947981213
31470,226,Gyroscope,0.267559,-0.13988814,-0.27855456,1566947981222
31471,226,Accelerometer,-7.7428484,-2.5629928,5.3582234,1566947981223
31472,226,Gyroscope,0.26878070000000004,-0.14782938,-0.25595254,1566947981232
31473,226,Accelerometer,-7.478289,-2.409764,5.6407394,1566947981233
31474,226,Gyroscope,0.2706133,-0.119729586,-0.23396139,1566947981242
31475,226,Accelerometer,-7.2915410000000005,-2.3379380000000003,5.930437599999999,1566947981243
31476,226,Gyroscope,0.27366763,-0.059864793,-0.21502456,1566947981252
31477,226,Accelerometer,-7.193378999999999,-2.3582888,6.1183825,1566947981253
31478,226,Gyroscope,0.26389378,0.029321532999999997,-0.21197024,1566947981263
31479,226,Accelerometer,-7.125144500000001,-2.3535004,6.1890116,1566947981263
31480,226,Gyroscope,0.25961772,0.08796459400000001,-0.22418754,1566947981272
31481,226,Accelerometer,-7.1191587,-2.3618799999999998,6.1973910000000005,1566947981273
31482,226,Gyroscope,0.25595254,0.14844026,-0.23579398,1566947981282
31483,226,Accelerometer,-7.1826053,-2.3379380000000003,6.18542,1566947981283
31484,226,Gyroscope,0.26633725,0.19181168,-0.25167647,1566947981292
31485,226,Accelerometer,-7.1981673,-2.3918076,6.0908489999999995,1566947981293
31486,226,Gyroscope,0.28283059999999993,0.21868975,-0.26511553,1566947981302
31487,226,Accelerometer,-7.2831616,-2.529474,5.963956400000001,1566947981303
31488,226,Gyroscope,0.30115658,0.22357668,-0.267559,1566947981313
31489,226,Accelerometer,-7.369353,-2.6420016,5.801151,1566947981313
31490,226,Gyroscope,0.31764993,0.21135938,-0.26328292,1566947981322
31491,226,Accelerometer,-7.431602000000001,-2.7593174,5.685032,1566947981323
31492,226,Gyroscope,0.32253686,0.18142697,-0.25411993,1566947981332
31493,226,Accelerometer,-7.5668745,-2.837129,5.595249,1566947981333
31494,226,Gyroscope,0.31887165,0.14049901,-0.24862215,1566947981342
31495,226,Accelerometer,-7.5369470000000005,-2.8550856,5.591658,1566947981343
31496,226,Gyroscope,0.30970868,0.08979719,-0.23945917,1566947981353
31497,226,Accelerometer,-7.502231,-2.8658595,5.6156,1566947981353
31498,226,Gyroscope,0.30543262,0.054367005999999996,-0.22479841,1566947981362
31499,226,Accelerometer,-7.351396,-2.8491,5.731719,1566947981363
31500,226,Gyroscope,0.3036,0.052534412999999995,-0.21013765,1566947981372
31501,226,Accelerometer,-7.299921,-2.9556419999999997,5.8215012999999995,1566947981373
31502,226,Gyroscope,0.3036,0.070249505,-0.19181168,1566947981382
31503,226,Accelerometer,-7.4016747,-2.992752,5.881356200000001,1566947981383
31504,226,Gyroscope,0.29443705,0.10079276599999999,-0.17165314,1566947981392
31505,226,Accelerometer,-7.4974427,-2.9855695,5.8382607,1566947981393
31506,226,Gyroscope,0.28588495,0.12034045,-0.16065755,1566947981402
31507,226,Accelerometer,-7.404069,-2.9173348,5.768829,1566947981403
31508,226,Gyroscope,0.27977628,0.13133603,-0.14721853,1566947981412
31509,226,Accelerometer,-7.247248599999999,-2.8311436000000003,5.6946087,1566947981413
31510,226,Gyroscope,0.2779437,0.13500121,-0.13927728,1566947981422
31511,226,Accelerometer,-7.0485296,-2.7473464,5.5748987,1566947981423
31512,226,Gyroscope,0.2779437,0.13927728,-0.14110987,1566947981432
31513,226,Accelerometer,-6.906075,-2.7018566,5.5581393,1566947981433
31514,226,Gyroscope,0.27977628,0.14660765,-0.15332718,1566947981442
31515,226,Accelerometer,-6.9228344,-2.7042507999999996,5.6203885,1566947981443
31516,226,Gyroscope,0.27366763,0.14966199,-0.17104226,1566947981453
31517,226,Accelerometer,-7.351396,-2.622848,5.7029886,1566947981453
31518,226,Gyroscope,0.26022860000000003,0.13927728,-0.18631389999999998,1566947981462
31519,226,Accelerometer,-7.4184339999999995,-2.621651,5.8262897,1566947981463
31520,226,Gyroscope,0.23945917,0.1386664,-0.20525073,1566947981472
31521,226,Accelerometer,-7.442375999999999,-2.706645,5.9292407,1566947981473
31522,226,Gyroscope,0.22296582,0.14294247,-0.22052236,1566947981482
31523,226,Accelerometer,-7.597999000000001,-2.8287494,5.851429,1566947981483
31524,226,Gyroscope,0.18692477,0.13072516,-0.21685717,1566947981492
31525,226,Accelerometer,-7.659051400000001,-2.8886043999999997,5.792771,1566947981493
31526,226,Gyroscope,0.17409660000000002,0.11789699,-0.21074851,1566947981503
31527,226,Accelerometer,-7.4124484,-2.932897,5.8179099999999995,1566947981503
31528,226,Gyroscope,0.16249016,0.10323623,-0.19792034,1566947981512
31529,226,Accelerometer,-7.2245035,-2.8682537,5.753267,1566947981513
31530,226,Gyroscope,0.15454891,0.10629055,-0.18325958,1566947981522
31531,226,Accelerometer,-7.153875,-2.8215668,5.803545,1566947981523
31532,226,Gyroscope,0.15271631,0.12217305,-0.16493362,1566947981532
31533,226,Accelerometer,-7.050924,-2.8287494,5.8693852,1566947981533
31534,226,Gyroscope,0.14110987,0.13927728,-0.16004670000000001,1566947981542
31535,226,Accelerometer,-7.0664864000000005,-2.8155810000000003,5.8226986,1566947981543
31536,226,Gyroscope,0.12339478,0.14905111,-0.15454891,1566947981552
31537,226,Accelerometer,-7.1466923,-2.8526914,5.753267,1566947981553
31538,226,Gyroscope,0.09590584,0.15577064,-0.1441642,1566947981563
31539,226,Accelerometer,-7.180211,-2.9161377,5.693412,1566947981563
31540,226,Gyroscope,0.07574729,0.15210545,-0.13072516,1566947981572
31541,226,Accelerometer,-7.186196300000001,-2.9388826,5.623979599999999,1566947981573
31542,226,Gyroscope,0.06780604,0.14721853,-0.1142318,1566947981582
31543,226,Accelerometer,-7.200561500000001,-2.9747956,5.559336,1566947981583
31544,226,Gyroscope,0.076358154,0.14966199,-0.09712757,1566947981592
31545,226,Accelerometer,-7.2304892999999995,-3.0597897,5.566519,1566947981593
31546,226,Gyroscope,0.09468412,0.14477506,-0.08735373,1566947981602
31547,226,Accelerometer,-7.201759,-3.1735144,5.5258174,1566947981603
31548,226,Gyroscope,0.11362094,0.1441642,-0.08368854,1566947981612
31549,226,Accelerometer,-7.2268977,-3.2393548,5.519832,1566947981613
31550,226,Gyroscope,0.12522738,0.15210545,-0.073303826,1566947981622
31551,226,Accelerometer,-7.3430165999999994,-3.1914709,5.4384294,1566947981623
31552,226,Gyroscope,0.11789699,0.15271631,-0.069027774,1566947981632
31553,226,Accelerometer,-7.4567413,-3.1256304,5.4049106,1566947981633
31554,226,Gyroscope,0.10995574,0.15699236,-0.06780604,1566947981643
31555,226,Accelerometer,-7.483077499999999,-3.1304187999999997,5.430049400000001,1566947981643
31556,226,Gyroscope,0.10567969,0.16310102,-0.06291912,1566947981652
31557,226,Accelerometer,-7.5333557,-3.1411927000000004,5.3725886,1566947981653
31558,226,Gyroscope,0.09896017,0.18020524,-0.047647487,1566947981662
31559,226,Accelerometer,-7.653065700000001,-3.1615434,5.2444987,1566947981663
31560,226,Gyroscope,0.1020145,0.17531833,-0.017104227,1566947981672
31561,226,Accelerometer,-7.762002000000001,-3.0011318,5.092467,1566947981673
31562,226,Gyroscope,0.11789699,0.13439035,0.027488936000000002,1566947981682
31563,226,Accelerometer,-7.643489,-2.8419175,5.121197,1566947981683
31564,226,Gyroscope,0.16126843,0.0720821,0.07086037,1566947981693
31565,226,Accelerometer,-7.700949700000001,-2.6599581000000003,5.2277393,1566947981693
31566,226,Gyroscope,0.21135938,0.017104227,0.10079276599999999,1566947981702
31567,226,Accelerometer,-7.8158712,-2.3415293999999998,5.3247046,1566947981703
31568,226,Gyroscope,0.24068089999999998,0.017104227,0.1160644,1566947981712
31569,226,Accelerometer,-7.69257,-2.0231004,5.3522377,1566947981713
31570,226,Gyroscope,0.2443461,-0.015271631,0.099571034,1566947981722
31571,226,Accelerometer,-7.78355,-1.8339584999999998,5.434838,1566947981723
31572,226,Gyroscope,0.22907446,-0.023823743999999997,0.059253927000000005,1566947981732
31573,226,Accelerometer,-8.032547000000001,-1.6388310000000001,5.664681400000001,1566947981733
31574,226,Gyroscope,0.21135938,-0.015271631,0.0012217305,1566947981742
31575,226,Accelerometer,-8.254010000000001,-1.4460978999999998,6.0130377,1566947981743
31576,226,Gyroscope,0.18448131,0.012217305,-0.05375614,1566947981753
31577,226,Accelerometer,-8.264783999999999,-1.3563153000000001,6.179435,1566947981753
31578,226,Gyroscope,0.13683382,0.028099801,-0.112399206,1566947981762
31579,226,Accelerometer,-8.206126,-1.3730746999999999,6.0381765,1566947981763
31580,226,Gyroscope,0.10262536,0.035430185,-0.15271631,1566947981772
31581,226,Accelerometer,-8.12233,-1.5394716999999998,5.910087,1566947981773
31582,226,Gyroscope,0.08124508,0.056199603,-0.16004670000000001,1566947981782
31583,226,Accelerometer,-7.9188222999999995,-1.7848773999999998,5.872977,1566947981783
31584,226,Gyroscope,0.086132,0.081855945,-0.13988814,1566947981792
31585,226,Accelerometer,-7.697358599999999,-1.9500773,5.9148755,1566947981793
31586,226,Gyroscope,0.10873401,0.103847094,-0.11178834,1566947981803
31587,226,Accelerometer,-7.5453267,-2.0506337,5.959168,1566947981803
31588,226,Gyroscope,0.12522738,0.12644911,-0.07574729,1566947981813
31589,226,Accelerometer,-7.422025,-2.1140802000000005,6.008249299999999,1566947981813
31590,226,Gyroscope,0.12644911,0.14538592,-0.04153884,1566947981822
31591,226,Accelerometer,-7.3190745999999995,-2.0841526999999997,6.048950700000001,1566947981823
31592,226,Gyroscope,0.12156218,0.15943582,-0.013439035,1566947981832
31593,226,Accelerometer,-7.3166804,-2.0518308000000003,6.0836663,1566947981833
31594,226,Gyroscope,0.10445796,0.16982053,0.0036651915999999997,1566947981842
31595,226,Accelerometer,-7.3992805,-2.0410569,5.973533,1566947981843
31596,226,Gyroscope,0.093462385,0.17104226,0.022602014,1566947981853
31597,226,Accelerometer,-7.499836999999999,-2.0697872999999998,5.8226986,1566947981853
31598,226,Gyroscope,0.10751228,0.18448131,0.032375857,1566947981862
31599,226,Accelerometer,-7.5572976999999995,-1.9847932000000001,5.762843599999999,1566947981863
31600,226,Gyroscope,0.15393804,0.19547687,0.031154128,1566947981872
31601,226,Accelerometer,-7.717708999999999,-1.8052281000000003,5.7209449999999995,1566947981873
31602,226,Gyroscope,0.20280726,0.19975294,0.02076942,1566947981882
31603,226,Accelerometer,-7.987056699999999,-1.6041151000000002,5.555745,1566947981883
31604,226,Gyroscope,0.23518312,0.17959438,-0.0012217305,1566947981892
31605,226,Accelerometer,-8.275558,-1.3132197,5.29358,1566947981893
31606,226,Gyroscope,0.22602014,0.13072516,-0.012217305,1566947981902
31607,226,Accelerometer,-8.479065,-0.9804255999999999,4.9320555,1566947981903
31608,226,Gyroscope,0.17470746,0.069027774,-0.017715093,1566947981913
31609,226,Accelerometer,-8.425196000000001,-0.31124622,4.662708,1566947981913
31610,226,Gyroscope,0.10995574,0.020158553,-0.02321288,1566947981922
31611,226,Accelerometer,-8.283937,-0.16280572,4.795586,1566947981923
31612,226,Gyroscope,0.06841691,-0.01282817,-0.032375857,1566947981932
31613,226,Accelerometer,-8.121132000000001,-0.24061728,5.014655599999999,1566947981933
31614,226,Gyroscope,0.047036625,-0.028099801,-0.056199603,1566947981942
31615,226,Accelerometer,-8.057686,-0.5590460999999999,5.21936,1566947981943
31616,226,Gyroscope,0.047036625,-0.049480084,-0.06658431,1566947981952
31617,226,Accelerometer,-7.9714947,-0.89543146,5.2983685,1566947981953
31618,226,Gyroscope,0.035430185,-0.06352998,-0.06780604,1566947981963
31619,226,Accelerometer,-7.824250999999999,-1.1156979999999999,5.3857565,1566947981963
31620,226,Gyroscope,0.02687807,-0.06719518,-0.07452556,1566947981972
31621,226,Accelerometer,-7.789535000000001,-1.3180081,5.5377884,1566947981973
31622,226,Gyroscope,0.023823743999999997,-0.06963864,-0.07819075,1566947981982
31623,226,Accelerometer,-7.7787614000000005,-1.4856021000000001,5.6156,1566947981983
31624,226,Gyroscope,0.021991148999999998,-0.073303826,-0.07819075,1566947981992
31625,226,Accelerometer,-7.779958199999999,-1.5969325,5.625177,1566947981993
31626,226,Gyroscope,0.017715093,-0.07819075,-0.07086037,1566947982002
31627,226,Accelerometer,-7.7224975,-1.5885528,5.619191000000001,1566947982003
31628,226,Gyroscope,0.017715093,-0.07513642,-0.06414085,1566947982012
31629,226,Accelerometer,-7.6614455999999995,-1.5382746,5.4647654999999995,1566947982013
31630,226,Gyroscope,-0.030543262,-0.06841691,-0.051923547,1566947982022
31631,226,Accelerometer,-7.383717999999999,-1.5191208999999999,5.29358,1566947982023
31632,226,Gyroscope,-0.06963864,-0.09040806,-0.043982297000000004,1566947982032
31633,226,Accelerometer,-7.050924,-1.4317327,5.066130599999999,1566947982033
31634,226,Gyroscope,-0.10079276599999999,-0.112399206,-0.039095376,1566947982042
31635,226,Accelerometer,-6.7612257,-1.3611037,5.2325277,1566947982043
31636,226,Gyroscope,-0.10995574,-0.096516706,-0.062308256,1566947982052
31637,226,Accelerometer,-6.725312700000001,-1.3551182,5.60722,1566947982053
31638,226,Gyroscope,-0.09407325,-0.04520403,-0.09468412,1566947982062
31639,226,Accelerometer,-7.0449386,-1.3718776000000001,6.0681043,1566947982063
31640,226,Gyroscope,-0.06597344599999999,0.009773844,-0.14782938,1566947982073
31641,226,Accelerometer,-7.323863,-1.5119383,6.3721676,1566947982073
31642,226,Gyroscope,-0.045814894,0.05009095,-0.20647246,1566947982082
31643,226,Accelerometer,-7.7153149999999995,-1.8459294999999998,6.381745,1566947982083
31644,226,Gyroscope,-0.04642576,0.08246681,-0.25167647,1566947982092
31645,226,Accelerometer,-8.111555000000001,-2.2697031,6.1890116,1566947982093
31646,226,Gyroscope,-0.05497787,0.11362094,-0.28038713,1566947982102
31647,226,Accelerometer,-8.506598,-2.6683377999999998,5.9986725,1566947982103
31648,226,Gyroscope,-0.06963864,0.14172074,-0.27122417,1566947982113
31649,226,Accelerometer,-8.754398,-2.9747956,5.7041855,1566947982113
31650,226,Gyroscope,-0.0842994,0.1563815,-0.21991149,1566947982122
31651,226,Accelerometer,-8.769960000000001,-3.064578,5.4408236,1566947982123
31652,226,Gyroscope,-0.093462385,0.12461651,-0.15699236,1566947982132
31653,226,Accelerometer,-8.619126,-3.0597897,5.4061074,1566947982133
31654,226,Gyroscope,-0.086132,0.06841691,-0.09101892,1566947982142
31655,226,Accelerometer,-8.285135,-2.992752,5.6060233,1566947982143
31656,226,Gyroscope,-0.06963864,0.014660766,-0.031154128,1566947982153
31657,226,Accelerometer,-7.8158712,-2.9077580000000003,5.8382607,1566947982153
31658,226,Gyroscope,-0.05131268,-0.04337143,-0.00061086525,1566947982162
31659,226,Accelerometer,-7.4483614000000005,-2.7988217,5.972336299999999,1566947982163
31660,226,Gyroscope,-0.04886922,-0.09040806,0.017104227,1566947982172
31661,226,Accelerometer,-7.107187700000001,-2.48159,5.9926867,1566947982173
31662,226,Gyroscope,-0.09712757,-0.064751714,0.05009095,1566947982182
31663,226,Accelerometer,-6.7827735,-2.2278047,5.984307299999999,1566947982183
31664,226,Gyroscope,-0.10873401,-0.027488936000000002,0.06963864,1566947982192
31665,226,Accelerometer,-6.682217,-2.1380222,6.1040173,1566947982193
31666,226,Gyroscope,-0.09773844,0.02443461,0.07696902,1566947982203
31667,226,Accelerometer,-6.6067995999999996,-2.1571757999999996,6.25964,1566947982203
31668,226,Gyroscope,-0.07696902,0.076358154,0.070249505,1566947982212
31669,226,Accelerometer,-6.787561999999999,-2.2349873,6.325481,1566947982213
31670,226,Gyroscope,-0.06169739,0.12156218,0.06414085,1566947982222
31671,226,Accelerometer,-7.1263413,-2.2014685000000003,6.1040173,1566947982223
31672,226,Gyroscope,-0.057421334000000004,0.16798794,0.054367005999999996,1566947982232
31673,226,Accelerometer,-7.311891999999999,-2.1511902999999997,5.8346696,1566947982233
31674,226,Gyroscope,-0.04337143,0.18448131,0.032375857,1566947982242
31675,226,Accelerometer,-7.507019500000001,-2.267309,5.6203885,1566947982243
31676,226,Gyroscope,-0.028099801,0.18203785,0.014660766,1566947982252
31677,226,Accelerometer,-7.7368627000000005,-2.4648306,5.374983,1566947982253
31678,226,Gyroscope,-0.015271631,0.16126843,0.0012217305,1566947982262
31679,226,Accelerometer,-7.8326306,-2.5103204,5.1918263,1566947982263
31680,226,Gyroscope,-0.004276057,0.12339478,-0.014660766,1566947982272
31681,226,Accelerometer,-7.7440453,-2.5725696,5.12838,1566947982273
31682,226,Gyroscope,0.02687807,0.06597344599999999,-0.03359759,1566947982282
31683,226,Accelerometer,-7.953538000000001,-2.6767175,5.153519,1566947982283
31684,226,Gyroscope,0.044593163,0.04276056599999999,-0.04886922,1566947982292
31685,226,Accelerometer,-8.1558485,-2.741361,5.1918263,1566947982293
31686,226,Gyroscope,0.040927973,0.029321532999999997,-0.05497787,1566947982302
31687,226,Accelerometer,-8.185775999999999,-2.706645,5.17387,1566947982303
31688,226,Gyroscope,0.032986722999999996,-0.004886922,-0.06841691,1566947982313
31689,226,Accelerometer,-8.135497,-2.7377696,5.234922,1566947982313
31690,226,Gyroscope,0.028099801,-0.03359759,-0.08063421400000001,1566947982322
31691,226,Accelerometer,-7.969100500000001,-2.871845,5.3259015,1566947982323
31692,226,Gyroscope,0.027488936000000002,-0.0580322,-0.08246681,1566947982332
31693,226,Accelerometer,-7.7727756999999995,-3.0322563999999996,5.432443599999999,1566947982333
31694,226,Gyroscope,0.034208454,-0.06963864,-0.07941248,1566947982342
31695,226,Accelerometer,-7.6219410000000005,-3.1064768,5.601235,1566947982343
31696,226,Gyroscope,0.03359759,-0.06536258,-0.06780604,1566947982352
31697,226,Accelerometer,-7.5213847000000005,-3.039439,5.7029886,1566947982353
31698,226,Gyroscope,0.040927973,-0.047036625,-0.0580322,1566947982363
31699,226,Accelerometer,-7.4088573,-2.932897,5.795165,1566947982363
31700,226,Gyroscope,0.047647487,-0.023823743999999997,-0.04520403,1566947982372
31701,226,Accelerometer,-7.228095,-2.8431146000000003,5.825093,1566947982373
31702,226,Gyroscope,0.05131268,-0.007941248,-0.027488936000000002,1566947982382
31703,226,Accelerometer,-7.0808516,-2.7509377,5.8454432,1566947982383
31704,226,Gyroscope,0.058643065,0.009773844,-0.017104227,1566947982392
31705,226,Accelerometer,-7.043741000000001,-2.6719291000000003,5.9867015,1566947982393
31706,226,Gyroscope,0.06597344599999999,0.019547688,-0.013439035,1566947982402
31707,226,Accelerometer,-7.169436999999999,-2.6671407000000005,5.942408599999999,1566947982403
31708,226,Gyroscope,0.061086524,0.03481932,-0.007330383,1566947982412
31709,226,Accelerometer,-7.247248599999999,-2.4947581000000003,5.865794,1566947982413
31710,226,Gyroscope,0.040927973,0.047647487,-0.009162978,1566947982422
31711,226,Accelerometer,-7.281964299999999,-2.3594859,5.8741736,1566947982423
31712,226,Gyroscope,0.018936822,0.06291912,-0.019547688,1566947982432
31713,226,Accelerometer,-7.2699933,-2.3032220000000003,5.954379599999999,1566947982433
31714,226,Gyroscope,-0.005497787,0.06658431,-0.037873644,1566947982442
31715,226,Accelerometer,-7.2424603,-2.2266076,5.923255,1566947982443
31716,226,Gyroscope,-0.031154128,0.05131268,-0.062308256,1566947982452
31717,226,Accelerometer,-7.351396,-2.3582888,5.8921304,1566947982453
31718,226,Gyroscope,-0.055588737,0.040927973,-0.08063421400000001,1566947982463
31719,226,Accelerometer,-7.489063000000001,-2.4289176,5.8334722999999995,1566947982463
31720,226,Gyroscope,-0.076358154,0.04886922,-0.081855945,1566947982472
31721,226,Accelerometer,-7.428011,-2.4277205000000004,5.8023477,1566947982473
31722,226,Gyroscope,-0.086132,0.05375614,-0.07819075,1566947982482
31723,226,Accelerometer,-7.311891999999999,-2.586935,5.816713,1566947982483
31724,226,Gyroscope,-0.08674286,0.051923547,-0.07086037,1566947982492
31725,226,Accelerometer,-7.366958599999999,-2.8634652999999997,5.7640405,1566947982493
31726,226,Gyroscope,-0.084910266,0.04520403,-0.05375614,1566947982502
31727,226,Accelerometer,-7.2580222999999995,-2.979584,5.6922144999999995,1566947982503
31728,226,Gyroscope,-0.084910266,0.049480084,-0.030543262,1566947982512
31729,226,Accelerometer,-7.0820484,-2.9867666,5.625177,1566947982513
31730,226,Gyroscope,-0.07513642,0.04520403,-0.01038471,1566947982523
31731,226,Accelerometer,-7.0581064,-3.0789435000000003,5.6886234,1566947982523
31732,226,Gyroscope,-0.05681047,0.043982297000000004,0.0036651915999999997,1566947982532
31733,226,Accelerometer,-7.1490865,-3.0514099999999997,5.7065797,1566947982533
31734,226,Gyroscope,-0.04520403,0.05497787,0.015271631,1566947982542
31735,226,Accelerometer,-7.157466,-2.9963433999999998,5.7496753,1566947982543
31736,226,Gyroscope,-0.034208454,0.06352998,0.017104227,1566947982552
31737,226,Accelerometer,-7.2484455,-3.0801406000000005,5.73531,1566947982553
31738,226,Gyroscope,-0.029321532999999997,0.055588737,0.018936822,1566947982562
31739,226,Accelerometer,-7.3825210000000006,-3.1711202000000003,5.619191000000001,1566947982563
31740,226,Gyroscope,-0.029932396,0.04642576,0.030543262,1566947982572
31741,226,Accelerometer,-7.422025,-3.1076740000000003,5.5509567,1566947982573
31742,226,Gyroscope,-0.031154128,0.04337143,0.040927973,1566947982583
31743,226,Accelerometer,-7.451953,-3.0310593,5.5329999999999995,1566947982583
31744,226,Gyroscope,-0.029932396,0.035430185,0.047647487,1566947982592
31745,226,Accelerometer,-7.381324,-3.0370448,5.5006785,1566947982593
31746,226,Gyroscope,-0.027488936000000002,0.02565634,0.0421497,1566947982602
31747,226,Accelerometer,-7.387309599999999,-3.0597897,5.5629277,1566947982603
31748,226,Gyroscope,-0.022602014,0.0067195175,0.039095376,1566947982612
31749,226,Accelerometer,-7.369353,-3.0466216,5.631162000000001,1566947982613
31750,226,Gyroscope,-0.02687807,-0.005497787,0.03176499,1566947982622
31751,226,Accelerometer,-7.410054,-2.9281087,5.7125654,1566947982623
31752,226,Gyroscope,-0.040927973,0.004276057,0.030543262,1566947982632
31753,226,Accelerometer,-7.4016747,-2.7437549999999997,5.683835,1566947982633
31754,226,Gyroscope,-0.07391469,0.016493361,0.045814894,1566947982642
31755,226,Accelerometer,-7.3334399999999995,-2.5366566,5.641936299999999,1566947982643
31756,226,Gyroscope,-0.08735373,0.0018325957999999999,0.062308256,1566947982652
31757,226,Accelerometer,-7.3083005000000005,-2.3834279,5.6670755999999995,1566947982653
31758,226,Gyroscope,-0.0842994,-0.03481932,0.07941248,1566947982662
31759,226,Accelerometer,-7.4124484,-2.1775265,5.717354,1566947982663
31760,226,Gyroscope,-0.07880162,-0.06414085,0.093462385,1566947982672
31761,226,Accelerometer,-7.414842599999999,-2.0530279,5.803545,1566947982673
31762,226,Gyroscope,-0.08979719,-0.059253927000000005,0.10262536,1566947982682
31763,226,Accelerometer,-7.437587700000001,-1.8842366999999998,5.9005103,1566947982683
31764,226,Gyroscope,-0.11789699,-0.018936822,0.111177474,1566947982692
31765,226,Accelerometer,-7.386112,-1.7429788,5.9124813,1566947982693
31766,226,Gyroscope,-0.15088372,0.025045475,0.1160644,1566947982702
31767,226,Accelerometer,-7.299921,-1.8195933000000002,5.8634,1566947982703
31768,226,Gyroscope,-0.16249016,0.06291912,0.11056661,1566947982712
31769,226,Accelerometer,-7.419631,-2.0207062,5.8837504,1566947982713
31770,226,Gyroscope,-0.15760323,0.10079276599999999,0.10262536,1566947982722
31771,226,Accelerometer,-7.643489,-2.2182279,5.9651537,1566947982723
31772,226,Gyroscope,-0.15027285,0.1423316,0.09896017,1566947982733
31773,226,Accelerometer,-7.765592999999999,-2.31639,5.8933277,1566947982733
31774,226,Gyroscope,-0.14721853,0.15699236,0.09407325,1566947982742
31775,226,Accelerometer,-7.945158500000001,-2.3451207000000003,5.653907299999999,1566947982743
31776,226,Gyroscope,-0.13927728,0.15760323,0.10079276599999999,1566947982752
31777,226,Accelerometer,-8.067263,-2.3187842,5.4623713,1566947982753
31778,226,Gyroscope,-0.12156218,0.16126843,0.105068825,1566947982762
31779,226,Accelerometer,-7.9846625,-2.3116016,5.4264584000000005,1566947982763
31780,226,Gyroscope,-0.089186326,0.15454891,0.10751228,1566947982772
31781,226,Accelerometer,-8.028955,-2.3546975,5.463568,1566947982773
31782,226,Gyroscope,-0.06597344599999999,0.1337795,0.10140363,1566947982782
31783,226,Accelerometer,-8.198944000000001,-2.2421699,5.3785739999999995,1566947982782
31784,226,Gyroscope,-0.07086037,0.11728613,0.084910266,1566947982793
31785,226,Accelerometer,-8.240842,-1.9416976000000001,5.317522,1566947982793
31786,226,Gyroscope,-0.09590584,0.089186326,0.064751714,1566947982802
31787,226,Accelerometer,-8.159439,-1.7010802999999999,5.2361193,1566947982803
31788,226,Gyroscope,-0.12644911,0.043982297000000004,0.037873644,1566947982812
31789,226,Accelerometer,-7.966706299999999,-1.5945383,5.159505,1566947982813
31790,226,Gyroscope,-0.13988814,0.009162978,0.009162978,1566947982822
31791,226,Accelerometer,-7.750031,-1.6472107,5.4192758,1566947982823
31792,226,Gyroscope,-0.12278391400000001,-0.0012217305,-0.010995574,1566947982832
31793,226,Accelerometer,-7.6351094,-1.6950948000000001,5.519832,1566947982833
31794,226,Gyroscope,-0.092240654,-0.009162978,-0.02076942,1566947982842
31795,226,Accelerometer,-7.562086,-1.6519991000000003,5.5844755,1566947982843
31796,226,Gyroscope,-0.058643065,-0.02565634,-0.02565634,1566947982852
31797,226,Accelerometer,-7.420828299999999,-1.5741876000000001,5.6826377,1566947982853
31798,226,Gyroscope,-0.037873644,-0.031154128,-0.044593163,1566947982862
31799,226,Accelerometer,-7.3071036,-1.6675615000000001,5.804742,1566947982863
31800,226,Gyroscope,-0.018325957,-0.03359759,-0.06719518,1566947982872
31801,226,Accelerometer,-7.4124484,-1.7046716,5.901707,1566947982873
31802,226,Gyroscope,-0.017104227,-0.026267206,-0.08552113,1566947982882
31803,226,Accelerometer,-7.376535400000001,-1.7178397,6.005855,1566947982883
31804,226,Gyroscope,-0.01282817,0.0061086523,-0.1020145,1566947982892
31805,226,Accelerometer,-7.4351935,-1.7884687,5.9747305,1566947982893
31806,226,Gyroscope,-0.012217305,0.022602014,-0.118507855,1566947982902
31807,226,Accelerometer,-7.325060000000001,-1.8519150000000002,5.9184665999999995,1566947982903
31808,226,Gyroscope,-0.0012217305,0.040927973,-0.13194689,1566947982912
31809,226,Accelerometer,-7.3885064,-1.9955671000000001,5.911283999999999,1566947982913
31810,226,Gyroscope,0.02443461,0.04642576,-0.1386664,1566947982922
31811,226,Accelerometer,-7.514202,-1.9201498,5.8705826,1566947982923
31812,226,Gyroscope,0.03359759,0.059864793,-0.15393804,1566947982932
31813,226,Accelerometer,-7.485471700000001,-1.7477672,5.804742,1566947982933
31814,226,Gyroscope,0.03176499,0.07819075,-0.17531833,1566947982942
31815,226,Accelerometer,-7.553706,-1.8124107,5.729325,1566947982943
31816,226,Gyroscope,0.019547688,0.08857546,-0.18875736,1566947982952
31817,226,Accelerometer,-7.681796,-2.0350714,5.57849,1566947982953
31818,226,Gyroscope,-0.0018325957999999999,0.08002335,-0.19608775,1566947982963
31819,226,Accelerometer,-7.741650999999999,-2.2589292999999997,5.470751,1566947982963
31820,226,Gyroscope,-0.014049901000000002,0.03481932,-0.18020524,1566947982972
31821,226,Accelerometer,-7.826645399999999,-2.4313118,5.5748987,1566947982973
31822,226,Gyroscope,-0.0067195175,-0.014660766,-0.16310102,1566947982982
31823,226,Accelerometer,-7.839813,-2.5366566,5.849035,1566947982983
31824,226,Gyroscope,-0.0030543262,-0.054367005999999996,-0.1441642,1566947982992
31825,226,Accelerometer,-7.9990277,-2.5761611,5.8346696,1566947982993
31826,226,Gyroscope,-0.02443461,-0.09040806,-0.09896017,1566947983002
31827,226,Accelerometer,-7.9882539999999995,-2.586935,5.8083334,1566947983003
31828,226,Gyroscope,-0.04520403,-0.07086037,-0.04153884,1566947983012
31829,226,Accelerometer,-7.726089,-2.6779146000000003,6.0716953,1566947983013
31830,226,Gyroscope,-0.04886922,-0.026267206,-0.007330383,1566947983023
31831,226,Accelerometer,-7.767987299999999,-2.8670566,6.1985884,1566947983023
31832,226,Gyroscope,-0.061086524,0.036651913,0.02443461,1566947983032
31833,226,Accelerometer,-7.767987299999999,-2.9436709999999997,6.113594,1566947983033
31834,226,Gyroscope,-0.09101892,0.11545353400000001,0.073303826,1566947983042
31835,226,Accelerometer,-7.599196000000001,-2.8850130000000003,6.002263500000001,1566947983043
31836,226,Gyroscope,-0.11728613,0.18081611,0.112399206,1566947983052
31837,226,Accelerometer,-7.514202,-2.7269957000000002,5.828684,1566947983053
31838,226,Gyroscope,-0.12095132,0.23640485,0.11545353400000001,1566947983062
31839,226,Accelerometer,-7.3777327999999995,-2.6288335,5.638344999999999,1566947983063
31840,226,Gyroscope,-0.10934488,0.26206118,0.10262536,1566947983072
31841,226,Accelerometer,-7.5094137000000005,-2.4995465,5.3737855,1566947983073
31842,226,Gyroscope,-0.10262536,0.24678956,0.0720821,1566947983082
31843,226,Accelerometer,-7.520187400000001,-2.2481554,5.1439424,1566947983083
31844,226,Gyroscope,-0.092240654,0.21807889999999996,0.039095376,1566947983092
31845,226,Accelerometer,-7.4806833,-2.2278047,4.999093,1566947983093
31846,226,Gyroscope,-0.06352998,0.14172074,-0.014660766,1566947983102
31847,226,Accelerometer,-7.765592999999999,-2.3020248,4.8817773,1566947983103
31848,226,Gyroscope,-0.05131268,0.086132,-0.031154128,1566947983112
31849,226,Accelerometer,-7.741650999999999,-2.2744915,4.771644,1566947983113
31850,226,Gyroscope,-0.036651913,0.04520403,-0.032375857,1566947983122
31851,226,Accelerometer,-7.6267295,-2.5127146000000002,4.892551,1566947983123
31852,226,Gyroscope,-0.0036651915999999997,-0.002443461,-0.03848451,1566947983133
31853,226,Accelerometer,-7.721300599999999,-2.9903579,5.16549,1566947983133
31854,226,Gyroscope,0.02076942,-0.04642576,-0.035430185,1566947983142
31855,226,Accelerometer,-8.084022000000001,-3.1675289,5.2995653,1566947983143
31856,226,Gyroscope,0.004276057,-0.058643065,-0.026267206,1566947983152
31857,226,Accelerometer,-8.10557,-2.9867666,5.2768207,1566947983153
31858,226,Gyroscope,-0.01282817,-0.059864793,-0.015271631,1566947983162
31859,226,Accelerometer,-7.9008656,-2.8383262000000005,5.303157,1566947983163
31860,226,Gyroscope,-0.004886922,-0.07269296,-0.014660766,1566947983172
31861,226,Accelerometer,-7.799111999999999,-2.8790276,5.433641000000001,1566947983173
31862,226,Gyroscope,0.018325957,-0.081855945,-0.023823743999999997,1566947983182
31863,226,Accelerometer,-7.659051400000001,-2.882619,5.588066599999999,1566947983183
31864,226,Gyroscope,0.03848451,-0.084910266,-0.018936822,1566947983192
31865,226,Accelerometer,-7.526173,-2.8000187999999997,5.652710400000001,1566947983193
31866,226,Gyroscope,0.044593163,-0.07880162,-0.013439035,1566947983202
31867,226,Accelerometer,-7.3202715,-2.597709,5.707777,1566947983203
31868,226,Gyroscope,0.03970624,-0.05681047,-0.02565634,1566947983212
31869,226,Accelerometer,-7.0904284,-2.4420857000000002,5.865794,1566947983213
31870,226,Gyroscope,0.03481932,-0.03970624,-0.035430185,1566947983223
31871,226,Accelerometer,-7.091625,-2.4229321,5.898116,1566947983223
31872,226,Gyroscope,0.021380282999999996,-0.03726278,-0.03848451,1566947983233
31873,226,Accelerometer,-7.086836999999999,-2.2720973,5.807136,1566947983233
31874,226,Gyroscope,0.014049901000000002,-0.027488936000000002,-0.04276056599999999,1566947983242
31875,226,Accelerometer,-6.969521,-2.2218192,5.7808,1566947983243
31876,226,Gyroscope,0.017104227,-0.028099801,-0.058643065,1566947983252
31877,226,Accelerometer,-7.089231,-2.4384943999999997,5.7819970000000005,1566947983253
31878,226,Gyroscope,0.014049901000000002,-0.03848451,-0.059253927000000005,1566947983262
31879,226,Accelerometer,-7.323863,-2.542642,5.6802435,1566947983263
31880,226,Gyroscope,-0.0067195175,-0.04337143,-0.05497787,1566947983272
31881,226,Accelerometer,-7.323863,-2.4013843999999995,5.6323595,1566947983273
31882,226,Gyroscope,-0.013439035,-0.053145275,-0.06719518,1566947983283
31883,226,Accelerometer,-7.247248599999999,-2.5007436000000003,5.7640405,1566947983283
31884,226,Gyroscope,-0.01160644,-0.06841691,-0.0720821,1566947983292
31885,226,Accelerometer,-7.69257,-2.5498247000000003,5.9160724,1566947983293
31886,226,Gyroscope,-0.031154128,-0.06352998,-0.05497787,1566947983302
31887,226,Accelerometer,-7.395689,-2.4241292000000003,5.963956400000001,1566947983303
31888,226,Gyroscope,-0.06597344599999999,-0.028099801,-0.037873644,1566947983312
31889,226,Accelerometer,-7.311891999999999,-2.5354595,5.9998693,1566947983313
31890,226,Gyroscope,-0.09040806,-0.014049901000000002,-0.025045475,1566947983322
31891,226,Accelerometer,-7.2723875,-2.6084828,6.039374,1566947983323
31892,226,Gyroscope,-0.11545353400000001,0.022602014,-0.014660766,1566947983333
31893,226,Accelerometer,-7.012616599999999,-2.6695349999999998,6.041768,1566947983333
31894,226,Gyroscope,-0.12461651,0.05681047,-0.0061086523,1566947983342
31895,226,Accelerometer,-6.969521,-2.765303,6.021417,1566947983343
31896,226,Gyroscope,-0.11728613,0.06536258,0.0018325957999999999,1566947983352
31897,226,Accelerometer,-7.0784574000000005,-2.7641058,5.9388175,1566947983353
31898,226,Gyroscope,-0.112399206,0.09590584,0.01160644,1566947983362
31899,226,Accelerometer,-6.907272,-2.8311436000000003,5.8681884,1566947983363
31900,226,Gyroscope,-0.09468412,0.106901415,0.013439035,1566947983372
31901,226,Accelerometer,-7.0593038,-2.9652187999999997,5.8143187,1566947983373
31902,226,Gyroscope,-0.077579886,0.084910266,0.018936822,1566947983382
31903,226,Accelerometer,-7.200561500000001,-3.0442273999999996,5.729325,1566947983383
31904,226,Gyroscope,-0.07452556,0.07880162,0.025045475,1566947983393
31905,226,Accelerometer,-7.0964136,-2.9963433999999998,5.612008599999999,1566947983393
31906,226,Gyroscope,-0.07086037,0.070249505,0.025045475,1566947983402
31907,226,Accelerometer,-7.208941499999999,-3.0573955,5.628768,1566947983403
31908,226,Gyroscope,-0.06291912,0.045814894,0.025045475,1566947983412
31909,226,Accelerometer,-7.2723875,-3.0885203,5.659893,1566947983413
31910,226,Gyroscope,-0.064751714,0.04520403,0.032986722999999996,1566947983422
31911,226,Accelerometer,-7.200561500000001,-3.0202854,5.6586957,1566947983423
31912,226,Gyroscope,-0.06658431,0.031154128,0.0421497,1566947983432
31913,226,Accelerometer,-7.1407065,-2.9424740000000003,5.6670755999999995,1566947983433
31914,226,Gyroscope,-0.06963864,0.012217305,0.04642576,1566947983442
31915,226,Accelerometer,-7.0904284,-2.9197290000000002,5.650316,1566947983443
31916,226,Gyroscope,-0.077579886,0.01160644,0.053145275,1566947983452
31917,226,Accelerometer,-6.985083599999999,-2.8622682,5.650316,1566947983453
31918,226,Gyroscope,-0.09285152,0.016493361,0.061086524,1566947983462
31919,226,Accelerometer,-6.885724000000001,-2.8287494,5.7963624000000005,1566947983463
31920,226,Gyroscope,-0.09285152,0.01038471,0.069027774,1566947983472
31921,226,Accelerometer,-7.038953,-2.7856536,5.911283999999999,1566947983473
31922,226,Gyroscope,-0.09285152,-0.0036651915999999997,0.0720821,1566947983482
31923,226,Accelerometer,-7.1790137000000005,-2.6982652999999996,5.9400144,1566947983483
31924,226,Gyroscope,-0.09712757,-0.016493361,0.073303826,1566947983492
31925,226,Accelerometer,-7.0545154000000005,-2.6683377999999998,6.0405707,1566947983493
31926,226,Gyroscope,-0.09468412,-0.009773844,0.07696902,1566947983502
31927,226,Accelerometer,-6.980295,-2.846706,6.2153480000000005,1566947983503
31928,226,Gyroscope,-0.09101892,0.009773844,0.08307768,1566947983512
31929,226,Accelerometer,-7.261614,-2.825158,6.2404866,1566947983513
31930,226,Gyroscope,-0.10445796,0.049480084,0.095294975,1566947983522
31931,226,Accelerometer,-7.2831616,-2.8502972,6.2345014,1566947983523
31932,226,Gyroscope,-0.11789699,0.10445796,0.118507855,1566947983532
31933,226,Accelerometer,-7.2149267,-2.9293058,6.320692500000001,1566947983533
31934,226,Gyroscope,-0.12461651,0.16737708,0.13255776,1566947983542
31935,226,Accelerometer,-7.337031,-2.9436709999999997,6.2740054,1566947983543
31936,226,Gyroscope,-0.13255776,0.24740042,0.14905111,1566947983552
31937,226,Accelerometer,-7.4399820000000005,-2.966416,5.978321599999999,1566947983553
31938,226,Gyroscope,-0.1563815,0.3268129,0.16554448,1566947983563
31939,226,Accelerometer,-7.5034279999999995,-2.9484594,5.595249,1566947983563
31940,226,Gyroscope,-0.16676621,0.34880406,0.15210545,1566947983572
31941,226,Accelerometer,-7.6722193,-2.9460652,5.2540755,1566947983573
31942,226,Gyroscope,-0.17043139999999998,0.33169982,0.12034045,1566947983582
31943,226,Accelerometer,-7.8086886,-2.9963433999999998,4.9643774,1566947983583
31944,226,Gyroscope,-0.15271631,0.28038713,0.07452556,1566947983592
31945,226,Accelerometer,-7.9367785,-3.0382418999999996,4.818331,1566947983593
31946,226,Gyroscope,-0.12705997,0.21258110000000002,0.027488936000000002,1566947983602
31947,226,Accelerometer,-8.010999,-3.1148564999999997,4.7740383,1566947983603
31948,226,Gyroscope,-0.10018189999999999,0.14660765,-0.013439035,1566947983612
31949,226,Accelerometer,-8.079233,-3.169923,4.802768700000001,1566947983613
31950,226,Gyroscope,-0.07696902,0.09101892,-0.035430185,1566947983623
31951,226,Accelerometer,-8.173803999999999,-3.205836,4.909311,1566947983623
31952,226,Gyroscope,-0.055588737,0.037873644,-0.039095376,1566947983632
31953,226,Accelerometer,-8.151060000000001,-3.1423897999999997,5.0038815,1566947983633
31954,226,Gyroscope,-0.03604105,0.0036651915999999997,-0.025045475,1566947983642
31955,226,Accelerometer,-8.086416,-3.0561984,5.140351,1566947983643
31956,226,Gyroscope,-0.023823743999999997,-0.015882496,-0.0036651915999999997,1566947983652
31957,226,Accelerometer,-8.005013,-2.956839,5.2540755,1566947983653
31958,226,Gyroscope,-0.013439035,-0.032375857,0.027488936000000002,1566947983662
31959,226,Accelerometer,-7.9511437,-2.8072014,5.297171,1566947983663
31960,226,Gyroscope,-0.016493361,-0.03604105,0.0580322,1566947983673
31961,226,Accelerometer,-7.9427642999999994,-2.5713725,5.3211129999999995,1566947983673
31962,226,Gyroscope,-0.02687807,-0.031154128,0.086132,1566947983682
31963,226,Accelerometer,-7.8517847000000005,-2.2637177000000004,5.363012,1566947983683
31964,226,Gyroscope,-0.030543262,-0.005497787,0.099571034,1566947983692
31965,226,Accelerometer,-7.691373,-2.0925324,5.507861,1566947983693
31966,226,Gyroscope,-0.017104227,0.014660766,0.0983493,1566947983702
31967,226,Accelerometer,-7.656657000000001,-1.9644424999999999,5.6551046,1566947983703
31968,226,Gyroscope,-0.007941248,0.037873644,0.08735373,1566947983712
31969,226,Accelerometer,-7.6638399999999995,-1.8567034,5.719748,1566947983713
31970,226,Gyroscope,-0.01038471,0.06597344599999999,0.07391469,1566947983722
31971,226,Accelerometer,-7.568071400000001,-1.7753005000000002,5.7760115,1566947983723
31972,226,Gyroscope,-0.004886922,0.08002335,0.059253927000000005,1566947983732
31973,226,Accelerometer,-7.502231,-1.7178397,5.865794,1566947983733
31974,226,Gyroscope,0.0036651915999999997,0.07941248,0.040317107000000005,1566947983742
31975,226,Accelerometer,-7.608772999999999,-1.6579846999999999,5.9148755,1566947983743
31976,226,Gyroscope,0.004886922,0.08735373,0.022602014,1566947983752
31977,226,Accelerometer,-7.6351094,-1.4856021000000001,5.949591000000001,1566947983753
31978,226,Gyroscope,-0.0018325957999999999,0.10140363,0.00061086525,1566947983762
31979,226,Accelerometer,-7.703344,-1.5598223999999998,5.931635,1566947983763
31980,226,Gyroscope,0.007941248,0.084910266,-0.022602014,1566947983772
31981,226,Accelerometer,-7.807492,-1.6903063999999999,5.9041014,1566947983773
31982,226,Gyroscope,0.019547688,0.06719518,-0.04337143,1566947983782
31983,226,Accelerometer,-7.776367,-1.8171991000000003,5.8622026,1566947983783
31984,226,Gyroscope,0.048258353,0.06719518,-0.06291912,1566947983792
31985,226,Accelerometer,-7.869741,-1.8734628,5.8394580000000005,1566947983793
31986,226,Gyroscope,0.05681047,0.06780604,-0.07147124,1566947983802
31987,226,Accelerometer,-7.969100500000001,-1.8483237000000001,5.693412,1566947983803
31988,226,Gyroscope,0.039095376,0.0580322,-0.064751714,1566947983812
31989,226,Accelerometer,-7.9224133000000005,-1.7992426,5.580883999999999,1566947983813
31990,226,Gyroscope,0.015271631,0.051923547,-0.062308256,1566947983823
31991,226,Accelerometer,-7.687782,-1.7968484,5.556941999999999,1566947983823
31992,226,Gyroscope,0.0018325957999999999,0.0421497,-0.06047566,1566947983832
31993,226,Accelerometer,-7.467515,-1.8255788,5.555745,1566947983833
31994,226,Gyroscope,-0.0067195175,0.02687807,-0.06536258,1566947983842
31995,226,Accelerometer,-7.100005,-1.8423381999999997,5.5150437000000005,1566947983843
31996,226,Gyroscope,-0.01160644,0.02565634,-0.07269296,1566947983852
31997,226,Accelerometer,-6.9048777,-1.958457,5.5150437000000005,1566947983853
31998,226,Gyroscope,0.0018325957999999999,0.0061086523,-0.08307768,1566947983862
31999,226,Accelerometer,-7.011419999999999,-1.9955671000000001,5.5030727,1566947983863
32000,226,Gyroscope,0.014660766,-0.004886922,-0.09773844,1566947983872
32001,226,Accelerometer,-7.0964136,-1.9512744,5.483919,1566947983873
32002,226,Gyroscope,0.02076942,0.014049901000000002,-0.112399206,1566947983883
32003,226,Accelerometer,-7.1454949999999995,-1.9608511999999998,5.4360349999999995,1566947983883
32004,226,Gyroscope,0.03359759,0.013439035,-0.13683382,1566947983892
32005,226,Accelerometer,-7.374141000000001,-2.136825,5.366603,1566947983893
32006,226,Gyroscope,0.049480084,-0.014049901000000002,-0.16187929,1566947983902
32007,226,Accelerometer,-7.4986396,-2.3666685000000003,5.29358,1566947983903
32008,226,Gyroscope,0.06719518,-0.05497787,-0.18570304,1566947983912
32009,226,Accelerometer,-7.7093296,-2.5725696,5.1583076,1566947983913
32010,226,Gyroscope,0.089186326,-0.12889257,-0.20525073,1566947983922
32011,226,Accelerometer,-7.8062944000000005,-2.7353754,5.0517654,1566947983923
32012,226,Gyroscope,0.09468412,-0.18997909,-0.21868975,1566947983932
32013,226,Accelerometer,-7.680599000000001,-2.7629087,5.0158525,1566947983933
32014,226,Gyroscope,0.09712757,-0.2510656,-0.22296582,1566947983943
32015,226,Accelerometer,-7.60997,-2.7425580000000003,5.2289367,1566947983943
32016,226,Gyroscope,0.10567969,-0.29993483,-0.21502456,1566947983952
32017,226,Accelerometer,-7.6135616,-2.657564,5.5988407,1566947983953
32018,226,Gyroscope,0.112399206,-0.31764993,-0.19486602,1566947983962
32019,226,Accelerometer,-7.577648,-2.4636335,5.9268465,1566947983963
32020,226,Gyroscope,0.10873401,-0.2968805,-0.17470746,1566947983972
32021,226,Accelerometer,-7.6853875999999985,-2.3415293999999998,6.1638722,1566947983973
32022,226,Gyroscope,0.09101892,-0.2565634,-0.13561209,1566947983982
32023,226,Accelerometer,-7.7201033,-2.1811178,6.357802400000001,1566947983983
32024,226,Gyroscope,0.05375614,-0.19730948,-0.10262536,1566947983992
32025,226,Accelerometer,-7.697358599999999,-2.0853498,6.613982000000001,1566947983993
32026,226,Gyroscope,0.02076942,-0.12767084,-0.077579886,1566947984003
32027,226,Accelerometer,-7.723694999999999,-2.1787236,6.703765,1566947984003
32028,226,Gyroscope,-0.023823743999999997,-0.045814894,-0.043982297000000004,1566947984012
32029,226,Accelerometer,-7.6243353,-2.3355439,6.633136,1566947984013
32030,226,Gyroscope,-0.09773844,0.08124508,-0.01160644,1566947984022
32031,226,Accelerometer,-7.5189905,-2.4636335,6.5840545,1566947984023
32032,226,Gyroscope,-0.118507855,0.15760323,0.017104227,1566947984033
32033,226,Accelerometer,-7.466317999999999,-2.5905263,6.5349736,1566947984033
32034,226,Gyroscope,-0.11911872,0.23518312,0.051923547,1566947984042
32035,226,Accelerometer,-7.2975270000000005,-2.7425580000000003,6.373365,1566947984043
32036,226,Gyroscope,-0.10751228,0.2864958,0.08063421400000001,1566947984052
32037,226,Accelerometer,-7.21373,-2.730587,6.1088057000000004,1566947984053
32038,226,Gyroscope,-0.08857546,0.31826079999999995,0.10079276599999999,1566947984062
32039,226,Accelerometer,-7.089231,-2.6276363999999997,5.85502,1566947984063
32040,226,Gyroscope,-0.06352998,0.31948254,0.10934488,1566947984072
32041,226,Accelerometer,-7.073669000000001,-2.4660277,5.5760955999999995,1566947984073
32042,226,Gyroscope,-0.045814894,0.28527406,0.10995574,1566947984082
32043,226,Accelerometer,-7.2759789999999995,-2.2816741,5.3259015,1566947984083
32044,226,Gyroscope,-0.039095376,0.24862215,0.106901415,1566947984092
32045,226,Accelerometer,-7.335833999999999,-2.0386627,5.159505,1566947984093
32046,226,Gyroscope,-0.009162978,0.20463985,0.081855945,1566947984102
32047,226,Accelerometer,-7.1945763,-2.0003555,5.270835,1566947984103
32048,226,Gyroscope,0.03726278,0.13500121,0.04337143,1566947984112
32049,226,Accelerometer,-7.601590600000001,-2.100912,5.391742,1566947984113
32050,226,Gyroscope,0.044593163,0.089186326,0.010995574,1566947984122
32051,226,Accelerometer,-7.8613615,-2.0805612,5.3582234,1566947984123
32052,226,Gyroscope,0.017104227,0.077579886,-0.0036651915999999997,1566947984132
32053,226,Accelerometer,-7.904457000000001,-2.1308396000000003,5.3163247,1566947984133
32054,226,Gyroscope,0.002443461,0.061086524,-0.017715093,1566947984142
32055,226,Accelerometer,-7.967903,-2.3391352000000003,5.4025164000000006,1566947984143
32056,226,Gyroscope,-0.005497787,0.043982297000000004,-0.032986722999999996,1566947984152
32057,226,Accelerometer,-7.963114699999999,-2.5821466,5.4575830000000005,1566947984153
32058,226,Gyroscope,0.00061086525,0.021991148999999998,-0.0421497,1566947984162
32059,226,Accelerometer,-7.9272017,-2.8502972,5.5401826,1566947984163
32060,226,Gyroscope,0.009162978,0.007941248,-0.03970624,1566947984172
32061,226,Accelerometer,-7.943961,-2.9436709999999997,5.5629277,1566947984173
32062,226,Gyroscope,0.021380282999999996,0.004276057,-0.03726278,1566947984182
32063,226,Accelerometer,-7.551311999999999,-2.9364884,5.553351,1566947984183
32064,226,Gyroscope,0.047647487,0.0012217305,-0.039095376,1566947984192
32065,226,Accelerometer,-7.4950485,-2.9017725,5.66109,1566947984193
32066,226,Gyroscope,0.06963864,0.005497787,-0.044593163,1566947984202
32067,226,Accelerometer,-7.420828299999999,-2.7964275,5.7616463,1566947984202
32068,226,Gyroscope,0.084910266,0.018325957,-0.045814894,1566947984212
32069,226,Accelerometer,-7.183802,-2.670732,5.898116,1566947984213
32070,226,Gyroscope,0.08857546,0.02076942,-0.057421334000000004,1566947984222
32071,226,Accelerometer,-7.2113357,-2.5486276,5.8119245,1566947984223
32072,226,Gyroscope,0.07391469,0.032375857,-0.06414085,1566947984232
32073,226,Accelerometer,-7.0688806,-2.492364,5.7867856,1566947984233
32074,226,Gyroscope,0.059864793,0.045814894,-0.084910266,1566947984242
32075,226,Accelerometer,-7.2927384,-2.6288335,5.792771,1566947984243
32076,226,Gyroscope,0.061086524,0.04642576,-0.1020145,1566947984252
32077,226,Accelerometer,-7.487866,-2.7246015,5.6898203,1566947984253
32078,226,Gyroscope,0.05131268,0.048258353,-0.10079276599999999,1566947984262
32079,226,Accelerometer,-7.5429325,-2.6396074,5.579687,1566947984263
32080,226,Gyroscope,0.044593163,0.04153884,-0.09590584,1566947984272
32081,226,Accelerometer,-7.5285673,-2.6120741,5.5856724,1566947984273
32082,226,Gyroscope,0.03481932,0.032375857,-0.08857546,1566947984282
32083,226,Accelerometer,-7.376535400000001,-2.6539726000000003,5.625177,1566947984283
32084,226,Gyroscope,0.04153884,0.015882496,-0.08246681,1566947984292
32085,226,Accelerometer,-7.303512,-2.8215668,5.7281275,1566947984293
32086,226,Gyroscope,0.045814894,-0.0030543262,-0.08063421400000001,1566947984302
32087,226,Accelerometer,-7.462726600000001,-2.8802247000000003,5.828684,1566947984303
32088,226,Gyroscope,0.035430185,-0.00061086525,-0.06963864,1566947984312
32089,226,Accelerometer,-7.466317999999999,-2.7760768,5.8262897,1566947984313
32090,226,Gyroscope,0.007941248,0.032375857,-0.057421334000000004,1566947984322
32091,226,Accelerometer,-7.387309599999999,-2.717419,5.8669910000000005,1566947984323
32092,226,Gyroscope,-0.010995574,0.056199603,-0.043982297000000004,1566947984332
32093,226,Accelerometer,-7.4268136,-2.822764,5.9148755,1566947984333
32094,226,Gyroscope,-0.021380282999999996,0.07941248,-0.037873644,1566947984342
32095,226,Accelerometer,-7.3657618000000005,-2.932897,5.934029,1566947984343
32096,226,Gyroscope,-0.018325957,0.081855945,-0.02687807,1566947984352
32097,226,Accelerometer,-7.313089,-2.96881,5.9400144,1566947984353
32098,226,Gyroscope,-0.0067195175,0.09101892,-0.018325957,1566947984362
32099,226,Accelerometer,-7.265205,-2.9903579,5.8466406,1566947984363
32100,226,Gyroscope,-0.0067195175,0.10018189999999999,-0.01038471,1566947984372
32101,226,Accelerometer,-7.2113357,-3.0214825000000003,5.6946087,1566947984373
32102,226,Gyroscope,0.01038471,0.093462385,-0.0012217305,1566947984382
32103,226,Accelerometer,-7.313089,-2.9197290000000002,5.612008599999999,1566947984383
32104,226,Gyroscope,0.014049901000000002,0.07696902,-0.007330383,1566947984392
32105,226,Accelerometer,-7.132327,-2.9077580000000003,5.547365,1566947984393
32106,226,Gyroscope,0.022602014,0.07147124,-0.01282817,1566947984402
32107,226,Accelerometer,-7.0245875999999985,-2.9807810000000003,5.555745,1566947984403
32108,226,Gyroscope,0.03359759,0.055588737,-0.015271631,1566947984412
32109,226,Accelerometer,-7.1670427,-2.9999347000000003,5.57849,1566947984413
32110,226,Gyroscope,0.034208454,0.043982297000000004,-0.01160644,1566947984422
32111,226,Accelerometer,-7.176619500000001,-3.0214825000000003,5.519832,1566947984423
32112,226,Gyroscope,0.015271631,0.04886922,-0.002443461,1566947984432
32113,226,Accelerometer,-7.042544400000001,-2.9891607999999996,5.5329999999999995,1566947984433
32114,226,Gyroscope,0.009162978,0.04886922,0.008552114,1566947984442
32115,226,Accelerometer,-6.96593,-2.9508536,5.5162406,1566947984443
32116,226,Gyroscope,0.017715093,0.03970624,0.009773844,1566947984452
32117,226,Accelerometer,-6.930016999999999,-3.0765493,5.5617304,1566947984453
32118,226,Gyroscope,0.03604105,0.0067195175,0.005497787,1566947984463
32119,226,Accelerometer,-7.111975999999999,-3.1435869,5.7065797,1566947984463
32120,226,Gyroscope,0.0580322,-0.015271631,-0.015271631,1566947984472
32121,226,Accelerometer,-7.3490020000000005,-3.2166099999999997,5.8502316,1566947984473
32122,226,Gyroscope,0.059253927000000005,-0.029321532999999997,-0.013439035,1566947984482
32123,226,Accelerometer,-7.7320743,-3.1519666,5.8622026,1566947984483
32124,226,Gyroscope,0.027488936000000002,-0.02076942,-0.002443461,1566947984492
32125,226,Accelerometer,-7.7608047000000004,-3.0382418999999996,5.8346696,1566947984493
32126,226,Gyroscope,0.004886922,0.008552114,0.004886922,1566947984502
32127,226,Accelerometer,-7.3777327999999995,-3.003526,5.925649,1566947984503
32128,226,Gyroscope,-0.019547688,0.032375857,0.02321288,1566947984512
32129,226,Accelerometer,-7.28795,-2.9580362,5.957971,1566947984513
32130,226,Gyroscope,-0.047647487,0.045814894,0.040317107000000005,1566947984522
32131,226,Accelerometer,-7.2388687,-2.80361,5.7808,1566947984523
32132,226,Gyroscope,-0.064751714,0.040317107000000005,0.054367005999999996,1566947984532
32133,226,Accelerometer,-7.1490865,-2.5725696,5.7760115,1566947984533
32134,226,Gyroscope,-0.06536258,0.025045475,0.06719518,1566947984542
32135,226,Accelerometer,-7.1131735,-2.328361,5.8837504,1566947984543
32136,226,Gyroscope,-0.06414085,0.02321288,0.07269296,1566947984552
32137,226,Accelerometer,-7.20535,-2.0590134,5.951985400000001,1566947984553
32138,226,Gyroscope,-0.07147124,0.036651913,0.0720821,1566947984562
32139,226,Accelerometer,-7.201759,-1.8950106,6.0046577,1566947984563
32140,226,Gyroscope,-0.08368854,0.05375614,0.070249505,1566947984572
32141,226,Accelerometer,-7.2939353,-1.8004397,6.039374,1566947984573
32142,226,Gyroscope,-0.095294975,0.07880162,0.061086524,1566947984582
32143,226,Accelerometer,-7.313089,-1.8339584999999998,6.1207767,1566947984583
32144,226,Gyroscope,-0.099571034,0.11545353400000001,0.06291912,1566947984592
32145,226,Accelerometer,-7.431602000000001,-1.8555063000000003,6.1770406,1566947984593
32146,226,Gyroscope,-0.10140363,0.16798794,0.08063421400000001,1566947984602
32147,226,Accelerometer,-7.601590600000001,-1.8866308999999997,6.1243677000000005,1566947984603
32148,226,Gyroscope,-0.09590584,0.18753563,0.10445796,1566947984613
32149,226,Accelerometer,-7.8625584,-1.9740193,5.9364233,1566947984613
32150,226,Gyroscope,-0.08979719,0.20341812,0.12767084,1566947984622
32151,226,Accelerometer,-7.9930425000000005,-2.0590134,5.7137623,1566947984623
32152,226,Gyroscope,-0.089186326,0.21624629,0.14477506,1566947984632
32153,226,Accelerometer,-8.08881,-2.0398598000000003,5.5282116,1566947984633
32154,226,Gyroscope,-0.09896017,0.20036379999999998,0.14110987,1566947984642
32155,226,Accelerometer,-8.160637,-2.0087352,5.2660465,1566947984643
32156,226,Gyroscope,-0.11301007,0.1386664,0.11484267,1566947984652
32157,226,Accelerometer,-8.167819,-1.8710686,5.100847,1566947984653
32158,226,Gyroscope,-0.11484267,0.09101892,0.07941248,1566947984662
32159,226,Accelerometer,-8.062474,-1.8279729999999998,5.142745,1566947984663
32160,226,Gyroscope,-0.11056661,0.06291912,0.0421497,1566947984672
32161,226,Accelerometer,-7.905653999999999,-1.6639702,5.2301335,1566947984673
32162,226,Gyroscope,-0.10445796,0.040317107000000005,0.0067195175,1566947984682
32163,226,Accelerometer,-7.823053999999999,-1.6867151000000002,5.3247046,1566947984683
32164,226,Gyroscope,-0.0842994,0.018325957,-0.02443461,1566947984692
32165,226,Accelerometer,-7.8649526,-1.7417817,5.422867,1566947984693
32166,226,Gyroscope,-0.053145275,-0.0067195175,-0.03726278,1566947984702
32167,226,Accelerometer,-7.872135000000001,-1.8112136000000003,5.445612000000001,1566947984703
32168,226,Gyroscope,-0.02565634,-0.021380282999999996,-0.0421497,1566947984713
32169,226,Accelerometer,-7.846996300000001,-1.9608511999999998,5.407305,1566947984713
32170,226,Gyroscope,-0.009773844,-0.035430185,-0.034208454,1566947984722
32171,226,Accelerometer,-7.963114699999999,-2.079364,5.3642087,1566947984723
32172,226,Gyroscope,0.0036651915999999997,-0.05131268,-0.020158553,1566947984732
32173,226,Accelerometer,-8.038532,-2.0302830000000003,5.357026,1566947984733
32174,226,Gyroscope,0.009162978,-0.049480084,-0.009773844,1566947984743
32175,226,Accelerometer,-7.9487495,-1.8926164,5.427655000000001,1566947984743
32176,226,Gyroscope,0.012217305,-0.03604105,-0.002443461,1566947984752
32177,226,Accelerometer,-7.893683,-1.7214310000000002,5.5521536,1566947984753
32178,226,Gyroscope,0.026267206,-0.032375857,-0.013439035,1566947984762
32179,226,Accelerometer,-7.880514999999999,-1.6160861,5.710171,1566947984763
32180,226,Gyroscope,0.03970624,-0.031154128,-0.026267206,1566947984772
32181,226,Accelerometer,-7.8278419999999995,-1.4748282,5.779603,1566947984773
32182,226,Gyroscope,0.048258353,-0.0421497,-0.040317107000000005,1566947984782
32183,226,Accelerometer,-7.754819400000001,-1.3491327,5.819107,1566947984783
32184,226,Gyroscope,0.051923547,-0.05009095,-0.0580322,1566947984792
32185,226,Accelerometer,-7.6734165999999995,-1.2318168,5.718550700000001,1566947984793
32186,226,Gyroscope,0.03848451,-0.06414085,-0.0720821,1566947984802
32187,226,Accelerometer,-7.5106106,-1.2509704,5.487509999999999,1566947984803
32188,226,Gyroscope,0.018936822,-0.10018189999999999,-0.08796459400000001,1566947984813
32189,226,Accelerometer,-7.3178773,-1.1971009,5.3079453,1566947984813
32190,226,Gyroscope,0.018936822,-0.14172074,-0.1160644,1566947984822
32191,226,Accelerometer,-7.064092,-1.1887212,5.294777,1566947984823
32192,226,Gyroscope,0.0012217305,-0.16065755,-0.15149458,1566947984832
32193,226,Accelerometer,-7.0102224,-1.2545617,5.54138,1566947984833
32194,226,Gyroscope,0.021380282999999996,-0.16982053,-0.19914207,1566947984842
32195,226,Accelerometer,-7.053317999999999,-1.3024458,5.901707,1566947984843
32196,226,Gyroscope,0.04337143,-0.15210545,-0.25473082,1566947984852
32197,226,Accelerometer,-7.1742253,-1.4808137,6.245275,1566947984853
32198,226,Gyroscope,0.06597344599999999,-0.11301007,-0.30176744,1566947984862
32199,226,Accelerometer,-7.515399,-1.7645266,6.363788,1566947984863
32200,226,Gyroscope,0.07452556,-0.07574729,-0.3390302,1566947984872
32201,226,Accelerometer,-7.961917999999999,-2.1212628,6.223726999999999,1566947984873
32202,226,Gyroscope,0.061086524,-0.06169739,-0.34880406,1566947984882
32203,226,Accelerometer,-8.3821,-2.6384103,6.0441623,1566947984883
32204,226,Gyroscope,0.054367005999999996,-0.07391469,-0.32803464,1566947984892
32205,226,Accelerometer,-8.567651,-3.0609868,5.875371,1566947984893
32206,226,Gyroscope,0.04520403,-0.08979719,-0.2773328,1566947984903
32207,226,Accelerometer,-8.331821000000001,-3.3482912000000002,5.8945246,1566947984903
32208,226,Gyroscope,0.032986722999999996,-0.11484267,-0.19303341,1566947984912
32209,226,Accelerometer,-8.148665,-3.4237084,5.996278299999999,1566947984913
32210,226,Gyroscope,0.02443461,-0.13683382,-0.10995574,1566947984922
32211,226,Accelerometer,-7.690175999999999,-3.2692822999999995,6.247669,1566947984923
32212,226,Gyroscope,0.005497787,-0.10934488,-0.02443461,1566947984932
32213,226,Accelerometer,-7.022193400000001,-3.028665,6.50744,1566947984933
32214,226,Gyroscope,-0.02565634,-0.014660766,0.09162979,1566947984942
32215,226,Accelerometer,-6.5086374000000005,-2.8000187999999997,6.646304,1566947984943
32216,226,Gyroscope,-0.04153884,0.06536258,0.1423316,1566947984952
32217,226,Accelerometer,-6.2380924,-2.5103204,6.697779,1566947984953
32218,226,Gyroscope,-0.057421334000000004,0.15149458,0.16371189,1566947984962
32219,226,Accelerometer,-6.0908489999999995,-2.232593,6.6666546,1566947984963
32220,226,Gyroscope,-0.06963864,0.21624629,0.1685988,1566947984972
32221,226,Accelerometer,-6.2273190000000005,-2.0314799999999997,6.531382,1566947984973
32222,226,Gyroscope,-0.076358154,0.26022860000000003,0.15577064,1566947984982
32223,226,Accelerometer,-6.435614,-1.8231846,6.324283599999999,1566947984983
32224,226,Gyroscope,-0.073303826,0.2883284,0.124005646,1566947984992
32225,226,Accelerometer,-6.7480574,-1.7573439999999998,6.143522,1566947984993
32226,226,Gyroscope,-0.059864793,0.30421090000000006,0.069027774,1566947985003
32227,226,Accelerometer,-7.0724716,-1.8207904,5.9567738,1566947985003
32228,226,Gyroscope,-0.05131268,0.31642818,0.020158553,1566947985012
32229,226,Accelerometer,-7.6135616,-2.0254946,5.6227827,1566947985013
32230,226,Gyroscope,-0.05131268,0.31337386,-0.02076942,1566947985022
32231,226,Accelerometer,-7.9188222999999995,-2.110489,5.331887200000001,1566947985023
32232,226,Gyroscope,-0.04276056599999999,0.2864958,-0.053145275,1566947985032
32233,226,Accelerometer,-7.989451,-2.3511062000000003,5.189432,1566947985033
32234,226,Gyroscope,-0.021380282999999996,0.21746802,-0.08246681,1566947985042
32235,226,Accelerometer,-8.180987,-2.4851813,5.045780000000001,1566947985043
32236,226,Gyroscope,-0.010995574,0.15210545,-0.093462385,1566947985052
32237,226,Accelerometer,-8.1343,-2.5605986,4.973954,1566947985053
32238,226,Gyroscope,-0.005497787,0.08552113,-0.099571034,1566947985062
32239,226,Accelerometer,-7.9224133000000005,-2.7281928,5.048174400000001,1566947985063
32240,226,Gyroscope,0.012217305,-0.0018325957999999999,-0.10018189999999999,1566947985072
32241,226,Accelerometer,-8.058883,-2.8898015,5.1247888,1566947985073
32242,226,Gyroscope,0.008552114,-0.04337143,-0.08979719,1566947985082
32243,226,Accelerometer,-7.911639699999999,-2.906561,5.1642933,1566947985083
32244,226,Gyroscope,0.0018325957999999999,-0.0720821,-0.070249505,1566947985092
32245,226,Accelerometer,-7.7224975,-2.9281087,5.2995653,1566947985093
32246,226,Gyroscope,0.0067195175,-0.08796459400000001,-0.049480084,1566947985102
32247,226,Accelerometer,-7.5968018,-2.9831752999999996,5.5365915,1566947985103
32248,226,Gyroscope,0.016493361,-0.07819075,-0.030543262,1566947985112
32249,226,Accelerometer,-7.3490020000000005,-3.0442273999999996,5.7544637000000005,1566947985113
32250,226,Gyroscope,0.03481932,-0.06047566,-0.015882496,1566947985122
32251,226,Accelerometer,-7.2568254,-3.0729580000000003,5.979519,1566947985123
32252,226,Gyroscope,0.040927973,-0.037873644,0.0061086523,1566947985133
32253,226,Accelerometer,-7.0449386,-2.4947581000000003,5.943606,1566947985133
32254,226,Gyroscope,0.032986722999999996,-0.037873644,0.02565634,1566947985142
32255,226,Accelerometer,-6.7923503,-2.4744074,6.077681,1566947985143
32256,226,Gyroscope,0.043982297000000004,0.018936822,0.015882496,1566947985152
32257,226,Accelerometer,-6.919242999999999,-2.6910827,6.2273190000000005,1566947985153
32258,226,Gyroscope,0.06536258,0.017104227,-0.008552114,1566947985163
32259,226,Accelerometer,-7.1634517,-2.5785553,6.042965000000001,1566947985163
32260,226,Gyroscope,0.035430185,0.051923547,-0.0067195175,1566947985172
32261,226,Accelerometer,-7.067683000000001,-2.2397757,5.9747305,1566947985173
32262,226,Gyroscope,0.007330383,0.07452556,-0.01160644,1566947985182
32263,226,Accelerometer,-7.1646485,-2.3068132,6.0465565,1566947985183
32264,226,Gyroscope,0.004276057,0.07819075,-0.027488936000000002,1566947985192
32265,226,Accelerometer,-7.3753386,-2.6180596,6.035782299999999,1566947985193
32266,226,Gyroscope,0.0012217305,0.084910266,-0.032375857,1566947985202
32267,226,Accelerometer,-7.522581599999999,-2.707842,5.9627595,1566947985203
32268,226,Gyroscope,-0.01038471,0.09773844,-0.037873644,1566947985212
32269,226,Accelerometer,-7.496245399999999,-2.707842,5.972336299999999,1566947985213
32270,226,Gyroscope,-0.016493361,0.10079276599999999,-0.043982297000000004,1566947985222
32271,226,Accelerometer,-7.6506715,-2.837129,5.8741736,1566947985223
32272,226,Gyroscope,-0.02565634,0.09712757,-0.04886922,1566947985232
32273,226,Accelerometer,-7.751228,-2.9221232,5.7700260000000005,1566947985233
32274,226,Gyroscope,-0.039095376,0.092240654,-0.04276056599999999,1566947985242
32275,226,Accelerometer,-7.820659599999999,-2.8167782000000003,5.6227827,1566947985243
32276,226,Gyroscope,-0.056199603,0.095294975,-0.032986722999999996,1566947985252
32277,226,Accelerometer,-7.395689,-2.791639,5.568912999999999,1566947985253
32278,226,Gyroscope,-0.04886922,0.10079276599999999,-0.04276056599999999,1566947985262
32279,226,Accelerometer,-7.232883500000001,-3.0358477,5.662287,1566947985263
32280,226,Gyroscope,-0.022602014,0.076358154,-0.051923547,1566947985272
32281,226,Accelerometer,-7.347805,-3.2070332,5.6802435,1566947985273
32282,226,Gyroscope,-0.012217305,0.055588737,-0.04337143,1566947985282
32283,226,Accelerometer,-7.2951326000000005,-3.1076740000000003,5.601235,1566947985283
32284,226,Gyroscope,-0.014660766,0.055588737,-0.026267206,1566947985292
32285,226,Accelerometer,-7.1047934999999995,-2.9508536,5.583278,1566947985293
32286,226,Gyroscope,-0.0061086523,0.047036625,-0.017715093,1566947985302
32287,226,Accelerometer,-7.015011,-2.906561,5.60722,1566947985303
32288,226,Gyroscope,0.007941248,0.043982297000000004,-0.021991148999999998,1566947985312
32289,226,Accelerometer,-6.8881183,-3.1304187999999997,5.738901599999999,1566947985313
32290,226,Gyroscope,0.025045475,0.032375857,-0.025045475,1566947985323
32291,226,Accelerometer,-7.105990400000001,-3.252523,5.758055000000001,1566947985323
32292,226,Gyroscope,0.037873644,0.02687807,-0.029932396,1566947985332
32293,226,Accelerometer,-7.035361999999999,-3.1196449,5.803545,1566947985333
32294,226,Gyroscope,0.04153884,0.04153884,-0.03970624,1566947985342
32295,226,Accelerometer,-7.243657000000001,-3.064578,5.875371,1566947985343
32296,226,Gyroscope,0.043982297000000004,0.05681047,-0.056199603,1566947985352
32297,226,Accelerometer,-7.431602000000001,-3.0298622,5.772420400000001,1566947985353
32298,226,Gyroscope,0.029932396,0.07513642,-0.07086037,1566947985362
32299,226,Accelerometer,-7.1909847000000005,-3.0681696,5.683835,1566947985363
32300,226,Gyroscope,0.023823743999999997,0.08124508,-0.08063421400000001,1566947985372
32301,226,Accelerometer,-7.192182000000001,-3.1890767,5.742492700000001,1566947985373
32302,226,Gyroscope,0.02321288,0.06536258,-0.07086037,1566947985382
32303,226,Accelerometer,-7.520187400000001,-3.1280246,5.6060233,1566947985383
32304,226,Gyroscope,0.028710667000000002,0.007941248,-0.044593163,1566947985392
32305,226,Accelerometer,-7.466317999999999,-2.8155810000000003,5.5725045,1566947985393
32306,226,Gyroscope,0.017104227,-0.06780604,0.007330383,1566947985402
32307,226,Accelerometer,-7.395689,-2.6288335,5.681441,1566947985403
32308,226,Gyroscope,0.002443461,-0.11728613,0.04337143,1566947985412
32309,226,Accelerometer,-7.479486,-2.4349031,5.756858,1566947985413
32310,226,Gyroscope,-0.02687807,-0.15882497,0.076358154,1566947985423
32311,226,Accelerometer,-7.4699089999999995,-2.3774424,5.9029045,1566947985423
32312,226,Gyroscope,-0.06414085,-0.17654006,0.09712757,1566947985432
32313,226,Accelerometer,-7.110779300000001,-2.2984335,6.089652,1566947985433
32314,226,Gyroscope,-0.103847094,-0.13072516,0.12095132,1566947985442
32315,226,Accelerometer,-6.868964699999999,-2.0697872999999998,6.391321700000001,1566947985443
32316,226,Gyroscope,-0.13194689,-0.027488936000000002,0.1386664,1566947985453
32317,226,Accelerometer,-6.671442999999999,-1.9464860000000002,6.6091940000000005,1566947985453
32318,226,Gyroscope,-0.15088372,0.09285152,0.15699236,1566947985462
32319,226,Accelerometer,-6.5385647,-1.9500773,6.702567599999999,1566947985463
32320,226,Gyroscope,-0.16126843,0.18753563,0.17470746,1566947985472
32321,226,Accelerometer,-6.5218053,-2.1021092,6.4224463,1566947985473
32322,226,Gyroscope,-0.16798794,0.25411993,0.1777618,1566947985482
32323,226,Accelerometer,-6.742072,-2.088941,6.1638722,1566947985483
32324,226,Gyroscope,-0.15332718,0.29016098,0.1826487,1566947985492
32325,226,Accelerometer,-7.0784574000000005,-1.9871874,5.9998693,1566947985493
32326,226,Gyroscope,-0.13133603,0.30176744,0.17898351,1566947985502
32327,226,Accelerometer,-7.350199000000001,-1.8878279999999998,5.8274870000000005,1566947985503
32328,226,Gyroscope,-0.10629055,0.28283059999999993,0.1685988,1566947985512
32329,226,Accelerometer,-7.735666,-1.8531121,5.6706667,1566947985513
32330,226,Gyroscope,-0.08796459400000001,0.24984388,0.14905111,1566947985522
32331,226,Accelerometer,-8.080430999999999,-1.8028339,5.5605335,1566947985523
32332,226,Gyroscope,-0.09101892,0.204029,0.13133603,1566947985532
32333,226,Accelerometer,-8.323442,-1.7573439999999998,5.368997,1566947985533
32334,226,Gyroscope,-0.09773844,0.13561209,0.105068825,1566947985543
32335,226,Accelerometer,-8.414422,-1.7262194,5.2325277,1566947985543
32336,226,Gyroscope,-0.112399206,0.07574729,0.089186326,1566947985552
32337,226,Accelerometer,-8.497022,-1.7274165000000001,5.1583076,1566947985553
32338,226,Gyroscope,-0.14049901,0.037873644,0.08002335,1566947985562
32339,226,Accelerometer,-8.446744,-1.7298107,5.1235914000000005,1566947985563
32340,226,Gyroscope,-0.16676621,0.018325957,0.06841691,1566947985573
32341,226,Accelerometer,-8.234857,-1.7429788,5.080496,1566947985573
32342,226,Gyroscope,-0.17165314,0.0012217305,0.04886922,1566947985582
32343,226,Accelerometer,-8.093599000000001,-1.8519150000000002,5.1235914000000005,1566947985583
32344,226,Gyroscope,-0.14538592,-0.0030543262,0.037873644,1566947985592
32345,226,Accelerometer,-7.8278419999999995,-2.055422,5.319916200000001,1566947985593
32346,226,Gyroscope,-0.10567969,-0.012217305,0.02565634,1566947985602
32347,226,Accelerometer,-7.7787614000000005,-2.1655555,5.415684,1566947985603
32348,226,Gyroscope,-0.05375614,-0.015271631,0.0067195175,1566947985612
32349,226,Accelerometer,-7.8637557000000005,-2.2900537999999995,5.3582234,1566947985613
32350,226,Gyroscope,-0.015271631,-0.026267206,-0.01160644,1566947985622
32351,226,Accelerometer,-7.785944000000001,-2.2697031,5.1571107000000005,1566947985623
32352,226,Gyroscope,-0.010995574,-0.04642576,-0.007330383,1566947985632
32353,226,Accelerometer,-7.717708999999999,-2.268506,5.0936639999999995,1566947985633
32354,226,Gyroscope,0.0018325957999999999,-0.07696902,-0.009773844,1566947985642
32355,226,Accelerometer,-7.698555499999999,-2.3175871,5.1475334,1566947985643
32356,226,Gyroscope,0.03176499,-0.093462385,-0.02321288,1566947985652
32357,226,Accelerometer,-7.6470804,-2.4121582999999998,5.233725,1566947985653
32358,226,Gyroscope,0.06536258,-0.112399206,-0.03604105,1566947985662
32359,226,Accelerometer,-7.716512,-2.3558946,5.273229,1566947985663
32360,226,Gyroscope,0.09407325,-0.14294247,-0.06597344599999999,1566947985672
32361,226,Accelerometer,-7.7608047000000004,-2.2732944,5.3019595,1566947985673
32362,226,Gyroscope,0.10812314599999999,-0.17898351,-0.09712757,1566947985682
32363,226,Accelerometer,-7.78355,-2.1152773,5.2756233,1566947985683
32364,226,Gyroscope,0.10812314599999999,-0.21746802,-0.12889257,1566947985692
32365,226,Accelerometer,-7.7368627000000005,-2.0590134,5.357026,1566947985693
32366,226,Gyroscope,0.09407325,-0.22235495,-0.15515977,1566947985702
32367,226,Accelerometer,-7.599196000000001,-1.9105729999999999,5.507861,1566947985703
32368,226,Gyroscope,0.086132,-0.22113322,-0.18753563,1566947985712
32369,226,Accelerometer,-7.590816499999999,-1.8638860000000002,5.8478374,1566947985713
32370,226,Gyroscope,0.09590584,-0.24251351,-0.21746802,1566947985722
32371,226,Accelerometer,-7.752425,-1.9369092,6.2213330000000004,1566947985723
32372,226,Gyroscope,0.106901415,-0.26511553,-0.24862215,1566947985732
32373,226,Accelerometer,-7.8733325,-1.9153613999999999,6.4990606,1566947985733
32374,226,Gyroscope,0.08796459400000001,-0.25778514,-0.25350907,1566947985742
32375,226,Accelerometer,-7.9188222999999995,-1.7585411,6.8150949999999995,1566947985743
32376,226,Gyroscope,0.047036625,-0.21563543,-0.226631,1566947985752
32377,226,Accelerometer,-7.6794020000000005,-1.7154455000000002,7.097611,1566947985753
32378,226,Gyroscope,0.009162978,-0.15943582,-0.19425514,1566947985762
32379,226,Accelerometer,-7.431602000000001,-1.9057846,7.3322425,1566947985763
32380,226,Gyroscope,-0.040317107000000005,-0.08674286,-0.14782938,1566947985772
32381,226,Accelerometer,-7.157466,-2.1942859,7.395689,1566947985773
32382,226,Gyroscope,-0.096516706,-0.0030543262,-0.084910266,1566947985783
32383,226,Accelerometer,-6.7624226,-2.4744074,7.351396,1566947985783
32384,226,Gyroscope,-0.14599679999999998,0.10445796,-0.013439035,1566947985792
32385,226,Accelerometer,-6.5361705,-2.6396074,7.181408,1566947985793
32386,226,Gyroscope,-0.17409660000000002,0.21258110000000002,0.06047566,1566947985802
32387,226,Accelerometer,-6.327875,-2.565387,6.8881183,1566947985803
32388,226,Gyroscope,-0.18387043,0.29993483,0.11484267,1566947985812
32389,226,Accelerometer,-6.161478,-2.4672248,6.5924344,1566947985813
32390,226,Gyroscope,-0.17165314,0.35369098,0.14721853,1566947985823
32391,226,Accelerometer,-6.2021794,-2.3642743,6.336254599999999,1566947985823
32392,226,Gyroscope,-0.13561209,0.37262779999999995,0.15454891,1566947985833
32393,226,Accelerometer,-6.463147599999999,-2.2577322,6.060921700000001,1566947985833
32394,226,Gyroscope,-0.0983493,0.37323865,0.14538592,1566947985842
32395,226,Accelerometer,-6.777985,-2.1152773,5.7005944,1566947985843
32396,226,Gyroscope,-0.0720821,0.3622431,0.12522738,1566947985852
32397,226,Accelerometer,-7.007828,-2.0290859,5.398925,1566947985853
32398,226,Gyroscope,-0.028099801,0.28955013,0.08002335,1566947985862
32399,226,Accelerometer,-7.2580222999999995,-2.1152773,5.2397103,1566947985863
32400,226,Gyroscope,0.0018325957999999999,0.21991149,0.044593163,1566947985872
32401,226,Accelerometer,-7.61835,-2.2266076,5.1547165,1566947985873
32402,226,Gyroscope,0.0067195175,0.17654006,0.014660766,1566947985882
32403,226,Accelerometer,-7.795521000000001,-2.268506,5.064934,1566947985883
32404,226,Gyroscope,-0.00061086525,0.14049901,-0.005497787,1566947985892
32405,226,Accelerometer,-7.846996300000001,-2.384625,5.040992,1566947985893
32406,226,Gyroscope,-0.007330383,0.096516706,-0.027488936000000002,1566947985902
32407,226,Accelerometer,-8.005013,-2.5570072999999995,5.0697220000000005,1566947985903
32408,226,Gyroscope,-0.017715093,0.06291912,-0.043982297000000004,1566947985913
32409,226,Accelerometer,-8.112753,-2.753332,5.1116204000000005,1566947985913
32410,226,Gyroscope,-0.02321288,0.04153884,-0.049480084,1566947985922
32411,226,Accelerometer,-8.154651,-2.8419175,5.094861,1566947985923
32412,226,Gyroscope,-0.023823743999999997,0.01282817,-0.05009095,1566947985932
32413,226,Accelerometer,-8.084022000000001,-2.8574797999999997,5.106832,1566947985933
32414,226,Gyroscope,-0.02321288,-0.012217305,-0.05131268,1566947985942
32415,226,Accelerometer,-7.941567,-2.7952304,5.1200004,1566947985943
32416,226,Gyroscope,-0.010995574,-0.05131268,-0.04886922,1566947985952
32417,226,Accelerometer,-7.752425,-2.7497406000000004,5.2049947,1566947985953
32418,226,Gyroscope,0.012217305,-0.093462385,-0.049480084,1566947985962
32419,226,Accelerometer,-7.468712299999999,-2.657564,5.427655000000001,1566947985963
32420,226,Gyroscope,0.04520403,-0.12767084,-0.06414085,1566947985972
32421,226,Accelerometer,-7.3047094,-2.822764,5.693412,1566947985973
32422,226,Gyroscope,0.059253927000000005,-0.14538592,-0.064751714,1566947985982
32423,226,Accelerometer,-7.441178999999999,-2.9580362,5.8562174,1566947985983
32424,226,Gyroscope,0.051923547,-0.14721853,-0.05009095,1566947985992
32425,226,Accelerometer,-7.4327993,-2.7341783,5.943606,1566947985993
32426,226,Gyroscope,0.032986722999999996,-0.116675265,-0.039095376,1566947986003
32427,226,Accelerometer,-7.3178773,-2.633622,6.142324400000001,1566947986003
32428,226,Gyroscope,0.018325957,-0.081855945,-0.03176499,1566947986012
32429,226,Accelerometer,-7.4184339999999995,-2.7641058,6.1926026,1566947986013
32430,226,Gyroscope,-0.009773844,-0.05497787,-0.021380282999999996,1566947986022
32431,226,Accelerometer,-7.390900599999999,-2.706645,6.142324400000001,1566947986023
32432,226,Gyroscope,-0.034208454,-0.02443461,-0.012217305,1566947986032
32433,226,Accelerometer,-7.240066000000001,-2.6132712000000002,6.196194,1566947986033
32434,226,Gyroscope,-0.040927973,0.004276057,-0.017715093,1566947986042
32435,226,Accelerometer,-7.186196300000001,-2.60968,6.2153480000000005,1566947986043
32436,226,Gyroscope,-0.0421497,0.028099801,-0.025045475,1566947986053
32437,226,Accelerometer,-7.2640080000000005,-2.5701754,6.1602809999999995,1566947986053
32438,226,Gyroscope,-0.049480084,0.04276056599999999,-0.030543262,1566947986062
32439,226,Accelerometer,-7.3047094,-2.541445,6.06571,1566947986063
32440,226,Gyroscope,-0.06597344599999999,0.064751714,-0.032986722999999996,1566947986072
32441,226,Accelerometer,-7.3166804,-2.4947581000000003,5.975927400000001,1566947986073
32442,226,Gyroscope,-0.08735373,0.07819075,-0.029932396,1566947986082
32443,226,Accelerometer,-7.326257000000001,-2.5450362999999996,5.8466406,1566947986083
32444,226,Gyroscope,-0.1020145,0.09712757,-0.01282817,1566947986093
32445,226,Accelerometer,-7.241263000000001,-2.730587,5.7544637000000005,1566947986093
32446,226,Gyroscope,-0.1142318,0.10262536,0.00061086525,1566947986102
32447,226,Accelerometer,-7.2364745,-2.9149406000000004,5.734113,1566947986103
32448,226,Gyroscope,-0.10567969,0.09590584,0.014049901000000002,1566947986112
32449,226,Accelerometer,-7.3190745999999995,-3.003526,5.66947,1566947986113
32450,226,Gyroscope,-0.1020145,0.09040806,0.02687807,1566947986122
32451,226,Accelerometer,-7.325060000000001,-2.9137435000000003,5.6227827,1566947986123
32452,226,Gyroscope,-0.093462385,0.08307768,0.037873644,1566947986132
32453,226,Accelerometer,-7.2592196,-2.906561,5.623979599999999,1566947986134
32454,226,Gyroscope,-0.08552113,0.070249505,0.04153884,1566947986143
32455,226,Accelerometer,-7.2424603,-2.9137435000000003,5.674258,1566947986143
32456,226,Gyroscope,-0.073303826,0.053145275,0.03726278,1566947986152
32457,226,Accelerometer,-7.0940194000000005,-2.8886043999999997,5.732916,1566947986153
32458,226,Gyroscope,-0.06536258,0.03726278,0.03176499,1566947986162
32459,226,Accelerometer,-7.1095820000000005,-2.8909986,5.7736173,1566947986163
32460,226,Gyroscope,-0.06169739,0.02076942,0.026267206,1566947986172
32461,226,Accelerometer,-7.1395097000000005,-2.8742392000000003,5.8215012999999995,1566947986173
32462,226,Gyroscope,-0.06536258,0.016493361,0.02321288,1566947986182
32463,226,Accelerometer,-7.1754226999999995,-2.8802247000000003,5.852626,1566947986183
32464,226,Gyroscope,-0.06719518,0.014049901000000002,0.02076942,1566947986192
32465,226,Accelerometer,-7.250839699999999,-2.7928362,5.8837504,1566947986193
32466,226,Gyroscope,-0.07086037,0.027488936000000002,0.02443461,1566947986202
32467,226,Accelerometer,-7.0688806,-2.7365725,5.8705826,1566947986203
32468,226,Gyroscope,-0.07452556,0.045814894,0.018325957,1566947986212
32469,226,Accelerometer,-7.077260000000001,-2.9233203,5.8969190000000005,1566947986213
32470,226,Gyroscope,-0.06169739,0.03604105,0.004276057,1566947986222
32471,226,Accelerometer,-7.250839699999999,-3.0753522,5.947197,1566947986223
32472,226,Gyroscope,-0.0580322,0.02565634,0.0036651915999999997,1566947986233
32473,226,Accelerometer,-7.144297999999999,-2.9424740000000003,5.9292407,1566947986233
32474,226,Gyroscope,-0.06536258,0.039095376,0.0061086523,1566947986243
32475,226,Accelerometer,-7.0820484,-2.8862102000000003,5.9292407,1566947986243
32476,226,Gyroscope,-0.06963864,0.050701816,0.013439035,1566947986252
32477,226,Accelerometer,-7.184999499999999,-2.9532477999999998,5.8346696,1566947986253
32478,226,Gyroscope,-0.07574729,0.052534412999999995,0.031154128,1566947986262
32479,226,Accelerometer,-7.152677499999999,-2.7090392000000003,5.7520695,1566947986263
32480,226,Gyroscope,-0.08857546,0.039095376,0.047036625,1566947986272
32481,226,Accelerometer,-7.156269,-2.5605986,5.677849299999999,1566947986273
32482,226,Gyroscope,-0.089186326,-0.0036651915999999997,0.069027774,1566947986282
32483,226,Accelerometer,-7.326257000000001,-2.6036943999999997,5.693412,1566947986283
32484,226,Gyroscope,-0.07819075,-0.047647487,0.086132,1566947986292
32485,226,Accelerometer,-7.3897038,-2.565387,5.7939680000000005,1566947986293
32486,226,Gyroscope,-0.06963864,-0.058643065,0.10567969,1566947986302
32487,226,Accelerometer,-7.589619,-2.457648,5.762843599999999,1566947986303
32488,226,Gyroscope,-0.08246681,-0.059253927000000005,0.12217305,1566947986312
32489,226,Accelerometer,-7.7105265,-2.3116016,5.693412,1566947986313
32490,226,Gyroscope,-0.12705997,-0.059253927000000005,0.14905111,1566947986323
32491,226,Accelerometer,-7.711724,-2.2301989,5.657499,1566947986323
32492,226,Gyroscope,-0.15027285,-0.053145275,0.16004670000000001,1566947986332
32493,226,Accelerometer,-7.6949644,-2.146402,5.710171,1566947986333
32494,226,Gyroscope,-0.16798794,-0.022602014,0.16676621,1566947986342
32495,226,Accelerometer,-7.548918,-2.0422540000000002,5.8023477,1566947986343
32496,226,Gyroscope,-0.17104226,0.014660766,0.17287487,1566947986352
32497,226,Accelerometer,-7.466317999999999,-1.9895816000000002,5.8669910000000005,1566947986353
32498,226,Gyroscope,-0.16126843,0.05497787,0.17837265,1566947986363
32499,226,Accelerometer,-7.3885064,-1.958457,5.898116,1566947986363
32500,226,Gyroscope,-0.15088372,0.0842994,0.1826487,1566947986372
32501,226,Accelerometer,-7.4483614000000005,-1.9440918000000003,5.8394580000000005,1566947986373
32502,226,Gyroscope,-0.1441642,0.09712757,0.17531833,1566947986382
32503,226,Accelerometer,-7.601590600000001,-1.8375498,5.746084,1566947986383
32504,226,Gyroscope,-0.14538592,0.105068825,0.16310102,1566947986392
32505,226,Accelerometer,-7.7368627000000005,-1.6627731,5.7161565,1566947986393
32506,226,Gyroscope,-0.15882497,0.10567969,0.14172074,1566947986402
32507,226,Accelerometer,-7.8757267,-1.5921441,5.675455,1566947986403
32508,226,Gyroscope,-0.17348573,0.07452556,0.1160644,1566947986412
32509,226,Accelerometer,-8.026561000000001,-1.6352396999999999,5.559336,1566947986413
32510,226,Gyroscope,-0.20097467,0.036651913,0.0983493,1566947986422
32511,226,Accelerometer,-8.006210000000001,-1.6112977,5.4671597,1566947986423
32512,226,Gyroscope,-0.23335053,-0.004276057,0.08857546,1566947986432
32513,226,Accelerometer,-7.7440453,-1.5765818,5.3582234,1566947986433
32514,226,Gyroscope,-0.24678956,-0.04337143,0.07696902,1566947986442
32515,226,Accelerometer,-7.539341,-1.5251063999999999,5.4049106,1566947986443
32516,226,Gyroscope,-0.23640485,-0.059864793,0.07086037,1566947986453
32517,226,Accelerometer,-7.3992805,-1.4939818,5.637148000000001,1566947986453
32518,226,Gyroscope,-0.20830505,-0.062308256,0.06536258,1566947986462
32519,226,Accelerometer,-7.350199000000001,-1.5406688,5.8741736,1566947986463
32520,226,Gyroscope,-0.17959438,-0.054367005999999996,0.0580322,1566947986472
32521,226,Accelerometer,-7.4351935,-1.6232687,6.029797,1566947986473
32522,226,Gyroscope,-0.16737708,-0.02687807,0.05009095,1566947986482
32523,226,Accelerometer,-7.485471700000001,-1.7441759,6.0740894999999995,1566947986483
32524,226,Gyroscope,-0.16310102,0.004276057,0.03970624,1566947986492
32525,226,Accelerometer,-7.675811,-1.9620483,6.002263500000001,1566947986493
32526,226,Gyroscope,-0.16432275,0.029932396,0.03359759,1566947986502
32527,226,Accelerometer,-7.9092455,-2.1380222,5.8358665,1566947986503
32528,226,Gyroscope,-0.16676621,0.057421334000000004,0.043982297000000004,1566947986512
32529,226,Accelerometer,-7.8302364,-2.3020248,5.568912999999999,1566947986513
32530,226,Gyroscope,-0.15027285,0.08246681,0.04886922,1566947986522
32531,226,Accelerometer,-7.801506,-2.3594859,5.5006785,1566947986523
32532,226,Gyroscope,-0.12217305,0.06719518,0.064751714,1566947986532
32533,226,Accelerometer,-7.6506715,-2.3355439,5.4851160000000005,1566947986533
32534,226,Gyroscope,-0.09407325,0.032986722999999996,0.057421334000000004,1566947986543
32535,226,Accelerometer,-7.563283,-2.336741,5.4911017,1566947986543
32536,226,Gyroscope,-0.058643065,-0.017104227,0.044593163,1566947986552
32537,226,Accelerometer,-7.5668745,-2.3343467999999996,5.446809,1566947986553
32538,226,Gyroscope,-0.05375614,-0.040927973,0.026267206,1566947986562
32539,226,Accelerometer,-7.6506715,-2.3379380000000003,5.2756233,1566947986563
32540,226,Gyroscope,-0.064751714,-0.07086037,0.014049901000000002,1566947986572
32541,226,Accelerometer,-7.6710224,-2.1859062000000002,5.0757074,1566947986573
32542,226,Gyroscope,-0.09040806,-0.0983493,-0.002443461,1566947986583
32543,226,Accelerometer,-7.339425,-2.098518,5.177461,1566947986583
32544,226,Gyroscope,-0.08368854,-0.1337795,-0.027488936000000002,1566947986592
32545,226,Accelerometer,-7.285556,-2.2637177000000004,5.4683566,1566947986593
32546,226,Gyroscope,-0.05009095,-0.19608775,-0.053145275,1566947986602
32547,226,Accelerometer,-7.363367599999999,-2.3427265,5.742492700000001,1566947986603
32548,226,Gyroscope,-0.027488936000000002,-0.25289822,-0.08063421400000001,1566947986612
32549,226,Accelerometer,-7.363367599999999,-2.2613235,6.048950700000001,1566947986613
32550,226,Gyroscope,-0.023823743999999997,-0.26633725,-0.095294975,1566947986622
32551,226,Accelerometer,-7.376535400000001,-2.1272482999999998,6.2823853,1566947986623
32552,226,Gyroscope,-0.03970624,-0.23579398,-0.084910266,1566947986633
32553,226,Accelerometer,-7.422025,-2.0015526,6.445191,1566947986633
32554,226,Gyroscope,-0.06963864,-0.19181168,-0.06291912,1566947986642
32555,226,Accelerometer,-7.380127000000001,-2.0638018,6.6522894,1566947986643
32556,226,Gyroscope,-0.10079276599999999,-0.13805555,-0.03726278,1566947986652
32557,226,Accelerometer,-7.3753386,-2.1787236,6.794744500000001,1566947986653
32558,226,Gyroscope,-0.14049901,-0.06658431,-0.0061086523,1566947986662
32559,226,Accelerometer,-7.328651400000001,-2.3211784,6.8186865,1566947986663
32560,226,Gyroscope,-0.18387043,0.007330383,0.015271631,1566947986672
32561,226,Accelerometer,-7.335833999999999,-2.5246856,6.800729799999999,1566947986673
32562,226,Gyroscope,-0.21807889999999996,0.093462385,0.047036625,1566947986682
32563,226,Accelerometer,-7.363367599999999,-2.657564,6.7229185,1566947986683
32564,226,Gyroscope,-0.2443461,0.17470746,0.08857546,1566947986692
32565,226,Accelerometer,-7.1730285,-2.6408044999999998,6.587646,1566947986693
32566,226,Gyroscope,-0.25473082,0.2284636,0.116675265,1566947986702
32567,226,Accelerometer,-7.03177,-2.5845408,6.381745,1566947986703
32568,226,Gyroscope,-0.24678956,0.25595254,0.12461651,1566947986712
32569,226,Accelerometer,-6.998251400000001,-2.4648306,6.159084,1566947986713
32570,226,Gyroscope,-0.23090707,0.2724459,0.12644911,1566947986722
32571,226,Accelerometer,-7.03177,-2.3020248,5.9148755,1566947986723
32572,226,Gyroscope,-0.22052236,0.2742785,0.12644911,1566947986732
32573,226,Accelerometer,-7.1035960000000005,-2.1416135,5.723339,1566947986734
32574,226,Gyroscope,-0.20525073,0.25900686,0.1142318,1566947986743
32575,226,Accelerometer,-7.232883500000001,-2.1021092,5.5856724,1566947986743
32576,226,Gyroscope,-0.18936823,0.23945917,0.09040806,1566947986752
32577,226,Accelerometer,-7.374141000000001,-2.2134395000000002,5.474342299999999,1566947986753
32578,226,Gyroscope,-0.17043139999999998,0.21380283,0.05681047,1566947986762
32579,226,Accelerometer,-7.606379,-2.4193408,5.401319,1566947986763
32580,226,Gyroscope,-0.15515977,0.18509217,0.03604105,1566947986772
32581,226,Accelerometer,-7.856573,-2.5953147,5.2660465,1566947986773
32582,226,Gyroscope,-0.16371189,0.15210545,0.03604105,1566947986782
32583,226,Accelerometer,-7.8972745,-2.6683377999999998,5.046977,1566947986783
32584,226,Gyroscope,-0.17043139999999998,0.13133603,0.037873644,1566947986793
32585,226,Accelerometer,-7.843405000000001,-2.7425580000000003,4.959589,1566947986793
32586,226,Gyroscope,-0.15699236,0.0983493,0.035430185,1566947986802
32587,226,Accelerometer,-7.771578999999999,-2.9149406000000004,5.014655599999999,1566947986803
32588,226,Gyroscope,-0.12461651,0.04886922,0.03359759,1566947986812
32589,226,Accelerometer,-7.920019,-3.064578,5.118803,1566947986813
32590,226,Gyroscope,-0.10934488,0.015271631,0.03481932,1566947986822
32591,226,Accelerometer,-7.987056699999999,-2.9879637000000003,5.1678843,1566947986823
32592,226,Gyroscope,-0.10323623,-0.007941248,0.03726278,1566947986832
32593,226,Accelerometer,-7.837419000000001,-2.7700913,5.2636523,1566947986834
32594,226,Gyroscope,-0.09162979,-0.027488936000000002,0.02687807,1566947986843
32595,226,Accelerometer,-7.824250999999999,-2.7353754,5.4551888,1566947986843
32596,226,Gyroscope,-0.0842994,-0.029321532999999997,0.014049901000000002,1566947986852
32597,226,Accelerometer,-7.7811556,-2.7736826,5.612008599999999,1566947986853
32598,226,Gyroscope,-0.08674286,-0.03359759,0.025045475,1566947986862
32599,226,Accelerometer,-7.941567,-2.7150247000000003,5.57849,1566947986863
32600,226,Gyroscope,-0.10262536,-0.015882496,0.040317107000000005,1566947986872
32601,226,Accelerometer,-7.7129207,-2.5007436000000003,5.5258174,1566947986873
32602,226,Gyroscope,-0.105068825,0.01038471,0.06414085,1566947986882
32603,226,Accelerometer,-7.243657000000001,-2.5091232999999997,5.579687,1566947986883
32604,226,Gyroscope,-0.07574729,0.004886922,0.06597344599999999,1566947986893
32605,226,Accelerometer,-6.975507,-2.705448,5.7365074,1566947986893
32606,226,Gyroscope,-0.026267206,-0.028710667000000002,0.06658431,1566947986902
32607,226,Accelerometer,-7.1407065,-2.991555,5.8885393,1566947986903
32608,226,Gyroscope,-0.017715093,-0.027488936000000002,0.089186326,1566947986912
32609,226,Accelerometer,-7.1742253,-2.7629087,5.756858,1566947986913
32610,226,Gyroscope,-0.023823743999999997,-0.01038471,0.09712757,1566947986922
32611,226,Accelerometer,-7.037756,-2.622848,5.759252,1566947986923
32612,226,Gyroscope,-0.031154128,-0.007941248,0.08857546,1566947986932
32613,226,Accelerometer,-7.2975270000000005,-2.565387,5.697003,1566947986933
32614,226,Gyroscope,-0.050701816,-0.007330383,0.08674286,1566947986942
32615,226,Accelerometer,-7.381324,-2.4037786,5.567716000000001,1566947986943
32616,226,Gyroscope,-0.056199603,-0.013439035,0.07147124,1566947986952
32617,226,Accelerometer,-7.37055,-2.2744915,5.588066599999999,1566947986953
32618,226,Gyroscope,-0.05009095,-0.037873644,0.05131268,1566947986962
32619,226,Accelerometer,-7.492654300000001,-2.336741,5.54138,1566947986963
32620,226,Gyroscope,-0.05131268,-0.059864793,0.040317107000000005,1566947986972
32621,226,Accelerometer,-7.597999000000001,-2.4085669999999997,5.54138,1566947986973
32622,226,Gyroscope,-0.05681047,-0.08124508,0.029321532999999997,1566947986982
32623,226,Accelerometer,-7.675811,-2.4480712000000002,5.625177,1566947986983
32624,226,Gyroscope,-0.0720821,-0.09101892,0.02443461,1566947986992
32625,226,Accelerometer,-7.684190299999999,-2.5115175,5.673061,1566947986992
32626,226,Gyroscope,-0.09773844,-0.084910266,0.031154128,1566947987003
32627,226,Accelerometer,-7.6794020000000005,-2.5450362999999996,5.7400985,1566947987003
32628,226,Gyroscope,-0.12705997,-0.06291912,0.040317107000000005,1566947987012
32629,226,Accelerometer,-7.526173,-2.6192567,5.7999535,1566947987013
32630,226,Gyroscope,-0.15760323,-0.034208454,0.045814894,1566947987022
32631,226,Accelerometer,-7.3071036,-2.7497406000000004,5.9029045,1566947987023
32632,226,Gyroscope,-0.15943582,-0.015271631,0.04642576,1566947987032
32633,226,Accelerometer,-7.2867527,-2.9041667,5.9938839999999995,1566947987033
32634,226,Gyroscope,-0.15210545,-0.0036651915999999997,0.04520403,1566947987042
32635,226,Accelerometer,-7.278373200000001,-2.9652187999999997,6.0501475,1566947987043
32636,226,Gyroscope,-0.14599679999999998,0.019547688,0.04886922,1566947987053
32637,226,Accelerometer,-7.2568254,-2.992752,6.054936,1566947987053
32638,226,Gyroscope,-0.14110987,0.05497787,0.050701816,1566947987062
32639,226,Accelerometer,-7.265205,-3.0550013,6.0321913,1566947987063
32640,226,Gyroscope,-0.13500121,0.07513642,0.054367005999999996,1566947987072
32641,226,Accelerometer,-7.299921,-3.1423897999999997,5.99149,1566947987073
32642,226,Gyroscope,-0.13133603,0.08002335,0.059253927000000005,1566947987082
32643,226,Accelerometer,-7.284358500000001,-3.1854854,5.9651537,1566947987083
32644,226,Gyroscope,-0.12950343,0.06780604,0.0580322,1566947987092
32645,226,Accelerometer,-7.241263000000001,-3.1411927000000004,5.925649,1566947987093
32646,226,Gyroscope,-0.13072516,0.047647487,0.06658431,1566947987103
32647,226,Accelerometer,-7.1634517,-3.0466216,5.8382607,1566947987103
32648,226,Gyroscope,-0.14294247,0.03481932,0.06719518,1566947987112
32649,226,Accelerometer,-7.055712,-2.9472623,5.7975593,1566947987113
32650,226,Gyroscope,-0.15271631,0.032986722999999996,0.06780604,1566947987122
32651,226,Accelerometer,-6.941988,-2.834735,5.8083334,1566947987123
32652,226,Gyroscope,-0.16187929,0.020158553,0.07452556,1566947987132
32653,226,Accelerometer,-6.900089299999999,-2.6850972,5.8909335,1566947987133
32654,226,Gyroscope,-0.16187929,-0.01282817,0.07086037,1566947987142
32655,226,Accelerometer,-6.916848700000001,-2.586935,6.002263500000001,1566947987143
32656,226,Gyroscope,-0.17348573,-0.018936822,0.070249505,1566947987152
32657,226,Accelerometer,-6.733692,-2.4768016,6.099229,1566947987153
32658,226,Gyroscope,-0.18936823,-0.00061086525,0.06658431,1566947987162
32659,226,Accelerometer,-6.7444663,-2.4768016,6.156689599999999,1566947987163
32660,226,Gyroscope,-0.21013765,0.02565634,0.06169739,1566947987172
32661,226,Accelerometer,-6.9132576,-2.5845408,6.1686606,1566947987173
32662,226,Gyroscope,-0.226631,0.06169739,0.06414085,1566947987182
32663,226,Accelerometer,-6.903681,-2.6276363999999997,6.199784999999999,1566947987183
32664,226,Gyroscope,-0.23884831,0.10873401,0.0720821,1566947987192
32665,226,Accelerometer,-6.859388,-2.767697,6.278794,1566947987193
32666,226,Gyroscope,-0.23640485,0.15454891,0.08307768,1566947987202
32667,226,Accelerometer,-6.9970546,-2.954445,6.279991000000001,1566947987203
32668,226,Gyroscope,-0.2302962,0.20891592,0.10140363,1566947987213
32669,226,Accelerometer,-7.001842999999999,-3.0226796,6.173449,1566947987213
32670,226,Gyroscope,-0.22907446,0.2846632,0.14966199,1566947987223
32671,226,Accelerometer,-7.1035960000000005,-3.0657754,6.003461,1566947987223
32672,226,Gyroscope,-0.23151793,0.37507126,0.18875736,1566947987232
32673,226,Accelerometer,-7.322665700000001,-3.0214825000000003,5.719748,1566947987233
32674,226,Gyroscope,-0.22052236,0.37934732,0.22540927,1566947987242
32675,226,Accelerometer,-7.603985000000001,-2.8850130000000003,5.434838,1566947987243
32676,226,Gyroscope,-0.19975294,0.34269542,0.25350907,1566947987252
32677,226,Accelerometer,-7.820659599999999,-2.6791117,5.2049947,1566947987253
32678,226,Gyroscope,-0.17348573,0.27366763,0.27183503,1566947987262
32679,226,Accelerometer,-7.9750857,-2.4480712000000002,5.0086699999999995,1566947987263
32680,226,Gyroscope,-0.14538592,0.18509217,0.27488935,1566947987272
32681,226,Accelerometer,-8.094796,-2.220622,4.973954,1566947987273
32682,226,Gyroscope,-0.11178834,0.10873401,0.26694809999999997,1566947987282
32683,226,Accelerometer,-8.147469000000001,-2.019509,5.009867,1566947987283
32684,226,Gyroscope,-0.09773844,0.0580322,0.24740042,1566947987292
32685,226,Accelerometer,-8.186973,-1.8722657,5.0840874000000005,1566947987293
32686,226,Gyroscope,-0.10323623,0.028710667000000002,0.20708331,1566947987302
32687,226,Accelerometer,-8.277952,-1.6903063999999999,5.1702785,1566947987303
32688,226,Gyroscope,-0.12583824,0.020158553,0.14844026,1566947987312
32689,226,Accelerometer,-8.385692,-1.5011643999999997,5.2504845,1566947987313
32690,226,Gyroscope,-0.15882497,0.0012217305,0.09101892,1566947987323
32691,226,Accelerometer,-8.455123,-1.328782,5.2744265,1566947987323
32692,226,Gyroscope,-0.19058995,-0.023823743999999997,0.031154128,1566947987332
32693,226,Accelerometer,-8.4647,-1.2761095,5.3701944,1566947987333
32694,226,Gyroscope,-0.20830505,-0.037873644,-0.017104227,1566947987342
32695,226,Accelerometer,-8.3629465,-1.3850456,5.392939,1566947987343
32696,226,Gyroscope,-0.22113322,-0.04276056599999999,-0.03970624,1566947987352
32697,226,Accelerometer,-8.1343,-1.5813701999999998,5.357026,1566947987353
32698,226,Gyroscope,-0.21807889999999996,-0.045814894,-0.04153884,1566947987362
32699,226,Accelerometer,-7.856573,-1.7741034,5.2887917,1566947987363
32700,226,Gyroscope,-0.20280726,-0.06414085,-0.027488936000000002,1566947987373
32701,226,Accelerometer,-7.6003933,-1.9177556,5.2145715,1566947987373
32702,226,Gyroscope,-0.17348573,-0.08368854,0.0018325957999999999,1566947987382
32703,226,Accelerometer,-7.3166804,-1.8926164,5.354632,1566947987383
32704,226,Gyroscope,-0.14294247,-0.0983493,0.029932396,1566947987392
32705,226,Accelerometer,-7.1790137000000005,-1.8267759,5.5820813,1566947987393
32706,226,Gyroscope,-0.116675265,-0.10079276599999999,0.047647487,1566947987402
32707,226,Accelerometer,-7.114370299999999,-1.7729063000000003,5.828684,1566947987403
32708,226,Gyroscope,-0.10323623,-0.09285152,0.05497787,1566947987412
32709,226,Accelerometer,-7.2699933,-1.697489,5.9148755,1566947987413
32710,226,Gyroscope,-0.09773844,-0.07147124,0.05497787,1566947987423
32711,226,Accelerometer,-7.5106106,-1.5753847,5.9124813,1566947987423
32712,226,Gyroscope,-0.09040806,-0.034208454,0.04886922,1566947987432
32713,226,Accelerometer,-7.874529400000001,-1.3730746999999999,5.7125654,1566947987433
32714,226,Gyroscope,-0.073303826,-0.0061086523,0.03848451,1566947987442
32715,226,Accelerometer,-8.009802,-1.3479356000000002,5.7281275,1566947987443
32716,226,Gyroscope,-0.04886922,0.004276057,0.020158553,1566947987452
32717,226,Accelerometer,-8.123527000000001,-1.3299791,5.7065797,1566947987453
32718,226,Gyroscope,-0.029321532999999997,0.007941248,0.002443461,1566947987462
32719,226,Accelerometer,-8.194156,-1.2545617,5.6443305,1566947987463
32720,226,Gyroscope,-0.029932396,-0.013439035,-0.015882496,1566947987472
32721,226,Accelerometer,-8.032547000000001,-1.1839328000000002,5.6060233,1566947987473
32722,226,Gyroscope,-0.057421334000000004,-0.026267206,-0.03970624,1566947987482
32723,226,Accelerometer,-7.9224133000000005,-1.3072342,5.627571,1566947987483
32724,226,Gyroscope,-0.06352998,-0.040927973,-0.07391469,1566947987492
32725,226,Accelerometer,-7.9930425000000005,-1.5658079,5.6826377,1566947987493
32726,226,Gyroscope,-0.051923547,-0.06597344599999999,-0.10323623,1566947987502
32727,226,Accelerometer,-7.972691499999999,-1.7465701,5.649119000000001,1566947987503
32728,226,Gyroscope,-0.040927973,-0.07269296,-0.13255776,1566947987512
32729,226,Accelerometer,-7.8793178,-1.8555063000000003,5.645528,1566947987513
32730,226,Gyroscope,-0.031154128,-0.07696902,-0.14355333,1566947987522
32731,226,Accelerometer,-7.854178999999999,-1.8986019,5.5389857000000005,1566947987523
32732,226,Gyroscope,-0.032375857,-0.09162979,-0.15027285,1566947987533
32733,226,Accelerometer,-7.583634,-1.9704279999999998,5.513846400000001,1566947987533
32734,226,Gyroscope,-0.040317107000000005,-0.07513642,-0.15882497,1566947987542
32735,226,Accelerometer,-7.422025,-2.12246,5.591658,1566947987543
32736,226,Gyroscope,-0.04276056599999999,-0.052534412999999995,-0.16432275,1566947987552
32737,226,Accelerometer,-7.3418193,-2.2517467,5.6802435,1566947987553
32738,226,Gyroscope,-0.04153884,-0.019547688,-0.17104226,1566947987562
32739,226,Accelerometer,-7.303512,-2.4049757,5.7496753,1566947987563
32740,226,Gyroscope,-0.03726278,-0.0018325957999999999,-0.16798794,1566947987572
32741,226,Accelerometer,-7.443573,-2.5905263,5.7664347000000005,1566947987573
32742,226,Gyroscope,-0.031154128,-0.01038471,-0.16126843,1566947987582
32743,226,Accelerometer,-7.606379,-2.718616,5.7700260000000005,1566947987583
32744,226,Gyroscope,-0.035430185,-0.02565634,-0.14355333,1566947987592
32745,226,Accelerometer,-7.7464395,-2.6839,5.744887,1566947987593
32746,226,Gyroscope,-0.050701816,-0.040317107000000005,-0.11484267,1566947987603
32747,226,Accelerometer,-7.844601600000001,-2.4947581000000003,5.804742,1566947987603
32748,226,Gyroscope,-0.069027774,-0.05009095,-0.070249505,1566947987612
32749,226,Accelerometer,-7.8302364,-2.315193,5.985504,1566947987613
32750,226,Gyroscope,-0.07391469,-0.045814894,-0.029321532999999997,1566947987622
32751,226,Accelerometer,-7.5800424,-2.2661119,6.25964,1566947987623
32752,226,Gyroscope,-0.070249505,-0.022602014,-0.009162978,1566947987632
32753,226,Accelerometer,-7.4591354999999995,-2.4420857000000002,6.3350577,1566947987633
32754,226,Gyroscope,-0.084910266,0.036651913,0.02443461,1566947987642
32755,226,Accelerometer,-7.393294999999999,-2.5953147,6.172251999999999,1566947987643
32756,226,Gyroscope,-0.12034045,0.11728613,0.059253927000000005,1566947987652
32757,226,Accelerometer,-7.3753386,-2.6360161,6.002263500000001,1566947987653
32758,226,Gyroscope,-0.14905111,0.18997909,0.08674286,1566947987662
32759,226,Accelerometer,-7.492654300000001,-2.5965118,5.7544637000000005,1566947987663
32760,226,Gyroscope,-0.18020524,0.2565634,0.09040806,1566947987672
32761,226,Accelerometer,-7.487866,-2.4995465,5.444414599999999,1566947987673
32762,226,Gyroscope,-0.19608775,0.28405234,0.081855945,1566947987682
32763,226,Accelerometer,-7.5273699999999995,-2.4253263,5.117605999999999,1566947987683
32764,226,Gyroscope,-0.17837265,0.26206118,0.037873644,1566947987692
32765,226,Accelerometer,-7.511808,-2.4169466,4.8745947,1566947987693
32766,226,Gyroscope,-0.1282817,0.13805555,0.00061086525,1566947987702
32767,226,Accelerometer,-7.547721000000001,-2.4600422,4.7441106,1566947987703
32768,226,Gyroscope,-0.02565634,0.040317107000000005,-0.03604105,1566947987712
32769,226,Accelerometer,-7.6351094,-2.5007436000000003,4.720168599999999,1566947987713
32770,226,Gyroscope,0.036651913,-0.04520403,-0.06047566,1566947987722
32771,226,Accelerometer,-7.6614455999999995,-2.5498247000000003,4.7788267,1566947987723
32772,226,Gyroscope,0.069027774,-0.111177474,-0.06963864,1566947987732
32773,226,Accelerometer,-7.8050976,-2.6695349999999998,4.867412,1566947987733
32774,226,Gyroscope,0.08002335,-0.16982053,-0.06169739,1566947987743
32775,226,Accelerometer,-7.8709383,-2.7365725,5.0014873,1566947987743
32776,226,Gyroscope,0.07391469,-0.20647246,-0.044593163,1566947987752
32777,226,Accelerometer,-7.747636999999999,-2.7617116000000004,5.257667,1566947987753
32778,226,Gyroscope,0.06719518,-0.2321288,-0.027488936000000002,1566947987762
32779,226,Accelerometer,-7.714117999999999,-2.8179752999999996,5.590461,1566947987763
32780,226,Gyroscope,0.055588737,-0.21258110000000002,-0.010995574,1566947987772
32781,226,Accelerometer,-7.6494746,-2.8670566,5.849035,1566947987773
32782,226,Gyroscope,0.03848451,-0.18203785,0.008552114,1566947987782
32783,226,Accelerometer,-7.603985000000001,-2.7581203,5.959168,1566947987783
32784,226,Gyroscope,0.017715093,-0.13072516,0.016493361,1566947987793
32785,226,Accelerometer,-7.4746976,-2.4672248,6.060921700000001,1566947987793
32786,226,Gyroscope,0.007330383,-0.08124508,0.01160644,1566947987802
32787,226,Accelerometer,-7.247248599999999,-2.3223755,6.183026,1566947987803
32788,226,Gyroscope,0.0067195175,-0.0421497,0.004276057,1566947987812
32789,226,Accelerometer,-7.229292,-2.3582888,6.2704144,1566947987813
32790,226,Gyroscope,-0.009162978,-0.0030543262,0.0012217305,1566947987822
32791,226,Accelerometer,-7.098808,-2.2876596,6.2225304,1566947987823
32792,226,Gyroscope,-0.025045475,0.013439035,0.0030543262,1566947987833
32793,226,Accelerometer,-6.8749504,-2.268506,6.1985884,1566947987833
32794,226,Gyroscope,-0.02565634,0.030543262,-0.004886922,1566947987842
32795,226,Accelerometer,-6.590039999999999,-2.469619,6.363788,1566947987843
32796,226,Gyroscope,-0.020158553,0.0421497,0.00061086525,1566947987852
32797,226,Accelerometer,-6.8486137000000005,-2.7665,6.3721676,1566947987853
32798,226,Gyroscope,-0.034208454,0.047036625,0.013439035,1566947987862
32799,226,Accelerometer,-7.091625,-2.7162217999999996,6.241683999999999,1566947987863
32800,226,Gyroscope,-0.0580322,0.08552113,0.031154128,1566947987872
32801,226,Accelerometer,-6.980295,-2.6252422,6.123171,1566947987873
32802,226,Gyroscope,-0.0580322,0.09773844,0.036651913,1566947987883
32803,226,Accelerometer,-7.084442599999999,-2.7712884,6.0980315,1566947987883
32804,226,Gyroscope,-0.059864793,0.103847094,0.03481932,1566947987892
32805,226,Accelerometer,-7.3406224,-2.7952304,5.8262897,1566947987893
32806,226,Gyroscope,-0.076358154,0.1142318,0.03726278,1566947987902
32807,226,Accelerometer,-7.4124484,-2.681506,5.722142,1566947987903
32808,226,Gyroscope,-0.095294975,0.1020145,0.03848451,1566947987912
32809,226,Accelerometer,-7.485471700000001,-2.598906,5.604826,1566947987913
32810,226,Gyroscope,-0.11362094,0.08063421400000001,0.03604105,1566947987922
32811,226,Accelerometer,-7.3490020000000005,-2.4839842,5.5629277,1566947987923
32812,226,Gyroscope,-0.12767084,0.056199603,0.03481932,1566947987933
32813,226,Accelerometer,-7.2125325,-2.5258827,5.5844755,1566947987933
32814,226,Gyroscope,-0.12339478,0.035430185,0.029321532999999997,1566947987942
32815,226,Accelerometer,-7.043741000000001,-2.6767175,5.714959599999999,1566947987943
32816,226,Gyroscope,-0.10812314599999999,0.014049901000000002,0.021991148999999998,1566947987952
32817,226,Accelerometer,-7.199364699999999,-2.8287494,5.746084,1566947987953
32818,226,Gyroscope,-0.10629055,-0.0036651915999999997,0.034208454,1566947987962
32819,226,Accelerometer,-7.2963295,-2.6719291000000003,5.742492700000001,1566947987963
32820,226,Gyroscope,-0.12339478,0.018325957,0.04153884,1566947987972
32821,226,Accelerometer,-6.9360023,-2.779668,5.852626,1566947987973
32822,226,Gyroscope,-0.12461651,0.0421497,0.040317107000000005,1566947987983
32823,226,Accelerometer,-7.1179619999999995,-2.9879637000000003,5.9448028,1566947987983
32824,226,Gyroscope,-0.12156218,0.053145275,0.04520403,1566947987992
32825,226,Accelerometer,-7.273585000000001,-3.004723,5.93762,1566947987993
32826,226,Gyroscope,-0.12217305,0.07391469,0.059253927000000005,1566947988002
32827,226,Accelerometer,-7.180211,-3.0310593,5.895722,1566947988003
32828,226,Gyroscope,-0.12156218,0.09101892,0.069027774,1566947988012
32829,226,Accelerometer,-7.298723700000001,-3.064578,5.8693852,1566947988013
32830,226,Gyroscope,-0.112399206,0.10140363,0.08552113,1566947988022
32831,226,Accelerometer,-7.3609734,-2.9340942,5.760449400000001,1566947988023
32832,226,Gyroscope,-0.112399206,0.111177474,0.095294975,1566947988032
32833,226,Accelerometer,-7.301117999999999,-2.9388826,5.677849299999999,1566947988033
32834,226,Gyroscope,-0.11056661,0.099571034,0.10018189999999999,1566947988042
32835,226,Accelerometer,-7.3190745999999995,-2.8814217999999996,5.650316,1566947988043
32836,226,Gyroscope,-0.11484267,0.08674286,0.10995574,1566947988052
32837,226,Accelerometer,-7.2364745,-2.765303,5.544971,1566947988053
32838,226,Gyroscope,-0.11911872,0.08552113,0.105068825,1566947988062
32839,226,Accelerometer,-6.927623,-2.8981812000000002,5.625177,1566947988063
32840,226,Gyroscope,-0.10629055,0.06352998,0.08796459400000001,1566947988072
32841,226,Accelerometer,-6.994660400000001,-3.0825348,5.8574142,1566947988073
32842,226,Gyroscope,-0.0842994,0.053145275,0.06780604,1566947988083
32843,226,Accelerometer,-7.335833999999999,-3.1004913,5.8574142,1566947988083
32844,226,Gyroscope,-0.08735373,0.059253927000000005,0.06414085,1566947988092
32845,226,Accelerometer,-7.3789296,-2.979584,5.7365074,1566947988093
32846,226,Gyroscope,-0.10812314599999999,0.09773844,0.069027774,1566947988102
32847,226,Accelerometer,-7.322665700000001,-2.9616275,5.6922144999999995,1566947988103
32848,226,Gyroscope,-0.12644911,0.15882497,0.08857546,1566947988112
32849,226,Accelerometer,-7.3214690000000004,-3.064578,5.6443305,1566947988113
32850,226,Gyroscope,-0.12461651,0.19914207,0.11362094,1566947988122
32851,226,Accelerometer,-7.28795,-3.1866825,5.608417500000001,1566947988123
32852,226,Gyroscope,-0.099571034,0.19853121,0.14538592,1566947988133
32853,226,Accelerometer,-7.522581599999999,-3.2489316,5.5090580000000005,1566947988133
32854,226,Gyroscope,-0.07513642,0.15271631,0.17531833,1566947988142
32855,226,Accelerometer,-7.779958199999999,-3.0490158,5.3486465999999995,1566947988143
32856,226,Gyroscope,-0.054367005999999996,0.081855945,0.19914207,1566947988152
32857,226,Accelerometer,-7.8876976999999995,-2.6443958,5.29358,1566947988153
32858,226,Gyroscope,-0.03604105,0.010995574,0.21868975,1566947988162
32859,226,Accelerometer,-7.706935400000001,-2.3235726000000003,5.4623713,1566947988163
32860,226,Gyroscope,0.0012217305,-0.002443461,0.21746802,1566947988172
32861,226,Accelerometer,-7.666233999999999,-2.232593,5.7616463,1566947988173
32862,226,Gyroscope,0.02076942,-0.004886922,0.20647246,1566947988183
32863,226,Accelerometer,-7.935581699999999,-2.1272482999999998,5.8849480000000005,1566947988183
32864,226,Gyroscope,0.00061086525,0.020158553,0.17959438,1566947988192
32865,226,Accelerometer,-7.959523700000001,-1.8459294999999998,5.828684,1566947988193
32866,226,Gyroscope,-0.01038471,0.06536258,0.13805555,1566947988202
32867,226,Accelerometer,-7.762002000000001,-1.7214310000000002,5.8562174,1566947988203
32868,226,Gyroscope,-0.012217305,0.093462385,0.07513642,1566947988212
32869,226,Accelerometer,-7.890092,-1.8351556,5.8442464,1566947988213
32870,226,Gyroscope,-0.021380282999999996,0.09285152,0.01160644,1566947988222
32871,226,Accelerometer,-8.192958,-1.8650831,5.6826377,1566947988223
32872,226,Gyroscope,-0.028710667000000002,0.096516706,-0.0421497,1566947988233
32873,226,Accelerometer,-8.1163435,-1.9105729999999999,5.614403,1566947988233
32874,226,Gyroscope,-0.009162978,0.07941248,-0.07941248,1566947988242
32875,226,Accelerometer,-8.080430999999999,-2.0015526,5.5976434,1566947988243
32876,226,Gyroscope,0.005497787,0.048258353,-0.10079276599999999,1566947988252
32877,226,Accelerometer,-8.019378999999999,-2.1859062000000002,5.5222263,1566947988253
32878,226,Gyroscope,0.010995574,-0.0030543262,-0.0983493,1566947988262
32879,226,Accelerometer,-7.825448,-2.2756886,5.346252400000001,1566947988263
32880,226,Gyroscope,0.005497787,-0.05375614,-0.077579886,1566947988272
32881,226,Accelerometer,-7.562086,-2.2828712,5.269638,1566947988273
32882,226,Gyroscope,-0.0012217305,-0.096516706,-0.051923547,1566947988283
32883,226,Accelerometer,-7.386112,-2.2397757,5.3019595,1566947988283
32884,226,Gyroscope,-0.014049901000000002,-0.10812314599999999,-0.03726278,1566947988292
32885,226,Accelerometer,-7.195773,-2.2493525,5.4551888,1566947988293
32886,226,Gyroscope,-0.014660766,-0.10995574,-0.02687807,1566947988302
32887,226,Accelerometer,-7.133524,-2.2864625,5.6347537,1566947988303
32888,226,Gyroscope,-0.02687807,-0.105068825,-0.035430185,1566947988312
32889,226,Accelerometer,-7.1742253,-2.2900537999999995,5.726930599999999,1566947988313
32890,226,Gyroscope,-0.039095376,-0.08735373,-0.0421497,1566947988322
32891,226,Accelerometer,-7.314286,-2.2457612,5.6682725,1566947988323
32892,226,Gyroscope,-0.03359759,-0.06780604,-0.053145275,1566947988332
32893,226,Accelerometer,-7.437587700000001,-2.327164,5.651513,1566947988333
32894,226,Gyroscope,-0.010995574,-0.06597344599999999,-0.06291912,1566947988342
32895,226,Accelerometer,-7.4950485,-2.3570917000000002,5.5006785,1566947988343
32896,226,Gyroscope,0.021380282999999996,-0.08735373,-0.077579886,1566947988352
32897,226,Accelerometer,-7.645883,-2.087744,5.33069,1566947988353
32898,226,Gyroscope,0.04276056599999999,-0.10751228,-0.095294975,1566947988363
32899,226,Accelerometer,-7.8613615,-1.9776106,5.4396260000000005,1566947988363
32900,226,Gyroscope,0.059864793,-0.13500121,-0.12156218,1566947988372
32901,226,Accelerometer,-7.6470804,-2.1547816,5.717354,1566947988373
32902,226,Gyroscope,0.06963864,-0.13316862,-0.15577064,1566947988382
32903,226,Accelerometer,-7.9236107,-2.267309,5.7987566,1566947988383
32904,226,Gyroscope,0.053145275,-0.10873401,-0.15760323,1566947988392
32905,226,Accelerometer,-7.908048,-2.2960392999999995,5.942408599999999,1566947988393
32906,226,Gyroscope,0.0030543262,-0.08246681,-0.13561209,1566947988402
32907,226,Accelerometer,-7.969100500000001,-2.3068132,6.021417,1566947988403
32908,226,Gyroscope,-0.03604105,-0.059253927000000005,-0.1020145,1566947988412
32909,226,Accelerometer,-7.9367785,-2.2529437999999997,6.112396700000001,1566947988413
32910,226,Gyroscope,-0.06658431,-0.03359759,-0.06597344599999999,1566947988423
32911,226,Accelerometer,-7.7847466,-2.1272482999999998,6.2404866,1566947988423
32912,226,Gyroscope,-0.08307768,-0.0067195175,-0.029321532999999997,1566947988432
32913,226,Accelerometer,-7.505822,-2.100912,6.457162,1566947988433
32914,226,Gyroscope,-0.08552113,0.030543262,-0.00061086525,1566947988442
32915,226,Accelerometer,-7.4507556,-2.1416135,6.4942720000000005,1566947988443
32916,226,Gyroscope,-0.09040806,0.07452556,0.029932396,1566947988452
32917,226,Accelerometer,-7.3214690000000004,-2.0973208,6.487089599999999,1566947988453
32918,226,Gyroscope,-0.09773844,0.13011430000000002,0.05681047,1566947988462
32919,226,Accelerometer,-7.223306699999999,-2.1679497000000003,6.4140663,1566947988463
32920,226,Gyroscope,-0.09896017,0.172264,0.070249505,1566947988472
32921,226,Accelerometer,-7.3106947,-2.256535,6.2392898,1566947988473
32922,226,Gyroscope,-0.103847094,0.21197024,0.077579886,1566947988483
32923,226,Accelerometer,-7.405266,-2.1499932,5.901707,1566947988483
32924,226,Gyroscope,-0.12156218,0.24007004,0.0842994,1566947988492
32925,226,Accelerometer,-7.243657000000001,-1.9716251,5.6323595,1566947988493
32926,226,Gyroscope,-0.13133603,0.23945917,0.06536258,1566947988502
32927,226,Accelerometer,-7.329848299999999,-2.005144,5.391742,1566947988503
32928,226,Gyroscope,-0.12889257,0.20158553,0.04276056599999999,1566947988512
32929,226,Accelerometer,-7.2939353,-2.0075380000000003,5.2385135,1566947988513
32930,226,Gyroscope,-0.11056661,0.16004670000000001,0.01160644,1566947988522
32931,226,Accelerometer,-7.2245035,-2.1021092,5.2157683,1566947988523
32932,226,Gyroscope,-0.0720821,0.1020145,-0.017104227,1566947988533
32933,226,Accelerometer,-7.371747,-2.1847090000000002,5.2528787,1566947988533
32934,226,Gyroscope,-0.03726278,0.055588737,-0.02565634,1566947988542
32935,226,Accelerometer,-7.339425,-2.1978772,5.2899885,1566947988543
32936,226,Gyroscope,-0.014049901000000002,0.019547688,-0.021380282999999996,1566947988552
32937,226,Accelerometer,-7.2364745,-2.3714569,5.3642087,1566947988553
32938,226,Gyroscope,0.014049901000000002,-0.02565634,-0.01038471,1566947988562
32939,226,Accelerometer,-7.369353,-2.6372132,5.5282116,1566947988563
32940,226,Gyroscope,0.040927973,-0.06169739,0.007941248,1566947988572
32941,226,Accelerometer,-7.57286,-2.765303,5.5976434,1566947988573
32942,226,Gyroscope,0.04153884,-0.062308256,0.029321532999999997,1566947988582
32943,226,Accelerometer,-7.630321,-2.7102362999999996,5.6203885,1566947988583
32944,226,Gyroscope,0.026267206,-0.052534412999999995,0.04886922,1566947988593
32945,226,Accelerometer,-7.799111999999999,-2.634819,5.664681400000001,1566947988593
32946,226,Gyroscope,0.014660766,-0.034208454,0.059864793,1566947988602
32947,226,Accelerometer,-7.831434,-2.5234885,5.6634839999999995,1566947988603
32948,226,Gyroscope,0.00061086525,-0.009162978,0.06597344599999999,1566947988612
32949,226,Accelerometer,-7.5704656,-2.4169466,5.7017913,1566947988613
32950,226,Gyroscope,0.007330383,-0.015271631,0.032375857,1566947988622
32951,226,Accelerometer,-7.515399,-2.4851813,5.8885393,1566947988623
32952,226,Gyroscope,0.037873644,-0.03726278,0.027488936000000002,1566947988632
32953,226,Accelerometer,-7.6171527,-2.4756044999999998,5.9280434,1566947988633
32954,226,Gyroscope,0.03176499,-0.039095376,0.025045475,1566947988642
32955,226,Accelerometer,-7.4124484,-2.2972363999999996,5.972336299999999,1566947988643
32956,226,Gyroscope,0.02687807,-0.03970624,0.022602014,1566947988652
32957,226,Accelerometer,-7.2699933,-2.2852653999999997,6.0980315,1566947988653
32958,226,Gyroscope,0.012217305,-0.014660766,0.025045475,1566947988662
32959,226,Accelerometer,-7.2185183,-2.3427265,6.048950700000001,1566947988663
32960,226,Gyroscope,-0.014049901000000002,0.015271631,0.040927973,1566947988672
32961,226,Accelerometer,-7.064092,-2.4121582999999998,5.995081,1566947988673
32962,226,Gyroscope,-0.02687807,0.020158553,0.040317107000000005,1566947988682
32963,226,Accelerometer,-6.9767036,-2.5318682,6.105214,1566947988683
32964,226,Gyroscope,-0.028710667000000002,0.028710667000000002,0.044593163,1566947988692
32965,226,Accelerometer,-7.108384599999999,-2.5941176,6.144718599999999,1566947988693
32966,226,Gyroscope,-0.032986722999999996,0.062308256,0.05681047,1566947988703
32967,226,Accelerometer,-7.155071700000001,-2.5809495,6.1387334000000005,1566947988703
32968,226,Gyroscope,-0.03726278,0.08552113,0.057421334000000004,1566947988712
32969,226,Accelerometer,-7.3274539999999995,-2.6839,6.1507044,1566947988713
32970,226,Gyroscope,-0.054367005999999996,0.11056661,0.06047566,1566947988722
32971,226,Accelerometer,-7.5644803,-2.6635494,5.99149,1566947988723
32972,226,Gyroscope,-0.089186326,0.1423316,0.06841691,1566947988732
32973,226,Accelerometer,-7.539341,-2.5953147,5.767632,1566947988733
32974,226,Gyroscope,-0.11178834,0.14172074,0.06719518,1566947988742
32975,226,Accelerometer,-7.3825210000000006,-2.565387,5.7017913,1566947988743
32976,226,Gyroscope,-0.10873401,0.112399206,0.048258353,1566947988752
32977,226,Accelerometer,-7.3047094,-2.7497406000000004,5.685032,1566947988753
32978,226,Gyroscope,-0.092240654,0.07941248,0.034208454,1566947988763
32979,226,Accelerometer,-7.4064630000000005,-2.89459,5.717354,1566947988763
32980,226,Gyroscope,-0.08735373,0.059253927000000005,0.02687807,1566947988772
32981,226,Accelerometer,-7.592013400000001,-2.822764,5.657499,1566947988773
32982,226,Gyroscope,-0.10079276599999999,0.06536258,0.029932396,1566947988782
32983,226,Accelerometer,-7.563283,-2.6731262000000005,5.595249,1566947988783
32984,226,Gyroscope,-0.10567969,0.059253927000000005,0.028710667000000002,1566947988792
32985,226,Accelerometer,-7.4711065,-2.597709,5.631162000000001,1566947988793
32986,226,Gyroscope,-0.1020145,0.040317107000000005,0.02321288,1566947988802
32987,226,Accelerometer,-7.429208,-2.8203697,5.744887,1566947988803
32988,226,Gyroscope,-0.10629055,0.026267206,0.02443461,1566947988812
32989,226,Accelerometer,-7.4351935,-2.9161377,5.734113,1566947988813
32990,226,Gyroscope,-0.12034045,0.040317107000000005,0.03176499,1566947988823
32991,226,Accelerometer,-7.407660000000001,-2.8311436000000003,5.6156,1566947988823
32992,226,Gyroscope,-0.13683382,0.05131268,0.039095376,1566947988832
32993,226,Accelerometer,-7.323863,-2.9352913,5.612008599999999,1566947988833
32994,226,Gyroscope,-0.1386664,0.062308256,0.036651913,1566947988842
32995,226,Accelerometer,-7.2915410000000005,-3.0214825000000003,5.6156,1566947988843
32996,226,Gyroscope,-0.12339478,0.059253927000000005,0.028099801,1566947988852
32997,226,Accelerometer,-7.28795,-2.9747956,5.589264,1566947988853
32998,226,Gyroscope,-0.10323623,0.059864793,0.02321288,1566947988862
32999,226,Accelerometer,-7.315483,-2.9999347000000003,5.555745,1566947988863
33000,226,Gyroscope,-0.09285152,0.05375614,0.020158553,1566947988873
33001,226,Accelerometer,-7.352593400000001,-2.9855695,5.5246205,1566947988873
33002,226,Gyroscope,-0.08796459400000001,0.03970624,0.021380282999999996,1566947988882
33003,226,Accelerometer,-7.372944400000001,-2.9580362,5.4527946,1566947988883
33004,226,Gyroscope,-0.081855945,0.013439035,0.02565634,1566947988892
33005,226,Accelerometer,-7.2640080000000005,-2.9496564999999997,5.4779334,1566947988893
33006,226,Gyroscope,-0.07513642,-0.015271631,0.032375857,1566947988902
33007,226,Accelerometer,-7.1670427,-3.0238767,5.529408999999999,1566947988903
33008,226,Gyroscope,-0.069027774,-0.035430185,0.036651913,1566947988912
33009,226,Accelerometer,-7.2029557,-3.0597897,5.579687,1566947988913
33010,226,Gyroscope,-0.06536258,-0.044593163,0.039095376,1566947988923
33011,226,Accelerometer,-7.3047094,-2.9843724,5.665878299999999,1566947988923
33012,226,Gyroscope,-0.07269296,-0.04886922,0.039095376,1566947988932
33013,226,Accelerometer,-7.252037,-2.871845,5.792771,1566947988933
33014,226,Gyroscope,-0.07941248,-0.018936822,0.030543262,1566947988942
33015,226,Accelerometer,-7.193378999999999,-2.9161377,5.8885393,1566947988943
33016,226,Gyroscope,-0.08063421400000001,0.005497787,0.02565634,1566947988952
33017,226,Accelerometer,-7.3202715,-2.871845,5.85502,1566947988953
33018,226,Gyroscope,-0.09468412,-0.0067195175,0.03848451,1566947988962
33019,226,Accelerometer,-7.4603324,-2.6791117,5.8346696,1566947988963
33020,226,Gyroscope,-0.10751228,-0.013439035,0.05681047,1566947988972
33021,226,Accelerometer,-7.281964299999999,-2.5617957000000002,5.9400144,1566947988973
33022,226,Gyroscope,-0.11301007,-0.0061086523,0.093462385,1566947988983
33023,226,Accelerometer,-7.1095820000000005,-2.315193,5.9268465,1566947988983
33024,226,Gyroscope,-0.12095132,0.015271631,0.12461651,1566947988992
33025,226,Accelerometer,-6.940790700000001,-2.3080103,5.942408599999999,1566947988993
33026,226,Gyroscope,-0.10934488,0.015882496,0.14660765,1566947989002
33027,226,Accelerometer,-7.232883500000001,-2.4157495,5.9400144,1566947989003
33028,226,Gyroscope,-0.09040806,-0.016493361,0.16371189,1566947989012
33029,226,Accelerometer,-7.4974427,-2.3570917000000002,5.9388175,1566947989013
33030,226,Gyroscope,-0.084910266,-0.020158553,0.1881465,1566947989022
33031,226,Accelerometer,-7.5608889999999995,-2.2122424,5.9448028,1566947989023
33032,226,Gyroscope,-0.08735373,0.019547688,0.20952678,1566947989032
33033,226,Accelerometer,-7.6650367,-2.0913353,5.9986725,1566947989033
33034,226,Gyroscope,-0.08796459400000001,0.055588737,0.20891592,1566947989042
33035,226,Accelerometer,-7.831434,-2.055422,5.979519,1566947989043
33036,226,Gyroscope,-0.09590584,0.089186326,0.19914207,1566947989052
33037,226,Accelerometer,-7.990648299999999,-2.1212628,5.960365299999999,1566947989053
33038,226,Gyroscope,-0.09285152,0.12461651,0.19608775,1566947989062
33039,226,Accelerometer,-8.147469000000001,-2.0817582999999997,5.886145,1566947989063
33040,226,Gyroscope,-0.06963864,0.13316862,0.18631389999999998,1566947989072
33041,226,Accelerometer,-8.194156,-2.0039468,5.741296,1566947989073
33042,226,Gyroscope,-0.04520403,0.1160644,0.16676621,1566947989082
33043,226,Accelerometer,-8.288725999999999,-1.8986019,5.54138,1566947989083
33044,226,Gyroscope,-0.039095376,0.07452556,0.13500121,1566947989092
33045,226,Accelerometer,-8.349778,-1.7381904,5.2983685,1566947989093
33046,226,Gyroscope,-0.06963864,0.03970624,0.1020145,1566947989102
33047,226,Accelerometer,-8.267178999999999,-1.5526398000000001,5.062539599999999,1566947989103
33048,226,Gyroscope,-0.11178834,0.03970624,0.06597344599999999,1566947989112
33049,226,Accelerometer,-8.002619000000001,-1.4796166000000002,4.945224,1566947989113
33050,226,Gyroscope,-0.14049901,-0.047647487,0.03970624,1566947989122
33051,226,Accelerometer,-7.740454,-1.6424223000000002,4.985925,1566947989123
33052,226,Gyroscope,-0.14966199,-0.10567969,0.025045475,1566947989132
33053,226,Accelerometer,-7.5549035,-1.8626889,5.1259856,1566947989133
33054,226,Gyroscope,-0.13561209,-0.15271631,0.02565634,1566947989142
33055,226,Accelerometer,-7.4268136,-2.0566192,5.243302,1566947989143
33056,226,Gyroscope,-0.10873401,-0.18448131,0.034208454,1566947989152
33057,226,Accelerometer,-7.299921,-2.147599,5.303157,1566947989153
33058,226,Gyroscope,-0.081855945,-0.19120082,0.040927973,1566947989163
33059,226,Accelerometer,-7.1826053,-2.1499932,5.3678,1566947989163
33060,226,Gyroscope,-0.05497787,-0.19730948,0.037873644,1566947989172
33061,226,Accelerometer,-7.2065472999999995,-2.1380222,5.4168816,1566947989173
33062,226,Gyroscope,-0.043982297000000004,-0.20036379999999998,0.029932396,1566947989182
33063,226,Accelerometer,-7.305906299999999,-2.099715,5.432443599999999,1566947989183
33064,226,Gyroscope,-0.04276056599999999,-0.19608775,0.02076942,1566947989192
33065,226,Accelerometer,-7.419631,-2.0398598000000003,5.507861,1566947989193
33066,226,Gyroscope,-0.044593163,-0.19975294,0.007330383,1566947989202
33067,226,Accelerometer,-7.516596300000001,-1.9871874,5.5701103,1566947989203
33068,226,Gyroscope,-0.03481932,-0.21746802,-0.015271631,1566947989212
33069,226,Accelerometer,-7.589619,-1.8626889,5.6910176,1566947989213
33070,226,Gyroscope,-0.021380282999999996,-0.21991149,-0.037873644,1566947989222
33071,226,Accelerometer,-7.6351094,-1.6771383000000002,5.8801594,1566947989223
33072,226,Gyroscope,-0.020158553,-0.20097467,-0.06658431,1566947989232
33073,226,Accelerometer,-7.57286,-1.4053963,6.0848637000000005,1566947989233
33074,226,Gyroscope,-0.02565634,-0.15210545,-0.112399206,1566947989242
33075,226,Accelerometer,-7.478289,-1.34195,6.3087215,1566947989243
33076,226,Gyroscope,-0.029932396,-0.092240654,-0.14721853,1566947989252
33077,226,Accelerometer,-7.550114999999999,-1.3922282,6.5218053,1566947989253
33078,226,Gyroscope,-0.040317107000000005,-0.013439035,-0.1826487,1566947989262
33079,226,Accelerometer,-7.7428484,-1.5215151000000002,6.664260400000001,1566947989263
33080,226,Gyroscope,-0.057421334000000004,0.05009095,-0.20891592,1566947989272
33081,226,Accelerometer,-7.9463553,-1.8124107,6.6079965,1566947989273
33082,226,Gyroscope,-0.09468412,0.070249505,-0.19853121,1566947989283
33083,226,Accelerometer,-8.024167,-2.3080103,6.2285156,1566947989283
33084,226,Gyroscope,-0.13683382,0.073303826,-0.16310102,1566947989292
33085,226,Accelerometer,-7.911639699999999,-2.421735,6.1938,1566947989293
33086,226,Gyroscope,-0.16310102,0.0580322,-0.111177474,1566947989303
33087,226,Accelerometer,-7.636306299999999,-2.5378537,6.1686606,1566947989303
33088,226,Gyroscope,-0.17898351,0.049480084,-0.02076942,1566947989312
33089,226,Accelerometer,-7.2149267,-2.5893292000000003,6.1758432,1566947989313
33090,226,Gyroscope,-0.19120082,0.028099801,0.030543262,1566947989323
33091,226,Accelerometer,-6.9048777,-2.4839842,6.2213330000000004,1566947989323
33092,226,Gyroscope,-0.19914207,0.039095376,0.06658431,1566947989332
33093,226,Accelerometer,-6.6056023,-2.256535,6.23091,1566947989333
33094,226,Gyroscope,-0.20830505,0.070249505,0.09285152,1566947989342
33095,226,Accelerometer,-6.293158999999999,-2.0817582999999997,6.191406,1566947989343
33096,226,Gyroscope,-0.20647246,0.10079276599999999,0.103847094,1566947989352
33097,226,Accelerometer,-6.1985884,-2.0302830000000003,6.208165,1566947989353
33098,226,Gyroscope,-0.19242255,0.12217305,0.10018189999999999,1566947989362
33099,226,Accelerometer,-6.3589997,-2.0697872999999998,6.187814,1566947989363
33100,226,Gyroscope,-0.172264,0.13072516,0.095294975,1566947989372
33101,226,Accelerometer,-6.631939,-2.1260512,6.081272,1566947989373
33102,226,Gyroscope,-0.15393804,0.14538592,0.09773844,1566947989383
33103,226,Accelerometer,-6.9252286,-2.1057005,5.957971,1566947989383
33104,226,Gyroscope,-0.13805555,0.14905111,0.092240654,1566947989392
33105,226,Accelerometer,-7.232883500000001,-2.112883,5.8574142,1566947989393
33106,226,Gyroscope,-0.1142318,0.13927728,0.07819075,1566947989402
33107,226,Accelerometer,-7.4723034,-2.2254104999999997,5.7819970000000005,1566947989403
33108,226,Gyroscope,-0.09162979,0.12461651,0.06719518,1566947989412
33109,226,Accelerometer,-7.716512,-2.267309,5.645528,1566947989413
33110,226,Gyroscope,-0.076358154,0.11911872,0.059864793,1566947989422
33111,226,Accelerometer,-7.8050976,-2.2840683,5.511451999999999,1566947989423
33112,226,Gyroscope,-0.07513642,0.103847094,0.057421334000000004,1566947989432
33113,226,Accelerometer,-7.8410106,-2.3942018,5.5246205,1566947989433
33114,226,Gyroscope,-0.06780604,0.08246681,0.051923547,1566947989442
33115,226,Accelerometer,-7.905653999999999,-2.6300306,5.57849,1566947989443
33116,226,Gyroscope,-0.07086037,0.073303826,0.05375614,1566947989452
33117,226,Accelerometer,-7.969100500000001,-2.7808652,5.592855,1566947989453
33118,226,Gyroscope,-0.08307768,0.07269296,0.059253927000000005,1566947989463
33119,226,Accelerometer,-7.9583262999999995,-2.814384,5.612008599999999,1566947989463
33120,226,Gyroscope,-0.09285152,0.07452556,0.07086037,1566947989472
33121,226,Accelerometer,-7.8733325,-2.7784709999999997,5.6323595,1566947989473
33122,226,Gyroscope,-0.09468412,0.07880162,0.08368854,1566947989482
33123,226,Accelerometer,-7.6614455999999995,-2.7461493,5.5856724,1566947989483
33124,226,Gyroscope,-0.084910266,0.077579886,0.09040806,1566947989492
33125,226,Accelerometer,-7.45315,-2.7545290000000002,5.5641245999999995,1566947989493
33126,226,Gyroscope,-0.06841691,0.06597344599999999,0.092240654,1566947989502
33127,226,Accelerometer,-7.325060000000001,-2.7820622999999998,5.4671597,1566947989503
33128,226,Gyroscope,-0.052534412999999995,0.04153884,0.09285152,1566947989512
33129,226,Accelerometer,-7.2759789999999995,-2.753332,5.4420204000000005,1566947989513
33130,226,Gyroscope,-0.043982297000000004,0.015271631,0.08674286,1566947989523
33131,226,Accelerometer,-7.277176,-2.6755204,5.475539,1566947989523
33132,226,Gyroscope,-0.03726278,-0.0012217305,0.07941248,1566947989532
33133,226,Accelerometer,-7.223306699999999,-2.64679,5.5760955999999995,1566947989533
33134,226,Gyroscope,-0.028099801,-0.019547688,0.062308256,1566947989542
33135,226,Accelerometer,-7.305906299999999,-2.658761,5.707777,1566947989543
33136,226,Gyroscope,-0.027488936000000002,-0.03848451,0.04153884,1566947989553
33137,226,Accelerometer,-7.410054,-2.705448,5.801151,1566947989553
33138,226,Gyroscope,-0.032986722999999996,-0.030543262,0.027488936000000002,1566947989562
33139,226,Accelerometer,-7.516596300000001,-2.6898855999999998,5.895722,1566947989563
33140,226,Gyroscope,-0.049480084,-0.009773844,0.013439035,1566947989572
33141,226,Accelerometer,-7.601590600000001,-2.657564,5.963956400000001,1566947989573
33142,226,Gyroscope,-0.07147124,0.01282817,0.01160644,1566947989582
33143,226,Accelerometer,-7.643489,-2.6647465,5.9651537,1566947989583
33144,226,Gyroscope,-0.08857546,0.036651913,0.023823743999999997,1566947989592
33145,226,Accelerometer,-7.636306299999999,-2.6611552000000005,5.9687448,1566947989593
33146,226,Gyroscope,-0.09896017,0.044593163,0.022602014,1566947989602
33147,226,Accelerometer,-7.559692,-2.7449522,5.9867015,1566947989603
33148,226,Gyroscope,-0.105068825,0.03848451,0.028710667000000002,1566947989612
33149,226,Accelerometer,-7.524976,-2.8682537,5.978321599999999,1566947989613
33150,226,Gyroscope,-0.11362094,0.0421497,0.03970624,1566947989622
33151,226,Accelerometer,-7.455544000000001,-2.7928362,5.895722,1566947989623
33152,226,Gyroscope,-0.12705997,0.048258353,0.044593163,1566947989632
33153,226,Accelerometer,-7.2628107,-2.6683377999999998,5.8466406,1566947989633
33154,226,Gyroscope,-0.1386664,0.054367005999999996,0.04520403,1566947989642
33155,226,Accelerometer,-7.241263000000001,-2.6479871,5.8346696,1566947989644
33156,226,Gyroscope,-0.15393804,0.0580322,0.04337143,1566947989652
33157,226,Accelerometer,-7.225700999999999,-2.597709,5.7903767,1566947989653
33158,226,Gyroscope,-0.15454891,0.06719518,0.029321532999999997,1566947989662
33159,226,Accelerometer,-7.017405,-2.6779146000000003,5.8921304,1566947989663
33160,226,Gyroscope,-0.13683382,0.07513642,0.0018325957999999999,1566947989672
33161,226,Accelerometer,-7.046135400000001,-3.0310593,6.0321913,1566947989673
33162,226,Gyroscope,-0.11911872,0.06719518,-0.0012217305,1566947989683
33163,226,Accelerometer,-7.586028,-3.1316159,5.996278299999999,1566947989683
33164,226,Gyroscope,-0.13255776,0.09773844,0.01282817,1566947989692
33165,226,Accelerometer,-7.631517999999999,-2.8766334,5.7819970000000005,1566947989693
33166,226,Gyroscope,-0.14538592,0.12767084,0.032375857,1566947989702
33167,226,Accelerometer,-7.4232225000000005,-2.8502972,5.5964465,1566947989703
33168,226,Gyroscope,-0.12705997,0.12156218,0.039095376,1566947989712
33169,226,Accelerometer,-7.363367599999999,-3.0442273999999996,5.602432,1566947989713
33170,226,Gyroscope,-0.09285152,0.09407325,0.04153884,1566947989722
33171,226,Accelerometer,-7.3406224,-3.2190042,5.6802435,1566947989723
33172,226,Gyroscope,-0.06658431,0.07391469,0.04276056599999999,1566947989732
33173,226,Accelerometer,-7.338228,-3.169923,5.5329999999999995,1566947989733
33174,226,Gyroscope,-0.059864793,0.069027774,0.045814894,1566947989742
33175,226,Accelerometer,-7.466317999999999,-2.9221232,5.4192758,1566947989743
33176,226,Gyroscope,-0.07147124,0.06780604,0.05131268,1566947989752
33177,226,Accelerometer,-7.4028716,-2.8395232999999998,5.398925,1566947989753
33178,226,Gyroscope,-0.08124508,0.04153884,0.032986722999999996,1566947989762
33179,226,Accelerometer,-7.2699933,-2.8431146000000003,5.463568,1566947989763
33180,226,Gyroscope,-0.08246681,-0.0030543262,0.016493361,1566947989772
33181,226,Accelerometer,-7.159860000000001,-2.814384,5.4623713,1566947989773
33182,226,Gyroscope,-0.08857546,-0.04642576,0.013439035,1566947989782
33183,226,Accelerometer,-7.181408,-2.6443958,5.482722,1566947989783
33184,226,Gyroscope,-0.096516706,-0.07941248,0.02565634,1566947989792
33185,226,Accelerometer,-7.231686,-2.5222914,5.494693,1566947989793
33186,226,Gyroscope,-0.099571034,-0.12644911,0.055588737,1566947989802
33187,226,Accelerometer,-7.386112,-2.5306710999999997,5.5988407,1566947989803
33188,226,Gyroscope,-0.09773844,-0.18387043,0.09773844,1566947989813
33189,226,Accelerometer,-7.505822,-2.4528596,5.6563015,1566947989813
33190,226,Gyroscope,-0.106901415,-0.23762658,0.14294247,1566947989822
33191,226,Accelerometer,-7.431602000000001,-2.2625206,5.753267,1566947989823
33192,226,Gyroscope,-0.12950343,-0.25900686,0.18387043,1566947989832
33193,226,Accelerometer,-7.298723700000001,-2.088941,5.8226986,1566947989833
33194,226,Gyroscope,-0.15943582,-0.26267207,0.22296582,1566947989842
33195,226,Accelerometer,-7.2113357,-1.8878279999999998,6.0561333,1566947989843
33196,226,Gyroscope,-0.18081611,-0.2321288,0.25534168,1566947989853
33197,226,Accelerometer,-7.076063,-1.8291701,6.3769565,1566947989853
33198,226,Gyroscope,-0.16737708,-0.16554448,0.28038713,1566947989862
33199,226,Accelerometer,-7.114370299999999,-1.8195933000000002,6.6415157,1566947989863
33200,226,Gyroscope,-0.13622294,-0.06658431,0.2883284,1566947989872
33201,226,Accelerometer,-7.268796400000001,-1.7477672,6.561310000000001,1566947989873
33202,226,Gyroscope,-0.12095132,0.03481932,0.28099802,1566947989882
33203,226,Accelerometer,-7.442375999999999,-1.5729905,6.379350700000001,1566947989883
33204,226,Gyroscope,-0.12034045,0.10140363,0.25778514,1566947989892
33205,226,Accelerometer,-7.6482773,-1.4556746,6.171055,1566947989893
33206,226,Gyroscope,-0.11484267,0.12156218,0.22357668,1566947989902
33207,226,Accelerometer,-7.94037,-1.3072342,5.985504,1566947989903
33208,226,Gyroscope,-0.10629055,0.105068825,0.18570304,1566947989912
33209,226,Accelerometer,-8.12233,-1.2138603000000001,5.742492700000001,1566947989913
33210,226,Gyroscope,-0.11362094,0.0720821,0.14172074,1566947989922
33211,226,Accelerometer,-8.164227499999999,-1.1994951,5.530606,1566947989923
33212,226,Gyroscope,-0.1160644,0.029932396,0.09712757,1566947989932
33213,226,Accelerometer,-8.204929,-1.1599906999999998,5.4001220000000005,1566947989933
33214,226,Gyroscope,-0.12950343,-0.014660766,0.06841691,1566947989942
33215,226,Accelerometer,-8.100781,-1.1552023,5.395334,1566947989943
33216,226,Gyroscope,-0.14905111,-0.05497787,0.05681047,1566947989952
33217,226,Accelerometer,-7.855376,-1.2641385,5.5377884,1566947989953
33218,226,Gyroscope,-0.17409660000000002,-0.09590584,0.057421334000000004,1566947989962
33219,226,Accelerometer,-7.716512,-1.4748282,5.5545480000000005,1566947989963
33220,226,Gyroscope,-0.20341812,-0.14782938,0.07513642,1566947989973
33221,226,Accelerometer,-7.4914570000000005,-1.7262194,5.471948,1566947989973
33222,226,Gyroscope,-0.23090707,-0.1777618,0.10445796,1566947989982
33223,226,Accelerometer,-7.2640080000000005,-1.8806453999999997,5.415684,1566947989983
33224,226,Gyroscope,-0.23396139,-0.1881465,0.12156218,1566947989992
33225,226,Accelerometer,-7.1155677,-1.9261352999999999,5.5054669999999994,1566947989993
33226,226,Gyroscope,-0.20647246,-0.19181168,0.11728613,1566947990003
33227,226,Accelerometer,-7.2340803,-1.8842366999999998,5.66109,1566947990003
33228,226,Gyroscope,-0.16310102,-0.18142697,0.099571034,1566947990012
33229,226,Accelerometer,-7.314286,-1.7896657999999999,5.8226986,1566947990013
33230,226,Gyroscope,-0.14721853,-0.16065755,0.076358154,1566947990023
33231,226,Accelerometer,-7.396886299999999,-1.7214310000000002,5.9400144,1566947990023
33232,226,Gyroscope,-0.13683382,-0.14599679999999998,0.05497787,1566947990032
33233,226,Accelerometer,-7.629123700000001,-1.6950948000000001,6.035782299999999,1566947990033
33234,226,Gyroscope,-0.14172074,-0.13927728,0.044593163,1566947990042
33235,226,Accelerometer,-7.782352400000001,-1.5598223999999998,5.979519,1566947990043
33236,226,Gyroscope,-0.16004670000000001,-0.11911872,0.044593163,1566947990053
33237,226,Accelerometer,-7.750031,-1.4628572,5.8837504,1566947990053
33238,226,Gyroscope,-0.1826487,-0.103847094,0.048258353,1566947990062
33239,226,Accelerometer,-7.6410947,-1.4161704,5.7939680000000005,1566947990063
33240,226,Gyroscope,-0.20280726,-0.10323623,0.032986722999999996,1566947990072
33241,226,Accelerometer,-7.4507556,-1.3958195,5.785588300000001,1566947990073
33242,226,Gyroscope,-0.21563543,-0.10629055,0.019547688,1566947990082
33243,226,Accelerometer,-7.311891999999999,-1.3706805,5.93762,1566947990083
33244,226,Gyroscope,-0.21624629,-0.09896017,-0.0030543262,1566947990092
33245,226,Accelerometer,-7.2304892999999995,-1.3263878,6.220136,1566947990093
33246,226,Gyroscope,-0.21013765,-0.07452556,-0.03726278,1566947990102
33247,226,Accelerometer,-7.1634517,-1.3108255,6.4416,1566947990103
33248,226,Gyroscope,-0.21074851,-0.040317107000000005,-0.0720821,1566947990112
33249,226,Accelerometer,-7.289147,-1.4329298000000001,6.5241995,1566947990113
33250,226,Gyroscope,-0.2144137,0.016493361,-0.106901415,1566947990123
33251,226,Accelerometer,-7.346607700000001,-1.5729905,6.467936,1566947990123
33252,226,Gyroscope,-0.20708331,0.07880162,-0.13500121,1566947990132
33253,226,Accelerometer,-7.393294999999999,-1.7633294999999998,6.4344171999999995,1566947990133
33254,226,Gyroscope,-0.21013765,0.14905111,-0.13927728,1566947990142
33255,226,Accelerometer,-7.571663,-2.0135236,6.3302693,1566947990143
33256,226,Gyroscope,-0.22052236,0.22540927,-0.12339478,1566947990153
33257,226,Accelerometer,-7.7224975,-2.2278047,6.1985884,1566947990153
33258,226,Gyroscope,-0.22418754,0.25534168,-0.09590584,1566947990162
33259,226,Accelerometer,-8.024167,-2.4133554,6.021417,1566947990163
33260,226,Gyroscope,-0.22907446,0.22540927,-0.07269296,1566947990172
33261,226,Accelerometer,-8.196549000000001,-2.4779987,5.8059389999999995,1566947990173
33262,226,Gyroscope,-0.22724187,0.16737708,-0.051923547,1566947990182
33263,226,Accelerometer,-8.147469000000001,-2.5270798,5.759252,1566947990183
33264,226,Gyroscope,-0.21930063,0.11911872,-0.029321532999999997,1566947990192
33265,226,Accelerometer,-7.9583262999999995,-2.4636335,5.841851999999999,1566947990193
33266,226,Gyroscope,-0.20586158,0.069027774,-0.014660766,1566947990202
33267,226,Accelerometer,-7.5884222999999995,-2.4229321,6.0513449999999995,1566947990203
33268,226,Gyroscope,-0.20586158,0.034208454,-0.007941248,1566947990212
33269,226,Accelerometer,-7.2951326000000005,-2.3882163,6.2620344,1566947990213
33270,226,Gyroscope,-0.20036379999999998,0.02443461,0.015882496,1566947990222
33271,226,Accelerometer,-7.043741000000001,-2.3894134,6.415263700000001,1566947990223
33272,226,Gyroscope,-0.20036379999999998,0.050701816,0.06291912,1566947990232
33273,226,Accelerometer,-6.96593,-2.4013843999999995,6.378153299999999,1566947990233
33274,226,Gyroscope,-0.22785273,0.118507855,0.106901415,1566947990242
33275,226,Accelerometer,-6.794744500000001,-2.4133554,6.366182299999999,1566947990243
33276,226,Gyroscope,-0.23701571,0.17959438,0.15027285,1566947990252
33277,226,Accelerometer,-6.6774287,-2.4277205000000004,6.3218894,1566947990253
33278,226,Gyroscope,-0.23518312,0.24068089999999998,0.1777618,1566947990262
33279,226,Accelerometer,-6.7504516,-2.4349031,6.0968347000000005,1566947990263
33280,226,Gyroscope,-0.22540927,0.28527406,0.19364429,1566947990272
33281,226,Accelerometer,-6.956353,-2.4648306,5.7125654,1566947990273
33282,226,Gyroscope,-0.22357668,0.30604348,0.21013765,1566947990283
33283,226,Accelerometer,-7.101202000000001,-2.5019407000000005,5.388150700000001,1566947990283
33284,226,Gyroscope,-0.21624629,0.312763,0.21868975,1566947990292
33285,226,Accelerometer,-7.2364745,-2.553416,5.175066999999999,1566947990293
33286,226,Gyroscope,-0.18203785,0.28038713,0.21135938,1566947990302
33287,226,Accelerometer,-7.420828299999999,-2.6288335,5.103241000000001,1566947990303
33288,226,Gyroscope,-0.12705997,0.21563543,0.18325958,1566947990313
33289,226,Accelerometer,-7.6578539999999995,-2.7473464,5.044583,1566947990313
33290,226,Gyroscope,-0.07696902,0.13927728,0.15454891,1566947990322
33291,226,Accelerometer,-7.824250999999999,-2.7808652,4.973954,1566947990323
33292,226,Gyroscope,-0.044593163,0.06291912,0.12705997,1566947990332
33293,226,Accelerometer,-8.036138000000001,-2.801216,4.957195,1566947990333
33294,226,Gyroscope,-0.027488936000000002,-0.008552114,0.096516706,1566947990342
33295,226,Accelerometer,-8.224083,-2.753332,4.9200845,1566947990343
33296,226,Gyroscope,-0.032986722999999996,-0.070249505,0.061086524,1566947990353
33297,226,Accelerometer,-8.238448,-2.7018566,4.959589,1566947990353
33298,226,Gyroscope,-0.053145275,-0.11484267,0.021991148999999998,1566947990362
33299,226,Accelerometer,-8.236053,-2.8203697,5.102043599999999,1566947990363
33300,226,Gyroscope,-0.0720821,-0.14844026,-0.0067195175,1566947990372
33301,226,Accelerometer,-8.276755,-2.873042,5.199008999999999,1566947990374
33302,226,Gyroscope,-0.08796459400000001,-0.18203785,-0.018936822,1566947990382
33303,226,Accelerometer,-8.000225,-2.7629087,5.322310400000001,1566947990383
33304,226,Gyroscope,-0.089186326,-0.19058995,-0.021380282999999996,1566947990392
33305,226,Accelerometer,-7.7093296,-2.741361,5.5389857000000005,1566947990393
33306,226,Gyroscope,-0.07391469,-0.19181168,-0.031154128,1566947990402
33307,226,Accelerometer,-7.5094137000000005,-2.825158,5.734113,1566947990403
33308,226,Gyroscope,-0.056199603,-0.19364429,-0.034208454,1566947990413
33309,226,Accelerometer,-7.371747,-2.906561,5.899312999999999,1566947990413
33310,226,Gyroscope,-0.05681047,-0.17898351,-0.017715093,1566947990422
33311,226,Accelerometer,-7.237672,-2.80361,6.0285997,1566947990423
33312,226,Gyroscope,-0.070249505,-0.15149458,0.002443461,1566947990432
33313,226,Accelerometer,-7.1155677,-2.7724855,6.1746464,1566947990433
33314,226,Gyroscope,-0.09040806,-0.112399206,0.02076942,1566947990442
33315,226,Accelerometer,-6.994660400000001,-2.7353754,6.23091,1566947990443
33316,226,Gyroscope,-0.11362094,-0.07941248,0.040927973,1566947990452
33317,226,Accelerometer,-6.931214,-2.7257986,6.257246,1566947990453
33318,226,Gyroscope,-0.13622294,-0.021991148999999998,0.06169739,1566947990462
33319,226,Accelerometer,-6.8545995,-2.681506,6.2740054,1566947990463
33320,226,Gyroscope,-0.16249016,0.0067195175,0.07513642,1566947990472
33321,226,Accelerometer,-6.831854300000001,-2.529474,6.26802,1566947990474
33322,226,Gyroscope,-0.18142697,0.04337143,0.08368854,1566947990482
33323,226,Accelerometer,-6.8306575,-2.4301147000000003,6.232107,1566947990483
33324,226,Gyroscope,-0.18997909,0.07391469,0.0842994,1566947990492
33325,226,Accelerometer,-6.930016999999999,-2.3953989,6.2141504,1566947990493
33326,226,Gyroscope,-0.20463985,0.09712757,0.09040806,1566947990502
33327,226,Accelerometer,-7.04015,-2.4001873,6.114791,1566947990503
33328,226,Gyroscope,-0.21502456,0.112399206,0.092240654,1566947990512
33329,226,Accelerometer,-7.053317999999999,-2.4277205000000004,6.0345855,1566947990513
33330,226,Gyroscope,-0.21930063,0.11301007,0.092240654,1566947990522
33331,226,Accelerometer,-7.1490865,-2.5893292000000003,6.029797,1566947990523
33332,226,Gyroscope,-0.22235495,0.111177474,0.095294975,1566947990532
33333,226,Accelerometer,-7.2807674,-2.7246015,5.9938839999999995,1566947990533
33334,226,Gyroscope,-0.226631,0.10934488,0.10079276599999999,1566947990543
33335,226,Accelerometer,-7.289147,-2.8083985,5.931635,1566947990543
33336,226,Gyroscope,-0.22479841,0.10140363,0.10751228,1566947990552
33337,226,Accelerometer,-7.346607700000001,-2.8814217999999996,5.843049,1566947990553
33338,226,Gyroscope,-0.22968534,0.09590584,0.10934488,1566947990562
33339,226,Accelerometer,-7.3992805,-2.8874072999999996,5.7377043,1566947990563
33340,226,Gyroscope,-0.23151793,0.10262536,0.12034045,1566947990573
33341,226,Accelerometer,-7.3334399999999995,-2.870648,5.664681400000001,1566947990573
33342,226,Gyroscope,-0.22235495,0.09040806,0.124005646,1566947990582
33343,226,Accelerometer,-7.2460512999999995,-2.871845,5.685032,1566947990583
33344,226,Gyroscope,-0.20586158,0.08124508,0.118507855,1566947990592
33345,226,Accelerometer,-7.1407065,-2.930503,5.731719,1566947990593
33346,226,Gyroscope,-0.19425514,0.07696902,0.11728613,1566947990602
33347,226,Accelerometer,-7.1263413,-3.0071173,5.7089739999999995,1566947990603
33348,226,Gyroscope,-0.19242255,0.07513642,0.11362094,1566947990612
33349,226,Accelerometer,-7.131129700000001,-2.9963433999999998,5.6299653,1566947990613
33350,226,Gyroscope,-0.1881465,0.07391469,0.10751228,1566947990622
33351,226,Accelerometer,-7.1155677,-3.1124623,5.5988407,1566947990623
33352,226,Gyroscope,-0.17837265,0.055588737,0.09712757,1566947990632
33353,226,Accelerometer,-7.168239999999999,-3.1986535,5.6060233,1566947990633
33354,226,Gyroscope,-0.17348573,0.045814894,0.095294975,1566947990642
33355,226,Accelerometer,-7.1742253,-3.2034418999999996,5.5844755,1566947990643
33356,226,Gyroscope,-0.16554448,0.03726278,0.106901415,1566947990652
33357,226,Accelerometer,-7.1670427,-3.1184477999999998,5.5629277,1566947990653
33358,226,Gyroscope,-0.15515977,0.031154128,0.116675265,1566947990662
33359,226,Accelerometer,-6.987478,-3.1052797,5.5701103,1566947990663
33360,226,Gyroscope,-0.1441642,0.040317107000000005,0.12705997,1566947990672
33361,226,Accelerometer,-6.8869214,-3.098097,5.748478400000001,1566947990673
33362,226,Gyroscope,-0.12217305,0.061086524,0.13744467,1566947990682
33363,226,Accelerometer,-7.08564,-3.027468,5.8921304,1566947990683
33364,226,Gyroscope,-0.09773844,0.0842994,0.16004670000000001,1566947990692
33365,226,Accelerometer,-7.358579,-2.8562827,5.849035,1566947990693
33366,226,Gyroscope,-0.09162979,0.11362094,0.18020524,1566947990702
33367,226,Accelerometer,-7.565677,-2.6276363999999997,5.7245364,1566947990703
33368,226,Gyroscope,-0.103847094,0.12644911,0.20158553,1566947990712
33369,226,Accelerometer,-7.809886,-2.3666685000000003,5.5509567,1566947990713
33370,226,Gyroscope,-0.11728613,0.09468412,0.21563543,1566947990722
33371,226,Accelerometer,-7.9607205,-2.0817582999999997,5.4659624,1566947990723
33372,226,Gyroscope,-0.099571034,0.03970624,0.21685717,1566947990732
33373,226,Accelerometer,-7.848192999999999,-1.8555063000000003,5.589264,1566947990733
33374,226,Gyroscope,-0.073303826,-0.017104227,0.21319197,1566947990743
33375,226,Accelerometer,-7.843405000000001,-1.697489,5.719748,1566947990743
33376,226,Gyroscope,-0.051923547,-0.04520403,0.19303341,1566947990752
33377,226,Accelerometer,-7.8649526,-1.5646108,5.777209,1566947990753
33378,226,Gyroscope,-0.048258353,-0.05375614,0.14660765,1566947990762
33379,226,Accelerometer,-7.921216499999999,-1.5107412,5.8586116,1566947990763
33380,226,Gyroscope,-0.055588737,-0.05131268,0.08002335,1566947990772
33381,226,Accelerometer,-7.949947,-1.5215151000000002,6.023811299999999,1566947990773
33382,226,Gyroscope,-0.08063421400000001,-0.029321532999999997,0.013439035,1566947990783
33383,226,Accelerometer,-7.8996687,-1.6053122,6.2847795,1566947990783
33384,226,Gyroscope,-0.11545353400000001,0.021991148999999998,-0.034208454,1566947990792
33385,226,Accelerometer,-7.833828,-1.7860744999999998,6.457162,1566947990793
33386,226,Gyroscope,-0.14966199,0.084910266,-0.056199603,1566947990802
33387,226,Accelerometer,-7.698555499999999,-1.9141643,6.381745,1566947990803
33388,226,Gyroscope,-0.17531833,0.13927728,-0.06169739,1566947990812
33389,226,Accelerometer,-7.4986396,-2.099715,6.1578870000000006,1566947990813
33390,226,Gyroscope,-0.17837265,0.17104226,-0.04153884,1566947990823
33391,226,Accelerometer,-7.384915400000001,-2.3403322999999996,5.98311,1566947990823
33392,226,Gyroscope,-0.15699236,0.17531833,-0.002443461,1566947990832
33393,226,Accelerometer,-7.315483,-2.456451,5.90889,1566947990833
33394,226,Gyroscope,-0.12278391400000001,0.16065755,0.048258353,1566947990842
33395,226,Accelerometer,-7.311891999999999,-2.3618799999999998,5.7640405,1566947990843
33396,226,Gyroscope,-0.1020145,0.13622294,0.09468412,1566947990852
33397,226,Accelerometer,-7.2831616,-2.067393,5.6227827,1566947990853
33398,226,Gyroscope,-0.1020145,0.11178834,0.12156218,1566947990862
33399,226,Accelerometer,-7.2759789999999995,-1.8207904,5.499480999999999,1566947990863
33400,226,Gyroscope,-0.1142318,0.08735373,0.12156218,1566947990873
33401,226,Accelerometer,-7.3322425,-1.6543933000000002,5.449203,1566947990873
33402,226,Gyroscope,-0.12583824,0.06536258,0.103847094,1566947990882
33403,226,Accelerometer,-7.4950485,-1.5945383,5.434838,1566947990883
33404,226,Gyroscope,-0.12278391400000001,0.05009095,0.064751714,1566947990892
33405,226,Accelerometer,-7.69257,-1.6124948000000001,5.4192758,1566947990893
33406,226,Gyroscope,-0.10567969,0.04153884,0.014660766,1566947990902
33407,226,Accelerometer,-7.9475527,-1.685518,5.3366755999999995,1566947990903
33408,226,Gyroscope,-0.08124508,0.035430185,-0.03604105,1566947990913
33409,226,Accelerometer,-8.067263,-1.8052281000000003,5.183447,1566947990913
33410,226,Gyroscope,-0.06536258,0.015882496,-0.08307768,1566947990922
33411,226,Accelerometer,-8.151060000000001,-1.9823990000000002,5.0302176,1566947990923
33412,226,Gyroscope,-0.03970624,-0.048258353,-0.13316862,1566947990932
33413,226,Accelerometer,-8.167819,-2.0745756999999996,4.981137,1566947990933
33414,226,Gyroscope,-0.027488936000000002,-0.0983493,-0.16432275,1566947990942
33415,226,Accelerometer,-8.101977999999999,-2.1068976000000004,4.965574299999999,1566947990943
33416,226,Gyroscope,-0.022602014,-0.14172074,-0.18753563,1566947990953
33417,226,Accelerometer,-8.002619000000001,-2.1619642000000003,5.019444,1566947990953
33418,226,Gyroscope,-0.004886922,-0.17715092,-0.20525073,1566947990962
33419,226,Accelerometer,-7.9822683,-2.220622,5.2265425,1566947990963
33420,226,Gyroscope,0.004886922,-0.18203785,-0.21991149,1566947990972
33421,226,Accelerometer,-7.9882539999999995,-2.1883004,5.5126495,1566947990973
33422,226,Gyroscope,-0.00061086525,-0.15882497,-0.2302962,1566947990982
33423,226,Accelerometer,-8.043321,-2.1859062000000002,5.7808,1566947990983
33424,226,Gyroscope,-0.032375857,-0.12767084,-0.22479841,1566947990992
33425,226,Accelerometer,-8.124723,-2.2421699,6.007052,1566947990993
33426,226,Gyroscope,-0.07696902,-0.08735373,-0.20952678,1566947991003
33427,226,Accelerometer,-7.8577699999999995,-2.2948422,6.233304,1566947991003
33428,226,Gyroscope,-0.11545353400000001,-0.05009095,-0.17531833,1566947991012
33429,226,Accelerometer,-7.6255326,-2.4516625,6.4248405,1566947991013
33430,226,Gyroscope,-0.13561209,-0.02076942,-0.14294247,1566947991022
33431,226,Accelerometer,-7.372944400000001,-2.4720132,6.5984197,1566947991023
33432,226,Gyroscope,-0.13622294,0.008552114,-0.124005646,1566947991032
33433,226,Accelerometer,-7.2221093,-2.3894134,6.7684083,1566947991033
33434,226,Gyroscope,-0.14966199,0.05497787,-0.10751228,1566947991042
33435,226,Accelerometer,-7.1670427,-2.1859062000000002,6.7001734,1566947991043
33436,226,Gyroscope,-0.1685988,0.08979719,-0.10262536,1566947991052
33437,226,Accelerometer,-7.181408,-1.9644424999999999,6.5002575,1566947991053
33438,226,Gyroscope,-0.18692477,0.13133603,-0.09468412,1566947991062
33439,226,Accelerometer,-7.1287354999999994,-1.9237411,6.3589997,1566947991063
33440,226,Gyroscope,-0.20463985,0.16737708,-0.08552113,1566947991072
33441,226,Accelerometer,-7.322665700000001,-1.9369092,6.242881,1566947991073
33442,226,Gyroscope,-0.22296582,0.20036379999999998,-0.07391469,1566947991082
33443,226,Accelerometer,-7.5094137000000005,-2.0410569,6.1327476999999995,1566947991083
33444,226,Gyroscope,-0.24312437,0.22052236,-0.06780604,1566947991092
33445,226,Accelerometer,-7.607576,-2.1523874,5.973533,1566947991093
33446,226,Gyroscope,-0.25717425,0.23518312,-0.06719518,1566947991102
33447,226,Accelerometer,-7.6626425000000005,-2.2900537999999995,5.792771,1566947991103
33448,226,Gyroscope,-0.25411993,0.23457226,-0.076358154,1566947991112
33449,226,Accelerometer,-7.6734165999999995,-2.4253263,5.6179943,1566947991113
33450,226,Gyroscope,-0.23823744,0.21502456,-0.08796459400000001,1566947991122
33451,226,Accelerometer,-7.7703815,-2.8969840000000002,5.177461,1566947991123
33452,226,Gyroscope,-0.21135938,0.18020524,-0.09468412,1566947991133
33453,226,Accelerometer,-7.8577699999999995,-2.9939492000000003,4.915296,1566947991133
33454,226,Gyroscope,-0.20158553,0.14782938,-0.08979719,1566947991142
33455,226,Accelerometer,-7.855376,-3.0262709,4.6267949999999995,1566947991143
33456,226,Gyroscope,-0.20891592,0.0983493,-0.05681047,1566947991152
33457,226,Accelerometer,-7.659051400000001,-3.0059202000000003,4.5501804,1566947991153
33458,226,Gyroscope,-0.22235495,0.06047566,-0.034208454,1566947991162
33459,226,Accelerometer,-7.4950485,-3.0705638,4.5741224,1566947991163
33460,226,Gyroscope,-0.20036379999999998,0.005497787,-0.014049901000000002,1566947991172
33461,226,Accelerometer,-7.3418193,-3.0466216,4.705803400000001,1566947991173
33462,226,Gyroscope,-0.15943582,-0.050701816,-0.0067195175,1566947991182
33463,226,Accelerometer,-7.335833999999999,-3.0573955,4.8841715,1566947991183
33464,226,Gyroscope,-0.11484267,-0.0983493,-0.004886922,1566947991192
33465,226,Accelerometer,-7.101202000000001,-2.9987376,5.068525,1566947991193
33466,226,Gyroscope,-0.07696902,-0.1386664,-0.004276057,1566947991202
33467,226,Accelerometer,-7.156269,-2.9520507,5.1786585,1566947991203
33468,226,Gyroscope,-0.049480084,-0.16065755,0.0030543262,1566947991212
33469,226,Accelerometer,-7.156269,-2.9508536,5.3402667,1566947991213
33470,226,Gyroscope,-0.03604105,-0.16676621,0.009773844,1566947991223
33471,226,Accelerometer,-7.076063,-3.0226796,5.513846400000001,1566947991223
33472,226,Gyroscope,-0.031154128,-0.18081611,0.02443461,1566947991232
33473,226,Accelerometer,-7.101202000000001,-3.0609868,5.7365074,1566947991233
33474,226,Gyroscope,-0.031154128,-0.17348573,0.04276056599999999,1566947991242
33475,226,Accelerometer,-7.1969705,-3.0250738,5.990292500000001,1566947991243
33476,226,Gyroscope,-0.039095376,-0.14049901,0.06352998,1566947991252
33477,226,Accelerometer,-7.0784574000000005,-2.883816,6.135142,1566947991253
33478,226,Gyroscope,-0.047036625,-0.096516706,0.08124508,1566947991262
33479,226,Accelerometer,-7.017405,-2.834735,6.226121400000001,1566947991262
33480,226,Gyroscope,-0.050701816,-0.05375614,0.089186326,1566947991273
33481,226,Accelerometer,-7.097611,-2.8299465,6.2823853,1566947991273
33482,226,Gyroscope,-0.047647487,-0.02443461,0.093462385,1566947991282
33483,226,Accelerometer,-6.9767036,-2.8167782000000003,6.2871737,1566947991283
33484,226,Gyroscope,-0.05131268,0.015882496,0.10323623,1566947991292
33485,226,Accelerometer,-6.859388,-2.8191724,6.2500634,1566947991293
33486,226,Gyroscope,-0.05009095,0.03359759,0.1020145,1566947991302
33487,226,Accelerometer,-6.8905125,-2.8311436000000003,6.2093620000000005,1566947991303
33488,226,Gyroscope,-0.047036625,0.032375857,0.09468412,1566947991312
33489,226,Accelerometer,-6.921637,-2.8155810000000003,6.1100025,1566947991313
33490,226,Gyroscope,-0.051923547,0.029321532999999997,0.08368854,1566947991322
33491,226,Accelerometer,-6.994660400000001,-2.705448,6.047753299999999,1566947991323
33492,226,Gyroscope,-0.059253927000000005,0.025045475,0.06780604,1566947991332
33493,226,Accelerometer,-7.03177,-2.5558102000000003,6.029797,1566947991333
33494,226,Gyroscope,-0.076358154,0.021991148999999998,0.055588737,1566947991342
33495,226,Accelerometer,-7.091625,-2.4791958,5.865794,1566947991343
33496,226,Gyroscope,-0.099571034,0.014660766,0.048258353,1566947991352
33497,226,Accelerometer,-7.114370299999999,-2.4779987,5.779603,1566947991353
33498,226,Gyroscope,-0.12522738,0.007330383,0.03970624,1566947991363
33499,226,Accelerometer,-7.1287354999999994,-2.540248,5.8394580000000005,1566947991363
33500,226,Gyroscope,-0.14355333,0.01282817,0.032986722999999996,1566947991372
33501,226,Accelerometer,-7.157466,-2.597709,5.919664,1566947991373
33502,226,Gyroscope,-0.16065755,0.02076942,0.029321532999999997,1566947991382
33503,226,Accelerometer,-7.1287354999999994,-2.706645,5.942408599999999,1566947991383
33504,226,Gyroscope,-0.18142697,0.059864793,0.040317107000000005,1566947991392
33505,226,Accelerometer,-7.110779300000001,-2.7461493,5.99149,1566947991393
33506,226,Gyroscope,-0.18875736,0.07819075,0.03970624,1566947991402
33507,226,Accelerometer,-7.138312299999999,-2.814384,5.9531827,1566947991403
33508,226,Gyroscope,-0.19058995,0.08552113,0.050701816,1566947991412
33509,226,Accelerometer,-7.184999499999999,-2.9101522,5.8394580000000005,1566947991413
33510,226,Gyroscope,-0.19120082,0.08979719,0.059864793,1566947991422
33511,226,Accelerometer,-7.127538700000001,-2.9747956,5.717354,1566947991423
33512,226,Gyroscope,-0.18142697,0.08979719,0.062308256,1566947991432
33513,226,Accelerometer,-7.0581064,-3.0813377,5.6826377,1566947991433
33514,226,Gyroscope,-0.16310102,0.08307768,0.06719518,1566947991442
33515,226,Accelerometer,-7.1586633,-3.1435869,5.653907299999999,1566947991444
33516,226,Gyroscope,-0.14844026,0.07880162,0.07941248,1566947991453
33517,226,Accelerometer,-7.2628107,-3.0909145000000002,5.5737014,1566947991453
33518,226,Gyroscope,-0.14172074,0.08063421400000001,0.093462385,1566947991462
33519,226,Accelerometer,-7.285556,-3.0226796,5.4922986,1566947991463
33520,226,Gyroscope,-0.13255776,0.07391469,0.105068825,1566947991472
33521,226,Accelerometer,-7.337031,-2.9592332999999997,5.4312468,1566947991473
33522,226,Gyroscope,-0.12339478,0.07147124,0.11301007,1566947991482
33523,226,Accelerometer,-7.405266,-2.9293058,5.4288526,1566947991483
33524,226,Gyroscope,-0.12156218,0.073303826,0.118507855,1566947991493
33525,226,Accelerometer,-7.442375999999999,-2.9867666,5.397728,1566947991493
33526,226,Gyroscope,-0.118507855,0.06963864,0.12278391400000001,1566947991503
33527,226,Accelerometer,-7.546523599999999,-3.0490158,5.3905449999999995,1566947991503
33528,226,Gyroscope,-0.11728613,0.069027774,0.12583824,1566947991512
33529,226,Accelerometer,-7.60997,-3.1507695,5.4168816,1566947991513
33530,226,Gyroscope,-0.11056661,0.06536258,0.12522738,1566947991522
33531,226,Accelerometer,-7.5644803,-3.2573112999999996,5.434838,1566947991523
33532,226,Gyroscope,-0.1020145,0.05131268,0.119729586,1566947991532
33533,226,Accelerometer,-7.587225,-3.3566709,5.408501599999999,1566947991533
33534,226,Gyroscope,-0.095294975,0.034208454,0.10934488,1566947991542
33535,226,Accelerometer,-7.6027875,-3.4033577000000004,5.354632,1566947991543
33536,226,Gyroscope,-0.093462385,0.014660766,0.099571034,1566947991553
33537,226,Accelerometer,-7.517792999999999,-3.3782187000000006,5.353435,1566947991553
33538,226,Gyroscope,-0.09773844,-0.00061086525,0.09773844,1566947991562
33539,226,Accelerometer,-7.466317999999999,-3.300407,5.3785739999999995,1566947991563
33540,226,Gyroscope,-0.095294975,-0.01160644,0.08735373,1566947991572
33541,226,Accelerometer,-7.376535400000001,-3.1962593,5.4480059999999995,1566947991573
33542,226,Gyroscope,-0.0842994,-0.014660766,0.077579886,1566947991582
33543,226,Accelerometer,-7.2867527,-3.0334535,5.66947,1566947991583
33544,226,Gyroscope,-0.07819075,-0.009773844,0.07452556,1566947991592
33545,226,Accelerometer,-7.3166804,-3.0107086,5.6790465999999995,1566947991593
33546,226,Gyroscope,-0.07941248,0.00061086525,0.069027774,1566947991603
33547,226,Accelerometer,-7.3214690000000004,-2.9783869,5.7017913,1566947991603
33548,226,Gyroscope,-0.08735373,0.00061086525,0.06536258,1566947991612
33549,226,Accelerometer,-7.299921,-2.9831752999999996,5.741296,1566947991613
33550,226,Gyroscope,-0.10140363,0.0061086523,0.06352998,1566947991622
33551,226,Accelerometer,-7.1502833,-3.0023289,5.785588300000001,1566947991623
33552,226,Gyroscope,-0.09773844,0.014660766,0.059864793,1566947991632
33553,226,Accelerometer,-7.133524,-3.052607,5.8083334,1566947991633
33554,226,Gyroscope,-0.09162979,0.02687807,0.04337143,1566947991643
33555,226,Accelerometer,-7.290344,-3.0597897,5.7999535,1566947991643
33556,226,Gyroscope,-0.084910266,0.029932396,0.028710667000000002,1566947991652
33557,226,Accelerometer,-7.36217,-2.956839,5.8095303,1566947991653
33558,226,Gyroscope,-0.07391469,0.037873644,0.021380282999999996,1566947991662
33559,226,Accelerometer,-7.380127000000001,-2.8622682,5.759252,1566947991663
33560,226,Gyroscope,-0.06536258,0.043982297000000004,0.010995574,1566947991672
33561,226,Accelerometer,-7.369353,-2.8107927000000004,5.705383,1566947991673
33562,226,Gyroscope,-0.059864793,0.056199603,0.0012217305,1566947991682
33563,226,Accelerometer,-7.376535400000001,-2.870648,5.6682725,1566947991683
33564,226,Gyroscope,-0.051923547,0.064751714,-0.0061086523,1566947991693
33565,226,Accelerometer,-7.4399820000000005,-3.0131028,5.645528,1566947991693
33566,226,Gyroscope,-0.04520403,0.06963864,-0.014660766,1566947991702
33567,226,Accelerometer,-7.514202,-3.1376014,5.650316,1566947991703
33568,226,Gyroscope,-0.03604105,0.08552113,-0.021380282999999996,1566947991712
33569,226,Accelerometer,-7.538144,-3.2728736,5.613206,1566947991713
33570,226,Gyroscope,-0.032375857,0.09773844,-0.02687807,1566947991722
33571,226,Accelerometer,-7.7105265,-3.3028011,5.641936299999999,1566947991723
33572,226,Gyroscope,-0.028710667000000002,0.10140363,-0.03604105,1566947991732
33573,226,Accelerometer,-7.642291999999999,-3.25372,5.657499,1566947991733
33574,226,Gyroscope,-0.029932396,0.099571034,-0.04276056599999999,1566947991742
33575,226,Accelerometer,-7.5213847000000005,-3.2573112999999996,5.487509999999999,1566947991743
33576,226,Gyroscope,-0.029932396,0.0720821,-0.044593163,1566947991752
33577,226,Accelerometer,-7.438784599999999,-3.2800562000000006,5.407305,1566947991753
33578,226,Gyroscope,-0.015271631,0.048258353,-0.044593163,1566947991762
33579,226,Accelerometer,-7.3992805,-3.2752678,5.4575830000000005,1566947991763
33580,226,Gyroscope,0.0061086523,0.034208454,-0.045814894,1566947991772
33581,226,Accelerometer,-7.345411,-3.2932242999999994,5.5018754,1566947991773
33582,226,Gyroscope,0.027488936000000002,0.02076942,-0.051923547,1566947991782
33583,226,Accelerometer,-7.303512,-3.3327288999999998,5.4767364999999995,1566947991783
33584,226,Gyroscope,0.03726278,0.013439035,-0.054367005999999996,1566947991792
33585,226,Accelerometer,-7.3214690000000004,-3.3925837999999997,5.4659624,1566947991793
33586,226,Gyroscope,0.044593163,-0.005497787,-0.061086524,1566947991802
33587,226,Accelerometer,-7.3047094,-3.3446998999999997,5.5976434,1566947991803
33588,226,Gyroscope,0.047036625,-0.008552114,-0.0720821,1566947991812
33589,226,Accelerometer,-7.3190745999999995,-3.466804,5.6982,1566947991813
33590,226,Gyroscope,0.05131268,-0.004886922,-0.06780604,1566947991823
33591,226,Accelerometer,-7.4232225000000005,-3.4392707000000002,5.8238955,1566947991823
33592,226,Gyroscope,0.055588737,0.009773844,-0.06047566,1566947991832
33593,226,Accelerometer,-7.5285673,-3.3255462999999996,5.930437599999999,1566947991833
33594,226,Gyroscope,0.047647487,0.023823743999999997,-0.040927973,1566947991842
33595,226,Accelerometer,-7.4758949999999995,-3.1759086,5.7867856,1566947991843
33596,226,Gyroscope,0.035430185,-0.01282817,-0.02443461,1566947991852
33597,226,Accelerometer,-7.4064630000000005,-3.1148564999999997,5.652710400000001,1566947991853
33598,226,Gyroscope,0.04520403,-0.03848451,-0.014660766,1566947991862
33599,226,Accelerometer,-7.265205,-3.0550013,5.717354,1566947991862
33600,226,Gyroscope,0.047036625,-0.050701816,-0.019547688,1566947991873
33601,226,Accelerometer,-7.055712,-2.9125464,5.8095303,1566947991873
33602,226,Gyroscope,0.045814894,-0.048258353,-0.036651913,1566947991882
33603,226,Accelerometer,-6.8450226999999995,-2.8275523,5.861006,1566947991883
33604,226,Gyroscope,0.029932396,-0.03726278,-0.058643065,1566947991892
33605,226,Accelerometer,-6.7145386,-2.8060042999999997,5.93762,1566947991893
33606,226,Gyroscope,0.021991148999999998,-0.01038471,-0.0842994,1566947991902
33607,226,Accelerometer,-6.637924000000001,-2.9041667,6.027403,1566947991903
33608,226,Gyroscope,0.02321288,0.026267206,-0.10567969,1566947991913
33609,226,Accelerometer,-6.691794,-3.0346506,6.089652,1566947991913
33610,226,Gyroscope,0.023823743999999997,0.0421497,-0.119729586,1566947991922
33611,226,Accelerometer,-6.793547,-3.1088709999999997,6.0345855,1566947991923
33612,226,Gyroscope,0.032375857,0.0421497,-0.12950343,1566947991932
33613,226,Accelerometer,-6.841431,-3.0801406000000005,5.981913,1566947991933
33614,226,Gyroscope,0.04642576,0.036651913,-0.13561209,1566947991942
33615,226,Accelerometer,-6.8988924,-3.0813377,5.9064955999999995,1566947991943
33616,226,Gyroscope,0.06047566,0.03176499,-0.13194689,1566947991952
33617,226,Accelerometer,-6.900089299999999,-3.0753522,5.813122,1566947991953
33618,226,Gyroscope,0.06352998,0.028099801,-0.12339478,1566947991963
33619,226,Accelerometer,-6.813898,-3.0933087,5.762843599999999,1566947991963
33620,226,Gyroscope,0.062308256,0.014660766,-0.10995574,1566947991972
33621,226,Accelerometer,-6.9288197,-3.0262709,5.872977,1566947991973
33622,226,Gyroscope,0.05497787,0.019547688,-0.1160644,1566947991982
33623,226,Accelerometer,-6.756437299999999,-3.0107086,6.0513449999999995,1566947991983
33624,226,Gyroscope,0.037873644,0.045814894,-0.10934488,1566947991992
33625,226,Accelerometer,-6.743269000000001,-3.1172507,6.1938,1566947991993
33626,226,Gyroscope,0.018936822,0.070249505,-0.095294975,1566947992003
33627,226,Accelerometer,-6.902483500000001,-3.2261868,6.269217,1566947992003
33628,226,Gyroscope,0.007330383,0.09468412,-0.07574729,1566947992012
33629,226,Accelerometer,-6.9599442,-3.3099839999999996,6.2979474,1566947992013
33630,226,Gyroscope,0.00061086525,0.1337795,-0.05681047,1566947992022
33631,226,Accelerometer,-6.946776400000001,-3.3973722,6.2704144,1566947992023
33632,226,Gyroscope,0.0030543262,0.16371189,-0.03726278,1566947992032
33633,226,Accelerometer,-7.011419999999999,-3.3854012000000004,6.1542954000000005,1566947992033
33634,226,Gyroscope,0.009773844,0.18997909,-0.02076942,1566947992042
33635,226,Accelerometer,-7.023391,-3.394978,5.7999535,1566947992044
33636,226,Gyroscope,0.02443461,0.204029,-0.008552114,1566947992053
33637,226,Accelerometer,-7.050924,-3.4141315999999997,5.699397,1566947992053
33638,226,Gyroscope,0.04276056599999999,0.20463985,-0.002443461,1566947992062
33639,226,Accelerometer,-7.04015,-3.3985693,5.6886234,1566947992063
33640,226,Gyroscope,0.058643065,0.21380283,-0.0036651915999999997,1566947992072
33641,226,Accelerometer,-7.084442599999999,-3.3997664,5.652710400000001,1566947992073
33642,226,Gyroscope,0.06047566,0.21930063,-0.008552114,1566947992082
33643,226,Accelerometer,-7.2580222999999995,-3.4308910000000004,5.5377884,1566947992083
33644,226,Gyroscope,0.0421497,0.204029,-0.018936822,1566947992092
33645,226,Accelerometer,-7.309498,-3.5661635,5.470751,1566947992093
33646,226,Gyroscope,0.015271631,0.18509217,-0.021380282999999996,1566947992102
33647,226,Accelerometer,-7.322665700000001,-3.7038300000000004,5.388150700000001,1566947992103
33648,226,Gyroscope,-0.013439035,0.16798794,-0.0067195175,1566947992112
33649,226,Accelerometer,-7.2640080000000005,-3.7576995,5.391742,1566947992113
33650,226,Gyroscope,-0.027488936000000002,0.16493362,0.014660766,1566947992122
33651,226,Accelerometer,-7.1035960000000005,-3.7636849999999997,5.4671597,1566947992123
33652,226,Gyroscope,-0.029932396,0.19058995,0.040317107000000005,1566947992132
33653,226,Accelerometer,-7.005433999999999,-3.7576995,5.556941999999999,1566947992133
33654,226,Gyroscope,-0.018936822,0.21868975,0.07269296,1566947992142
33655,226,Accelerometer,-7.0820484,-3.7481226999999997,5.5964465,1566947992143
33656,226,Gyroscope,-0.002443461,0.24312437,0.10445796,1566947992152
33657,226,Accelerometer,-7.1263413,-3.693056,5.683835,1566947992153
33658,226,Gyroscope,0.02565634,0.25778514,0.13011430000000002,1566947992162
33659,226,Accelerometer,-7.261614,-3.6200330000000003,5.717354,1566947992163
33660,226,Gyroscope,0.057421334000000004,0.25961772,0.15577064,1566947992172
33661,226,Accelerometer,-7.4028716,-3.4739866000000004,5.768829,1566947992173
33662,226,Gyroscope,0.092240654,0.258396,0.17470746,1566947992182
33663,226,Accelerometer,-7.4699089999999995,-3.2369606,5.748478400000001,1566947992183
33664,226,Gyroscope,0.12278391400000001,0.26450464,0.18081611,1566947992193
33665,226,Accelerometer,-7.553706,-3.0466216,5.687426,1566947992193
33666,226,Gyroscope,0.15760323,0.25350907,0.17592919,1566947992202
33667,226,Accelerometer,-7.690175999999999,-2.870648,5.5737014,1566947992203
33668,226,Gyroscope,0.18753563,0.23640485,0.14782938,1566947992212
33669,226,Accelerometer,-7.855376,-2.64679,5.3833623,1566947992213
33670,226,Gyroscope,0.1966986,0.21074851,0.10812314599999999,1566947992222
33671,226,Accelerometer,-7.963114699999999,-2.420538,5.2528787,1566947992223
33672,226,Gyroscope,0.19181168,0.16982053,0.058643065,1566947992232
33673,226,Accelerometer,-7.97748,-2.2505496,5.1798553,1566947992233
33674,226,Gyroscope,0.1777618,0.12889257,-0.004276057,1566947992242
33675,226,Accelerometer,-7.9990277,-2.1200657000000005,5.117605999999999,1566947992243
33676,226,Gyroscope,0.17165314,0.07941248,-0.07513642,1566947992252
33677,226,Accelerometer,-7.945158500000001,-2.1440077,5.117605999999999,1566947992253
33678,226,Gyroscope,0.16737708,0.052534412999999995,-0.14477506,1566947992262
33679,226,Accelerometer,-7.7727756999999995,-2.2709002000000003,5.199008999999999,1566947992263
33680,226,Gyroscope,0.17287487,0.030543262,-0.20463985,1566947992272
33681,226,Accelerometer,-7.702147,-2.4971522999999998,5.278017500000001,1566947992273
33682,226,Gyroscope,0.19364429,0.016493361,-0.24251351,1566947992282
33683,226,Accelerometer,-7.6494746,-2.7593174,5.410896,1566947992283
33684,226,Gyroscope,0.2144137,0.020158553,-0.25534168,1566947992292
33685,226,Accelerometer,-7.53575,-2.9616275,5.5365915,1566947992293
33686,226,Gyroscope,0.24495697,0.01160644,-0.24251351,1566947992302
33687,226,Accelerometer,-7.4028716,-3.052607,5.652710400000001,1566947992303
33688,226,Gyroscope,0.29871312,0.0012217305,-0.2321288,1566947992312
33689,226,Accelerometer,-7.2975270000000005,-3.0777464,5.7005944,1566947992313
33690,226,Gyroscope,0.33475417,0.0036651915999999997,-0.22174409,1566947992323
33691,226,Accelerometer,-7.2185183,-2.992752,5.828684,1566947992323
33692,226,Gyroscope,0.36468655,0.007941248,-0.21013765,1566947992332
33693,226,Accelerometer,-7.207744,-2.873042,5.8885393,1566947992333
33694,226,Gyroscope,0.38851030000000003,0.018936822,-0.20158553,1566947992342
33695,226,Accelerometer,-7.2699933,-2.779668,5.8909335,1566947992343
33696,226,Gyroscope,0.39706242,0.030543262,-0.1966986,1566947992352
33697,226,Accelerometer,-7.4495587,-2.5845408,5.8562174,1566947992353
33698,226,Gyroscope,0.39584067,0.040927973,-0.19303341,1566947992363
33699,226,Accelerometer,-7.571663,-2.3187842,5.7975593,1566947992363
33700,226,Gyroscope,0.38056904,0.050701816,-0.19425514,1566947992372
33701,226,Accelerometer,-7.6470804,-2.0506337,5.750872599999999,1566947992373
33702,226,Gyroscope,0.35796702,0.06597344599999999,-0.20158553,1566947992382
33703,226,Accelerometer,-7.704541000000001,-1.7848773999999998,5.825093,1566947992383
33704,226,Gyroscope,0.3390302,0.08979719,-0.21258110000000002,1566947992392
33705,226,Accelerometer,-7.684190299999999,-1.6292541999999999,5.949591000000001,1566947992393
33706,226,Gyroscope,0.3286455,0.116675265,-0.22724187,1566947992402
33707,226,Accelerometer,-7.5968018,-1.6340426000000001,6.1279593,1566947992403
33708,226,Gyroscope,0.32375857,0.14538592,-0.24068089999999998,1566947992412
33709,226,Accelerometer,-7.5189905,-1.7681179,6.242881,1566947992413
33710,226,Gyroscope,0.31642818,0.17837265,-0.25900686,1566947992423
33711,226,Accelerometer,-7.438784599999999,-1.9405005000000002,6.2380924,1566947992423
33712,226,Gyroscope,0.30848694,0.21074851,-0.27305678,1566947992432
33713,226,Accelerometer,-7.390900599999999,-2.112883,6.1112,1566947992433
33714,226,Gyroscope,0.30726522,0.23762658,-0.27672195,1566947992442
33715,226,Accelerometer,-7.398083,-2.2301989,5.9878983,1566947992443
33716,226,Gyroscope,0.31398472,0.26328292,-0.27122417,1566947992452
33717,226,Accelerometer,-7.3549875999999985,-2.2984335,5.910087,1566947992453
33718,226,Gyroscope,0.33169982,0.27366763,-0.26022860000000003,1566947992462
33719,226,Accelerometer,-7.3322425,-2.3427265,5.8562174,1566947992462
33720,226,Gyroscope,0.35735616,0.26694809999999997,-0.25045475,1566947992473
33721,226,Accelerometer,-7.356185000000001,-2.3953989,5.807136,1566947992473
33722,226,Gyroscope,0.38056904,0.25350907,-0.24862215,1566947992482
33723,226,Accelerometer,-7.4016747,-2.3630772,5.831078,1566947992483
33724,226,Gyroscope,0.39828414,0.26206118,-0.25167647,1566947992492
33725,226,Accelerometer,-7.414842599999999,-2.3008277,5.898116,1566947992493
33726,226,Gyroscope,0.40439278,0.27550024,-0.26450464,1566947992502
33727,226,Accelerometer,-7.607576,-2.2697031,5.7209449999999995,1566947992503
33728,226,Gyroscope,0.40500367,0.28099802,-0.27122417,1566947992512
33729,226,Accelerometer,-7.619547,-2.2828712,5.5964465,1566947992513
33730,226,Gyroscope,0.39461896,0.27488935,-0.2761111,1566947992522
33731,226,Accelerometer,-7.5704656,-2.2601264,5.5341973,1566947992523
33732,226,Gyroscope,0.38484509999999994,0.26939157,-0.28344148,1566947992533
33733,226,Accelerometer,-7.4842744,-2.2433669999999997,5.583278,1566947992533
33734,226,Gyroscope,0.40072759999999996,0.26389378,-0.29565877,1566947992542
33735,226,Accelerometer,-7.398083,-2.256535,5.6586957,1566947992543
33736,226,Gyroscope,0.43737950000000003,0.25289822,-0.31337386,1566947992552
33737,226,Accelerometer,-7.441178999999999,-2.2864625,5.6826377,1566947992553
33738,226,Gyroscope,0.47342056,0.24373524,-0.3359759,1566947992562
33739,226,Accelerometer,-7.5572976999999995,-2.2385786,5.6443305,1566947992563
33740,226,Gyroscope,0.49418998,0.24678956,-0.35918877,1566947992572
33741,226,Accelerometer,-7.6722193,-2.1871033,5.5940523,1566947992573
33742,226,Gyroscope,0.49602258,0.2510656,-0.38484509999999994,1566947992582
33743,226,Accelerometer,-7.738060000000001,-2.232593,5.473145,1566947992583
33744,226,Gyroscope,0.48808134,0.26083946,-0.40133846,1566947992592
33745,226,Accelerometer,-7.77517,-2.3295584,5.4779334,1566947992593
33746,226,Gyroscope,0.49418998,0.2565634,-0.41355577,1566947992602
33747,226,Accelerometer,-7.799111999999999,-2.44448,5.474342299999999,1566947992603
33748,226,Gyroscope,0.5149594,0.23579398,-0.41966440000000005,1566947992612
33749,226,Accelerometer,-7.803900200000001,-2.492364,5.446809,1566947992613
33750,226,Gyroscope,0.5381723,0.21380283,-0.42394048,1566947992622
33751,226,Accelerometer,-7.7560163,-2.4049757,5.4551888,1566947992623
33752,226,Gyroscope,0.56138515,0.19914207,-0.42760566,1566947992632
33753,226,Accelerometer,-7.6949644,-2.2840683,5.4970870000000005,1566947992633
33754,226,Gyroscope,0.5815437,0.18936823,-0.43249258,1566947992643
33755,226,Accelerometer,-7.7093296,-2.220622,5.555745,1566947992643
33756,226,Gyroscope,0.59986967,0.18875736,-0.4465425,1566947992652
33757,226,Accelerometer,-7.8050976,-2.2242134,5.6886234,1566947992653
33758,226,Gyroscope,0.6206391,0.19120082,-0.46486846,1566947992662
33759,226,Accelerometer,-7.9248075,-2.2493525,5.732916,1566947992663
33760,226,Gyroscope,0.6218608,0.17654006,-0.48075095,1566947992672
33761,226,Accelerometer,-8.000225,-2.2649147999999997,5.5377884,1566947992673
33762,226,Gyroscope,0.6200281999999999,0.15760323,-0.5002986,1566947992682
33763,226,Accelerometer,-8.049306,-2.1667526,5.5150437000000005,1566947992683
33764,226,Gyroscope,0.6291912,0.14599679999999998,-0.54367006,1566947992692
33765,226,Accelerometer,-8.079233,-2.0135236,5.461174,1566947992693
33766,226,Gyroscope,0.6310238,0.11362094,-0.6010914,1566947992703
33767,226,Accelerometer,-8.180987,-1.9572599,5.3678,1566947992703
33768,226,Gyroscope,0.6206391,0.09773844,-0.6579019,1566947992712
33769,226,Accelerometer,-8.327033,-1.9644424999999999,5.5150437000000005,1566947992713
33770,226,Gyroscope,0.59620446,0.10140363,-0.70554936,1566947992722
33771,226,Accelerometer,-8.367735,-1.9608511999999998,5.5701103,1566947992723
33772,226,Gyroscope,0.5467244000000001,0.119729586,-0.73975784,1566947992732
33773,226,Accelerometer,-8.281544,-2.1535845,5.5497594,1566947992733
33774,226,Gyroscope,0.49480084,0.14844026,-0.7324274000000001,1566947992742
33775,226,Accelerometer,-8.036138000000001,-2.4875755,5.580883999999999,1566947992743
33776,226,Gyroscope,0.45937067,0.18875736,-0.6933321,1566947992753
33777,226,Accelerometer,-7.700949700000001,-2.7832594,5.734113,1566947992753
33778,226,Gyroscope,0.44165558,0.24678956,-0.63407815,1566947992762
33779,226,Accelerometer,-7.395689,-2.9712042999999997,5.7963624000000005,1566947992763
33780,226,Gyroscope,0.44959682,0.26083946,-0.5308419,1566947992772
33781,226,Accelerometer,-7.1431007,-3.0813377,5.7125654,1566947992773
33782,226,Gyroscope,0.46670106,0.23945917,-0.46853364,1566947992782
33783,226,Accelerometer,-6.963536,-3.1675289,5.5485625,1566947992783
33784,226,Gyroscope,0.49663344,0.23762658,-0.41722095,1566947992792
33785,226,Accelerometer,-6.865373599999999,-3.1711202000000003,5.459976999999999,1566947992793
33786,226,Gyroscope,0.5320636,0.24617869,-0.38606682,1566947992802
33787,226,Accelerometer,-6.855796300000001,-3.1184477999999998,5.4264584000000005,1566947992803
33788,226,Gyroscope,0.5681046999999999,0.24312437,-0.36285394,1566947992813
33789,226,Accelerometer,-6.9252286,-3.0095115000000003,5.4168816,1566947992813
33790,226,Gyroscope,0.5876524000000001,0.23396139,-0.34941490000000003,1566947992822
33791,226,Accelerometer,-7.064092,-2.8538885,5.2816089999999996,1566947992823
33792,226,Gyroscope,0.5919284,0.21685717,-0.32925636,1566947992832
33793,226,Accelerometer,-7.2867527,-2.6791117,5.1235914000000005,1566947992833
33794,226,Gyroscope,0.5919284,0.20097467,-0.32314770000000004,1566947992842
33795,226,Accelerometer,-7.383717999999999,-2.480393,5.102043599999999,1566947992843
33796,226,Gyroscope,0.5870415,0.16676621,-0.32620203,1566947992852
33797,226,Accelerometer,-7.485471700000001,-2.3965959999999997,5.141548,1566947992853
33798,226,Gyroscope,0.5858198,0.14049901,-0.33414328,1566947992862
33799,226,Accelerometer,-7.559692,-2.315193,5.2421045,1566947992863
33800,226,Gyroscope,0.59315014,0.12889257,-0.35002577,1566947992873
33801,226,Accelerometer,-7.6518690000000005,-2.1990743,5.3678,1566947992873
33802,226,Gyroscope,0.59803706,0.12156218,-0.37140608,1566947992882
33803,226,Accelerometer,-7.809886,-2.1296425,5.482722,1566947992883
33804,226,Gyroscope,0.589485,0.11728613,-0.3921755,1566947992892
33805,226,Accelerometer,-7.931989999999999,-2.0853498,5.517437999999999,1566947992893
33806,226,Gyroscope,0.56321776,0.10751228,-0.41050145,1566947992902
33807,226,Accelerometer,-7.966706299999999,-2.0614076,5.4767364999999995,1566947992903
33808,226,Gyroscope,0.5381723,0.106901415,-0.42210788,1566947992912
33809,226,Accelerometer,-7.911639699999999,-2.087744,5.5365915,1566947992913
33810,226,Gyroscope,0.51251596,0.11484267,-0.42027529999999996,1566947992922
33811,226,Accelerometer,-7.7248917,-2.2062569,5.571307,1566947992923
33812,226,Gyroscope,0.48808134,0.12950343,-0.40439278,1566947992933
33813,226,Accelerometer,-7.516596300000001,-2.3439236,5.653907299999999,1566947992933
33814,226,Gyroscope,0.47891834,0.14599679999999998,-0.38728857,1566947992942
33815,226,Accelerometer,-7.350199000000001,-2.457648,5.7664347000000005,1566947992943
33816,226,Gyroscope,0.47769663,0.16065755,-0.36896262,1566947992952
33817,226,Accelerometer,-7.223306699999999,-2.5151088,5.801151,1566947992953
33818,226,Gyroscope,0.48258355,0.16798794,-0.35246924,1566947992962
33819,226,Accelerometer,-7.141903999999999,-2.4744074,5.795165,1566947992963
33820,226,Gyroscope,0.48563787,0.17592919,-0.34147367,1566947992972
33821,226,Accelerometer,-7.1634517,-2.4887726000000003,5.7209449999999995,1566947992973
33822,226,Gyroscope,0.47647488,0.17837265,-0.32986724,1566947992982
33823,226,Accelerometer,-7.1514807000000005,-2.5007436000000003,5.7281275,1566947992983
33824,226,Gyroscope,0.45875978,0.18081611,-0.32253686,1566947992992
33825,226,Accelerometer,-7.171831,-2.4995465,5.7736173,1566947992993
33826,226,Gyroscope,0.43676865,0.19547687,-0.31337386,1566947993002
33827,226,Accelerometer,-7.252037,-2.553416,5.7939680000000005,1566947993003
33828,226,Gyroscope,0.42027529999999996,0.19608775,-0.3005457,1566947993012
33829,226,Accelerometer,-7.3071036,-2.6013002,5.756858,1566947993013
33830,226,Gyroscope,0.40500367,0.19608775,-0.29260445,1566947993022
33831,226,Accelerometer,-7.2927384,-2.6491842,5.746084,1566947993023
33832,226,Gyroscope,0.38484509999999994,0.19792034,-0.28283059999999993,1566947993032
33833,226,Accelerometer,-7.3322425,-2.6431987,5.747281,1566947993033
33834,226,Gyroscope,0.37384954,0.20341812,-0.27122417,1566947993043
33835,226,Accelerometer,-7.3430165999999994,-2.60968,5.750872599999999,1566947993043
33836,226,Gyroscope,0.36041048,0.20952678,-0.26083946,1566947993052
33837,226,Accelerometer,-7.4064630000000005,-2.5917234000000002,5.732916,1566947993053
33838,226,Gyroscope,0.34208453,0.22174409,-0.24678956,1566947993062
33839,226,Accelerometer,-7.496245399999999,-2.5270798,5.7005944,1566947993063
33840,226,Gyroscope,0.31887165,0.23518312,-0.23701571,1566947993072
33841,226,Accelerometer,-7.502231,-2.541445,5.662287,1566947993073
33842,226,Gyroscope,0.29504790000000003,0.25595254,-0.22540927,1566947993082
33843,226,Accelerometer,-7.516596300000001,-2.5582043999999997,5.565322,1566947993083
33844,226,Gyroscope,0.267559,0.27916542,-0.20280726,1566947993092
33845,226,Accelerometer,-7.559692,-2.5689783,5.4623713,1566947993093
33846,226,Gyroscope,0.24495697,0.29382620000000004,-0.18020524,1566947993102
33847,226,Accelerometer,-7.523778999999999,-2.6144682999999995,5.3558292000000005,1566947993103
33848,226,Gyroscope,0.22296582,0.30787608,-0.15332718,1566947993112
33849,226,Accelerometer,-7.5082164,-2.6659436000000003,5.2887917,1566947993113
33850,226,Gyroscope,0.21624629,0.3145956,-0.12583824,1566947993122
33851,226,Accelerometer,-7.520187400000001,-2.6982652999999996,5.237316000000001,1566947993123
33852,226,Gyroscope,0.21807889999999996,0.32559118,-0.09162979,1566947993132
33853,226,Accelerometer,-7.603985000000001,-2.705448,5.2241483,1566947993133
33854,226,Gyroscope,0.22602014,0.3304781,-0.053145275,1566947993142
33855,226,Accelerometer,-7.7464395,-2.7114333999999998,5.2049947,1566947993143
33856,226,Gyroscope,0.23701571,0.32009340000000003,-0.02443461,1566947993152
33857,226,Accelerometer,-7.9331875,-2.6767175,5.1379566,1566947993153
33858,226,Gyroscope,0.24678956,0.30176744,-0.005497787,1566947993162
33859,226,Accelerometer,-8.098388,-2.5737667,5.163096,1566947993163
33860,226,Gyroscope,0.25289822,0.28710666,0.007941248,1566947993172
33861,226,Accelerometer,-8.219294999999999,-2.4636335,5.213374,1566947993173
33862,226,Gyroscope,0.26328292,0.28527406,0.0067195175,1566947993182
33863,226,Accelerometer,-8.256405,-2.3702598,5.3211129999999995,1566947993183
33864,226,Gyroscope,0.27855456,0.28955013,-0.008552114,1566947993192
33865,226,Accelerometer,-8.340200999999999,-2.2864625,5.327099,1566947993193
33866,226,Gyroscope,0.29016098,0.28283059999999993,-0.03970624,1566947993202
33867,226,Accelerometer,-8.51019,-2.2505496,5.1810527,1566947993203
33868,226,Gyroscope,0.29016098,0.25411993,-0.08368854,1566947993213
33869,226,Accelerometer,-8.619126,-2.1811178,4.9919105,1566947993213
33870,226,Gyroscope,0.28283059999999993,0.20586158,-0.16493362,1566947993222
33871,226,Accelerometer,-8.537724,-2.0614076,4.914099,1566947993223
33872,226,Gyroscope,0.2773328,0.15027285,-0.21258110000000002,1566947993232
33873,226,Accelerometer,-8.328231,-1.9800048,4.879383,1566947993233
33874,226,Gyroscope,0.28527406,0.12339478,-0.24923302,1566947993242
33875,226,Accelerometer,-8.021772,-1.9428947,4.947618,1566947993243
33876,226,Gyroscope,0.30421090000000006,0.10445796,-0.27855456,1566947993252
33877,226,Accelerometer,-7.6626425000000005,-2.0219033,5.0816930000000005,1566947993253
33878,226,Gyroscope,0.3390302,0.08002335,-0.30298916,1566947993262
33879,226,Accelerometer,-7.4495587,-2.1799207000000003,5.233725,1566947993263
33880,226,Gyroscope,0.37079520000000005,0.051923547,-0.3109304,1566947993272
33881,226,Accelerometer,-7.3322425,-2.3211784,5.403713,1566947993273
33882,226,Gyroscope,0.39400807,0.04886922,-0.30665436,1566947993282
33883,226,Accelerometer,-7.3645644,-2.3822308,5.519832,1566947993283
33884,226,Gyroscope,0.40683624,0.06414085,-0.30421090000000006,1566947993292
33885,226,Accelerometer,-7.395689,-2.4289176,5.595249,1566947993293
33886,226,Gyroscope,0.41844269999999995,0.08063421400000001,-0.29382620000000004,1566947993302
33887,226,Accelerometer,-7.468712299999999,-2.5234885,5.650316,1566947993303
33888,226,Gyroscope,0.42516220000000005,0.08735373,-0.27916542,1566947993312
33889,226,Accelerometer,-7.639898,-2.5139117000000004,5.6790465999999995,1566947993313
33890,226,Gyroscope,0.43310347,0.09712757,-0.26267207,1566947993322
33891,226,Accelerometer,-7.7428484,-2.4349031,5.677849299999999,1566947993323
33892,226,Gyroscope,0.44348818,0.10567969,-0.24740042,1566947993332
33893,226,Accelerometer,-7.799111999999999,-2.2960392999999995,5.714959599999999,1566947993333
33894,226,Gyroscope,0.4538729,0.11178834,-0.24007004,1566947993342
33895,226,Accelerometer,-7.839813,-2.1188686000000003,5.6946087,1566947993343
33896,226,Gyroscope,0.45814893,0.116675265,-0.24190263,1566947993352
33897,226,Accelerometer,-7.826645399999999,-1.8794483,5.6886234,1566947993353
33898,226,Gyroscope,0.45631635,0.12644911,-0.25350907,1566947993362
33899,226,Accelerometer,-7.837419000000001,-1.62686,5.683835,1566947993363
33900,226,Gyroscope,0.4465425,0.13744467,-0.27122417,1566947993373
33901,226,Accelerometer,-7.837419000000001,-1.4305356000000002,5.697003,1566947993373
33902,226,Gyroscope,0.43249258,0.14294247,-0.29321529999999996,1566947993382
33903,226,Accelerometer,-7.8326306,-1.389834,5.693412,1566947993383
33904,226,Gyroscope,0.408058,0.14905111,-0.31764993,1566947993392
33905,226,Accelerometer,-7.811083,-1.4736311000000002,5.7017913,1566947993393
33906,226,Gyroscope,0.39278635,0.15271631,-0.3371976,1566947993402
33907,226,Accelerometer,-7.777564,-1.6424223000000002,5.734113,1566947993403
33908,226,Gyroscope,0.38545597,0.16737708,-0.344528,1566947993412
33909,226,Accelerometer,-7.7608047000000004,-1.8016368000000003,5.759252,1566947993413
33910,226,Gyroscope,0.38606682,0.18692477,-0.3371976,1566947993423
33911,226,Accelerometer,-7.642291999999999,-2.1308396000000003,5.7161565,1566947993423
33912,226,Gyroscope,0.39584067,0.19975294,-0.32436943,1566947993432
33913,226,Accelerometer,-7.551311999999999,-2.220622,5.7029886,1566947993433
33914,226,Gyroscope,0.4092797,0.204029,-0.30848694,1566947993442
33915,226,Accelerometer,-7.5321584,-2.2409727999999998,5.639542,1566947993443
33916,226,Gyroscope,0.41722095,0.21013765,-0.29626966,1566947993452
33917,226,Accelerometer,-7.517792999999999,-2.1751322999999996,5.542577,1566947993453
33918,226,Gyroscope,0.42332962,0.20769419,-0.29810223,1566947993462
33919,226,Accelerometer,-7.5046253,-2.088941,5.5222263,1566947993463
33920,226,Gyroscope,0.43066000000000004,0.20952678,-0.30482176,1566947993472
33921,226,Accelerometer,-7.53575,-2.0003555,5.535394,1566947993473
33922,226,Gyroscope,0.45020768,0.21563543,-0.31703907,1566947993483
33923,226,Accelerometer,-7.5932107,-1.9800048,5.5868697,1566947993483
33924,226,Gyroscope,0.4636467000000001,0.22174409,-0.32925636,1566947993492
33925,226,Accelerometer,-7.687782,-2.0482395,5.5509567,1566947993493
33926,226,Gyroscope,0.47525316,0.21807889999999996,-0.34147367,1566947993502
33927,226,Accelerometer,-7.7464395,-2.112883,5.5329999999999995,1566947993503
33928,226,Gyroscope,0.48258355,0.21197024,-0.34880406,1566947993512
33929,226,Accelerometer,-7.691373,-2.099715,5.519832,1566947993513
33930,226,Gyroscope,0.49602258,0.20952678,-0.35185838,1566947993522
33931,226,Accelerometer,-7.633912,-2.0458453000000003,5.519832,1566947993523
33932,226,Gyroscope,0.5112942,0.20280726,-0.36102137,1566947993532
33933,226,Accelerometer,-7.5561004,-1.9788077000000002,5.621585400000001,1566947993533
33934,226,Gyroscope,0.5296202,0.20708331,-0.36651915,1566947993543
33935,226,Accelerometer,-7.575253999999999,-1.9548656999999998,5.731719,1566947993543
33936,226,Gyroscope,0.54183745,0.21258110000000002,-0.37384954,1566947993553
33937,226,Accelerometer,-7.644686,-1.9237411,5.760449400000001,1566947993553
33938,226,Gyroscope,0.54305923,0.21930063,-0.38606682,1566947993562
33939,226,Accelerometer,-7.7368627000000005,-1.9129671999999998,5.73531,1566947993563
33940,226,Gyroscope,0.5345071,0.23335053,-0.39645153,1566947993572
33941,226,Accelerometer,-7.809886,-1.9033904,5.714959599999999,1566947993573
33942,226,Gyroscope,0.52534413,0.24801129,-0.40744713,1566947993582
33943,226,Accelerometer,-7.874529400000001,-1.9285294999999998,5.6634839999999995,1566947993583
33944,226,Gyroscope,0.52106804,0.25045475,-0.41905355,1566947993592
33945,226,Accelerometer,-7.9343843,-1.9141643,5.6431336,1566947993593
33946,226,Gyroscope,0.53023106,0.25900686,-0.42638394,1566947993602
33947,226,Accelerometer,-7.9367785,-1.8974048,5.650316,1566947993603
33948,226,Gyroscope,0.54367006,0.26328292,-0.43676865,1566947993612
33949,226,Accelerometer,-7.928399000000001,-1.8770541,5.676652400000001,1566947993613
33950,226,Gyroscope,0.5534439,0.26450464,-0.4465425,1566947993622
33951,226,Accelerometer,-7.8637557000000005,-1.8590976000000001,5.649119000000001,1566947993623
33952,226,Gyroscope,0.54733527,0.26389378,-0.45753807,1566947993632
33953,226,Accelerometer,-7.7667904000000005,-1.9177556,5.5162406,1566947993633
33954,226,Gyroscope,0.5338961999999999,0.24678956,-0.4709771,1566947993642
33955,226,Accelerometer,-7.6710224,-2.0099323,5.433641000000001,1566947993643
33956,226,Gyroscope,0.53023106,0.23273966,-0.48685959999999995,1566947993653
33957,226,Accelerometer,-7.631517999999999,-2.1033063,5.521029,1566947993653
33958,226,Gyroscope,0.5369505,0.22235495,-0.50579643,1566947993662
33959,226,Accelerometer,-7.6470804,-2.2038627,5.60722,1566947993663
33960,226,Gyroscope,0.5497787,0.20952678,-0.52473325,1566947993672
33961,226,Accelerometer,-7.668628,-2.2481554,5.7400985,1566947993673
33962,226,Gyroscope,0.56382865,0.21135938,-0.5510005,1566947993682
33963,226,Accelerometer,-7.7105265,-2.3606830000000003,5.738901599999999,1566947993683
33964,226,Gyroscope,0.56138515,0.21197024,-0.5699373000000001,1566947993692
33965,226,Accelerometer,-7.785944000000001,-2.4827871,5.5042696,1566947993693
33966,226,Gyroscope,0.56016344,0.21563543,-0.5656611999999999,1566947993702
33967,226,Accelerometer,-7.835025,-2.5546130000000002,5.4025164000000006,1566947993703
33968,226,Gyroscope,0.5564981999999999,0.20830505,-0.5546656,1566947993713
33969,226,Accelerometer,-7.8003089999999995,-2.6659436000000003,5.2026005,1566947993713
33970,226,Gyroscope,0.54244834,0.19730948,-0.535118,1566947993722
33971,226,Accelerometer,-7.754819400000001,-2.7222072999999996,5.0637364,1566947993723
33972,226,Gyroscope,0.5345071,0.19730948,-0.5143485,1566947993732
33973,226,Accelerometer,-7.654263,-2.718616,5.058948,1566947993733
33974,226,Gyroscope,0.5198463,0.19853121,-0.48563787,1566947993742
33975,226,Accelerometer,-7.5525093,-2.7509377,5.055357,1566947993743
33976,226,Gyroscope,0.51251596,0.19792034,-0.4538729,1566947993752
33977,226,Accelerometer,-7.4974427,-2.8323407000000005,5.118803,1566947993753
33978,226,Gyroscope,0.5180137,0.19792034,-0.42516220000000005,1566947993762
33979,226,Accelerometer,-7.492654300000001,-2.8969840000000002,5.1966147000000005,1566947993763
33980,226,Gyroscope,0.52473325,0.19853121,-0.40500367,1566947993773
33981,226,Accelerometer,-7.559692,-2.9113493,5.201403,1566947993773
33982,226,Gyroscope,0.52839845,0.18753563,-0.3811799,1566947993782
33983,226,Accelerometer,-7.7105265,-2.9293058,5.117605999999999,1566947993783
33984,226,Gyroscope,0.52839845,0.1777618,-0.35796702,1566947993792
33985,226,Accelerometer,-7.803900200000001,-2.8850130000000003,5.080496,1566947993793
33986,226,Gyroscope,0.5363397,0.16310102,-0.34513888,1566947993802
33987,226,Accelerometer,-7.8577699999999995,-2.7521348,5.1463366,1566947993803
33988,226,Gyroscope,0.5510005,0.14172074,-0.34697145,1566947993812
33989,226,Accelerometer,-7.916428,-2.6013002,5.231331,1566947993813
33990,226,Gyroscope,0.56138515,0.12705997,-0.35369098,1566947993822
33991,226,Accelerometer,-7.937975999999999,-2.3965959999999997,5.4049106,1566947993823
33992,226,Gyroscope,0.56016344,0.12278391400000001,-0.37384954,1566947993832
33993,226,Accelerometer,-7.943961,-2.1751322999999996,5.4791307,1566947993833
33994,226,Gyroscope,0.54183745,0.13194689,-0.3915646,1566947993842
33995,226,Accelerometer,-7.955932000000001,-2.1440077,5.4408236,1566947993843
33996,226,Gyroscope,0.52290064,0.13744467,-0.40561453,1566947993852
33997,226,Accelerometer,-7.94037,-2.1583729,5.422867,1566947993853
33998,226,Gyroscope,0.5002986,0.14049901,-0.40866885,1566947993862
33999,226,Accelerometer,-7.854178999999999,-2.1859062000000002,5.459976999999999,1566947993863
34000,226,Gyroscope,0.48380527,0.13805555,-0.40744713,1566947993872
34001,226,Accelerometer,-7.6853875999999985,-2.2577322,5.507861,1566947993873
34002,226,Gyroscope,0.48441613,0.14599679999999998,-0.40439278,1566947993883
34003,226,Accelerometer,-7.3549875999999985,-2.4193408,5.6467247,1566947993883
34004,226,Gyroscope,0.49418998,0.15088372,-0.39828414,1566947993892
34005,226,Accelerometer,-7.3071036,-2.4947581000000003,5.7089739999999995,1566947993893
34006,226,Gyroscope,0.50885075,0.15454891,-0.39095375,1566947993902
34007,226,Accelerometer,-7.2268977,-2.517503,5.7125654,1566947993903
34008,226,Gyroscope,0.5119051,0.16126843,-0.39278635,1566947993912
34009,226,Accelerometer,-7.271190600000001,-2.5438392000000003,5.6060233,1566947993913
34010,226,Gyroscope,0.48624873,0.16554448,-0.37873647,1566947993922
34011,226,Accelerometer,-7.273585000000001,-2.5043349999999998,5.5162406,1566947993923
34012,226,Gyroscope,0.47158796,0.17104226,-0.36041048,1566947993932
34013,226,Accelerometer,-7.3166804,-2.5366566,5.5054669999999994,1566947993933
34014,226,Gyroscope,0.46792278,0.18631389999999998,-0.34636059999999996,1566947993943
34015,226,Accelerometer,-7.369353,-2.6024973,5.517437999999999,1566947993943
34016,226,Gyroscope,0.46303585,0.19975294,-0.33292156,1566947993952
34017,226,Accelerometer,-7.5561004,-2.6767175,5.5150437000000005,1566947993953
34018,226,Gyroscope,0.45875978,0.19853121,-0.32253686,1566947993962
34019,226,Accelerometer,-7.666233999999999,-2.6862943,5.473145,1566947993963
34020,226,Gyroscope,0.45204028,0.19547687,-0.31215215,1566947993972
34021,226,Accelerometer,-7.7105265,-2.622848,5.418078400000001,1566947993973
34022,226,Gyroscope,0.44409904,0.19486602,-0.31031954,1566947993982
34023,226,Accelerometer,-7.7428484,-2.517503,5.3282957,1566947993983
34024,226,Gyroscope,0.43127087,0.18570304,-0.3115413,1566947993993
34025,226,Accelerometer,-7.6638399999999995,-2.4037786,5.2875943,1566947993993
34026,226,Gyroscope,0.41172317,0.17959438,-0.3115413,1566947994002
34027,226,Accelerometer,-7.6614455999999995,-2.3235726000000003,5.3402667,1566947994003
34028,226,Gyroscope,0.39278635,0.17592919,-0.31215215,1566947994012
34029,226,Accelerometer,-7.659051400000001,-2.3127987,5.412093,1566947994013
34030,226,Gyroscope,0.37812558,0.17409660000000002,-0.31337386,1566947994022
34031,226,Accelerometer,-7.630321,-2.3690627,5.4527946,1566947994023
34032,226,Gyroscope,0.35918877,0.1826487,-0.30543262,1566947994032
34033,226,Accelerometer,-7.6794020000000005,-2.4887726000000003,5.4647654999999995,1566947994033
34034,226,Gyroscope,0.34269542,0.19242255,-0.29077184,1566947994042
34035,226,Accelerometer,-7.773973,-2.6288335,5.42167,1566947994043
34036,226,Gyroscope,0.33108896,0.20158553,-0.27122417,1566947994052
34037,226,Accelerometer,-7.809886,-2.72939,5.346252400000001,1566947994053
34038,226,Gyroscope,0.32314770000000004,0.20525073,-0.25045475,1566947994062
34039,226,Accelerometer,-7.8972745,-2.753332,5.3019595,1566947994063
34040,226,Gyroscope,0.3145956,0.1881465,-0.23396139,1566947994072
34041,226,Accelerometer,-7.905653999999999,-2.7257986,5.2648497,1566947994073
34042,226,Gyroscope,0.30665436,0.17715092,-0.21807889999999996,1566947994082
34043,226,Accelerometer,-7.7703815,-2.6731262000000005,5.2265425,1566947994083
34044,226,Gyroscope,0.29138273,0.16493362,-0.20219639,1566947994092
34045,226,Accelerometer,-7.699753,-2.5761611,5.225345,1566947994093
34046,226,Gyroscope,0.27855456,0.16004670000000001,-0.19120082,1566947994102
34047,226,Accelerometer,-7.614758500000001,-2.5210943,5.243302,1566947994103
34048,226,Gyroscope,0.26633725,0.16554448,-0.18325958,1566947994112
34049,226,Accelerometer,-7.514202,-2.505532,5.2816089999999996,1566947994113
34050,226,Gyroscope,0.25289822,0.17654006,-0.172264,1566947994122
34051,226,Accelerometer,-7.539341,-2.5210943,5.2804117,1566947994123
34052,226,Gyroscope,0.23945917,0.18936823,-0.15882497,1566947994132
34053,226,Accelerometer,-7.595605,-2.5270798,5.269638,1566947994133
34054,226,Gyroscope,0.22907446,0.20219639,-0.14477506,1566947994142
34055,226,Accelerometer,-7.6518690000000005,-2.4983494,5.2923827,1566947994142
34056,226,Gyroscope,0.22724187,0.22052236,-0.12767084,1566947994152
34057,226,Accelerometer,-7.6865845,-2.4468741,5.1762643,1566947994153
34058,226,Gyroscope,0.22174409,0.21319197,-0.119729586,1566947994162
34059,226,Accelerometer,-7.8410106,-2.4109612,4.957195,1566947994163
34060,226,Gyroscope,0.21319197,0.19975294,-0.11484267,1566947994172
34061,226,Accelerometer,-8.010999,-2.409764,4.830302,1566947994173
34062,226,Gyroscope,0.20219639,0.17898351,-0.11789699,1566947994183
34063,226,Accelerometer,-8.159439,-2.4384943999999997,4.76925,1566947994183
34064,226,Gyroscope,0.19608775,0.14172074,-0.1160644,1566947994192
34065,226,Accelerometer,-8.317456,-2.4361002,4.7632639999999995,1566947994193
34066,226,Gyroscope,0.19486602,0.11362094,-0.1142318,1566947994202
34067,226,Accelerometer,-8.240842,-2.421735,4.973954,1566947994203
34068,226,Gyroscope,0.19425514,0.099571034,-0.099571034,1566947994212
34069,226,Accelerometer,-8.220491,-2.4193408,5.16549,1566947994213
34070,226,Gyroscope,0.20097467,0.1020145,-0.08857546,1566947994222
34071,226,Accelerometer,-8.143877,-2.4528596,5.2528787,1566947994223
34072,226,Gyroscope,0.204029,0.112399206,-0.07574729,1566947994233
34073,226,Accelerometer,-8.163031,-2.4768016,5.1523223,1566947994233
34074,226,Gyroscope,0.20952678,0.12095132,-0.07086037,1566947994242
34075,226,Accelerometer,-8.167819,-2.4684220000000003,5.1523223,1566947994244
34076,226,Gyroscope,0.21258110000000002,0.12461651,-0.077579886,1566947994252
34077,226,Accelerometer,-8.139089,-2.4061728,5.055357,1566947994253
34078,226,Gyroscope,0.21135938,0.12705997,-0.09101892,1566947994262
34079,226,Accelerometer,-8.136695,-2.3116016,5.0745106,1566947994263
34080,226,Gyroscope,0.21135938,0.12461651,-0.10934488,1566947994272
34081,226,Accelerometer,-8.117541000000001,-2.1894975,5.0972550000000005,1566947994273
34082,226,Gyroscope,0.22052236,0.11911872,-0.14049901,1566947994282
34083,226,Accelerometer,-8.152257,-2.0745756999999996,5.100847,1566947994283
34084,226,Gyroscope,0.22968534,0.103847094,-0.17104226,1566947994292
34085,226,Accelerometer,-8.180987,-2.0135236,5.1247888,1566947994293
34086,226,Gyroscope,0.24312437,0.069027774,-0.19608775,1566947994302
34087,226,Accelerometer,-8.207322999999999,-2.0326772,5.1690817000000004,1566947994303
34088,226,Gyroscope,0.25534168,0.0421497,-0.21135938,1566947994312
34089,226,Accelerometer,-8.111555000000001,-2.0901381999999997,5.278017500000001,1566947994313
34090,226,Gyroscope,0.25717425,0.02687807,-0.21258110000000002,1566947994322
34091,226,Accelerometer,-7.973889,-2.0769699,5.3366755999999995,1566947994323
34092,226,Gyroscope,0.25473082,0.009162978,-0.20341812,1566947994332
34093,226,Accelerometer,-7.7643960000000005,-2.0590134,5.410896,1566947994333
34094,226,Gyroscope,0.25473082,-0.002443461,-0.19058995,1566947994343
34095,226,Accelerometer,-7.2759789999999995,-1.9596541,5.7496753,1566947994343
34096,226,Gyroscope,0.26572640000000003,-0.002443461,-0.17837265,1566947994352
34097,226,Accelerometer,-7.1969705,-1.8986019,5.9064955999999995,1566947994353
34098,226,Gyroscope,0.28344148,0.02321288,-0.17043139999999998,1566947994362
34099,226,Accelerometer,-7.289147,-1.7753005000000002,6.007052,1566947994363
34100,226,Gyroscope,0.29321529999999996,0.06352998,-0.17287487,1566947994373
34101,226,Accelerometer,-7.4064630000000005,-1.6448165000000001,6.087258,1566947994373
34102,226,Gyroscope,0.30848694,0.124005646,-0.18448131,1566947994382
34103,226,Accelerometer,-7.539341,-1.5023615,6.099229,1566947994383
34104,226,Gyroscope,0.30665436,0.15943582,-0.20097467,1566947994393
34105,226,Accelerometer,-7.690175999999999,-1.3754688999999998,6.0046577,1566947994393
34106,226,Gyroscope,0.30421090000000006,0.19547687,-0.21746802,1566947994402
34107,226,Accelerometer,-7.740454,-1.3623008,5.9400144,1566947994403
34108,226,Gyroscope,0.30176744,0.22296582,-0.23701571,1566947994413
34109,226,Accelerometer,-7.6853875999999985,-1.4030021000000001,5.910087,1566947994413
34110,226,Gyroscope,0.30665436,0.2443461,-0.25473082,1566947994422
34111,226,Accelerometer,-7.630321,-1.4676456,5.852626,1566947994423
34112,226,Gyroscope,0.3109304,0.2565634,-0.28160888,1566947994432
34113,226,Accelerometer,-7.551311999999999,-1.6053122,5.8107276,1566947994433
34114,226,Gyroscope,0.31703907,0.26450464,-0.30176744,1566947994442
34115,226,Accelerometer,-7.587225,-1.7250223000000002,5.729325,1566947994443
34116,226,Gyroscope,0.32620203,0.26511553,-0.31764993,1566947994452
34117,226,Accelerometer,-7.606379,-1.8016368000000003,5.6826377,1566947994453
34118,226,Gyroscope,0.33292156,0.26389378,-0.32559118,1566947994462
34119,226,Accelerometer,-7.612364299999999,-1.9405005000000002,5.639542,1566947994463
34120,226,Gyroscope,0.34330627,0.26145032,-0.32375857,1566947994472
34121,226,Accelerometer,-7.702147,-2.1296425,5.535394,1566947994473
34122,226,Gyroscope,0.34086279999999997,0.25473082,-0.312763,1566947994482
34123,226,Accelerometer,-7.727286,-2.2780828,5.434838,1566947994483
34124,226,Gyroscope,0.33841935,0.25595254,-0.29504790000000003,1566947994492
34125,226,Accelerometer,-7.7189064,-2.3726540000000003,5.3737855,1566947994493
34126,226,Gyroscope,0.34330627,0.2565634,-0.27550024,1566947994502
34127,226,Accelerometer,-7.7153149999999995,-2.3834279,5.2648497,1566947994503
34128,226,Gyroscope,0.344528,0.25717425,-0.25717425,1566947994512
34129,226,Accelerometer,-7.728483,-2.3810337,5.270835,1566947994513
34130,226,Gyroscope,0.35491269999999997,0.25534168,-0.24251351,1566947994522
34131,226,Accelerometer,-7.8062944000000005,-2.3774424,5.303157,1566947994523
34132,226,Gyroscope,0.37323865,0.25900686,-0.24068089999999998,1566947994532
34133,226,Accelerometer,-7.856573,-2.3798366,5.363012,1566947994533
34134,226,Gyroscope,0.39706242,0.25289822,-0.24312437,1566947994542
34135,226,Accelerometer,-8.115147,-2.3175871,5.3833623,1566947994543
34136,226,Gyroscope,0.408058,0.25778514,-0.25289822,1566947994553
34137,226,Accelerometer,-8.057686,-2.3080103,5.2361193,1566947994553
34138,226,Gyroscope,0.4098906,0.25900686,-0.26206118,1566947994562
34139,226,Accelerometer,-8.008605000000001,-2.2780828,5.106832,1566947994563
34140,226,Gyroscope,0.42027529999999996,0.24556783,-0.27550024,1566947994572
34141,226,Accelerometer,-8.061277,-2.1811178,4.981137,1566947994573
34142,226,Gyroscope,0.42210788,0.23273966,-0.29565877,1566947994583
34143,226,Accelerometer,-7.972691499999999,-2.0841526999999997,5.027823400000001,1566947994583
34144,226,Gyroscope,0.43493605,0.21685717,-0.3145956,1566947994592
34145,226,Accelerometer,-7.937975999999999,-2.086547,5.195418,1566947994593
34146,226,Gyroscope,0.4550946,0.20769419,-0.33841935,1566947994602
34147,226,Accelerometer,-7.916428,-2.0721814999999997,5.255273000000001,1566947994603
34148,226,Gyroscope,0.4783075,0.18325958,-0.37323865,1566947994613
34149,226,Accelerometer,-7.8517847000000005,-2.110489,5.335478299999999,1566947994613
34150,226,Gyroscope,0.49113566,0.172264,-0.38606682,1566947994622
34151,226,Accelerometer,-7.759608,-2.2529437999999997,5.318719000000001,1566947994623
34152,226,Gyroscope,0.50579643,0.15943582,-0.39095375,1566947994632
34153,226,Accelerometer,-7.6410947,-2.4061728,5.2887917,1566947994633
34154,226,Gyroscope,0.52106804,0.15454891,-0.38484509999999994,1566947994642
34155,226,Accelerometer,-7.654263,-2.433706,5.3402667,1566947994643
34156,226,Gyroscope,0.5338961999999999,0.14721853,-0.37934732,1566947994652
34157,226,Accelerometer,-7.632714999999999,-2.3546975,5.317522,1566947994653
34158,226,Gyroscope,0.54244834,0.1423316,-0.37995818,1566947994662
34159,226,Accelerometer,-7.653065700000001,-2.256535,5.3558292000000005,1566947994663
34160,226,Gyroscope,0.5558874,0.14172074,-0.38973203,1566947994672
34161,226,Accelerometer,-7.659051400000001,-2.1452047999999997,5.449203,1566947994673
34162,226,Gyroscope,0.571159,0.14538592,-0.408058,1566947994683
34163,226,Accelerometer,-7.6638399999999995,-2.0829554,5.556941999999999,1566947994683
34164,226,Gyroscope,0.5839871999999999,0.16615535,-0.42821655,1566947994692
34165,226,Accelerometer,-7.7572136,-2.0901381999999997,5.7125654,1566947994693
34166,226,Gyroscope,0.5925393,0.19058995,-0.43860126,1566947994702
34167,226,Accelerometer,-7.9248075,-2.1535845,5.714959599999999,1566947994703
34168,226,Gyroscope,0.59437186,0.21135938,-0.4447099,1566947994713
34169,226,Accelerometer,-7.985860000000001,-2.2313959999999997,5.6802435,1566947994713
34170,226,Gyroscope,0.59437186,0.2284636,-0.44226643,1566947994722
34171,226,Accelerometer,-7.961917999999999,-2.2828712,5.5701103,1566947994723
34172,226,Gyroscope,0.59803706,0.21319197,-0.4392121,1566947994732
34173,226,Accelerometer,-7.811083,-2.2900537999999995,5.365406,1566947994733
34174,226,Gyroscope,0.6017023,0.19120082,-0.43188173,1566947994743
34175,226,Accelerometer,-7.660248299999999,-2.2301989,5.2397103,1566947994743
34176,226,Gyroscope,0.61819565,0.16310102,-0.43676865,1566947994752
34177,226,Accelerometer,-7.4974427,-2.079364,5.279215,1566947994753
34178,226,Gyroscope,0.6383542,0.14477506,-0.45937067,1566947994762
34179,226,Accelerometer,-7.451953,-1.9704279999999998,5.3642087,1566947994763
34180,226,Gyroscope,0.65668017,0.12156218,-0.4886922,1566947994772
34181,226,Accelerometer,-7.5561004,-1.9381063000000003,5.4934959999999995,1566947994773
34182,226,Gyroscope,0.66828656,0.106901415,-0.5186246,1566947994782
34183,226,Accelerometer,-7.7201033,-1.9081788,5.577293,1566947994783
34184,226,Gyroscope,0.6731735,0.11056661,-0.5479460999999999,1566947994792
34185,226,Accelerometer,-7.7907324000000004,-1.9285294999999998,5.7017913,1566947994793
34186,226,Gyroscope,0.66950834,0.14966199,-0.5693264,1566947994802
34187,226,Accelerometer,-7.844601600000001,-2.2469582999999997,5.851429,1566947994803
34188,226,Gyroscope,0.6603453,0.19853121,-0.57848936,1566947994812
34189,226,Accelerometer,-7.852981599999999,-2.3882163,5.861006,1566947994813
34190,226,Gyroscope,0.65301496,0.24129178,-0.5900958000000001,1566947994822
34191,226,Accelerometer,-7.807492,-2.5737667,5.804742,1566947994823
34192,226,Gyroscope,0.64996064,0.26267207,-0.6035349,1566947994832
34193,226,Accelerometer,-7.738060000000001,-2.7030537,5.7089739999999995,1566947994833
34194,226,Gyroscope,0.64996064,0.26328292,-0.61636305,1566947994843
34195,226,Accelerometer,-7.5572976999999995,-2.7114333999999998,5.6898203,1566947994843
34196,226,Gyroscope,0.65057147,0.26328292,-0.625526,1566947994852
34197,226,Accelerometer,-7.309498,-2.6515784,5.5126495,1566947994853
34198,226,Gyroscope,0.6401868000000001,0.2510656,-0.6200281999999999,1566947994862
34199,226,Accelerometer,-7.2640080000000005,-2.7257986,5.2385135,1566947994863
34200,226,Gyroscope,0.64568454,0.23273966,-0.593761,1566947994872
34201,226,Accelerometer,-7.4028716,-2.7856536,5.1583076,1566947994873
34202,226,Gyroscope,0.67011917,0.22479841,-0.571159,1566947994882
34203,226,Accelerometer,-7.487866,-2.825158,5.2061915,1566947994883
34204,226,Gyroscope,0.69027776,0.22052236,-0.548557,1566947994892
34205,226,Accelerometer,-7.654263,-2.8921957000000003,5.1798553,1566947994893
34206,226,Gyroscope,0.6927211999999999,0.2144137,-0.52778757,1566947994902
34207,226,Accelerometer,-7.818265400000001,-2.991555,5.175066999999999,1566947994903
34208,226,Gyroscope,0.6835581999999999,0.204029,-0.5045747,1566947994912
34209,226,Accelerometer,-7.961917999999999,-2.9939492000000003,5.1571107000000005,1566947994913
34210,226,Gyroscope,0.675617,0.18631389999999998,-0.48075095,1566947994922
34211,226,Accelerometer,-7.9475527,-2.9472623,5.1678843,1566947994923
34212,226,Gyroscope,0.66767573,0.17104226,-0.4654793,1566947994932
34213,226,Accelerometer,-7.9008656,-2.8682537,5.121197,1566947994933
34214,226,Gyroscope,0.6554584,0.16187929,-0.45448375,1566947994942
34215,226,Accelerometer,-7.9104424,-2.765303,4.960786,1566947994943
34216,226,Gyroscope,0.65057147,0.14844026,-0.44287730000000003,1566947994952
34217,226,Accelerometer,-7.848192999999999,-2.6144682999999995,4.995502,1566947994953
34218,226,Gyroscope,0.6542366999999999,0.13561209,-0.44348818,1566947994962
34219,226,Accelerometer,-7.7608047000000004,-2.4265234,5.112818,1566947994963
34220,226,Gyroscope,0.65057147,0.12705997,-0.4550946,1566947994973
34221,226,Accelerometer,-7.7320743,-2.3307555,5.2397103,1566947994973
34222,226,Gyroscope,0.64751714,0.12339478,-0.4709771,1566947994982
34223,226,Accelerometer,-7.787141,-2.3104044999999998,5.368997,1566947994983
34224,226,Gyroscope,0.64934975,0.12644911,-0.4831944,1566947994992
34225,226,Accelerometer,-7.8302364,-2.291251,5.4647654999999995,1566947994993
34226,226,Gyroscope,0.65301496,0.13072516,-0.49174652,1566947995003
34227,226,Accelerometer,-7.825448,-2.2876596,5.5617304,1566947995003
34228,226,Gyroscope,0.6542366999999999,0.14477506,-0.49968776,1566947995012
34229,226,Accelerometer,-7.754819400000001,-2.3355439,5.590461,1566947995013
34230,226,Gyroscope,0.6585127,0.15821409,-0.49907690000000005,1566947995022
34231,226,Accelerometer,-7.745242599999999,-2.4085669999999997,5.530606,1566947995023
34232,226,Gyroscope,0.6560693,0.16126843,-0.49296826,1566947995032
34233,226,Accelerometer,-7.779958199999999,-2.4791958,5.4970870000000005,1566947995033
34234,226,Gyroscope,0.6585127,0.1563815,-0.48747048,1566947995042
34235,226,Accelerometer,-7.8086886,-2.4181437000000003,5.5641245999999995,1566947995043
34236,226,Gyroscope,0.6542366999999999,0.15760323,-0.47891834,1566947995052
34237,226,Accelerometer,-7.728483,-2.385822,5.5329999999999995,1566947995053
34238,226,Gyroscope,0.63163465,0.16004670000000001,-0.47403142,1566947995062
34239,226,Accelerometer,-7.668628,-2.3307555,5.403713,1566947995063
34240,226,Gyroscope,0.61391956,0.16920967,-0.46120325,1566947995072
34241,226,Accelerometer,-7.589619,-2.3415293999999998,5.396530599999999,1566947995073
34242,226,Gyroscope,0.61086524,0.16493362,-0.4569272,1566947995082
34243,226,Accelerometer,-7.487866,-2.3558946,5.389348,1566947995083
34244,226,Gyroscope,0.60903263,0.14966199,-0.45570546,1566947995092
34245,226,Accelerometer,-7.4028716,-2.2625206,5.380968,1566947995093
34246,226,Gyroscope,0.6096435,0.13927728,-0.46792278,1566947995102
34247,226,Accelerometer,-7.428011,-2.2170308,5.4851160000000005,1566947995103
34248,226,Gyroscope,0.6102544,0.14721853,-0.47708577,1566947995112
34249,226,Accelerometer,-7.4735007,-2.2457612,5.5581393,1566947995113
34250,226,Gyroscope,0.59864795,0.14721853,-0.47464229999999996,1566947995122
34251,226,Accelerometer,-7.601590600000001,-2.2397757,5.559336,1566947995123
34252,226,Gyroscope,0.58276546,0.14355333,-0.46853364,1566947995133
34253,226,Accelerometer,-7.6135616,-2.255338,5.531803,1566947995133
34254,226,Gyroscope,0.5571090999999999,0.15454891,-0.45998153,1566947995142
34255,226,Accelerometer,-7.6494746,-2.3523033,5.4803276,1566947995143
34256,226,Gyroscope,0.5320636,0.17165314,-0.44226643,1566947995152
34257,226,Accelerometer,-7.680599000000001,-2.4169466,5.4899044,1566947995153
34258,226,Gyroscope,0.51251596,0.17654006,-0.42516220000000005,1566947995163
34259,226,Accelerometer,-7.693767,-2.4313118,5.571307,1566947995163
34260,226,Gyroscope,0.4886922,0.19486602,-0.40744713,1566947995172
34261,226,Accelerometer,-7.5584945999999995,-2.4827871,5.635950599999999,1566947995173
34262,226,Gyroscope,0.4654793,0.20708331,-0.38728857,1566947995182
34263,226,Accelerometer,-7.454347,-2.517503,5.5856724,1566947995183
34264,226,Gyroscope,0.44532076,0.21258110000000002,-0.3640757,1566947995192
34265,226,Accelerometer,-7.428011,-2.4744074,5.5401826,1566947995193
34266,226,Gyroscope,0.43127087,0.22540927,-0.3475823,1566947995202
34267,226,Accelerometer,-7.359775999999999,-2.4480712000000002,5.5270147000000005,1566947995203
34268,226,Gyroscope,0.41477749999999997,0.24007004,-0.3378085,1566947995212
34269,226,Accelerometer,-7.428011,-2.492364,5.483919,1566947995213
34270,226,Gyroscope,0.39400807,0.23762658,-0.33108896,1566947995222
34271,226,Accelerometer,-7.5213847000000005,-2.5797524,5.449203,1566947995223
34272,226,Gyroscope,0.37751472,0.24312437,-0.312763,1566947995232
34273,226,Accelerometer,-7.526173,-2.6599581000000003,5.427655000000001,1566947995233
34274,226,Gyroscope,0.35918877,0.26145032,-0.2864958,1566947995242
34275,226,Accelerometer,-7.539341,-2.6922797999999997,5.3594203,1566947995243
34276,226,Gyroscope,0.34391713,0.28038713,-0.258396,1566947995252
34277,226,Accelerometer,-7.5082164,-2.7138276,5.237316000000001,1566947995253
34278,226,Gyroscope,0.33414328,0.29626966,-0.2302962,1566947995262
34279,226,Accelerometer,-7.520187400000001,-2.5605986,5.0721164000000005,1566947995263
34280,226,Gyroscope,0.33108896,0.29443705,-0.20586158,1566947995272
34281,226,Accelerometer,-7.639898,-2.5366566,5.0697220000000005,1566947995273
34282,226,Gyroscope,0.32803464,0.2779437,-0.18387043,1566947995282
34283,226,Accelerometer,-7.789535000000001,-2.5019407000000005,5.0816930000000005,1566947995283
34284,226,Gyroscope,0.33353242,0.25473082,-0.172264,1566947995292
34285,226,Accelerometer,-7.949947,-2.5462333999999998,5.1247888,1566947995293
34286,226,Gyroscope,0.35002577,0.22602014,-0.15699236,1566947995302
34287,226,Accelerometer,-8.103176,-2.5689783,5.2169657,1566947995303
34288,226,Gyroscope,0.3659083,0.2284636,-0.14294247,1566947995312
34289,226,Accelerometer,-8.291121,-2.4899697,5.2660465,1566947995313
34290,226,Gyroscope,0.37507126,0.24556783,-0.13194689,1566947995323
34291,226,Accelerometer,-8.419210000000001,-2.3774424,5.248090299999999,1566947995323
34292,226,Gyroscope,0.37323865,0.25350907,-0.1337795,1566947995332
34293,226,Accelerometer,-8.470686,-2.2876596,5.2061915,1566947995333
34294,226,Gyroscope,0.3659083,0.24617869,-0.15454891,1566947995342
34295,226,Accelerometer,-8.492233,-2.2361843999999995,5.1702785,1566947995343
34296,226,Gyroscope,0.35857790000000006,0.22479841,-0.19730948,1566947995353
34297,226,Accelerometer,-8.404845,-2.1571757999999996,5.130774,1566947995353
34298,226,Gyroscope,0.3475823,0.19303341,-0.24556783,1566947995362
34299,226,Accelerometer,-8.294711999999999,-2.0685901999999996,5.062539599999999,1566947995363
34300,226,Gyroscope,0.34574974,0.16676621,-0.29016098,1566947995372
34301,226,Accelerometer,-8.103176,-2.018312,5.038597599999999,1566947995373
34302,226,Gyroscope,0.35246924,0.14844026,-0.32925636,1566947995383
34303,226,Accelerometer,-7.8649526,-2.0494366000000004,5.104438,1566947995383
34304,226,Gyroscope,0.36835176,0.13072516,-0.35796702,1566947995392
34305,226,Accelerometer,-7.61835,-2.1583729,5.2037973,1566947995393
34306,226,Gyroscope,0.39400807,0.1142318,-0.37507126,1566947995402
34307,226,Accelerometer,-7.392098,-2.2744915,5.2863975,1566947995403
34308,226,Gyroscope,0.41538838,0.0983493,-0.37873647,1566947995412
34309,226,Accelerometer,-7.339425,-2.3786395000000002,5.346252400000001,1566947995413
34310,226,Gyroscope,0.43615779999999993,0.095294975,-0.3744604,1566947995422
34311,226,Accelerometer,-7.3549875999999985,-2.4684220000000003,5.3678,1566947995423
34312,226,Gyroscope,0.45570546,0.08552113,-0.35979962,1566947995432
34313,226,Accelerometer,-7.400477400000001,-2.5378537,5.4001220000000005,1566947995433
34314,226,Gyroscope,0.47036624,0.081855945,-0.3475823,1566947995442
34315,226,Accelerometer,-7.4866686,-2.574964,5.434838,1566947995444
34316,226,Gyroscope,0.48747048,0.07819075,-0.3378085,1566947995452
34317,226,Accelerometer,-7.630321,-2.5366566,5.5150437000000005,1566947995453
34318,226,Gyroscope,0.50701815,0.0720821,-0.33169982,1566947995462
34319,226,Accelerometer,-7.795521000000001,-2.4588451,5.579687,1566947995463
34320,226,Gyroscope,0.51923543,0.07574729,-0.32803464,1566947995472
34321,226,Accelerometer,-7.931989999999999,-2.3439236,5.628768,1566947995473
34322,226,Gyroscope,0.52412236,0.08307768,-0.33169982,1566947995482
34323,226,Accelerometer,-7.972691499999999,-2.1751322999999996,5.649119000000001,1566947995483
34324,226,Gyroscope,0.5174029,0.095294975,-0.33475417,1566947995492
34325,226,Accelerometer,-7.929596000000001,-2.0207062,5.623979599999999,1566947995493
34326,226,Gyroscope,0.50335294,0.11178834,-0.34147367,1566947995502
34327,226,Accelerometer,-7.820659599999999,-1.8986019,5.608417500000001,1566947995503
34328,226,Gyroscope,0.48380527,0.13011430000000002,-0.35124752,1566947995512
34329,226,Accelerometer,-7.681796,-1.8291701,5.662287,1566947995513
34330,226,Gyroscope,0.47342056,0.14721853,-0.37079520000000005,1566947995522
34331,226,Accelerometer,-7.5932107,-1.7681179,5.7664347000000005,1566947995523
34332,226,Gyroscope,0.47525316,0.16615535,-0.39950588,1566947995532
34333,226,Accelerometer,-7.551311999999999,-1.8028339,5.825093,1566947995533
34334,226,Gyroscope,0.47219884,0.19364429,-0.41233405,1566947995542
34335,226,Accelerometer,-7.5106106,-1.8746599,5.881356200000001,1566947995543
34336,226,Gyroscope,0.46792278,0.22418754,-0.41294490000000006,1566947995552
34337,226,Accelerometer,-7.49026,-2.0039468,5.8921304,1566947995553
34338,226,Gyroscope,0.45814893,0.24251351,-0.408058,1566947995562
34339,226,Accelerometer,-7.5525093,-2.1918917,5.7963624000000005,1566947995563
34340,226,Gyroscope,0.4550946,0.25045475,-0.39645153,1566947995573
34341,226,Accelerometer,-7.562086,-2.3139958,5.687426,1566947995573
34342,226,Gyroscope,0.45814893,0.25595254,-0.3817908,1566947995582
34343,226,Accelerometer,-7.571663,-2.3918076,5.627571,1566947995583
34344,226,Gyroscope,0.46975538,0.26267207,-0.36713,1566947995592
34345,226,Accelerometer,-7.540538300000001,-2.3618799999999998,5.603629,1566947995593
34346,226,Gyroscope,0.48624873,0.26083946,-0.35613444,1566947995603
34347,226,Accelerometer,-7.5273699999999995,-2.3463178,5.5222263,1566947995603
34348,226,Gyroscope,0.49968776,0.24862215,-0.35430184,1566947995612
34349,226,Accelerometer,-7.581239699999999,-2.3223755,5.444414599999999,1566947995613
34350,226,Gyroscope,0.5137377000000001,0.23457226,-0.35796702,1566947995622
34351,226,Accelerometer,-7.639898,-2.3139958,5.4420204000000005,1566947995623
34352,226,Gyroscope,0.52656585,0.21563543,-0.36774087,1566947995632
34353,226,Accelerometer,-7.69257,-2.3044189999999998,5.3941364,1566947995633
34354,226,Gyroscope,0.5296202,0.21258110000000002,-0.376293,1566947995642
34355,226,Accelerometer,-7.7811556,-2.3307555,5.380968,1566947995643
34356,226,Gyroscope,0.5393939999999999,0.21197024,-0.38056904,1566947995652
34357,226,Accelerometer,-7.890092,-2.3343467999999996,5.41329,1566947995653
34358,226,Gyroscope,0.5516113,0.2144137,-0.3817908,1566947995662
34359,226,Accelerometer,-7.9463553,-2.3427265,5.433641000000001,1566947995663
34360,226,Gyroscope,0.5571090999999999,0.21563543,-0.38362336,1566947995672
34361,226,Accelerometer,-8.000225,-2.2780828,5.389348,1566947995673
34362,226,Gyroscope,0.56321776,0.2144137,-0.39095375,1566947995682
34363,226,Accelerometer,-7.979874000000001,-2.2134395000000002,5.309142,1566947995683
34364,226,Gyroscope,0.5717699,0.20708331,-0.40194935,1566947995692
34365,226,Accelerometer,-7.9272017,-2.1847090000000002,5.269638,1566947995693
34366,226,Gyroscope,0.58459806,0.18203785,-0.41783184,1566947995702
34367,226,Accelerometer,-7.8709383,-2.1930888,5.243302,1566947995703
34368,226,Gyroscope,0.5992588000000001,0.16371189,-0.43982297,1566947995712
34369,226,Accelerometer,-7.833828,-2.1679497000000003,5.297171,1566947995713
34370,226,Gyroscope,0.61086524,0.14905111,-0.46303585,1566947995722
34371,226,Accelerometer,-7.8278419999999995,-2.0829554,5.4192758,1566947995723
34372,226,Gyroscope,0.6151413,0.13683382,-0.47891834,1566947995732
34373,226,Accelerometer,-7.833828,-1.9476831000000001,5.5940523,1566947995733
34374,226,Gyroscope,0.62125,0.13500121,-0.49846604,1566947995742
34375,226,Accelerometer,-7.81228,-1.9009962,5.758055000000001,1566947995743
34376,226,Gyroscope,0.6206391,0.14049901,-0.5222898,1566947995752
34377,226,Accelerometer,-7.7643960000000005,-1.9405005000000002,5.8238955,1566947995753
34378,226,Gyroscope,0.60231316,0.15454891,-0.5546656,1566947995762
34379,226,Accelerometer,-7.716512,-2.054225,5.674258,1566947995763
34380,226,Gyroscope,0.55955255,0.15882497,-0.5626069,1566947995772
34381,226,Accelerometer,-7.6734165999999995,-2.1775265,5.729325,1566947995773
34382,226,Gyroscope,0.5589417,0.19547687,-0.56382865,1566947995783
34383,226,Accelerometer,-7.603985000000001,-2.328361,5.898116,1566947995783
34384,226,Gyroscope,0.5723807,0.23579398,-0.55833083,1566947995792
34385,226,Accelerometer,-7.590816499999999,-2.4241292000000003,5.911283999999999,1566947995793
34386,226,Gyroscope,0.58459806,0.25778514,-0.552833,1566947995802
34387,226,Accelerometer,-7.589619,-2.493561,5.8262897,1566947995803
34388,226,Gyroscope,0.5925393,0.26206118,-0.54428095,1566947995812
34389,226,Accelerometer,-7.61835,-2.5701754,5.6551046,1566947995813
34390,226,Gyroscope,0.5907066999999999,0.24373524,-0.5326744999999999,1566947995822
34391,226,Accelerometer,-7.6231384,-2.60968,5.391742,1566947995823
34392,226,Gyroscope,0.5766568,0.22113322,-0.5216789000000001,1566947995832
34393,226,Accelerometer,-7.608772999999999,-2.5941176,5.270835,1566947995833
34394,226,Gyroscope,0.56016344,0.204029,-0.5143485,1566947995842
34395,226,Accelerometer,-7.514202,-2.5234885,5.334281400000001,1566947995843
34396,226,Gyroscope,0.5546656,0.19792034,-0.5119051,1566947995852
34397,226,Accelerometer,-7.3322425,-2.4624363999999996,5.4420204000000005,1566947995853
34398,226,Gyroscope,0.54000485,0.19792034,-0.5119051,1566947995862
34399,226,Accelerometer,-7.1610575,-2.4624363999999996,5.45878,1566947995863
34400,226,Gyroscope,0.53023106,0.19547687,-0.50640726,1566947995873
34401,226,Accelerometer,-7.100005,-2.5917234000000002,5.4563856,1566947995873
34402,226,Gyroscope,0.5369505,0.19303341,-0.49296826,1566947995882
34403,226,Accelerometer,-7.265205,-2.8000187999999997,5.3785739999999995,1566947995883
34404,226,Gyroscope,0.5571090999999999,0.17715092,-0.47952923,1566947995892
34405,226,Accelerometer,-7.501034,-2.9233203,5.323507299999999,1566947995893
34406,226,Gyroscope,0.57848936,0.17043139999999998,-0.46914452,1566947995902
34407,226,Accelerometer,-7.752425,-2.8491,5.3642087,1566947995903
34408,226,Gyroscope,0.5858198,0.17043139999999998,-0.4569272,1566947995913
34409,226,Accelerometer,-7.941567,-2.72939,5.3103394999999995,1566947995913
34410,226,Gyroscope,0.5833763000000001,0.1685988,-0.44593164,1566947995922
34411,226,Accelerometer,-8.078036,-2.6862943,5.3019595,1566947995923
34412,226,Gyroscope,0.57543504,0.172264,-0.43737950000000003,1566947995932
34413,226,Accelerometer,-8.091205,-2.5737667,5.343858200000001,1566947995933
34414,226,Gyroscope,0.5705481,0.16310102,-0.4343252,1566947995942
34415,226,Accelerometer,-8.043321,-2.4672248,5.347449299999999,1566947995943
34416,226,Gyroscope,0.55833083,0.14660765,-0.43554693,1566947995952
34417,226,Accelerometer,-7.9224133000000005,-2.3918076,5.3618144999999995,1566947995953
34418,226,Gyroscope,0.54061574,0.13500121,-0.4288274,1566947995963
34419,226,Accelerometer,-7.726089,-2.4037786,5.425261,1566947995963
34420,226,Gyroscope,0.52778757,0.13683382,-0.42088616,1566947995972
34421,226,Accelerometer,-7.551311999999999,-2.4540567,5.5485625,1566947995973
34422,226,Gyroscope,0.52778757,0.14538592,-0.41294490000000006,1566947995982
34423,226,Accelerometer,-7.454347,-2.5318682,5.603629,1566947995983
34424,226,Gyroscope,0.5314528000000001,0.16065755,-0.39706242,1566947995992
34425,226,Accelerometer,-7.414842599999999,-2.60968,5.6108117,1566947995993
34426,226,Gyroscope,0.5448918,0.17165314,-0.38851030000000003,1566947996003
34427,226,Accelerometer,-7.374141000000001,-2.6312277,5.616797,1566947996003
34428,226,Gyroscope,0.55955255,0.18448131,-0.38545597,1566947996012
34429,226,Accelerometer,-7.404069,-2.6001031,5.591658,1566947996013
34430,226,Gyroscope,0.5693264,0.1966986,-0.3866777,1566947996022
34431,226,Accelerometer,-7.431602000000001,-2.6264392999999995,5.543774,1566947996023
34432,226,Gyroscope,0.5723807,0.19730948,-0.38912117,1566947996032
34433,226,Accelerometer,-7.522581599999999,-2.6731262000000005,5.4695540000000005,1566947996033
34434,226,Gyroscope,0.56688297,0.18325958,-0.38912117,1566947996042
34435,226,Accelerometer,-7.5764512999999996,-2.6779146000000003,5.41329,1566947996043
34436,226,Gyroscope,0.5589417,0.172264,-0.39095375,1566947996052
34437,226,Accelerometer,-7.583634,-2.6264392999999995,5.395334,1566947996053
34438,226,Gyroscope,0.54733527,0.15699236,-0.3903429,1566947996063
34439,226,Accelerometer,-7.547721000000001,-2.610877,5.384559599999999,1566947996063
34440,226,Gyroscope,0.535118,0.13988814,-0.38606682,1566947996072
34441,226,Accelerometer,-7.524976,-2.6503813,5.3582234,1566947996073
34442,226,Gyroscope,0.5222898,0.11911872,-0.37934732,1566947996082
34443,226,Accelerometer,-7.515399,-2.6623523,5.410896,1566947996083
34444,226,Gyroscope,0.5045747,0.105068825,-0.36713,1566947996092
34445,226,Accelerometer,-7.49026,-2.6527755,5.470751,1566947996093
34446,226,Gyroscope,0.4831944,0.10079276599999999,-0.35246924,1566947996103
34447,226,Accelerometer,-7.479486,-2.5558102000000003,5.5509567,1566947996103
34448,226,Gyroscope,0.45631635,0.10812314599999999,-0.34269542,1566947996112
34449,226,Accelerometer,-7.422025,-2.5115175,5.657499,1566947996113
34450,226,Gyroscope,0.4392121,0.11178834,-0.3378085,1566947996122
34451,226,Accelerometer,-7.396886299999999,-2.4827871,5.741296,1566947996123
34452,226,Gyroscope,0.42271876,0.12217305,-0.34086279999999997,1566947996132
34453,226,Accelerometer,-7.3274539999999995,-2.480393,5.78918,1566947996133
34454,226,Gyroscope,0.40561453,0.13561209,-0.3371976,1566947996142
34455,226,Accelerometer,-7.228095,-2.4959552000000005,5.774814599999999,1566947996143
34456,226,Gyroscope,0.38912117,0.14782938,-0.32925636,1566947996152
34457,226,Accelerometer,-7.199364699999999,-2.493561,5.6898203,1566947996153
34458,226,Gyroscope,0.37384954,0.16798794,-0.32253686,1566947996162
34459,226,Accelerometer,-7.1742253,-2.4971522999999998,5.693412,1566947996163
34460,226,Gyroscope,0.36163223,0.18631389999999998,-0.31337386,1566947996172
34461,226,Accelerometer,-7.2221093,-2.5103204,5.732916,1566947996173
34462,226,Gyroscope,0.3390302,0.20036379999999998,-0.3023783,1566947996182
34463,226,Accelerometer,-7.4112515,-2.7090392000000003,5.662287,1566947996183
34464,226,Gyroscope,0.31642818,0.20647246,-0.28283059999999993,1566947996192
34465,226,Accelerometer,-7.443573,-2.7724855,5.650316,1566947996193
34466,226,Gyroscope,0.2968805,0.21502456,-0.26511553,1566947996202
34467,226,Accelerometer,-7.429208,-2.8167782000000003,5.7065797,1566947996203
34468,226,Gyroscope,0.29138273,0.22296582,-0.24373524,1566947996212
34469,226,Accelerometer,-7.338228,-2.861071,5.674258,1566947996213
34470,226,Gyroscope,0.2864958,0.2321288,-0.20097467,1566947996222
34471,226,Accelerometer,-7.208941499999999,-2.8287494,5.673061,1566947996223
34472,226,Gyroscope,0.28710666,0.27916542,-0.16982053,1566947996232
34473,226,Accelerometer,-7.037756,-2.7401638,5.772420400000001,1566947996233
34474,226,Gyroscope,0.2864958,0.35979962,-0.12767084,1566947996242
34475,226,Accelerometer,-7.132327,-2.7198130000000003,5.762843599999999,1566947996243
34476,226,Gyroscope,0.29260445,0.4269948,-0.086132,1566947996253
34477,226,Accelerometer,-7.345411,-2.7485435000000003,5.783194,1566947996253
34478,226,Gyroscope,0.29810223,0.46792278,-0.05681047,1566947996262
34479,226,Accelerometer,-7.589619,-2.622848,5.6467247,1566947996263
34480,226,Gyroscope,0.29138273,0.44959682,-0.043982297000000004,1566947996272
34481,226,Accelerometer,-7.771578999999999,-2.4528596,5.2121773000000005,1566947996273
34482,226,Gyroscope,0.28588495,0.41844269999999995,-0.04642576,1566947996282
34483,226,Accelerometer,-7.820659599999999,-2.3702598,5.0038815,1566947996283
34484,226,Gyroscope,0.3109304,0.39278635,-0.05497787,1566947996293
34485,226,Accelerometer,-8.040925999999999,-2.336741,4.9464207,1566947996293
34486,226,Gyroscope,0.34880406,0.35857790000000006,-0.07574729,1566947996302
34487,226,Accelerometer,-8.402451,-2.2780828,4.8147397000000005,1566947996303
34488,226,Gyroscope,0.37323865,0.32620203,-0.116675265,1566947996312
34489,226,Accelerometer,-8.48146,-2.244564,4.751293,1566947996313
34490,226,Gyroscope,0.38484509999999994,0.25228736,-0.16371189,1566947996322
34491,226,Accelerometer,-8.852561,-2.2230163,4.631583,1566947996323
34492,226,Gyroscope,0.3744604,0.18936823,-0.22418754,1566947996332
34493,226,Accelerometer,-8.827422,-2.3355439,4.7309427,1566947996333
34494,226,Gyroscope,0.36163223,0.14905111,-0.25900686,1566947996342
34495,226,Accelerometer,-8.743625,-2.3726540000000003,4.795586,1566947996343
34496,226,Gyroscope,0.37018433,0.11789699,-0.29321529999999996,1566947996352
34497,226,Accelerometer,-8.548497,-2.3654714,4.8638205999999995,1566947996353
34498,226,Gyroscope,0.36957347,0.10629055,-0.31642818,1566947996362
34499,226,Accelerometer,-8.22528,-2.3570917000000002,4.891354,1566947996363
34500,226,Gyroscope,0.376293,0.09101892,-0.32192600000000005,1566947996372
34501,226,Accelerometer,-7.965509,-2.4157495,5.007473,1566947996373
34502,226,Gyroscope,0.39584067,0.06597344599999999,-0.32375857,1566947996382
34503,226,Accelerometer,-7.690175999999999,-2.4396915,5.1642933,1566947996383
34504,226,Gyroscope,0.42088616,0.051923547,-0.32559118,1566947996392
34505,226,Accelerometer,-7.4495587,-2.3906104999999997,5.389348,1566947996393
34506,226,Gyroscope,0.45204028,0.05375614,-0.32925636,1566947996402
34507,226,Accelerometer,-7.4471645,-2.3139958,5.4779334,1566947996403
34508,226,Gyroscope,0.4783075,0.059253927000000005,-0.33353242,1566947996412
34509,226,Accelerometer,-7.4758949999999995,-2.2601264,5.5940523,1566947996413
34510,226,Gyroscope,0.5009095,0.05681047,-0.3371976,1566947996422
34511,226,Accelerometer,-7.5932107,-2.2397757,5.6227827,1566947996423
34512,226,Gyroscope,0.5161811,0.06414085,-0.33536503,1566947996432
34513,226,Accelerometer,-7.7464395,-2.2038627,5.665878299999999,1566947996433
34514,226,Gyroscope,0.5314528000000001,0.05681047,-0.3268129,1566947996443
34515,226,Accelerometer,-7.920019,-2.148796,5.7257333,1566947996443
34516,226,Gyroscope,0.5571090999999999,0.06536258,-0.32620203,1566947996452
34517,226,Accelerometer,-8.006210000000001,-2.0482395,5.801151,1566947996453
34518,226,Gyroscope,0.5644395000000001,0.0842994,-0.33475417,1566947996462
34519,226,Accelerometer,-8.024167,-1.8902221999999997,5.819107,1566947996463
34520,226,Gyroscope,0.5626069,0.1020145,-0.34941490000000003,1566947996472
34521,226,Accelerometer,-8.005013,-1.6819267,5.8502316,1566947996473
34522,226,Gyroscope,0.5503895999999999,0.11545353400000001,-0.37323865,1566947996482
34523,226,Accelerometer,-7.920019,-1.5227122,5.774814599999999,1566947996483
34524,226,Gyroscope,0.52778757,0.12278391400000001,-0.39706242,1566947996492
34525,226,Accelerometer,-7.77517,-1.4544774999999999,5.755661,1566947996493
34526,226,Gyroscope,0.5119051,0.14049901,-0.41844269999999995,1566947996502
34527,226,Accelerometer,-7.597999000000001,-1.4999673,5.804742,1566947996503
34528,226,Gyroscope,0.5112942,0.15821409,-0.43066000000000004,1566947996512
34529,226,Accelerometer,-7.4866686,-1.6041151000000002,5.861006,1566947996512
34530,226,Gyroscope,0.5290093000000001,0.16798794,-0.44348818,1566947996523
34531,226,Accelerometer,-7.4064630000000005,-1.6675615000000001,5.9364233,1566947996523
34532,226,Gyroscope,0.5552765000000001,0.18081611,-0.453262,1566947996532
34533,226,Accelerometer,-7.277176,-1.6807296000000003,5.9651537,1566947996533
34534,226,Gyroscope,0.5729916,0.204029,-0.4605924,1566947996542
34535,226,Accelerometer,-7.1754226999999995,-1.6927006000000002,5.9890957,1566947996543
34536,226,Gyroscope,0.57971114,0.2144137,-0.4654793,1566947996552
34537,226,Accelerometer,-7.134721300000001,-1.7944542,5.920861,1566947996553
34538,226,Gyroscope,0.5864305999999999,0.21319197,-0.4642576,1566947996563
34539,226,Accelerometer,-7.181408,-1.9237411,5.864597,1566947996563
34540,226,Gyroscope,0.5925393,0.2144137,-0.46120325,1566947996572
34541,226,Accelerometer,-7.2807674,-2.0266917,5.864597,1566947996573
34542,226,Gyroscope,0.6065891999999999,0.21380283,-0.45998153,1566947996582
34543,226,Accelerometer,-7.383717999999999,-2.0602105,5.772420400000001,1566947996583
34544,226,Gyroscope,0.61391956,0.21685717,-0.4654793,1566947996592
34545,226,Accelerometer,-7.454347,-2.0961237,5.731719,1566947996593
34546,226,Gyroscope,0.625526,0.22113322,-0.46731192,1566947996602
34547,226,Accelerometer,-7.559692,-2.135628,5.7245364,1566947996603
34548,226,Gyroscope,0.6383542,0.23273966,-0.47647488,1566947996612
34549,226,Accelerometer,-7.620744,-2.0649989,5.756858,1566947996613
34550,226,Gyroscope,0.6462954000000001,0.25473082,-0.49418998,1566947996622
34551,226,Accelerometer,-7.636306299999999,-2.088941,5.816713,1566947996623
34552,226,Gyroscope,0.65057147,0.27305678,-0.51068336,1566947996632
34553,226,Accelerometer,-7.667431,-2.1332338,5.779603,1566947996633
34554,226,Gyroscope,0.65301496,0.28955013,-0.52412236,1566947996642
34555,226,Accelerometer,-7.643489,-2.1547816,5.8179099999999995,1566947996643
34556,226,Gyroscope,0.6579019,0.30604348,-0.5338961999999999,1566947996652
34557,226,Accelerometer,-7.6482773,-2.1906946,5.807136,1566947996653
34558,226,Gyroscope,0.66645396,0.32192600000000005,-0.5375614000000001,1566947996662
34559,226,Accelerometer,-7.551311999999999,-2.219425,5.759252,1566947996663
34560,226,Gyroscope,0.6731735,0.3268129,-0.54000485,1566947996672
34561,226,Accelerometer,-7.515399,-2.2242134,5.693412,1566947996673
34562,226,Gyroscope,0.6817255999999999,0.32375857,-0.54183745,1566947996682
34563,226,Accelerometer,-7.5608889999999995,-2.2816741,5.5497594,1566947996683
34564,226,Gyroscope,0.68966687,0.30970868,-0.54061574,1566947996692
34565,226,Accelerometer,-7.6470804,-2.328361,5.434838,1566947996693
34566,226,Gyroscope,0.6939429,0.28344148,-0.5326744999999999,1566947996702
34567,226,Accelerometer,-7.747636999999999,-2.3535004,5.3821654,1566947996703
34568,226,Gyroscope,0.7086037,0.26145032,-0.52656585,1566947996712
34569,226,Accelerometer,-7.782352400000001,-2.3187842,5.4049106,1566947996713
34570,226,Gyroscope,0.71776664,0.23762658,-0.5363397,1566947996722
34571,226,Accelerometer,-7.77517,-2.336741,5.2863975,1566947996723
34572,226,Gyroscope,0.7281514,0.19486602,-0.54733527,1566947996732
34573,226,Accelerometer,-7.9248075,-2.3918076,5.3378725,1566947996733
34574,226,Gyroscope,0.75502944,0.17531833,-0.56321776,1566947996742
34575,226,Accelerometer,-8.123527000000001,-2.2768857000000002,5.614403,1566947996743
34576,226,Gyroscope,0.7855727,0.18875736,-0.5839871999999999,1566947996752
34577,226,Accelerometer,-8.294711999999999,-2.0566192,5.8179099999999995,1566947996753
34578,226,Gyroscope,0.7965683000000001,0.20525073,-0.6243043,1566947996763
34579,226,Accelerometer,-8.475474,-1.9273324,5.851429,1566947996763
34580,226,Gyroscope,0.7715228,0.21563543,-0.68294734,1566947996772
34581,226,Accelerometer,-8.602366,-1.8626889,5.60722,1566947996773
34582,226,Gyroscope,0.7134906,0.20586158,-0.72692966,1566947996782
34583,226,Accelerometer,-8.637083,-1.9213468999999996,5.418078400000001,1566947996783
34584,226,Gyroscope,0.6731735,0.18753563,-0.75686204,1566947996792
34585,226,Accelerometer,-8.589199,-2.019509,5.432443599999999,1566947996793
34586,226,Gyroscope,0.65118235,0.18203785,-0.7861836,1566947996802
34587,226,Accelerometer,-8.360553,-2.112883,5.4384294,1566947996803
34588,226,Gyroscope,0.6462954000000001,0.16310102,-0.7996226,1566947996813
34589,226,Accelerometer,-8.121132000000001,-2.2744915,5.249287000000001,1566947996813
34590,226,Gyroscope,0.6407976,0.12095132,-0.79717916,1566947996822
34591,226,Accelerometer,-7.908048,-2.4265234,5.1259856,1566947996823
34592,226,Gyroscope,0.6469063,0.077579886,-0.77640975,1566947996832
34593,226,Accelerometer,-7.6482773,-2.5198972,5.1666875,1566947996833
34594,226,Gyroscope,0.64934975,0.049480084,-0.74464476,1566947996842
34595,226,Accelerometer,-7.393294999999999,-2.5629928,5.222951,1566947996843
34596,226,Gyroscope,0.6450737,0.03604105,-0.6994406999999999,1566947996853
34597,226,Accelerometer,-7.2221093,-2.6312277,5.363012,1566947996853
34598,226,Gyroscope,0.6407976,0.044593163,-0.6401868000000001,1566947996862
34599,226,Accelerometer,-7.055712,-2.6431987,5.6179943,1566947996863
34600,226,Gyroscope,0.6377433000000001,0.073303826,-0.58276546,1566947996872
34601,226,Accelerometer,-6.932411,-2.6024973,5.779603,1566947996873
34602,226,Gyroscope,0.6414085,0.112399206,-0.5345071,1566947996883
34603,226,Accelerometer,-6.837839999999999,-2.5570072999999995,5.8334722999999995,1566947996883
34604,226,Gyroscope,0.65118235,0.15027285,-0.49907690000000005,1566947996892
34605,226,Accelerometer,-6.9096660000000005,-2.5366566,5.807136,1566947996893
34606,226,Gyroscope,0.64812803,0.17592919,-0.47647488,1566947996902
34607,226,Accelerometer,-6.932411,-2.4947581000000003,5.6634839999999995,1566947996903
34608,226,Gyroscope,0.63041294,0.1966986,-0.4605924,1566947996912
34609,226,Accelerometer,-7.041347,-2.4708161,5.5581393,1566947996913
34610,226,Gyroscope,0.61758476,0.19120082,-0.4642576,1566947996922
34611,226,Accelerometer,-7.1742253,-2.4600422,5.511451999999999,1566947996923
34612,226,Gyroscope,0.62125,0.16920967,-0.4709771,1566947996932
34613,226,Accelerometer,-7.2927384,-2.4660277,5.5030727,1566947996933
34614,226,Gyroscope,0.63591075,0.13194689,-0.4728097,1566947996942
34615,226,Accelerometer,-7.496245399999999,-2.3594859,5.5258174,1566947996943
34616,226,Gyroscope,0.64873886,0.09590584,-0.4728097,1566947996952
34617,226,Accelerometer,-7.6243353,-2.244564,5.627571,1566947996953
34618,226,Gyroscope,0.6542366999999999,0.06719518,-0.47403142,1566947996962
34619,226,Accelerometer,-7.603985000000001,-2.086547,5.6563015,1566947996963
34620,226,Gyroscope,0.6462954000000001,0.04337143,-0.47525316,1566947996972
34621,226,Accelerometer,-7.6171527,-2.0446482,5.6108117,1566947996973
34622,226,Gyroscope,0.6291912,0.027488936000000002,-0.48014009999999996,1566947996983
34623,226,Accelerometer,-7.5525093,-2.0697872999999998,5.6227827,1566947996983
34624,226,Gyroscope,0.602924,0.026267206,-0.48380527,1566947996992
34625,226,Accelerometer,-7.540538300000001,-2.1164744,5.7125654,1566947996993
34626,226,Gyroscope,0.5748241999999999,0.043982297000000004,-0.48747048,1566947997002
34627,226,Accelerometer,-7.4064630000000005,-2.1392192999999997,5.8574142,1566947997003
34628,226,Gyroscope,0.5491679,0.054367005999999996,-0.48502702,1566947997012
34629,226,Accelerometer,-7.301117999999999,-2.244564,5.942408599999999,1566947997013
34630,226,Gyroscope,0.535118,0.07086037,-0.48258355,1566947997022
34631,226,Accelerometer,-7.2699933,-2.3882163,6.059724299999999,1566947997023
34632,226,Gyroscope,0.5357288,0.10262536,-0.46853364,1566947997033
34633,226,Accelerometer,-7.284358500000001,-2.4684220000000003,6.1985884,1566947997033
34634,226,Gyroscope,0.52656585,0.13194689,-0.44776422,1566947997042
34635,226,Accelerometer,-7.3047094,-2.5342624,6.184223,1566947997043
34636,226,Gyroscope,0.5112942,0.16798794,-0.41844269999999995,1566947997052
34637,226,Accelerometer,-7.328651400000001,-2.5546130000000002,6.0860605,1566947997053
34638,226,Gyroscope,0.49541172,0.19914207,-0.39400807,1566947997062
34639,226,Accelerometer,-7.27957,-2.4744074,6.063316,1566947997063
34640,226,Gyroscope,0.48502702,0.21685717,-0.37262779999999995,1566947997072
34641,226,Accelerometer,-7.2268977,-2.4253263,5.9867015,1566947997073
34642,226,Gyroscope,0.47647488,0.21930063,-0.3622431,1566947997082
34643,226,Accelerometer,-7.223306699999999,-2.421735,5.925649,1566947997083
34644,226,Gyroscope,0.46609017,0.20830505,-0.35735616,1566947997092
34645,226,Accelerometer,-7.2149267,-2.4396915,5.7987566,1566947997093
34646,226,Gyroscope,0.45570546,0.1826487,-0.35369098,1566947997102
34647,226,Accelerometer,-7.1670427,-2.4229321,5.6982,1566947997103
34648,226,Gyroscope,0.44348818,0.16126843,-0.35308012,1566947997112
34649,226,Accelerometer,-7.1191587,-2.4133554,5.783194,1566947997113
34650,226,Gyroscope,0.44104472,0.15271631,-0.35857790000000006,1566947997122
34651,226,Accelerometer,-7.2113357,-2.3918076,5.901707,1566947997123
34652,226,Gyroscope,0.4465425,0.15271631,-0.36713,1566947997132
34653,226,Accelerometer,-7.339425,-2.3618799999999998,5.886145,1566947997133
34654,226,Gyroscope,0.44715336,0.15088372,-0.3830125,1566947997143
34655,226,Accelerometer,-7.454347,-2.2768857000000002,5.8801594,1566947997143
34656,226,Gyroscope,0.42760566,0.1441642,-0.3903429,1566947997152
34657,226,Accelerometer,-7.516596300000001,-2.171541,5.8562174,1566947997153
34658,226,Gyroscope,0.4098906,0.14966199,-0.40500367,1566947997162
34659,226,Accelerometer,-7.465121000000001,-2.219425,5.899312999999999,1566947997163
34660,226,Gyroscope,0.40256020000000003,0.16615535,-0.41172317,1566947997172
34661,226,Accelerometer,-7.5572976999999995,-2.3463178,5.8837504,1566947997173
34662,226,Gyroscope,0.38484509999999994,0.18570304,-0.40256020000000003,1566947997182
34663,226,Accelerometer,-7.6171527,-2.4827871,5.8023477,1566947997184
34664,226,Gyroscope,0.37384954,0.20036379999999998,-0.38973203,1566947997192
34665,226,Accelerometer,-7.5572976999999995,-2.6611552000000005,5.7879825,1566947997193
34666,226,Gyroscope,0.36346483,0.20219639,-0.37812558,1566947997202
34667,226,Accelerometer,-7.5213847000000005,-2.7150247000000003,5.7808,1566947997203
34668,226,Gyroscope,0.36346483,0.204029,-0.36468655,1566947997212
34669,226,Accelerometer,-7.428011,-2.7964275,5.767632,1566947997213
34670,226,Gyroscope,0.36102137,0.20341812,-0.35369098,1566947997222
34671,226,Accelerometer,-7.45315,-2.8874072999999996,5.649119000000001,1566947997223
34672,226,Gyroscope,0.35430184,0.19058995,-0.34025195,1566947997232
34673,226,Accelerometer,-7.5309615,-2.9137435000000003,5.5054669999999994,1566947997233
34674,226,Gyroscope,0.34330627,0.18020524,-0.32498032,1566947997243
34675,226,Accelerometer,-7.514202,-2.8933928,5.4480059999999995,1566947997243
34676,226,Gyroscope,0.33108896,0.17104226,-0.30543262,1566947997253
34677,226,Accelerometer,-7.3789296,-2.9269116000000004,5.5102553,1566947997253
34678,226,Gyroscope,0.32192600000000005,0.16982053,-0.28955013,1566947997262
34679,226,Accelerometer,-7.337031,-2.895787,5.6108117,1566947997263
34680,226,Gyroscope,0.32009340000000003,0.17287487,-0.27672195,1566947997272
34681,226,Accelerometer,-7.2664022,-2.8933928,5.7209449999999995,1566947997273
34682,226,Gyroscope,0.32314770000000004,0.16493362,-0.26939157,1566947997282
34683,226,Accelerometer,-7.2364745,-2.9233203,5.7616463,1566947997283
34684,226,Gyroscope,0.32009340000000003,0.15699236,-0.26328292,1566947997292
34685,226,Accelerometer,-7.250839699999999,-2.9616275,5.738901599999999,1566947997293
34686,226,Gyroscope,0.31642818,0.14782938,-0.26083946,1566947997302
34687,226,Accelerometer,-7.180211,-2.944868,5.729325,1566947997303
34688,226,Gyroscope,0.31398472,0.14721853,-0.25595254,1566947997312
34689,226,Accelerometer,-7.225700999999999,-2.8969840000000002,5.7137623,1566947997313
34690,226,Gyroscope,0.30787608,0.13133603,-0.24678956,1566947997322
34691,226,Accelerometer,-7.277176,-2.8850130000000003,5.647922,1566947997323
34692,226,Gyroscope,0.30176744,0.111177474,-0.23090707,1566947997332
34693,226,Accelerometer,-7.1610575,-2.8921957000000003,5.7089739999999995,1566947997333
34694,226,Gyroscope,0.30909783,0.09773844,-0.20952678,1566947997342
34695,226,Accelerometer,-7.0904284,-2.7856536,5.864597,1566947997343
34696,226,Gyroscope,0.32253686,0.103847094,-0.17654006,1566947997353
34697,226,Accelerometer,-7.1454949999999995,-2.6132712000000002,5.9244523000000004,1566947997353
34698,226,Gyroscope,0.3304781,0.124005646,-0.14049901,1566947997362
34699,226,Accelerometer,-7.2939353,-2.529474,5.9184665999999995,1566947997363
34700,226,Gyroscope,0.32742378,0.15699236,-0.10018189999999999,1566947997372
34701,226,Accelerometer,-7.502231,-2.3786395000000002,5.8466406,1566947997373
34702,226,Gyroscope,0.28344148,0.17531833,-0.084910266,1566947997382
34703,226,Accelerometer,-7.6111674,-2.1823148999999997,5.7377043,1566947997383
34704,226,Gyroscope,0.25961772,0.18081611,-0.07574729,1566947997392
34705,226,Accelerometer,-7.6949644,-2.0159178,5.731719,1566947997393
34706,226,Gyroscope,0.23335053,0.18997909,-0.06780604,1566947997402
34707,226,Accelerometer,-7.8062944000000005,-1.8926164,5.8023477,1566947997403
34708,226,Gyroscope,0.22235495,0.19303341,-0.06291912,1566947997412
34709,226,Accelerometer,-7.848192999999999,-1.8674773,5.85502,1566947997413
34710,226,Gyroscope,0.22540927,0.19425514,-0.06780604,1566947997422
34711,226,Accelerometer,-7.807492,-1.8866308999999997,5.9507885,1566947997423
34712,226,Gyroscope,0.23457226,0.18692477,-0.06719518,1566947997432
34713,226,Accelerometer,-7.8386164,-1.9069817,5.9388175,1566947997433
34714,226,Gyroscope,0.24678956,0.16737708,-0.0720821,1566947997442
34715,226,Accelerometer,-7.7488337,-1.9788077000000002,5.840655,1566947997443
34716,226,Gyroscope,0.25289822,0.15027285,-0.0842994,1566947997453
34717,226,Accelerometer,-7.644686,-1.9788077000000002,5.748478400000001,1566947997453
34718,226,Gyroscope,0.24129178,0.15699236,-0.09773844,1566947997462
34719,226,Accelerometer,-7.6410947,-1.7812861,5.683835,1566947997463
34720,226,Gyroscope,0.21197024,0.16737708,-0.118507855,1566947997472
34721,226,Accelerometer,-7.6961613,-1.532289,5.6634839999999995,1566947997473
34722,226,Gyroscope,0.17837265,0.17287487,-0.13927728,1566947997482
34723,226,Accelerometer,-7.811083,-1.4496891,5.6156,1566947997483
34724,226,Gyroscope,0.14599679999999998,0.17592919,-0.16126843,1566947997492
34725,226,Accelerometer,-7.8888945999999995,-1.5035586,5.5581393,1566947997493
34726,226,Gyroscope,0.12950343,0.17043139999999998,-0.17165314,1566947997502
34727,226,Accelerometer,-7.8865004,-1.62686,5.4408236,1566947997503
34728,226,Gyroscope,0.12339478,0.15882497,-0.17043139999999998,1566947997513
34729,226,Accelerometer,-7.836222,-1.7369933000000002,5.3785739999999995,1566947997513
34730,226,Gyroscope,0.13561209,0.14966199,-0.15821409,1566947997522
34731,226,Accelerometer,-7.8027034,-1.8435352999999999,5.3390699999999995,1566947997523
34732,226,Gyroscope,0.16004670000000001,0.13927728,-0.14477506,1566947997532
34733,226,Accelerometer,-7.813477000000001,-1.8878279999999998,5.3678,1566947997533
34734,226,Gyroscope,0.18203785,0.13622294,-0.13133603,1566947997542
34735,226,Accelerometer,-7.819463000000001,-1.8459294999999998,5.4025164000000006,1566947997543
34736,226,Gyroscope,0.19425514,0.12522738,-0.12156218,1566947997552
34737,226,Accelerometer,-7.831434,-1.7609352999999999,5.3821654,1566947997553
34738,226,Gyroscope,0.19181168,0.10629055,-0.12339478,1566947997562
34739,226,Accelerometer,-7.845799,-1.6460136000000003,5.422867,1566947997563
34740,226,Gyroscope,0.19120082,0.09590584,-0.13683382,1566947997573
34741,226,Accelerometer,-7.9367785,-1.3467385,5.57849,1566947997573
34742,226,Gyroscope,0.19058995,0.09468412,-0.14660765,1566947997583
34743,226,Accelerometer,-8.022969999999999,-1.2797008,5.714959599999999,1566947997583
34744,226,Gyroscope,0.20097467,0.092240654,-0.15271631,1566947997592
34745,226,Accelerometer,-8.121132000000001,-1.2413936,5.755661,1566947997593
34746,226,Gyroscope,0.20647246,0.0720821,-0.1563815,1566947997602
34747,226,Accelerometer,-8.085219,-1.2078748,5.861006,1566947997603
34748,226,Gyroscope,0.20586158,0.054367005999999996,-0.15943582,1566947997612
34749,226,Accelerometer,-7.9846625,-1.1563994,6.054936,1566947997613
34750,226,Gyroscope,0.20586158,0.06414085,-0.1563815,1566947997622
34751,226,Accelerometer,-7.823053999999999,-1.0977415000000001,6.1638722,1566947997623
34752,226,Gyroscope,0.20647246,0.08063421400000001,-0.15882497,1566947997632
34753,226,Accelerometer,-7.675811,-1.0354922,6.30513,1566947997633
34754,226,Gyroscope,0.20647246,0.11484267,-0.16432275,1566947997642
34755,226,Accelerometer,-7.562086,-1.0486604,6.447585,1566947997643
34756,226,Gyroscope,0.20525073,0.14477506,-0.17165314,1566947997652
34757,226,Accelerometer,-7.4986396,-1.1121067,6.4008985,1566947997653
34758,226,Gyroscope,0.19242255,0.16554448,-0.1685988,1566947997662
34759,226,Accelerometer,-7.517792999999999,-1.2030864,6.293158999999999,1566947997663
34760,226,Gyroscope,0.18753563,0.19242255,-0.15332718,1566947997672
34761,226,Accelerometer,-7.4471645,-1.2641385,6.1758432,1566947997673
34762,226,Gyroscope,0.18020524,0.21135938,-0.13194689,1566947997683
34763,226,Accelerometer,-7.420828299999999,-1.3263878,5.9926867,1566947997683
34764,226,Gyroscope,0.16920967,0.22479841,-0.11545353400000001,1566947997692
34765,226,Accelerometer,-7.4028716,-1.400608,5.9064955999999995,1566947997693
34766,226,Gyroscope,0.172264,0.23640485,-0.112399206,1566947997702
34767,226,Accelerometer,-7.398083,-1.4053963,5.8825536,1566947997703
34768,226,Gyroscope,0.18020524,0.23823744,-0.11545353400000001,1566947997712
34769,226,Accelerometer,-7.520187400000001,-1.3491327,5.8717794,1566947997713
34770,226,Gyroscope,0.1881465,0.2284636,-0.13194689,1566947997722
34771,226,Accelerometer,-7.6734165999999995,-1.30484,5.8586116,1566947997723
34772,226,Gyroscope,0.19364429,0.21807889999999996,-0.15271631,1566947997733
34773,226,Accelerometer,-7.8050976,-1.3359646,5.756858,1566947997733
34774,226,Gyroscope,0.19425514,0.1966986,-0.17043139999999998,1566947997742
34775,226,Accelerometer,-7.9272017,-1.3503298000000001,5.591658,1566947997743
34776,226,Gyroscope,0.19364429,0.16432275,-0.18570304,1566947997752
34777,226,Accelerometer,-8.030152000000001,-1.3383588,5.4779334,1566947997753
34778,226,Gyroscope,0.19425514,0.12889257,-0.19975294,1566947997762
34779,226,Accelerometer,-8.147469000000001,-1.3599066,5.3498434999999995,1566947997763
34780,226,Gyroscope,0.18020524,0.09712757,-0.21319197,1566947997772
34781,226,Accelerometer,-8.117541000000001,-1.3587095,5.2002063,1566947997773
34782,226,Gyroscope,0.16187929,0.052534412999999995,-0.22540927,1566947997782
34783,226,Accelerometer,-8.054094000000001,-1.3587095,5.1702785,1566947997783
34784,226,Gyroscope,0.15454891,0.010995574,-0.2443461,1566947997793
34785,226,Accelerometer,-8.054094000000001,-1.4185646,5.222951,1566947997793
34786,226,Gyroscope,0.15393804,-0.028710667000000002,-0.26389378,1566947997802
34787,226,Accelerometer,-8.066066000000001,-1.4772223999999998,5.2528787,1566947997803
34788,226,Gyroscope,0.14538592,-0.06414085,-0.28038713,1566947997812
34789,226,Accelerometer,-7.990648299999999,-1.4927847,5.3007627,1566947997813
34790,226,Gyroscope,0.119729586,-0.08124508,-0.28283059999999993,1566947997822
34791,226,Accelerometer,-7.86615,-1.4975731,5.4623713,1566947997823
34792,226,Gyroscope,0.08857546,-0.05009095,-0.28344148,1566947997832
34793,226,Accelerometer,-7.717708999999999,-1.6053122,5.7209449999999995,1566947997833
34794,226,Gyroscope,0.06780604,-0.022602014,-0.2761111,1566947997842
34795,226,Accelerometer,-7.6746134999999995,-1.8950106,5.876568,1566947997843
34796,226,Gyroscope,0.06169739,-0.014049901000000002,-0.25350907,1566947997853
34797,226,Accelerometer,-7.721300599999999,-2.2218192,5.829880999999999,1566947997853
34798,226,Gyroscope,0.04337143,-0.015271631,-0.21013765,1566947997862
34799,226,Accelerometer,-7.666233999999999,-2.4121582999999998,5.635950599999999,1566947997863
34800,226,Gyroscope,0.027488936000000002,-0.008552114,-0.15515977,1566947997872
34801,226,Accelerometer,-7.445967,-2.4528596,5.567716000000001,1566947997873
34802,226,Gyroscope,0.03359759,-0.004886922,-0.10934488,1566947997882
34803,226,Accelerometer,-7.253234,-2.4648306,5.521029,1566947997883
34804,226,Gyroscope,0.054367005999999996,0.0036651915999999997,-0.07696902,1566947997892
34805,226,Accelerometer,-7.0245875999999985,-2.4193408,5.6060233,1566947997893
34806,226,Gyroscope,0.0842994,0.018325957,-0.064751714,1566947997902
34807,226,Accelerometer,-6.859388,-2.3403322999999996,5.760449400000001,1566947997903
34808,226,Gyroscope,0.10751228,0.030543262,-0.07452556,1566947997912
34809,226,Accelerometer,-6.9767036,-2.2349873,5.8322754,1566947997913
34810,226,Gyroscope,0.10934488,0.04886922,-0.09896017,1566947997922
34811,226,Accelerometer,-7.1287354999999994,-2.1188686000000003,5.7664347000000005,1566947997923
34812,226,Gyroscope,0.081855945,0.08002335,-0.118507855,1566947997932
34813,226,Accelerometer,-7.2963295,-2.0781669999999997,5.638344999999999,1566947997933
34814,226,Gyroscope,0.048258353,0.08796459400000001,-0.13622294,1566947997942
34815,226,Accelerometer,-7.586028,-2.1200657000000005,5.481525,1566947997943
34816,226,Gyroscope,0.035430185,0.06597344599999999,-0.15943582,1566947997952
34817,226,Accelerometer,-7.9343843,-2.2290018,5.4240639999999996,1566947997953
34818,226,Gyroscope,0.027488936000000002,0.03359759,-0.18142697,1566947997962
34819,226,Accelerometer,-8.1343,-2.348712,5.434838,1566947997963
34820,226,Gyroscope,0.034208454,-0.021991148999999998,-0.19547687,1566947997972
34821,226,Accelerometer,-8.310274,-2.420538,5.5102553,1566947997973
34822,226,Gyroscope,0.05497787,-0.06047566,-0.21258110000000002,1566947997982
34823,226,Accelerometer,-8.10557,-2.5019407000000005,5.7041855,1566947997983
34824,226,Gyroscope,0.06963864,-0.118507855,-0.21502456,1566947997992
34825,226,Accelerometer,-8.220491,-2.5007436000000003,5.7544637000000005,1566947997993
34826,226,Gyroscope,0.06658431,-0.16493362,-0.21135938,1566947998002
34827,226,Accelerometer,-7.967903,-2.421735,5.8849480000000005,1566947998003
34828,226,Gyroscope,0.04337143,-0.18448131,-0.19181168,1566947998012
34829,226,Accelerometer,-7.5584945999999995,-2.3008277,6.059724299999999,1566947998013
34830,226,Gyroscope,0.017104227,-0.17287487,-0.17287487,1566947998023
34831,226,Accelerometer,-7.183802,-2.2409727999999998,6.613982000000001,1566947998023
34832,226,Gyroscope,0.002443461,-0.1337795,-0.15271631,1566947998032
34833,226,Accelerometer,-6.633136,-2.4013843999999995,6.8438253,1566947998033
34834,226,Gyroscope,-0.005497787,-0.07696902,-0.11789699,1566947998042
34835,226,Accelerometer,-6.4882865,-2.4121582999999998,6.9515649999999996,1566947998043
34836,226,Gyroscope,-0.013439035,0.005497787,-0.08368854,1566947998052
34837,226,Accelerometer,-6.4846954000000006,-2.432509,6.855796300000001,1566947998053
34838,226,Gyroscope,-0.015271631,0.08979719,-0.044593163,1566947998062
34839,226,Accelerometer,-6.5230026,-2.4432828,6.627150500000001,1566947998063
34840,226,Gyroscope,-0.015271631,0.19425514,-0.007330383,1566947998072
34841,226,Accelerometer,-6.5828576000000005,-2.4672248,6.350619999999999,1566947998073
34842,226,Gyroscope,0.013439035,0.23945917,0.007330383,1566947998083
34843,226,Accelerometer,-6.685808,-2.5139117000000004,6.041768,1566947998083
34844,226,Gyroscope,0.029321532999999997,0.25778514,0.016493361,1566947998092
34845,226,Accelerometer,-6.867767999999999,-2.60968,5.748478400000001,1566947998093
34846,226,Gyroscope,0.058643065,0.24190263,0.015882496,1566947998102
34847,226,Accelerometer,-7.181408,-2.730587,5.588066599999999,1566947998103
34848,226,Gyroscope,0.086132,0.20952678,0.008552114,1566947998112
34849,226,Accelerometer,-7.49026,-2.7617116000000004,5.519832,1566947998113
34850,226,Gyroscope,0.10629055,0.18570304,-0.00061086525,1566947998122
34851,226,Accelerometer,-7.763199,-2.7712884,5.5090580000000005,1566947998123
34852,226,Gyroscope,0.11178834,0.15760323,-0.013439035,1566947998132
34853,226,Accelerometer,-8.028955,-2.80361,5.3941364,1566947998133
34854,226,Gyroscope,0.09468412,0.12339478,-0.020158553,1566947998143
34855,226,Accelerometer,-8.215703,-2.7772740000000002,5.3247046,1566947998143
34856,226,Gyroscope,0.064751714,0.10018189999999999,-0.018936822,1566947998152
34857,226,Accelerometer,-8.277952,-2.7222072999999996,5.272032299999999,1566947998153
34858,226,Gyroscope,0.03481932,0.0720821,-0.01160644,1566947998162
34859,226,Accelerometer,-8.182184,-2.6420016,5.2265425,1566947998163
34860,226,Gyroscope,0.014049901000000002,0.045814894,-0.004276057,1566947998172
34861,226,Accelerometer,-7.8733325,-2.6180596,5.2923827,1566947998173
34862,226,Gyroscope,0.0061086523,0.03176499,-0.0030543262,1566947998182
34863,226,Accelerometer,-7.551311999999999,-2.6288335,5.398925,1566947998183
34864,226,Gyroscope,0.01038471,0.012217305,-0.009162978,1566947998193
34865,226,Accelerometer,-7.398083,-2.6300306,5.588066599999999,1566947998193
34866,226,Gyroscope,0.021991148999999998,0.0018325957999999999,-0.02687807,1566947998202
34867,226,Accelerometer,-7.2388687,-2.552219,5.7819970000000005,1566947998203
34868,226,Gyroscope,0.02076942,0.010995574,-0.049480084,1566947998212
34869,226,Accelerometer,-7.278373200000001,-2.5079262000000004,5.85502,1566947998213
34870,226,Gyroscope,0.009773844,0.023823743999999997,-0.06291912,1566947998222
34871,226,Accelerometer,-7.156269,-2.4911668,5.946000000000001,1566947998223
34872,226,Gyroscope,0.01038471,0.04642576,-0.07513642,1566947998232
34873,226,Accelerometer,-7.138312299999999,-2.645593,6.041768,1566947998233
34874,226,Gyroscope,0.02076942,0.056199603,-0.08307768,1566947998242
34875,226,Accelerometer,-7.2807674,-2.7868507,6.047753299999999,1566947998243
34876,226,Gyroscope,0.031154128,0.05681047,-0.08674286,1566947998253
34877,226,Accelerometer,-7.380127000000001,-2.8646624,6.035782299999999,1566947998253
34878,226,Gyroscope,0.029321532999999997,0.06414085,-0.07513642,1566947998262
34879,226,Accelerometer,-7.4603324,-2.8287494,5.9029045,1566947998263
34880,226,Gyroscope,0.014660766,0.0720821,-0.06047566,1566947998272
34881,226,Accelerometer,-7.271190600000001,-2.8790276,5.8502316,1566947998273
34882,226,Gyroscope,0.0030543262,0.073303826,-0.050701816,1566947998282
34883,226,Accelerometer,-6.992266000000001,-2.9556419999999997,5.876568,1566947998283
34884,226,Gyroscope,0.00061086525,0.07574729,-0.027488936000000002,1566947998292
34885,226,Accelerometer,-7.074866,-2.9496564999999997,5.8574142,1566947998293
34886,226,Gyroscope,-0.005497787,0.06414085,-0.009162978,1566947998303
34887,226,Accelerometer,-7.0102224,-2.9293058,5.7999535,1566947998303
34888,226,Gyroscope,-0.009773844,0.055588737,-0.009162978,1566947998312
34889,226,Accelerometer,-6.8773446,-2.7856536,5.8083334,1566947998313
34890,226,Gyroscope,-0.008552114,0.05497787,-0.0018325957999999999,1566947998322
34891,226,Accelerometer,-6.897695,-2.6910827,5.8969190000000005,1566947998323
34892,226,Gyroscope,-0.0036651915999999997,0.06352998,0.0030543262,1566947998332
34893,226,Accelerometer,-6.837839999999999,-2.8060042999999997,5.901707,1566947998333
34894,226,Gyroscope,-0.0030543262,0.0720821,0.0061086523,1566947998342
34895,226,Accelerometer,-6.908469,-2.8886043999999997,5.9052987,1566947998343
34896,226,Gyroscope,-0.009162978,0.07513642,0.007330383,1566947998352
34897,226,Accelerometer,-6.987478,-2.9161377,5.852626,1566947998353
34898,226,Gyroscope,-0.021380282999999996,0.08124508,0.015271631,1566947998362
34899,226,Accelerometer,-6.918046,-2.9712042999999997,5.8969190000000005,1566947998363
34900,226,Gyroscope,-0.019547688,0.08674286,0.016493361,1566947998372
34901,226,Accelerometer,-7.053317999999999,-3.0250738,5.955577,1566947998373
34902,226,Gyroscope,-0.023823743999999997,0.099571034,0.014049901000000002,1566947998382
34903,226,Accelerometer,-7.200561500000001,-3.0119057000000002,5.8969190000000005,1566947998383
34904,226,Gyroscope,-0.034208454,0.12217305,0.016493361,1566947998392
34905,226,Accelerometer,-7.181408,-3.083732,5.899312999999999,1566947998393
34906,226,Gyroscope,-0.045814894,0.15271631,0.02565634,1566947998402
34907,226,Accelerometer,-7.2484455,-3.0729580000000003,5.851429,1566947998403
34908,226,Gyroscope,-0.05681047,0.1881465,0.039095376,1566947998412
34909,226,Accelerometer,-7.3083005000000005,-3.0107086,5.785588300000001,1566947998413
34910,226,Gyroscope,-0.05681047,0.21563543,0.06780604,1566947998422
34911,226,Accelerometer,-7.302314999999999,-2.967613,5.7377043,1566947998423
34912,226,Gyroscope,-0.049480084,0.22113322,0.092240654,1566947998432
34913,226,Accelerometer,-7.299921,-2.944868,5.705383,1566947998433
34914,226,Gyroscope,-0.040927973,0.19303341,0.116675265,1566947998442
34915,226,Accelerometer,-7.501034,-2.906561,5.588066599999999,1566947998443
34916,226,Gyroscope,-0.0421497,0.14905111,0.12767084,1566947998452
34917,226,Accelerometer,-7.680599000000001,-2.791639,5.481525,1566947998453
34918,226,Gyroscope,-0.045814894,0.096516706,0.14049901,1566947998462
34919,226,Accelerometer,-7.809886,-2.5845408,5.4647654999999995,1566947998463
34920,226,Gyroscope,-0.050701816,0.055588737,0.14721853,1566947998473
34921,226,Accelerometer,-7.839813,-2.3427265,5.5545480000000005,1566947998473
34922,226,Gyroscope,-0.047647487,0.02565634,0.14599679999999998,1566947998482
34923,226,Accelerometer,-7.8865004,-2.0853498,5.7089739999999995,1566947998483
34924,226,Gyroscope,-0.03970624,0.03848451,0.1337795,1566947998492
34925,226,Accelerometer,-7.581239699999999,-1.8806453999999997,5.899312999999999,1566947998493
34926,226,Gyroscope,-0.032375857,0.08674286,0.11789699,1566947998502
34927,226,Accelerometer,-7.571663,-1.8052281000000003,5.913678,1566947998503
34928,226,Gyroscope,-0.03481932,0.13255776,0.105068825,1566947998512
34929,226,Accelerometer,-7.639898,-1.7657237000000001,6.0166287,1566947998513
34930,226,Gyroscope,-0.028710667000000002,0.16126843,0.08246681,1566947998522
34931,226,Accelerometer,-7.8876976999999995,-1.7082629,6.005855,1566947998523
34932,226,Gyroscope,-0.023823743999999997,0.19914207,0.05497787,1566947998533
34933,226,Accelerometer,-7.964312,-1.6962918999999999,5.8466406,1566947998533
34934,226,Gyroscope,-0.044593163,0.20036379999999998,0.015882496,1566947998542
34935,226,Accelerometer,-7.9810715,-1.7369933000000002,5.738901599999999,1566947998543
34936,226,Gyroscope,-0.06841691,0.19975294,-0.02443461,1566947998552
34937,226,Accelerometer,-8.020576,-1.7824832,5.583278,1566947998553
34938,226,Gyroscope,-0.095294975,0.19547687,-0.052534412999999995,1566947998562
34939,226,Accelerometer,-7.973889,-1.8363526999999997,5.449203,1566947998563
34940,226,Gyroscope,-0.10445796,0.18448131,-0.070249505,1566947998572
34941,226,Accelerometer,-7.7943234,-2.0207062,5.488707499999999,1566947998573
34942,226,Gyroscope,-0.08368854,0.18142697,-0.07696902,1566947998582
34943,226,Accelerometer,-7.7153149999999995,-2.1918917,5.5006785,1566947998583
34944,226,Gyroscope,-0.061086524,0.17165314,-0.0720821,1566947998593
34945,226,Accelerometer,-7.6865845,-2.2589292999999997,5.461174,1566947998593
34946,226,Gyroscope,-0.05497787,0.15088372,-0.056199603,1566947998602
34947,226,Accelerometer,-7.6614455999999995,-2.3127987,5.351041,1566947998603
34948,226,Gyroscope,-0.059253927000000005,0.11911872,-0.03970624,1566947998612
34949,226,Accelerometer,-7.72968,-2.336741,5.2816089999999996,1566947998613
34950,226,Gyroscope,-0.059864793,0.09773844,-0.014660766,1566947998622
34951,226,Accelerometer,-7.714117999999999,-2.2900537999999995,5.3330839999999995,1566947998623
34952,226,Gyroscope,-0.055588737,0.08674286,0.009162978,1566947998632
34953,226,Accelerometer,-7.728483,-2.2972363999999996,5.392939,1566947998633
34954,226,Gyroscope,-0.04153884,0.06047566,0.028710667000000002,1566947998643
34955,226,Accelerometer,-7.8290396,-2.1942859,5.407305,1566947998643
34956,226,Gyroscope,-0.031154128,0.036651913,0.03970624,1566947998652
34957,226,Accelerometer,-7.741650999999999,-1.9141643,5.3606176,1566947998653
34958,226,Gyroscope,-0.021991148999999998,0.018325957,0.04153884,1566947998662
34959,226,Accelerometer,-7.6614455999999995,-1.6591818,5.377377,1566947998663
34960,226,Gyroscope,-0.009162978,0.0012217305,0.032375857,1566947998672
34961,226,Accelerometer,-7.7153149999999995,-1.4820108,5.415684,1566947998673
34962,226,Gyroscope,0.015271631,-0.014049901000000002,0.020158553,1566947998682
34963,226,Accelerometer,-7.789535000000001,-1.3335704,5.5126495,1566947998683
34964,226,Gyroscope,0.028099801,-0.022602014,-0.007330383,1566947998692
34965,226,Accelerometer,-7.920019,-1.2988545,5.5497594,1566947998693
34966,226,Gyroscope,0.032375857,-0.030543262,-0.039095376,1566947998703
34967,226,Accelerometer,-8.146272,-1.2557588,5.483919,1566947998703
34968,226,Gyroscope,0.015271631,-0.040317107000000005,-0.07696902,1566947998712
34969,226,Accelerometer,-8.1558485,-1.3036428999999998,5.5162406,1566947998713
34970,226,Gyroscope,-0.0012217305,-0.037873644,-0.106901415,1566947998722
34971,226,Accelerometer,-8.157045,-1.4616601,5.5617304,1566947998723
34972,226,Gyroscope,-0.01282817,-0.031154128,-0.13072516,1566947998732
34973,226,Accelerometer,-8.12233,-1.6639702,5.6108117,1566947998733
34974,226,Gyroscope,-0.017104227,-0.03604105,-0.1441642,1566947998742
34975,226,Accelerometer,-7.9523410000000005,-1.8806453999999997,5.639542,1566947998743
34976,226,Gyroscope,-0.018325957,-0.04276056599999999,-0.13500121,1566947998752
34977,226,Accelerometer,-7.739257,-2.0207062,5.651513,1566947998753
34978,226,Gyroscope,-0.029321532999999997,-0.062308256,-0.10629055,1566947998762
34979,226,Accelerometer,-7.4603324,-2.1631612999999996,5.6156,1566947998763
34980,226,Gyroscope,-0.0421497,-0.06780604,-0.07819075,1566947998772
34981,226,Accelerometer,-7.110779300000001,-2.255338,5.6299653,1566947998773
34982,226,Gyroscope,-0.045814894,-0.06597344599999999,-0.047036625,1566947998782
34983,226,Accelerometer,-6.839036999999999,-2.4145525,5.6802435,1566947998783
34984,226,Gyroscope,-0.043982297000000004,-0.08307768,-0.019547688,1566947998792
34985,226,Accelerometer,-6.691794,-2.505532,5.662287,1566947998793
34986,226,Gyroscope,-0.04337143,-0.08979719,0.007330383,1566947998802
34987,226,Accelerometer,-6.558915600000001,-2.4779987,5.6802435,1566947998803
34988,226,Gyroscope,-0.032375857,-0.08857546,0.023823743999999997,1566947998813
34989,226,Accelerometer,-6.610390700000001,-2.4073699,5.765238,1566947998813
34990,226,Gyroscope,-0.004276057,-0.07269296,0.017104227,1566947998822
34991,226,Accelerometer,-6.807912299999999,-2.3463178,5.934029,1566947998823
34992,226,Gyroscope,0.018936822,-0.032986722999999996,0.004276057,1566947998832
34993,226,Accelerometer,-7.123947,-2.3307555,6.089652,1566947998833
34994,226,Gyroscope,0.034208454,0.027488936000000002,0.0036651915999999997,1566947998842
34995,226,Accelerometer,-7.4711065,-2.3104044999999998,6.093243,1566947998843
34996,226,Gyroscope,0.04276056599999999,0.08002335,-0.0030543262,1566947998852
34997,226,Accelerometer,-7.782352400000001,-2.3894134,5.996278299999999,1566947998853
34998,226,Gyroscope,0.03726278,0.119729586,-0.008552114,1566947998862
34999,226,Accelerometer,-8.090008000000001,-2.5594015,5.8789620000000005,1566947998863
35000,226,Gyroscope,0.02321288,0.14905111,-0.002443461,1566947998873
35001,226,Accelerometer,-8.348581,-2.7234043999999997,5.6670755999999995,1566947998873
35002,226,Gyroscope,0.0036651915999999997,0.13622294,0.014049901000000002,1566947998882
35003,226,Accelerometer,-8.544906,-2.7772740000000002,5.397728,1566947998883
35004,226,Gyroscope,-0.002443461,0.07513642,0.018936822,1566947998892
35005,226,Accelerometer,-8.497022,-2.6491842,5.1439424,1566947998893
35006,226,Gyroscope,0.007941248,-0.03176499,0.01160644,1566947998902
35007,226,Accelerometer,-8.347384,-2.4636335,5.106832,1566947998903
35008,226,Gyroscope,0.018325957,-0.106901415,-0.004276057,1566947998912
35009,226,Accelerometer,-8.109161,-2.1990743,5.3282957,1566947998913
35010,226,Gyroscope,0.012217305,-0.12034045,-0.03359759,1566947998922
35011,226,Accelerometer,-7.872135000000001,-1.9261352999999999,5.6060233,1566947998923
35012,226,Gyroscope,-0.027488936000000002,-0.07941248,-0.06719518,1566947998932
35013,226,Accelerometer,-7.6889787,-1.7477672,5.7544637000000005,1566947998933
35014,226,Gyroscope,-0.07452556,-0.028710667000000002,-0.08796459400000001,1566947998942
35015,226,Accelerometer,-7.655460000000001,-1.6915035,5.792771,1566947998943
35016,226,Gyroscope,-0.116675265,0.04276056599999999,-0.10262536,1566947998952
35017,226,Accelerometer,-7.597999000000001,-2.0470424,5.7867856,1566947998953
35018,226,Gyroscope,-0.13439035,0.09590584,-0.11301007,1566947998962
35019,226,Accelerometer,-7.708132300000001,-2.2828712,5.6922144999999995,1566947998963
35020,226,Gyroscope,-0.1282817,0.1160644,-0.13011430000000002,1566947998972
35021,226,Accelerometer,-7.8625584,-2.4313118,5.5545480000000005,1566947998973
35022,226,Gyroscope,-0.10445796,0.11789699,-0.13622294,1566947998983
35023,226,Accelerometer,-7.997831,-2.6036943999999997,5.41329,1566947998983
35024,226,Gyroscope,-0.06963864,0.10567969,-0.12644911,1566947998992
35025,226,Accelerometer,-7.969100500000001,-2.5689783,5.195418,1566947998993
35026,226,Gyroscope,-0.058643065,0.062308256,-0.12461651,1566947999002
35027,226,Accelerometer,-7.787141,-2.5462333999999998,5.2121773000000005,1566947999003
35028,226,Gyroscope,-0.04153884,0.02687807,-0.10995574,1566947999012
35029,226,Accelerometer,-7.5321584,-2.5546130000000002,5.323507299999999,1566947999013
35030,226,Gyroscope,-0.022602014,0.0036651915999999997,-0.092240654,1566947999022
35031,226,Accelerometer,-7.345411,-2.6408044999999998,5.4863133,1566947999023
35032,226,Gyroscope,-0.0036651915999999997,-0.032986722999999996,-0.076358154,1566947999032
35033,226,Accelerometer,-7.3645644,-2.7150247000000003,5.626374,1566947999033
35034,226,Gyroscope,0.0012217305,-0.053145275,-0.04886922,1566947999043
35035,226,Accelerometer,-7.483077499999999,-2.6611552000000005,5.647922,1566947999043
35036,226,Gyroscope,-0.010995574,-0.05497787,-0.012217305,1566947999052
35037,226,Accelerometer,-7.5584945999999995,-2.421735,5.653907299999999,1566947999053
35038,226,Gyroscope,-0.03604105,-0.031154128,0.015882496,1566947999062
35039,226,Accelerometer,-7.392098,-2.2266076,5.6910176,1566947999063
35040,226,Gyroscope,-0.05131268,-0.008552114,0.026267206,1566947999072
35041,226,Accelerometer,-7.305906299999999,-2.2266076,5.807136,1566947999073
35042,226,Gyroscope,-0.039095376,-0.0061086523,0.019547688,1566947999082
35043,226,Accelerometer,-7.261614,-2.3427265,5.931635,1566947999083
35044,226,Gyroscope,-0.025045475,-0.002443461,0.012217305,1566947999092
35045,226,Accelerometer,-7.302314999999999,-2.349909,5.8969190000000005,1566947999093
35046,226,Gyroscope,-0.018325957,-0.0018325957999999999,0.009773844,1566947999102
35047,226,Accelerometer,-7.285556,-2.2625206,5.9124813,1566947999102
35048,226,Gyroscope,-0.018936822,0.01160644,0.00061086525,1566947999112
35049,226,Accelerometer,-7.2628107,-2.2744915,5.9651537,1566947999113
35050,226,Gyroscope,-0.020158553,0.028710667000000002,-0.01282817,1566947999122
35051,226,Accelerometer,-7.3274539999999995,-2.348712,6.019023000000001,1566947999123
35052,226,Gyroscope,-0.02443461,0.035430185,-0.028099801,1566947999132
35053,226,Accelerometer,-7.431602000000001,-2.409764,6.0010667,1566947999132
35054,226,Gyroscope,-0.040317107000000005,0.039095376,-0.04153884,1566947999142
35055,226,Accelerometer,-7.505822,-2.4349031,5.9651537,1566947999143
35056,226,Gyroscope,-0.064751714,0.049480084,-0.05131268,1566947999152
35057,226,Accelerometer,-7.4339960000000005,-2.480393,5.913678,1566947999152
35058,226,Gyroscope,-0.086132,0.059253927000000005,-0.05375614,1566947999162
35059,226,Accelerometer,-7.404069,-2.5737667,5.8562174,1566947999163
35060,226,Gyroscope,-0.10079276599999999,0.061086524,-0.049480084,1566947999172
35061,226,Accelerometer,-7.3825210000000006,-2.6671407000000005,5.7903767,1566947999172
35062,226,Gyroscope,-0.11484267,0.05497787,-0.04520403,1566947999182
35063,226,Accelerometer,-7.3071036,-2.7138276,5.760449400000001,1566947999183
35064,226,Gyroscope,-0.12156218,0.05131268,-0.03604105,1566947999192
35065,226,Accelerometer,-7.186196300000001,-2.7377696,5.730521700000001,1566947999193
35066,226,Gyroscope,-0.12889257,0.054367005999999996,-0.02443461,1566947999202
35067,226,Accelerometer,-7.018602400000001,-2.7820622999999998,5.7065797,1566947999203
35068,226,Gyroscope,-0.13744467,0.06963864,-0.01038471,1566947999212
35069,226,Accelerometer,-6.930016999999999,-2.8993783,5.7137623,1566947999213
35070,226,Gyroscope,-0.13439035,0.07574729,0.01038471,1566947999222
35071,226,Accelerometer,-7.013814,-2.9580362,5.729325,1566947999223
35072,226,Gyroscope,-0.13255776,0.086132,0.022602014,1566947999232
35073,226,Accelerometer,-7.1790137000000005,-2.9520507,5.6431336,1566947999233
35074,226,Gyroscope,-0.14599679999999998,0.099571034,0.03970624,1566947999242
35075,226,Accelerometer,-7.2245035,-2.8754362999999996,5.519832,1566947999243
35076,226,Gyroscope,-0.16615535,0.10812314599999999,0.054367005999999996,1566947999252
35077,226,Accelerometer,-7.1167645,-2.8335377999999998,5.396530599999999,1566947999253
35078,226,Gyroscope,-0.16065755,0.09468412,0.06414085,1566947999262
35079,226,Accelerometer,-7.0808516,-2.8898015,5.391742,1566947999263
35080,226,Gyroscope,-0.13194689,0.07391469,0.064751714,1566947999272
35081,226,Accelerometer,-7.183802,-3.0418332,5.565322,1566947999273
35082,226,Gyroscope,-0.105068825,0.0580322,0.06536258,1566947999282
35083,226,Accelerometer,-7.462726600000001,-3.1627405,5.627571,1566947999283
35084,226,Gyroscope,-0.10445796,0.047036625,0.06780604,1566947999292
35085,226,Accelerometer,-7.826645399999999,-2.9759927000000004,5.583278,1566947999293
35086,226,Gyroscope,-0.1282817,0.06047566,0.06352998,1566947999302
35087,226,Accelerometer,-7.8158712,-2.814384,5.511451999999999,1566947999303
35088,226,Gyroscope,-0.13988814,0.061086524,0.05497787,1566947999312
35089,226,Accelerometer,-7.7224975,-2.9340942,5.5341973,1566947999313
35090,226,Gyroscope,-0.13744467,0.05497787,0.0580322,1566947999322
35091,226,Accelerometer,-7.687782,-3.0657754,5.568912999999999,1566947999323
35092,226,Gyroscope,-0.14172074,0.04642576,0.062308256,1566947999332
35093,226,Accelerometer,-7.5932107,-3.0095115000000003,5.499480999999999,1566947999333
35094,226,Gyroscope,-0.1441642,0.035430185,0.06047566,1566947999343
35095,226,Accelerometer,-7.4758949999999995,-3.0107086,5.483919,1566947999343
35096,226,Gyroscope,-0.14660765,0.032375857,0.05375614,1566947999352
35097,226,Accelerometer,-7.438784599999999,-3.0178912,5.499480999999999,1566947999353
35098,226,Gyroscope,-0.14782938,0.018325957,0.04886922,1566947999363
35099,226,Accelerometer,-7.37055,-2.9700072,5.5102553,1566947999363
35100,226,Gyroscope,-0.14538592,0.017104227,0.047647487,1566947999372
35101,226,Accelerometer,-7.1790137000000005,-2.930503,5.604826,1566947999373
35102,226,Gyroscope,-0.13988814,0.035430185,0.047647487,1566947999383
35103,226,Accelerometer,-7.0521210000000005,-2.9364884,5.6802435,1566947999383
35104,226,Gyroscope,-0.13011430000000002,0.049480084,0.05009095,1566947999392
35105,226,Accelerometer,-7.067683000000001,-3.0382418999999996,5.7041855,1566947999393
35106,226,Gyroscope,-0.13255776,0.06291912,0.059864793,1566947999402
35107,226,Accelerometer,-7.189788,-3.0358477,5.685032,1566947999403
35108,226,Gyroscope,-0.14660765,0.095294975,0.08979719,1566947999412
35109,226,Accelerometer,-7.1047934999999995,-2.7784709999999997,5.5748987,1566947999413
35110,226,Gyroscope,-0.16126843,0.14477506,0.12339478,1566947999423
35111,226,Accelerometer,-7.216124000000001,-2.7760768,5.5270147000000005,1566947999423
35112,226,Gyroscope,-0.16371189,0.16554448,0.15149458,1566947999432
35113,226,Accelerometer,-7.352593400000001,-2.7820622999999998,5.5629277,1566947999433
35114,226,Gyroscope,-0.14966199,0.14782938,0.16493362,1566947999442
35115,226,Accelerometer,-7.526173,-2.6922797999999997,5.664681400000001,1566947999443
35116,226,Gyroscope,-0.119729586,0.1160644,0.17165314,1566947999452
35117,226,Accelerometer,-7.7332716,-2.5342624,5.665878299999999,1566947999453
35118,226,Gyroscope,-0.11911872,0.10995574,0.1777618,1566947999462
35119,226,Accelerometer,-7.7560163,-2.409764,5.6323595,1566947999463
35120,226,Gyroscope,-0.12461651,0.12095132,0.17715092,1566947999472
35121,226,Accelerometer,-7.785944000000001,-2.4073699,5.717354,1566947999473
35122,226,Gyroscope,-0.11789699,0.13439035,0.17654006,1566947999483
35123,226,Accelerometer,-7.916428,-2.4061728,5.730521700000001,1566947999483
35124,226,Gyroscope,-0.10995574,0.15210545,0.18753563,1566947999492
35125,226,Accelerometer,-7.880514999999999,-2.3008277,5.710171,1566947999493
35126,226,Gyroscope,-0.10629055,0.18325958,0.1966986,1566947999502
35127,226,Accelerometer,-7.8326306,-2.1535845,5.681441,1566947999503
35128,226,Gyroscope,-0.10262536,0.20891592,0.19242255,1566947999513
35129,226,Accelerometer,-7.846996300000001,-2.0925324,5.603629,1566947999513
35130,226,Gyroscope,-0.096516706,0.21380283,0.16493362,1566947999522
35131,226,Accelerometer,-7.949947,-2.0362685000000003,5.530606,1566947999523
35132,226,Gyroscope,-0.103847094,0.19792034,0.12950343,1566947999532
35133,226,Accelerometer,-8.125919999999999,-1.8926164,5.388150700000001,1566947999533
35134,226,Gyroscope,-0.124005646,0.17348573,0.08979719,1566947999542
35135,226,Accelerometer,-8.073248,-1.7429788,5.2648497,1566947999543
35136,226,Gyroscope,-0.1423316,0.15149458,0.045814894,1566947999552
35137,226,Accelerometer,-7.990648299999999,-1.7441759,5.201403,1566947999553
35138,226,Gyroscope,-0.15271631,0.1441642,0.012217305,1566947999562
35139,226,Accelerometer,-7.717708999999999,-1.8770541,5.199008999999999,1566947999563
35140,226,Gyroscope,-0.1441642,0.1160644,-0.0067195175,1566947999572
35141,226,Accelerometer,-7.4363904000000005,-2.111686,5.1319714,1566947999573
35142,226,Gyroscope,-0.12278391400000001,0.052534412999999995,-0.004886922,1566947999582
35143,226,Accelerometer,-7.2592196,-2.2697031,5.1080294,1566947999582
35144,226,Gyroscope,-0.09773844,0.00061086525,0.007941248,1566947999593
35145,226,Accelerometer,-7.2580222999999995,-2.3379380000000003,5.1882353,1566947999593
35146,226,Gyroscope,-0.07086037,-0.03604105,0.020158553,1566947999602
35147,226,Accelerometer,-7.372944400000001,-2.3331497000000003,5.3282957,1566947999603
35148,226,Gyroscope,-0.052534412999999995,-0.054367005999999996,0.020158553,1566947999612
35149,226,Accelerometer,-7.546523599999999,-2.3546975,5.473145,1566947999613
35150,226,Gyroscope,-0.037873644,-0.070249505,0.01160644,1566947999623
35151,226,Accelerometer,-7.86615,-2.3056161,5.5377884,1566947999623
35152,226,Gyroscope,-0.03726278,-0.058643065,-0.002443461,1566947999632
35153,226,Accelerometer,-8.055291,-2.15957,5.5341973,1566947999633
35154,226,Gyroscope,-0.043982297000000004,-0.028710667000000002,-0.012217305,1566947999642
35155,226,Accelerometer,-8.128314999999999,-2.0482395,5.555745,1566947999643
35156,226,Gyroscope,-0.040927973,-0.002443461,-0.028099801,1566947999652
35157,226,Accelerometer,-8.232463000000001,-2.067393,5.5521536,1566947999653
35158,226,Gyroscope,-0.03359759,0.008552114,-0.036651913,1566947999662
35159,226,Accelerometer,-8.257602,-2.1499932,5.351041,1566947999663
35160,226,Gyroscope,-0.035430185,0.012217305,-0.028710667000000002,1566947999672
35161,226,Accelerometer,-8.048109,-2.1727380000000003,5.1942205,1566947999673
35162,226,Gyroscope,-0.028710667000000002,-0.009773844,-0.03176499,1566947999682
35163,226,Accelerometer,-7.8972745,-2.2984335,5.1104236,1566947999683
35164,226,Gyroscope,-0.017104227,-0.04337143,-0.047647487,1566947999692
35165,226,Accelerometer,-7.7931266,-2.420538,5.056554,1566947999693
35166,226,Gyroscope,-0.014049901000000002,-0.069027774,-0.055588737,1566947999702
35167,226,Accelerometer,-7.678205,-2.4875755,4.9943047,1566947999703
35168,226,Gyroscope,-0.014660766,-0.08857546,-0.054367005999999996,1566947999712
35169,226,Accelerometer,-7.61835,-2.4636335,5.0158525,1566947999713
35170,226,Gyroscope,-0.0036651915999999997,-0.11911872,-0.056199603,1566947999722
35171,226,Accelerometer,-7.563283,-2.5019407000000005,5.080496,1566947999723
35172,226,Gyroscope,0.019547688,-0.14172074,-0.049480084,1566947999732
35173,226,Accelerometer,-7.614758500000001,-2.5761611,5.213374,1566947999733
35174,226,Gyroscope,0.036651913,-0.14599679999999998,-0.02565634,1566947999742
35175,226,Accelerometer,-7.779958199999999,-2.6060886,5.255273000000001,1566947999743
35176,226,Gyroscope,0.04520403,-0.15943582,-0.012217305,1566947999752
35177,226,Accelerometer,-7.8613615,-2.6001031,5.334281400000001,1566947999753
35178,226,Gyroscope,0.05375614,-0.1685988,-0.013439035,1566947999762
35179,226,Accelerometer,-8.012196000000001,-2.645593,5.445612000000001,1566947999763
35180,226,Gyroscope,0.05497787,-0.15393804,-0.007941248,1566947999772
35181,226,Accelerometer,-8.192958,-2.6635494,5.449203,1566947999773
35182,226,Gyroscope,0.017715093,-0.13988814,-0.0061086523,1566947999783
35183,226,Accelerometer,-8.309077,-2.622848,5.434838,1566947999783
35184,226,Gyroscope,-0.014660766,-0.1142318,-0.015882496,1566947999792
35185,226,Accelerometer,-8.101977999999999,-2.541445,5.5030727,1566947999793
35186,226,Gyroscope,-0.043982297000000004,-0.09407325,-0.01160644,1566947999802
35187,226,Accelerometer,-8.220491,-2.4372973,5.4683566,1566947999803
35188,226,Gyroscope,-0.06414085,-0.08246681,-0.017715093,1566947999812
35189,226,Accelerometer,-8.0924015,-2.2349873,5.487509999999999,1566947999813
35190,226,Gyroscope,-0.07452556,-0.07819075,-0.025045475,1566947999823
35191,226,Accelerometer,-7.698555499999999,-2.1619642000000003,5.6060233,1566947999823
35192,226,Gyroscope,-0.06536258,-0.092240654,-0.03176499,1566947999832
35193,226,Accelerometer,-7.629123700000001,-2.2062569,5.651513,1566947999833
35194,226,Gyroscope,-0.057421334000000004,-0.10262536,-0.048258353,1566947999842
35195,226,Accelerometer,-7.5309615,-2.256535,5.729325,1566947999843
35196,226,Gyroscope,-0.06291912,-0.10445796,-0.051923547,1566947999853
35197,226,Accelerometer,-7.48188,-2.2864625,5.7736173,1566947999853
35198,226,Gyroscope,-0.07941248,-0.09162979,-0.040317107000000005,1566947999862
35199,226,Accelerometer,-7.467515,-2.2948422,5.8083334,1566947999863
35200,226,Gyroscope,-0.0842994,-0.069027774,-0.02321288,1566947999872
35201,226,Accelerometer,-7.3825210000000006,-2.4133554,5.919664,1566947999873
35202,226,Gyroscope,-0.07513642,-0.064751714,-0.005497787,1566947999882
35203,226,Accelerometer,-7.376535400000001,-2.3666685000000003,5.934029,1566947999883
35204,226,Gyroscope,-0.0720821,-0.06169739,0.017104227,1566947999892
35205,226,Accelerometer,-7.277176,-2.3020248,5.931635,1566947999893
35206,226,Gyroscope,-0.07269296,-0.04337143,0.04337143,1566947999902
35207,226,Accelerometer,-7.2424603,-2.1751322999999996,5.9148755,1566947999903
35208,226,Gyroscope,-0.076358154,-0.029932396,0.06352998,1566947999912
35209,226,Accelerometer,-7.168239999999999,-2.124854,5.981913,1566947999913
35210,226,Gyroscope,-0.07696902,-0.020158553,0.06597344599999999,1566947999922
35211,226,Accelerometer,-7.089231,-2.1045034,6.0142345,1566947999923
35212,226,Gyroscope,-0.08002335,-0.007941248,0.06719518,1566947999932
35213,226,Accelerometer,-6.9862804,-2.1080947,6.053739,1566947999933
35214,226,Gyroscope,-0.07574729,0.012217305,0.061086524,1566947999942
35215,226,Accelerometer,-6.921637,-2.1308396000000003,6.0884547,1566947999943
35216,226,Gyroscope,-0.081855945,0.03726278,0.06536258,1566947999953
35217,226,Accelerometer,-6.999449,-2.1164744,6.0525417,1566947999953
35218,226,Gyroscope,-0.084910266,0.062308256,0.0720821,1566947999962
35219,226,Accelerometer,-7.007828,-2.1523874,6.007052,1566947999963
35220,226,Gyroscope,-0.08246681,0.09162979,0.07513642,1566947999972
35221,226,Accelerometer,-7.123947,-2.2900537999999995,6.0106435,1566947999973
35222,226,Gyroscope,-0.069027774,0.10323623,0.07269296,1566947999983
35223,226,Accelerometer,-7.3334399999999995,-2.4169466,5.985504,1566947999983
35224,226,Gyroscope,-0.06291912,0.111177474,0.07269296,1566947999992
35225,226,Accelerometer,-7.493850999999999,-2.4756044999999998,5.8622026,1566947999993
35226,226,Gyroscope,-0.06536258,0.116675265,0.06047566,1566948000002
35227,226,Accelerometer,-7.4974427,-2.5438392000000003,5.795165,1566948000003
35228,226,Gyroscope,-0.06047566,0.12095132,0.040927973,1566948000012
35229,226,Accelerometer,-7.587225,-2.6910827,5.66947,1566948000013
35230,226,Gyroscope,-0.0580322,0.111177474,0.017715093,1566948000022
35231,226,Accelerometer,-7.680599000000001,-2.693477,5.4911017,1566948000023
35232,226,Gyroscope,-0.06414085,0.09407325,0.0036651915999999997,1566948000032
35233,226,Accelerometer,-7.629123700000001,-2.6539726000000003,5.318719000000001,1566948000033
35234,226,Gyroscope,-0.076358154,0.07574729,0.0030543262,1566948000042
35235,226,Accelerometer,-7.483077499999999,-2.6024973,5.297171,1566948000043
35236,226,Gyroscope,-0.07147124,0.061086524,0.002443461,1566948000052
35237,226,Accelerometer,-7.413645699999999,-2.6803088,5.341464,1566948000053
35238,226,Gyroscope,-0.059864793,0.03359759,0.010995574,1566948000062
35239,226,Accelerometer,-7.315483,-2.6623523,5.4647654999999995,1566948000063
35240,226,Gyroscope,-0.047647487,0.02076942,0.015882496,1566948000072
35241,226,Accelerometer,-7.369353,-2.7222072999999996,5.567716000000001,1566948000073
35242,226,Gyroscope,-0.043982297000000004,0.014660766,0.013439035,1566948000083
35243,226,Accelerometer,-7.4064630000000005,-2.7856536,5.653907299999999,1566948000083
35244,226,Gyroscope,-0.054367005999999996,0.030543262,0.009162978,1566948000092
35245,226,Accelerometer,-7.501034,-2.8754362999999996,5.6802435,1566948000093
35246,226,Gyroscope,-0.06352998,0.04520403,0.0030543262,1566948000102
35247,226,Accelerometer,-7.659051400000001,-3.0454244999999998,5.616797,1566948000103
35248,226,Gyroscope,-0.06291912,0.039095376,-0.009162978,1566948000112
35249,226,Accelerometer,-7.796717599999999,-3.1998506,5.608417500000001,1566948000113
35250,226,Gyroscope,-0.06291912,0.03970624,-0.014660766,1566948000122
35251,226,Accelerometer,-7.8948803,-3.1495724,5.589264,1566948000123
35252,226,Gyroscope,-0.0580322,0.039095376,-0.0030543262,1566948000132
35253,226,Accelerometer,-7.845799,-2.9712042999999997,5.5270147000000005,1566948000133
35254,226,Gyroscope,-0.05131268,0.023823743999999997,0.009162978,1566948000142
35255,226,Accelerometer,-7.6794020000000005,-2.8407204,5.5054669999999994,1566948000143
35256,226,Gyroscope,-0.048258353,0.009773844,0.008552114,1566948000152
35257,226,Accelerometer,-7.513005000000001,-2.7437549999999997,5.5329999999999995,1566948000153
35258,226,Gyroscope,-0.04520403,-0.004276057,-0.00061086525,1566948000162
35259,226,Accelerometer,-7.4088573,-2.7210102000000003,5.665878299999999,1566948000163
35260,226,Gyroscope,-0.06597344599999999,-0.014049901000000002,-0.020158553,1566948000172
35261,226,Accelerometer,-7.4339960000000005,-2.566584,5.6910176,1566948000173
35262,226,Gyroscope,-0.10323623,0.02076942,-0.04520403,1566948000182
35263,226,Accelerometer,-7.3047094,-2.3762453,5.825093,1566948000184
35264,226,Gyroscope,-0.14294247,0.084910266,-0.058643065,1566948000192
35265,226,Accelerometer,-7.216124000000001,-2.421735,5.9184665999999995,1566948000193
35266,226,Gyroscope,-0.17104226,0.13255776,-0.06719518,1566948000202
35267,226,Accelerometer,-7.2268977,-2.6527755,5.9448028,1566948000203
35268,226,Gyroscope,-0.18753563,0.14294247,-0.06780604,1566948000212
35269,226,Accelerometer,-7.2245035,-2.9771897999999997,5.8358665,1566948000213
35270,226,Gyroscope,-0.1881465,0.1282817,-0.057421334000000004,1566948000223
35271,226,Accelerometer,-7.120356,-3.2620997000000003,5.673061,1566948000223
35272,226,Gyroscope,-0.18142697,0.11911872,-0.037873644,1566948000232
35273,226,Accelerometer,-7.0006455999999995,-3.5266589999999995,5.5629277,1566948000233
35274,226,Gyroscope,-0.16737708,0.106901415,-0.015271631,1566948000242
35275,226,Accelerometer,-6.8869214,-3.7193922999999995,5.366603,1566948000243
35276,226,Gyroscope,-0.14355333,0.0842994,0.0012217305,1566948000252
35277,226,Accelerometer,-6.780379300000001,-3.7720647000000005,5.3043537,1566948000253
35278,226,Gyroscope,-0.103847094,0.08246681,0.01282817,1566948000262
35279,226,Accelerometer,-6.708553299999999,-3.681085,5.427655000000001,1566948000263
35280,226,Gyroscope,-0.06719518,0.08735373,0.021991148999999998,1566948000272
35281,226,Accelerometer,-6.7636199999999995,-3.5553896000000003,5.5270147000000005,1566948000273
35282,226,Gyroscope,-0.045814894,0.073303826,0.027488936000000002,1566948000282
35283,226,Accelerometer,-7.0581064,-3.4093432,5.6634839999999995,1566948000283
35284,226,Gyroscope,-0.035430185,0.04153884,0.027488936000000002,1566948000292
35285,226,Accelerometer,-7.3083005000000005,-3.3794157999999994,5.852626,1566948000293
35286,226,Gyroscope,-0.04520403,0.03970624,0.021991148999999998,1566948000302
35287,226,Accelerometer,-7.430405,-3.4608185,6.0405707,1566948000303
35288,226,Gyroscope,-0.07513642,0.06719518,0.021380282999999996,1566948000312
35289,226,Accelerometer,-7.693767,-3.4883518,6.0441623,1566948000313
35290,226,Gyroscope,-0.11545353400000001,0.10567969,0.03726278,1566948000323
35291,226,Accelerometer,-7.7943234,-3.5051112,5.9412117,1566948000323
35292,226,Gyroscope,-0.1441642,0.14966199,0.059253927000000005,1566948000332
35293,226,Accelerometer,-7.390900599999999,-3.3901896000000002,5.8143187,1566948000333
35294,226,Gyroscope,-0.15271631,0.19364429,0.081855945,1566948000342
35295,226,Accelerometer,-7.2460512999999995,-3.2812532999999995,5.8179099999999995,1566948000343
35296,226,Gyroscope,-0.13805555,0.21013765,0.10140363,1566948000353
35297,226,Accelerometer,-7.217321000000001,-3.0873232,5.807136,1566948000353
35298,226,Gyroscope,-0.1142318,0.21746802,0.11911872,1566948000362
35299,226,Accelerometer,-7.253234,-2.9221232,5.767632,1566948000363
35300,226,Gyroscope,-0.08063421400000001,0.22296582,0.12767084,1566948000372
35301,226,Accelerometer,-7.4064630000000005,-2.7988217,5.7005944,1566948000373
35302,226,Gyroscope,-0.059253927000000005,0.22357668,0.1142318,1566948000382
35303,226,Accelerometer,-7.615956,-2.8083985,5.627571,1566948000383
35304,226,Gyroscope,-0.039095376,0.22113322,0.09040806,1566948000392
35305,226,Accelerometer,-7.8673470000000005,-2.8335377999999998,5.5006785,1566948000393
35306,226,Gyroscope,-0.027488936000000002,0.20525073,0.059864793,1566948000402
35307,226,Accelerometer,-8.046911999999999,-2.847903,5.347449299999999,1566948000403
35308,226,Gyroscope,-0.02076942,0.17592919,0.026267206,1566948000412
35309,226,Accelerometer,-8.180987,-2.8526914,5.3366755999999995,1566948000413
35310,226,Gyroscope,-0.013439035,0.14721853,-0.00061086525,1566948000422
35311,226,Accelerometer,-8.226477000000001,-2.7772740000000002,5.354632,1566948000423
35312,226,Gyroscope,-0.005497787,0.119729586,-0.021991148999999998,1566948000433
35313,226,Accelerometer,-8.164227499999999,-2.634819,5.2816089999999996,1566948000433
35314,226,Gyroscope,-0.0018325957999999999,0.09285152,-0.036651913,1566948000442
35315,226,Accelerometer,-8.028955,-2.5570072999999995,5.2421045,1566948000443
35316,226,Gyroscope,0.0067195175,0.06719518,-0.045814894,1566948000452
35317,226,Accelerometer,-7.813477000000001,-2.4049757,5.2241483,1566948000453
35318,226,Gyroscope,0.014660766,0.040317107000000005,-0.05375614,1566948000463
35319,226,Accelerometer,-7.6027875,-2.1990743,5.1666875,1566948000463
35320,226,Gyroscope,0.013439035,0.015271631,-0.062308256,1566948000472
35321,226,Accelerometer,-7.4363904000000005,-2.0470424,5.1571107000000005,1566948000473
35322,226,Gyroscope,0.017715093,0.00061086525,-0.06841691,1566948000482
35323,226,Accelerometer,-7.3406224,-2.0219033,5.278017500000001,1566948000483
35324,226,Gyroscope,0.032375857,-0.004276057,-0.073303826,1566948000493
35325,226,Accelerometer,-7.3106947,-2.0147207,5.415684,1566948000493
35326,226,Gyroscope,0.056199603,-0.004276057,-0.077579886,1566948000502
35327,226,Accelerometer,-7.3346367,-2.0242975,5.5701103,1566948000503
35328,226,Gyroscope,0.08246681,-0.004276057,-0.07941248,1566948000512
35329,226,Accelerometer,-7.350199000000001,-2.098518,5.645528,1566948000513
35330,226,Gyroscope,0.09712757,-0.0036651915999999997,-0.08063421400000001,1566948000523
35331,226,Accelerometer,-7.353790299999999,-2.171541,5.693412,1566948000523
35332,226,Gyroscope,0.10812314599999999,0.004276057,-0.07941248,1566948000532
35333,226,Accelerometer,-7.356185000000001,-2.1799207000000003,5.719748,1566948000533
35334,226,Gyroscope,0.11728613,0.004276057,-0.07452556,1566948000542
35335,226,Accelerometer,-7.338228,-2.1404164,5.759252,1566948000543
35336,226,Gyroscope,0.13500121,0.009773844,-0.07574729,1566948000552
35337,226,Accelerometer,-7.353790299999999,-2.0314799999999997,5.792771,1566948000553
35338,226,Gyroscope,0.15088372,-0.00061086525,-0.081855945,1566948000563
35339,226,Accelerometer,-7.410054,-1.8997990000000002,5.6922144999999995,1566948000563
35340,226,Gyroscope,0.16187929,-0.021991148999999998,-0.086132,1566948000572
35341,226,Accelerometer,-7.4351935,-1.7286136000000003,5.6407394,1566948000573
35342,226,Gyroscope,0.16432275,-0.03481932,-0.092240654,1566948000582
35343,226,Accelerometer,-7.4471645,-1.5358804,5.717354,1566948000583
35344,226,Gyroscope,0.16249016,-0.03970624,-0.10995574,1566948000592
35345,226,Accelerometer,-7.442375999999999,-1.4389153000000001,5.7939680000000005,1566948000593
35346,226,Gyroscope,0.15027285,-0.03359759,-0.12278391400000001,1566948000602
35347,226,Accelerometer,-7.4758949999999995,-1.4101848999999997,5.8837504,1566948000603
35348,226,Gyroscope,0.13988814,-0.020158553,-0.13011430000000002,1566948000612
35349,226,Accelerometer,-7.487866,-1.4879963,5.9998693,1566948000613
35350,226,Gyroscope,0.13744467,-0.013439035,-0.13255776,1566948000622
35351,226,Accelerometer,-7.544129400000001,-1.5921441,6.023811299999999,1566948000623
35352,226,Gyroscope,0.12156218,0.0067195175,-0.13255776,1566948000632
35353,226,Accelerometer,-7.559692,-1.6903063999999999,6.017826,1566948000633
35354,226,Gyroscope,0.10567969,0.03848451,-0.12217305,1566948000642
35355,226,Accelerometer,-7.5453267,-1.8052281000000003,5.947197,1566948000643
35356,226,Gyroscope,0.08796459400000001,0.06719518,-0.112399206,1566948000652
35357,226,Accelerometer,-7.524976,-1.8986019,5.8466406,1566948000653
35358,226,Gyroscope,0.08124508,0.09896017,-0.10873401,1566948000662
35359,226,Accelerometer,-7.457938,-2.0482395,5.785588300000001,1566948000663
35360,226,Gyroscope,0.08002335,0.11484267,-0.10445796,1566948000673
35361,226,Accelerometer,-7.4124484,-2.1619642000000003,5.74369,1566948000673
35362,226,Gyroscope,0.09040806,0.111177474,-0.0983493,1566948000682
35363,226,Accelerometer,-7.3753386,-2.2960392999999995,5.730521700000001,1566948000683
35364,226,Gyroscope,0.11301007,0.103847094,-0.093462385,1566948000692
35365,226,Accelerometer,-7.395689,-2.3953989,5.711368,1566948000693
35366,226,Gyroscope,0.13561209,0.08368854,-0.089186326,1566948000702
35367,226,Accelerometer,-7.445967,-2.4756044999999998,5.5976434,1566948000703
35368,226,Gyroscope,0.16371189,0.062308256,-0.089186326,1566948000712
35369,226,Accelerometer,-7.592013400000001,-2.56419,5.4803276,1566948000713
35370,226,Gyroscope,0.18631389999999998,0.039095376,-0.09040806,1566948000722
35371,226,Accelerometer,-7.801506,-2.585738,5.374983,1566948000723
35372,226,Gyroscope,0.20830505,0.02076942,-0.09712757,1566948000732
35373,226,Accelerometer,-7.963114699999999,-2.4947581000000003,5.2744265,1566948000733
35374,226,Gyroscope,0.20769419,-0.013439035,-0.10934488,1566948000742
35375,226,Accelerometer,-8.269572,-2.3211784,5.1463366,1566948000743
35376,226,Gyroscope,0.18203785,-0.06719518,-0.12644911,1566948000752
35377,226,Accelerometer,-8.465898,-2.1619642000000003,5.1379566,1566948000754
35378,226,Gyroscope,0.16004670000000001,-0.10812314599999999,-0.14477506,1566948000763
35379,226,Accelerometer,-8.469488,-2.1021092,5.3282957,1566948000763
35380,226,Gyroscope,0.1441642,-0.10934488,-0.16065755,1566948000772
35381,226,Accelerometer,-8.329428,-2.1499932,5.623979599999999,1566948000773
35382,226,Gyroscope,0.116675265,-0.099571034,-0.172264,1566948000782
35383,226,Accelerometer,-8.404845,-2.1942859,5.7939680000000005,1566948000783
35384,226,Gyroscope,0.07696902,-0.06536258,-0.16371189,1566948000792
35385,226,Accelerometer,-7.9307933,-2.1859062000000002,6.0226144999999995,1566948000793
35386,226,Gyroscope,0.049480084,-0.017104227,-0.13316862,1566948000802
35387,226,Accelerometer,-7.6794020000000005,-2.268506,6.129156,1566948000803
35388,226,Gyroscope,0.03604105,0.045814894,-0.10873401,1566948000812
35389,226,Accelerometer,-7.413645699999999,-2.420538,6.1926026,1566948000813
35390,226,Gyroscope,0.029932396,0.11545353400000001,-0.089186326,1566948000822
35391,226,Accelerometer,-7.366958599999999,-2.5809495,6.0513449999999995,1566948000823
35392,226,Gyroscope,0.02443461,0.20036379999999998,-0.061086524,1566948000832
35393,226,Accelerometer,-7.4711065,-2.7329812,5.7017913,1566948000833
35394,226,Gyroscope,0.018325957,0.24740042,-0.03604105,1566948000842
35395,226,Accelerometer,-7.514202,-2.847903,5.3079453,1566948000843
35396,226,Gyroscope,0.017104227,0.26694809999999997,-0.015271631,1566948000852
35397,226,Accelerometer,-7.5369470000000005,-2.8658595,4.9320555,1566948000853
35398,226,Gyroscope,0.02687807,0.24801129,-0.016493361,1566948000862
35399,226,Accelerometer,-7.592013400000001,-2.802413,4.7189717,1566948000863
35400,226,Gyroscope,0.057421334000000004,0.18753563,-0.03176499,1566948000872
35401,226,Accelerometer,-7.5668745,-2.7712884,4.630386,1566948000873
35402,226,Gyroscope,0.09712757,0.099571034,-0.0580322,1566948000882
35403,226,Accelerometer,-7.581239699999999,-2.7341783,4.701015,1566948000883
35404,226,Gyroscope,0.1386664,0.009773844,-0.08735373,1566948000892
35405,226,Accelerometer,-7.605181699999999,-2.7210102000000003,4.8937483,1566948000893
35406,226,Gyroscope,0.17409660000000002,-0.07086037,-0.11545353400000001,1566948000902
35407,226,Accelerometer,-7.6267295,-2.682703,5.1571107000000005,1566948000903
35408,226,Gyroscope,0.19364429,-0.1282817,-0.13439035,1566948000912
35409,226,Accelerometer,-7.615956,-2.633622,5.389348,1566948000913
35410,226,Gyroscope,0.1966986,-0.15699236,-0.1441642,1566948000922
35411,226,Accelerometer,-7.524976,-2.5546130000000002,5.5868697,1566948000923
35412,226,Gyroscope,0.18325958,-0.17409660000000002,-0.14172074,1566948000932
35413,226,Accelerometer,-7.414842599999999,-2.4863784,5.8083334,1566948000933
35414,226,Gyroscope,0.16249016,-0.17470746,-0.13561209,1566948000942
35415,226,Accelerometer,-7.289147,-2.4133554,5.9747305,1566948000943
35416,226,Gyroscope,0.14660765,-0.16249016,-0.12034045,1566948000952
35417,226,Accelerometer,-7.2149267,-2.3558946,6.126762,1566948000953
35418,226,Gyroscope,0.13622294,-0.1337795,-0.10873401,1566948000962
35419,226,Accelerometer,-7.089231,-2.2816741,6.325481,1566948000963
35420,226,Gyroscope,0.13072516,-0.09162979,-0.09590584,1566948000972
35421,226,Accelerometer,-7.036558599999999,-2.2409727999999998,6.429629,1566948000973
35422,226,Gyroscope,0.12156218,-0.04642576,-0.086132,1566948000982
35423,226,Accelerometer,-6.9767036,-2.1930888,6.5002575,1566948000983
35424,226,Gyroscope,0.119729586,-0.0067195175,-0.08002335,1566948000992
35425,226,Accelerometer,-6.88333,-2.148796,6.50744,1566948000993
35426,226,Gyroscope,0.11056661,0.03359759,-0.073303826,1566948001002
35427,226,Accelerometer,-6.8821330000000005,-2.146402,6.4942720000000005,1566948001003
35428,226,Gyroscope,0.09590584,0.07574729,-0.069027774,1566948001012
35429,226,Accelerometer,-6.8988924,-2.1942859,6.453571,1566948001013
35430,226,Gyroscope,0.07941248,0.12156218,-0.06047566,1566948001022
35431,226,Accelerometer,-7.071274799999999,-2.2756886,6.391321700000001,1566948001023
35432,226,Gyroscope,0.06414085,0.16004670000000001,-0.048258353,1566948001032
35433,226,Accelerometer,-7.144297999999999,-2.3762453,6.3350577,1566948001033
35434,226,Gyroscope,0.050701816,0.19058995,-0.03726278,1566948001042
35435,226,Accelerometer,-7.261614,-2.5127146000000002,6.2249246,1566948001043
35436,226,Gyroscope,0.040927973,0.21135938,-0.022602014,1566948001052
35437,226,Accelerometer,-7.394492,-2.64679,6.060921700000001,1566948001053
35438,226,Gyroscope,0.03359759,0.21991149,-0.014049901000000002,1566948001063
35439,226,Accelerometer,-7.487866,-2.6886885,5.8358665,1566948001063
35440,226,Gyroscope,0.017104227,0.21074851,-0.005497787,1566948001072
35441,226,Accelerometer,-7.5106106,-2.6839,5.627571,1566948001073
35442,226,Gyroscope,0.004886922,0.19181168,-0.00061086525,1566948001082
35443,226,Accelerometer,-7.4591354999999995,-2.6539726000000003,5.4408236,1566948001083
35444,226,Gyroscope,-0.0012217305,0.17043139999999998,-0.0036651915999999997,1566948001092
35445,226,Accelerometer,-7.380127000000001,-2.670732,5.3390699999999995,1566948001093
35446,226,Gyroscope,0.004276057,0.14660765,-0.012217305,1566948001102
35447,226,Accelerometer,-7.345411,-2.6850972,5.3163247,1566948001103
35448,226,Gyroscope,0.017715093,0.11728613,-0.028710667000000002,1566948001112
35449,226,Accelerometer,-7.3777327999999995,-2.6743232999999997,5.3163247,1566948001113
35450,226,Gyroscope,0.032986722999999996,0.09712757,-0.050701816,1566948001123
35451,226,Accelerometer,-7.461529700000001,-2.6791117,5.3522377,1566948001123
35452,226,Gyroscope,0.0421497,0.07513642,-0.06719518,1566948001132
35453,226,Accelerometer,-7.632714999999999,-2.753332,5.3821654,1566948001133
35454,226,Gyroscope,0.043982297000000004,0.062308256,-0.07880162,1566948001142
35455,226,Accelerometer,-7.666233999999999,-2.8622682,5.398925,1566948001143
35456,226,Gyroscope,0.04276056599999999,0.04520403,-0.08368854,1566948001152
35457,226,Accelerometer,-7.6267295,-2.9352913,5.4360349999999995,1566948001153
35458,226,Gyroscope,0.045814894,0.027488936000000002,-0.07941248,1566948001162
35459,226,Accelerometer,-7.7440453,-2.9364884,5.4899044,1566948001163
35460,226,Gyroscope,0.045814894,0.018936822,-0.07574729,1566948001172
35461,226,Accelerometer,-7.632714999999999,-3.004723,5.5748987,1566948001173
35462,226,Gyroscope,0.040927973,0.021991148999999998,-0.06414085,1566948001182
35463,226,Accelerometer,-7.479486,-3.0095115000000003,5.6299653,1566948001183
35464,226,Gyroscope,0.036651913,0.026267206,-0.04886922,1566948001192
35465,226,Accelerometer,-7.3442134999999995,-2.9520507,5.66109,1566948001193
35466,226,Gyroscope,0.035430185,0.026267206,-0.034208454,1566948001202
35467,226,Accelerometer,-7.1873937,-2.9161377,5.734113,1566948001203
35468,226,Gyroscope,0.035430185,0.035430185,-0.029932396,1566948001212
35469,226,Accelerometer,-7.0952168,-2.9388826,5.853823,1566948001213
35470,226,Gyroscope,0.03176499,0.054367005999999996,-0.037873644,1566948001222
35471,226,Accelerometer,-6.943185000000001,-2.9831752999999996,5.819107,1566948001223
35472,226,Gyroscope,0.03481932,0.06658431,-0.0421497,1566948001232
35473,226,Accelerometer,-6.946776400000001,-3.0921116,5.7736173,1566948001233
35474,226,Gyroscope,0.03604105,0.064751714,-0.045814894,1566948001242
35475,226,Accelerometer,-7.101202000000001,-3.157952,5.711368,1566948001243
35476,226,Gyroscope,0.05009095,0.05497787,-0.044593163,1566948001252
35477,226,Accelerometer,-7.231686,-3.1160536,5.675455,1566948001253
35478,226,Gyroscope,0.06597344599999999,0.050701816,-0.028099801,1566948001262
35479,226,Accelerometer,-7.2304892999999995,-3.0693667000000002,5.66109,1566948001263
35480,226,Gyroscope,0.07086037,0.03604105,-0.00061086525,1566948001272
35481,226,Accelerometer,-7.2113357,-2.9939492000000003,5.750872599999999,1566948001273
35482,226,Gyroscope,0.07269296,0.012217305,0.027488936000000002,1566948001283
35483,226,Accelerometer,-7.1431007,-2.8407204,5.875371,1566948001283
35484,226,Gyroscope,0.07269296,0.004886922,0.076358154,1566948001292
35485,226,Accelerometer,-7.074866,-2.6791117,6.019023000000001,1566948001293
35486,226,Gyroscope,0.062308256,0.032375857,0.11178834,1566948001302
35487,226,Accelerometer,-7.156269,-2.480393,6.030994000000001,1566948001303
35488,226,Gyroscope,0.039095376,0.064751714,0.13683382,1566948001312
35489,226,Accelerometer,-7.346607700000001,-2.2517467,6.0046577,1566948001313
35490,226,Gyroscope,0.015271631,0.08368854,0.15393804,1566948001322
35491,226,Accelerometer,-7.5046253,-1.9764134999999998,6.008249299999999,1566948001323
35492,226,Gyroscope,-0.0067195175,0.09285152,0.16371189,1566948001333
35493,226,Accelerometer,-7.553706,-1.6496049,6.066907,1566948001333
35494,226,Gyroscope,-0.021380282999999996,0.10751228,0.16126843,1566948001342
35495,226,Accelerometer,-7.559692,-1.3886370000000001,6.066907,1566948001343
35496,226,Gyroscope,-0.034208454,0.12156218,0.14782938,1566948001352
35497,226,Accelerometer,-7.6171527,-1.2629413999999999,6.035782299999999,1566948001353
35498,226,Gyroscope,-0.029321532999999997,0.13316862,0.12522738,1566948001363
35499,226,Accelerometer,-7.699753,-1.2689268999999999,6.0345855,1566948001363
35500,226,Gyroscope,-0.021991148999999998,0.14721853,0.09285152,1566948001372
35501,226,Accelerometer,-7.77517,-1.3263878,5.967548000000001,1566948001373
35502,226,Gyroscope,-0.018325957,0.15332718,0.061086524,1566948001382
35503,226,Accelerometer,-7.8948803,-1.3814543,5.8885393,1566948001383
35504,226,Gyroscope,-0.027488936000000002,0.16432275,0.02321288,1566948001392
35505,226,Accelerometer,-8.001422,-1.4269443000000002,5.816713,1566948001393
35506,226,Gyroscope,-0.056199603,0.18387043,-0.009162978,1566948001402
35507,226,Accelerometer,-8.027759,-1.5346833,5.649119000000001,1566948001403
35508,226,Gyroscope,-0.10445796,0.20158553,-0.037873644,1566948001413
35509,226,Accelerometer,-8.021772,-1.7214310000000002,5.445612000000001,1566948001413
35510,226,Gyroscope,-0.14355333,0.21197024,-0.059253927000000005,1566948001422
35511,226,Accelerometer,-8.008605000000001,-1.9476831000000001,5.297171,1566948001423
35512,226,Gyroscope,-0.15699236,0.21258110000000002,-0.06597344599999999,1566948001432
35513,226,Accelerometer,-7.959523700000001,-2.1763293999999997,5.284003299999999,1566948001433
35514,226,Gyroscope,-0.13439035,0.20341812,-0.056199603,1566948001442
35515,226,Accelerometer,-7.9714947,-2.3750482,5.149928,1566948001443
35516,226,Gyroscope,-0.08979719,0.17287487,-0.03726278,1566948001452
35517,226,Accelerometer,-7.97748,-2.4708161,5.068525,1566948001453
35518,226,Gyroscope,-0.04337143,0.1337795,-0.0061086523,1566948001462
35519,226,Accelerometer,-8.027759,-2.4732103,4.9464207,1566948001463
35520,226,Gyroscope,-0.017104227,0.086132,0.02321288,1566948001472
35521,226,Accelerometer,-8.028955,-2.3247697,4.8973393,1566948001473
35522,226,Gyroscope,-0.009162978,0.030543262,0.05131268,1566948001482
35523,226,Accelerometer,-8.002619000000001,-2.0949266,4.9320555,1566948001483
35524,226,Gyroscope,-0.009773844,-0.014660766,0.06719518,1566948001493
35525,226,Accelerometer,-7.97748,-1.8818424999999999,5.0086699999999995,1566948001493
35526,226,Gyroscope,-0.007941248,-0.043982297000000004,0.07086037,1566948001502
35527,226,Accelerometer,-7.9954367,-1.7046716,5.112818,1566948001503
35528,226,Gyroscope,-0.004276057,-0.05681047,0.07269296,1566948001512
35529,226,Accelerometer,-8.013392999999999,-1.5717934,5.201403,1566948001513
35530,226,Gyroscope,0.020158553,-0.070249505,0.06169739,1566948001522
35531,226,Accelerometer,-8.048109,-1.5251063999999999,5.294777,1566948001523
35532,226,Gyroscope,0.04520403,-0.08307768,0.04337143,1566948001532
35533,226,Accelerometer,-8.147469000000001,-1.4580688,5.463568,1566948001533
35534,226,Gyroscope,0.06780604,-0.09285152,0.018325957,1566948001542
35535,226,Accelerometer,-8.212111,-1.411382,5.635950599999999,1566948001543
35536,226,Gyroscope,0.077579886,-0.086132,-0.0061086523,1566948001552
35537,226,Accelerometer,-8.189366999999999,-1.3802572,5.819107,1566948001553
35538,226,Gyroscope,0.069027774,-0.06291912,-0.034208454,1566948001562
35539,226,Accelerometer,-8.128314999999999,-1.3144168,5.8909335,1566948001563
35540,226,Gyroscope,0.047647487,-0.022602014,-0.06047566,1566948001572
35541,226,Accelerometer,-8.021772,-1.3108255,5.9148755,1566948001573
35542,226,Gyroscope,0.028710667000000002,0.0061086523,-0.07269296,1566948001582
35543,226,Accelerometer,-7.855376,-1.3431472,5.8849480000000005,1566948001583
35544,226,Gyroscope,0.019547688,0.032375857,-0.08307768,1566948001592
35545,226,Accelerometer,-7.6650367,-1.4197617,5.911283999999999,1566948001593
35546,226,Gyroscope,0.02565634,0.037873644,-0.08552113,1566948001603
35547,226,Accelerometer,-7.592013400000001,-1.5370774999999999,5.8825536,1566948001603
35548,226,Gyroscope,0.028099801,0.036651913,-0.08002335,1566948001612
35549,226,Accelerometer,-7.551311999999999,-1.6340426000000001,5.8945246,1566948001613
35550,226,Gyroscope,0.023823743999999997,0.03176499,-0.073303826,1566948001622
35551,226,Accelerometer,-7.4699089999999995,-1.6364368,5.886145,1566948001623
35552,226,Gyroscope,0.018325957,0.02565634,-0.059864793,1566948001632
35553,226,Accelerometer,-7.386112,-1.6160861,5.901707,1566948001633
35554,226,Gyroscope,0.02321288,0.026267206,-0.05131268,1566948001642
35555,226,Accelerometer,-7.3083005000000005,-1.5981296,5.984307299999999,1566948001643
35556,226,Gyroscope,0.032375857,0.028099801,-0.050701816,1566948001652
35557,226,Accelerometer,-7.313089,-1.6388310000000001,6.021417,1566948001653
35558,226,Gyroscope,0.032986722999999996,0.035430185,-0.049480084,1566948001662
35559,226,Accelerometer,-7.4746976,-1.6436194,5.960365299999999,1566948001663
35560,226,Gyroscope,0.023823743999999997,0.052534412999999995,-0.048258353,1566948001672
35561,226,Accelerometer,-7.612364299999999,-1.5155296,5.877765,1566948001673
35562,226,Gyroscope,0.01160644,0.057421334000000004,-0.04642576,1566948001682
35563,226,Accelerometer,-7.691373,-1.4209588,5.767632,1566948001683
35564,226,Gyroscope,-0.002443461,0.061086524,-0.04520403,1566948001692
35565,226,Accelerometer,-7.7320743,-1.3718776000000001,5.662287,1566948001693
35566,226,Gyroscope,-0.005497787,0.064751714,-0.04642576,1566948001702
35567,226,Accelerometer,-7.69257,-1.3946223999999998,5.621585400000001,1566948001703
35568,226,Gyroscope,-0.0036651915999999997,0.049480084,-0.047647487,1566948001712
35569,226,Accelerometer,-7.691373,-1.3922282,5.647922,1566948001713
35570,226,Gyroscope,0.002443461,0.040317107000000005,-0.055588737,1566948001722
35571,226,Accelerometer,-7.6494746,-1.3874398000000001,5.619191000000001,1566948001723
35572,226,Gyroscope,0.0030543262,0.03481932,-0.06963864,1566948001732
35573,226,Accelerometer,-7.717708999999999,-1.3934253,5.638344999999999,1566948001733
35574,226,Gyroscope,-0.0018325957999999999,0.026267206,-0.09468412,1566948001742
35575,226,Accelerometer,-7.7919292,-1.4652513999999999,5.66947,1566948001743
35576,226,Gyroscope,-0.018325957,0.021991148999999998,-0.10567969,1566948001752
35577,226,Accelerometer,-7.77517,-1.5442601,5.6706667,1566948001753
35578,226,Gyroscope,-0.02687807,0.025045475,-0.11728613,1566948001762
35579,226,Accelerometer,-7.595605,-1.7010802999999999,5.730521700000001,1566948001763
35580,226,Gyroscope,-0.02076942,0.036651913,-0.12889257,1566948001772
35581,226,Accelerometer,-7.638700500000001,-1.9488802,5.6910176,1566948001773
35582,226,Gyroscope,-0.007330383,0.044593163,-0.14049901,1566948001782
35583,226,Accelerometer,-7.667431,-2.0446482,5.665878299999999,1566948001783
35584,226,Gyroscope,-0.0036651915999999997,0.059253927000000005,-0.14721853,1566948001792
35585,226,Accelerometer,-7.677007700000001,-2.160767,5.580883999999999,1566948001793
35586,226,Gyroscope,0.002443461,0.06291912,-0.15027285,1566948001802
35587,226,Accelerometer,-7.6853875999999985,-2.2110453,5.568912999999999,1566948001803
35588,226,Gyroscope,0.01160644,0.0580322,-0.14844026,1566948001813
35589,226,Accelerometer,-7.7943234,-2.2290018,5.531803,1566948001813
35590,226,Gyroscope,0.014660766,0.05497787,-0.15515977,1566948001822
35591,226,Accelerometer,-7.8062944000000005,-2.3056161,5.4168816,1566948001823
35592,226,Gyroscope,0.004276057,0.043982297000000004,-0.15699236,1566948001832
35593,226,Accelerometer,-7.754819400000001,-2.3822308,5.2648497,1566948001833
35594,226,Gyroscope,-0.004276057,0.012217305,-0.15821409,1566948001842
35595,226,Accelerometer,-7.735666,-2.4516625,5.140351,1566948001842
35596,226,Gyroscope,-0.008552114,-0.045814894,-0.15271631,1566948001853
35597,226,Accelerometer,-7.633912,-2.5031377999999997,5.1666875,1566948001853
35598,226,Gyroscope,-0.007941248,-0.10140363,-0.1441642,1566948001862
35599,226,Accelerometer,-7.492654300000001,-2.5198972,5.315128,1566948001863
35600,226,Gyroscope,-0.002443461,-0.13622294,-0.1337795,1566948001872
35601,226,Accelerometer,-7.407660000000001,-2.4109612,5.556941999999999,1566948001873
35602,226,Gyroscope,0.004886922,-0.16798794,-0.116675265,1566948001882
35603,226,Accelerometer,-7.430405,-2.2756886,5.8358665,1566948001883
35604,226,Gyroscope,0.0036651915999999997,-0.19181168,-0.093462385,1566948001892
35605,226,Accelerometer,-7.437587700000001,-2.0326772,6.072892700000001,1566948001893
35606,226,Gyroscope,-0.004276057,-0.19242255,-0.06841691,1566948001903
35607,226,Accelerometer,-7.3334399999999995,-1.8171991000000003,6.31351,1566948001903
35608,226,Gyroscope,-0.02565634,-0.14599679999999998,-0.04153884,1566948001912
35609,226,Accelerometer,-7.2304892999999995,-1.5921441,6.443994,1566948001913
35610,226,Gyroscope,-0.061086524,-0.064751714,-0.021380282999999996,1566948001922
35611,226,Accelerometer,-7.009025599999999,-1.5813701999999998,6.6534867,1566948001923
35612,226,Gyroscope,-0.08307768,0.017715093,-0.03359759,1566948001932
35613,226,Accelerometer,-7.2113357,-1.9536686,6.793547,1566948001933
35614,226,Gyroscope,-0.09590584,0.08552113,-0.06658431,1566948001943
35615,226,Accelerometer,-7.704541000000001,-2.171541,6.617573299999999,1566948001943
35616,226,Gyroscope,-0.13072516,0.16371189,-0.08735373,1566948001952
35617,226,Accelerometer,-7.762002000000001,-2.124854,6.3350577,1566948001953
35618,226,Gyroscope,-0.16249016,0.24556783,-0.09468412,1566948001962
35619,226,Accelerometer,-7.72968,-2.255338,5.9400144,1566948001963
35620,226,Gyroscope,-0.16310102,0.27305678,-0.099571034,1566948001972
35621,226,Accelerometer,-7.6865845,-2.4660277,5.507861,1566948001973
35622,226,Gyroscope,-0.13622294,0.23273966,-0.08246681,1566948001983
35623,226,Accelerometer,-7.501034,-2.6515784,5.2265425,1566948001983
35624,226,Gyroscope,-0.0842994,0.18020524,-0.06047566,1566948001992
35625,226,Accelerometer,-7.3083005000000005,-2.8383262000000005,5.1762643,1566948001993
35626,226,Gyroscope,-0.015882496,0.13072516,-0.04153884,1566948002002
35627,226,Accelerometer,-7.329848299999999,-3.064578,5.1882353,1566948002003
35628,226,Gyroscope,0.04153884,0.077579886,-0.021991148999999998,1566948002012
35629,226,Accelerometer,-7.5644803,-3.1483752999999997,5.163096,1566948002013
35630,226,Gyroscope,0.062308256,0.03481932,-0.002443461,1566948002022
35631,226,Accelerometer,-7.669825,-3.0861259999999997,5.1571107000000005,1566948002023
35632,226,Gyroscope,0.070249505,0.007330383,0.021991148999999998,1566948002033
35633,226,Accelerometer,-7.677007700000001,-2.9987376,5.248090299999999,1566948002033
35634,226,Gyroscope,0.06536258,-0.014049901000000002,0.035430185,1566948002042
35635,226,Accelerometer,-7.750031,-2.9173348,5.319916200000001,1566948002043
35636,226,Gyroscope,0.05497787,-0.019547688,0.039095376,1566948002052
35637,226,Accelerometer,-7.763199,-2.779668,5.342661,1566948002053
35638,226,Gyroscope,0.036651913,-0.03176499,0.03848451,1566948002062
35639,226,Accelerometer,-7.705738,-2.6072857000000003,5.3737855,1566948002063
35640,226,Gyroscope,0.03604105,-0.04337143,0.03359759,1566948002072
35641,226,Accelerometer,-7.6231384,-2.4899697,5.4791307,1566948002073
35642,226,Gyroscope,0.0421497,-0.047036625,0.018936822,1566948002083
35643,226,Accelerometer,-7.6219410000000005,-2.3690627,5.603629,1566948002083
35644,226,Gyroscope,0.047647487,-0.053145275,-0.0030543262,1566948002092
35645,226,Accelerometer,-7.639898,-2.256535,5.719748,1566948002093
35646,226,Gyroscope,0.050701816,-0.043982297000000004,-0.02565634,1566948002102
35647,226,Accelerometer,-7.60997,-2.2254104999999997,5.8382607,1566948002103
35648,226,Gyroscope,0.04337143,-0.034208454,-0.05131268,1566948002112
35649,226,Accelerometer,-7.462726600000001,-2.2541409,5.93762,1566948002113
35650,226,Gyroscope,0.031154128,-0.021380282999999996,-0.06414085,1566948002122
35651,226,Accelerometer,-7.4064630000000005,-2.3211784,6.0010667,1566948002123
35652,226,Gyroscope,0.02076942,-0.0061086523,-0.069027774,1566948002132
35653,226,Accelerometer,-7.405266,-2.4025814999999997,6.027403,1566948002133
35654,226,Gyroscope,0.017104227,0.007941248,-0.0580322,1566948002142
35655,226,Accelerometer,-7.363367599999999,-2.4480712000000002,6.075287,1566948002143
35656,226,Gyroscope,0.016493361,0.021380282999999996,-0.04642576,1566948002152
35657,226,Accelerometer,-7.271190600000001,-2.5510217999999996,6.1100025,1566948002153
35658,226,Gyroscope,0.009162978,0.02687807,-0.03481932,1566948002162
35659,226,Accelerometer,-7.2304892999999995,-2.6204537999999995,6.142324400000001,1566948002163
35660,226,Gyroscope,-0.00061086525,0.04153884,-0.023823743999999997,1566948002172
35661,226,Accelerometer,-7.2185183,-2.8060042999999997,6.149507,1566948002173
35662,226,Gyroscope,-0.016493361,0.06780604,-0.008552114,1566948002182
35663,226,Accelerometer,-7.2963295,-2.7736826,6.081272,1566948002183
35664,226,Gyroscope,-0.034208454,0.09040806,0.021380282999999996,1566948002193
35665,226,Accelerometer,-7.186196300000001,-2.6599581000000003,5.966350599999999,1566948002193
35666,226,Gyroscope,-0.058643065,0.11728613,0.026267206,1566948002202
35667,226,Accelerometer,-7.050924,-2.6252422,5.922058,1566948002203
35668,226,Gyroscope,-0.06352998,0.13988814,0.029321532999999997,1566948002212
35669,226,Accelerometer,-7.018602400000001,-2.6431987,5.8346696,1566948002213
35670,226,Gyroscope,-0.057421334000000004,0.14110987,0.02076942,1566948002222
35671,226,Accelerometer,-7.0964136,-2.6803088,5.693412,1566948002223
35672,226,Gyroscope,-0.04886922,0.13194689,0.01038471,1566948002232
35673,226,Accelerometer,-7.223306699999999,-2.597709,5.5509567,1566948002233
35674,226,Gyroscope,-0.04153884,0.11545353400000001,-0.009773844,1566948002242
35675,226,Accelerometer,-7.223306699999999,-2.6001031,5.494693,1566948002243
35676,226,Gyroscope,-0.03726278,0.10934488,-0.029932396,1566948002252
35677,226,Accelerometer,-7.2723875,-2.6779146000000003,5.4623713,1566948002253
35678,226,Gyroscope,-0.037873644,0.092240654,-0.04520403,1566948002262
35679,226,Accelerometer,-7.3825210000000006,-2.7521348,5.3785739999999995,1566948002263
35680,226,Gyroscope,-0.049480084,0.07147124,-0.05681047,1566948002272
35681,226,Accelerometer,-7.398083,-2.8311436000000003,5.3833623,1566948002273
35682,226,Gyroscope,-0.06169739,0.06291912,-0.061086524,1566948002282
35683,226,Accelerometer,-7.400477400000001,-2.9364884,5.4408236,1566948002283
35684,226,Gyroscope,-0.06719518,0.055588737,-0.06841691,1566948002292
35685,226,Accelerometer,-7.5213847000000005,-3.052607,5.518635,1566948002293
35686,226,Gyroscope,-0.07086037,0.047647487,-0.06658431,1566948002303
35687,226,Accelerometer,-7.5453267,-3.1794999,5.5617304,1566948002303
35688,226,Gyroscope,-0.076358154,0.04886922,-0.06536258,1566948002312
35689,226,Accelerometer,-7.431602000000001,-3.383007,5.5856724,1566948002313
35690,226,Gyroscope,-0.07269296,0.05131268,-0.056199603,1566948002322
35691,226,Accelerometer,-7.405266,-3.429694,5.6443305,1566948002323
35692,226,Gyroscope,-0.073303826,0.0421497,-0.03726278,1566948002332
35693,226,Accelerometer,-7.517792999999999,-3.5122937999999992,5.66109,1566948002333
35694,226,Gyroscope,-0.0720821,0.018936822,-0.009773844,1566948002342
35695,226,Accelerometer,-7.546523599999999,-3.4428620000000003,5.717354,1566948002343
35696,226,Gyroscope,-0.07269296,0.00061086525,0.040927973,1566948002352
35697,226,Accelerometer,-7.323863,-3.0885203,5.8502316,1566948002353
35698,226,Gyroscope,-0.077579886,0.00061086525,0.10140363,1566948002363
35699,226,Accelerometer,-7.132327,-2.8191724,5.8837504,1566948002363
35700,226,Gyroscope,-0.09040806,-0.0030543262,0.15515977,1566948002372
35701,226,Accelerometer,-6.9491705999999995,-2.5115175,5.946000000000001,1566948002373
35702,226,Gyroscope,-0.089186326,-0.02076942,0.19486602,1566948002382
35703,226,Accelerometer,-6.803124,-2.2493525,6.0106435,1566948002383
35704,226,Gyroscope,-0.089186326,-0.026267206,0.2284636,1566948002392
35705,226,Accelerometer,-6.9515649999999996,-1.9835961,5.963956400000001,1566948002393
35706,226,Gyroscope,-0.089186326,-0.022602014,0.24495697,1566948002402
35707,226,Accelerometer,-7.101202000000001,-1.7202339,5.9448028,1566948002403
35708,226,Gyroscope,-0.099571034,0.0030543262,0.23823744,1566948002412
35709,226,Accelerometer,-7.183802,-1.6017209,6.009446,1566948002412
35710,226,Gyroscope,-0.09712757,0.03970624,0.23273966,1566948002423
35711,226,Accelerometer,-7.4363904000000005,-1.4413095,6.053739,1566948002423
35712,226,Gyroscope,-0.09162979,0.08674286,0.21258110000000002,1566948002432
35713,226,Accelerometer,-7.5309615,-1.3132197,6.2404866,1566948002433
35714,226,Gyroscope,-0.09468412,0.17898351,0.15943582,1566948002442
35715,226,Accelerometer,-7.811083,-1.2545617,6.256049,1566948002443
35716,226,Gyroscope,-0.1142318,0.23518312,0.13316862,1566948002452
35717,226,Accelerometer,-8.0924015,-1.1803415000000002,6.1279593,1566948002453
35718,226,Gyroscope,-0.14538592,0.2779437,0.111177474,1566948002462
35719,226,Accelerometer,-8.26239,-1.0773908,5.8502316,1566948002463
35720,226,Gyroscope,-0.18753563,0.28221974,0.089186326,1566948002473
35721,226,Accelerometer,-8.330625,-0.9923966000000001,5.5521536,1566948002473
35722,226,Gyroscope,-0.20708331,0.26083946,0.06780604,1566948002482
35723,226,Accelerometer,-8.356961,-1.0785878999999998,5.4480059999999995,1566948002483
35724,226,Gyroscope,-0.204029,0.23884831,0.045814894,1566948002492
35725,226,Accelerometer,-8.364142999999999,-1.2725182,5.425261,1566948002493
35726,226,Gyroscope,-0.19547687,0.204029,0.027488936000000002,1566948002502
35727,226,Accelerometer,-8.385692,-1.4975731,5.318719000000001,1566948002503
35728,226,Gyroscope,-0.18692477,0.18081611,0.01038471,1566948002513
35729,226,Accelerometer,-8.349778,-1.7010802999999999,5.255273000000001,1566948002513
35730,226,Gyroscope,-0.17654006,0.1563815,0.00061086525,1566948002522
35731,226,Accelerometer,-8.3390045,-1.8686744,5.12838,1566948002523
35732,226,Gyroscope,-0.16310102,0.1160644,0.002443461,1566948002532
35733,226,Accelerometer,-8.414422,-2.0075380000000003,4.8937483,1566948002533
35734,226,Gyroscope,-0.14782938,0.052534412999999995,0.014660766,1566948002542
35735,226,Accelerometer,-8.372523,-2.0362685000000003,4.630386,1566948002543
35736,226,Gyroscope,-0.12156218,-0.016493361,0.032375857,1566948002552
35737,226,Accelerometer,-8.228871,-1.9560628,4.547786,1566948002553
35738,226,Gyroscope,-0.08857546,-0.08735373,0.049480084,1566948002562
35739,226,Accelerometer,-8.104372999999999,-1.8148049,4.594473000000001,1566948002563
35740,226,Gyroscope,-0.05497787,-0.14538592,0.056199603,1566948002572
35741,226,Accelerometer,-8.080430999999999,-1.6364368,4.720168599999999,1566948002573
35742,226,Gyroscope,-0.03481932,-0.19120082,0.05681047,1566948002582
35743,226,Accelerometer,-8.034941,-1.4748282,4.8518495999999995,1566948002583
35744,226,Gyroscope,-0.028099801,-0.21685717,0.048258353,1566948002592
35745,226,Accelerometer,-8.019378999999999,-1.2737153,5.0002904,1566948002593
35746,226,Gyroscope,-0.030543262,-0.22602014,0.036651913,1566948002602
35747,226,Accelerometer,-7.972691499999999,-1.1133038,5.1786585,1566948002603
35748,226,Gyroscope,-0.032375857,-0.22785273,0.018936822,1566948002612
35749,226,Accelerometer,-7.902063,-0.9876082,5.3701944,1566948002613
35750,226,Gyroscope,-0.026267206,-0.22602014,-0.0030543262,1566948002622
35751,226,Accelerometer,-7.8158712,-0.8870517,5.647922,1566948002623
35752,226,Gyroscope,-0.015882496,-0.20769419,-0.025045475,1566948002632
35753,226,Accelerometer,-7.667431,-0.8762778,6.171055,1566948002633
35754,226,Gyroscope,-0.01160644,-0.19058995,-0.03726278,1566948002642
35755,226,Accelerometer,-7.6734165999999995,-0.8882488000000002,6.302736,1566948002643
35756,226,Gyroscope,-0.016493361,-0.1563815,-0.047036625,1566948002652
35757,226,Accelerometer,-7.6135616,-0.93134445,6.3422403,1566948002653
35758,226,Gyroscope,-0.022602014,-0.10567969,-0.045814894,1566948002662
35759,226,Accelerometer,-7.5800424,-0.9804255999999999,6.369773400000001,1566948002663
35760,226,Gyroscope,-0.028710667000000002,-0.043982297000000004,-0.04276056599999999,1566948002672
35761,226,Accelerometer,-7.5525093,-1.0486604,6.432023,1566948002673
35762,226,Gyroscope,-0.027488936000000002,-0.013439035,-0.037873644,1566948002683
35763,226,Accelerometer,-7.507019500000001,-1.091756,6.385336,1566948002683
35764,226,Gyroscope,-0.034208454,0.028099801,-0.02687807,1566948002692
35765,226,Accelerometer,-7.363367599999999,-1.0606314,6.314707,1566948002693
35766,226,Gyroscope,-0.05009095,0.07147124,-0.023823743999999997,1566948002702
35767,226,Accelerometer,-7.129933,-1.0522517,6.2404866,1566948002703
35768,226,Gyroscope,-0.0580322,0.10323623,-0.02687807,1566948002712
35769,226,Accelerometer,-7.152677499999999,-1.1109096,6.1866174,1566948002713
35770,226,Gyroscope,-0.07147124,0.14721853,-0.035430185,1566948002722
35771,226,Accelerometer,-7.121553,-1.1695676000000002,6.149507,1566948002723
35772,226,Gyroscope,-0.08124508,0.19792034,-0.053145275,1566948002732
35773,226,Accelerometer,-7.077260000000001,-1.3563153000000001,6.042965000000001,1566948002733
35774,226,Gyroscope,-0.07941248,0.22052236,-0.08063421400000001,1566948002743
35775,226,Accelerometer,-7.363367599999999,-1.5885528,5.645528,1566948002743
35776,226,Gyroscope,-0.09468412,0.20341812,-0.10873401,1566948002752
35777,226,Accelerometer,-7.5525093,-1.7920599999999998,5.221754,1566948002753
35778,226,Gyroscope,-0.13194689,0.1826487,-0.12705997,1566948002762
35779,226,Accelerometer,-7.53575,-2.0446482,5.0134583,1566948002763
35780,226,Gyroscope,-0.13744467,0.12705997,-0.14905111,1566948002772
35781,226,Accelerometer,-7.690175999999999,-2.2960392999999995,5.1080294,1566948002773
35782,226,Gyroscope,-0.10812314599999999,0.050701816,-0.17592919,1566948002782
35783,226,Accelerometer,-8.052897,-2.4875755,5.2624555,1566948002783
35784,226,Gyroscope,-0.08674286,-0.02443461,-0.1881465,1566948002793
35785,226,Accelerometer,-8.3868885,-2.5821466,5.377377,1566948002793
35786,226,Gyroscope,-0.084910266,-0.084910266,-0.16798794,1566948002802
35787,226,Accelerometer,-8.628703,-2.4995465,5.556941999999999,1566948002803
35788,226,Gyroscope,-0.10262536,-0.11178834,-0.12034045,1566948002812
35789,226,Accelerometer,-8.49343,-2.4492682999999995,5.760449400000001,1566948002813
35790,226,Gyroscope,-0.1282817,-0.09590584,-0.06414085,1566948002822
35791,226,Accelerometer,-8.237250999999999,-2.5258827,5.9687448,1566948002823
35792,226,Gyroscope,-0.15943582,-0.06169739,-0.017715093,1566948002832
35793,226,Accelerometer,-7.955932000000001,-2.6755204,6.0645127,1566948002833
35794,226,Gyroscope,-0.20219639,-0.00061086525,0.017715093,1566948002842
35795,226,Accelerometer,-7.6734165999999995,-2.7437549999999997,5.8945246,1566948002843
35796,226,Gyroscope,-0.24678956,0.05497787,0.03726278,1566948002853
35797,226,Accelerometer,-7.53575,-2.7832594,5.7736173,1566948002853
35798,226,Gyroscope,-0.26878070000000004,0.11056661,0.05497787,1566948002862
35799,226,Accelerometer,-7.41604,-2.7198130000000003,5.66109,1566948002863
35800,226,Gyroscope,-0.27000242,0.15821409,0.051923547,1566948002872
35801,226,Accelerometer,-7.301117999999999,-2.7425580000000003,5.5605335,1566948002873
35802,226,Gyroscope,-0.23273966,0.17531833,0.039095376,1566948002882
35803,226,Accelerometer,-7.478289,-2.8742392000000003,5.3558292000000005,1566948002883
35804,226,Gyroscope,-0.18570304,0.15149458,0.018325957,1566948002892
35805,226,Accelerometer,-7.5704656,-2.8179752999999996,5.0397944,1566948002893
35806,226,Gyroscope,-0.11484267,0.07391469,0.0018325957999999999,1566948002902
35807,226,Accelerometer,-7.5429325,-2.7210102000000003,4.823119,1566948002903
35808,226,Gyroscope,-0.06536258,0.015882496,-0.00061086525,1566948002913
35809,226,Accelerometer,-7.563283,-2.7353754,4.807557,1566948002913
35810,226,Gyroscope,-0.009162978,-0.040927973,-0.0030543262,1566948002922
35811,226,Accelerometer,-7.636306299999999,-2.9173348,5.005079,1566948002923
35812,226,Gyroscope,0.040927973,-0.099571034,0.004886922,1566948002932
35813,226,Accelerometer,-7.905653999999999,-3.0454244999999998,5.2157683,1566948002933
35814,226,Gyroscope,0.04276056599999999,-0.12034045,0.029321532999999997,1566948002942
35815,226,Accelerometer,-8.000225,-2.8909986,5.248090299999999,1566948002943
35816,226,Gyroscope,0.012217305,-0.12767084,0.03970624,1566948002952
35817,226,Accelerometer,-7.9188222999999995,-2.645593,5.353435,1566948002953
35818,226,Gyroscope,-0.02565634,-0.124005646,0.031154128,1566948002963
35819,226,Accelerometer,-7.86615,-2.5546130000000002,5.430049400000001,1566948002963
35820,226,Gyroscope,-0.06414085,-0.12461651,0.02687807,1566948002972
35821,226,Accelerometer,-7.872135000000001,-2.541445,5.3642087,1566948002973
35822,226,Gyroscope,-0.08857546,-0.12583824,0.023823743999999997,1566948002982
35823,226,Accelerometer,-7.716512,-2.5234885,5.4515970000000005,1566948002983
35824,226,Gyroscope,-0.10018189999999999,-0.119729586,0.013439035,1566948002992
35825,226,Accelerometer,-7.595605,-2.5546130000000002,5.657499,1566948002993
35826,226,Gyroscope,-0.099571034,-0.10445796,-0.002443461,1566948003002
35827,226,Accelerometer,-7.479486,-2.5366566,5.7987566,1566948003003
35828,226,Gyroscope,-0.09407325,-0.07696902,-0.014660766,1566948003013
35829,226,Accelerometer,-7.162254300000001,-2.5570072999999995,5.9687448,1566948003013
35830,226,Gyroscope,-0.07391469,-0.057421334000000004,-0.019547688,1566948003022
35831,226,Accelerometer,-7.0940194000000005,-2.7593174,6.156689599999999,1566948003023
35832,226,Gyroscope,-0.06352998,-0.049480084,-0.016493361,1566948003032
35833,226,Accelerometer,-7.2807674,-2.9005754,6.144718599999999,1566948003033
35834,226,Gyroscope,-0.09101892,-0.016493361,0.013439035,1566948003042
35835,226,Accelerometer,-7.328651400000001,-2.8072014,6.009446,1566948003043
35836,226,Gyroscope,-0.10812314599999999,0.017104227,0.04153884,1566948003053
35837,226,Accelerometer,-7.195773,-2.7234043999999997,5.9771247,1566948003053
35838,226,Gyroscope,-0.10812314599999999,0.02321288,0.044593163,1566948003062
35839,226,Accelerometer,-7.0724716,-2.7928362,6.009446,1566948003063
35840,226,Gyroscope,-0.099571034,0.018325957,0.03726278,1566948003072
35841,226,Accelerometer,-7.0928226,-2.9436709999999997,6.0250087,1566948003073
35842,226,Gyroscope,-0.10995574,0.03176499,0.039095376,1566948003082
35843,226,Accelerometer,-7.1466923,-2.8790276,6.0262055,1566948003083
35844,226,Gyroscope,-0.13561209,0.053145275,0.03970624,1566948003092
35845,226,Accelerometer,-7.133524,-2.6539726000000003,5.872977,1566948003093
35846,226,Gyroscope,-0.16310102,0.06658431,0.02687807,1566948003103
35847,226,Accelerometer,-7.0485296,-2.7329812,5.851429,1566948003103
35848,226,Gyroscope,-0.1826487,0.08368854,0.014660766,1566948003112
35849,226,Accelerometer,-7.04015,-2.8431146000000003,5.8358665,1566948003113
35850,226,Gyroscope,-0.18875736,0.09468412,0.015882496,1566948003122
35851,226,Accelerometer,-6.946776400000001,-2.8933928,5.815516000000001,1566948003123
35852,226,Gyroscope,-0.19058995,0.119729586,0.031154128,1566948003132
35853,226,Accelerometer,-6.908469,-3.0370448,5.722142,1566948003133
35854,226,Gyroscope,-0.17715092,0.12583824,0.040317107000000005,1566948003142
35855,226,Accelerometer,-6.941988,-3.2561142000000003,5.627571,1566948003143
35856,226,Gyroscope,-0.15149458,0.11545353400000001,0.049480084,1566948003152
35857,226,Accelerometer,-6.908469,-3.4751837,5.565322,1566948003153
35858,226,Gyroscope,-0.13255776,0.106901415,0.059864793,1566948003163
35859,226,Accelerometer,-7.077260000000001,-3.5984852,5.5401826,1566948003163
35860,226,Gyroscope,-0.12217305,0.086132,0.06597344599999999,1566948003172
35861,226,Accelerometer,-7.168239999999999,-3.5901055,5.5006785,1566948003173
35862,226,Gyroscope,-0.12461651,0.064751714,0.06536258,1566948003182
35863,226,Accelerometer,-7.2268977,-3.4847605,5.54138,1566948003183
35864,226,Gyroscope,-0.13439035,0.057421334000000004,0.08246681,1566948003192
35865,226,Accelerometer,-7.2304892999999995,-3.3243492,5.6156,1566948003193
35866,226,Gyroscope,-0.14966199,0.062308256,0.12705997,1566948003202
35867,226,Accelerometer,-7.189788,-2.9807810000000003,5.6886234,1566948003203
35868,226,Gyroscope,-0.16126843,0.056199603,0.17165314,1566948003213
35869,226,Accelerometer,-7.089231,-2.6659436000000003,5.748478400000001,1566948003213
35870,226,Gyroscope,-0.15332718,0.03848451,0.21013765,1566948003223
35871,226,Accelerometer,-7.061698,-2.4552537999999995,5.8454432,1566948003223
35872,226,Gyroscope,-0.14905111,0.03481932,0.26511553,1566948003232
35873,226,Accelerometer,-7.2915410000000005,-2.2002714,5.756858,1566948003233
35874,226,Gyroscope,-0.16798794,0.025045475,0.3005457,1566948003242
35875,226,Accelerometer,-7.3777327999999995,-1.8160020000000001,5.641936299999999,1566948003243
35876,226,Gyroscope,-0.17837265,0.022602014,0.30970868,1566948003252
35877,226,Accelerometer,-7.121553,-1.6484078000000002,5.8789620000000005,1566948003253
35878,226,Gyroscope,-0.16004670000000001,0.03604105,0.32131509999999996,1566948003262
35879,226,Accelerometer,-7.299921,-1.6196774,6.1399302,1566948003263
35880,226,Gyroscope,-0.13316862,0.08796459400000001,0.30909783,1566948003273
35881,226,Accelerometer,-7.4471645,-1.6101006000000002,6.147113,1566948003273
35882,226,Gyroscope,-0.12889257,0.16798794,0.28160888,1566948003282
35883,226,Accelerometer,-7.6482773,-1.5705963,6.027403,1566948003283
35884,226,Gyroscope,-0.1386664,0.23518312,0.24740042,1566948003292
35885,226,Accelerometer,-7.880514999999999,-1.4628572,5.8801594,1566948003293
35886,226,Gyroscope,-0.15393804,0.2565634,0.19975294,1566948003302
35887,226,Accelerometer,-8.183380999999999,-1.4305356000000002,5.699397,1566948003303
35888,226,Gyroscope,-0.1685988,0.23701571,0.13988814,1566948003312
35889,226,Accelerometer,-8.529344,-1.4628572,5.5976434,1566948003313
35890,226,Gyroscope,-0.17348573,0.20219639,0.07819075,1566948003322
35891,226,Accelerometer,-8.708909,-1.4975731,5.4911017,1566948003323
35892,226,Gyroscope,-0.18753563,0.17165314,0.031154128,1566948003333
35893,226,Accelerometer,-8.7532015,-1.5586253,5.311536299999999,1566948003333
35894,226,Gyroscope,-0.1966986,0.13194689,-0.012217305,1566948003342
35895,226,Accelerometer,-8.669404,-1.7764976000000003,5.0613421999999995,1566948003343
35896,226,Gyroscope,-0.20158553,0.08307768,-0.040317107000000005,1566948003352
35897,226,Accelerometer,-8.544906,-2.0649989,4.896142500000001,1566948003353
35898,226,Gyroscope,-0.20341812,0.0036651915999999997,-0.015882496,1566948003362
35899,226,Accelerometer,-8.392874,-2.1499932,4.8398786,1566948003363
35900,226,Gyroscope,-0.20158553,-0.021380282999999996,0.014049901000000002,1566948003372
35901,226,Accelerometer,-8.021772,-2.1296425,4.9188876,1566948003373
35902,226,Gyroscope,-0.19425514,-0.047647487,0.044593163,1566948003382
35903,226,Accelerometer,-7.776367,-2.067393,4.985925,1566948003384
35904,226,Gyroscope,-0.18509217,-0.059864793,0.076358154,1566948003393
35905,226,Accelerometer,-7.548918,-2.0171148999999997,5.055357,1566948003393
35906,226,Gyroscope,-0.17287487,-0.062308256,0.09468412,1566948003402
35907,226,Accelerometer,-7.346607700000001,-1.8974048,5.0996494000000006,1566948003403
35908,226,Gyroscope,-0.14049901,-0.07086037,0.096516706,1566948003412
35909,226,Accelerometer,-7.241263000000001,-1.8555063000000003,5.207389,1566948003413
35910,226,Gyroscope,-0.09590584,-0.084910266,0.08246681,1566948003422
35911,226,Accelerometer,-7.4028716,-1.9452889,5.2923827,1566948003423
35912,226,Gyroscope,-0.06658431,-0.09407325,0.062308256,1566948003432
35913,226,Accelerometer,-7.769184599999999,-2.0446482,5.3259015,1566948003433
35914,226,Gyroscope,-0.062308256,-0.0842994,0.05009095,1566948003442
35915,226,Accelerometer,-8.119935,-1.9153613999999999,5.2804117,1566948003443
35916,226,Gyroscope,-0.07941248,-0.06414085,0.032986722999999996,1566948003453
35917,226,Accelerometer,-8.135497,-1.7178397,5.1786585,1566948003453
35918,226,Gyroscope,-0.08063421400000001,-0.050701816,0.015271631,1566948003462
35919,226,Accelerometer,-7.991845,-1.8315643,5.187037999999999,1566948003463
35920,226,Gyroscope,-0.058643065,-0.08796459400000001,-0.007941248,1566948003472
35921,226,Accelerometer,-7.9810715,-2.0422540000000002,5.175066999999999,1566948003473
35922,226,Gyroscope,-0.029932396,-0.13744467,-0.036651913,1566948003482
35923,226,Accelerometer,-7.7847466,-2.134431,5.1487308,1566948003483
35924,226,Gyroscope,-0.008552114,-0.19792034,-0.06536258,1566948003492
35925,226,Accelerometer,-7.739257,-2.0817582999999997,5.044583,1566948003493
35926,226,Gyroscope,0.005497787,-0.26389378,-0.11362094,1566948003502
35927,226,Accelerometer,-7.765592999999999,-1.8004397,5.139154,1566948003503
35928,226,Gyroscope,0.01038471,-0.29565877,-0.16065755,1566948003512
35929,226,Accelerometer,-7.8218570000000005,-1.6340426000000001,5.4384294,1566948003513
35930,226,Gyroscope,0.014660766,-0.30421090000000006,-0.19792034,1566948003522
35931,226,Accelerometer,-7.908048,-1.5155296,5.785588300000001,1566948003523
35932,226,Gyroscope,-0.00061086525,-0.24251351,-0.23396139,1566948003532
35933,226,Accelerometer,-7.8589673,-1.4269443000000002,6.187814,1566948003533
35934,226,Gyroscope,-0.03359759,-0.15271631,-0.23884831,1566948003542
35935,226,Accelerometer,-8.019378999999999,-1.6101006000000002,6.367379,1566948003543
35936,226,Gyroscope,-0.089186326,-0.08796459400000001,-0.21930063,1566948003552
35937,226,Accelerometer,-8.3150625,-2.2768857000000002,6.171055,1566948003553
35938,226,Gyroscope,-0.15821409,-0.059864793,-0.16920967,1566948003562
35939,226,Accelerometer,-8.221688,-2.5953147,6.066907,1566948003563
35940,226,Gyroscope,-0.22052236,-0.04642576,-0.10323623,1566948003572
35941,226,Accelerometer,-7.9463553,-2.9077580000000003,6.0321913,1566948003573
35942,226,Gyroscope,-0.2443461,-0.057421334000000004,-0.047647487,1566948003582
35943,226,Accelerometer,-7.5189905,-3.1280246,6.1363389999999995,1566948003583
35944,226,Gyroscope,-0.22968534,-0.064751714,0.02687807,1566948003592
35945,226,Accelerometer,-7.0688806,-3.1878796,6.2500634,1566948003593
35946,226,Gyroscope,-0.17287487,-0.059864793,0.062308256,1566948003603
35947,226,Accelerometer,-6.610390700000001,-2.9628246,6.339846,1566948003603
35948,226,Gyroscope,-0.13316862,-0.01160644,0.095294975,1566948003612
35949,226,Accelerometer,-6.3099184,-2.7150247000000003,6.393716,1566948003613
35950,226,Gyroscope,-0.105068825,0.053145275,0.12339478,1566948003622
35951,226,Accelerometer,-6.336254599999999,-2.5462333999999998,6.355408000000001,1566948003623
35952,226,Gyroscope,-0.089186326,0.11728613,0.14721853,1566948003632
35953,226,Accelerometer,-6.4763155,-2.3080103,6.2380924,1566948003633
35954,226,Gyroscope,-0.09773844,0.17898351,0.17409660000000002,1566948003642
35955,226,Accelerometer,-6.715736,-2.1068976000000004,6.0106435,1566948003643
35956,226,Gyroscope,-0.118507855,0.23396139,0.19181168,1566948003653
35957,226,Accelerometer,-6.943185000000001,-2.054225,5.693412,1566948003653
35958,226,Gyroscope,-0.1423316,0.26267207,0.18875736,1566948003662
35959,226,Accelerometer,-7.201759,-2.267309,5.418078400000001,1566948003663
35960,226,Gyroscope,-0.1386664,0.25961772,0.16798794,1566948003672
35961,226,Accelerometer,-7.6506715,-2.4863784,5.1726727,1566948003673
35962,226,Gyroscope,-0.124005646,0.21746802,0.14966199,1566948003682
35963,226,Accelerometer,-7.9188222999999995,-2.541445,4.96318,1566948003683
35964,226,Gyroscope,-0.10140363,0.17592919,0.13194689,1566948003692
35965,226,Accelerometer,-7.8625584,-2.56419,4.924873000000001,1566948003693
35966,226,Gyroscope,-0.06352998,0.12095132,0.10323623,1566948003702
35967,226,Accelerometer,-8.019378999999999,-2.7712884,4.938041,1566948003703
35968,226,Gyroscope,-0.03176499,0.04337143,0.07574729,1566948003713
35969,226,Accelerometer,-8.37013,-2.801216,4.882974,1566948003713
35970,226,Gyroscope,-0.040927973,-0.0061086523,0.070249505,1566948003722
35971,226,Accelerometer,-8.295909,-2.5929205,4.876989,1566948003723
35972,226,Gyroscope,-0.070249505,-0.03726278,0.07391469,1566948003732
35973,226,Accelerometer,-8.070853999999999,-2.5486276,5.121197,1566948003733
35974,226,Gyroscope,-0.07452556,-0.062308256,0.06169739,1566948003742
35975,226,Accelerometer,-7.979874000000001,-2.837129,5.395334,1566948003743
35976,226,Gyroscope,-0.06169739,-0.08368854,0.048258353,1566948003752
35977,226,Accelerometer,-8.015787,-3.0382418999999996,5.637148000000001,1566948003753
35978,226,Gyroscope,-0.0580322,-0.095294975,0.04337143,1566948003762
35979,226,Accelerometer,-7.9702972999999995,-3.0370448,5.803545,1566948003763
35980,226,Gyroscope,-0.06047566,-0.09101892,0.0421497,1566948003773
35981,226,Accelerometer,-7.8003089999999995,-2.9724014,5.813122,1566948003773
35982,226,Gyroscope,-0.07574729,-0.061086524,0.03726278,1566948003782
35983,226,Accelerometer,-7.606379,-2.8419175,5.710171,1566948003783
35984,226,Gyroscope,-0.08857546,-0.03848451,0.039095376,1566948003792
35985,226,Accelerometer,-7.217321000000001,-2.6922797999999997,5.7137623,1566948003793
35986,226,Gyroscope,-0.081855945,-0.015271631,0.037873644,1566948003802
35987,226,Accelerometer,-6.8773446,-2.767697,5.7843914000000005,1566948003803
35988,226,Gyroscope,-0.062308256,-0.0018325957999999999,0.03359759,1566948003812
35989,226,Accelerometer,-6.855796300000001,-2.8407204,5.8274870000000005,1566948003813
35990,226,Gyroscope,-0.047036625,-0.004276057,0.007330383,1566948003822
35991,226,Accelerometer,-6.9383965,-2.7772740000000002,5.9268465,1566948003823
35992,226,Gyroscope,-0.049480084,0.005497787,-0.01038471,1566948003833
35993,226,Accelerometer,-7.2424603,-2.6396074,5.947197,1566948003833
35994,226,Gyroscope,-0.08368854,0.031154128,-0.015882496,1566948003842
35995,226,Accelerometer,-7.302314999999999,-2.4121582999999998,5.8478374,1566948003843
35996,226,Gyroscope,-0.1020145,0.044593163,-0.031154128,1566948003852
35997,226,Accelerometer,-7.2640080000000005,-2.5007436000000003,5.8634,1566948003853
35998,226,Gyroscope,-0.111177474,0.03481932,-0.040927973,1566948003862
35999,226,Accelerometer,-7.4866686,-2.7772740000000002,5.8322754,1566948003863
36000,226,Gyroscope,-0.13133603,0.039095376,-0.029321532999999997,1566948003872
36001,226,Accelerometer,-7.5932107,-2.8323407000000005,5.7065797,1566948003873
36002,226,Gyroscope,-0.15271631,0.05009095,-0.007941248,1566948003883
36003,226,Accelerometer,-7.516596300000001,-2.789245,5.638344999999999,1566948003883
36004,226,Gyroscope,-0.15149458,0.058643065,0.004276057,1566948003892
36005,226,Accelerometer,-7.390900599999999,-2.9364884,5.7257333,1566948003893
36006,226,Gyroscope,-0.13927728,0.04337143,0.013439035,1566948003902
36007,226,Accelerometer,-7.4711065,-3.1148564999999997,5.7808,1566948003903
36008,226,Gyroscope,-0.15027285,0.02443461,0.030543262,1566948003912
36009,226,Accelerometer,-7.5584945999999995,-2.967613,5.6551046,1566948003913
36010,226,Gyroscope,-0.18509217,0.03848451,0.05375614,1566948003922
36011,226,Accelerometer,-7.231686,-2.6970682,5.530606,1566948003923
36012,226,Gyroscope,-0.19120082,0.044593163,0.058643065,1566948003932
36013,226,Accelerometer,-6.8306575,-2.6527755,5.6299653,1566948003933
36014,226,Gyroscope,-0.16249016,0.0421497,0.04153884,1566948003942
36015,226,Accelerometer,-6.7791820000000005,-2.9376855,5.8262897,1566948003943
36016,226,Gyroscope,-0.13194689,0.04886922,0.031154128,1566948003952
36017,226,Accelerometer,-7.037756,-3.1028854999999997,5.849035,1566948003953
36018,226,Gyroscope,-0.13255776,0.06841691,0.030543262,1566948003962
36019,226,Accelerometer,-7.1490865,-2.9317,5.74369,1566948003963
36020,226,Gyroscope,-0.13805555,0.08735373,0.03604105,1566948003972
36021,226,Accelerometer,-7.184999499999999,-2.8562827,5.6670755999999995,1566948003973
36022,226,Gyroscope,-0.13744467,0.111177474,0.039095376,1566948003982
36023,226,Accelerometer,-7.2101383000000006,-3.0023289,5.633556400000001,1566948003983
36024,226,Gyroscope,-0.12217305,0.11362094,0.05009095,1566948003992
36025,226,Accelerometer,-7.225700999999999,-3.2166099999999997,5.5581393,1566948003993
36026,226,Gyroscope,-0.11484267,0.10262536,0.06597344599999999,1566948004003
36027,226,Accelerometer,-7.200561500000001,-3.3363202000000003,5.391742,1566948004003
36028,226,Gyroscope,-0.10751228,0.073303826,0.07574729,1566948004012
36029,226,Accelerometer,-7.1287354999999994,-3.1423897999999997,5.407305,1566948004013
36030,226,Gyroscope,-0.092240654,0.04153884,0.089186326,1566948004022
36031,226,Accelerometer,-7.071274799999999,-2.9388826,5.5030727,1566948004023
36032,226,Gyroscope,-0.089186326,0.029321532999999997,0.11178834,1566948004032
36033,226,Accelerometer,-6.983886200000001,-2.8000187999999997,5.6802435,1566948004033
36034,226,Gyroscope,-0.09407325,0.017104227,0.12767084,1566948004042
36035,226,Accelerometer,-7.015011,-2.765303,5.8466406,1566948004043
36036,226,Gyroscope,-0.095294975,0.004276057,0.15149458,1566948004052
36037,226,Accelerometer,-7.152677499999999,-2.6180596,5.9567738,1566948004053
36038,226,Gyroscope,-0.10873401,0.030543262,0.16920967,1566948004062
36039,226,Accelerometer,-7.1371155,-2.3594859,6.217741999999999,1566948004063
36040,226,Gyroscope,-0.12767084,0.10445796,0.19364429,1566948004072
36041,226,Accelerometer,-7.110779300000001,-2.1799207000000003,6.505046,1566948004073
36042,226,Gyroscope,-0.13133603,0.20708331,0.21930063,1566948004082
36043,226,Accelerometer,-7.254431200000001,-2.1643584,6.682217,1566948004083
36044,226,Gyroscope,-0.1337795,0.31642818,0.24129178,1566948004092
36045,226,Accelerometer,-7.4124484,-2.1583729,6.573281,1566948004093
36046,226,Gyroscope,-0.14294247,0.39645153,0.24312437,1566948004102
36047,226,Accelerometer,-7.642291999999999,-2.088941,6.4416,1566948004103
36048,226,Gyroscope,-0.16065755,0.46486846,0.2284636,1566948004112
36049,226,Accelerometer,-7.807492,-1.9057846,6.242881,1566948004113
36050,226,Gyroscope,-0.17348573,0.52595496,0.19547687,1566948004122
36051,226,Accelerometer,-7.739257,-1.7753005000000002,6.105214,1566948004123
36052,226,Gyroscope,-0.17165314,0.5674938,0.14355333,1566948004132
36053,226,Accelerometer,-7.915230800000001,-1.9249381999999997,5.8933277,1566948004133
36054,226,Gyroscope,-0.15393804,0.54183745,0.08674286,1566948004142
36055,226,Accelerometer,-8.230068,-2.0829554,5.5006785,1566948004143
36056,226,Gyroscope,-0.13316862,0.48014009999999996,0.032986722999999996,1566948004152
36057,226,Accelerometer,-8.39886,-2.0709844,5.100847,1566948004153
36058,226,Gyroscope,-0.12156218,0.39767328,-0.0030543262,1566948004162
36059,226,Accelerometer,-8.371326,-1.9955671000000001,4.831499,1566948004163
36060,226,Gyroscope,-0.10079276599999999,0.30726522,-0.03481932,1566948004172
36061,226,Accelerometer,-8.277952,-2.1092918,4.68665,1566948004173
36062,226,Gyroscope,-0.07819075,0.21868975,-0.06291912,1566948004182
36063,226,Accelerometer,-8.209717999999999,-2.3965959999999997,4.5501804,1566948004183
36064,226,Gyroscope,-0.06719518,0.13927728,-0.07391469,1566948004192
36065,226,Accelerometer,-8.146272,-2.5725696,4.483143,1566948004193
36066,226,Gyroscope,-0.057421334000000004,0.07147124,-0.07941248,1566948004202
36067,226,Accelerometer,-8.146272,-2.6623523,4.4963107,1566948004203
36068,226,Gyroscope,-0.05009095,0.032986722999999996,-0.077579886,1566948004212
36069,226,Accelerometer,-8.043321,-2.7210102000000003,4.554969,1566948004213
36070,226,Gyroscope,-0.0421497,0.0061086523,-0.06597344599999999,1566948004222
36071,226,Accelerometer,-7.9367785,-2.7629087,4.644751,1566948004223
36072,226,Gyroscope,-0.01282817,-0.009162978,-0.06291912,1566948004232
36073,226,Accelerometer,-7.803900200000001,-2.9604304,4.8147397000000005,1566948004233
36074,226,Gyroscope,0.030543262,-0.02321288,-0.06169739,1566948004242
36075,226,Accelerometer,-7.898471400000001,-3.0681696,4.805162999999999,1566948004243
36076,226,Gyroscope,0.06963864,-0.032375857,-0.062308256,1566948004252
36077,226,Accelerometer,-7.997831,-3.0226796,4.722563,1566948004253
36078,226,Gyroscope,0.10018189999999999,-0.036651913,-0.05497787,1566948004262
36079,226,Accelerometer,-8.118738,-2.8969840000000002,4.7393220000000005,1566948004263
36080,226,Gyroscope,0.13805555,-0.061086524,-0.056199603,1566948004272
36081,226,Accelerometer,-8.303091,-2.7928362,4.8243165,1566948004273
36082,226,Gyroscope,0.17409660000000002,-0.12095132,-0.06658431,1566948004282
36083,226,Accelerometer,-8.441956,-2.730587,4.8494554,1566948004283
36084,226,Gyroscope,0.18997909,-0.17592919,-0.07574729,1566948004292
36085,226,Accelerometer,-8.443152,-2.4480712000000002,4.795586,1566948004293
36086,226,Gyroscope,0.18753563,-0.22968534,-0.09101892,1566948004302
36087,226,Accelerometer,-8.292317,-2.1033063,4.8638205999999995,1566948004303
36088,226,Gyroscope,0.18020524,-0.26878070000000004,-0.10567969,1566948004312
36089,226,Accelerometer,-8.139089,-1.8590976000000001,5.007473,1566948004313
36090,226,Gyroscope,0.17531833,-0.29626966,-0.13744467,1566948004322
36091,226,Accelerometer,-7.915230800000001,-1.7477672,5.2852,1566948004323
36092,226,Gyroscope,0.1685988,-0.31642818,-0.17104226,1566948004332
36093,226,Accelerometer,-7.843405000000001,-1.7525556,5.5365915,1566948004333
36094,226,Gyroscope,0.1423316,-0.31703907,-0.19853121,1566948004342
36095,226,Accelerometer,-7.848192999999999,-1.6986861,5.705383,1566948004343
36096,226,Gyroscope,0.106901415,-0.30176744,-0.22296582,1566948004352
36097,226,Accelerometer,-7.592013400000001,-1.5993267,5.8215012999999995,1566948004353
36098,226,Gyroscope,0.09101892,-0.28588495,-0.24373524,1566948004362
36099,226,Accelerometer,-7.338228,-1.6783354,6.042965000000001,1566948004363
36100,226,Gyroscope,0.08368854,-0.27000242,-0.26145032,1566948004373
36101,226,Accelerometer,-7.134721300000001,-1.7764976000000003,6.131551,1566948004373
36102,226,Gyroscope,0.07513642,-0.26145032,-0.26633725,1566948004382
36103,226,Accelerometer,-6.933608,-1.9428947,6.1183825,1566948004383
36104,226,Gyroscope,0.081855945,-0.24190263,-0.25411993,1566948004393
36105,226,Accelerometer,-7.065289,-2.0518308000000003,6.179435,1566948004393
36106,226,Gyroscope,0.086132,-0.19547687,-0.23701571,1566948004402
36107,226,Accelerometer,-7.023391,-1.9452889,6.2668230000000005,1566948004403
36108,226,Gyroscope,0.073303826,-0.15149458,-0.22235495,1566948004412
36109,226,Accelerometer,-6.941988,-1.8447324,6.367379,1566948004413
36110,226,Gyroscope,0.059253927000000005,-0.12339478,-0.21380283,1566948004422
36111,226,Accelerometer,-6.933608,-2.0398598000000003,6.5146227,1566948004423
36112,226,Gyroscope,0.043982297000000004,-0.07086037,-0.19242255,1566948004432
36113,226,Accelerometer,-7.1754226999999995,-2.2242134,6.640318400000001,1566948004433
36114,226,Gyroscope,0.021991148999999998,0.009162978,-0.15332718,1566948004442
36115,226,Accelerometer,-7.21373,-2.1883004,6.7444663,1566948004443
36116,226,Gyroscope,-0.004886922,0.059253927000000005,-0.10751228,1566948004452
36117,226,Accelerometer,-7.3346367,-2.0913353,6.6989765,1566948004453
36118,226,Gyroscope,-0.020158553,0.089186326,-0.07513642,1566948004463
36119,226,Accelerometer,-7.387309599999999,-1.9776106,6.712144400000001,1566948004463
36120,226,Gyroscope,-0.037873644,0.1282817,-0.056199603,1566948004472
36121,226,Accelerometer,-7.208941499999999,-2.2014685000000003,6.4643445,1566948004473
36122,226,Gyroscope,-0.06047566,0.16798794,-0.017715093,1566948004482
36123,226,Accelerometer,-7.03177,-2.3451207000000003,6.191406,1566948004483
36124,226,Gyroscope,-0.086132,0.19914207,0.026267206,1566948004493
36125,226,Accelerometer,-6.777985,-2.4121582999999998,6.06571,1566948004493
36126,226,Gyroscope,-0.09101892,0.2284636,0.070249505,1566948004502
36127,226,Accelerometer,-6.920439999999999,-2.4875755,5.901707,1566948004503
36128,226,Gyroscope,-0.07147124,0.25595254,0.105068825,1566948004512
36129,226,Accelerometer,-6.979098,-2.4361002,5.6898203,1566948004513
36130,226,Gyroscope,-0.050701816,0.33169982,0.112399206,1566948004523
36131,226,Accelerometer,-7.129933,-2.3343467999999996,5.3785739999999995,1566948004523
36132,226,Gyroscope,-0.04153884,0.32131509999999996,0.103847094,1566948004532
36133,226,Accelerometer,-7.496245399999999,-2.3295584,5.1439424,1566948004533
36134,226,Gyroscope,-0.036651913,0.30848694,0.08124508,1566948004542
36135,226,Accelerometer,-7.7320743,-2.3582888,4.8638205999999995,1566948004543
36136,226,Gyroscope,-0.04337143,0.28527406,0.06658431,1566948004552
36137,226,Accelerometer,-7.983465700000001,-2.3690627,4.5645456,1566948004553
36138,226,Gyroscope,-0.040317107000000005,0.2302962,0.052534412999999995,1566948004562
36139,226,Accelerometer,-7.9092455,-2.421735,4.519056,1566948004563
36140,226,Gyroscope,-0.018325957,0.15882497,0.026267206,1566948004572
36141,226,Accelerometer,-7.818265400000001,-2.5917234000000002,4.6375684999999995,1566948004573
36142,226,Gyroscope,0.026267206,0.06963864,-0.0012217305,1566948004582
36143,226,Accelerometer,-7.8386164,-2.9125464,4.8482585,1566948004583
36144,226,Gyroscope,0.07269296,0.014660766,-0.02076942,1566948004592
36145,226,Accelerometer,-7.966706299999999,-3.2381577,4.973954,1566948004593
36146,226,Gyroscope,0.10018189999999999,-0.04642576,-0.020158553,1566948004603
36147,226,Accelerometer,-8.300697,-3.1555579,4.9787426,1566948004603
36148,226,Gyroscope,0.093462385,-0.10140363,-0.015882496,1566948004612
36149,226,Accelerometer,-8.236053,-2.8909986,5.0122614,1566948004613
36150,226,Gyroscope,0.064751714,-0.10751228,-0.0012217305,1566948004622
36151,226,Accelerometer,-7.921216499999999,-2.8179752999999996,5.159505,1566948004623
36152,226,Gyroscope,0.06658431,-0.12644911,-0.0030543262,1566948004633
36153,226,Accelerometer,-7.693767,-2.8670566,5.430049400000001,1566948004633
36154,226,Gyroscope,0.095294975,-0.16310102,-0.009773844,1566948004642
36155,226,Accelerometer,-7.581239699999999,-2.8431146000000003,5.686229,1566948004643
36156,226,Gyroscope,0.11301007,-0.1685988,-0.007330383,1566948004652
36157,226,Accelerometer,-7.5345526,-2.610877,5.7784057,1566948004653
36158,226,Gyroscope,0.11545353400000001,-0.16004670000000001,-0.008552114,1566948004662
36159,226,Accelerometer,-7.3214690000000004,-2.336741,5.895722,1566948004663
36160,226,Gyroscope,0.11301007,-0.13194689,-0.021380282999999996,1566948004672
36161,226,Accelerometer,-7.232883500000001,-2.3343467999999996,6.0501475,1566948004673
36162,226,Gyroscope,0.10323623,-0.10262536,-0.035430185,1566948004682
36163,226,Accelerometer,-7.28795,-2.3475148999999997,6.1507044,1566948004683
36164,226,Gyroscope,0.092240654,-0.06963864,-0.053145275,1566948004692
36165,226,Accelerometer,-7.223306699999999,-2.3546975,6.281187999999999,1566948004693
36166,226,Gyroscope,0.064751714,-0.039095376,-0.0580322,1566948004702
36167,226,Accelerometer,-7.309498,-2.3139958,6.1578870000000006,1566948004703
36168,226,Gyroscope,0.02443461,-0.014049901000000002,-0.059864793,1566948004712
36169,226,Accelerometer,-7.454347,-2.3391352000000003,5.978321599999999,1566948004713
36170,226,Gyroscope,-0.016493361,0.021991148999999998,-0.05131268,1566948004722
36171,226,Accelerometer,-7.4603324,-2.3930047,5.8885393,1566948004723
36172,226,Gyroscope,-0.048258353,0.050701816,-0.037873644,1566948004732
36173,226,Accelerometer,-7.4603324,-2.492364,5.9029045,1566948004733
36174,226,Gyroscope,-0.05497787,0.050701816,-0.03726278,1566948004742
36175,226,Accelerometer,-7.496245399999999,-2.7257986,5.9483943,1566948004743
36176,226,Gyroscope,-0.059253927000000005,0.04886922,-0.02443461,1566948004752
36177,226,Accelerometer,-7.681796,-2.8514943,5.9448028,1566948004753
36178,226,Gyroscope,-0.08307768,0.052534412999999995,-0.010995574,1566948004763
36179,226,Accelerometer,-7.69257,-2.7497406000000004,5.8502316,1566948004763
36180,226,Gyroscope,-0.1142318,0.073303826,-0.002443461,1566948004772
36181,226,Accelerometer,-7.48188,-2.7234043999999997,5.7987566,1566948004773
36182,226,Gyroscope,-0.14049901,0.07880162,0.009773844,1566948004782
36183,226,Accelerometer,-7.394492,-2.8538885,5.731719,1566948004783
36184,226,Gyroscope,-0.15699236,0.058643065,0.014049901000000002,1566948004792
36185,226,Accelerometer,-7.376535400000001,-2.8514943,5.693412,1566948004793
36186,226,Gyroscope,-0.16737708,0.05497787,0.014660766,1566948004802
36187,226,Accelerometer,-7.2113357,-2.8443117,5.707777,1566948004803
36188,226,Gyroscope,-0.172264,0.07147124,0.015882496,1566948004812
36189,226,Accelerometer,-7.0808516,-2.813187,5.6886234,1566948004813
36190,226,Gyroscope,-0.17592919,0.09407325,0.018325957,1566948004822
36191,226,Accelerometer,-7.004237,-2.779668,5.613206,1566948004823
36192,226,Gyroscope,-0.1685988,0.11056661,0.022602014,1566948004832
36193,226,Accelerometer,-6.871359,-2.8814217999999996,5.589264,1566948004833
36194,226,Gyroscope,-0.14966199,0.111177474,0.018936822,1566948004842
36195,226,Accelerometer,-6.931214,-3.0478187,5.565322,1566948004843
36196,226,Gyroscope,-0.13988814,0.096516706,0.018325957,1566948004852
36197,226,Accelerometer,-7.1155677,-3.0897174,5.4851160000000005,1566948004853
36198,226,Gyroscope,-0.14355333,0.093462385,0.020158553,1566948004862
36199,226,Accelerometer,-7.007828,-3.0454244999999998,5.461174,1566948004863
36200,226,Gyroscope,-0.13561209,0.09896017,0.021380282999999996,1566948004872
36201,226,Accelerometer,-6.9743094,-3.2489316,5.54138,1566948004873
36202,226,Gyroscope,-0.11911872,0.08735373,0.034208454,1566948004882
36203,226,Accelerometer,-7.217321000000001,-3.5350387000000003,5.591658,1566948004883
36204,226,Gyroscope,-0.11484267,0.06352998,0.058643065,1566948004892
36205,226,Accelerometer,-7.36217,-3.6415808,5.531803,1566948004893
36206,226,Gyroscope,-0.12156218,0.08246681,0.08735373,1566948004903
36207,226,Accelerometer,-7.1646485,-3.5302502999999996,5.5748987,1566948004903
36208,226,Gyroscope,-0.106901415,0.12644911,0.12705997,1566948004912
36209,226,Accelerometer,-7.041347,-3.4320881,5.6431336,1566948004913
36210,226,Gyroscope,-0.08979719,0.18692477,0.16798794,1566948004922
36211,226,Accelerometer,-7.1407065,-3.3506854,5.66109,1566948004923
36212,226,Gyroscope,-0.07574729,0.20647246,0.21563543,1566948004932
36213,226,Accelerometer,-7.4723034,-2.8107927000000004,5.342661,1566948004933
36214,226,Gyroscope,-0.07391469,0.17287487,0.25228736,1566948004942
36215,226,Accelerometer,-7.891288799999999,-2.4349031,5.2768207,1566948004943
36216,226,Gyroscope,-0.0720821,0.10079276599999999,0.2706133,1566948004952
36217,226,Accelerometer,-7.9236107,-1.9955671000000001,5.3558292000000005,1566948004953
36218,226,Gyroscope,-0.059864793,0.026267206,0.27550024,1566948004962
36219,226,Accelerometer,-7.8422074,-1.6017209,5.604826,1566948004963
36220,226,Gyroscope,-0.029932396,-0.053145275,0.25350907,1566948004973
36221,226,Accelerometer,-7.825448,-1.3563153000000001,5.9244523000000004,1566948004973
36222,226,Gyroscope,-0.013439035,-0.07941248,0.21074851,1566948004982
36223,226,Accelerometer,-7.969100500000001,-1.1791444,6.1483099999999995,1566948004983
36224,226,Gyroscope,-0.017715093,-0.056199603,0.14294247,1566948004992
36225,226,Accelerometer,-7.961917999999999,-1.0953473,6.1938,1566948004993
36226,226,Gyroscope,-0.049480084,0.018325957,0.052534412999999995,1566948005002
36227,226,Accelerometer,-7.9367785,-1.2988545,6.203377,1566948005003
36228,226,Gyroscope,-0.086132,0.07819075,-0.035430185,1566948005012
36229,226,Accelerometer,-8.157045,-1.6436194,6.0980315,1566948005013
36230,226,Gyroscope,-0.12767084,0.12705997,-0.09712757,1566948005022
36231,226,Accelerometer,-8.1797905,-1.8327613999999999,5.931635,1566948005023
36232,226,Gyroscope,-0.16371189,0.19792034,-0.12889257,1566948005033
36233,226,Accelerometer,-7.9583262999999995,-2.0817582999999997,5.7209449999999995,1566948005033
36234,226,Gyroscope,-0.16737708,0.24678956,-0.13561209,1566948005042
36235,226,Accelerometer,-7.7201033,-2.4301147000000003,5.4515970000000005,1566948005043
36236,226,Gyroscope,-0.14538592,0.23945917,-0.11728613,1566948005052
36237,226,Accelerometer,-7.582436599999999,-2.7581203,5.2085857,1566948005053
36238,226,Gyroscope,-0.11056661,0.19425514,-0.073303826,1566948005062
36239,226,Accelerometer,-7.5369470000000005,-2.7844564999999997,5.0864816,1566948005063
36240,226,Gyroscope,-0.08674286,0.13622294,-0.018936822,1566948005072
36241,226,Accelerometer,-7.4184339999999995,-2.4851813,5.080496,1566948005073
36242,226,Gyroscope,-0.07086037,0.08307768,0.02443461,1566948005082
36243,226,Accelerometer,-7.3825210000000006,-2.3020248,5.2361193,1566948005083
36244,226,Gyroscope,-0.062308256,0.030543262,0.039095376,1566948005092
36245,226,Accelerometer,-7.562086,-2.2254104999999997,5.335478299999999,1566948005093
36246,226,Gyroscope,-0.06719518,-0.03481932,0.03604105,1566948005102
36247,226,Accelerometer,-7.782352400000001,-2.0266917,5.3282957,1566948005103
36248,226,Gyroscope,-0.09285152,-0.050701816,0.028099801,1566948005112
36249,226,Accelerometer,-7.782352400000001,-1.7992426,5.4049106,1566948005113
36250,226,Gyroscope,-0.0983493,-0.03604105,0.016493361,1566948005122
36251,226,Accelerometer,-7.823053999999999,-1.7525556,5.481525,1566948005123
36252,226,Gyroscope,-0.07941248,-0.007941248,-0.0030543262,1566948005132
36253,226,Accelerometer,-7.941567,-1.8866308999999997,5.4899044,1566948005133
36254,226,Gyroscope,-0.049480084,0.0012217305,-0.021380282999999996,1566948005142
36255,226,Accelerometer,-8.025364,-1.99437,5.363012,1566948005143
36256,226,Gyroscope,-0.028710667000000002,-0.007941248,-0.03970624,1566948005152
36257,226,Accelerometer,-8.01459,-2.0973208,5.269638,1566948005153
36258,226,Gyroscope,-0.009773844,-0.02321288,-0.054367005999999996,1566948005162
36259,226,Accelerometer,-7.9702972999999995,-2.1990743,5.175066999999999,1566948005163
36260,226,Gyroscope,0.01038471,-0.055588737,-0.0720821,1566948005172
36261,226,Accelerometer,-7.945158500000001,-2.2266076,5.1235914000000005,1566948005173
36262,226,Gyroscope,0.02076942,-0.092240654,-0.08063421400000001,1566948005182
36263,226,Accelerometer,-7.898471400000001,-2.1080947,5.062539599999999,1566948005183
36264,226,Gyroscope,0.027488936000000002,-0.11789699,-0.08552113,1566948005192
36265,226,Accelerometer,-7.6231384,-2.018312,5.1355624,1566948005193
36266,226,Gyroscope,0.03970624,-0.14172074,-0.106901415,1566948005203
36267,226,Accelerometer,-7.553706,-2.054225,5.2564697,1566948005203
36268,226,Gyroscope,0.055588737,-0.17531833,-0.118507855,1566948005212
36269,226,Accelerometer,-7.568071400000001,-2.0949266,5.415684,1566948005213
36270,226,Gyroscope,0.053145275,-0.16371189,-0.12278391400000001,1566948005222
36271,226,Accelerometer,-7.559692,-2.1332338,5.5701103,1566948005223
36272,226,Gyroscope,0.043982297000000004,-0.13133603,-0.13072516,1566948005232
36273,226,Accelerometer,-7.6650367,-2.1811178,5.730521700000001,1566948005233
36274,226,Gyroscope,0.02443461,-0.084910266,-0.13500121,1566948005242
36275,226,Accelerometer,-7.7667904000000005,-2.2421699,5.8083334,1566948005243
36276,226,Gyroscope,-0.0030543262,-0.04886922,-0.124005646,1566948005252
36277,226,Accelerometer,-7.896077,-2.3822308,5.8107276,1566948005253
36278,226,Gyroscope,-0.028710667000000002,-0.03604105,-0.10812314599999999,1566948005262
36279,226,Accelerometer,-7.912836599999999,-2.5103204,5.831078,1566948005263
36280,226,Gyroscope,-0.0421497,-0.030543262,-0.09468412,1566948005272
36281,226,Accelerometer,-7.801506,-2.7006595,5.8598084,1566948005273
36282,226,Gyroscope,-0.050701816,-0.030543262,-0.06780604,1566948005283
36283,226,Accelerometer,-7.7464395,-2.8646624,5.8466406,1566948005283
36284,226,Gyroscope,-0.04276056599999999,-0.030543262,-0.032986722999999996,1566948005292
36285,226,Accelerometer,-7.6219410000000005,-2.9724014,5.8274870000000005,1566948005293
36286,226,Gyroscope,-0.03359759,-0.03176499,0.0061086523,1566948005302
36287,226,Accelerometer,-7.419631,-2.9364884,5.8095303,1566948005303
36288,226,Gyroscope,-0.031154128,-0.010995574,0.04153884,1566948005313
36289,226,Accelerometer,-7.21373,-2.753332,5.831078,1566948005313
36290,226,Gyroscope,-0.02565634,-0.004886922,0.06658431,1566948005322
36291,226,Accelerometer,-7.186196300000001,-2.610877,5.837064,1566948005323
36292,226,Gyroscope,-0.032986722999999996,-0.0018325957999999999,0.07941248,1566948005332
36293,226,Accelerometer,-7.2699933,-2.3989902,5.8274870000000005,1566948005333
36294,226,Gyroscope,-0.051923547,0.015882496,0.08552113,1566948005342
36295,226,Accelerometer,-7.254431200000001,-2.1404164,5.849035,1566948005343
36296,226,Gyroscope,-0.073303826,0.030543262,0.07941248,1566948005352
36297,226,Accelerometer,-7.3430165999999994,-2.0506337,5.8262897,1566948005353
36298,226,Gyroscope,-0.08735373,0.04276056599999999,0.059253927000000005,1566948005362
36299,226,Accelerometer,-7.4327993,-2.0661959999999997,5.8262897,1566948005363
36300,226,Gyroscope,-0.09773844,0.05131268,0.036651913,1566948005373
36301,226,Accelerometer,-7.5034279999999995,-2.1332338,5.7640405,1566948005373
36302,226,Gyroscope,-0.10812314599999999,0.062308256,0.02321288,1566948005382
36303,226,Accelerometer,-7.614758500000001,-2.1571757999999996,5.7005944,1566948005383
36304,226,Gyroscope,-0.11484267,0.0720821,0.014049901000000002,1566948005392
36305,226,Accelerometer,-7.581239699999999,-2.1871033,5.7257333,1566948005393
36306,226,Gyroscope,-0.11362094,0.08674286,0.004276057,1566948005403
36307,226,Accelerometer,-7.5525093,-2.4684220000000003,5.742492700000001,1566948005403
36308,226,Gyroscope,-0.10934488,0.089186326,0.0012217305,1566948005412
36309,226,Accelerometer,-7.4974427,-2.5115175,5.6826377,1566948005413
36310,226,Gyroscope,-0.10934488,0.09101892,0.007941248,1566948005422
36311,226,Accelerometer,-7.407660000000001,-2.5965118,5.5844755,1566948005423
36312,226,Gyroscope,-0.11362094,0.09712757,0.030543262,1566948005432
36313,226,Accelerometer,-7.381324,-2.6551697,5.5509567,1566948005433
36314,226,Gyroscope,-0.10323623,0.077579886,0.047036625,1566948005442
36315,226,Accelerometer,-7.302314999999999,-2.7198130000000003,5.5270147000000005,1566948005443
36316,226,Gyroscope,-0.08307768,0.06047566,0.064751714,1566948005452
36317,226,Accelerometer,-7.2268977,-2.8203697,5.5988407,1566948005453
36318,226,Gyroscope,-0.050701816,0.03604105,0.07086037,1566948005462
36319,226,Accelerometer,-7.48188,-2.847903,5.627571,1566948005463
36320,226,Gyroscope,-0.040317107000000005,0.020158553,0.07941248,1566948005472
36321,226,Accelerometer,-7.511808,-2.6360161,5.506664,1566948005473
36322,226,Gyroscope,-0.06719518,0.014049901000000002,0.09773844,1566948005482
36323,226,Accelerometer,-7.252037,-2.4384943999999997,5.4659624,1566948005483
36324,226,Gyroscope,-0.08368854,0.009773844,0.09040806,1566948005492
36325,226,Accelerometer,-7.1742253,-2.5198972,5.6682725,1566948005493
36326,226,Gyroscope,-0.076358154,0.005497787,0.06597344599999999,1566948005502
36327,226,Accelerometer,-7.265205,-2.574964,5.852626,1566948005503
36328,226,Gyroscope,-0.06169739,0.008552114,0.040317107000000005,1566948005512
36329,226,Accelerometer,-7.376535400000001,-2.6060886,6.0321913,1566948005513
36330,226,Gyroscope,-0.061086524,0.02687807,0.016493361,1566948005523
36331,226,Accelerometer,-7.6949644,-2.5546130000000002,5.8837504,1566948005523
36332,226,Gyroscope,-0.081855945,0.047647487,0.016493361,1566948005532
36333,226,Accelerometer,-7.782352400000001,-2.4600422,5.687426,1566948005533
36334,226,Gyroscope,-0.10995574,0.08735373,-0.008552114,1566948005542
36335,226,Accelerometer,-7.636306299999999,-2.6431987,5.633556400000001,1566948005543
36336,226,Gyroscope,-0.10812314599999999,0.09407325,-0.015882496,1566948005552
36337,226,Accelerometer,-7.7572136,-2.9735985,5.662287,1566948005553
36338,226,Gyroscope,-0.09407325,0.08063421400000001,-0.0012217305,1566948005563
36339,226,Accelerometer,-7.763199,-3.0262709,5.543774,1566948005563
36340,226,Gyroscope,-0.09285152,0.07147124,0.019547688,1566948005572
36341,226,Accelerometer,-7.5309615,-2.9041667,5.425261,1566948005573
36342,226,Gyroscope,-0.09162979,0.05375614,0.029321532999999997,1566948005582
36343,226,Accelerometer,-7.462726600000001,-2.979584,5.4432178,1566948005583
36344,226,Gyroscope,-0.084910266,0.03176499,0.036651913,1566948005592
36345,226,Accelerometer,-7.5549035,-2.9053638,5.4384294,1566948005593
36346,226,Gyroscope,-0.092240654,0.022602014,0.04337143,1566948005603
36347,226,Accelerometer,-7.405266,-2.682703,5.4803276,1566948005603
36348,226,Gyroscope,-0.099571034,0.030543262,0.047647487,1566948005612
36349,226,Accelerometer,-7.28795,-2.645593,5.5976434,1566948005613
36350,226,Gyroscope,-0.093462385,0.019547688,0.027488936000000002,1566948005622
36351,226,Accelerometer,-7.4064630000000005,-2.7389667,5.665878299999999,1566948005623
36352,226,Gyroscope,-0.09040806,0.014660766,0.01282817,1566948005632
36353,226,Accelerometer,-7.538144,-2.7712884,5.616797,1566948005633
36354,226,Gyroscope,-0.09896017,0.02076942,0.017104227,1566948005642
36355,226,Accelerometer,-7.4866686,-2.7126305,5.591658,1566948005643
36356,226,Gyroscope,-0.09773844,0.02076942,0.021380282999999996,1566948005652
36357,226,Accelerometer,-7.396886299999999,-2.7736826,5.657499,1566948005653
36358,226,Gyroscope,-0.0842994,0.031154128,0.029321532999999997,1566948005662
36359,226,Accelerometer,-7.3322425,-2.870648,5.7065797,1566948005663
36360,226,Gyroscope,-0.07819075,0.03848451,0.04520403,1566948005672
36361,226,Accelerometer,-7.3406224,-2.9436709999999997,5.6563015,1566948005673
36362,226,Gyroscope,-0.086132,0.044593163,0.062308256,1566948005682
36363,226,Accelerometer,-7.2149267,-2.8981812000000002,5.623979599999999,1566948005683
36364,226,Gyroscope,-0.099571034,0.06352998,0.06780604,1566948005692
36365,226,Accelerometer,-7.108384599999999,-3.0154970000000003,5.5940523,1566948005693
36366,226,Gyroscope,-0.10445796,0.056199603,0.06291912,1566948005702
36367,226,Accelerometer,-7.232883500000001,-3.0609868,5.57849,1566948005703
36368,226,Gyroscope,-0.10262536,0.0580322,0.059864793,1566948005712
36369,226,Accelerometer,-7.2352777,-3.1028854999999997,5.649119000000001,1566948005714
36370,226,Gyroscope,-0.09712757,0.06658431,0.057421334000000004,1566948005722
36371,226,Accelerometer,-7.285556,-3.144784,5.6551046,1566948005723
36372,226,Gyroscope,-0.105068825,0.081855945,0.06291912,1566948005732
36373,226,Accelerometer,-7.36217,-3.1316159,5.565322,1566948005733
36374,226,Gyroscope,-0.112399206,0.09712757,0.0720821,1566948005742
36375,226,Accelerometer,-7.271190600000001,-3.0945058,5.5282116,1566948005743
36376,226,Gyroscope,-0.0983493,0.10262536,0.07574729,1566948005752
36377,226,Accelerometer,-7.1466923,-3.1519666,5.591658,1566948005753
36378,226,Gyroscope,-0.073303826,0.099571034,0.08002335,1566948005763
36379,226,Accelerometer,-7.193378999999999,-3.2620997000000003,5.66947,1566948005763
36380,226,Gyroscope,-0.061086524,0.10445796,0.092240654,1566948005773
36381,226,Accelerometer,-7.27957,-3.181894,5.6898203,1566948005773
36382,226,Gyroscope,-0.073303826,0.124005646,0.106901415,1566948005782
36383,226,Accelerometer,-7.252037,-3.052607,5.6203885,1566948005783
36384,226,Gyroscope,-0.09407325,0.13194689,0.11789699,1566948005792
36385,226,Accelerometer,-7.429208,-2.9807810000000003,5.5222263,1566948005793
36386,226,Gyroscope,-0.1020145,0.1142318,0.12217305,1566948005802
36387,226,Accelerometer,-7.429208,-2.9173348,5.57849,1566948005803
36388,226,Gyroscope,-0.08796459400000001,0.09162979,0.12644911,1566948005812
36389,226,Accelerometer,-7.437587700000001,-2.8802247000000003,5.7005944,1566948005813
36390,226,Gyroscope,-0.07269296,0.064751714,0.13194689,1566948005822
36391,226,Accelerometer,-7.607576,-2.7210102000000003,5.7125654,1566948005823
36392,226,Gyroscope,-0.064751714,0.030543262,0.13439035,1566948005832
36393,226,Accelerometer,-7.726089,-2.4193408,5.6563015,1566948005833
36394,226,Gyroscope,-0.06047566,0.0036651915999999997,0.13805555,1566948005842
36395,226,Accelerometer,-7.703344,-2.124854,5.729325,1566948005843
36396,226,Gyroscope,-0.051923547,0.0030543262,0.13561209,1566948005853
36397,226,Accelerometer,-7.6171527,-1.8950106,6.0285997,1566948005853
36398,226,Gyroscope,-0.04153884,0.023823743999999997,0.12705997,1566948005862
36399,226,Accelerometer,-7.5034279999999995,-1.6124948000000001,6.1183825,1566948005863
36400,226,Gyroscope,-0.040927973,0.061086524,0.10995574,1566948005872
36401,226,Accelerometer,-7.605181699999999,-1.6017209,6.0848637000000005,1566948005873
36402,226,Gyroscope,-0.05497787,0.099571034,0.08368854,1566948005882
36403,226,Accelerometer,-7.7320743,-1.6555905,5.973533,1566948005883
36404,226,Gyroscope,-0.08674286,0.14660765,0.02321288,1566948005892
36405,226,Accelerometer,-7.833828,-1.7178397,5.8262897,1566948005893
36406,226,Gyroscope,-0.13683382,0.22052236,-0.018325957,1566948005902
36407,226,Accelerometer,-7.8733325,-1.8758569999999999,5.683835,1566948005903
36408,226,Gyroscope,-0.15699236,0.26572640000000003,-0.047036625,1566948005912
36409,226,Accelerometer,-7.8972745,-2.1272482999999998,5.5701103,1566948005913
36410,226,Gyroscope,-0.1563815,0.28771752,-0.062308256,1566948005922
36411,226,Accelerometer,-7.931989999999999,-2.3798366,5.408501599999999,1566948005923
36412,226,Gyroscope,-0.1423316,0.28893927,-0.06658431,1566948005932
36413,226,Accelerometer,-7.908048,-2.5246856,5.261258,1566948005933
36414,226,Gyroscope,-0.116675265,0.26267207,-0.051923547,1566948005943
36415,226,Accelerometer,-7.819463000000001,-2.574964,5.187037999999999,1566948005943
36416,226,Gyroscope,-0.09712757,0.23579398,-0.02443461,1566948005952
36417,226,Accelerometer,-7.7931266,-2.6120741,5.080496,1566948005953
36418,226,Gyroscope,-0.08674286,0.19730948,0.004886922,1566948005962
36419,226,Accelerometer,-7.860164,-2.6527755,4.945224,1566948005963
36420,226,Gyroscope,-0.08002335,0.13439035,0.036651913,1566948005972
36421,226,Accelerometer,-7.9092455,-2.5965118,4.8937483,1566948005973
36422,226,Gyroscope,-0.076358154,0.08368854,0.059253927000000005,1566948005982
36423,226,Accelerometer,-7.9032598,-2.4839842,4.9045224,1566948005983
36424,226,Gyroscope,-0.069027774,0.03726278,0.073303826,1566948005992
36425,226,Accelerometer,-7.921216499999999,-2.3798366,5.021838,1566948005993
36426,226,Gyroscope,-0.051923547,0.016493361,0.073303826,1566948006002
36427,226,Accelerometer,-7.97748,-2.2505496,5.130774,1566948006003
36428,226,Gyroscope,-0.036651913,0.01038471,0.06597344599999999,1566948006012
36429,226,Accelerometer,-8.094796,-2.087744,5.195418,1566948006013
36430,226,Gyroscope,-0.025045475,0.0061086523,0.05009095,1566948006022
36431,226,Accelerometer,-8.184579,-1.9021933000000002,5.2385135,1566948006023
36432,226,Gyroscope,-0.014660766,0.004886922,0.030543262,1566948006032
36433,226,Accelerometer,-8.182184,-1.7585411,5.3211129999999995,1566948006033
36434,226,Gyroscope,-0.0018325957999999999,0.004276057,0.007330383,1566948006042
36435,226,Accelerometer,-8.212111,-1.6627731,5.386954,1566948006043
36436,226,Gyroscope,0.0061086523,0.002443461,-0.010995574,1566948006052
36437,226,Accelerometer,-8.201338,-1.6136919,5.3905449999999995,1566948006053
36438,226,Gyroscope,0.007330383,0.004276057,-0.02565634,1566948006062
36439,226,Accelerometer,-8.078036,-1.5837643999999997,5.3103394999999995,1566948006063
36440,226,Gyroscope,-0.004276057,0.007330383,-0.034208454,1566948006072
36441,226,Accelerometer,-7.881711999999999,-1.6400281000000003,5.2409077,1566948006073
36442,226,Gyroscope,-0.004886922,0.007330383,-0.04276056599999999,1566948006082
36443,226,Accelerometer,-7.708132300000001,-1.7393875,5.2648497,1566948006083
36444,226,Gyroscope,-0.004886922,-0.014660766,-0.05497787,1566948006092
36445,226,Accelerometer,-7.6650367,-1.8567034,5.366603,1566948006093
36446,226,Gyroscope,0.01160644,-0.034208454,-0.06291912,1566948006103
36447,226,Accelerometer,-7.721300599999999,-1.8231846,5.49589,1566948006103
36448,226,Gyroscope,0.02443461,-0.0421497,-0.069027774,1566948006112
36449,226,Accelerometer,-7.8003089999999995,-1.7920599999999998,5.567716000000001,1566948006113
36450,226,Gyroscope,0.029321532999999997,-0.045814894,-0.07574729,1566948006122
36451,226,Accelerometer,-7.788338,-1.8255788,5.5701103,1566948006123
36452,226,Gyroscope,0.02443461,-0.0580322,-0.06841691,1566948006132
36453,226,Accelerometer,-7.72968,-1.8004397,5.612008599999999,1566948006133
36454,226,Gyroscope,0.032375857,-0.06780604,-0.064751714,1566948006143
36455,226,Accelerometer,-7.6111674,-1.7980455000000002,5.635950599999999,1566948006143
36456,226,Gyroscope,0.03970624,-0.08735373,-0.06658431,1566948006152
36457,226,Accelerometer,-7.69257,-1.7633294999999998,5.6108117,1566948006153
36458,226,Gyroscope,0.040317107000000005,-0.07941248,-0.07513642,1566948006162
36459,226,Accelerometer,-7.765592999999999,-1.6304513,5.623979599999999,1566948006163
36460,226,Gyroscope,0.02565634,-0.06597344599999999,-0.092240654,1566948006172
36461,226,Accelerometer,-7.762002000000001,-1.472434,5.565322,1566948006173
36462,226,Gyroscope,0.01038471,-0.07147124,-0.118507855,1566948006182
36463,226,Accelerometer,-7.7787614000000005,-1.4281414,5.5042696,1566948006182
36464,226,Gyroscope,-0.0061086523,-0.089186326,-0.15332718,1566948006193
36465,226,Accelerometer,-7.787141,-1.4484920000000001,5.4922986,1566948006193
36466,226,Gyroscope,-0.007941248,-0.0983493,-0.19486602,1566948006202
36467,226,Accelerometer,-7.8326306,-1.661576,5.595249,1566948006203
36468,226,Gyroscope,-0.009773844,-0.096516706,-0.22785273,1566948006212
36469,226,Accelerometer,-7.9523410000000005,-1.8255788,5.657499,1566948006213
36470,226,Gyroscope,-0.018325957,-0.06597344599999999,-0.23579398,1566948006222
36471,226,Accelerometer,-7.996633500000001,-1.9369092,5.6443305,1566948006223
36472,226,Gyroscope,-0.029932396,-0.031154128,-0.23335053,1566948006232
36473,226,Accelerometer,-7.7943234,-2.15957,5.5521536,1566948006233
36474,226,Gyroscope,-0.03359759,-0.023823743999999997,-0.21807889999999996,1566948006242
36475,226,Accelerometer,-7.605181699999999,-2.4959552000000005,5.4025164000000006,1566948006243
36476,226,Gyroscope,-0.031154128,-0.029321532999999997,-0.18570304,1566948006252
36477,226,Accelerometer,-7.430405,-2.7437549999999997,5.327099,1566948006253
36478,226,Gyroscope,-0.014660766,-0.040927973,-0.14110987,1566948006262
36479,226,Accelerometer,-7.371747,-2.9317,5.311536299999999,1566948006263
36480,226,Gyroscope,0.004276057,-0.07147124,-0.09162979,1566948006272
36481,226,Accelerometer,-7.5082164,-2.9879637000000003,5.2444987,1566948006273
36482,226,Gyroscope,0.009773844,-0.099571034,-0.040927973,1566948006282
36483,226,Accelerometer,-7.5668745,-2.8909986,5.222951,1566948006283
36484,226,Gyroscope,0.009162978,-0.12644911,0.002443461,1566948006292
36485,226,Accelerometer,-7.563283,-2.7401638,5.3821654,1566948006293
36486,226,Gyroscope,0.01282817,-0.14844026,0.023823743999999997,1566948006302
36487,226,Accelerometer,-7.407660000000001,-2.6491842,5.6886234,1566948006303
36488,226,Gyroscope,0.012217305,-0.13622294,0.0421497,1566948006312
36489,226,Accelerometer,-7.278373200000001,-2.6384103,5.99149,1566948006313
36490,226,Gyroscope,0.012217305,-0.08796459400000001,0.06719518,1566948006322
36491,226,Accelerometer,-7.3825210000000006,-2.480393,6.2464724,1566948006323
36492,226,Gyroscope,-0.02321288,-0.0067195175,0.09407325,1566948006332
36493,226,Accelerometer,-7.489063000000001,-2.3726540000000003,6.0836663,1566948006333
36494,226,Gyroscope,-0.057421334000000004,0.06963864,0.11728613,1566948006342
36495,226,Accelerometer,-7.454347,-2.2780828,5.923255,1566948006343
36496,226,Gyroscope,-0.07941248,0.12644911,0.124005646,1566948006352
36497,226,Accelerometer,-7.381324,-2.2709002000000003,5.7939680000000005,1566948006353
36498,226,Gyroscope,-0.08063421400000001,0.15760323,0.10812314599999999,1566948006362
36499,226,Accelerometer,-7.393294999999999,-2.328361,5.7245364,1566948006363
36500,226,Gyroscope,-0.053145275,0.13255776,0.077579886,1566948006372
36501,226,Accelerometer,-7.501034,-2.4037786,5.657499,1566948006373
36502,226,Gyroscope,-0.030543262,0.10751228,0.048258353,1566948006382
36503,226,Accelerometer,-7.601590600000001,-2.2625206,5.5521536,1566948006383
36504,226,Gyroscope,-0.02687807,0.08857546,0.030543262,1566948006392
36505,226,Accelerometer,-7.49026,-2.1308396000000003,5.422867,1566948006393
36506,226,Gyroscope,-0.028099801,0.07696902,0.018325957,1566948006402
36507,226,Accelerometer,-7.313089,-2.1152773,5.4396260000000005,1566948006403
36508,226,Gyroscope,-0.02321288,0.050701816,-0.0012217305,1566948006412
36509,226,Accelerometer,-7.2209125,-2.2709002000000003,5.4970870000000005,1566948006413
36510,226,Gyroscope,-0.007941248,0.009162978,-0.009162978,1566948006422
36511,226,Accelerometer,-7.278373200000001,-2.4361002,5.614403,1566948006423
36512,226,Gyroscope,-0.007941248,-0.010995574,-0.0061086523,1566948006433
36513,226,Accelerometer,-7.357382,-2.540248,5.657499,1566948006433
36514,226,Gyroscope,-0.019547688,-0.0036651915999999997,0.00061086525,1566948006442
36515,226,Accelerometer,-7.468712299999999,-2.585738,5.662287,1566948006443
36516,226,Gyroscope,-0.03604105,0.009773844,0.008552114,1566948006452
36517,226,Accelerometer,-7.468712299999999,-2.5917234000000002,5.6910176,1566948006453
36518,226,Gyroscope,-0.044593163,0.020158553,0.009773844,1566948006462
36519,226,Accelerometer,-7.417236999999999,-2.7497406000000004,5.8059389999999995,1566948006463
36520,226,Gyroscope,-0.029932396,0.019547688,0.007330383,1566948006472
36521,226,Accelerometer,-7.5644803,-2.918532,5.881356200000001,1566948006473
36522,226,Gyroscope,-0.014049901000000002,0.022602014,0.005497787,1566948006482
36523,226,Accelerometer,-7.636306299999999,-2.8742392000000003,5.777209,1566948006483
36524,226,Gyroscope,-0.016493361,0.03481932,0.009162978,1566948006492
36525,226,Accelerometer,-7.619547,-2.7856536,5.6323595,1566948006493
36526,226,Gyroscope,-0.027488936000000002,0.050701816,0.015271631,1566948006502
36527,226,Accelerometer,-7.589619,-2.802413,5.579687,1566948006503
36528,226,Gyroscope,-0.026267206,0.05497787,0.021991148999999998,1566948006512
36529,226,Accelerometer,-7.5525093,-2.8526914,5.556941999999999,1566948006513
36530,226,Gyroscope,-0.020158553,0.051923547,0.028099801,1566948006522
36531,226,Accelerometer,-7.581239699999999,-2.837129,5.5725045,1566948006523
36532,226,Gyroscope,-0.016493361,0.048258353,0.032986722999999996,1566948006532
36533,226,Accelerometer,-7.493850999999999,-2.8383262000000005,5.5485625,1566948006533
36534,226,Gyroscope,-0.015882496,0.039095376,0.03359759,1566948006542
36535,226,Accelerometer,-7.540538300000001,-2.8119897999999997,5.556941999999999,1566948006543
36536,226,Gyroscope,-0.018325957,0.0421497,0.029932396,1566948006552
36537,226,Accelerometer,-7.6243353,-2.779668,5.555745,1566948006553
36538,226,Gyroscope,-0.027488936000000002,0.037873644,0.023823743999999997,1566948006562
36539,226,Accelerometer,-7.681796,-2.7126305,5.6060233,1566948006564
36540,226,Gyroscope,-0.034208454,0.040927973,0.005497787,1566948006573
36541,226,Accelerometer,-7.7847466,-2.7449522,5.5856724,1566948006573
36542,226,Gyroscope,-0.04642576,0.051923547,-0.0012217305,1566948006582
36543,226,Accelerometer,-7.869741,-2.7281928,5.5222263,1566948006583
36544,226,Gyroscope,-0.0720821,0.059864793,-0.0067195175,1566948006592
36545,226,Accelerometer,-7.7560163,-2.7281928,5.4288526,1566948006593
36546,226,Gyroscope,-0.07513642,0.04520403,-0.014660766,1566948006602
36547,226,Accelerometer,-7.6626425000000005,-2.7557259999999997,5.4049106,1566948006603
36548,226,Gyroscope,-0.07086037,0.027488936000000002,-0.018325957,1566948006612
36549,226,Accelerometer,-7.516596300000001,-2.791639,5.4168816,1566948006613
36550,226,Gyroscope,-0.0720821,0.018325957,-0.016493361,1566948006623
36551,226,Accelerometer,-7.390900599999999,-2.8072014,5.459976999999999,1566948006623
36552,226,Gyroscope,-0.06352998,0.010995574,-0.02076942,1566948006632
36553,226,Accelerometer,-7.241263000000001,-2.7988217,5.5641245999999995,1566948006633
36554,226,Gyroscope,-0.058643065,0.0061086523,-0.02687807,1566948006642
36555,226,Accelerometer,-7.2304892999999995,-2.80361,5.675455,1566948006643
36556,226,Gyroscope,-0.055588737,0.012217305,-0.028099801,1566948006652
36557,226,Accelerometer,-7.277176,-2.813187,5.774814599999999,1566948006653
36558,226,Gyroscope,-0.059864793,0.03359759,-0.02076942,1566948006662
36559,226,Accelerometer,-7.3047094,-2.871845,5.801151,1566948006663
36560,226,Gyroscope,-0.06536258,0.053145275,-0.010995574,1566948006672
36561,226,Accelerometer,-7.285556,-2.9652187999999997,5.8203044,1566948006673
36562,226,Gyroscope,-0.07086037,0.06047566,-0.004886922,1566948006682
36563,226,Accelerometer,-7.337031,-3.0502129,5.8083334,1566948006683
36564,226,Gyroscope,-0.07086037,0.059864793,0.0067195175,1566948006692
36565,226,Accelerometer,-7.315483,-3.1890767,5.792771,1566948006693
36566,226,Gyroscope,-0.07574729,0.076358154,0.02321288,1566948006702
36567,226,Accelerometer,-7.277176,-3.1555579,5.741296,1566948006703
36568,226,Gyroscope,-0.07513642,0.093462385,0.03176499,1566948006712
36569,226,Accelerometer,-7.1431007,-3.1519666,5.6910176,1566948006713
36570,226,Gyroscope,-0.06719518,0.09590584,0.029932396,1566948006722
36571,226,Accelerometer,-7.056909599999999,-3.2082303,5.695806,1566948006723
36572,226,Gyroscope,-0.059253927000000005,0.095294975,0.02443461,1566948006733
36573,226,Accelerometer,-7.1981673,-3.1064768,5.683835,1566948006733
36574,226,Gyroscope,-0.06597344599999999,0.092240654,0.021991148999999998,1566948006742
36575,226,Accelerometer,-7.2699933,-2.9640217,5.6108117,1566948006743
36576,226,Gyroscope,-0.07880162,0.08368854,0.02321288,1566948006752
36577,226,Accelerometer,-7.3106947,-2.9197290000000002,5.60722,1566948006753
36578,226,Gyroscope,-0.08246681,0.0720821,0.028710667000000002,1566948006762
36579,226,Accelerometer,-7.301117999999999,-2.8263552000000005,5.677849299999999,1566948006763
36580,226,Gyroscope,-0.07819075,0.07513642,0.05131268,1566948006772
36581,226,Accelerometer,-7.1586633,-2.7473464,5.718550700000001,1566948006773
36582,226,Gyroscope,-0.07086037,0.08307768,0.08368854,1566948006783
36583,226,Accelerometer,-7.356185000000001,-2.645593,5.6443305,1566948006783
36584,226,Gyroscope,-0.064751714,0.07880162,0.11911872,1566948006792
36585,226,Accelerometer,-7.4986396,-2.5067291000000003,5.5856724,1566948006793
36586,226,Gyroscope,-0.06169739,0.06047566,0.14844026,1566948006802
36587,226,Accelerometer,-7.438784599999999,-2.3618799999999998,5.635950599999999,1566948006803
36588,226,Gyroscope,-0.055588737,0.03848451,0.172264,1566948006812
36589,226,Accelerometer,-7.4471645,-2.1871033,5.7843914000000005,1566948006813
36590,226,Gyroscope,-0.03604105,0.03726278,0.19914207,1566948006822
36591,226,Accelerometer,-7.502231,-1.9596541,5.9029045,1566948006823
36592,226,Gyroscope,-0.026267206,0.062308256,0.19730948,1566948006832
36593,226,Accelerometer,-7.603985000000001,-1.7633294999999998,5.9292407,1566948006833
36594,226,Gyroscope,-0.02443461,0.10079276599999999,0.18936823,1566948006842
36595,226,Accelerometer,-7.765592999999999,-1.5777789,5.876568,1566948006843
36596,226,Gyroscope,-0.029321532999999997,0.1386664,0.17470746,1566948006852
36597,226,Accelerometer,-7.9092455,-1.3970166000000002,5.747281,1566948006853
36598,226,Gyroscope,-0.043982297000000004,0.16126843,0.14049901,1566948006862
36599,226,Accelerometer,-8.037335,-1.282095,5.566519,1566948006863
36600,226,Gyroscope,-0.06719518,0.16249016,0.09162979,1566948006872
36601,226,Accelerometer,-8.161833999999999,-1.2797008,5.4563856,1566948006873
36602,226,Gyroscope,-0.08979719,0.16187929,0.037873644,1566948006882
36603,226,Accelerometer,-8.221688,-1.401805,5.3642087,1566948006883
36604,226,Gyroscope,-0.11056661,0.15454891,-0.015271631,1566948006892
36605,226,Accelerometer,-8.236053,-1.6496049,5.335478299999999,1566948006893
36606,226,Gyroscope,-0.11911872,0.13744467,-0.050701816,1566948006902
36607,226,Accelerometer,-8.194156,-1.8902221999999997,5.3103394999999995,1566948006903
36608,226,Gyroscope,-0.116675265,0.13622294,-0.07086037,1566948006912
36609,226,Accelerometer,-8.024167,-2.1212628,5.3103394999999995,1566948006913
36610,226,Gyroscope,-0.09773844,0.12034045,-0.06719518,1566948006922
36611,226,Accelerometer,-7.9307933,-2.3546975,5.294777,1566948006923
36612,226,Gyroscope,-0.06780604,0.081855945,-0.047036625,1566948006932
36613,226,Accelerometer,-8.016983999999999,-2.456451,5.21936,1566948006933
36614,226,Gyroscope,-0.051923547,0.03481932,-0.017715093,1566948006943
36615,226,Accelerometer,-8.006210000000001,-2.3523033,5.1343656,1566948006943
36616,226,Gyroscope,-0.05375614,0.0012217305,0.020158553,1566948006952
36617,226,Accelerometer,-8.010999,-2.1559787,5.090072599999999,1566948006953
36618,226,Gyroscope,-0.06169739,-0.021380282999999996,0.05497787,1566948006962
36619,226,Accelerometer,-7.994239299999999,-1.9692308999999997,5.1080294,1566948006963
36620,226,Gyroscope,-0.06658431,-0.047647487,0.084910266,1566948006972
36621,226,Accelerometer,-7.990648299999999,-1.8112136000000003,5.233725,1566948006973
36622,226,Gyroscope,-0.054367005999999996,-0.06291912,0.095294975,1566948006982
36623,226,Accelerometer,-7.9583262999999995,-1.6412252,5.363012,1566948006983
36624,226,Gyroscope,-0.03176499,-0.06352998,0.092240654,1566948006992
36625,226,Accelerometer,-7.955932000000001,-1.4520833,5.481525,1566948006993
36626,226,Gyroscope,-0.0030543262,-0.05131268,0.07391469,1566948007002
36627,226,Accelerometer,-7.9810715,-1.2797008,5.5150437000000005,1566948007003
36628,226,Gyroscope,0.01038471,-0.0421497,0.05131268,1566948007012
36629,226,Accelerometer,-7.9475527,-1.1025299,5.5030727,1566948007013
36630,226,Gyroscope,0.027488936000000002,-0.03481932,0.023823743999999997,1566948007023
36631,226,Accelerometer,-7.837419000000001,-0.9660603999999999,5.5748987,1566948007023
36632,226,Gyroscope,0.040927973,-0.03176499,-0.01038471,1566948007032
36633,226,Accelerometer,-7.763199,-0.8762778,5.614403,1566948007033
36634,226,Gyroscope,0.047036625,-0.047036625,-0.048258353,1566948007042
36635,226,Accelerometer,-7.735666,-0.8702923,5.6407394,1566948007043
36636,226,Gyroscope,0.05131268,-0.07452556,-0.09773844,1566948007052
36637,226,Accelerometer,-7.7560163,-0.93254155,5.74369,1566948007053
36638,226,Gyroscope,0.047647487,-0.086132,-0.12034045,1566948007062
36639,226,Accelerometer,-7.758410499999999,-1.091756,5.8933277,1566948007063
36640,226,Gyroscope,0.034208454,-0.086132,-0.13316862,1566948007072
36641,226,Accelerometer,-7.809886,-1.2342110000000002,5.90889,1566948007073
36642,226,Gyroscope,0.01282817,-0.0720821,-0.13011430000000002,1566948007082
36643,226,Accelerometer,-7.785944000000001,-1.3826513999999999,5.901707,1566948007083
36644,226,Gyroscope,-0.0061086523,-0.045814894,-0.116675265,1566948007092
36645,226,Accelerometer,-7.6518690000000005,-1.5239093000000001,5.9172697,1566948007093
36646,226,Gyroscope,-0.008552114,-0.025045475,-0.10018189999999999,1566948007102
36647,226,Accelerometer,-7.505822,-1.7010802999999999,5.990292500000001,1566948007103
36648,226,Gyroscope,-0.0018325957999999999,0.0030543262,-0.08857546,1566948007112
36649,226,Accelerometer,-7.547721000000001,-1.7717092,6.048950700000001,1566948007113
36650,226,Gyroscope,-0.007941248,0.03970624,-0.07391469,1566948007122
36651,226,Accelerometer,-7.5608889999999995,-1.7920599999999998,6.007052,1566948007123
36652,226,Gyroscope,-0.020158553,0.08063421400000001,-0.062308256,1566948007133
36653,226,Accelerometer,-7.526173,-1.8136078000000002,5.911283999999999,1566948007133
36654,226,Gyroscope,-0.03176499,0.13744467,-0.06841691,1566948007142
36655,226,Accelerometer,-7.454347,-1.8411411,5.819107,1566948007143
36656,226,Gyroscope,-0.051923547,0.18509217,-0.076358154,1566948007152
36657,226,Accelerometer,-7.546523599999999,-2.0219033,5.659893,1566948007153
36658,226,Gyroscope,-0.06414085,0.20525073,-0.08796459400000001,1566948007162
36659,226,Accelerometer,-7.595605,-2.2397757,5.430049400000001,1566948007163
36660,226,Gyroscope,-0.069027774,0.20769419,-0.10079276599999999,1566948007172
36661,226,Accelerometer,-7.583634,-2.6288335,5.1379566,1566948007173
36662,226,Gyroscope,-0.06291912,0.18448131,-0.10262536,1566948007183
36663,226,Accelerometer,-7.708132300000001,-3.0442273999999996,4.762067299999999,1566948007183
36664,226,Gyroscope,-0.051923547,0.12461651,-0.09407325,1566948007192
36665,226,Accelerometer,-7.848192999999999,-3.3135752999999997,4.362235500000001,1566948007193
36666,226,Gyroscope,-0.026267206,0.03970624,-0.070249505,1566948007202
36667,226,Accelerometer,-8.008605000000001,-3.3039982000000006,4.2640734,1566948007203
36668,226,Gyroscope,0.009162978,-0.05681047,-0.049480084,1566948007212
36669,226,Accelerometer,-8.020576,-3.1507695,4.4328647000000005,1566948007213
36670,226,Gyroscope,0.059864793,-0.18631389999999998,-0.047647487,1566948007222
36671,226,Accelerometer,-8.103176,-2.906561,4.7668557,1566948007223
36672,226,Gyroscope,0.08124508,-0.30421090000000006,-0.04153884,1566948007232
36673,226,Accelerometer,-8.185775999999999,-2.5234885,5.1702785,1566948007233
36674,226,Gyroscope,0.06169739,-0.36041048,-0.039095376,1566948007243
36675,226,Accelerometer,-7.9236107,-1.7130512999999998,6.029797,1566948007243
36676,226,Gyroscope,0.013439035,-0.34269542,-0.049480084,1566948007252
36677,226,Accelerometer,-7.787141,-1.6579846999999999,6.3985043,1566948007253
36678,226,Gyroscope,-0.053145275,-0.26206118,-0.06291912,1566948007262
36679,226,Accelerometer,-7.7488337,-1.7501613999999999,6.600814,1566948007263
36680,226,Gyroscope,-0.12156218,-0.15699236,-0.06963864,1566948007272
36681,226,Accelerometer,-7.654263,-1.9069817,6.6522894,1566948007273
36682,226,Gyroscope,-0.18997909,0.023823743999999997,-0.05375614,1566948007282
36683,226,Accelerometer,-7.5369470000000005,-2.1296425,6.5182139999999995,1566948007283
36684,226,Gyroscope,-0.20158553,0.10079276599999999,-0.03359759,1566948007293
36685,226,Accelerometer,-7.383717999999999,-2.315193,6.367379,1566948007293
36686,226,Gyroscope,-0.18509217,0.15027285,-0.013439035,1566948007302
36687,226,Accelerometer,-7.1909847000000005,-2.3906104999999997,6.2225304,1566948007303
36688,226,Gyroscope,-0.16004670000000001,0.17470746,-0.0061086523,1566948007312
36689,226,Accelerometer,-7.056909599999999,-2.5079262000000004,6.017826,1566948007313
36690,226,Gyroscope,-0.119729586,0.17409660000000002,-0.0036651915999999997,1566948007322
36691,226,Accelerometer,-7.133524,-2.5019407000000005,5.840655,1566948007323
36692,226,Gyroscope,-0.1020145,0.15027285,0.0030543262,1566948007332
36693,226,Accelerometer,-7.064092,-2.3594859,5.5605335,1566948007333
36694,226,Gyroscope,-0.10018189999999999,0.12889257,0.01038471,1566948007343
36695,226,Accelerometer,-6.9048777,-2.291251,5.471948,1566948007343
36696,226,Gyroscope,-0.089186326,0.10995574,0.019547688,1566948007352
36697,226,Accelerometer,-6.9587474,-2.3798366,5.567716000000001,1566948007353
36698,226,Gyroscope,-0.06658431,0.086132,0.017715093,1566948007362
36699,226,Accelerometer,-7.107187700000001,-2.6001031,5.623979599999999,1566948007363
36700,226,Gyroscope,-0.04886922,0.058643065,0.016493361,1566948007372
36701,226,Accelerometer,-7.359775999999999,-2.7904419999999996,5.638344999999999,1566948007373
36702,226,Gyroscope,-0.04886922,0.04642576,0.02443461,1566948007383
36703,226,Accelerometer,-7.606379,-2.7976246,5.6108117,1566948007383
36704,226,Gyroscope,-0.061086524,0.054367005999999996,0.04153884,1566948007392
36705,226,Accelerometer,-7.6722193,-2.7389667,5.583278,1566948007393
36706,226,Gyroscope,-0.07513642,0.06291912,0.05131268,1566948007402
36707,226,Accelerometer,-7.702147,-2.7018566,5.565322,1566948007403
36708,226,Gyroscope,-0.069027774,0.059253927000000005,0.052534412999999995,1566948007412
36709,226,Accelerometer,-7.6482773,-2.6611552000000005,5.565322,1566948007413
36710,226,Gyroscope,-0.064751714,0.049480084,0.044593163,1566948007422
36711,226,Accelerometer,-7.514202,-2.5797524,5.5485625,1566948007423
36712,226,Gyroscope,-0.06352998,0.047036625,0.029932396,1566948007432
36713,226,Accelerometer,-7.356185000000001,-2.4768016,5.5581393,1566948007433
36714,226,Gyroscope,-0.06719518,0.05131268,0.018325957,1566948007442
36715,226,Accelerometer,-7.252037,-2.4396915,5.5737014,1566948007443
36716,226,Gyroscope,-0.06414085,0.052534412999999995,0.018325957,1566948007452
36717,226,Accelerometer,-7.350199000000001,-2.6300306,5.6299653,1566948007453
36718,226,Gyroscope,-0.04520403,0.06597344599999999,-0.018325957,1566948007462
36719,226,Accelerometer,-7.6003933,-2.8191724,5.676652400000001,1566948007463
36720,226,Gyroscope,-0.03848451,0.073303826,-0.030543262,1566948007472
36721,226,Accelerometer,-7.7224975,-2.9137435000000003,5.665878299999999,1566948007473
36722,226,Gyroscope,-0.03970624,0.07391469,-0.03726278,1566948007483
36723,226,Accelerometer,-7.807492,-3.0741549999999997,5.633556400000001,1566948007483
36724,226,Gyroscope,-0.04520403,0.0720821,-0.03726278,1566948007492
36725,226,Accelerometer,-7.917625,-3.1627405,5.566519,1566948007493
36726,226,Gyroscope,-0.053145275,0.06963864,-0.03481932,1566948007502
36727,226,Accelerometer,-7.926005,-3.1878796,5.5018754,1566948007503
36728,226,Gyroscope,-0.073303826,0.06169739,-0.022602014,1566948007512
36729,226,Accelerometer,-7.7560163,-3.1136593999999995,5.434838,1566948007513
36730,226,Gyroscope,-0.06963864,0.04642576,-0.02076942,1566948007523
36731,226,Accelerometer,-7.551311999999999,-3.0777464,5.4551888,1566948007523
36732,226,Gyroscope,-0.059253927000000005,0.03726278,-0.022602014,1566948007532
36733,226,Accelerometer,-7.429208,-3.0933087,5.519832,1566948007533
36734,226,Gyroscope,-0.059864793,0.030543262,-0.02565634,1566948007542
36735,226,Accelerometer,-7.3214690000000004,-3.0166939999999998,5.5329999999999995,1566948007543
36736,226,Gyroscope,-0.06658431,0.032986722999999996,-0.015271631,1566948007552
36737,226,Accelerometer,-7.267599000000001,-2.9197290000000002,5.523423,1566948007553
36738,226,Gyroscope,-0.07696902,0.044593163,-0.0036651915999999997,1566948007562
36739,226,Accelerometer,-7.2125325,-2.847903,5.49589,1566948007563
36740,226,Gyroscope,-0.07880162,0.043982297000000004,0.004886922,1566948007572
36741,226,Accelerometer,-7.2245035,-2.8431146000000003,5.4851160000000005,1566948007573
36742,226,Gyroscope,-0.07086037,0.05131268,0.01282817,1566948007583
36743,226,Accelerometer,-7.155071700000001,-2.991555,5.559336,1566948007583
36744,226,Gyroscope,-0.047647487,0.04337143,0.019547688,1566948007592
36745,226,Accelerometer,-7.249642999999999,-3.0310593,5.57849,1566948007593
36746,226,Gyroscope,-0.03604105,0.03604105,0.02443461,1566948007602
36747,226,Accelerometer,-7.381324,-3.0262709,5.601235,1566948007603
36748,226,Gyroscope,-0.03176499,0.031154128,0.018325957,1566948007612
36749,226,Accelerometer,-7.359775999999999,-3.071761,5.628768,1566948007613
36750,226,Gyroscope,-0.03726278,0.03970624,0.007330383,1566948007622
36751,226,Accelerometer,-7.419631,-2.9735985,5.638344999999999,1566948007623
36752,226,Gyroscope,-0.04886922,0.05131268,0.002443461,1566948007632
36753,226,Accelerometer,-7.414842599999999,-3.0358477,5.5976434,1566948007633
36754,226,Gyroscope,-0.06352998,0.061086524,-0.0018325957999999999,1566948007643
36755,226,Accelerometer,-7.4016747,-3.0573955,5.5497594,1566948007643
36756,226,Gyroscope,-0.06963864,0.06719518,0.0036651915999999997,1566948007652
36757,226,Accelerometer,-7.3214690000000004,-3.0693667000000002,5.470751,1566948007653
36758,226,Gyroscope,-0.06658431,0.06169739,0.0067195175,1566948007662
36759,226,Accelerometer,-7.1981673,-3.083732,5.4623713,1566948007663
36760,226,Gyroscope,-0.04886922,0.025045475,0.012217305,1566948007672
36761,226,Accelerometer,-7.249642999999999,-3.0454244999999998,5.5126495,1566948007673
36762,226,Gyroscope,-0.03848451,-0.004276057,0.026267206,1566948007682
36763,226,Accelerometer,-7.156269,-3.0119057000000002,5.5365915,1566948007683
36764,226,Gyroscope,-0.035430185,-0.036651913,0.04886922,1566948007692
36765,226,Accelerometer,-7.0581064,-2.835932,5.5461683,1566948007693
36766,226,Gyroscope,-0.040927973,-0.037873644,0.07086037,1566948007703
36767,226,Accelerometer,-7.0006455999999995,-2.7090392000000003,5.779603,1566948007703
36768,226,Gyroscope,-0.047647487,-0.02565634,0.09590584,1566948007712
36769,226,Accelerometer,-6.985083599999999,-2.6551697,5.935226,1566948007713
36770,226,Gyroscope,-0.05131268,0.004276057,0.12217305,1566948007722
36771,226,Accelerometer,-7.1395097000000005,-2.5210943,5.963956400000001,1566948007723
36772,226,Gyroscope,-0.06352998,0.05375614,0.17287487,1566948007732
36773,226,Accelerometer,-7.3753386,-2.3822308,5.9064955999999995,1566948007733
36774,226,Gyroscope,-0.07574729,0.08124508,0.18997909,1566948007742
36775,226,Accelerometer,-7.4866686,-2.220622,5.9052987,1566948007743
36776,226,Gyroscope,-0.06963864,0.07513642,0.19853121,1566948007752
36777,226,Accelerometer,-7.603985000000001,-1.9883845000000002,5.972336299999999,1566948007753
36778,226,Gyroscope,-0.062308256,0.0842994,0.19486602,1566948007762
36779,226,Accelerometer,-7.699753,-1.7238252,5.961562000000001,1566948007763
36780,226,Gyroscope,-0.051923547,0.09162979,0.17592919,1566948007772
36781,226,Accelerometer,-7.890092,-1.5454572,5.985504,1566948007773
36782,226,Gyroscope,-0.053145275,0.103847094,0.14294247,1566948007782
36783,226,Accelerometer,-7.9714947,-1.3790601,6.005855,1566948007783
36784,226,Gyroscope,-0.06352998,0.12767084,0.112399206,1566948007792
36785,226,Accelerometer,-7.967903,-1.2856863,5.972336299999999,1566948007793
36786,226,Gyroscope,-0.07880162,0.16432275,0.076358154,1566948007802
36787,226,Accelerometer,-7.9930425000000005,-1.3670892,5.851429,1566948007803
36788,226,Gyroscope,-0.11178834,0.19058995,0.040317107000000005,1566948007813
36789,226,Accelerometer,-8.032547000000001,-1.5526398000000001,5.652710400000001,1566948007813
36790,226,Gyroscope,-0.14538592,0.19853121,0.008552114,1566948007822
36791,226,Accelerometer,-8.104372999999999,-1.8004397,5.4647654999999995,1566948007823
36792,226,Gyroscope,-0.16737708,0.19181168,-0.0067195175,1566948007832
36793,226,Accelerometer,-8.093599000000001,-1.9440918000000003,5.335478299999999,1566948007833
36794,226,Gyroscope,-0.17592919,0.18875736,-0.0036651915999999997,1566948007842
36795,226,Accelerometer,-7.967903,-2.1068976000000004,5.233725,1566948007843
36796,226,Gyroscope,-0.17043139999999998,0.1826487,0.0061086523,1566948007852
36797,226,Accelerometer,-7.826645399999999,-2.267309,5.187037999999999,1566948007853
36798,226,Gyroscope,-0.1423316,0.15515977,0.031154128,1566948007862
36799,226,Accelerometer,-7.716512,-2.3439236,5.21936,1566948007863
36800,226,Gyroscope,-0.10018189999999999,0.11728613,0.055588737,1566948007873
36801,226,Accelerometer,-7.666233999999999,-2.31639,5.2816089999999996,1566948007873
36802,226,Gyroscope,-0.06597344599999999,0.08552113,0.073303826,1566948007882
36803,226,Accelerometer,-7.779958199999999,-2.1787236,5.295974299999999,1566948007883
36804,226,Gyroscope,-0.049480084,0.06841691,0.07819075,1566948007892
36805,226,Accelerometer,-7.8888945999999995,-1.9560628,5.2421045,1566948007893
36806,226,Gyroscope,-0.05009095,0.06047566,0.07696902,1566948007902
36807,226,Accelerometer,-7.9307933,-1.8100165000000001,5.1798553,1566948007903
36808,226,Gyroscope,-0.053145275,0.06169739,0.06780604,1566948007912
36809,226,Accelerometer,-8.010999,-1.7836802999999999,5.133168,1566948007913
36810,226,Gyroscope,-0.044593163,0.04886922,0.058643065,1566948007922
36811,226,Accelerometer,-8.157045,-1.7741034,5.1056349999999995,1566948007924
36812,226,Gyroscope,-0.026267206,0.03176499,0.057421334000000004,1566948007933
36813,226,Accelerometer,-8.219294999999999,-1.7489643,5.060145400000001,1566948007933
36814,226,Gyroscope,-0.0030543262,0.015882496,0.05681047,1566948007942
36815,226,Accelerometer,-8.165425,-1.6711528000000002,5.066130599999999,1566948007943
36816,226,Gyroscope,0.02687807,-0.01160644,0.05497787,1566948007952
36817,226,Accelerometer,-8.135497,-1.6567876,5.1247888,1566948007953
36818,226,Gyroscope,0.0580322,-0.05681047,0.035430185,1566948007962
36819,226,Accelerometer,-8.194156,-1.6783354,5.189432,1566948007963
36820,226,Gyroscope,0.06841691,-0.099571034,0.010995574,1566948007972
36821,226,Accelerometer,-8.106767,-1.6101006000000002,5.213374,1566948007973
36822,226,Gyroscope,0.049480084,-0.11789699,-0.004886922,1566948007982
36823,226,Accelerometer,-7.872135000000001,-1.412579,5.282806,1566948007983
36824,226,Gyroscope,0.037873644,-0.12278391400000001,-0.025045475,1566948007992
36825,226,Accelerometer,-7.6626425000000005,-1.400608,5.449203,1566948007993
36826,226,Gyroscope,0.040927973,-0.1160644,-0.04886922,1566948008002
36827,226,Accelerometer,-7.582436599999999,-1.5993267,5.5856724,1566948008003
36828,226,Gyroscope,0.049480084,-0.10934488,-0.06963864,1566948008012
36829,226,Accelerometer,-7.697358599999999,-1.8171991000000003,5.653907299999999,1566948008013
36830,226,Gyroscope,0.058643065,-0.09712757,-0.08002335,1566948008022
36831,226,Accelerometer,-7.904457000000001,-1.8938134999999998,5.633556400000001,1566948008023
36832,226,Gyroscope,0.053145275,-0.07086037,-0.09040806,1566948008032
36833,226,Accelerometer,-7.928399000000001,-1.8878279999999998,5.6323595,1566948008033
36834,226,Gyroscope,0.04520403,-0.0421497,-0.103847094,1566948008042
36835,226,Accelerometer,-7.8086886,-1.9656396,5.6682725,1566948008043
36836,226,Gyroscope,0.03970624,-0.03176499,-0.11484267,1566948008052
36837,226,Accelerometer,-7.823053999999999,-2.1260512,5.664681400000001,1566948008053
36838,226,Gyroscope,0.028099801,-0.036651913,-0.1142318,1566948008062
36839,226,Accelerometer,-7.8577699999999995,-2.2816741,5.591658,1566948008063
36840,226,Gyroscope,0.012217305,-0.028099801,-0.11056661,1566948008073
36841,226,Accelerometer,-7.6518690000000005,-2.3798366,5.567716000000001,1566948008073
36842,226,Gyroscope,0.0030543262,-0.029321532999999997,-0.10567969,1566948008082
36843,226,Accelerometer,-7.4567413,-2.4624363999999996,5.5377884,1566948008083
36844,226,Gyroscope,0.004276057,-0.05497787,-0.10629055,1566948008092
36845,226,Accelerometer,-7.383717999999999,-2.5713725,5.4791307,1566948008093
36846,226,Gyroscope,0.004886922,-0.09040806,-0.106901415,1566948008102
36847,226,Accelerometer,-7.371747,-2.598906,5.470751,1566948008103
36848,226,Gyroscope,0.004886922,-0.13072516,-0.10018189999999999,1566948008112
36849,226,Accelerometer,-7.414842599999999,-2.5306710999999997,5.531803,1566948008113
36850,226,Gyroscope,-0.0067195175,-0.15149458,-0.09040806,1566948008122
36851,226,Accelerometer,-7.371747,-2.292448,5.6108117,1566948008123
36852,226,Gyroscope,-0.015882496,-0.16737708,-0.076358154,1566948008132
36853,226,Accelerometer,-7.3083005000000005,-2.1523874,5.849035,1566948008133
36854,226,Gyroscope,-0.015882496,-0.17654006,-0.06597344599999999,1566948008142
36855,226,Accelerometer,-7.3490020000000005,-2.1212628,6.191406,1566948008143
36856,226,Gyroscope,-0.03176499,-0.15882497,-0.06169739,1566948008152
36857,226,Accelerometer,-7.41604,-2.0638018,6.408081,1566948008153
36858,226,Gyroscope,-0.069027774,-0.10140363,-0.051923547,1566948008162
36859,226,Accelerometer,-7.441178999999999,-1.9189526999999997,6.51582,1566948008163
36860,226,Gyroscope,-0.119729586,-0.017104227,-0.043982297000000004,1566948008172
36861,226,Accelerometer,-7.374141000000001,-1.9764134999999998,6.5361705,1566948008173
36862,226,Gyroscope,-0.1563815,0.06658431,-0.040317107000000005,1566948008183
36863,226,Accelerometer,-7.4591354999999995,-2.1667526,6.477513,1566948008183
36864,226,Gyroscope,-0.17959438,0.14294247,-0.037873644,1566948008192
36865,226,Accelerometer,-7.546523599999999,-2.2876596,6.336254599999999,1566948008193
36866,226,Gyroscope,-0.18631389999999998,0.21502456,-0.022602014,1566948008202
36867,226,Accelerometer,-7.53575,-2.3475148999999997,6.105214,1566948008203
36868,226,Gyroscope,-0.18570304,0.24801129,-0.0067195175,1566948008212
36869,226,Accelerometer,-7.4232225000000005,-2.3774424,5.819107,1566948008213
36870,226,Gyroscope,-0.17898351,0.25717425,0.0067195175,1566948008222
36871,226,Accelerometer,-7.3106947,-2.421735,5.556941999999999,1566948008223
36872,226,Gyroscope,-0.15393804,0.24495697,0.015882496,1566948008232
36873,226,Accelerometer,-7.27957,-2.4779987,5.2863975,1566948008233
36874,226,Gyroscope,-0.12217305,0.21807889999999996,0.029321532999999997,1566948008243
36875,226,Accelerometer,-7.3346367,-2.4420857000000002,5.0637364,1566948008243
36876,226,Gyroscope,-0.10079276599999999,0.18448131,0.03848451,1566948008252
36877,226,Accelerometer,-7.357382,-2.3523033,4.965574299999999,1566948008253
36878,226,Gyroscope,-0.08124508,0.15332718,0.039095376,1566948008262
36879,226,Accelerometer,-7.515399,-2.336741,4.984728,1566948008263
36880,226,Gyroscope,-0.062308256,0.11484267,0.032986722999999996,1566948008272
36881,226,Accelerometer,-7.7332716,-2.3774424,5.032612,1566948008273
36882,226,Gyroscope,-0.05131268,0.07269296,0.023823743999999997,1566948008282
36883,226,Accelerometer,-7.878121000000001,-2.3726540000000003,5.062539599999999,1566948008283
36884,226,Gyroscope,-0.045814894,0.029932396,0.01160644,1566948008292
36885,226,Accelerometer,-7.9583262999999995,-2.4061728,5.1559134,1566948008293
36886,226,Gyroscope,-0.037873644,0.029932396,-0.0030543262,1566948008303
36887,226,Accelerometer,-8.050502999999999,-2.5474305,5.243302,1566948008303
36888,226,Gyroscope,-0.026267206,-0.019547688,-0.009773844,1566948008312
36889,226,Accelerometer,-8.133103,-2.6479871,5.2995653,1566948008313
36890,226,Gyroscope,-0.02076942,-0.03359759,-0.014049901000000002,1566948008322
36891,226,Accelerometer,-8.11395,-2.6084828,5.284003299999999,1566948008323
36892,226,Gyroscope,-0.02076942,-0.040927973,-0.010995574,1566948008332
36893,226,Accelerometer,-8.000225,-2.4827871,5.309142,1566948008333
36894,226,Gyroscope,-0.019547688,-0.0421497,-0.015271631,1566948008342
36895,226,Accelerometer,-7.824250999999999,-2.4600422,5.4001220000000005,1566948008343
36896,226,Gyroscope,-0.015271631,-0.04520403,-0.02565634,1566948008353
36897,226,Accelerometer,-7.702147,-2.4756044999999998,5.4899044,1566948008353
36898,226,Gyroscope,-0.014660766,-0.049480084,-0.03604105,1566948008362
36899,226,Accelerometer,-7.548918,-2.3953989,5.595249,1566948008363
36900,226,Gyroscope,-0.020158553,-0.039095376,-0.04337143,1566948008372
36901,226,Accelerometer,-7.394492,-2.4001873,5.7065797,1566948008373
36902,226,Gyroscope,-0.015882496,-0.02443461,-0.051923547,1566948008382
36903,226,Accelerometer,-7.410054,-2.5438392000000003,5.804742,1566948008383
36904,226,Gyroscope,-0.01282817,-0.009162978,-0.05375614,1566948008392
36905,226,Accelerometer,-7.478289,-2.6036943999999997,5.813122,1566948008393
36906,226,Gyroscope,-0.014049901000000002,0.005497787,-0.047647487,1566948008402
36907,226,Accelerometer,-7.429208,-2.695871,5.803545,1566948008403
36908,226,Gyroscope,-0.01160644,0.01160644,-0.04276056599999999,1566948008413
36909,226,Accelerometer,-7.417236999999999,-2.779668,5.8262897,1566948008413
36910,226,Gyroscope,-0.010995574,0.012217305,-0.032375857,1566948008422
36911,226,Accelerometer,-7.443573,-2.8538885,5.779603,1566948008423
36912,226,Gyroscope,-0.014660766,0.013439035,-0.022602014,1566948008432
36913,226,Accelerometer,-7.444770299999999,-2.8431146000000003,5.7544637000000005,1566948008433
36914,226,Gyroscope,-0.015271631,0.014660766,-0.009773844,1566948008442
36915,226,Accelerometer,-7.4268136,-2.802413,5.7209449999999995,1566948008443
36916,226,Gyroscope,-0.023823743999999997,0.015271631,0.002443461,1566948008452
36917,226,Accelerometer,-7.347805,-2.7102362999999996,5.649119000000001,1566948008453
36918,226,Gyroscope,-0.02443461,0.017715093,0.010995574,1566948008462
36919,226,Accelerometer,-7.21373,-2.6024973,5.6922144999999995,1566948008463
36920,226,Gyroscope,-0.025045475,0.014660766,0.009773844,1566948008473
36921,226,Accelerometer,-7.1873937,-2.5953147,5.7125654,1566948008473
36922,226,Gyroscope,-0.026267206,0.009773844,0.0067195175,1566948008482
36923,226,Accelerometer,-7.2867527,-2.6024973,5.7005944,1566948008483
36924,226,Gyroscope,-0.043982297000000004,0.017715093,0.002443461,1566948008492
36925,226,Accelerometer,-7.3789296,-2.5366566,5.6946087,1566948008493
36926,226,Gyroscope,-0.06414085,0.03176499,-0.0030543262,1566948008502
36927,226,Accelerometer,-7.390900599999999,-2.5151088,5.707777,1566948008503
36928,226,Gyroscope,-0.07941248,0.04520403,-0.01038471,1566948008512
36929,226,Accelerometer,-7.4088573,-2.6479871,5.7125654,1566948008513
36930,226,Gyroscope,-0.081855945,0.043982297000000004,-0.015271631,1566948008522
36931,226,Accelerometer,-7.37055,-2.8335377999999998,5.707777,1566948008523
36932,226,Gyroscope,-0.08002335,0.048258353,-0.01282817,1566948008532
36933,226,Accelerometer,-7.386112,-2.9017725,5.66947,1566948008533
36934,226,Gyroscope,-0.07574729,0.049480084,-0.008552114,1566948008542
36935,226,Accelerometer,-7.3789296,-2.9101522,5.616797,1566948008543
36936,226,Gyroscope,-0.07147124,0.050701816,-0.009162978,1566948008552
36937,226,Accelerometer,-7.3789296,-2.9532477999999998,5.5820813,1566948008553
36938,226,Gyroscope,-0.06169739,0.037873644,-0.004886922,1566948008562
36939,226,Accelerometer,-7.437587700000001,-3.0382418999999996,5.604826,1566948008563
36940,226,Gyroscope,-0.06597344599999999,0.032375857,-0.0018325957999999999,1566948008572
36941,226,Accelerometer,-7.4232225000000005,-3.0166939999999998,5.635950599999999,1566948008573
36942,226,Gyroscope,-0.070249505,0.023823743999999997,0.0012217305,1566948008582
36943,226,Accelerometer,-7.3777327999999995,-3.0011318,5.665878299999999,1566948008583
36944,226,Gyroscope,-0.07880162,0.021991148999999998,0.004276057,1566948008592
36945,226,Accelerometer,-7.4016747,-2.956839,5.6826377,1566948008593
36946,226,Gyroscope,-0.09040806,0.019547688,0.0067195175,1566948008603
36947,226,Accelerometer,-7.3322425,-2.9616275,5.6790465999999995,1566948008603
36948,226,Gyroscope,-0.09590584,0.017104227,0.010995574,1566948008612
36949,226,Accelerometer,-7.254431200000001,-2.9496564999999997,5.7041855,1566948008613
36950,226,Gyroscope,-0.09773844,0.01160644,0.015271631,1566948008622
36951,226,Accelerometer,-6.9958572,-2.9340942,5.760449400000001,1566948008623
36952,226,Gyroscope,-0.09712757,0.01160644,0.014660766,1566948008632
36953,226,Accelerometer,-7.0245875999999985,-2.8874072999999996,5.7975593,1566948008633
36954,226,Gyroscope,-0.09407325,0.013439035,0.012217305,1566948008642
36955,226,Accelerometer,-7.047333,-2.8311436000000003,5.8454432,1566948008643
36956,226,Gyroscope,-0.0983493,0.027488936000000002,0.005497787,1566948008652
36957,226,Accelerometer,-7.0880339999999995,-2.8000187999999997,5.901707,1566948008653
36958,226,Gyroscope,-0.10873401,0.059864793,0.01038471,1566948008663
36959,226,Accelerometer,-7.3178773,-2.7042507999999996,5.8681884,1566948008663
36960,226,Gyroscope,-0.11545353400000001,0.059253927000000005,0.02443461,1566948008672
36961,226,Accelerometer,-7.4735007,-2.6647465,5.829880999999999,1566948008673
36962,226,Gyroscope,-0.124005646,0.055588737,0.03726278,1566948008682
36963,226,Accelerometer,-7.232883500000001,-2.6396074,5.907693,1566948008683
36964,226,Gyroscope,-0.12217305,0.07819075,0.054367005999999996,1566948008692
36965,226,Accelerometer,-7.156269,-2.5965118,5.942408599999999,1566948008693
36966,226,Gyroscope,-0.11911872,0.11545353400000001,0.08552113,1566948008702
36967,226,Accelerometer,-7.2664022,-2.586935,5.93762,1566948008703
36968,226,Gyroscope,-0.12461651,0.14905111,0.12156218,1566948008712
36969,226,Accelerometer,-7.4591354999999995,-2.5246856,5.8119245,1566948008713
36970,226,Gyroscope,-0.13805555,0.17959438,0.15088372,1566948008723
36971,226,Accelerometer,-7.5189905,-2.3738509999999997,5.662287,1566948008723
36972,226,Gyroscope,-0.14660765,0.20891592,0.16982053,1566948008732
36973,226,Accelerometer,-7.487866,-2.1942859,5.588066599999999,1566948008733
36974,226,Gyroscope,-0.14172074,0.21868975,0.1881465,1566948008742
36975,226,Accelerometer,-7.599196000000001,-2.0649989,5.482722,1566948008743
36976,226,Gyroscope,-0.12339478,0.20097467,0.17592919,1566948008752
36977,226,Accelerometer,-7.682993400000001,-1.9416976000000001,5.422867,1566948008753
36978,226,Gyroscope,-0.092240654,0.16676621,0.15454891,1566948008762
36979,226,Accelerometer,-7.9487495,-1.8112136000000003,5.4049106,1566948008763
36980,226,Gyroscope,-0.06658431,0.13988814,0.118507855,1566948008772
36981,226,Accelerometer,-8.145074000000001,-1.6735470000000001,5.245696,1566948008773
36982,226,Gyroscope,-0.052534412999999995,0.1160644,0.07147124,1566948008782
36983,226,Accelerometer,-8.221688,-1.590947,5.248090299999999,1566948008783
36984,226,Gyroscope,-0.04642576,0.09773844,0.032986722999999996,1566948008792
36985,226,Accelerometer,-8.425196000000001,-1.6519991000000003,5.185841,1566948008793
36986,226,Gyroscope,-0.055588737,0.0580322,-0.0012217305,1566948008802
36987,226,Accelerometer,-8.420407,-1.7561468999999996,5.197812,1566948008803
36988,226,Gyroscope,-0.076358154,0.01282817,-0.029321532999999997,1566948008812
36989,226,Accelerometer,-8.298303,-1.8698715,5.2852,1566948008813
36990,226,Gyroscope,-0.09773844,-0.019547688,-0.04276056599999999,1566948008822
36991,226,Accelerometer,-8.145074000000001,-1.9800048,5.329493,1566948008823
36992,226,Gyroscope,-0.11789699,-0.05009095,-0.04642576,1566948008832
36993,226,Accelerometer,-8.018182000000001,-2.1092918,5.4061074,1566948008833
36994,226,Gyroscope,-0.13133603,-0.047647487,-0.03481932,1566948008842
36995,226,Accelerometer,-7.820659599999999,-2.2074540000000002,5.4803276,1566948008843
36996,226,Gyroscope,-0.13316862,-0.022602014,-0.007941248,1566948008852
36997,226,Accelerometer,-7.462726600000001,-2.2529437999999997,5.633556400000001,1566948008853
36998,226,Gyroscope,-0.116675265,0.010995574,0.02076942,1566948008862
36999,226,Accelerometer,-7.313089,-2.2840683,5.7365074,1566948008863
37000,226,Gyroscope,-0.086132,0.03604105,0.04520403,1566948008872
37001,226,Accelerometer,-7.351396,-2.220622,5.7903767,1566948008873
37002,226,Gyroscope,-0.054367005999999996,0.048258353,0.06414085,1566948008883
37003,226,Accelerometer,-7.5932107,-2.098518,5.7616463,1566948008883
37004,226,Gyroscope,-0.034208454,0.06597344599999999,0.07696902,1566948008892
37005,226,Accelerometer,-7.8278419999999995,-1.9225439999999998,5.66109,1566948008893
37006,226,Gyroscope,-0.043982297000000004,0.07696902,0.08735373,1566948008902
37007,226,Accelerometer,-7.856573,-1.6843209,5.4970870000000005,1566948008903
37008,226,Gyroscope,-0.053145275,0.07574729,0.08979719,1566948008912
37009,226,Accelerometer,-7.795521000000001,-1.5059528,5.4001220000000005,1566948008913
37010,226,Gyroscope,-0.045814894,0.076358154,0.08307768,1566948008922
37011,226,Accelerometer,-7.7919292,-1.3934253,5.3606176,1566948008923
37012,226,Gyroscope,-0.02443461,0.06536258,0.06780604,1566948008932
37013,226,Accelerometer,-7.7560163,-1.2892777,5.3259015,1566948008933
37014,226,Gyroscope,0.010995574,0.05131268,0.03726278,1566948008943
37015,226,Accelerometer,-7.7667904000000005,-1.2485761999999998,5.3833623,1566948008943
37016,226,Gyroscope,0.039095376,0.029321532999999997,-0.00061086525,1566948008952
37017,226,Accelerometer,-7.892486,-1.1408371000000002,5.4504004,1566948008953
37018,226,Gyroscope,0.04153884,0.014049901000000002,-0.043982297000000004,1566948008962
37019,226,Accelerometer,-7.991845,-1.0175357,5.4970870000000005,1566948008963
37020,226,Gyroscope,0.02321288,0.012217305,-0.09162979,1566948008972
37021,226,Accelerometer,-8.052897,-1.1025299,5.5258174,1566948008973
37022,226,Gyroscope,0.02321288,0.009773844,-0.12705997,1566948008982
37023,226,Accelerometer,-8.170214,-1.271321,5.513846400000001,1566948008983
37024,226,Gyroscope,-0.014660766,-0.009773844,-0.13988814,1566948008992
37025,226,Accelerometer,-8.166622,-1.5191208999999999,5.519832,1566948008993
37026,226,Gyroscope,-0.01282817,-0.02443461,-0.12461651,1566948009002
37027,226,Accelerometer,-8.1319065,-1.7717092,5.5042696,1566948009003
37028,226,Gyroscope,-0.002443461,-0.05375614,-0.09285152,1566948009013
37029,226,Accelerometer,-7.9810715,-1.8375498,5.4970870000000005,1566948009013
37030,226,Gyroscope,0.01160644,-0.08368854,-0.047647487,1566948009022
37031,226,Accelerometer,-7.8410106,-1.9105729999999999,5.475539,1566948009023
37032,226,Gyroscope,0.019547688,-0.10140363,-0.014660766,1566948009032
37033,226,Accelerometer,-7.765592999999999,-1.9069817,5.5748987,1566948009033
37034,226,Gyroscope,0.021991148999999998,-0.09896017,0.008552114,1566948009042
37035,226,Accelerometer,-7.693767,-1.8136078000000002,5.777209,1566948009043
37036,226,Gyroscope,0.012217305,-0.06291912,0.015882496,1566948009052
37037,226,Accelerometer,-7.697358599999999,-1.6819267,5.876568,1566948009053
37038,226,Gyroscope,-0.002443461,-0.017715093,0.009773844,1566948009062
37039,226,Accelerometer,-7.72968,-1.6089035,5.9160724,1566948009063
37040,226,Gyroscope,-0.023823743999999997,0.028099801,-0.008552114,1566948009072
37041,226,Accelerometer,-7.750031,-1.5753847,5.8634,1566948009073
37042,226,Gyroscope,-0.040927973,0.050701816,-0.025045475,1566948009082
37043,226,Accelerometer,-7.762002000000001,-1.590947,5.600037599999999,1566948009083
37044,226,Gyroscope,-0.049480084,0.05009095,-0.050701816,1566948009092
37045,226,Accelerometer,-7.854178999999999,-1.6220716,5.4851160000000005,1566948009093
37046,226,Gyroscope,-0.040317107000000005,0.035430185,-0.07513642,1566948009102
37047,226,Accelerometer,-7.8386164,-1.6053122,5.33069,1566948009103
37048,226,Gyroscope,-0.032986722999999996,0.025045475,-0.10018189999999999,1566948009112
37049,226,Accelerometer,-7.7153149999999995,-1.5119383,5.153519,1566948009113
37050,226,Gyroscope,-0.03176499,-0.0018325957999999999,-0.1386664,1566948009122
37051,226,Accelerometer,-7.538144,-1.5574282,5.1583076,1566948009123
37052,226,Gyroscope,-0.016493361,-0.014660766,-0.18020524,1566948009132
37053,226,Accelerometer,-7.627927000000001,-1.7286136000000003,5.309142,1566948009132
37054,226,Gyroscope,-0.005497787,-0.032986722999999996,-0.23640485,1566948009142
37055,226,Accelerometer,-7.914034,-1.8519150000000002,5.392939,1566948009143
37056,226,Gyroscope,-0.019547688,-0.032986722999999996,-0.28283059999999993,1566948009152
37057,226,Accelerometer,-8.191761,-2.0458453000000003,5.3390699999999995,1566948009153
37058,226,Gyroscope,-0.06291912,-0.01160644,-0.2968805,1566948009162
37059,226,Accelerometer,-8.337808,-2.2900537999999995,5.1200004,1566948009163
37060,226,Gyroscope,-0.11178834,-0.018936822,-0.28955013,1566948009172
37061,226,Accelerometer,-8.307879,-2.5725696,4.957195,1566948009173
37062,226,Gyroscope,-0.1423316,-0.048258353,-0.26694809999999997,1566948009182
37063,226,Accelerometer,-8.286332000000002,-2.7832594,5.026626599999999,1566948009183
37064,226,Gyroscope,-0.14844026,-0.099571034,-0.22357668,1566948009192
37065,226,Accelerometer,-8.151060000000001,-2.8766334,5.2325277,1566948009193
37066,226,Gyroscope,-0.12767084,-0.16615535,-0.17592919,1566948009202
37067,226,Accelerometer,-7.914034,-2.9317,5.4970870000000005,1566948009203
37068,226,Gyroscope,-0.10934488,-0.20647246,-0.111177474,1566948009212
37069,226,Accelerometer,-7.6506715,-2.8933928,5.8669910000000005,1566948009213
37070,226,Gyroscope,-0.09896017,-0.2144137,-0.04276056599999999,1566948009222
37071,226,Accelerometer,-7.2975270000000005,-2.8455088,6.271611,1566948009223
37072,226,Gyroscope,-0.09040806,-0.19364429,0.01160644,1566948009232
37073,226,Accelerometer,-6.955156,-2.791639,6.6905966,1566948009233
37074,226,Gyroscope,-0.08857546,-0.12705997,0.052534412999999995,1566948009242
37075,226,Accelerometer,-6.7648168,-2.6503813,6.872555999999999,1566948009243
37076,226,Gyroscope,-0.10262536,-0.025045475,0.09407325,1566948009252
37077,226,Accelerometer,-6.643910000000001,-2.4145525,6.783970399999999,1566948009253
37078,226,Gyroscope,-0.124005646,0.08552113,0.111177474,1566948009262
37079,226,Accelerometer,-6.5948286,-2.2720973,6.558915600000001,1566948009263
37080,226,Gyroscope,-0.13927728,0.16249016,0.103847094,1566948009273
37081,226,Accelerometer,-6.870162,-2.2337902,6.2644286,1566948009273
37082,226,Gyroscope,-0.16187929,0.21135938,0.07696902,1566948009282
37083,226,Accelerometer,-7.011419999999999,-2.0171148999999997,5.8909335,1566948009283
37084,226,Gyroscope,-0.18142697,0.23090707,0.039095376,1566948009293
37085,226,Accelerometer,-7.023391,-1.9165584999999998,5.627571,1566948009293
37086,226,Gyroscope,-0.17837265,0.2321288,-0.002443461,1566948009302
37087,226,Accelerometer,-7.067683000000001,-2.0805612,5.366603,1566948009303
37088,226,Gyroscope,-0.15027285,0.19914207,-0.05375614,1566948009313
37089,226,Accelerometer,-7.223306699999999,-2.3558946,5.0936639999999995,1566948009313
37090,226,Gyroscope,-0.10812314599999999,0.13194689,-0.08552113,1566948009322
37091,226,Accelerometer,-7.390900599999999,-2.6479871,4.945224,1566948009323
37092,226,Gyroscope,-0.059864793,0.052534412999999995,-0.09040806,1566948009333
37093,226,Accelerometer,-7.590816499999999,-2.8850130000000003,4.8877625,1566948009333
37094,226,Gyroscope,-0.027488936000000002,-0.017715093,-0.084910266,1566948009342
37095,226,Accelerometer,-7.691373,-3.0765493,4.985925,1566948009343
37096,226,Gyroscope,-0.00061086525,-0.07574729,-0.05131268,1566948009352
37097,226,Accelerometer,-7.813477000000001,-3.3028011,5.195418,1566948009353
37098,226,Gyroscope,0.0067195175,-0.103847094,-0.017715093,1566948009362
37099,226,Accelerometer,-7.8948803,-3.4452562000000007,5.4061074,1566948009363
37100,226,Gyroscope,-0.009162978,-0.118507855,0.017104227,1566948009372
37101,226,Accelerometer,-7.9810715,-3.3746273999999996,5.49589,1566948009373
37102,226,Gyroscope,-0.040927973,-0.10262536,0.048258353,1566948009382
37103,226,Accelerometer,-7.854178999999999,-3.0059202000000003,5.5341973,1566948009383
37104,226,Gyroscope,-0.0580322,-0.06597344599999999,0.055588737,1566948009392
37105,226,Accelerometer,-7.465121000000001,-2.7724855,5.7209449999999995,1566948009393
37106,226,Gyroscope,-0.05009095,-0.03848451,0.045814894,1566948009402
37107,226,Accelerometer,-7.351396,-2.7257986,5.877765,1566948009403
37108,226,Gyroscope,-0.034208454,-0.023823743999999997,0.032375857,1566948009412
37109,226,Accelerometer,-7.2831616,-2.6635494,5.955577,1566948009413
37110,226,Gyroscope,-0.017715093,0.00061086525,0.016493361,1566948009423
37111,226,Accelerometer,-7.181408,-2.706645,6.0046577,1566948009423
37112,226,Gyroscope,-0.0030543262,0.022602014,0.0067195175,1566948009432
37113,226,Accelerometer,-7.3334399999999995,-2.765303,5.9807158,1566948009433
37114,226,Gyroscope,-0.0030543262,0.03970624,0.007330383,1566948009442
37115,226,Accelerometer,-7.4088573,-2.7030537,5.8586116,1566948009443
37116,226,Gyroscope,-0.00061086525,0.062308256,0.01160644,1566948009452
37117,226,Accelerometer,-7.4483614000000005,-2.7736826,5.7544637000000005,1566948009453
37118,226,Gyroscope,0.0030543262,0.056199603,0.02687807,1566948009462
37119,226,Accelerometer,-7.523778999999999,-2.7964275,5.6431336,1566948009463
37120,226,Gyroscope,-0.0030543262,0.050701816,0.03726278,1566948009472
37121,226,Accelerometer,-7.5429325,-2.695871,5.529408999999999,1566948009473
37122,226,Gyroscope,-0.017715093,0.02687807,0.04520403,1566948009482
37123,226,Accelerometer,-7.553706,-2.5091232999999997,5.494693,1566948009483
37124,226,Gyroscope,-0.03726278,0.004276057,0.039095376,1566948009493
37125,226,Accelerometer,-7.5333557,-2.3511062000000003,5.5605335,1566948009493
37126,226,Gyroscope,-0.051923547,-0.01038471,0.022602014,1566948009502
37127,226,Accelerometer,-7.4064630000000005,-2.397793,5.7041855,1566948009503
37128,226,Gyroscope,-0.06597344599999999,-0.010995574,0.002443461,1566948009512
37129,226,Accelerometer,-7.41604,-2.5378537,5.877765,1566948009513
37130,226,Gyroscope,-0.0842994,-0.010995574,-0.009773844,1566948009523
37131,226,Accelerometer,-7.4723034,-2.6156653999999997,5.975927400000001,1566948009523
37132,226,Gyroscope,-0.099571034,0.013439035,-0.004276057,1566948009532
37133,226,Accelerometer,-7.420828299999999,-2.6300306,6.0118403,1566948009533
37134,226,Gyroscope,-0.099571034,0.05497787,0.004276057,1566948009542
37135,226,Accelerometer,-7.3190745999999995,-2.9508536,5.942408599999999,1566948009543
37136,226,Gyroscope,-0.0842994,0.07819075,0.014660766,1566948009552
37137,226,Accelerometer,-7.2939353,-2.9939492000000003,5.8478374,1566948009553
37138,226,Gyroscope,-0.06780604,0.09101892,0.03726278,1566948009562
37139,226,Accelerometer,-7.2484455,-2.9412768,5.7400985,1566948009563
37140,226,Gyroscope,-0.04886922,0.105068825,0.06169739,1566948009573
37141,226,Accelerometer,-7.110779300000001,-2.9053638,5.651513,1566948009573
37142,226,Gyroscope,-0.03604105,0.10323623,0.06536258,1566948009582
37143,226,Accelerometer,-7.134721300000001,-2.9532477999999998,5.6323595,1566948009583
37144,226,Gyroscope,-0.02321288,0.07696902,0.0580322,1566948009592
37145,226,Accelerometer,-7.3430165999999994,-2.8921957000000003,5.602432,1566948009593
37146,226,Gyroscope,-0.03176499,0.05497787,0.049480084,1566948009602
37147,226,Accelerometer,-7.3310455999999995,-2.693477,5.5401826,1566948009603
37148,226,Gyroscope,-0.047647487,0.057421334000000004,0.04337143,1566948009612
37149,226,Accelerometer,-7.250839699999999,-2.5450362999999996,5.5725045,1566948009613
37150,226,Gyroscope,-0.049480084,0.05497787,0.035430185,1566948009622
37151,226,Accelerometer,-7.271190600000001,-2.5677812,5.662287,1566948009623
37152,226,Gyroscope,-0.043982297000000004,0.049480084,0.032986722999999996,1566948009633
37153,226,Accelerometer,-7.2915410000000005,-2.4887726000000003,5.639542,1566948009633
37154,226,Gyroscope,-0.03848451,0.039095376,0.03848451,1566948009642
37155,226,Accelerometer,-7.322665700000001,-2.4516625,5.6179943,1566948009643
37156,226,Gyroscope,-0.036651913,0.03481932,0.034208454,1566948009652
37157,226,Accelerometer,-7.4064630000000005,-2.4959552000000005,5.6443305,1566948009654
37158,226,Gyroscope,-0.03848451,0.028710667000000002,0.023823743999999997,1566948009662
37159,226,Accelerometer,-7.574057000000001,-2.5462333999999998,5.6670755999999995,1566948009663
37160,226,Gyroscope,-0.055588737,0.02687807,0.017715093,1566948009672
37161,226,Accelerometer,-7.60997,-2.5246856,5.6706667,1566948009673
37162,226,Gyroscope,-0.07452556,0.032986722999999996,0.014660766,1566948009682
37163,226,Accelerometer,-7.4699089999999995,-2.5354595,5.673061,1566948009683
37164,226,Gyroscope,-0.09101892,0.04337143,0.014660766,1566948009692
37165,226,Accelerometer,-7.551311999999999,-2.5450362999999996,5.647922,1566948009693
37166,226,Gyroscope,-0.09896017,0.05009095,0.021380282999999996,1566948009702
37167,226,Accelerometer,-7.398083,-2.5330652999999996,5.6682725,1566948009703
37168,226,Gyroscope,-0.092240654,0.054367005999999996,0.02565634,1566948009713
37169,226,Accelerometer,-7.3071036,-2.6623523,5.772420400000001,1566948009713
37170,226,Gyroscope,-0.06841691,0.047647487,0.017715093,1566948009722
37171,226,Accelerometer,-7.4495587,-2.8909986,5.881356200000001,1566948009723
37172,226,Gyroscope,-0.04886922,0.048258353,0.02076942,1566948009732
37173,226,Accelerometer,-7.6027875,-2.8682537,5.7843914000000005,1566948009733
37174,226,Gyroscope,-0.05681047,0.06291912,0.02687807,1566948009743
37175,226,Accelerometer,-7.592013400000001,-2.7473464,5.7089739999999995,1566948009743
37176,226,Gyroscope,-0.06719518,0.08979719,0.040927973,1566948009752
37177,226,Accelerometer,-7.514202,-2.6623523,5.638344999999999,1566948009753
37178,226,Gyroscope,-0.06963864,0.10629055,0.04886922,1566948009762
37179,226,Accelerometer,-7.353790299999999,-2.765303,5.6179943,1566948009763
37180,226,Gyroscope,-0.06047566,0.10629055,0.05131268,1566948009772
37181,226,Accelerometer,-7.353790299999999,-2.8742392000000003,5.647922,1566948009773
37182,226,Gyroscope,-0.03970624,0.08307768,0.055588737,1566948009782
37183,226,Accelerometer,-7.380127000000001,-2.80361,5.638344999999999,1566948009783
37184,226,Gyroscope,-0.03726278,0.07452556,0.052534412999999995,1566948009792
37185,226,Accelerometer,-7.3106947,-2.6431987,5.5581393,1566948009793
37186,226,Gyroscope,-0.04520403,0.08124508,0.047647487,1566948009802
37187,226,Accelerometer,-7.315483,-2.5737667,5.4671597,1566948009803
37188,226,Gyroscope,-0.044593163,0.06597344599999999,0.023823743999999997,1566948009812
37189,226,Accelerometer,-7.3406224,-2.6276363999999997,5.4922986,1566948009813
37190,226,Gyroscope,-0.040927973,0.06352998,0.009162978,1566948009822
37191,226,Accelerometer,-7.325060000000001,-2.717419,5.542577,1566948009823
37192,226,Gyroscope,-0.03359759,0.057421334000000004,-0.0012217305,1566948009832
37193,226,Accelerometer,-7.395689,-2.779668,5.567716000000001,1566948009833
37194,226,Gyroscope,-0.035430185,0.055588737,-0.014049901000000002,1566948009842
37195,226,Accelerometer,-7.465121000000001,-2.8562827,5.5246205,1566948009843
37196,226,Gyroscope,-0.03970624,0.056199603,-0.018936822,1566948009853
37197,226,Accelerometer,-7.539341,-2.9017725,5.4515970000000005,1566948009853
37198,226,Gyroscope,-0.03481932,0.048258353,-0.02076942,1566948009862
37199,226,Accelerometer,-7.5644803,-2.8874072999999996,5.474342299999999,1566948009863
37200,226,Gyroscope,-0.029321532999999997,0.032986722999999996,-0.02565634,1566948009872
37201,226,Accelerometer,-7.5213847000000005,-2.9735985,5.559336,1566948009873
37202,226,Gyroscope,-0.02321288,0.01282817,-0.028099801,1566948009883
37203,226,Accelerometer,-7.438784599999999,-3.0573955,5.614403,1566948009883
37204,226,Gyroscope,-0.02321288,0.01282817,-0.02687807,1566948009892
37205,226,Accelerometer,-7.387309599999999,-3.0897174,5.677849299999999,1566948009893
37206,226,Gyroscope,-0.026267206,-0.004276057,-0.017715093,1566948009902
37207,226,Accelerometer,-7.3490020000000005,-3.0358477,5.777209,1566948009903
37208,226,Gyroscope,-0.031154128,0.0036651915999999997,-0.007941248,1566948009913
37209,226,Accelerometer,-7.374141000000001,-2.9340942,5.8107276,1566948009913
37210,226,Gyroscope,-0.044593163,-0.00061086525,0.01038471,1566948009922
37211,226,Accelerometer,-7.345411,-2.871845,5.7520695,1566948009923
37212,226,Gyroscope,-0.056199603,-0.0061086523,0.029321532999999997,1566948009932
37213,226,Accelerometer,-7.273585000000001,-2.7329812,5.738901599999999,1566948009933
37214,226,Gyroscope,-0.059864793,0.0036651915999999997,0.050701816,1566948009942
37215,226,Accelerometer,-7.086836999999999,-2.5725696,5.815516000000001,1566948009943
37216,226,Gyroscope,-0.05375614,0.025045475,0.052534412999999995,1566948009952
37217,226,Accelerometer,-6.9515649999999996,-2.5462333999999998,5.8849480000000005,1566948009953
37218,226,Gyroscope,-0.04337143,0.04153884,0.04153884,1566948009962
37219,226,Accelerometer,-7.0688806,-2.6036943999999997,5.973533,1566948009963
37220,226,Gyroscope,-0.039095376,0.06963864,0.028710667000000002,1566948009972
37221,226,Accelerometer,-7.253234,-2.6791117,6.0106435,1566948009973
37222,226,Gyroscope,-0.05375614,0.09285152,0.015271631,1566948009982
37223,226,Accelerometer,-7.3885064,-2.707842,5.9400144,1566948009983
37224,226,Gyroscope,-0.07819075,0.10995574,0.004276057,1566948009993
37225,226,Accelerometer,-7.443573,-2.731784,5.774814599999999,1566948009993
37226,226,Gyroscope,-0.0983493,0.12339478,-0.0030543262,1566948010002
37227,226,Accelerometer,-7.289147,-2.9436709999999997,5.621585400000001,1566948010003
37228,226,Gyroscope,-0.10629055,0.13439035,-0.01038471,1566948010012
37229,226,Accelerometer,-7.2580222999999995,-3.0442273999999996,5.614403,1566948010013
37230,226,Gyroscope,-0.099571034,0.13744467,-0.012217305,1566948010023
37231,226,Accelerometer,-7.240066000000001,-3.1352072,5.628768,1566948010023
37232,226,Gyroscope,-0.08368854,0.1337795,-0.020158553,1566948010032
37233,226,Accelerometer,-7.265205,-3.2154129,5.6407394,1566948010033
37234,226,Gyroscope,-0.049480084,0.13011430000000002,-0.02321288,1566948010042
37235,226,Accelerometer,-7.3753386,-3.2692822999999995,5.592855,1566948010043
37236,226,Gyroscope,-0.04337143,0.13255776,-0.015882496,1566948010053
37237,226,Accelerometer,-7.489063000000001,-3.2692822999999995,5.463568,1566948010053
37238,226,Gyroscope,-0.05375614,0.13194689,-0.010995574,1566948010062
37239,226,Accelerometer,-7.5788455,-3.3028011,5.343858200000001,1566948010063
37240,226,Gyroscope,-0.06780604,0.13072516,-0.0012217305,1566948010072
37241,226,Accelerometer,-7.632714999999999,-3.3279405,5.2875943,1566948010073
37242,226,Gyroscope,-0.06780604,0.11728613,0.007330383,1566948010082
37243,226,Accelerometer,-7.6231384,-3.3794157999999994,5.3486465999999995,1566948010083
37244,226,Gyroscope,-0.047036625,0.09773844,0.009773844,1566948010092
37245,226,Accelerometer,-7.5549035,-3.4081461,5.4803276,1566948010093
37246,226,Gyroscope,-0.016493361,0.08002335,0.008552114,1566948010102
37247,226,Accelerometer,-7.4603324,-3.4404678,5.5748987,1566948010102
37248,226,Gyroscope,0.008552114,0.06963864,0.0067195175,1566948010112
37249,226,Accelerometer,-7.395689,-3.441665,5.604826,1566948010113
37250,226,Gyroscope,0.023823743999999997,0.06597344599999999,0.00061086525,1566948010122
37251,226,Accelerometer,-7.313089,-3.4201171,5.662287,1566948010123
37252,226,Gyroscope,0.04337143,0.059253927000000005,-0.012217305,1566948010132
37253,226,Accelerometer,-7.2568254,-3.3626563999999997,5.767632,1566948010133
37254,226,Gyroscope,0.069027774,0.052534412999999995,-0.035430185,1566948010142
37255,226,Accelerometer,-7.284358500000001,-3.3099839999999996,5.8023477,1566948010143
37256,226,Gyroscope,0.09285152,0.045814894,-0.059253927000000005,1566948010152
37257,226,Accelerometer,-7.359775999999999,-3.2465374,5.731719,1566948010153
37258,226,Gyroscope,0.10812314599999999,0.03726278,-0.089186326,1566948010162
37259,226,Accelerometer,-7.4112515,-3.1555579,5.681441,1566948010163
37260,226,Gyroscope,0.12034045,0.03481932,-0.118507855,1566948010172
37261,226,Accelerometer,-7.383717999999999,-3.0765493,5.6682725,1566948010173
37262,226,Gyroscope,0.12644911,0.037873644,-0.14294247,1566948010182
37263,226,Accelerometer,-7.3310455999999995,-3.0514099999999997,5.7125654,1566948010183
37264,226,Gyroscope,0.1282817,0.04276056599999999,-0.16432275,1566948010192
37265,226,Accelerometer,-7.2640080000000005,-3.071761,5.831078,1566948010193
37266,226,Gyroscope,0.13194689,0.058643065,-0.18387043,1566948010202
37267,226,Accelerometer,-7.181408,-3.1531637000000003,5.8969190000000005,1566948010203
37268,226,Gyroscope,0.12889257,0.073303826,-0.20158553,1566948010212
37269,226,Accelerometer,-7.1035960000000005,-3.2932242999999994,5.9244523000000004,1566948010213
37270,226,Gyroscope,0.12461651,0.08063421400000001,-0.20708331,1566948010222
37271,226,Accelerometer,-7.023391,-3.3782187000000006,5.8933277,1566948010223
37272,226,Gyroscope,0.12644911,0.08674286,-0.21319197,1566948010232
37273,226,Accelerometer,-6.921637,-3.4739866000000004,5.8574142,1566948010233
37274,226,Gyroscope,0.1386664,0.09040806,-0.21258110000000002,1566948010242
37275,226,Accelerometer,-6.8761472999999995,-3.5003227999999997,5.886145,1566948010243
37276,226,Gyroscope,0.16737708,0.08552113,-0.20708331,1566948010252
37277,226,Accelerometer,-6.851008,-3.4392707000000002,5.90889,1566948010254
37278,226,Gyroscope,0.22785273,0.10873401,-0.19242255,1566948010263
37279,226,Accelerometer,-6.837839999999999,-3.4596214,5.957971,1566948010263
37280,226,Gyroscope,0.25900686,0.12278391400000001,-0.18997909,1566948010272
37281,226,Accelerometer,-6.998251400000001,-3.2980127,5.910087,1566948010273
37282,226,Gyroscope,0.27916542,0.13927728,-0.19486602,1566948010282
37283,226,Accelerometer,-7.086836999999999,-3.2202013,5.9388175,1566948010283
37284,226,Gyroscope,0.28344148,0.14538592,-0.20952678,1566948010292
37285,226,Accelerometer,-7.2340803,-3.1615434,5.887341999999999,1566948010293
37286,226,Gyroscope,0.27550024,0.17348573,-0.23090707,1566948010302
37287,226,Accelerometer,-7.1023993,-3.2130187,5.876568,1566948010303
37288,226,Gyroscope,0.26511553,0.17898351,-0.23945917,1566948010312
37289,226,Accelerometer,-7.274781699999999,-3.098097,5.7400985,1566948010313
37290,226,Gyroscope,0.27550024,0.16920967,-0.25961772,1566948010322
37291,226,Accelerometer,-7.0904284,-3.0789435000000003,5.767632,1566948010323
37292,226,Gyroscope,0.2968805,0.15088372,-0.26572640000000003,1566948010332
37293,226,Accelerometer,-7.061698,-3.0705638,5.783194,1566948010333
37294,226,Gyroscope,0.3268129,0.14782938,-0.2773328,1566948010342
37295,226,Accelerometer,-6.9455789999999995,-3.1483752999999997,5.9041014,1566948010343
37296,226,Gyroscope,0.35796702,0.15271631,-0.26633725,1566948010352
37297,226,Accelerometer,-7.177817,-3.2477345,5.966350599999999,1566948010353
37298,226,Gyroscope,0.3811799,0.13683382,-0.26511553,1566948010362
37299,226,Accelerometer,-7.2460512999999995,-3.2010477,6.002263500000001,1566948010363
37300,226,Gyroscope,0.3903429,0.13805555,-0.258396,1566948010372
37301,226,Accelerometer,-7.3190745999999995,-3.2225955,6.009446,1566948010373
37302,226,Gyroscope,0.38545597,0.14844026,-0.24678956,1566948010382
37303,226,Accelerometer,-7.441178999999999,-3.2321722999999998,5.943606,1566948010383
37304,226,Gyroscope,0.37690386,0.17043139999999998,-0.23396139,1566948010393
37305,226,Accelerometer,-7.371747,-3.1483752999999997,5.895722,1566948010393
37306,226,Gyroscope,0.37812558,0.20280726,-0.22174409,1566948010402
37307,226,Accelerometer,-7.2831616,-3.0873232,5.881356200000001,1566948010403
37308,226,Gyroscope,0.39095375,0.22235495,-0.21807889999999996,1566948010412
37309,226,Accelerometer,-7.247248599999999,-3.0442273999999996,5.8226986,1566948010413
37310,226,Gyroscope,0.39584067,0.21991149,-0.2321288,1566948010423
37311,226,Accelerometer,-7.1885905,-2.9592332999999997,5.78918,1566948010423
37312,226,Gyroscope,0.408058,0.20158553,-0.25411993,1566948010432
37313,226,Accelerometer,-7.189788,-2.8682537,5.7867856,1566948010433
37314,226,Gyroscope,0.41233405,0.17531833,-0.27672195,1566948010442
37315,226,Accelerometer,-7.1790137000000005,-2.801216,5.8023477,1566948010443
37316,226,Gyroscope,0.42027529999999996,0.16676621,-0.29443705,1566948010453
37317,226,Accelerometer,-7.1646485,-2.779668,5.791574,1566948010453
37318,226,Gyroscope,0.42760566,0.17165314,-0.30604348,1566948010462
37319,226,Accelerometer,-7.1167645,-2.8491,5.7808,1566948010463
37320,226,Gyroscope,0.43799037,0.172264,-0.31520647,1566948010472
37321,226,Accelerometer,-7.1023993,-2.9161377,5.8226986,1566948010473
37322,226,Gyroscope,0.44898596,0.17654006,-0.32070425,1566948010482
37323,226,Accelerometer,-7.1191587,-2.9496564999999997,5.934029,1566948010483
37324,226,Gyroscope,0.46731192,0.18387043,-0.32559118,1566948010492
37325,226,Accelerometer,-7.165846000000001,-2.9388826,6.0369797,1566948010493
37326,226,Gyroscope,0.48808134,0.19914207,-0.33536503,1566948010502
37327,226,Accelerometer,-7.2580222999999995,-2.9604304,6.0501475,1566948010503
37328,226,Gyroscope,0.49602258,0.21013765,-0.34086279999999997,1566948010512
37329,226,Accelerometer,-7.3549875999999985,-2.9592332999999997,6.0250087,1566948010513
37330,226,Gyroscope,0.49602258,0.22540927,-0.35124752,1566948010522
37331,226,Accelerometer,-7.4232225000000005,-2.932897,5.943606,1566948010523
37332,226,Gyroscope,0.4905248,0.24007004,-0.35430184,1566948010532
37333,226,Accelerometer,-7.437587700000001,-2.8778305,5.8226986,1566948010533
37334,226,Gyroscope,0.48441613,0.25167647,-0.35491269999999997,1566948010542
37335,226,Accelerometer,-7.372944400000001,-2.8491,5.7257333,1566948010543
37336,226,Gyroscope,0.48502702,0.25961772,-0.36102137,1566948010552
37337,226,Accelerometer,-7.2460512999999995,-2.8095956,5.7760115,1566948010553
37338,226,Gyroscope,0.49968776,0.25473082,-0.36835176,1566948010562
37339,226,Accelerometer,-7.192182000000001,-2.814384,5.864597,1566948010563
37340,226,Gyroscope,0.5204572000000001,0.24862215,-0.37568212,1566948010572
37341,226,Accelerometer,-7.225700999999999,-2.834735,5.9029045,1566948010573
37342,226,Gyroscope,0.54183745,0.23640485,-0.38606682,1566948010582
37343,226,Accelerometer,-7.2975270000000005,-2.8119897999999997,5.8562174,1566948010583
37344,226,Gyroscope,0.5540548000000001,0.23273966,-0.3921755,1566948010592
37345,226,Accelerometer,-7.328651400000001,-2.7569232000000006,5.7819970000000005,1566948010593
37346,226,Gyroscope,0.55955255,0.24190263,-0.40072759999999996,1566948010602
37347,226,Accelerometer,-7.366958599999999,-2.7030537,5.7041855,1566948010603
37348,226,Gyroscope,0.5729916,0.24312437,-0.4092797,1566948010612
37349,226,Accelerometer,-7.4603324,-2.7138276,5.5701103,1566948010613
37350,226,Gyroscope,0.58093286,0.22785273,-0.42088616,1566948010622
37351,226,Accelerometer,-7.526173,-2.682703,5.5270147000000005,1566948010623
37352,226,Gyroscope,0.593761,0.204029,-0.43737950000000003,1566948010632
37353,226,Accelerometer,-7.5584945999999995,-2.6384103,5.633556400000001,1566948010633
37354,226,Gyroscope,0.602924,0.19120082,-0.46181414,1566948010642
37355,226,Accelerometer,-7.559692,-2.5881321,5.710171,1566948010643
37356,226,Gyroscope,0.59437186,0.19242255,-0.48991394,1566948010652
37357,226,Accelerometer,-7.5764512999999996,-2.6156653999999997,5.723339,1566948010653
37358,226,Gyroscope,0.5821546,0.20830505,-0.50579643,1566948010662
37359,226,Accelerometer,-7.636306299999999,-2.693477,5.819107,1566948010663
37360,226,Gyroscope,0.56138515,0.24068089999999998,-0.51251596,1566948010672
37361,226,Accelerometer,-7.6734165999999995,-2.7856536,5.815516000000001,1566948010673
37362,226,Gyroscope,0.54183745,0.26816985,-0.51251596,1566948010682
37363,226,Accelerometer,-7.6961613,-2.8802247000000003,5.7700260000000005,1566948010683
37364,226,Gyroscope,0.5271766999999999,0.30787608,-0.49602258,1566948010692
37365,226,Accelerometer,-7.7332716,-2.954445,5.719748,1566948010693
37366,226,Gyroscope,0.51251596,0.34636059999999996,-0.47342056,1566948010702
37367,226,Accelerometer,-7.6650367,-2.9604304,5.5856724,1566948010703
37368,226,Gyroscope,0.49785519999999994,0.36651915,-0.4465425,1566948010712
37369,226,Accelerometer,-7.614758500000001,-2.9783869,5.4049106,1566948010713
37370,226,Gyroscope,0.48808134,0.36835176,-0.40622538,1566948010723
37371,226,Accelerometer,-7.5944076,-2.96881,5.2121773000000005,1566948010723
37372,226,Gyroscope,0.5027421,0.33964106,-0.38545597,1566948010732
37373,226,Accelerometer,-7.577648,-2.9041667,5.0864816,1566948010733
37374,226,Gyroscope,0.5204572000000001,0.3115413,-0.37568212,1566948010742
37375,226,Accelerometer,-7.5800424,-2.7988217,4.999093,1566948010743
37376,226,Gyroscope,0.5320636,0.2864958,-0.3744604,1566948010752
37377,226,Accelerometer,-7.5644803,-2.6898855999999998,4.9703627,1566948010753
37378,226,Gyroscope,0.548557,0.24801129,-0.37751472,1566948010763
37379,226,Accelerometer,-7.60997,-2.6491842,5.035006,1566948010763
37380,226,Gyroscope,0.56382865,0.20952678,-0.38973203,1566948010772
37381,226,Accelerometer,-7.669825,-2.6144682999999995,5.17387,1566948010773
37382,226,Gyroscope,0.58032197,0.15943582,-0.40011674,1566948010782
37383,226,Accelerometer,-7.7608047000000004,-2.585738,5.2277393,1566948010783
37384,226,Gyroscope,0.59437186,0.1282817,-0.4111123,1566948010792
37385,226,Accelerometer,-7.8050976,-2.6013002,5.318719000000001,1566948010793
37386,226,Gyroscope,0.6053675000000001,0.11362094,-0.42210788,1566948010802
37387,226,Accelerometer,-7.831434,-2.5510217999999996,5.346252400000001,1566948010803
37388,226,Gyroscope,0.60903263,0.10934488,-0.43310347,1566948010813
37389,226,Accelerometer,-7.7787614000000005,-2.4540567,5.395334,1566948010813
37390,226,Gyroscope,0.6102544,0.105068825,-0.44165558,1566948010822
37391,226,Accelerometer,-7.700949700000001,-2.3666685000000003,5.4061074,1566948010823
37392,226,Gyroscope,0.6065891999999999,0.11545353400000001,-0.44532076,1566948010832
37393,226,Accelerometer,-7.6171527,-2.3139958,5.4168816,1566948010833
37394,226,Gyroscope,0.6017023,0.12156218,-0.44715336,1566948010842
37395,226,Accelerometer,-7.5549035,-2.2313959999999997,5.445612000000001,1566948010843
37396,226,Gyroscope,0.593761,0.12705997,-0.44898596,1566948010852
37397,226,Accelerometer,-7.520187400000001,-2.2266076,5.470751,1566948010853
37398,226,Gyroscope,0.5900958000000001,0.1282817,-0.44837508,1566948010862
37399,226,Accelerometer,-7.4735007,-2.2744915,5.475539,1566948010863
37400,226,Gyroscope,0.58459806,0.13805555,-0.44959682,1566948010872
37401,226,Accelerometer,-7.441178999999999,-2.3020248,5.57849,1566948010873
37402,226,Gyroscope,0.57971114,0.14782938,-0.44409904,1566948010882
37403,226,Accelerometer,-7.49026,-2.3523033,5.633556400000001,1566948010883
37404,226,Gyroscope,0.57848936,0.15515977,-0.4288274,1566948010892
37405,226,Accelerometer,-7.606379,-2.4037786,5.619191000000001,1566948010893
37406,226,Gyroscope,0.57604593,0.16187929,-0.42149702,1566948010903
37407,226,Accelerometer,-7.699753,-2.409764,5.5988407,1566948010903
37408,226,Gyroscope,0.5681046999999999,0.16065755,-0.41294490000000006,1566948010912
37409,226,Accelerometer,-7.7608047000000004,-2.4109612,5.5497594,1566948010913
37410,226,Gyroscope,0.54733527,0.16371189,-0.408058,1566948010922
37411,226,Accelerometer,-7.7332716,-2.4121582999999998,5.463568,1566948010923
37412,226,Gyroscope,0.52595496,0.16310102,-0.40133846,1566948010932
37413,226,Accelerometer,-7.6722193,-2.3594859,5.4779334,1566948010933
37414,226,Gyroscope,0.50640726,0.16126843,-0.39522982,1566948010942
37415,226,Accelerometer,-7.6111674,-2.31639,5.530606,1566948010943
37416,226,Gyroscope,0.49174652,0.16065755,-0.38851030000000003,1566948010952
37417,226,Accelerometer,-7.5189905,-2.2936451,5.583278,1566948010953
37418,226,Gyroscope,0.48624873,0.15271631,-0.3915646,1566948010962
37419,226,Accelerometer,-7.478289,-2.3331497000000003,5.568912999999999,1566948010963
37420,226,Gyroscope,0.4709771,0.14355333,-0.38606682,1566948010972
37421,226,Accelerometer,-7.4758949999999995,-2.3116016,5.553351,1566948010973
37422,226,Gyroscope,0.46486846,0.14599679999999998,-0.37812558,1566948010982
37423,226,Accelerometer,-7.479486,-2.328361,5.608417500000001,1566948010983
37424,226,Gyroscope,0.4538729,0.16615535,-0.37079520000000005,1566948010993
37425,226,Accelerometer,-7.438784599999999,-2.3989902,5.6706667,1566948010993
37426,226,Gyroscope,0.45081854,0.18020524,-0.35735616,1566948011002
37427,226,Accelerometer,-7.5213847000000005,-2.4983494,5.6179943,1566948011003
37428,226,Gyroscope,0.44287730000000003,0.18570304,-0.34269542,1566948011012
37429,226,Accelerometer,-7.5968018,-2.5462333999999998,5.5940523,1566948011013
37430,226,Gyroscope,0.42760566,0.18692477,-0.32742378,1566948011022
37431,226,Accelerometer,-7.589619,-2.4540567,5.5545480000000005,1566948011023
37432,226,Gyroscope,0.408058,0.18142697,-0.31398472,1566948011032
37433,226,Accelerometer,-7.5046253,-2.3906104999999997,5.5581393,1566948011033
37434,226,Gyroscope,0.3921755,0.18448131,-0.3036,1566948011043
37435,226,Accelerometer,-7.420828299999999,-2.3834279,5.649119000000001,1566948011043
37436,226,Gyroscope,0.38056904,0.19792034,-0.28955013,1566948011052
37437,226,Accelerometer,-7.369353,-2.4277205000000004,5.731719,1566948011053
37438,226,Gyroscope,0.376293,0.20463985,-0.27488935,1566948011062
37439,226,Accelerometer,-7.353790299999999,-2.5222914,5.758055000000001,1566948011063
37440,226,Gyroscope,0.37568212,0.20891592,-0.26389378,1566948011072
37441,226,Accelerometer,-7.3645644,-2.5881321,5.7400985,1566948011073
37442,226,Gyroscope,0.37995818,0.21013765,-0.25045475,1566948011083
37443,226,Accelerometer,-7.444770299999999,-2.6372132,5.7161565,1566948011083
37444,226,Gyroscope,0.3811799,0.20708331,-0.24007004,1566948011092
37445,226,Accelerometer,-7.582436599999999,-2.6036943999999997,5.5701103,1566948011093
37446,226,Gyroscope,0.37995818,0.19058995,-0.23579398,1566948011102
37447,226,Accelerometer,-7.606379,-2.6144682999999995,5.432443599999999,1566948011103
37448,226,Gyroscope,0.37873647,0.16187929,-0.23273966,1566948011112
37449,226,Accelerometer,-7.5932107,-2.5390507999999996,5.334281400000001,1566948011113
37450,226,Gyroscope,0.37323865,0.14172074,-0.22602014,1566948011122
37451,226,Accelerometer,-7.5453267,-2.4384943999999997,5.2684407,1566948011124
37452,226,Gyroscope,0.3640757,0.13439035,-0.21991149,1566948011133
37453,226,Accelerometer,-7.380127000000001,-2.3678656000000005,5.282806,1566948011133
37454,226,Gyroscope,0.34513888,0.14660765,-0.20830505,1566948011142
37455,226,Accelerometer,-7.3071036,-2.2541409,5.3594203,1566948011143
37456,226,Gyroscope,0.32009340000000003,0.18325958,-0.19486602,1566948011152
37457,226,Accelerometer,-7.28795,-2.1739352000000003,5.4480059999999995,1566948011153
37458,226,Gyroscope,0.30482176,0.22540927,-0.17898351,1566948011162
37459,226,Accelerometer,-7.3992805,-2.1416135,5.4563856,1566948011163
37460,226,Gyroscope,0.29199359999999996,0.25045475,-0.16065755,1566948011173
37461,226,Accelerometer,-7.668628,-2.1751322999999996,5.4264584000000005,1566948011173
37462,226,Gyroscope,0.28221974,0.2510656,-0.14782938,1566948011182
37463,226,Accelerometer,-7.902063,-2.2505496,5.3163247,1566948011183
37464,226,Gyroscope,0.2761111,0.21380283,-0.14721853,1566948011192
37465,226,Accelerometer,-8.058883,-2.3331497000000003,5.284003299999999,1566948011193
37466,226,Gyroscope,0.28588495,0.19608775,-0.14782938,1566948011202
37467,226,Accelerometer,-8.164227499999999,-2.3989902,5.309142,1566948011203
37468,226,Gyroscope,0.30115658,0.18631389999999998,-0.14844026,1566948011212
37469,226,Accelerometer,-8.258799,-2.3774424,5.343858200000001,1566948011213
37470,226,Gyroscope,0.312763,0.17531833,-0.14966199,1566948011223
37471,226,Accelerometer,-8.280347,-2.3175871,5.318719000000001,1566948011223
37472,226,Gyroscope,0.31581733,0.16554448,-0.16065755,1566948011232
37473,226,Accelerometer,-8.273164,-2.2301989,5.331887200000001,1566948011233
37474,226,Gyroscope,0.30665436,0.15454891,-0.18570304,1566948011242
37475,226,Accelerometer,-8.265982000000001,-2.1308396000000003,5.315128,1566948011243
37476,226,Gyroscope,0.28955013,0.1441642,-0.21319197,1566948011252
37477,226,Accelerometer,-8.246828,-2.067393,5.315128,1566948011253
37478,226,Gyroscope,0.27488935,0.13683382,-0.23884831,1566948011262
37479,226,Accelerometer,-8.1797905,-2.124854,5.3594203,1566948011263
37480,226,Gyroscope,0.27000242,0.13011430000000002,-0.26389378,1566948011272
37481,226,Accelerometer,-8.086416,-2.2625206,5.3390699999999995,1566948011273
37482,226,Gyroscope,0.27366763,0.11911872,-0.28221974,1566948011282
37483,226,Accelerometer,-7.9786773,-2.4073699,5.3282957,1566948011283
37484,226,Gyroscope,0.29138273,0.106901415,-0.2883284,1566948011292
37485,226,Accelerometer,-7.837419000000001,-2.5438392000000003,5.3390699999999995,1566948011293
37486,226,Gyroscope,0.32070425,0.09590584,-0.28099802,1566948011302
37487,226,Accelerometer,-7.6865845,-2.5821466,5.379771,1566948011303
37488,226,Gyroscope,0.34819320000000004,0.086132,-0.2724459,1566948011313
37489,226,Accelerometer,-7.5285673,-2.4947581000000003,5.45878,1566948011313
37490,226,Gyroscope,0.3640757,0.08735373,-0.26206118,1566948011322
37491,226,Accelerometer,-7.4088573,-2.4049757,5.4911017,1566948011323
37492,226,Gyroscope,0.37690386,0.08307768,-0.26022860000000003,1566948011332
37493,226,Accelerometer,-7.4064630000000005,-2.2852653999999997,5.531803,1566948011333
37494,226,Gyroscope,0.37873647,0.08246681,-0.26145032,1566948011342
37495,226,Accelerometer,-7.4256167,-2.2062569,5.590461,1566948011343
37496,226,Gyroscope,0.38423425,0.0842994,-0.27000242,1566948011352
37497,226,Accelerometer,-7.5046253,-2.1452047999999997,5.657499,1566948011353
37498,226,Gyroscope,0.3903429,0.0842994,-0.27977628,1566948011362
37499,226,Accelerometer,-7.6135616,-2.1164744,5.7125654,1566948011363
37500,226,Gyroscope,0.40194935,0.08063421400000001,-0.28893927,1566948011372
37501,226,Accelerometer,-7.7105265,-2.0685901999999996,5.748478400000001,1566948011373
37502,226,Gyroscope,0.4092797,0.08246681,-0.29871312,1566948011382
37503,226,Accelerometer,-7.769184599999999,-1.9416976000000001,5.765238,1566948011383
37504,226,Gyroscope,0.4166101,0.08063421400000001,-0.30421090000000006,1566948011392
37505,226,Accelerometer,-7.716512,-1.8375498,5.816713,1566948011393
37506,226,Gyroscope,0.42088616,0.0842994,-0.30787608,1566948011403
37507,226,Accelerometer,-7.6470804,-1.7705121,5.8693852,1566948011403
37508,226,Gyroscope,0.42149702,0.0842994,-0.312763,1566948011412
37509,226,Accelerometer,-7.526173,-1.7154455000000002,5.8849480000000005,1566948011413
37510,226,Gyroscope,0.41905355,0.093462385,-0.32009340000000003,1566948011422
37511,226,Accelerometer,-7.407660000000001,-1.6807296000000003,5.9771247,1566948011423
37512,226,Gyroscope,0.41966440000000005,0.106901415,-0.3304781,1566948011432
37513,226,Accelerometer,-7.329848299999999,-1.6950948000000001,6.0285997,1566948011433
37514,226,Gyroscope,0.41966440000000005,0.12889257,-0.33841935,1566948011443
37515,226,Accelerometer,-7.323863,-1.7812861,6.066907,1566948011443
37516,226,Gyroscope,0.41599923,0.1563815,-0.34269542,1566948011452
37517,226,Accelerometer,-7.3406224,-1.8914193,6.089652,1566948011453
37518,226,Gyroscope,0.41599923,0.18509217,-0.34025195,1566948011462
37519,226,Accelerometer,-7.376535400000001,-2.0087352,6.077681,1566948011463
37520,226,Gyroscope,0.41477749999999997,0.20463985,-0.33414328,1566948011472
37521,226,Accelerometer,-7.428011,-2.1057005,6.021417,1566948011473
37522,226,Gyroscope,0.41477749999999997,0.22785273,-0.32192600000000005,1566948011482
37523,226,Accelerometer,-7.4232225000000005,-2.1787236,5.9292407,1566948011483
37524,226,Gyroscope,0.41599923,0.23640485,-0.31398472,1566948011493
37525,226,Accelerometer,-7.407660000000001,-2.171541,5.8095303,1566948011493
37526,226,Gyroscope,0.41844269999999995,0.23884831,-0.30848694,1566948011502
37527,226,Accelerometer,-7.352593400000001,-2.1068976000000004,5.722142,1566948011503
37528,226,Gyroscope,0.42516220000000005,0.23640485,-0.30298916,1566948011512
37529,226,Accelerometer,-7.3166804,-2.0027497,5.7125654,1566948011513
37530,226,Gyroscope,0.44287730000000003,0.23457226,-0.3109304,1566948011522
37531,226,Accelerometer,-7.314286,-1.9907787000000001,5.7365074,1566948011523
37532,226,Gyroscope,0.4636467000000001,0.226631,-0.32742378,1566948011532
37533,226,Accelerometer,-7.383717999999999,-2.0386627,5.7365074,1566948011533
37534,226,Gyroscope,0.4831944,0.21380283,-0.34391713,1566948011542
37535,226,Accelerometer,-7.507019500000001,-2.0602105,5.726930599999999,1566948011543
37536,226,Gyroscope,0.49357912,0.21074851,-0.35735616,1566948011552
37537,226,Accelerometer,-7.615956,-2.0602105,5.7377043,1566948011553
37538,226,Gyroscope,0.49907690000000005,0.21380283,-0.36835176,1566948011562
37539,226,Accelerometer,-7.6961613,-2.100912,5.750872599999999,1566948011563
37540,226,Gyroscope,0.50518554,0.21930063,-0.36896262,1566948011572
37541,226,Accelerometer,-7.727286,-2.1655555,5.742492700000001,1566948011573
37542,226,Gyroscope,0.5137377000000001,0.22479841,-0.37201694,1566948011583
37543,226,Accelerometer,-7.7153149999999995,-2.1871033,5.742492700000001,1566948011583
37544,226,Gyroscope,0.52290064,0.23273966,-0.37323865,1566948011593
37545,226,Accelerometer,-7.728483,-2.1954830000000003,5.7017913,1566948011593
37546,226,Gyroscope,0.52473325,0.24312437,-0.37018433,1566948011602
37547,226,Accelerometer,-7.767987299999999,-2.1452047999999997,5.625177,1566948011603
37548,226,Gyroscope,0.5271766999999999,0.23640485,-0.37384954,1566948011612
37549,226,Accelerometer,-7.7811556,-2.0757727999999998,5.601235,1566948011613
37550,226,Gyroscope,0.5332854,0.22907446,-0.3830125,1566948011623
37551,226,Accelerometer,-7.763199,-2.0231004,5.608417500000001,1566948011623
37552,226,Gyroscope,0.53878313,0.22296582,-0.39645153,1566948011632
37553,226,Accelerometer,-7.759608,-2.0314799999999997,5.565322,1566948011633
37554,226,Gyroscope,0.54367006,0.21380283,-0.4098906,1566948011642
37555,226,Accelerometer,-7.776367,-2.1033063,5.5162406,1566948011643
37556,226,Gyroscope,0.5479460999999999,0.20219639,-0.41905355,1566948011652
37557,226,Accelerometer,-7.7368627000000005,-2.135628,5.482722,1566948011653
37558,226,Gyroscope,0.548557,0.20158553,-0.42760566,1566948011662
37559,226,Accelerometer,-7.680599000000001,-2.099715,5.518635,1566948011663
37560,226,Gyroscope,0.54733527,0.20647246,-0.43554693,1566948011673
37561,226,Accelerometer,-7.632714999999999,-2.0973208,5.542577,1566948011673
37562,226,Gyroscope,0.5516113,0.21380283,-0.44104472,1566948011682
37563,226,Accelerometer,-7.645883,-2.135628,5.588066599999999,1566948011683
37564,226,Gyroscope,0.55833083,0.21197024,-0.44837508,1566948011692
37565,226,Accelerometer,-7.6734165999999995,-2.1966799999999997,5.616797,1566948011693
37566,226,Gyroscope,0.5674938,0.21258110000000002,-0.45448375,1566948011702
37567,226,Accelerometer,-7.6470804,-2.2050598,5.657499,1566948011703
37568,226,Gyroscope,0.57910025,0.21380283,-0.45875978,1566948011712
37569,226,Accelerometer,-7.643489,-2.1954830000000003,5.686229,1566948011713
37570,226,Gyroscope,0.5852089,0.226631,-0.45631635,1566948011722
37571,226,Accelerometer,-7.655460000000001,-2.2254104999999997,5.681441,1566948011723
37572,226,Gyroscope,0.59437186,0.23273966,-0.45265114,1566948011732
37573,226,Accelerometer,-7.684190299999999,-2.1990743,5.674258,1566948011733
37574,226,Gyroscope,0.6053675000000001,0.23579398,-0.4465425,1566948011742
37575,226,Accelerometer,-7.697358599999999,-2.1428106,5.687426,1566948011743
37576,226,Gyroscope,0.61636305,0.22907446,-0.44776422,1566948011752
37577,226,Accelerometer,-7.702147,-2.0769699,5.7161565,1566948011753
37578,226,Gyroscope,0.6243043,0.24007004,-0.44837508,1566948011762
37579,226,Accelerometer,-7.717708999999999,-2.087744,5.7029886,1566948011763
37580,226,Gyroscope,0.62858033,0.23823744,-0.45448375,1566948011772
37581,226,Accelerometer,-7.7811556,-2.1033063,5.647922,1566948011773
37582,226,Gyroscope,0.6310238,0.23884831,-0.453262,1566948011782
37583,226,Accelerometer,-7.7931266,-2.086547,5.645528,1566948011783
37584,226,Gyroscope,0.63224554,0.23457226,-0.45570546,1566948011792
37585,226,Accelerometer,-7.730877400000001,-2.0470424,5.652710400000001,1566948011793
37586,226,Gyroscope,0.63346726,0.2321288,-0.45814893,1566948011802
37587,226,Accelerometer,-7.642291999999999,-1.9907787000000001,5.6586957,1566948011803
37588,226,Gyroscope,0.62796944,0.226631,-0.46181414,1566948011812
37589,226,Accelerometer,-7.605181699999999,-1.9704279999999998,5.6946087,1566948011813
37590,226,Gyroscope,0.62796944,0.22418754,-0.47158796,1566948011823
37591,226,Accelerometer,-7.5106106,-1.9285294999999998,5.779603,1566948011823
37592,226,Gyroscope,0.63285637,0.2284636,-0.48258355,1566948011832
37593,226,Accelerometer,-7.4327993,-1.9009962,5.8681884,1566948011833
37594,226,Gyroscope,0.6420194,0.23396139,-0.49602258,1566948011842
37595,226,Accelerometer,-7.48188,-1.9632453999999997,5.930437599999999,1566948011843
37596,226,Gyroscope,0.65484756,0.24373524,-0.51251596,1566948011852
37597,226,Accelerometer,-7.590816499999999,-2.0638018,6.0106435,1566948011853
37598,226,Gyroscope,0.66950834,0.27305678,-0.52839845,1566948011862
37599,226,Accelerometer,-7.763199,-2.12246,6.005855,1566948011863
37600,226,Gyroscope,0.68294734,0.29626966,-0.5412266,1566948011873
37601,226,Accelerometer,-7.8637557000000005,-2.1332338,5.93762,1566948011873
37602,226,Gyroscope,0.6719518,0.32925636,-0.56505036,1566948011882
37603,226,Accelerometer,-7.9607205,-2.1057005,5.8215012999999995,1566948011883
37604,226,Gyroscope,0.64873886,0.344528,-0.58459806,1566948011892
37605,226,Accelerometer,-8.090008000000001,-2.0961237,5.7736173,1566948011893
37606,226,Gyroscope,0.625526,0.35063666,-0.61269784,1566948011902
37607,226,Accelerometer,-8.110358,-2.0602105,5.768829,1566948011903
37608,226,Gyroscope,0.5876524000000001,0.34941490000000003,-0.63346726,1566948011912
37609,226,Accelerometer,-8.081628,-2.087744,5.521029,1566948011913
37610,226,Gyroscope,0.54733527,0.3359759,-0.6450737,1566948011922
37611,226,Accelerometer,-7.990648299999999,-2.2637177000000004,5.3618144999999995,1566948011923
37612,226,Gyroscope,0.51923543,0.33108896,-0.6395759,1566948011932
37613,226,Accelerometer,-7.7667904000000005,-2.4384943999999997,5.284003299999999,1566948011933
37614,226,Gyroscope,0.51251596,0.32009340000000003,-0.6224717,1566948011942
37615,226,Accelerometer,-7.487866,-2.6060886,5.197812,1566948011943
37616,226,Gyroscope,0.5155702999999999,0.29016098,-0.59803706,1566948011952
37617,226,Accelerometer,-7.323863,-2.7688942,5.103241000000001,1566948011953
37618,226,Gyroscope,0.5180137,0.25045475,-0.56688297,1566948011962
37619,226,Accelerometer,-7.237672,-2.8993783,5.067328,1566948011963
37620,226,Gyroscope,0.5222898,0.21135938,-0.52778757,1566948011972
37621,226,Accelerometer,-7.135917999999999,-2.9807810000000003,5.121197,1566948011973
37622,226,Gyroscope,0.5308419,0.18936823,-0.4886922,1566948011983
37623,226,Accelerometer,-7.147889,-3.0119057000000002,5.284003299999999,1566948011983
37624,226,Gyroscope,0.5467244000000001,0.18753563,-0.44898596,1566948011992
37625,226,Accelerometer,-7.2963295,-2.9843724,5.408501599999999,1566948011993
37626,226,Gyroscope,0.56321776,0.19792034,-0.41783184,1566948012002
37627,226,Accelerometer,-7.374141000000001,-2.8514943,5.4288526,1566948012003
37628,226,Gyroscope,0.5687156,0.18509217,-0.39522982,1566948012012
37629,226,Accelerometer,-7.380127000000001,-2.7473464,5.291186,1566948012013
37630,226,Gyroscope,0.56382865,0.16126843,-0.39461896,1566948012022
37631,226,Accelerometer,-7.3106947,-2.634819,5.2816089999999996,1566948012023
37632,226,Gyroscope,0.5681046999999999,0.14294247,-0.39950588,1566948012032
37633,226,Accelerometer,-7.359775999999999,-2.4708161,5.354632,1566948012033
37634,226,Gyroscope,0.5815437,0.12217305,-0.4111123,1566948012042
37635,226,Accelerometer,-7.441178999999999,-2.3415293999999998,5.4695540000000005,1566948012043
37636,226,Gyroscope,0.59803706,0.105068825,-0.42332962,1566948012052
37637,226,Accelerometer,-7.505822,-2.2158337,5.589264,1566948012053
37638,226,Gyroscope,0.6102544,0.099571034,-0.43799037,1566948012062
37639,226,Accelerometer,-7.577648,-2.1571757999999996,5.633556400000001,1566948012063
37640,226,Gyroscope,0.61453044,0.10018189999999999,-0.453262,1566948012072
37641,226,Accelerometer,-7.6722193,-2.1727380000000003,5.652710400000001,1566948012073
37642,226,Gyroscope,0.60903263,0.1020145,-0.4654793,1566948012082
37643,226,Accelerometer,-7.7332716,-2.2038627,5.6682725,1566948012083
37644,226,Gyroscope,0.5919284,0.10751228,-0.46914452,1566948012093
37645,226,Accelerometer,-7.699753,-2.2517467,5.7209449999999995,1566948012093
37646,226,Gyroscope,0.56016344,0.13622294,-0.4605924,1566948012103
37647,226,Accelerometer,-7.544129400000001,-2.3343467999999996,5.7819970000000005,1566948012103
37648,226,Gyroscope,0.5516113,0.15699236,-0.4538729,1566948012112
37649,226,Accelerometer,-7.437587700000001,-2.420538,5.8502316,1566948012113
37650,226,Gyroscope,0.5479460999999999,0.18387043,-0.44043383,1566948012122
37651,226,Accelerometer,-7.351396,-2.5594015,5.901707,1566948012123
37652,226,Gyroscope,0.54733527,0.20036379999999998,-0.4269948,1566948012132
37653,226,Accelerometer,-7.3214690000000004,-2.5366566,5.8358665,1566948012133
37654,226,Gyroscope,0.5467244000000001,0.20341812,-0.4166101,1566948012143
37655,226,Accelerometer,-7.28795,-2.5737667,5.774814599999999,1566948012143
37656,226,Gyroscope,0.54367006,0.21319197,-0.4092797,1566948012152
37657,226,Accelerometer,-7.298723700000001,-2.5881321,5.6802435,1566948012153
37658,226,Gyroscope,0.54550266,0.21197024,-0.40561453,1566948012162
37659,226,Accelerometer,-7.3789296,-2.6384103,5.567716000000001,1566948012163
37660,226,Gyroscope,0.54611355,0.20708331,-0.398895,1566948012172
37661,226,Accelerometer,-7.4806833,-2.6120741,5.5102553,1566948012173
37662,226,Gyroscope,0.5503895999999999,0.20219639,-0.3933972,1566948012182
37663,226,Accelerometer,-7.57286,-2.6479871,5.475539,1566948012183
37664,226,Gyroscope,0.54611355,0.19058995,-0.38851030000000003,1566948012192
37665,226,Accelerometer,-7.619547,-2.670732,5.4312468,1566948012193
37666,226,Gyroscope,0.5375614000000001,0.17470746,-0.38056904,1566948012202
37667,226,Accelerometer,-7.659051400000001,-2.6970682,5.4312468,1566948012203
37668,226,Gyroscope,0.52839845,0.15821409,-0.37690386,1566948012212
37669,226,Accelerometer,-7.690175999999999,-2.6779146000000003,5.461174,1566948012213
37670,226,Gyroscope,0.5155702999999999,0.14844026,-0.37201694,1566948012222
37671,226,Accelerometer,-7.699753,-2.6408044999999998,5.49589,1566948012223
37672,226,Gyroscope,0.49968776,0.13439035,-0.36651915,1566948012232
37673,226,Accelerometer,-7.684190299999999,-2.6120741,5.481525,1566948012233
37674,226,Gyroscope,0.48197266,0.12278391400000001,-0.3659083,1566948012242
37675,226,Accelerometer,-7.612364299999999,-2.6132712000000002,5.45878,1566948012243
37676,226,Gyroscope,0.4709771,0.1160644,-0.36102137,1566948012253
37677,226,Accelerometer,-7.546523599999999,-2.5881321,5.4671597,1566948012253
37678,226,Gyroscope,0.46486846,0.12034045,-0.35735616,1566948012262
37679,226,Accelerometer,-7.492654300000001,-2.4947581000000003,5.566519,1566948012263
37680,226,Gyroscope,0.45937067,0.13133603,-0.35185838,1566948012272
37681,226,Accelerometer,-7.4471645,-2.4396915,5.60722,1566948012273
37682,226,Gyroscope,0.44959682,0.14110987,-0.35002577,1566948012282
37683,226,Accelerometer,-7.4124484,-2.433706,5.6443305,1566948012283
37684,226,Gyroscope,0.43310347,0.16004670000000001,-0.34636059999999996,1566948012292
37685,226,Accelerometer,-7.356185000000001,-2.4947581000000003,5.705383,1566948012293
37686,226,Gyroscope,0.42149702,0.1777618,-0.33414328,1566948012302
37687,226,Accelerometer,-7.4028716,-2.5737667,5.7245364,1566948012303
37688,226,Gyroscope,0.40683624,0.18509217,-0.32253686,1566948012313
37689,226,Accelerometer,-7.562086,-2.6324248,5.6323595,1566948012313
37690,226,Gyroscope,0.38789943,0.18997909,-0.31215215,1566948012322
37691,226,Accelerometer,-7.5369470000000005,-2.6084828,5.625177,1566948012323
37692,226,Gyroscope,0.37079520000000005,0.19303341,-0.29932398,1566948012332
37693,226,Accelerometer,-7.4842744,-2.5594015,5.6227827,1566948012333
37694,226,Gyroscope,0.3567453,0.20158553,-0.28160888,1566948012342
37695,226,Accelerometer,-7.428011,-2.542642,5.613206,1566948012343
37696,226,Gyroscope,0.34330627,0.20647246,-0.26939157,1566948012352
37697,226,Accelerometer,-7.3885064,-2.5905263,5.604826,1566948012353
37698,226,Gyroscope,0.33169982,0.21197024,-0.2510656,1566948012363
37699,226,Accelerometer,-7.4232225000000005,-2.64679,5.5629277,1566948012363
37700,226,Gyroscope,0.3145956,0.21685717,-0.23090707,1566948012372
37701,226,Accelerometer,-7.400477400000001,-2.6396074,5.4934959999999995,1566948012373
37702,226,Gyroscope,0.2968805,0.23090707,-0.20525073,1566948012382
37703,226,Accelerometer,-7.420828299999999,-2.610877,5.4851160000000005,1566948012383
37704,226,Gyroscope,0.28588495,0.26145032,-0.17470746,1566948012392
37705,226,Accelerometer,-7.438784599999999,-2.5725696,5.427655000000001,1566948012393
37706,226,Gyroscope,0.27977628,0.2773328,-0.1441642,1566948012402
37707,226,Accelerometer,-7.5273699999999995,-2.5019407000000005,5.386954,1566948012403
37708,226,Gyroscope,0.2846632,0.29199359999999996,-0.11545353400000001,1566948012413
37709,226,Accelerometer,-7.675811,-2.4265234,5.380968,1566948012413
37710,226,Gyroscope,0.29565877,0.28527406,-0.09773844,1566948012422
37711,226,Accelerometer,-7.789535000000001,-2.3606830000000003,5.398925,1566948012423
37712,226,Gyroscope,0.30726522,0.28527406,-0.09590584,1566948012432
37713,226,Accelerometer,-7.890092,-2.3295584,5.49589,1566948012433
37714,226,Gyroscope,0.32375857,0.28283059999999993,-0.10445796,1566948012442
37715,226,Accelerometer,-8.09719,-2.2816741,5.4803276,1566948012443
37716,226,Gyroscope,0.33353242,0.27366763,-0.11789699,1566948012452
37717,226,Accelerometer,-8.396465,-2.2577322,5.427655000000001,1566948012453
37718,226,Gyroscope,0.33475417,0.26206118,-0.14782938,1566948012462
37719,226,Accelerometer,-8.529344,-2.2074540000000002,5.327099,1566948012463
37720,226,Gyroscope,0.32314770000000004,0.24373524,-0.18020524,1566948012473
37721,226,Accelerometer,-8.611943,-2.148796,5.159505,1566948012473
37722,226,Gyroscope,0.30543262,0.21135938,-0.22174409,1566948012482
37723,226,Accelerometer,-8.513782,-2.100912,5.035006,1566948012483
37724,226,Gyroscope,0.29443705,0.18081611,-0.25167647,1566948012492
37725,226,Accelerometer,-8.26239,-2.1176715,5.027823400000001,1566948012493
37726,226,Gyroscope,0.30176744,0.14477506,-0.27305678,1566948012502
37727,226,Accelerometer,-7.9307933,-2.1033063,5.090072599999999,1566948012503
37728,226,Gyroscope,0.3286455,0.1282817,-0.29382620000000004,1566948012512
37729,226,Accelerometer,-7.607576,-2.110489,5.1930237,1566948012513
37730,226,Gyroscope,0.35979962,0.11484267,-0.30970868,1566948012523
37731,226,Accelerometer,-7.3789296,-2.160767,5.2983685,1566948012523
37732,226,Gyroscope,0.39461896,0.09590584,-0.32314770000000004,1566948012532
37733,226,Accelerometer,-7.3106947,-2.2481554,5.403713,1566948012533
37734,226,Gyroscope,0.4166101,0.089186326,-0.3323107,1566948012542
37735,226,Accelerometer,-7.3178773,-2.3618799999999998,5.4575830000000005,1566948012543
37736,226,Gyroscope,0.43188173,0.08307768,-0.33414328,1566948012552
37737,226,Accelerometer,-7.442375999999999,-2.4468741,5.4539914000000005,1566948012553
37738,226,Gyroscope,0.43676865,0.07819075,-0.32986724,1566948012562
37739,226,Accelerometer,-7.6135616,-2.4827871,5.4168816,1566948012563
37740,226,Gyroscope,0.4447099,0.07880162,-0.312763,1566948012573
37741,226,Accelerometer,-7.7332716,-2.4516625,5.463568,1566948012573
37742,226,Gyroscope,0.46609017,0.08124508,-0.30298916,1566948012582
37743,226,Accelerometer,-7.860164,-2.3918076,5.5042696,1566948012583
37744,226,Gyroscope,0.48136179999999995,0.07880162,-0.29138273,1566948012592
37745,226,Accelerometer,-7.97748,-2.2349873,5.5509567,1566948012593
37746,226,Gyroscope,0.49418998,0.07147124,-0.29138273,1566948012602
37747,226,Accelerometer,-8.032547000000001,-2.005144,5.625177,1566948012603
37748,226,Gyroscope,0.49602258,0.064751714,-0.29749137,1566948012612
37749,226,Accelerometer,-8.015787,-1.7345991000000003,5.6910176,1566948012613
37750,226,Gyroscope,0.4886922,0.06169739,-0.31337386,1566948012622
37751,226,Accelerometer,-7.9487495,-1.5023615,5.765238,1566948012623
37752,226,Gyroscope,0.46853364,0.064751714,-0.33169982,1566948012633
37753,226,Accelerometer,-7.8218570000000005,-1.3623008,5.7760115,1566948012633
37754,226,Gyroscope,0.45142943,0.06963864,-0.35308012,1566948012642
37755,226,Accelerometer,-7.704541000000001,-1.3012487,5.8478374,1566948012643
37756,226,Gyroscope,0.43615779999999993,0.08857546,-0.37568212,1566948012652
37757,226,Accelerometer,-7.5309615,-1.3563153000000001,5.9878983,1566948012653
37758,226,Gyroscope,0.43127087,0.12461651,-0.39461896,1566948012662
37759,226,Accelerometer,-7.422025,-1.5155296,6.0621184999999995,1566948012663
37760,226,Gyroscope,0.43554693,0.16432275,-0.40561453,1566948012672
37761,226,Accelerometer,-7.442375999999999,-1.733402,6.101623,1566948012673
37762,226,Gyroscope,0.4447099,0.19608775,-0.40500367,1566948012683
37763,226,Accelerometer,-7.45315,-1.8722657,6.1040173,1566948012683
37764,226,Gyroscope,0.453262,0.21685717,-0.39950588,1566948012692
37765,226,Accelerometer,-7.429208,-1.8878279999999998,6.101623,1566948012693
37766,226,Gyroscope,0.4605924,0.23396139,-0.38789943,1566948012702
37767,226,Accelerometer,-7.390900599999999,-1.9428947,6.008249299999999,1566948012703
37768,226,Gyroscope,0.46853364,0.24373524,-0.37323865,1566948012712
37769,226,Accelerometer,-7.3310455999999995,-2.0003555,5.949591000000001,1566948012713
37770,226,Gyroscope,0.47891834,0.24678956,-0.36285394,1566948012722
37771,226,Accelerometer,-7.298723700000001,-2.087744,5.886145,1566948012723
37772,226,Gyroscope,0.49235737,0.24068089999999998,-0.35796702,1566948012733
37773,226,Accelerometer,-7.2592196,-2.1416135,5.8322754,1566948012733
37774,226,Gyroscope,0.50579643,0.24068089999999998,-0.35857790000000006,1566948012742
37775,226,Accelerometer,-7.273585000000001,-2.1404164,5.8119245,1566948012743
37776,226,Gyroscope,0.51923543,0.24373524,-0.36163223,1566948012752
37777,226,Accelerometer,-7.2975270000000005,-2.0733786,5.7736173,1566948012753
37778,226,Gyroscope,0.5290093000000001,0.24923302,-0.36835176,1566948012762
37779,226,Accelerometer,-7.36217,-1.9871874,5.6790465999999995,1566948012763
37780,226,Gyroscope,0.5381723,0.2510656,-0.3817908,1566948012772
37781,226,Accelerometer,-7.565677,-2.0015526,5.650316,1566948012773
37782,226,Gyroscope,0.54611355,0.24801129,-0.39461896,1566948012783
37783,226,Accelerometer,-7.6865845,-2.0494366000000004,5.633556400000001,1566948012783
37784,226,Gyroscope,0.5558874,0.24190263,-0.4111123,1566948012792
37785,226,Accelerometer,-7.835025,-2.0973208,5.60722,1566948012793
37786,226,Gyroscope,0.5656611999999999,0.2284636,-0.43188173,1566948012802
37787,226,Accelerometer,-7.8793178,-2.1260512,5.5581393,1566948012803
37788,226,Gyroscope,0.57543504,0.20952678,-0.43982297,1566948012812
37789,226,Accelerometer,-7.788338,-2.0961237,5.531803,1566948012813
37790,226,Gyroscope,0.57848936,0.20158553,-0.44715336,1566948012822
37791,226,Accelerometer,-7.6865845,-2.1703438999999998,5.544971,1566948012823
37792,226,Gyroscope,0.58093286,0.20463985,-0.45020768,1566948012832
37793,226,Accelerometer,-7.632714999999999,-2.2254104999999997,5.5509567,1566948012833
37794,226,Gyroscope,0.5876524000000001,0.19975294,-0.45142943,1566948012843
37795,226,Accelerometer,-7.6231384,-2.2661119,5.60722,1566948012843
37796,226,Gyroscope,0.59620446,0.18997909,-0.45753807,1566948012852
37797,226,Accelerometer,-7.667431,-2.2469582999999997,5.602432,1566948012853
37798,226,Gyroscope,0.59986967,0.18997909,-0.46303585,1566948012862
37799,226,Accelerometer,-7.739257,-2.2026656000000004,5.637148000000001,1566948012863
37800,226,Gyroscope,0.5992588000000001,0.19608775,-0.46914452,1566948012872
37801,226,Accelerometer,-7.7931266,-2.2421699,5.5940523,1566948012873
37802,226,Gyroscope,0.59131753,0.20952678,-0.47403142,1566948012882
37803,226,Accelerometer,-7.7907324000000004,-2.2960392999999995,5.5641245999999995,1566948012883
37804,226,Gyroscope,0.5900958000000001,0.21258110000000002,-0.47525316,1566948012893
37805,226,Accelerometer,-7.704541000000001,-2.2697031,5.619191000000001,1566948012893
37806,226,Gyroscope,0.6017023,0.21624629,-0.47586402,1566948012902
37807,226,Accelerometer,-7.608772999999999,-2.2589292999999997,5.74369,1566948012903
37808,226,Gyroscope,0.6169739000000001,0.2284636,-0.4783075,1566948012912
37809,226,Accelerometer,-7.620744,-2.3008277,5.7784057,1566948012913
37810,226,Gyroscope,0.6236934000000001,0.23090707,-0.48197266,1566948012922
37811,226,Accelerometer,-7.627927000000001,-2.336741,5.73531,1566948012923
37812,226,Gyroscope,0.63224554,0.23335053,-0.48075095,1566948012932
37813,226,Accelerometer,-7.605181699999999,-2.315193,5.707777,1566948012933
37814,226,Gyroscope,0.63163465,0.23701571,-0.47891834,1566948012943
37815,226,Accelerometer,-7.5572976999999995,-2.2254104999999997,5.695806,1566948012943
37816,226,Gyroscope,0.6383542,0.24312437,-0.47769663,1566948012952
37817,226,Accelerometer,-7.514202,-2.1823148999999997,5.779603,1566948012953
37818,226,Gyroscope,0.6469063,0.25900686,-0.47586402,1566948012962
37819,226,Accelerometer,-7.5046253,-2.1918917,5.8693852,1566948012963
37820,226,Gyroscope,0.66156703,0.2742785,-0.48075095,1566948012972
37821,226,Accelerometer,-7.597999000000001,-2.1966799999999997,5.963956400000001,1566948012973
37822,226,Gyroscope,0.689056,0.28771752,-0.48808134,1566948012982
37823,226,Accelerometer,-7.745242599999999,-2.2290018,5.9507885,1566948012983
37824,226,Gyroscope,0.7079928000000001,0.29749137,-0.5039638,1566948012992
37825,226,Accelerometer,-7.8888945999999995,-2.1787236,5.861006,1566948012993
37826,226,Gyroscope,0.711658,0.31520647,-0.5308419,1566948013003
37827,226,Accelerometer,-7.983465700000001,-2.112883,5.9041014,1566948013003
37828,226,Gyroscope,0.7098253999999999,0.34269542,-0.56016344,1566948013012
37829,226,Accelerometer,-8.103176,-2.0482395,5.8825536,1566948013013
37830,226,Gyroscope,0.6969972,0.35918877,-0.58459806,1566948013022
37831,226,Accelerometer,-8.210915,-2.0326772,5.7664347000000005,1566948013023
37832,226,Gyroscope,0.6719518,0.37751472,-0.60231316,1566948013032
37833,226,Accelerometer,-8.325836,-2.100912,5.5389857000000005,1566948013033
37834,226,Gyroscope,0.6267477,0.37384954,-0.6133086999999999,1566948013042
37835,226,Accelerometer,-8.169016000000001,-2.1679497000000003,5.3761797,1566948013043
37836,226,Gyroscope,0.6047566,0.3652974,-0.61941737,1566948013052
37837,226,Accelerometer,-7.8948803,-2.3379380000000003,5.185841,1566948013053
37838,226,Gyroscope,0.6047566,0.34086279999999997,-0.61819565,1566948013063
37839,226,Accelerometer,-7.592013400000001,-2.4887726000000003,5.1343656,1566948013063
37840,226,Gyroscope,0.6236934000000001,0.29565877,-0.6151413,1566948013072
37841,226,Accelerometer,-7.372944400000001,-2.6204537999999995,5.1056349999999995,1566948013073
37842,226,Gyroscope,0.6414085,0.23579398,-0.61269784,1566948013082
37843,226,Accelerometer,-7.2951326000000005,-2.6719291000000003,5.056554,1566948013083
37844,226,Gyroscope,0.6560693,0.21319197,-0.602924,1566948013092
37845,226,Accelerometer,-7.394492,-2.707842,5.1355624,1566948013093
37846,226,Gyroscope,0.65118235,0.21746802,-0.58459806,1566948013102
37847,226,Accelerometer,-7.620744,-2.7617116000000004,5.1966147000000005,1566948013103
37848,226,Gyroscope,0.6261369000000001,0.21807889999999996,-0.5510005,1566948013113
37849,226,Accelerometer,-7.789535000000001,-2.8083985,5.079299,1566948013113
37850,226,Gyroscope,0.60231316,0.21135938,-0.5137377000000001,1566948013122
37851,226,Accelerometer,-7.837419000000001,-2.8048072,5.031415,1566948013123
37852,226,Gyroscope,0.5882632,0.20463985,-0.48380527,1566948013132
37853,226,Accelerometer,-7.787141,-2.6647465,5.046977,1566948013133
37854,226,Gyroscope,0.57787853,0.18936823,-0.46853364,1566948013142
37855,226,Accelerometer,-7.643489,-2.4768016,5.0721164000000005,1566948013143
37856,226,Gyroscope,0.5644395000000001,0.15882497,-0.46609017,1566948013152
37857,226,Accelerometer,-7.5333557,-2.3654714,5.019444,1566948013153
37858,226,Gyroscope,0.56077427,0.12217305,-0.46975538,1566948013162
37859,226,Accelerometer,-7.4806833,-2.2996306,5.1379566,1566948013163
37860,226,Gyroscope,0.5656611999999999,0.08735373,-0.47525316,1566948013173
37861,226,Accelerometer,-7.496245399999999,-2.2409727999999998,5.297171,1566948013173
37862,226,Gyroscope,0.5662721,0.06352998,-0.47891834,1566948013182
37863,226,Accelerometer,-7.5884222999999995,-2.2242134,5.401319,1566948013183
37864,226,Gyroscope,0.56688297,0.06352998,-0.48136179999999995,1566948013192
37865,226,Accelerometer,-7.619547,-2.1751322999999996,5.628768,1566948013193
37866,226,Gyroscope,0.5656611999999999,0.07391469,-0.47769663,1566948013202
37867,226,Accelerometer,-7.682993400000001,-2.2457612,5.7819970000000005,1566948013203
37868,226,Gyroscope,0.5564981999999999,0.093462385,-0.46975538,1566948013212
37869,226,Accelerometer,-7.668628,-2.349909,5.8741736,1566948013213
37870,226,Gyroscope,0.5491679,0.1282817,-0.4636467000000001,1566948013222
37871,226,Accelerometer,-7.514202,-2.4085669999999997,5.967548000000001,1566948013223
37872,226,Gyroscope,0.54244834,0.14782938,-0.44532076,1566948013232
37873,226,Accelerometer,-7.424419400000001,-2.4121582999999998,5.9567738,1566948013233
37874,226,Gyroscope,0.5345071,0.16737708,-0.43554693,1566948013242
37875,226,Accelerometer,-7.2951326000000005,-2.4265234,5.931635,1566948013243
37876,226,Gyroscope,0.516792,0.19181168,-0.42149702,1566948013252
37877,226,Accelerometer,-7.138312299999999,-2.3965959999999997,5.813122,1566948013253
37878,226,Gyroscope,0.49968776,0.20586158,-0.40866885,1566948013262
37879,226,Accelerometer,-6.969521,-2.3546975,5.7808,1566948013263
37880,226,Gyroscope,0.49113566,0.20525073,-0.41172317,1566948013272
37881,226,Accelerometer,-6.828263300000001,-2.3738509999999997,5.750872599999999,1566948013273
37882,226,Gyroscope,0.49846604,0.19486602,-0.41477749999999997,1566948013282
37883,226,Accelerometer,-6.8330517,-2.4145525,5.6886234,1566948013283
37884,226,Gyroscope,0.5149594,0.18325958,-0.42088616,1566948013292
37885,226,Accelerometer,-6.891710000000001,-2.5198972,5.7029886,1566948013293
37886,226,Gyroscope,0.5290093000000001,0.17654006,-0.42638394,1566948013302
37887,226,Accelerometer,-6.9886745999999995,-2.610877,5.760449400000001,1566948013303
37888,226,Gyroscope,0.5345071,0.17654006,-0.42332962,1566948013312
37889,226,Accelerometer,-7.1431007,-2.705448,5.777209,1566948013313
37890,226,Gyroscope,0.54244834,0.16798794,-0.408058,1566948013322
37891,226,Accelerometer,-7.2951326000000005,-2.8215668,5.807136,1566948013323
37892,226,Gyroscope,0.5467244000000001,0.172264,-0.3903429,1566948013332
37893,226,Accelerometer,-7.431602000000001,-2.8802247000000003,5.711368,1566948013333
37894,226,Gyroscope,0.535118,0.16737708,-0.37262779999999995,1566948013343
37895,226,Accelerometer,-7.4699089999999995,-2.9029696,5.5006785,1566948013343
37896,226,Gyroscope,0.50640726,0.15454891,-0.3567453,1566948013352
37897,226,Accelerometer,-7.405266,-2.8155810000000003,5.4144874000000005,1566948013353
37898,226,Gyroscope,0.48624873,0.15515977,-0.35430184,1566948013362
37899,226,Accelerometer,-7.351396,-2.6420016,5.4851160000000005,1566948013363
37900,226,Gyroscope,0.4831944,0.16065755,-0.3567453,1566948013372
37901,226,Accelerometer,-7.3490020000000005,-2.4983494,5.5341973,1566948013373
37902,226,Gyroscope,0.48624873,0.16493362,-0.36896262,1566948013382
37903,226,Accelerometer,-7.4723034,-2.4720132,5.5868697,1566948013383
37904,226,Gyroscope,0.48014009999999996,0.17043139999999998,-0.37812558,1566948013392
37905,226,Accelerometer,-7.544129400000001,-2.4504653999999997,5.612008599999999,1566948013393
37906,226,Gyroscope,0.46975538,0.16920967,-0.38362336,1566948013403
37907,226,Accelerometer,-7.551311999999999,-2.4899697,5.6682725,1566948013403
37908,226,Gyroscope,0.45081854,0.17287487,-0.38484509999999994,1566948013412
37909,226,Accelerometer,-7.5453267,-2.6611552000000005,5.6706667,1566948013413
37910,226,Gyroscope,0.44165558,0.172264,-0.37873647,1566948013422
37911,226,Accelerometer,-7.5369470000000005,-2.8491,5.652710400000001,1566948013423
37912,226,Gyroscope,0.44043383,0.17654006,-0.3640757,1566948013432
37913,226,Accelerometer,-7.5608889999999995,-2.9640217,5.66947,1566948013433
37914,226,Gyroscope,0.44532076,0.18692477,-0.34819320000000004,1566948013442
37915,226,Accelerometer,-7.5094137000000005,-2.9951463,5.6826377,1566948013443
37916,226,Gyroscope,0.45265114,0.20158553,-0.3304781,1566948013452
37917,226,Accelerometer,-7.562086,-2.9484594,5.641936299999999,1566948013452
37918,226,Gyroscope,0.4569272,0.21319197,-0.3145956,1566948013463
37919,226,Accelerometer,-7.620744,-2.814384,5.518635,1566948013463
37920,226,Gyroscope,0.4465425,0.21013765,-0.3036,1566948013472
37921,226,Accelerometer,-7.630321,-2.6695349999999998,5.427655000000001,1566948013473
37922,226,Gyroscope,0.43066000000000004,0.20525073,-0.29932398,1566948013482
37923,226,Accelerometer,-7.592013400000001,-2.5605986,5.4025164000000006,1566948013483
37924,226,Gyroscope,0.41355577,0.20463985,-0.29077184,1566948013492
37925,226,Accelerometer,-7.544129400000001,-2.48159,5.434838,1566948013493
37926,226,Gyroscope,0.40011674,0.21013765,-0.28344148,1566948013502
37927,226,Accelerometer,-7.53575,-2.4468741,5.5389857000000005,1566948013503
37928,226,Gyroscope,0.40072759999999996,0.22724187,-0.28038713,1566948013512
37929,226,Accelerometer,-7.5608889999999995,-2.5139117000000004,5.66109,1566948013513
37930,226,Gyroscope,0.40439278,0.24373524,-0.27366763,1566948013522
37931,226,Accelerometer,-7.630321,-2.6850972,5.6670755999999995,1566948013523
37932,226,Gyroscope,0.39400807,0.24862215,-0.26267207,1566948013532
37933,226,Accelerometer,-7.735666,-2.8335377999999998,5.535394,1566948013533
37934,226,Gyroscope,0.38423425,0.24556783,-0.25167647,1566948013542
37935,226,Accelerometer,-7.8086886,-2.8658595,5.412093,1566948013543
37936,226,Gyroscope,0.36285394,0.23640485,-0.24617869,1566948013552
37937,226,Accelerometer,-7.7727756999999995,-2.813187,5.291186,1566948013553
37938,226,Gyroscope,0.34391713,0.22296582,-0.23457226,1566948013562
37939,226,Accelerometer,-7.7129207,-2.7461493,5.163096,1566948013563
37940,226,Gyroscope,0.32925636,0.21502456,-0.22418754,1566948013573
37941,226,Accelerometer,-7.693767,-2.6360161,5.073313,1566948013573
37942,226,Gyroscope,0.32314770000000004,0.21319197,-0.20830505,1566948013582
37943,226,Accelerometer,-7.5968018,-2.529474,5.1271830000000005,1566948013583
37944,226,Gyroscope,0.32498032,0.22968534,-0.18997909,1566948013592
37945,226,Accelerometer,-7.5944076,-2.4636335,5.221754,1566948013593
37946,226,Gyroscope,0.32436943,0.24495697,-0.16615535,1566948013602
37947,226,Accelerometer,-7.7667904000000005,-2.4660277,5.273229,1566948013603
37948,226,Gyroscope,0.32742378,0.25350907,-0.14844026,1566948013612
37949,226,Accelerometer,-7.908048,-2.5103204,5.294777,1566948013613
37950,226,Gyroscope,0.32986724,0.25167647,-0.13622294,1566948013622
37951,226,Accelerometer,-8.039729,-2.5546130000000002,5.270835,1566948013623
37952,226,Gyroscope,0.32742378,0.2510656,-0.13194689,1566948013633
37953,226,Accelerometer,-8.178593,-2.5797524,5.189432,1566948013633
37954,226,Gyroscope,0.3304781,0.23396139,-0.1386664,1566948013642
37955,226,Accelerometer,-8.336611,-2.5366566,5.045780000000001,1566948013643
37956,226,Gyroscope,0.33841935,0.20280726,-0.1563815,1566948013652
37957,226,Accelerometer,-8.428787,-2.4277205000000004,4.990713599999999,1566948013653
37958,226,Gyroscope,0.35246924,0.16676621,-0.18997909,1566948013662
37959,226,Accelerometer,-8.487445,-2.2780828,4.97156,1566948013663
37960,226,Gyroscope,0.3652974,0.124005646,-0.23090707,1566948013672
37961,226,Accelerometer,-8.485051,-2.088941,5.031415,1566948013673
37962,226,Gyroscope,0.37384954,0.08979719,-0.27916542,1566948013682
37963,226,Accelerometer,-8.365341,-1.9752164,5.161899,1566948013683
37964,226,Gyroscope,0.37323865,0.062308256,-0.32070425,1566948013693
37965,226,Accelerometer,-8.028955,-2.088941,5.2540755,1566948013693
37966,226,Gyroscope,0.37873647,0.045814894,-0.35369098,1566948013702
37967,226,Accelerometer,-7.8589673,-2.2230163,5.365406,1566948013703
37968,226,Gyroscope,0.38423425,0.03970624,-0.36651915,1566948013712
37969,226,Accelerometer,-7.693767,-2.3702598,5.3833623,1566948013713
37970,226,Gyroscope,0.39645153,0.034208454,-0.35979962,1566948013722
37971,226,Accelerometer,-7.559692,-2.4169466,5.4192758,1566948013723
37972,226,Gyroscope,0.42149702,0.025045475,-0.34086279999999997,1566948013732
37973,226,Accelerometer,-7.466317999999999,-2.3738509999999997,5.4851160000000005,1566948013733
37974,226,Gyroscope,0.43188173,0.030543262,-0.33108896,1566948013742
37975,226,Accelerometer,-7.3885064,-2.2709002000000003,5.543774,1566948013743
37976,226,Gyroscope,0.44348818,0.030543262,-0.32070425,1566948013753
37977,226,Accelerometer,-7.387309599999999,-2.1739352000000003,5.651513,1566948013753
37978,226,Gyroscope,0.44532076,0.040927973,-0.31887165,1566948013762
37979,226,Accelerometer,-7.487866,-2.0614076,5.7496753,1566948013763
37980,226,Gyroscope,0.4465425,0.050701816,-0.32070425,1566948013772
37981,226,Accelerometer,-7.5968018,-1.9381063000000003,5.840655,1566948013773
37982,226,Gyroscope,0.43737950000000003,0.059253927000000005,-0.32620203,1566948013782
37983,226,Accelerometer,-7.6614455999999995,-1.8076223000000002,5.887341999999999,1566948013783
37984,226,Gyroscope,0.42394048,0.069027774,-0.32803464,1566948013792
37985,226,Accelerometer,-7.6722193,-1.7202339,5.9184665999999995,1566948013794
37986,226,Gyroscope,0.41477749999999997,0.086132,-0.3268129,1566948013803
37987,226,Accelerometer,-7.633912,-1.6711528000000002,5.8849480000000005,1566948013803
37988,226,Gyroscope,0.4098906,0.09285152,-0.3268129,1566948013812
37989,226,Accelerometer,-7.575253999999999,-1.62686,5.946000000000001,1566948013813
37990,226,Gyroscope,0.41172317,0.10995574,-0.33108896,1566948013822
37991,226,Accelerometer,-7.467515,-1.6017209,6.027403,1566948013823
37992,226,Gyroscope,0.41599923,0.13072516,-0.33353242,1566948013832
37993,226,Accelerometer,-7.380127000000001,-1.6591818,6.0908489999999995,1566948013833
37994,226,Gyroscope,0.41844269999999995,0.15271631,-0.3390302,1566948013842
37995,226,Accelerometer,-7.414842599999999,-1.7525556,6.137536,1566948013843
37996,226,Gyroscope,0.41599923,0.1777618,-0.34697145,1566948013852
37997,226,Accelerometer,-7.339425,-1.8710686,6.1626754,1566948013853
37998,226,Gyroscope,0.41050145,0.20586158,-0.35246924,1566948013863
37999,226,Accelerometer,-7.311891999999999,-1.9500773,6.155493,1566948013863
38000,226,Gyroscope,0.4092797,0.22968534,-0.34941490000000003,1566948013872
38001,226,Accelerometer,-7.323863,-2.0302830000000003,6.066907,1566948013873
38002,226,Gyroscope,0.41966440000000005,0.24740042,-0.3475823,1566948013882
38003,226,Accelerometer,-7.3430165999999994,-2.0685901999999996,6.029797,1566948013883
38004,226,Gyroscope,0.42760566,0.26450464,-0.34330627,1566948013892
38005,226,Accelerometer,-7.3789296,-2.100912,5.9244523000000004,1566948013893
38006,226,Gyroscope,0.44104472,0.2742785,-0.34208453,1566948013902
38007,226,Accelerometer,-7.398083,-2.135628,5.8717794,1566948013903
38008,226,Gyroscope,0.453262,0.28344148,-0.34025195,1566948013913
38009,226,Accelerometer,-7.3609734,-2.1452047999999997,5.8095303,1566948013913
38010,226,Gyroscope,0.4642576,0.30115658,-0.34330627,1566948013922
38011,226,Accelerometer,-7.3430165999999994,-2.1655555,5.829880999999999,1566948013923
38012,226,Gyroscope,0.4709771,0.31398472,-0.34269542,1566948013932
38013,226,Accelerometer,-7.303512,-2.1739352000000003,5.791574,1566948013933
38014,226,Gyroscope,0.47219884,0.31642818,-0.34697145,1566948013942
38015,226,Accelerometer,-7.356185000000001,-2.1619642000000003,5.7065797,1566948013943
38016,226,Gyroscope,0.48563787,0.31703907,-0.35918877,1566948013952
38017,226,Accelerometer,-7.4507556,-2.1140802000000005,5.60722,1566948013953
38018,226,Gyroscope,0.50579643,0.32314770000000004,-0.37384954,1566948013962
38019,226,Accelerometer,-7.601590600000001,-2.088941,5.511451999999999,1566948013963
38020,226,Gyroscope,0.52778757,0.32436943,-0.38545597,1566948013973
38021,226,Accelerometer,-7.8302364,-2.098518,5.384559599999999,1566948013973
38022,226,Gyroscope,0.54550266,0.3109304,-0.39828414,1566948013982
38023,226,Accelerometer,-7.9750857,-2.160767,5.342661,1566948013983
38024,226,Gyroscope,0.5626069,0.28527406,-0.408058,1566948013992
38025,226,Accelerometer,-8.046911999999999,-2.268506,5.3103394999999995,1566948013993
38026,226,Gyroscope,0.5821546,0.24678956,-0.40194935,1566948014002
38027,226,Accelerometer,-8.103176,-2.3630772,5.2397103,1566948014003
38028,226,Gyroscope,0.59315014,0.21013765,-0.40133846,1566948014012
38029,226,Accelerometer,-8.058883,-2.3798366,5.2564697,1566948014013
38030,226,Gyroscope,0.6084218000000001,0.18509217,-0.39950588,1566948014023
38031,226,Accelerometer,-7.928399000000001,-2.3989902,5.2624555,1566948014023
38032,226,Gyroscope,0.6151413,0.17409660000000002,-0.40561453,1566948014032
38033,226,Accelerometer,-7.8793178,-2.3738509999999997,5.3390699999999995,1566948014033
38034,226,Gyroscope,0.6102544,0.16493362,-0.40256020000000003,1566948014042
38035,226,Accelerometer,-7.9343843,-2.3726540000000003,5.366603,1566948014043
38036,226,Gyroscope,0.59742624,0.16982053,-0.40378192,1566948014052
38037,226,Accelerometer,-7.9583262999999995,-2.3523033,5.449203,1566948014053
38038,226,Gyroscope,0.589485,0.17592919,-0.40683624,1566948014062
38039,226,Accelerometer,-7.97748,-2.3032220000000003,5.5162406,1566948014063
38040,226,Gyroscope,0.5858198,0.17531833,-0.41844269999999995,1566948014072
38041,226,Accelerometer,-7.920019,-2.1906946,5.580883999999999,1566948014073
38042,226,Gyroscope,0.5852089,0.17409660000000002,-0.43615779999999993,1566948014083
38043,226,Accelerometer,-7.846996300000001,-2.0290859,5.685032,1566948014083
38044,226,Gyroscope,0.589485,0.15699236,-0.45814893,1566948014092
38045,226,Accelerometer,-7.799111999999999,-1.8590976000000001,5.6299653,1566948014093
38046,226,Gyroscope,0.60048056,0.15332718,-0.4886922,1566948014102
38047,226,Accelerometer,-7.796717599999999,-1.7405846,5.7245364,1566948014103
38048,226,Gyroscope,0.6072,0.15577064,-0.5180137,1566948014112
38049,226,Accelerometer,-7.9307933,-1.6867151000000002,5.7939680000000005,1566948014113
38050,226,Gyroscope,0.59742624,0.16676621,-0.5497787,1566948014122
38051,226,Accelerometer,-8.1163435,-1.7788918999999999,5.8143187,1566948014123
38052,226,Gyroscope,0.5626069,0.18081611,-0.5815437,1566948014132
38053,226,Accelerometer,-8.279149,-1.9524715,5.723339,1566948014133
38054,226,Gyroscope,0.516792,0.19486602,-0.589485,1566948014142
38055,226,Accelerometer,-8.3868885,-2.1272482999999998,5.5940523,1566948014143
38056,226,Gyroscope,0.47403142,0.21197024,-0.58276546,1566948014152
38057,226,Accelerometer,-7.996633500000001,-2.336741,5.5581393,1566948014153
38058,226,Gyroscope,0.45020768,0.22174409,-0.5748241999999999,1566948014162
38059,226,Accelerometer,-7.571663,-2.2960392999999995,5.4779334,1566948014163
38060,226,Gyroscope,0.43737950000000003,0.20891592,-0.5687156,1566948014172
38061,226,Accelerometer,-7.261614,-2.3618799999999998,5.2026005,1566948014173
38062,226,Gyroscope,0.43371433,0.17287487,-0.54611355,1566948014182
38063,226,Accelerometer,-7.0784574000000005,-2.4109612,5.09127,1566948014183
38064,226,Gyroscope,0.47036624,0.12583824,-0.5045747,1566948014192
38065,226,Accelerometer,-7.009025599999999,-2.4396915,5.2241483,1566948014193
38066,226,Gyroscope,0.50823987,0.11789699,-0.4783075,1566948014202
38067,226,Accelerometer,-7.101202000000001,-2.5270798,5.315128,1566948014203
38068,226,Gyroscope,0.54000485,0.10812314599999999,-0.44837508,1566948014212
38069,226,Accelerometer,-7.305906299999999,-2.705448,5.408501599999999,1566948014213
38070,226,Gyroscope,0.55955255,0.106901415,-0.41477749999999997,1566948014222
38071,226,Accelerometer,-7.437587700000001,-2.8694507999999996,5.3821654,1566948014223
38072,226,Gyroscope,0.56016344,0.106901415,-0.37751472,1566948014232
38073,226,Accelerometer,-7.524976,-2.9233203,5.329493,1566948014233
38074,226,Gyroscope,0.54367006,0.105068825,-0.33658674,1566948014242
38075,226,Accelerometer,-7.615956,-2.8670566,5.327099,1566948014243
38076,226,Gyroscope,0.5204572000000001,0.11362094,-0.3005457,1566948014252
38077,226,Accelerometer,-7.629123700000001,-2.7688942,5.3833623,1566948014253
38078,226,Gyroscope,0.49602258,0.118507855,-0.27183503,1566948014262
38079,226,Accelerometer,-7.60997,-2.6048915,5.437232,1566948014263
38080,226,Gyroscope,0.47891834,0.118507855,-0.25595254,1566948014273
38081,226,Accelerometer,-7.524976,-2.4229321,5.5329999999999995,1566948014273
38082,226,Gyroscope,0.4636467000000001,0.11728613,-0.2565634,1566948014282
38083,226,Accelerometer,-7.4124484,-2.2732944,5.5054669999999994,1566948014283
38084,226,Gyroscope,0.4538729,0.10995574,-0.267559,1566948014293
38085,226,Accelerometer,-7.311891999999999,-2.1200657000000005,5.4791307,1566948014293
38086,226,Gyroscope,0.44593164,0.10812314599999999,-0.2883284,1566948014302
38087,226,Accelerometer,-7.305906299999999,-1.9871874,5.5629277,1566948014303
38088,226,Gyroscope,0.45875978,0.103847094,-0.31398472,1566948014312
38089,226,Accelerometer,-7.337031,-1.9321207999999999,5.647922,1566948014313
38090,226,Gyroscope,0.47342056,0.092240654,-0.34086279999999997,1566948014322
38091,226,Accelerometer,-7.350199000000001,-1.9536686,5.6706667,1566948014323
38092,226,Gyroscope,0.48747048,0.08368854,-0.35735616,1566948014333
38093,226,Accelerometer,-7.4339960000000005,-2.0482395,5.608417500000001,1566948014333
38094,226,Gyroscope,0.48563787,0.058643065,-0.36163223,1566948014342
38095,226,Accelerometer,-7.5561004,-2.0446482,5.590461,1566948014343
38096,226,Gyroscope,0.47586402,0.03726278,-0.35918877,1566948014353
38097,226,Accelerometer,-7.4699089999999995,-2.0901381999999997,5.7005944,1566948014353
38098,226,Gyroscope,0.46303585,0.03970624,-0.35246924,1566948014362
38099,226,Accelerometer,-7.4806833,-2.1272482999999998,5.756858,1566948014363
38100,226,Gyroscope,0.44287730000000003,0.04642576,-0.3359759,1566948014372
38101,226,Accelerometer,-7.492654300000001,-2.1523874,5.8358665,1566948014373
38102,226,Gyroscope,0.42332962,0.06291912,-0.32375857,1566948014382
38103,226,Accelerometer,-7.437587700000001,-2.1452047999999997,5.930437599999999,1566948014383
38104,226,Gyroscope,0.41355577,0.084910266,-0.31520647,1566948014393
38105,226,Accelerometer,-7.417236999999999,-2.1499932,6.06571,1566948014393
38106,226,Gyroscope,0.4092797,0.124005646,-0.32070425,1566948014402
38107,226,Accelerometer,-7.4363904000000005,-2.1679497000000003,6.142324400000001,1566948014403
38108,226,Gyroscope,0.40256020000000003,0.14660765,-0.32620203,1566948014413
38109,226,Accelerometer,-7.4699089999999995,-2.2433669999999997,6.1363389999999995,1566948014413
38110,226,Gyroscope,0.3744604,0.15882497,-0.3268129,1566948014422
38111,226,Accelerometer,-7.4986396,-2.3415293999999998,5.996278299999999,1566948014423
38112,226,Gyroscope,0.35857790000000006,0.16371189,-0.31581733,1566948014432
38113,226,Accelerometer,-7.5046253,-2.4600422,5.8119245,1566948014433
38114,226,Gyroscope,0.35491269999999997,0.16249016,-0.30665436,1566948014442
38115,226,Accelerometer,-7.489063000000001,-2.56419,5.66947,1566948014443
38116,226,Gyroscope,0.3567453,0.16310102,-0.29871312,1566948014452
38117,226,Accelerometer,-7.493850999999999,-2.6264392999999995,5.601235,1566948014453
38118,226,Gyroscope,0.3622431,0.16065755,-0.29016098,1566948014462
38119,226,Accelerometer,-7.5082164,-2.6443958,5.5820813,1566948014463
38120,226,Gyroscope,0.36468655,0.15943582,-0.28221974,1566948014472
38121,226,Accelerometer,-7.5333557,-2.622848,5.595249,1566948014473
38122,226,Gyroscope,0.3622431,0.14966199,-0.27672195,1566948014482
38123,226,Accelerometer,-7.592013400000001,-2.5929205,5.5748987,1566948014483
38124,226,Gyroscope,0.34941490000000003,0.14660765,-0.27488935,1566948014493
38125,226,Accelerometer,-7.608772999999999,-2.5474305,5.529408999999999,1566948014493
38126,226,Gyroscope,0.32803464,0.15332718,-0.27977628,1566948014502
38127,226,Accelerometer,-7.6243353,-2.4768016,5.4767364999999995,1566948014503
38128,226,Gyroscope,0.3023783,0.16920967,-0.28405234,1566948014512
38129,226,Accelerometer,-7.697358599999999,-2.445677,5.461174,1566948014513
38130,226,Gyroscope,0.28344148,0.17715092,-0.2864958,1566948014522
38131,226,Accelerometer,-7.8062944000000005,-2.4899697,5.449203,1566948014523
38132,226,Gyroscope,0.28221974,0.17348573,-0.2883284,1566948014532
38133,226,Accelerometer,-7.843405000000001,-2.574964,5.444414599999999,1566948014533
38134,226,Gyroscope,0.29016098,0.15760323,-0.29260445,1566948014542
38135,226,Accelerometer,-7.855376,-2.6659436000000003,5.4420204000000005,1566948014543
38136,226,Gyroscope,0.29932398,0.14538592,-0.29932398,1566948014552
38137,226,Accelerometer,-7.726089,-2.7581203,5.4264584000000005,1566948014553
38138,226,Gyroscope,0.30726522,0.14782938,-0.29749137,1566948014562
38139,226,Accelerometer,-7.629123700000001,-2.871845,5.4575830000000005,1566948014563
38140,226,Gyroscope,0.30665436,0.14599679999999998,-0.28710666,1566948014571
38141,226,Accelerometer,-7.632714999999999,-2.8874072999999996,5.4539914000000005,1566948014573
38142,226,Gyroscope,0.29932398,0.1337795,-0.27488935,1566948014582
38143,226,Accelerometer,-7.675811,-2.8491,5.4420204000000005,1566948014583
38144,226,Gyroscope,0.28893927,0.112399206,-0.25595254,1566948014592
38145,226,Accelerometer,-7.571663,-2.8383262000000005,5.4863133,1566948014594
38146,226,Gyroscope,0.27488935,0.09773844,-0.23945917,1566948014603
38147,226,Accelerometer,-7.313089,-2.6048915,5.601235,1566948014603
38148,226,Gyroscope,0.26389378,0.08674286,-0.2144137,1566948014612
38149,226,Accelerometer,-7.207744,-2.4588451,5.631162000000001,1566948014613
38150,226,Gyroscope,0.2510656,0.077579886,-0.18387043,1566948014622
38151,226,Accelerometer,-7.162254300000001,-2.3630772,5.686229,1566948014623
38152,226,Gyroscope,0.24007004,0.07513642,-0.16004670000000001,1566948014633
38153,226,Accelerometer,-7.025785000000001,-2.3092074,5.8095303,1566948014633
38154,226,Gyroscope,0.23579398,0.08674286,-0.14172074,1566948014642
38155,226,Accelerometer,-7.015011,-2.183512,5.93762,1566948014643
38156,226,Gyroscope,0.23396139,0.12339478,-0.11789699,1566948014652
38157,226,Accelerometer,-7.127538700000001,-2.0494366000000004,5.9687448,1566948014653
38158,226,Gyroscope,0.2284636,0.15027285,-0.10567969,1566948014662
38159,226,Accelerometer,-7.3190745999999995,-1.9823990000000002,5.9292407,1566948014663
38160,226,Gyroscope,0.2144137,0.1777618,-0.096516706,1566948014672
38161,226,Accelerometer,-7.4914570000000005,-1.9321207999999999,5.923255,1566948014673
38162,226,Gyroscope,0.20586158,0.20891592,-0.08857546,1566948014682
38163,226,Accelerometer,-7.6734165999999995,-1.8567034,5.925649,1566948014683
38164,226,Gyroscope,0.19975294,0.2443461,-0.07819075,1566948014692
38165,226,Accelerometer,-7.916428,-1.8387468999999996,5.8382607,1566948014694
38166,226,Gyroscope,0.19425514,0.26633725,-0.06169739,1566948014703
38167,226,Accelerometer,-8.11395,-1.8291701,5.804742,1566948014703
38168,226,Gyroscope,0.1881465,0.28405234,-0.056199603,1566948014712
38169,226,Accelerometer,-8.252813,-1.7980455000000002,5.756858,1566948014713
38170,226,Gyroscope,0.17715092,0.2968805,-0.059864793,1566948014722
38171,226,Accelerometer,-8.335413,-1.7106571,5.687426,1566948014723
38172,226,Gyroscope,0.16371189,0.3005457,-0.07147124,1566948014732
38173,226,Accelerometer,-8.352172999999999,-1.6328455,5.579687,1566948014733
38174,226,Gyroscope,0.14599679999999998,0.28283059999999993,-0.093462385,1566948014742
38175,226,Accelerometer,-8.321048,-1.602918,5.408501599999999,1566948014743
38176,226,Gyroscope,0.12644911,0.25534168,-0.13011430000000002,1566948014752
38177,226,Accelerometer,-8.259995,-1.62686,5.279215,1566948014753
38178,226,Gyroscope,0.12156218,0.21685717,-0.16982053,1566948014763
38179,226,Accelerometer,-8.180987,-1.6795325,5.1690817000000004,1566948014763
38180,226,Gyroscope,0.12583824,0.19058995,-0.20952678,1566948014772
38181,226,Accelerometer,-8.064867999999999,-1.8160020000000001,5.1475334,1566948014773
38182,226,Gyroscope,0.1386664,0.16493362,-0.24007004,1566948014782
38183,226,Accelerometer,-7.898471400000001,-1.9812019,5.1786585,1566948014783
38184,226,Gyroscope,0.16065755,0.13988814,-0.2565634,1566948014792
38185,226,Accelerometer,-7.751228,-2.1775265,5.1906295,1566948014793
38186,226,Gyroscope,0.18081611,0.11178834,-0.26206118,1566948014802
38187,226,Accelerometer,-7.6506715,-2.385822,5.187037999999999,1566948014803
38188,226,Gyroscope,0.204029,0.084910266,-0.24678956,1566948014812
38189,226,Accelerometer,-7.592013400000001,-2.4612392999999995,5.2181625,1566948014813
38190,226,Gyroscope,0.21380283,0.069027774,-0.22296582,1566948014822
38191,226,Accelerometer,-7.5345526,-2.4133554,5.21098,1566948014823
38192,226,Gyroscope,0.22357668,0.06169739,-0.20036379999999998,1566948014832
38193,226,Accelerometer,-7.517792999999999,-2.3427265,5.207389,1566948014833
38194,226,Gyroscope,0.23090707,0.048258353,-0.1826487,1566948014842
38195,226,Accelerometer,-7.60997,-2.2780828,5.1846437000000005,1566948014843
38196,226,Gyroscope,0.23701571,0.032375857,-0.16493362,1566948014852
38197,226,Accelerometer,-7.699753,-2.1667526,5.17387,1566948014853
38198,226,Gyroscope,0.24678956,0.0036651915999999997,-0.15027285,1566948014862
38199,226,Accelerometer,-7.81228,-2.0231004,5.237316000000001,1566948014863
38200,226,Gyroscope,0.26389378,-0.02687807,-0.14721853,1566948014872
38201,226,Accelerometer,-7.872135000000001,-1.8674773,5.384559599999999,1566948014873
38202,226,Gyroscope,0.28710666,-0.055588737,-0.15699236,1566948014882
38203,226,Accelerometer,-7.9092455,-1.6711528000000002,5.517437999999999,1566948014883
38204,226,Gyroscope,0.29749137,-0.06780604,-0.17165314,1566948014892
38205,226,Accelerometer,-7.94037,-1.496376,5.675455,1566948014893
38206,226,Gyroscope,0.29810223,-0.0720821,-0.18509217,1566948014903
38207,226,Accelerometer,-7.965509,-1.411382,5.7879825,1566948014903
38208,226,Gyroscope,0.28527406,-0.06963864,-0.1966986,1566948014912
38209,226,Accelerometer,-7.97748,-1.328782,5.8598084,1566948014913
38210,226,Gyroscope,0.26206118,-0.05497787,-0.20586158,1566948014922
38211,226,Accelerometer,-7.949947,-1.2892777,5.961562000000001,1566948014923
38212,226,Gyroscope,0.24129178,-0.035430185,-0.20891592,1566948014933
38213,226,Accelerometer,-7.9307933,-1.2509704,6.0465565,1566948014933
38214,226,Gyroscope,0.22113322,-0.004276057,-0.20280726,1566948014942
38215,226,Accelerometer,-7.8410106,-1.2856863,6.159084,1566948014943
38216,226,Gyroscope,0.20158553,0.029932396,-0.19058995,1566948014952
38217,226,Accelerometer,-7.703344,-1.30484,6.196194,1566948014953
38218,226,Gyroscope,0.18631389999999998,0.064751714,-0.17287487,1566948014962
38219,226,Accelerometer,-7.589619,-1.3563153000000001,6.18542,1566948014963
38220,226,Gyroscope,0.17348573,0.10567969,-0.15454891,1566948014972
38221,226,Accelerometer,-7.4735007,-1.4736311000000002,6.1638722,1566948014973
38222,226,Gyroscope,0.15760323,0.14660765,-0.1386664,1566948014982
38223,226,Accelerometer,-7.407660000000001,-1.5574282,6.0980315,1566948014983
38224,226,Gyroscope,0.14966199,0.18631389999999998,-0.12583824,1566948014992
38225,226,Accelerometer,-7.384915400000001,-1.602918,6.105214,1566948014993
38226,226,Gyroscope,0.15332718,0.21746802,-0.118507855,1566948015002
38227,226,Accelerometer,-7.437587700000001,-1.6412252,6.112396700000001,1566948015003
38228,226,Gyroscope,0.16004670000000001,0.23640485,-0.11301007,1566948015012
38229,226,Accelerometer,-7.539341,-1.7310078000000002,6.0501475,1566948015013
38230,226,Gyroscope,0.16920967,0.23090707,-0.11056661,1566948015022
38231,226,Accelerometer,-7.5644803,-1.7753005000000002,5.9507885,1566948015023
38232,226,Gyroscope,0.1777618,0.21930063,-0.11362094,1566948015032
38233,226,Accelerometer,-7.5273699999999995,-1.7884687,5.849035,1566948015033
38234,226,Gyroscope,0.19120082,0.20830505,-0.11911872,1566948015042
38235,226,Accelerometer,-7.505822,-1.7513584999999998,5.762843599999999,1566948015043
38236,226,Gyroscope,0.19364429,0.20036379999999998,-0.119729586,1566948015052
38237,226,Accelerometer,-7.5608889999999995,-1.6555905,5.6347537,1566948015053
38238,226,Gyroscope,0.19853121,0.18570304,-0.13011430000000002,1566948015063
38239,226,Accelerometer,-7.546523599999999,-1.5765818,5.559336,1566948015063
38240,226,Gyroscope,0.19364429,0.18203785,-0.1337795,1566948015072
38241,226,Accelerometer,-7.682993400000001,-1.5813701999999998,5.5617304,1566948015073
38242,226,Gyroscope,0.18997909,0.17837265,-0.13255776,1566948015082
38243,226,Accelerometer,-7.6853875999999985,-1.6531962,5.5629277,1566948015083
38244,226,Gyroscope,0.18692477,0.172264,-0.12767084,1566948015092
38245,226,Accelerometer,-7.702147,-1.7094599999999998,5.5964465,1566948015093
38246,226,Gyroscope,0.1881465,0.16187929,-0.12583824,1566948015102
38247,226,Accelerometer,-7.6794020000000005,-1.7633294999999998,5.613206,1566948015103
38248,226,Gyroscope,0.19303341,0.15882497,-0.12644911,1566948015112
38249,226,Accelerometer,-7.6734165999999995,-1.7537526999999997,5.5641245999999995,1566948015113
38250,226,Gyroscope,0.19792034,0.15454891,-0.12889257,1566948015122
38251,226,Accelerometer,-7.726089,-1.6927006000000002,5.511451999999999,1566948015123
38252,226,Gyroscope,0.19730948,0.14172074,-0.13500121,1566948015132
38253,226,Accelerometer,-7.767987299999999,-1.5861586,5.4515970000000005,1566948015133
38254,226,Gyroscope,0.19242255,0.13927728,-0.14172074,1566948015142
38255,226,Accelerometer,-7.825448,-1.5227122,5.470751,1566948015143
38256,226,Gyroscope,0.18875736,0.13622294,-0.15515977,1566948015153
38257,226,Accelerometer,-8.007407,-1.567005,5.4970870000000005,1566948015153
38258,226,Gyroscope,0.18020524,0.13683382,-0.16249016,1566948015162
38259,226,Accelerometer,-8.182184,-1.6555905,5.461174,1566948015163
38260,226,Gyroscope,0.16676621,0.13744467,-0.16187929,1566948015172
38261,226,Accelerometer,-8.264783999999999,-1.6831238000000002,5.407305,1566948015173
38262,226,Gyroscope,0.15271631,0.12950343,-0.15577064,1566948015182
38263,226,Accelerometer,-8.293514,-1.6795325,5.3522377,1566948015183
38264,226,Gyroscope,0.14110987,0.1282817,-0.14782938,1566948015193
38265,226,Accelerometer,-8.243236999999999,-1.6400281000000003,5.351041,1566948015193
38266,226,Gyroscope,0.13500121,0.13194689,-0.14966199,1566948015202
38267,226,Accelerometer,-8.143877,-1.6400281000000003,5.407305,1566948015203
38268,226,Gyroscope,0.13500121,0.13805555,-0.15760323,1566948015212
38269,226,Accelerometer,-8.093599000000001,-1.6759412,5.4144874000000005,1566948015213
38270,226,Gyroscope,0.13500121,0.13744467,-0.16798794,1566948015222
38271,226,Accelerometer,-8.039729,-1.7381904,5.434838,1566948015224
38272,226,Gyroscope,0.14049901,0.12339478,-0.17959438,1566948015233
38273,226,Accelerometer,-8.033744,-1.7250223000000002,5.5258174,1566948015233
38274,226,Gyroscope,0.14538592,0.11301007,-0.1881465,1566948015242
38275,226,Accelerometer,-7.9846625,-1.6663644,5.4551888,1566948015243
38276,226,Gyroscope,0.1423316,0.09773844,-0.19181168,1566948015252
38277,226,Accelerometer,-7.965509,-1.6675615000000001,5.329493,1566948015253
38278,226,Gyroscope,0.14355333,0.08063421400000001,-0.19058995,1566948015263
38279,226,Accelerometer,-7.949947,-1.6807296000000003,5.3127337,1566948015263
38280,226,Gyroscope,0.15271631,0.07147124,-0.19303341,1566948015272
38281,226,Accelerometer,-8.002619000000001,-1.6735470000000001,5.398925,1566948015273
38282,226,Gyroscope,0.16798794,0.06536258,-0.19914207,1566948015282
38283,226,Accelerometer,-8.098388,-1.6651672999999998,5.434838,1566948015283
38284,226,Gyroscope,0.17654006,0.054367005999999996,-0.21135938,1566948015292
38285,226,Accelerometer,-8.147469000000001,-1.6891093000000001,5.4288526,1566948015293
38286,226,Gyroscope,0.17104226,0.051923547,-0.22113322,1566948015303
38287,226,Accelerometer,-8.158242,-1.6627731,5.4025164000000006,1566948015303
38288,226,Gyroscope,0.16371189,0.03848451,-0.23640485,1566948015312
38289,226,Accelerometer,-8.076839,-1.5622166000000002,5.408501599999999,1566948015313
38290,226,Gyroscope,0.1563815,0.03481932,-0.26450464,1566948015322
38291,226,Accelerometer,-7.9331875,-1.4413095,5.49589,1566948015323
38292,226,Gyroscope,0.14172074,0.026267206,-0.29565877,1566948015332
38293,226,Accelerometer,-7.8386164,-1.4628572,5.604826,1566948015333
38294,226,Gyroscope,0.124005646,0.025045475,-0.32925636,1566948015342
38295,226,Accelerometer,-7.823053999999999,-1.6807296000000003,5.603629,1566948015343
38296,226,Gyroscope,0.1142318,0.040317107000000005,-0.3304781,1566948015352
38297,226,Accelerometer,-7.730877400000001,-1.9225439999999998,5.621585400000001,1566948015353
38298,226,Gyroscope,0.11301007,0.05497787,-0.31520647,1566948015362
38299,226,Accelerometer,-7.7703815,-2.0901381999999997,5.591658,1566948015363
38300,226,Gyroscope,0.11178834,0.06963864,-0.29565877,1566948015372
38301,226,Accelerometer,-7.6494746,-2.2014685000000003,5.577293,1566948015373
38302,226,Gyroscope,0.12034045,0.08124508,-0.26939157,1566948015382
38303,226,Accelerometer,-7.574057000000001,-2.3690627,5.5760955999999995,1566948015383
38304,226,Gyroscope,0.12767084,0.092240654,-0.24556783,1566948015393
38305,226,Accelerometer,-7.502231,-2.4839842,5.4982843,1566948015393
38306,226,Gyroscope,0.12217305,0.0983493,-0.22418754,1566948015402
38307,226,Accelerometer,-7.329848299999999,-2.6084828,5.365406,1566948015403
38308,226,Gyroscope,0.10629055,0.08735373,-0.19853121,1566948015412
38309,226,Accelerometer,-7.2268977,-2.717419,5.139154,1566948015413
38310,226,Gyroscope,0.09285152,0.076358154,-0.18203785,1566948015423
38311,226,Accelerometer,-7.1754226999999995,-2.64679,5.1056349999999995,1566948015423
38312,226,Gyroscope,0.10323623,0.059864793,-0.17043139999999998,1566948015432
38313,226,Accelerometer,-7.241263000000001,-2.5390507999999996,5.2301335,1566948015433
38314,226,Gyroscope,0.1282817,0.03726278,-0.17043139999999998,1566948015442
38315,226,Accelerometer,-7.335833999999999,-2.4229321,5.437232,1566948015443
38316,226,Gyroscope,0.14538592,-0.002443461,-0.18081611,1566948015453
38317,226,Accelerometer,-7.4363904000000005,-2.3439236,5.577293,1566948015453
38318,226,Gyroscope,0.14660765,-0.04520403,-0.20219639,1566948015462
38319,226,Accelerometer,-7.514202,-2.2649147999999997,5.6682725,1566948015463
38320,226,Gyroscope,0.1282817,-0.089186326,-0.21563543,1566948015472
38321,226,Accelerometer,-7.595605,-2.1679497000000003,5.7879825,1566948015473
38322,226,Gyroscope,0.12034045,-0.111177474,-0.21502456,1566948015482
38323,226,Accelerometer,-7.614758500000001,-2.1200657000000005,6.0046577,1566948015483
38324,226,Gyroscope,0.12156218,-0.103847094,-0.20952678,1566948015492
38325,226,Accelerometer,-7.505822,-2.123657,6.291962,1566948015493
38326,226,Gyroscope,0.12583824,-0.070249505,-0.19547687,1566948015502
38327,226,Accelerometer,-7.4088573,-2.15957,6.459556,1566948015503
38328,226,Gyroscope,0.12889257,-0.03481932,-0.17654006,1566948015512
38329,226,Accelerometer,-7.2484455,-2.1631612999999996,6.501455,1566948015513
38330,226,Gyroscope,0.13133603,0.004886922,-0.16004670000000001,1566948015522
38331,226,Accelerometer,-7.1131735,-2.1823148999999997,6.4763155,1566948015523
38332,226,Gyroscope,0.12461651,0.059864793,-0.14538592,1566948015532
38333,226,Accelerometer,-6.8486137000000005,-2.099715,6.312312599999999,1566948015533
38334,226,Gyroscope,0.12644911,0.10323623,-0.13988814,1566948015542
38335,226,Accelerometer,-6.8545995,-2.1499932,6.220136,1566948015543
38336,226,Gyroscope,0.13439035,0.1282817,-0.14477506,1566948015552
38337,226,Accelerometer,-6.946776400000001,-2.2409727999999998,6.066907,1566948015553
38338,226,Gyroscope,0.1423316,0.1386664,-0.14538592,1566948015563
38339,226,Accelerometer,-7.0305734,-2.3092074,5.9005103,1566948015563
38340,226,Gyroscope,0.14477506,0.14294247,-0.15027285,1566948015572
38341,226,Accelerometer,-7.1407065,-2.4289176,5.771223,1566948015573
38342,226,Gyroscope,0.1386664,0.13805555,-0.14172074,1566948015582
38343,226,Accelerometer,-7.314286,-2.6252422,5.6910176,1566948015583
38344,226,Gyroscope,0.13439035,0.12767084,-0.13072516,1566948015593
38345,226,Accelerometer,-7.4256167,-2.813187,5.6323595,1566948015593
38346,226,Gyroscope,0.13622294,0.10262536,-0.11728613,1566948015602
38347,226,Accelerometer,-7.4735007,-2.9424740000000003,5.5964465,1566948015603
38348,226,Gyroscope,0.13500121,0.08246681,-0.10629055,1566948015612
38349,226,Accelerometer,-7.5321584,-2.979584,5.5509567,1566948015613
38350,226,Gyroscope,0.12767084,0.0720821,-0.08796459400000001,1566948015622
38351,226,Accelerometer,-7.477092,-2.930503,5.5341973,1566948015623
38352,226,Gyroscope,0.12278391400000001,0.069027774,-0.07574729,1566948015632
38353,226,Accelerometer,-7.376535400000001,-2.8862102000000003,5.5258174,1566948015633
38354,226,Gyroscope,0.12339478,0.054367005999999996,-0.069027774,1566948015642
38355,226,Accelerometer,-7.323863,-2.8311436000000003,5.5258174,1566948015643
38356,226,Gyroscope,0.12705997,0.03726278,-0.070249505,1566948015653
38357,226,Accelerometer,-7.2807674,-2.7569232000000006,5.559336,1566948015653
38358,226,Gyroscope,0.13011430000000002,0.03726278,-0.07819075,1566948015662
38359,226,Accelerometer,-7.2975270000000005,-2.6276363999999997,5.595249,1566948015663
38360,226,Gyroscope,0.13316862,0.04337143,-0.095294975,1566948015672
38361,226,Accelerometer,-7.396886299999999,-2.5797524,5.662287,1566948015673
38362,226,Gyroscope,0.12889257,0.05131268,-0.105068825,1566948015682
38363,226,Accelerometer,-7.529764,-2.5091232999999997,5.681441,1566948015683
38364,226,Gyroscope,0.11728613,0.05375614,-0.1160644,1566948015692
38365,226,Accelerometer,-7.601590600000001,-2.5234885,5.722142,1566948015693
38366,226,Gyroscope,0.10873401,0.062308256,-0.12583824,1566948015703
38367,226,Accelerometer,-7.6578539999999995,-2.5941176,5.801151,1566948015703
38368,226,Gyroscope,0.09712757,0.06841691,-0.1337795,1566948015712
38369,226,Accelerometer,-7.759608,-2.7222072999999996,5.742492700000001,1566948015713
38370,226,Gyroscope,0.07941248,0.06291912,-0.12583824,1566948015722
38371,226,Accelerometer,-7.803900200000001,-2.767697,5.647922,1566948015723
38372,226,Gyroscope,0.053145275,0.06536258,-0.10873401,1566948015732
38373,226,Accelerometer,-7.6506715,-2.706645,5.603629,1566948015733
38374,226,Gyroscope,0.03359759,0.062308256,-0.08857546,1566948015742
38375,226,Accelerometer,-7.400477400000001,-2.6276363999999997,5.662287,1566948015743
38376,226,Gyroscope,0.030543262,0.0580322,-0.076358154,1566948015753
38377,226,Accelerometer,-7.2185183,-2.5677812,5.755661,1566948015753
38378,226,Gyroscope,0.032375857,0.04276056599999999,-0.076358154,1566948015762
38379,226,Accelerometer,-7.098808,-2.516306,5.8693852,1566948015763
38380,226,Gyroscope,0.037873644,0.03176499,-0.081855945,1566948015772
38381,226,Accelerometer,-6.95755,-2.5067291000000003,5.9687448,1566948015773
38382,226,Gyroscope,0.03726278,0.03359759,-0.092240654,1566948015782
38383,226,Accelerometer,-6.963536,-2.4480712000000002,6.053739,1566948015783
38384,226,Gyroscope,0.028099801,0.059253927000000005,-0.10934488,1566948015792
38385,226,Accelerometer,-7.029375999999999,-2.516306,6.1100025,1566948015793
38386,226,Gyroscope,0.015271631,0.1160644,-0.11301007,1566948015802
38387,226,Accelerometer,-7.171831,-2.6862943,6.1519012,1566948015803
38388,226,Gyroscope,0.007330383,0.16126843,-0.10629055,1566948015812
38389,226,Accelerometer,-7.298723700000001,-2.8323407000000005,6.113594,1566948015813
38390,226,Gyroscope,-0.00061086525,0.18753563,-0.08674286,1566948015822
38391,226,Accelerometer,-7.3789296,-2.9975405,5.930437599999999,1566948015823
38392,226,Gyroscope,-0.005497787,0.19975294,-0.061086524,1566948015832
38393,226,Accelerometer,-7.405266,-3.1471782000000004,5.6946087,1566948015833
38394,226,Gyroscope,0.004886922,0.19547687,-0.040317107000000005,1566948015842
38395,226,Accelerometer,-7.323863,-3.240552,5.57849,1566948015843
38396,226,Gyroscope,0.017715093,0.19303341,-0.027488936000000002,1566948015852
38397,226,Accelerometer,-7.2927384,-3.2513257999999996,5.5018754,1566948015853
38398,226,Gyroscope,0.031154128,0.18997909,-0.014049901000000002,1566948015863
38399,226,Accelerometer,-7.323863,-3.2190042,5.4144874000000005,1566948015863
38400,226,Gyroscope,0.031154128,0.18142697,-0.008552114,1566948015872
38401,226,Accelerometer,-7.357382,-3.1483752999999997,5.3486465999999995,1566948015873
38402,226,Gyroscope,0.031154128,0.18142697,-0.014049901000000002,1566948015882
38403,226,Accelerometer,-7.305906299999999,-3.052607,5.345055,1566948015883
38404,226,Gyroscope,0.028710667000000002,0.17531833,-0.02076942,1566948015892
38405,226,Accelerometer,-7.302314999999999,-2.9999347000000003,5.311536299999999,1566948015893
38406,226,Gyroscope,0.029321532999999997,0.17592919,-0.02687807,1566948015903
38407,226,Accelerometer,-7.3645644,-2.9867666,5.2504845,1566948015903
38408,226,Gyroscope,0.0421497,0.16554448,-0.025045475,1566948015912
38409,226,Accelerometer,-7.507019500000001,-3.0466216,5.245696,1566948015913
38410,226,Gyroscope,0.06536258,0.15393804,-0.018936822,1566948015922
38411,226,Accelerometer,-7.627927000000001,-3.0933087,5.2660465,1566948015923
38412,226,Gyroscope,0.095294975,0.14477506,-0.0067195175,1566948015932
38413,226,Accelerometer,-7.803900200000001,-3.1004913,5.2085857,1566948015933
38414,226,Gyroscope,0.12339478,0.106901415,0.01160644,1566948015942
38415,226,Accelerometer,-7.994239299999999,-2.9963433999999998,5.1559134,1566948015942
38416,226,Gyroscope,0.15271631,0.04642576,0.022602014,1566948015953
38417,226,Accelerometer,-8.052897,-2.7629087,5.2002063,1566948015953
38418,226,Gyroscope,0.172264,-0.004886922,0.021991148999999998,1566948015962
38419,226,Accelerometer,-8.09719,-2.421735,5.342661,1566948015963
38420,226,Gyroscope,0.18020524,-0.03970624,0.02321288,1566948015972
38421,226,Accelerometer,-8.1343,-1.9859903,5.5222263,1566948015973
38422,226,Gyroscope,0.17531833,-0.04886922,0.02321288,1566948015982
38423,226,Accelerometer,-8.104372999999999,-1.5861586,5.652710400000001,1566948015983
38424,226,Gyroscope,0.17043139999999998,-0.047036625,-0.03726278,1566948015992
38425,226,Accelerometer,-7.9583262999999995,-1.1456255,5.9005103,1566948015993
38426,226,Gyroscope,0.15332718,-0.021380282999999996,-0.09101892,1566948016003
38427,226,Accelerometer,-7.961917999999999,-1.0881646999999999,5.963956400000001,1566948016003
38428,226,Gyroscope,0.12950343,0.009773844,-0.15577064,1566948016012
38429,226,Accelerometer,-7.9367785,-1.2366052,5.973533,1566948016013
38430,226,Gyroscope,0.096516706,0.043982297000000004,-0.21319197,1566948016022
38431,226,Accelerometer,-7.9523410000000005,-1.5275006000000002,5.9687448,1566948016023
38432,226,Gyroscope,0.055588737,0.092240654,-0.26267207,1566948016032
38433,226,Accelerometer,-7.912836599999999,-1.8219875,5.935226,1566948016033
38434,226,Gyroscope,0.030543262,0.12339478,-0.26328292,1566948016043
38435,226,Accelerometer,-7.773973,-2.0649989,5.828684,1566948016043
38436,226,Gyroscope,0.02076942,0.13011430000000002,-0.23823744,1566948016052
38437,226,Accelerometer,-7.631517999999999,-2.2481554,5.734113,1566948016053
38438,226,Gyroscope,0.021991148999999998,0.12217305,-0.1966986,1566948016062
38439,226,Accelerometer,-7.540538300000001,-2.3331497000000003,5.697003,1566948016063
38440,226,Gyroscope,0.032986722999999996,0.10873401,-0.14660765,1566948016072
38441,226,Accelerometer,-7.4327993,-2.2960392999999995,5.6922144999999995,1566948016073
38442,226,Gyroscope,0.04520403,0.1020145,-0.1020145,1566948016083
38443,226,Accelerometer,-7.3083005000000005,-2.1847090000000002,5.6551046,1566948016083
38444,226,Gyroscope,0.05375614,0.08552113,-0.069027774,1566948016092
38445,226,Accelerometer,-7.309498,-2.0350714,5.612008599999999,1566948016093
38446,226,Gyroscope,0.057421334000000004,0.076358154,-0.050701816,1566948016102
38447,226,Accelerometer,-7.404069,-1.9081788,5.650316,1566948016103
38448,226,Gyroscope,0.06597344599999999,0.07269296,-0.036651913,1566948016112
38449,226,Accelerometer,-7.5345526,-1.7812861,5.693412,1566948016113
38450,226,Gyroscope,0.06719518,0.08063421400000001,-0.036651913,1566948016122
38451,226,Accelerometer,-7.660248299999999,-1.6304513,5.765238,1566948016123
38452,226,Gyroscope,0.069027774,0.09285152,-0.047036625,1566948016133
38453,226,Accelerometer,-7.799111999999999,-1.4999673,5.7903767,1566948016133
38454,226,Gyroscope,0.06352998,0.10812314599999999,-0.064751714,1566948016142
38455,226,Accelerometer,-7.7919292,-1.3934253,5.7089739999999995,1566948016143
38456,226,Gyroscope,0.054367005999999996,0.1282817,-0.09101892,1566948016152
38457,226,Accelerometer,-7.7703815,-1.4676456,5.600037599999999,1566948016153
38458,226,Gyroscope,0.0580322,0.13194689,-0.1142318,1566948016162
38459,226,Accelerometer,-7.803900200000001,-1.6232687,5.567716000000001,1566948016163
38460,226,Gyroscope,0.07574729,0.116675265,-0.12522738,1566948016172
38461,226,Accelerometer,-7.818265400000001,-1.7345991000000003,5.5329999999999995,1566948016173
38462,226,Gyroscope,0.08979719,0.112399206,-0.13133603,1566948016182
38463,226,Accelerometer,-7.711724,-1.8590976000000001,5.530606,1566948016183
38464,226,Gyroscope,0.10812314599999999,0.10018189999999999,-0.1282817,1566948016192
38465,226,Accelerometer,-7.619547,-1.9931729,5.531803,1566948016193
38466,226,Gyroscope,0.12767084,0.073303826,-0.12644911,1566948016202
38467,226,Accelerometer,-7.6027875,-2.0697872999999998,5.5521536,1566948016203
38468,226,Gyroscope,0.13194689,0.055588737,-0.12156218,1566948016213
38469,226,Accelerometer,-7.6135616,-2.0458453000000003,5.604826,1566948016213
38470,226,Gyroscope,0.13011430000000002,0.04153884,-0.11911872,1566948016222
38471,226,Accelerometer,-7.586028,-1.9931729,5.657499,1566948016223
38472,226,Gyroscope,0.119729586,0.039095376,-0.116675265,1566948016232
38473,226,Accelerometer,-7.5644803,-2.0111293999999997,5.657499,1566948016233
38474,226,Gyroscope,0.11056661,0.04276056599999999,-0.12034045,1566948016242
38475,226,Accelerometer,-7.562086,-2.0362685000000003,5.6586957,1566948016243
38476,226,Gyroscope,0.10323623,0.040317107000000005,-0.12217305,1566948016252
38477,226,Accelerometer,-7.517792999999999,-2.0494366000000004,5.693412,1566948016253
38478,226,Gyroscope,0.10995574,0.03604105,-0.13011430000000002,1566948016262
38479,226,Accelerometer,-7.451953,-2.098518,5.7029886,1566948016263
38480,226,Gyroscope,0.116675265,0.03176499,-0.13255776,1566948016272
38481,226,Accelerometer,-7.4268136,-2.1176715,5.673061,1566948016273
38482,226,Gyroscope,0.116675265,0.015882496,-0.13194689,1566948016283
38483,226,Accelerometer,-7.2927384,-2.1033063,5.483919,1566948016283
38484,226,Gyroscope,0.12095132,0.0018325957999999999,-0.15332718,1566948016292
38485,226,Accelerometer,-7.0808516,-2.0721814999999997,5.3761797,1566948016293
38486,226,Gyroscope,0.13500121,-0.0030543262,-0.1881465,1566948016302
38487,226,Accelerometer,-7.060500599999999,-2.055422,5.499480999999999,1566948016303
38488,226,Gyroscope,0.15210545,-0.0018325957999999999,-0.23884831,1566948016312
38489,226,Accelerometer,-7.207744,-2.0099323,5.7065797,1566948016313
38490,226,Gyroscope,0.15821409,0.009162978,-0.2864958,1566948016323
38491,226,Accelerometer,-7.4567413,-2.0350714,5.8238955,1566948016323
38492,226,Gyroscope,0.15271631,0.028710667000000002,-0.31398472,1566948016332
38493,226,Accelerometer,-7.69257,-2.1978772,5.756858,1566948016333
38494,226,Gyroscope,0.13744467,0.031154128,-0.32070425,1566948016342
38495,226,Accelerometer,-7.8865004,-2.4085669999999997,5.5485625,1566948016343
38496,226,Gyroscope,0.12461651,0.017104227,-0.3115413,1566948016352
38497,226,Accelerometer,-8.001422,-2.60968,5.434838,1566948016353
38498,226,Gyroscope,0.118507855,-0.005497787,-0.28893927,1566948016362
38499,226,Accelerometer,-8.033744,-2.7329812,5.433641000000001,1566948016363
38500,226,Gyroscope,0.12461651,-0.0421497,-0.25411993,1566948016372
38501,226,Accelerometer,-8.100781,-2.7748797,5.5102553,1566948016373
38502,226,Gyroscope,0.1337795,-0.073303826,-0.20891592,1566948016382
38503,226,Accelerometer,-8.055291,-2.7114333999999998,5.673061,1566948016383
38504,226,Gyroscope,0.1282817,-0.09407325,-0.16249016,1566948016392
38505,226,Accelerometer,-7.8793178,-2.6515784,5.876568,1566948016393
38506,226,Gyroscope,0.11362094,-0.09285152,-0.124005646,1566948016402
38507,226,Accelerometer,-7.6470804,-2.565387,6.0800753,1566948016403
38508,226,Gyroscope,0.08857546,-0.05681047,-0.09407325,1566948016412
38509,226,Accelerometer,-7.395689,-2.4971522999999998,6.235698,1566948016413
38510,226,Gyroscope,0.06169739,-0.0030543262,-0.06780604,1566948016422
38511,226,Accelerometer,-7.277176,-2.4384943999999997,6.2345014,1566948016423
38512,226,Gyroscope,0.04153884,0.057421334000000004,-0.049480084,1566948016432
38513,226,Accelerometer,-7.120356,-2.3642743,6.244078,1566948016433
38514,226,Gyroscope,0.04153884,0.12095132,-0.04642576,1566948016442
38515,226,Accelerometer,-6.987478,-2.31639,6.2129536,1566948016443
38516,226,Gyroscope,0.05375614,0.15088372,-0.058643065,1566948016452
38517,226,Accelerometer,-7.3789296,-2.4073699,5.852626,1566948016453
38518,226,Gyroscope,0.05375614,0.1685988,-0.062308256,1566948016463
38519,226,Accelerometer,-7.231686,-2.3618799999999998,5.6706667,1566948016463
38520,226,Gyroscope,0.053145275,0.17531833,-0.06658431,1566948016472
38521,226,Accelerometer,-7.1790137000000005,-2.3798366,5.571307,1566948016473
38522,226,Gyroscope,0.07452556,0.1563815,-0.081855945,1566948016482
38523,226,Accelerometer,-7.181408,-2.4540567,5.571307,1566948016483
38524,226,Gyroscope,0.11728613,0.1142318,-0.10262536,1566948016492
38525,226,Accelerometer,-7.2628107,-2.5845408,5.5629277,1566948016493
38526,226,Gyroscope,0.14049901,0.07819075,-0.10812314599999999,1566948016502
38527,226,Accelerometer,-7.443573,-2.6156653999999997,5.5389857000000005,1566948016503
38528,226,Gyroscope,0.14538592,0.04642576,-0.10995574,1566948016513
38529,226,Accelerometer,-7.4495587,-2.5510217999999996,5.553351,1566948016513
38530,226,Gyroscope,0.12889257,0.030543262,-0.105068825,1566948016522
38531,226,Accelerometer,-7.5034279999999995,-2.5713725,5.5617304,1566948016523
38532,226,Gyroscope,0.11301007,0.014660766,-0.092240654,1566948016532
38533,226,Accelerometer,-7.538144,-2.6264392999999995,5.601235,1566948016533
38534,226,Gyroscope,0.09101892,0.008552114,-0.07696902,1566948016542
38535,226,Accelerometer,-7.550114999999999,-2.730587,5.671864,1566948016543
38536,226,Gyroscope,0.06658431,0.014049901000000002,-0.05497787,1566948016552
38537,226,Accelerometer,-7.550114999999999,-2.7605145,5.759252,1566948016553
38538,226,Gyroscope,0.05497787,0.01160644,-0.03604105,1566948016563
38539,226,Accelerometer,-7.516596300000001,-2.7449522,5.8478374,1566948016563
38540,226,Gyroscope,0.05375614,0.02443461,-0.021380282999999996,1566948016572
38541,226,Accelerometer,-7.437587700000001,-2.7353754,5.957971,1566948016573
38542,226,Gyroscope,0.06414085,0.04337143,-0.01282817,1566948016582
38543,226,Accelerometer,-7.3106947,-2.7234043999999997,5.9412117,1566948016583
38544,226,Gyroscope,0.07880162,0.056199603,-0.009162978,1566948016592
38545,226,Accelerometer,-7.157466,-2.7150247000000003,5.93762,1566948016593
38546,226,Gyroscope,0.09590584,0.061086524,-0.016493361,1566948016602
38547,226,Accelerometer,-7.1155677,-2.6001031,5.9184665999999995,1566948016603
38548,226,Gyroscope,0.111177474,0.06597344599999999,-0.031154128,1566948016612
38549,226,Accelerometer,-7.076063,-2.4851813,5.913678,1566948016613
38550,226,Gyroscope,0.12278391400000001,0.064751714,-0.053145275,1566948016623
38551,226,Accelerometer,-7.056909599999999,-2.4408886,5.9064955999999995,1566948016623
38552,226,Gyroscope,0.13194689,0.061086524,-0.07513642,1566948016632
38553,226,Accelerometer,-7.097611,-2.4624363999999996,5.886145,1566948016633
38554,226,Gyroscope,0.13744467,0.06658431,-0.099571034,1566948016642
38555,226,Accelerometer,-7.1826053,-2.6048915,5.8849480000000005,1566948016643
38556,226,Gyroscope,0.14110987,0.069027774,-0.11911872,1566948016652
38557,226,Accelerometer,-7.398083,-2.7257986,5.8717794,1566948016653
38558,226,Gyroscope,0.14049901,0.059253927000000005,-0.1282817,1566948016662
38559,226,Accelerometer,-7.615956,-2.7449522,5.8107276,1566948016663
38560,226,Gyroscope,0.13316862,0.0580322,-0.12889257,1566948016672
38561,226,Accelerometer,-7.6494746,-2.707842,5.7281275,1566948016673
38562,226,Gyroscope,0.12583824,0.057421334000000004,-0.12461651,1566948016682
38563,226,Accelerometer,-7.559692,-2.694674,5.673061,1566948016683
38564,226,Gyroscope,0.12034045,0.057421334000000004,-0.12644911,1566948016692
38565,226,Accelerometer,-7.445967,-2.7712884,5.6431336,1566948016693
38566,226,Gyroscope,0.13194689,0.048258353,-0.12767084,1566948016703
38567,226,Accelerometer,-7.420828299999999,-2.8574797999999997,5.633556400000001,1566948016703
38568,226,Gyroscope,0.13561209,0.03481932,-0.12767084,1566948016712
38569,226,Accelerometer,-7.4363904000000005,-2.8048072,5.567716000000001,1566948016713
38570,226,Gyroscope,0.12095132,0.03176499,-0.1142318,1566948016722
38571,226,Accelerometer,-7.430405,-2.6791117,5.5054669999999994,1566948016723
38572,226,Gyroscope,0.11301007,0.04276056599999999,-0.10445796,1566948016732
38573,226,Accelerometer,-7.3609734,-2.5905263,5.4982843,1566948016733
38574,226,Gyroscope,0.116675265,0.043982297000000004,-0.10079276599999999,1566948016742
38575,226,Accelerometer,-7.3071036,-2.681506,5.543774,1566948016742
38576,226,Gyroscope,0.12767084,0.022602014,-0.099571034,1566948016753
38577,226,Accelerometer,-7.387309599999999,-2.7473464,5.5820813,1566948016753
38578,226,Gyroscope,0.12889257,-0.004276057,-0.09590584,1566948016762
38579,226,Accelerometer,-7.502231,-2.7210102000000003,5.6467247,1566948016763
38580,226,Gyroscope,0.12950343,-0.009773844,-0.089186326,1566948016772
38581,226,Accelerometer,-7.581239699999999,-2.6994624,5.7400985,1566948016773
38582,226,Gyroscope,0.1160644,-0.0067195175,-0.07513642,1566948016782
38583,226,Accelerometer,-7.677007700000001,-2.6623523,5.758055000000001,1566948016783
38584,226,Gyroscope,0.099571034,-0.0061086523,-0.06047566,1566948016792
38585,226,Accelerometer,-7.629123700000001,-2.6013002,5.756858,1566948016793
38586,226,Gyroscope,0.08307768,-0.0012217305,-0.047036625,1566948016803
38587,226,Accelerometer,-7.5525093,-2.597709,5.877765,1566948016803
38588,226,Gyroscope,0.073303826,0.009162978,-0.032375857,1566948016812
38589,226,Accelerometer,-7.493850999999999,-2.5785553,6.0046577,1566948016813
38590,226,Gyroscope,0.06597344599999999,0.022602014,-0.023823743999999997,1566948016822
38591,226,Accelerometer,-7.3777327999999995,-2.4959552000000005,6.131551,1566948016823
38592,226,Gyroscope,0.06658431,0.040317107000000005,-0.019547688,1566948016832
38593,226,Accelerometer,-7.27957,-2.4109612,6.257246,1566948016833
38594,226,Gyroscope,0.0580322,0.06841691,-0.021380282999999996,1566948016842
38595,226,Accelerometer,-7.249642999999999,-2.3415293999999998,6.312312599999999,1566948016843
38596,226,Gyroscope,0.040927973,0.10262536,-0.019547688,1566948016853
38597,226,Accelerometer,-7.3106947,-2.3104044999999998,6.265626,1566948016853
38598,226,Gyroscope,0.018936822,0.13500121,-0.009162978,1566948016862
38599,226,Accelerometer,-7.387309599999999,-2.3175871,6.1626754,1566948016863
38600,226,Gyroscope,-0.00061086525,0.16004670000000001,0.004276057,1566948016872
38601,226,Accelerometer,-7.4603324,-2.3666685000000003,6.047753299999999,1566948016873
38602,226,Gyroscope,-0.01160644,0.18081611,0.016493361,1566948016882
38603,226,Accelerometer,-7.4268136,-2.4169466,5.9807158,1566948016883
38604,226,Gyroscope,-0.007941248,0.18875736,0.02565634,1566948016892
38605,226,Accelerometer,-7.3825210000000006,-2.4959552000000005,5.9938839999999995,1566948016893
38606,226,Gyroscope,-0.00061086525,0.18448131,0.02565634,1566948016902
38607,226,Accelerometer,-7.2927384,-2.5689783,6.029797,1566948016903
38608,226,Gyroscope,0.0012217305,0.17715092,0.017715093,1566948016913
38609,226,Accelerometer,-7.200561500000001,-2.5354595,5.913678,1566948016913
38610,226,Gyroscope,-0.002443461,0.16982053,0.0018325957999999999,1566948016922
38611,226,Accelerometer,-7.2029557,-2.3942018,5.772420400000001,1566948016923
38612,226,Gyroscope,-0.017104227,0.16920967,-0.01282817,1566948016932
38613,226,Accelerometer,-7.1646485,-2.3295584,5.683835,1566948016933
38614,226,Gyroscope,-0.021380282999999996,0.18203785,-0.025045475,1566948016942
38615,226,Accelerometer,-7.133524,-2.4289176,5.633556400000001,1566948016943
38616,226,Gyroscope,-0.014660766,0.18570304,-0.04520403,1566948016952
38617,226,Accelerometer,-7.284358500000001,-2.5558102000000003,5.639542,1566948016952
38618,226,Gyroscope,0.0018325957999999999,0.17043139999999998,-0.052534412999999995,1566948016963
38619,226,Accelerometer,-7.4495587,-2.6288335,5.627571,1566948016963
38620,226,Gyroscope,0.016493361,0.16004670000000001,-0.057421334000000004,1566948016972
38621,226,Accelerometer,-7.565677,-2.682703,5.5748987,1566948016973
38622,226,Gyroscope,0.03176499,0.14721853,-0.05497787,1566948016982
38623,226,Accelerometer,-7.668628,-2.693477,5.5329999999999995,1566948016983
38624,226,Gyroscope,0.04520403,0.12034045,-0.059864793,1566948016992
38625,226,Accelerometer,-7.758410499999999,-2.6994624,5.487509999999999,1566948016993
38626,226,Gyroscope,0.056199603,0.08979719,-0.06291912,1566948017002
38627,226,Accelerometer,-7.7129207,-2.6862943,5.4934959999999995,1566948017003
38628,226,Gyroscope,0.064751714,0.06658431,-0.06841691,1566948017013
38629,226,Accelerometer,-7.6518690000000005,-2.6288335,5.49589,1566948017013
38630,226,Gyroscope,0.070249505,0.05009095,-0.0720821,1566948017022
38631,226,Accelerometer,-7.6219410000000005,-2.6036943999999997,5.499480999999999,1566948017023
38632,226,Gyroscope,0.06719518,0.03726278,-0.077579886,1566948017032
38633,226,Accelerometer,-7.546523599999999,-2.6384103,5.5844755,1566948017033
38634,226,Gyroscope,0.07147124,0.036651913,-0.084910266,1566948017042
38635,226,Accelerometer,-7.502231,-2.7246015,5.6347537,1566948017043
38636,226,Gyroscope,0.06597344599999999,0.048258353,-0.08002335,1566948017052
38637,226,Accelerometer,-7.394492,-2.6982652999999996,5.6156,1566948017053
38638,226,Gyroscope,0.052534412999999995,0.06841691,-0.07086037,1566948017062
38639,226,Accelerometer,-7.2927384,-2.7234043999999997,5.577293,1566948017063
38640,226,Gyroscope,0.04153884,0.08796459400000001,-0.057421334000000004,1566948017073
38641,226,Accelerometer,-7.2460512999999995,-2.7473464,5.6299653,1566948017073
38642,226,Gyroscope,0.047647487,0.09896017,-0.049480084,1566948017082
38643,226,Accelerometer,-7.2867527,-2.7964275,5.723339,1566948017083
38644,226,Gyroscope,0.06963864,0.09285152,-0.05009095,1566948017092
38645,226,Accelerometer,-7.455544000000001,-2.7784709999999997,5.777209,1566948017093
38646,226,Gyroscope,0.092240654,0.07574729,-0.05497787,1566948017102
38647,226,Accelerometer,-7.6111674,-2.6563668,5.765238,1566948017103
38648,226,Gyroscope,0.10751228,0.0720821,-0.06597344599999999,1566948017112
38649,226,Accelerometer,-7.60997,-2.5354595,5.7017913,1566948017113
38650,226,Gyroscope,0.1142318,0.07819075,-0.07452556,1566948017123
38651,226,Accelerometer,-7.6410947,-2.5306710999999997,5.6179943,1566948017123
38652,226,Gyroscope,0.11178834,0.086132,-0.08002335,1566948017132
38653,226,Accelerometer,-7.60997,-2.5893292000000003,5.5976434,1566948017133
38654,226,Gyroscope,0.111177474,0.08368854,-0.08124508,1566948017142
38655,226,Accelerometer,-7.5046253,-2.610877,5.5856724,1566948017143
38656,226,Gyroscope,0.10140363,0.0842994,-0.08063421400000001,1566948017152
38657,226,Accelerometer,-7.445967,-2.5761611,5.5641245999999995,1566948017153
38658,226,Gyroscope,0.08307768,0.07452556,-0.08124508,1566948017162
38659,226,Accelerometer,-7.37055,-2.5270798,5.5006785,1566948017163
38660,226,Gyroscope,0.06047566,0.061086524,-0.08979719,1566948017173
38661,226,Accelerometer,-7.267599000000001,-2.4779987,5.5042696,1566948017173
38662,226,Gyroscope,0.04520403,0.030543262,-0.099571034,1566948017182
38663,226,Accelerometer,-7.268796400000001,-2.4313118,5.5605335,1566948017183
38664,226,Gyroscope,0.052534412999999995,0.010995574,-0.105068825,1566948017192
38665,226,Accelerometer,-7.3178773,-2.4193408,5.651513,1566948017193
38666,226,Gyroscope,0.06597344599999999,-0.007330383,-0.10751228,1566948017202
38667,226,Accelerometer,-7.4232225000000005,-2.3870192,5.722142,1566948017203
38668,226,Gyroscope,0.06963864,-0.015882496,-0.10629055,1566948017212
38669,226,Accelerometer,-7.529764,-2.3523033,5.746084,1566948017213
38670,226,Gyroscope,0.058643065,-0.018325957,-0.10140363,1566948017222
38671,226,Accelerometer,-7.5944076,-2.336741,5.7664347000000005,1566948017223
38672,226,Gyroscope,0.044593163,-0.014660766,-0.09101892,1566948017232
38673,226,Accelerometer,-7.667431,-2.385822,5.815516000000001,1566948017233
38674,226,Gyroscope,0.023823743999999997,-0.009162978,-0.077579886,1566948017242
38675,226,Accelerometer,-7.702147,-2.3942018,5.8837504,1566948017243
38676,226,Gyroscope,-0.00061086525,0.0036651915999999997,-0.06291912,1566948017253
38677,226,Accelerometer,-7.631517999999999,-2.3894134,5.9268465,1566948017253
38678,226,Gyroscope,-0.017104227,0.02076942,-0.04886922,1566948017262
38679,226,Accelerometer,-7.541735000000001,-2.3463178,5.960365299999999,1566948017263
38680,226,Gyroscope,-0.029321532999999997,0.032375857,-0.039095376,1566948017272
38681,226,Accelerometer,-7.4399820000000005,-2.280477,5.942408599999999,1566948017273
38682,226,Gyroscope,-0.03970624,0.040317107000000005,-0.039095376,1566948017282
38683,226,Accelerometer,-7.241263000000001,-2.2373814999999997,5.9651537,1566948017283
38684,226,Gyroscope,-0.0421497,0.05375614,-0.04337143,1566948017292
38685,226,Accelerometer,-7.0832458,-2.2433669999999997,5.9938839999999995,1566948017293
38686,226,Gyroscope,-0.05009095,0.06536258,-0.04886922,1566948017303
38687,226,Accelerometer,-6.9970546,-2.2709002000000003,5.9807158,1566948017303
38688,226,Gyroscope,-0.055588737,0.081855945,-0.055588737,1566948017312
38689,226,Accelerometer,-6.9970546,-2.2948422,5.9507885,1566948017313
38690,226,Gyroscope,-0.059864793,0.10018189999999999,-0.05131268,1566948017322
38691,226,Accelerometer,-7.1095820000000005,-2.348712,5.942408599999999,1566948017323
38692,226,Gyroscope,-0.06291912,0.1160644,-0.04520403,1566948017332
38693,226,Accelerometer,-7.2125325,-2.4839842,5.901707,1566948017333
38694,226,Gyroscope,-0.062308256,0.1337795,-0.036651913,1566948017342
38695,226,Accelerometer,-7.3047094,-2.6611552000000005,5.8466406,1566948017343
38696,226,Gyroscope,-0.064751714,0.13927728,-0.02443461,1566948017353
38697,226,Accelerometer,-7.395689,-2.8455088,5.7736173,1566948017353
38698,226,Gyroscope,-0.059864793,0.1337795,-0.01282817,1566948017362
38699,226,Accelerometer,-7.49026,-2.9592332999999997,5.73531,1566948017363
38700,226,Gyroscope,-0.04520403,0.12278391400000001,-0.0030543262,1566948017372
38701,226,Accelerometer,-7.582436599999999,-2.8670566,5.673061,1566948017373
38702,226,Gyroscope,-0.034208454,0.11178834,0.0030543262,1566948017382
38703,226,Accelerometer,-7.4806833,-2.695871,5.621585400000001,1566948017383
38704,226,Gyroscope,-0.02687807,0.0983493,0.007941248,1566948017392
38705,226,Accelerometer,-7.3789296,-2.5701754,5.601235,1566948017393
38706,226,Gyroscope,-0.025045475,0.08857546,0.008552114,1566948017402
38707,226,Accelerometer,-7.2640080000000005,-2.493561,5.613206,1566948017403
38708,226,Gyroscope,-0.013439035,0.06414085,0.002443461,1566948017412
38709,226,Accelerometer,-7.2388687,-2.4911668,5.664681400000001,1566948017413
38710,226,Gyroscope,0.0061086523,0.05497787,-0.010995574,1566948017422
38711,226,Accelerometer,-7.323863,-2.5151088,5.7089739999999995,1566948017423
38712,226,Gyroscope,0.017104227,0.047647487,-0.026267206,1566948017432
38713,226,Accelerometer,-7.431602000000001,-2.5354595,5.7245364,1566948017433
38714,226,Gyroscope,0.02687807,0.0421497,-0.04153884,1566948017442
38715,226,Accelerometer,-7.5608889999999995,-2.5677812,5.714959599999999,1566948017443
38716,226,Gyroscope,0.021380282999999996,0.04153884,-0.051923547,1566948017452
38717,226,Accelerometer,-7.735666,-2.5893292000000003,5.686229,1566948017453
38718,226,Gyroscope,0.007941248,0.049480084,-0.0580322,1566948017463
38719,226,Accelerometer,-7.771578999999999,-2.5629928,5.686229,1566948017463
38720,226,Gyroscope,-0.0067195175,0.062308256,-0.06047566,1566948017472
38721,226,Accelerometer,-7.706935400000001,-2.553416,5.6910176,1566948017473
38722,226,Gyroscope,-0.02443461,0.07513642,-0.061086524,1566948017482
38723,226,Accelerometer,-7.627927000000001,-2.5498247000000003,5.7041855,1566948017483
38724,226,Gyroscope,-0.03604105,0.07819075,-0.055588737,1566948017492
38725,226,Accelerometer,-7.499836999999999,-2.5306710999999997,5.707777,1566948017493
38726,226,Gyroscope,-0.04337143,0.09101892,-0.055588737,1566948017502
38727,226,Accelerometer,-7.442375999999999,-2.5079262000000004,5.7843914000000005,1566948017503
38728,226,Gyroscope,-0.047647487,0.10873401,-0.051923547,1566948017512
38729,226,Accelerometer,-7.443573,-2.5546130000000002,5.746084,1566948017513
38730,226,Gyroscope,-0.054367005999999996,0.12156218,-0.052534412999999995,1566948017522
38731,226,Accelerometer,-7.4471645,-2.6779146000000003,5.7125654,1566948017523
38732,226,Gyroscope,-0.059864793,0.13500121,-0.047647487,1566948017532
38733,226,Accelerometer,-7.48188,-2.7988217,5.6299653,1566948017533
38734,226,Gyroscope,-0.07086037,0.13683382,-0.039095376,1566948017542
38735,226,Accelerometer,-7.5046253,-2.9245174,5.5521536,1566948017543
38736,226,Gyroscope,-0.06963864,0.13316862,-0.02565634,1566948017552
38737,226,Accelerometer,-7.550114999999999,-2.9759927000000004,5.5509567,1566948017553
38738,226,Gyroscope,-0.0580322,0.13316862,-0.017104227,1566948017562
38739,226,Accelerometer,-7.587225,-2.966416,5.5246205,1566948017563
38740,226,Gyroscope,-0.03970624,0.12767084,-0.01282817,1566948017573
38741,226,Accelerometer,-7.6171527,-2.906561,5.4803276,1566948017573
38742,226,Gyroscope,-0.02565634,0.12339478,-0.01160644,1566948017582
38743,226,Accelerometer,-7.5968018,-2.814384,5.4312468,1566948017583
38744,226,Gyroscope,-0.02076942,0.119729586,-0.009773844,1566948017592
38745,226,Accelerometer,-7.577648,-2.72939,5.347449299999999,1566948017593
38746,226,Gyroscope,-0.029321532999999997,0.10629055,-0.007941248,1566948017602
38747,226,Accelerometer,-7.513005000000001,-2.6276363999999997,5.315128,1566948017603
38748,226,Gyroscope,-0.04153884,0.09712757,-0.010995574,1566948017612
38749,226,Accelerometer,-7.477092,-2.6084828,5.380968,1566948017613
38750,226,Gyroscope,-0.04520403,0.084910266,-0.015882496,1566948017622
38751,226,Accelerometer,-7.430405,-2.6372132,5.4515970000000005,1566948017623
38752,226,Gyroscope,-0.03970624,0.07696902,-0.02443461,1566948017633
38753,226,Accelerometer,-7.3645644,-2.705448,5.4623713,1566948017633
38754,226,Gyroscope,-0.019547688,0.050701816,-0.03848451,1566948017642
38755,226,Accelerometer,-7.369353,-2.8119897999999997,5.4922986,1566948017643
38756,226,Gyroscope,0.004886922,0.03848451,-0.052534412999999995,1566948017652
38757,226,Accelerometer,-7.410054,-2.8993783,5.530606,1566948017653
38758,226,Gyroscope,0.02565634,0.026267206,-0.06841691,1566948017662
38759,226,Accelerometer,-7.451953,-2.956839,5.499480999999999,1566948017663
38760,226,Gyroscope,0.040317107000000005,0.009162978,-0.07513642,1566948017672
38761,226,Accelerometer,-7.477092,-3.0478187,5.4647654999999995,1566948017673
38762,226,Gyroscope,0.059864793,0.009162978,-0.076358154,1566948017682
38763,226,Accelerometer,-7.547721000000001,-3.095703,5.482722,1566948017683
38764,226,Gyroscope,0.08002335,-0.0061086523,-0.073303826,1566948017692
38765,226,Accelerometer,-7.603985000000001,-3.028665,5.463568,1566948017693
38766,226,Gyroscope,0.08796459400000001,-0.013439035,-0.05497787,1566948017702
38767,226,Accelerometer,-7.669825,-2.9879637000000003,5.3905449999999995,1566948017703
38768,226,Gyroscope,0.08124508,-0.02076942,-0.03481932,1566948017712
38769,226,Accelerometer,-7.6494746,-2.9017725,5.351041,1566948017713
38770,226,Gyroscope,0.07086037,-0.03176499,-0.013439035,1566948017723
38771,226,Accelerometer,-7.6410947,-2.858677,5.3941364,1566948017723
38772,226,Gyroscope,0.06597344599999999,-0.04153884,0.002443461,1566948017732
38773,226,Accelerometer,-7.642291999999999,-2.7976246,5.5042696,1566948017733
38774,226,Gyroscope,0.05375614,-0.03726278,-0.010995574,1566948017742
38775,226,Accelerometer,-7.638700500000001,-2.6396074,5.5701103,1566948017743
38776,226,Gyroscope,0.10995574,-0.88208944,0.13561209,1566948017752
38777,226,Accelerometer,-4.2640734,-2.9221232,1.5155296,1566948017753
38778,226,Gyroscope,0.6585127,-1.0036516,0.45998153,1566948017762
38779,226,Accelerometer,-4.8865657,-1.7477672,5.6682725,1566948017763
38780,226,Gyroscope,0.18448131,0.6750060999999999,-0.15149458,1566948017772
38781,226,Accelerometer,-10.989386,-1.2186487,9.581595,1566948017773
38782,226,Gyroscope,-0.16432275,0.35308012,-0.4392121,1566948017782
38783,226,Accelerometer,-8.415619,-2.6767175,4.52145,1566948017783
38784,226,Gyroscope,-0.22296582,0.18509217,-0.22235495,1566948017792
38785,226,Accelerometer,-8.619126,-3.2668881,5.6060233,1566948017793
38786,226,Gyroscope,-0.18509217,0.23518312,-0.10018189999999999,1566948017802
38787,226,Accelerometer,-8.76637,-3.9683892999999997,6.2500634,1566948017803
38788,226,Gyroscope,-0.10567969,0.08124508,-0.10995574,1566948017812
38789,226,Accelerometer,-7.740454,-3.0298622,5.16549,1566948017813
38790,226,Gyroscope,-0.004886922,0.0061086523,-0.06536258,1566948017822
38791,226,Accelerometer,-7.3549875999999985,-2.72939,5.2002063,1566948017823
38792,226,Gyroscope,0.05497787,-0.021991148999999998,-0.040317107000000005,1566948017833
38793,226,Accelerometer,-6.9719152,-1.7729063000000003,5.6467247,1566948017833
38794,226,Gyroscope,0.05681047,-0.020158553,-0.03970624,1566948017842
38795,226,Accelerometer,-6.8450226999999995,-1.6962918999999999,5.876568,1566948017843
38796,226,Gyroscope,0.03481932,-0.05681047,-0.054367005999999996,1566948017852
38797,226,Accelerometer,-6.8127007,-1.6543933000000002,6.161478,1566948017853
38798,226,Gyroscope,-0.0012217305,-0.093462385,-0.08246681,1566948017862
38799,226,Accelerometer,-6.894104,-1.567005,6.2979474,1566948017863
38800,226,Gyroscope,-0.08246681,-0.08063421400000001,-0.1142318,1566948017872
38801,226,Accelerometer,-7.0581064,-1.6220716,6.325481,1566948017873
38802,226,Gyroscope,-0.1386664,-0.03726278,-0.11789699,1566948017882
38803,226,Accelerometer,-7.168239999999999,-1.8375498,6.272808599999999,1566948017883
38804,226,Gyroscope,-0.17654006,0.02565634,-0.10262536,1566948017893
38805,226,Accelerometer,-7.2424603,-2.1092918,6.2584434,1566948017893
38806,226,Gyroscope,-0.18936823,0.07696902,-0.07269296,1566948017903
38807,226,Accelerometer,-7.181408,-2.31639,6.2668230000000005,1566948017903
38808,226,Gyroscope,-0.1826487,0.1142318,-0.04153884,1566948017912
38809,226,Accelerometer,-7.1371155,-2.4672248,6.2704144,1566948017913
38810,226,Gyroscope,-0.18448131,0.14477506,-0.014660766,1566948017922
38811,226,Accelerometer,-7.1502833,-2.5941176,6.233304,1566948017923
38812,226,Gyroscope,-0.17654006,0.17531833,0.007941248,1566948017932
38813,226,Accelerometer,-7.20535,-2.6970682,6.1243677000000005,1566948017933
38814,226,Gyroscope,-0.17470746,0.20463985,0.023823743999999997,1566948017942
38815,226,Accelerometer,-7.2460512999999995,-2.7449522,5.9412117,1566948017942
38816,226,Gyroscope,-0.17348573,0.22785273,0.03359759,1566948017953
38817,226,Accelerometer,-7.247248599999999,-2.7246015,5.771223,1566948017953
38818,226,Gyroscope,-0.17531833,0.23335053,0.034208454,1566948017962
38819,226,Accelerometer,-7.2101383000000006,-2.7401638,5.5365915,1566948017963
38820,226,Gyroscope,-0.16920967,0.22235495,0.035430185,1566948017972
38821,226,Accelerometer,-7.232883500000001,-2.7688942,5.4396260000000005,1566948017973
38822,226,Gyroscope,-0.14294247,0.28588495,0.02565634,1566948017982
38823,226,Accelerometer,-7.032967599999999,-3.1232362,5.4922986,1566948017983
38824,226,Gyroscope,-0.0983493,0.19303341,0.06597344599999999,1566948017992
38825,226,Accelerometer,-7.071274799999999,-2.4516625,5.2157683,1566948017993
38826,226,Gyroscope,-0.08002335,0.16676621,0.047647487,1566948018003
38827,226,Accelerometer,-7.6494746,-3.0095115000000003,5.2157683,1566948018003
38828,226,Gyroscope,-0.06047566,0.13805555,0.04642576,1566948018012
38829,226,Accelerometer,-7.4842744,-2.847903,5.0613421999999995,1566948018013
38830,226,Gyroscope,-0.028710667000000002,0.1282817,0.03481932,1566948018022
38831,226,Accelerometer,-8.081628,-3.0334535,5.12838,1566948018023
38832,226,Gyroscope,0.0421497,0.10873401,0.008552114,1566948018032
38833,226,Accelerometer,-7.8948803,-3.0430303,6.1782374,1566948018033
38834,226,Gyroscope,0.21380283,0.18448131,-0.030543262,1566948018042
38835,226,Accelerometer,-7.514202,-2.7904419999999996,4.2054152,1566948018043
38836,226,Gyroscope,0.057421334000000004,-0.08063421400000001,0.018936822,1566948018052
38837,226,Accelerometer,-7.848192999999999,-2.9616275,5.425261,1566948018053
38838,226,Gyroscope,0.012217305,-0.017715093,-0.0018325957999999999,1566948018063
38839,226,Accelerometer,-7.7667904000000005,-2.6120741,5.434838,1566948018063
38840,226,Gyroscope,-0.05009095,-0.018936822,0.022602014,1566948018072
38841,226,Accelerometer,-7.6746134999999995,-2.6671407000000005,5.177461,1566948018073
38842,226,Gyroscope,-0.093462385,-0.014049901000000002,0.010995574,1566948018082
38843,226,Accelerometer,-7.7368627000000005,-2.9089549999999997,5.6179943,1566948018083
38844,226,Gyroscope,-0.07941248,0.008552114,-0.002443461,1566948018092
38845,226,Accelerometer,-7.779958199999999,-2.979584,5.772420400000001,1566948018093
38846,226,Gyroscope,-0.032375857,0.055588737,-0.02321288,1566948018103
38847,226,Accelerometer,-7.813477000000001,-2.9472623,5.6443305,1566948018103
38848,226,Gyroscope,-0.0036651915999999997,0.07941248,-0.04276056599999999,1566948018112
38849,226,Accelerometer,-7.8302364,-2.8670566,5.687426,1566948018113
38850,226,Gyroscope,-0.0036651915999999997,0.1020145,-0.06169739,1566948018122
38851,226,Accelerometer,-7.8278419999999995,-2.7509377,5.5365915,1566948018123
38852,226,Gyroscope,0.022602014,0.18448131,-0.07147124,1566948018132
38853,226,Accelerometer,-7.9571295,-2.7569232000000006,5.74369,1566948018133
38854,226,Gyroscope,0.030543262,0.16371189,-0.040317107000000005,1566948018142
38855,226,Accelerometer,-7.837419000000001,-2.873042,5.6060233,1566948018143
38856,226,Gyroscope,-0.005497787,0.12034045,-0.0036651915999999997,1566948018152
38857,226,Accelerometer,-7.740454,-2.8072014,5.677849299999999,1566948018153
38858,226,Gyroscope,0.0421497,0.25961772,0.02443461,1566948018163
38859,226,Accelerometer,-7.9367785,-2.4959552000000005,6.2285156,1566948018163
38860,226,Gyroscope,0.08796459400000001,0.34025195,0.015882496,1566948018172
38861,226,Accelerometer,-7.7943234,-2.005144,5.657499,1566948018173
38862,226,Gyroscope,0.04276056599999999,0.37690386,0.004886922,1566948018182
38863,226,Accelerometer,-7.747636999999999,-2.3355439,5.4779334,1566948018183
38864,226,Gyroscope,-0.022602014,0.36041048,0.02321288,1566948018192
38865,226,Accelerometer,-7.643489,-2.6719291000000003,5.2995653,1566948018193
38866,226,Gyroscope,-0.10995574,0.27855456,0.05681047,1566948018202
38867,226,Accelerometer,-7.4028716,-2.5965118,5.1487308,1566948018203
38868,226,Gyroscope,-0.15332718,0.18509217,0.06414085,1566948018213
38869,226,Accelerometer,-7.371747,-2.4313118,5.21098,1566948018213
38870,226,Gyroscope,-0.1826487,0.12034045,0.047036625,1566948018222
38871,226,Accelerometer,-7.539341,-2.336741,5.346252400000001,1566948018223
38872,226,Gyroscope,-0.24801129,0.059864793,0.028099801,1566948018232
38873,226,Accelerometer,-7.6410947,-2.2218192,5.038597599999999,1566948018233
38874,226,Gyroscope,-0.30970868,0.06780604,0.023823743999999997,1566948018242
38875,226,Accelerometer,-7.7464395,-2.27928,5.3390699999999995,1566948018243
38876,226,Gyroscope,-0.32314770000000004,0.02076942,0.045814894,1566948018253
38877,226,Accelerometer,-7.711724,-2.3594859,4.993108,1566948018253
38878,226,Gyroscope,-0.30909783,-0.035430185,0.049480084,1566948018262
38879,226,Accelerometer,-7.700949700000001,-2.4277205000000004,5.29358,1566948018263
38880,226,Gyroscope,-0.29321529999999996,-0.050701816,0.06963864,1566948018272
38881,226,Accelerometer,-7.590816499999999,-2.3762453,5.446809,1566948018273
38882,226,Gyroscope,-0.24007004,0.012217305,0.054367005999999996,1566948018282
38883,226,Accelerometer,-7.492654300000001,-2.3750482,5.978321599999999,1566948018283
38884,226,Gyroscope,-0.21380283,-0.040927973,-0.009773844,1566948018292
38885,226,Accelerometer,-8.516175,-2.695871,5.6910176,1566948018293
38886,226,Gyroscope,-0.23762658,0.11301007,-0.09590584,1566948018303
38887,226,Accelerometer,-8.279149,-2.6671407000000005,5.130774,1566948018303
38888,226,Gyroscope,-0.30909783,0.08368854,-0.06780604,1566948018312
38889,226,Accelerometer,-8.128314999999999,-2.5881321,5.529408999999999,1566948018313
38890,226,Gyroscope,-0.29382620000000004,0.10018189999999999,-0.029932396,1566948018322
38891,226,Accelerometer,-7.726089,-2.4540567,5.391742,1566948018323
38892,226,Gyroscope,-0.28344148,0.047036625,-0.028710667000000002,1566948018332
38893,226,Accelerometer,-7.387309599999999,-2.4193408,5.245696,1566948018333
38894,226,Gyroscope,-0.31642818,-0.005497787,-0.07574729,1566948018342
38895,226,Accelerometer,-7.298723700000001,-2.6156653999999997,4.8841715,1566948018343
38896,226,Gyroscope,-0.38423425,-0.08857546,-0.10873401,1566948018352
38897,226,Accelerometer,-7.273585000000001,-2.8203697,4.9883194,1566948018353
38898,226,Gyroscope,-0.41905355,-0.13988814,-0.09712757,1566948018362
38899,226,Accelerometer,-7.2460512999999995,-2.9747956,5.257667,1566948018363
38900,226,Gyroscope,-0.40622538,-0.08124508,-0.08063421400000001,1566948018372
38901,226,Accelerometer,-7.315483,-3.157952,5.779603,1566948018373
38902,226,Gyroscope,-0.37079520000000005,0.055588737,-0.13316862,1566948018382
38903,226,Accelerometer,-7.501034,-3.1316159,5.7843914000000005,1566948018383
38904,226,Gyroscope,-0.37018433,0.17531833,-0.22907446,1566948018392
38905,226,Accelerometer,-7.668628,-3.1112652,5.5270147000000005,1566948018393
38906,226,Gyroscope,-0.43615779999999993,0.20952678,-0.3555236,1566948018402
38907,226,Accelerometer,-7.7847466,-3.1902738,5.1379566,1566948018403
38908,226,Gyroscope,-0.50823987,0.19242255,-0.44165558,1566948018413
38909,226,Accelerometer,-8.022969999999999,-3.7445314,5.282806,1566948018413
38910,226,Gyroscope,-0.5699373000000001,0.13927728,-0.36102137,1566948018422
38911,226,Accelerometer,-8.076839,-4.086901999999999,4.8614264,1566948018423
38912,226,Gyroscope,-0.6059783000000001,0.015882496,-0.116675265,1566948018432
38913,226,Accelerometer,-7.8888945999999995,-4.090493700000001,5.1607018,1566948018433
38914,226,Gyroscope,-0.6462954000000001,0.029932396,-0.004276057,1566948018442
38915,226,Accelerometer,-7.717708999999999,-4.3406877999999995,5.4025164000000006,1566948018443
38916,226,Gyroscope,-0.64996064,0.16187929,-0.03176499,1566948018452
38917,226,Accelerometer,-7.9547353,-3.618836,5.3737855,1566948018453
38918,226,Gyroscope,-0.6395759,0.22418754,-0.07941248,1566948018462
38919,226,Accelerometer,-7.546523599999999,-3.6511576,5.257667,1566948018463
38920,226,Gyroscope,-0.72204274,0.2724459,-0.11789699,1566948018473
38921,226,Accelerometer,-7.711724,-3.515885,5.090072599999999,1566948018473
38922,226,Gyroscope,-0.8454375,0.26511553,-0.26206118,1566948018482
38923,226,Accelerometer,-7.5572976999999995,-3.6176388,4.614824,1566948018483
38924,226,Gyroscope,-1.0158689,0.22113322,-0.5821546,1566948018492
38925,226,Accelerometer,-7.807492,-3.894169,4.9464207,1566948018493
38926,226,Gyroscope,-1.1661416999999998,0.24251351,-0.91629785,1566948018502
38927,226,Accelerometer,-7.904457000000001,-4.0282445,4.926069999999999,1566948018503
38928,226,Gyroscope,-1.1490375,0.28283059999999993,-1.0916162,1566948018512
38929,226,Accelerometer,-7.9092455,-3.8235402,5.0757074,1566948018513
38930,226,Gyroscope,-1.0952813999999997,0.24190263,-1.1026118,1566948018522
38931,226,Accelerometer,-7.645883,-4.272453,4.1946416,1566948018523
38932,226,Gyroscope,-1.1209377,0.14294247,-1.1032226,1566948018533
38933,226,Accelerometer,-7.36217,-4.7309427,4.431667299999999,1566948018533
38934,226,Gyroscope,-1.0995574,0.21746802,-1.0580186000000003,1566948018542
38935,226,Accelerometer,-6.670246000000001,-4.8123455,5.7029886,1566948018543
38936,226,Gyroscope,-0.9999863999999999,0.37018433,-1.0030408000000002,1566948018552
38937,226,Accelerometer,-6.903681,-5.8717794,5.3785739999999995,1566948018553
38938,226,Gyroscope,-0.9608909999999999,0.36957347,-1.169807,1566948018562
38939,226,Accelerometer,-6.475118599999999,-6.947973299999999,4.285621,1566948018563
38940,226,Gyroscope,-0.98349303,0.30726522,-1.3316863,1566948018572
38941,226,Accelerometer,-6.379350700000001,-7.7847466,4.0521864999999995,1566948018573
38942,226,Gyroscope,-1.0372492,0.35796702,-1.4795156999999999,1566948018582
38943,226,Accelerometer,-6.0908489999999995,-7.457938,4.110844,1566948018583
38944,226,Gyroscope,-1.0983357,0.31337386,-1.5735888,1566948018593
38945,226,Accelerometer,-6.211755999999999,-6.6989765,4.1706996,1566948018593
38946,226,Gyroscope,-1.3182472,0.18570304,-1.7195857,1566948018603
38947,226,Accelerometer,-5.09127,-6.9371996,3.705027,1566948018603
38948,226,Gyroscope,-1.5137241000000001,0.11178834,-1.6310102,1566948018612
38949,226,Accelerometer,-7.368156,-7.468712299999999,3.9240966,1566948018613
38950,226,Gyroscope,-1.6652186999999998,-0.15760323,-1.5406022,1566948018622
38951,226,Accelerometer,-7.0030399999999995,-7.4699089999999995,3.7493198,1566948018623
38952,226,Gyroscope,-1.8258762,-0.2565634,-1.5839735000000001,1566948018632
38953,226,Accelerometer,-7.485471700000001,-8.254010000000001,3.681085,1566948018633
38954,226,Gyroscope,-1.8148806,-0.30970868,-1.5332718,1566948018642
38955,226,Accelerometer,-8.252813,-8.0445175,5.803545,1566948018643
38956,226,Gyroscope,-1.704925,-0.57787853,-1.4697418,1566948018652
38957,226,Accelerometer,-8.025364,-7.6506715,5.5461683,1566948018653
38958,226,Gyroscope,-1.8179349999999999,-0.7171558000000001,-1.4117095,1566948018662
38959,226,Accelerometer,-8.2995,-7.462726600000001,3.8115692,1566948018663
38960,226,Gyroscope,-1.9065105,-0.17592919,-1.3041973,1566948018672
38961,226,Accelerometer,-9.054871,-8.056489,5.5988407,1566948018673
38962,226,Gyroscope,-1.7996091,-0.05009095,-1.1215485,1566948018682
38963,226,Accelerometer,-10.562021000000001,-9.296685,4.990713599999999,1566948018683
38964,226,Gyroscope,-1.2852603999999999,0.04642576,-1.2779301,1566948018692
38965,226,Accelerometer,-6.361394000000001,-7.963114699999999,6.726509599999999,1566948018693
38966,226,Gyroscope,0.23701571,-1.2583824,-1.0726794,1566948018703
38967,226,Accelerometer,-9.635465,-11.012131,17.017985999999997,1566948018703
38968,226,Gyroscope,1.1123856,-1.7421877000000001,-0.39461896,1566948018712
38969,226,Accelerometer,-10.263943,-10.600328,10.521319,1566948018713
38970,226,Gyroscope,1.7018706000000001,-0.89919364,0.5656611999999999,1566948018722
38971,226,Accelerometer,-14.237120999999998,-9.991004,21.604078,1566948018723
38972,226,Gyroscope,1.9590448,-1.3921618,0.50885075,1566948018732
38973,226,Accelerometer,-8.117541000000001,-4.692635500000001,3.3889925,1566948018733
38974,226,Gyroscope,0.8374963,-1.8680259,-0.12156218,1566948018742
38975,226,Accelerometer,-3.9468415,-1.3970166000000002,-8.252813,1566948018743
38976,226,Gyroscope,-0.8356636999999999,-1.3206906,-0.87598073,1566948018752
38977,226,Accelerometer,-1.9357121,0.49320555,-8.699332,1566948018753
38978,226,Gyroscope,-2.4544566000000003,-0.7141015000000001,-1.5033393999999998,1566948018762
38979,226,Accelerometer,-3.1304187999999997,-0.79966336,0.24420857,1566948018763
38980,226,Gyroscope,-3.0402763,-0.21807889999999996,-2.008525,1566948018772
38981,226,Accelerometer,-5.4144874000000005,-1.4520833,6.8127007,1566948018773
38982,226,Gyroscope,-2.8020389999999997,0.24068089999999998,-2.2730296,1566948018782
38983,226,Accelerometer,-5.2385135,-2.5546130000000002,7.004237,1566948018783
38984,226,Gyroscope,-2.7366762000000002,0.49418998,-2.284636,1566948018792
38985,226,Accelerometer,-5.54138,-3.7158010000000004,5.4551888,1566948018793
38986,226,Gyroscope,-3.3756413,0.22540927,-2.158187,1566948018802
38987,226,Accelerometer,-7.441178999999999,-4.83509,-3.6475663000000003,1566948018803
38988,226,Gyroscope,-4.820338,-0.1777618,-1.6242907,1566948018812
38989,226,Accelerometer,-6.773196700000001,-3.4272997000000003,-2.1739352000000003,1566948018813
38990,226,Gyroscope,-5.636453599999999,-0.15821409,-1.2925909,1566948018822
38991,226,Accelerometer,-6.327875,-2.4420857000000002,2.1284454,1566948018823
38992,226,Gyroscope,-5.830709,-0.22052236,-1.0622946000000002,1566948018832
38993,226,Accelerometer,-7.152677499999999,-4.867412,9.8198185,1566948018833
38994,226,Gyroscope,-5.0023756,-0.52656585,-0.97127575,1566948018842
38995,226,Accelerometer,-6.7791820000000005,-7.4256167,18.195932,1566948018843
38996,226,Gyroscope,-3.091589,0.29565877,-1.3261883999999997,1566948018853
38997,226,Accelerometer,-5.0984526,-7.7488337,25.263617,1566948018853
38998,226,Gyroscope,-0.79045963,1.5815301000000002,-1.4416419,1566948018862
38999,226,Accelerometer,-11.648989,-9.89763,15.656882000000001,1566948018863
39000,226,Gyroscope,0.31520647,1.1685851999999999,-0.3640757,1566948018872
39001,226,Accelerometer,-17.762583,-12.027272,7.313089,1566948018873
39002,226,Gyroscope,1.0439687,0.19425514,0.7287621999999999,1566948018882
39003,226,Accelerometer,-17.158047,-12.014104,6.320692500000001,1566948018883
39004,226,Gyroscope,1.8674151,-0.79412484,1.5803083999999998,1566948018892
39005,226,Accelerometer,-15.407885,-10.783484,5.1906295,1566948018893
39006,226,Gyroscope,2.375655,-1.5796975,2.2773056,1566948018902
39007,226,Accelerometer,-13.157335,-8.882488,3.4356794,1566948018903
39008,226,Gyroscope,2.5118777999999997,-2.1777346,2.7128525000000003,1566948018913
39009,226,Accelerometer,-10.739192,-7.0449386,1.7118542,1566948018913
39010,226,Gyroscope,2.4245240000000003,-2.7116307999999996,2.9162707,1566948018922
39011,226,Accelerometer,-9.111135,-6.1327476999999995,0.35434186,1566948018923
39012,226,Gyroscope,2.1923953999999997,-3.186884,2.9669726,1566948018932
39013,226,Accelerometer,-8.522161,-5.746084,-0.2777274,1566948018933
39014,226,Gyroscope,1.8704693,-3.5289686000000002,3.0109548999999998,1566948018942
39015,226,Accelerometer,-8.791509,-5.783194,-0.5398925,1566948018943
39016,226,Gyroscope,1.5192219,-3.722002,3.1300735,1566948018952
39017,226,Accelerometer,-9.340978,-5.9507885,-0.7278373,1566948018953
39018,226,Gyroscope,1.169807,-3.8527272000000004,3.3286047,1566948018962
39019,226,Accelerometer,-9.601946,-6.089652,-0.7146691999999999,1566948018963
39020,226,Gyroscope,0.8393288000000001,-3.9852847999999996,3.5674531000000003,1566948018972
39021,226,Accelerometer,-9.41879,-6.1399302,-0.6596026,1566948018973
39022,226,Gyroscope,0.5369505,-4.235129,3.7879753,1566948018982
39023,226,Accelerometer,-9.113529,-5.8789620000000005,-0.34955344,1566948018983
39024,226,Gyroscope,0.29810223,-4.497801,3.9822303999999997,1566948018992
39025,226,Accelerometer,-8.482656500000001,-5.544971,0.34596214,1566948018993
39026,226,Gyroscope,0.13133603,-4.805066,4.128838,1566948019002
39027,226,Accelerometer,-7.419631,-5.6634839999999995,1.1252748,1566948019003
39028,226,Gyroscope,0.07696902,-5.081176999999999,4.351193,1566948019012
39029,226,Accelerometer,-7.062895,-5.963956400000001,2.858677,1566948019013
39030,226,Gyroscope,0.16982053,-5.1984634000000005,4.428162,1566948019022
39031,226,Accelerometer,-5.801151,-6.1507044,4.274847,1566948019023
39032,226,Gyroscope,0.58459806,-5.3682837,4.321261,1566948019032
39033,226,Accelerometer,-4.1826706,-5.969942,4.8147397000000005,1566948019033
39034,226,Gyroscope,0.9236283000000002,-5.583919,4.123951399999999,1566948019042
39035,226,Accelerometer,-3.2273839,-6.1902084,5.357026,1566948019043
39036,226,Gyroscope,1.2797627,-5.657223,3.9321396,1566948019052
39037,226,Accelerometer,-3.0119057000000002,-6.301539,6.0956373,1566948019053
39038,226,Gyroscope,1.627345,-5.667608,3.7336085,1566948019062
39039,226,Accelerometer,-2.9640217,-5.779603,6.187814,1566948019063
39040,226,Gyroscope,1.8777997,-5.716476999999999,3.5472943999999997,1566948019072
39041,226,Accelerometer,-2.9891607999999996,-5.01705,5.829880999999999,1566948019073
39042,226,Gyroscope,2.0109684,-5.7274723,3.3964107000000006,1566948019082
39043,226,Accelerometer,-3.1112652,-4.44723,5.864597,1566948019083
39044,226,Gyroscope,2.0616703000000003,-5.577811,3.2925637,1566948019092
39045,226,Accelerometer,-3.4632127,-4.1491513,6.324283599999999,1566948019093
39046,226,Gyroscope,2.0488419999999996,-5.3346862999999995,3.2388074000000002,1566948019102
39047,226,Accelerometer,-4.0450040000000005,-3.9492357000000005,6.716933,1566948019103
39048,226,Gyroscope,2.0201313,-5.0775120000000005,3.2131512000000004,1566948019112
39049,226,Accelerometer,-4.201824,-3.8774097000000003,7.086836999999999,1566948019113
39050,226,Gyroscope,2.0237966,-4.759251,3.1038063,1566948019123
39051,226,Accelerometer,-3.503914,-3.7948096,7.690175999999999,1566948019123
39052,226,Gyroscope,2.0476203,-4.501466000000001,2.8454102999999997,1566948019132
39053,226,Accelerometer,-2.3092074,-3.752911,7.837419000000001,1566948019133
39054,226,Gyroscope,2.0616703000000003,-4.310876,2.525317,1566948019142
39055,226,Accelerometer,-1.4856021000000001,-3.6607344,8.052897,1566948019143
39056,226,Gyroscope,2.053729,-4.0353756,2.2290473,1566948019152
39057,226,Accelerometer,-1.5047556999999998,-3.4955344,8.730456,1566948019153
39058,226,Gyroscope,2.0732768,-3.7592647000000006,1.9761491000000002,1566948019163
39059,226,Accelerometer,-2.1260512,-3.1543607999999996,9.255983,1566948019163
39060,226,Gyroscope,2.0977113,-3.5766160000000005,1.7800613999999997,1566948019172
39061,226,Accelerometer,-2.7234043999999997,-2.8886043999999997,9.616311,1566948019173
39062,226,Gyroscope,2.1343632,-3.3267722,1.6847663,1566948019183
39063,226,Accelerometer,-3.3470940000000002,-2.8083985,10.431536999999999,1566948019183
39064,226,Gyroscope,2.2003367000000003,-2.9358183999999996,1.6896533,1566948019192
39065,226,Accelerometer,-3.8175547,-2.7449522,11.116278999999999,1566948019193
39066,226,Gyroscope,2.3047945,-2.466063,1.6713273999999998,1566948019202
39067,226,Accelerometer,-3.3913867,-2.5833437000000004,11.473015,1566948019203
39068,226,Gyroscope,2.3634377,-2.0696115,1.5338826,1566948019212
39069,226,Accelerometer,-2.123657,-2.0649989,10.597934,1566948019213
39070,226,Gyroscope,2.3371703999999998,-1.7226400000000002,1.350623,1566948019222
39071,226,Accelerometer,-0.8283938,-1.5298948,10.42196,1566948019223
39072,226,Gyroscope,2.2724187000000002,-1.3335188999999998,1.1814133999999998,1566948019232
39073,226,Accelerometer,-0.60214174,-0.91338795,9.91798,1566948019233
39074,226,Gyroscope,2.194228,-1.0372492,1.0280862,1566948019242
39075,226,Accelerometer,-0.3184288,-0.49919105,9.370906,1566948019243
39076,226,Gyroscope,2.0830505,-0.82711154,0.81061816,1566948019252
39077,226,Accelerometer,-0.18435353,-0.4429273,9.0476885,1566948019253
39078,226,Gyroscope,2.0066924,-0.766025,0.6872234,1566948019263
39079,226,Accelerometer,-0.5243302,-0.51475334,8.821436,1566948019263
39080,226,Gyroscope,1.9419407,-0.7611380999999999,0.6438520000000001,1566948019272
39081,226,Accelerometer,-1.0965444,-0.7218518,8.447941,1566948019273
39082,226,Gyroscope,1.8839084,-0.8436049000000001,0.70188415,1566948019282
39083,226,Accelerometer,-1.4437037,-0.8379706,7.776367,1566948019283
39084,226,Gyroscope,1.808772,-1.0256428,0.8216136999999999,1566948019292
39085,226,Accelerometer,-1.5478513999999999,-0.6584055,7.2065472999999995,1566948019293
39086,226,Gyroscope,1.7146988,-1.2492193999999999,0.9621128000000001,1566948019303
39087,226,Accelerometer,-1.3718776000000001,-0.21667525,7.029375999999999,1566948019303
39088,226,Gyroscope,1.600467,-1.4416419,1.0732902,1566948019312
39089,226,Accelerometer,-0.6560113000000001,0.46926352,6.801927,1566948019313
39090,226,Gyroscope,1.4526376,-1.6572775000000002,1.0708468,1566948019322
39091,226,Accelerometer,0.40940848,1.1300632,6.4380083,1566948019323
39092,226,Gyroscope,1.255328,-1.8570304,0.9779953000000001,1566948019332
39093,226,Accelerometer,0.7721300999999999,1.5095441,6.363788,1566948019333
39094,226,Gyroscope,1.0305296,-1.9040669,0.9059132,1566948019342
39095,226,Accelerometer,0.22625206,1.6627731,6.897695,1566948019343
39096,226,Gyroscope,0.8142834,-1.7983873,0.8943066999999999,1566948019352
39097,226,Accelerometer,-0.42257659999999997,1.5598223999999998,7.273585000000001,1566948019353
39098,226,Gyroscope,0.6041456999999999,-1.6297885,1.0164796999999999,1566948019362
39099,226,Accelerometer,-1.6077063999999999,0.9947908000000001,7.467515,1566948019363
39100,226,Gyroscope,0.42638394,-1.5247196,1.328021,1566948019373
39101,226,Accelerometer,-2.541445,0.49559975,7.169436999999999,1566948019373
39102,226,Gyroscope,0.25045475,-1.6139059999999998,1.7195857,1566948019382
39103,226,Accelerometer,-2.6372132,0.35673606,6.716933,1566948019383
39104,226,Gyroscope,0.06352998,-1.813048,2.1178699,1566948019392
39105,226,Accelerometer,-1.9428947,0.40462008,6.2752028,1566948019393
39106,226,Gyroscope,-0.15454891,-2.0427334,2.430022,1566948019402
39107,226,Accelerometer,-0.35793316,0.35793316,6.0130377,1566948019403
39108,226,Gyroscope,-0.3903429,-2.302962,2.5772405,1566948019412
39109,226,Accelerometer,2.0769699,0.47165772,5.6670755999999995,1566948019413
39110,226,Gyroscope,-0.67256266,-2.6804767000000003,2.488665,1566948019422
39111,226,Accelerometer,5.033809,0.8607155000000001,6.0920463,1566948019423
39112,226,Gyroscope,-0.45081854,-2.9956832,1.9156734,1566948019432
39113,226,Accelerometer,13.305776000000002,2.9472623,17.774553,1566948019433
39114,226,Gyroscope,0.3915646,-2.787378,0.8393288000000001,1566948019442
39115,226,Accelerometer,12.659342,2.3582888,15.176845000000002,1566948019443
39116,226,Gyroscope,0.81306165,-2.0347922,-0.07452556,1566948019452
39117,226,Accelerometer,12.2224,1.4269443000000002,11.834539,1566948019453
39118,226,Gyroscope,0.7440339,-1.8411479,-0.91874135,1566948019462
39119,226,Accelerometer,12.7096195,-0.39743748,5.9029045,1566948019463
39120,226,Gyroscope,0.10751228,-1.5723672,-1.7873917000000001,1566948019472
39121,226,Accelerometer,15.055938000000001,-2.0973208,2.5797524,1566948019473
39122,226,Gyroscope,-0.27305678,-1.1111639,-2.77455,1566948019482
39123,226,Accelerometer,11.270703999999999,0.58418524,6.8067155,1566948019483
39124,226,Gyroscope,-0.17409660000000002,-0.76174897,-2.6603181,1566948019492
39125,226,Accelerometer,5.744887,1.6352396999999999,6.5337762999999995,1566948019493
39126,226,Gyroscope,-0.028710667000000002,-0.344528,-2.3457223999999997,1566948019502
39127,226,Accelerometer,2.7856536,1.5574282,7.771578999999999,1566948019503
39128,226,Gyroscope,0.06719518,-0.30482176,-2.2840252,1566948019512
39129,226,Accelerometer,2.9484594,1.1300632,5.4934959999999995,1566948019513
39130,226,Gyroscope,0.30421090000000006,-0.36468655,-2.375655,1566948019523
39131,226,Accelerometer,3.2680852000000002,0.92655605,6.825869,1566948019523
39132,226,Gyroscope,0.63529986,-0.34208453,-2.4856107000000005,1566948019532
39133,226,Accelerometer,3.1471782000000004,0.9864110999999999,7.383717999999999,1566948019533
39134,226,Gyroscope,0.93828905,-0.29260445,-2.6053402,1566948019542
39135,226,Accelerometer,2.4899697,1.6089035,8.963891,1566948019543
39136,226,Gyroscope,1.0164796999999999,-0.30726522,-2.7916540000000003,1566948019552
39137,226,Accelerometer,2.1906946,2.2254104999999997,9.118317999999999,1566948019553
39138,226,Gyroscope,0.8527679,-0.77763146,-2.9480357,1566948019563
39139,226,Accelerometer,2.3630772,2.883816,7.6889787,1566948019563
39140,226,Gyroscope,0.47342056,-1.4153748,-3.128852,1566948019572
39141,226,Accelerometer,2.5354595,3.028665,6.161478,1566948019573
39142,226,Gyroscope,0.035430185,-1.7880026000000002,-3.2314773,1566948019582
39143,226,Accelerometer,2.7964275,2.2397757,7.517792999999999,1566948019583
39144,226,Gyroscope,-0.59681535,-1.3946053999999999,-3.2314773,1566948019592
39145,226,Accelerometer,2.5929205,1.6699557,6.991069,1566948019593
39146,226,Gyroscope,-1.1649200000000002,0.04886922,-3.1905491,1566948019602
39147,226,Accelerometer,3.527856,1.9823990000000002,10.338163,1566948019603
39148,226,Gyroscope,-1.5839735000000001,1.4837917,-3.0946434,1566948019613
39149,226,Accelerometer,3.5817258,2.4756044999999998,10.479421,1566948019613
39150,226,Gyroscope,-1.8142698,2.1820107,-2.9535334,1566948019622
39151,226,Accelerometer,3.867833,2.789245,8.916007,1566948019623
39152,226,Gyroscope,-1.8600846999999998,2.0879374,-2.7739390999999998,1566948019632
39153,226,Accelerometer,4.5238442,2.9376855,8.012196000000001,1566948019633
39154,226,Gyroscope,-1.7880026000000002,1.5161675,-2.4288,1566948019642
39155,226,Accelerometer,3.4763808,2.5019407000000005,7.711724,1566948019643
39156,226,Gyroscope,-1.7037031999999999,0.8857546000000001,-1.9120081999999998,1566948019652
39157,226,Accelerometer,2.7102362999999996,1.8555063000000003,7.597999000000001,1566948019653
39158,226,Gyroscope,-1.7000380000000002,0.37568212,-1.3982705,1566948019663
39159,226,Accelerometer,3.3075894999999997,1.42455,7.265205,1566948019663
39160,226,Gyroscope,-1.7733418,0.30665436,-1.0030408000000002,1566948019672
39161,226,Accelerometer,4.353855599999999,1.6244658,9.065644,1566948019673
39162,226,Gyroscope,-1.8264870999999998,0.8332202,-0.66523224,1566948019682
39163,226,Accelerometer,4.237737,2.2481554,10.171766,1566948019683
39164,226,Gyroscope,-1.7556266999999999,1.5302174,-0.3915646,1566948019692
39165,226,Accelerometer,4.0521864999999995,2.7952304,10.404003,1566948019693
39166,226,Gyroscope,-1.5253305,1.8362609,-0.19364429,1566948019702
39167,226,Accelerometer,4.9787426,3.0095115000000003,11.145009,1566948019703
39168,226,Gyroscope,-1.0989466,2.2730296,-1.2052372,1566948019712
39169,226,Accelerometer,6.6187705999999995,3.3770216,10.121488000000001,1566948019713
39170,226,Gyroscope,-0.44959682,1.7379116000000001,-2.629164,1566948019722
39171,226,Accelerometer,0.7026982,-0.48961425,7.5884222999999995,1566948019723
39172,226,Gyroscope,-0.54244834,0.86376345,-2.7324002,1566948019732
39173,226,Accelerometer,-0.62009823,0.20709845,8.337808,1566948019733
39174,226,Gyroscope,-0.6560693,-0.009773844,-2.5137104999999997,1566948019742
39175,226,Accelerometer,0.25019407,1.1456255,9.008183500000001,1566948019743
39176,226,Gyroscope,-0.6414085,-0.70371675,-2.2345450000000002,1566948019752
39177,226,Accelerometer,2.542642,1.496376,10.509348,1566948019753
39178,226,Gyroscope,-1.0268645,-0.15088372,-2.1300871,1566948019762
39179,226,Accelerometer,2.5725696,1.8136078000000002,11.34253,1566948019763
39180,226,Gyroscope,-1.2064588,0.7483099,-1.8405369999999999,1566948019772
39181,226,Accelerometer,1.7214310000000002,1.1839328000000002,11.245565,1566948019773
39182,226,Gyroscope,-1.2425,1.4532483999999999,-1.4837917,1566948019782
39183,226,Accelerometer,1.8722657,1.4688427,11.640609,1566948019783
39184,226,Gyroscope,-1.0983357,1.8106046000000002,-1.1954633,1566948019793
39185,226,Accelerometer,1.9297266,1.8794483,11.542446,1566948019793
39186,226,Gyroscope,-0.8564331000000001,1.7886133999999998,-0.9474520000000001,1566948019802
39187,226,Accelerometer,1.5574282,2.0578163000000003,10.745177,1566948019803
39188,226,Gyroscope,-0.59620446,1.5027285,-0.75136423,1566948019812
39189,226,Accelerometer,1.283292,2.3319526,9.959878999999999,1566948019813
39190,226,Gyroscope,-0.40072759999999996,1.2174544,-0.6554584,1566948019822
39191,226,Accelerometer,1.3311761999999998,2.553416,9.457097000000001,1566948019823
39192,226,Gyroscope,-0.30543262,1.0653489999999999,-0.64996064,1566948019832
39193,226,Accelerometer,1.3982137,2.552219,9.363723,1566948019833
39194,226,Gyroscope,-0.25778514,1.0671816,-0.65484756,1566948019842
39195,226,Accelerometer,1.1827357,2.4708161,9.561244,1566948019843
39196,226,Gyroscope,-0.20769419,1.0873401000000003,-0.66706485,1566948019852
39197,226,Accelerometer,1.1695676000000002,2.6360161,9.755175,1566948019853
39198,226,Gyroscope,-0.12767084,1.0115929,-0.6462954000000001,1566948019862
39199,226,Accelerometer,0.79726917,2.8107927000000004,10.650606,1566948019863
39200,226,Gyroscope,0.09712757,0.8393288000000001,-0.56077427,1566948019872
39201,226,Accelerometer,0.58657944,2.552219,10.848127999999999,1566948019873
39202,226,Gyroscope,0.37507126,0.6236934000000001,-0.462425,1566948019883
39203,226,Accelerometer,0.7685388000000001,2.8431146000000003,11.208455,1566948019883
39204,226,Gyroscope,0.6243043,0.4642576,-0.37323865,1566948019892
39205,226,Accelerometer,0.6512229,2.6372132,10.885238000000001,1566948019893
39206,226,Gyroscope,0.80939645,0.34819320000000004,-0.2773328,1566948019902
39207,226,Accelerometer,0.6967127,3.003526,10.947486999999999,1566948019903
39208,226,Gyroscope,0.98349303,0.28221974,-0.26145032,1566948019912
39209,226,Accelerometer,1.0845733999999998,3.3207579,10.511743,1566948019913
39210,226,Gyroscope,1.0751228000000002,0.22540927,-0.31520647,1566948019922
39211,226,Accelerometer,0.6931214,3.052607,9.659407,1566948019923
39212,226,Gyroscope,0.89919364,0.2706133,-0.3268129,1566948019933
39213,226,Accelerometer,0.45729253,2.7760768,9.150639,1566948019933
39214,226,Gyroscope,0.5143485,0.61269784,-0.39522982,1566948019942
39215,226,Accelerometer,0.4333505,2.7353754,9.044097,1566948019943
39216,226,Gyroscope,-0.03726278,0.82833326,-0.41844269999999995,1566948019952
39217,226,Accelerometer,-0.38187516,2.385822,9.465475999999999,1566948019953
39218,226,Gyroscope,-0.27122417,0.9108001,-0.43066000000000004,1566948019962
39219,226,Accelerometer,-0.60214174,2.3319526,9.41879,1566948019963
39220,226,Gyroscope,-0.43982297,0.743423,-0.30176744,1566948019972
39221,226,Accelerometer,-1.292869,1.7693150000000002,9.267955,1566948019973
39222,226,Gyroscope,-0.41844269999999995,0.6041456999999999,-0.04337143,1566948019983
39223,226,Accelerometer,-1.4257472,1.2916718999999999,10.177752,1566948019983
39224,226,Gyroscope,-0.20525073,0.5925393,0.15149458,1566948019992
39225,226,Accelerometer,-0.8415619000000001,1.5526398000000001,10.638636,1566948019993
39226,226,Gyroscope,0.17165314,0.4111123,0.12583824,1566948020002
39227,226,Accelerometer,-0.076614454,2.148796,9.922769,1566948020003
39228,226,Gyroscope,0.73731434,-0.12583824,-0.22785273,1566948020012
39229,226,Accelerometer,0.59974754,4.483143,9.527725,1566948020015
39230,226,Gyroscope,1.1606439,-1.0231993000000001,-0.7812967,1566948020022
39231,226,Accelerometer,1.2892777,5.638344999999999,8.579621000000001,1566948020023
39232,226,Gyroscope,1.2877040000000002,-1.7122552,-1.0348058,1566948020033
39233,226,Accelerometer,0.5374983,3.8965633,8.495825,1566948020033
39234,226,Gyroscope,1.2742649,-1.8503108,-0.9804386999999999,1566948020042
39235,226,Accelerometer,-0.4321534000000001,1.0534488000000002,9.391256,1566948020047
39236,226,Gyroscope,0.9718866,-1.4239268,-0.79351395,1566948020055
39237,226,Accelerometer,-0.47884035,1.7824832,9.229648,1566948020055
39238,226,Gyroscope,0.28771752,-0.45265114,-0.6096435,1566948020072
39239,226,Accelerometer,-0.38307226,2.8921957000000003,9.0429,1566948020073
39240,226,Gyroscope,-0.15760323,0.27550024,-0.46914452,1566948020082
39241,226,Accelerometer,-0.33039984,3.3542766999999998,9.11712,1566948020083
39242,226,Accelerometer,1.34195,3.3818099999999998,8.368932000000001,1566948020107
39243,226,Accelerometer,1.0211270000000001,3.6296098,8.070853999999999,1566948020124
39244,226,Accelerometer,1.0211270000000001,3.6296098,9.503783,1566948020133
39245,226,Accelerometer,-0.12569559,3.5697547999999997,9.020155,1566948020143
39246,226,Gyroscope,-0.63285637,1.2718215,-0.29138273,1566948020106
39247,226,Gyroscope,-0.6261369000000001,1.0268645,-0.41722095,1566948020122
39248,226,Gyroscope,-0.5448918,0.72326446,-0.46731192,1566948020132
39249,226,Gyroscope,-0.36163223,0.42332962,-0.37995818,1566948020142
39250,226,Gyroscope,-0.32070425,0.0720821,-0.38728857,1566948020152
39251,226,Accelerometer,-0.30765492,3.1376014,8.319851,1566948020153
39252,226,Gyroscope,-0.4465425,-0.30298916,-0.32375857,1566948020162
39253,226,Accelerometer,0.2825158,3.0657754,8.293514,1566948020163
39254,226,Gyroscope,-0.63041294,-0.36163223,-0.28893927,1566948020172
39255,226,Accelerometer,0.5710170999999999,3.2728736,9.217675999999999,1566948020173
39256,226,Gyroscope,-0.8069529999999999,-0.39828414,-0.25411993,1566948020182
39257,226,Accelerometer,0.61530983,3.2381577,10.38485,1566948020183
39258,226,Gyroscope,-0.71837753,-0.22357668,-0.25717425,1566948020192
39259,226,Accelerometer,0.14724341,2.835932,13.719973000000001,1566948020193
39260,226,Gyroscope,-0.4111123,0.24862215,-0.226631,1566948020205
39261,226,Accelerometer,-0.2765303,2.5917234000000002,14.454992,1566948020205
39262,226,Gyroscope,-0.12522738,0.32742378,-0.6017023,1566948020222
39263,226,Accelerometer,2.8969840000000002,3.6164417,9.046491,1566948020225
39264,226,Gyroscope,-0.118507855,-0.07574729,-0.8539896,1566948020232
39265,226,Accelerometer,2.1859062000000002,3.8534677000000004,7.9702972999999995,1566948020233
39266,226,Gyroscope,0.0036651915999999997,-0.43066000000000004,-0.9755518,1566948020242
39267,226,Accelerometer,0.2896984,3.9767690000000004,8.614338,1566948020243
39268,226,Gyroscope,0.29260445,-0.86193085,-1.0684034,1566948020252
39269,226,Accelerometer,0.18315643,4.1000705,9.056067,1566948020253
39270,226,Gyroscope,0.6469063,-0.9621128000000001,-1.2052372,1566948020262
39271,226,Accelerometer,-0.9648633,3.5182792999999997,12.039244,1566948020263
39272,226,Gyroscope,1.1252137,-0.97005403,-1.2449434,1566948020274
39273,226,Accelerometer,-1.3311761999999998,2.9640217,11.043256,1566948020274
39274,226,Gyroscope,1.3335188999999998,-1.4245378,-1.2272283000000002,1566948020282
39275,226,Accelerometer,-1.1480197,2.6396074,8.226477000000001,1566948020283
39276,226,Gyroscope,1.3591752000000001,-2.0048597,-1.1374311000000001,1566948020292
39277,226,Accelerometer,-1.1552023,2.2517467,8.274361,1566948020293
39278,226,Gyroscope,1.3927728000000001,-2.1936169999999997,-1.0164796999999999,1566948020302
39279,226,Accelerometer,-0.79846627,2.12246,9.701305,1566948020303
39280,226,Gyroscope,1.4544701999999998,-1.9932534,-0.91751957,1566948020312
39281,226,Accelerometer,-0.047884032,2.1799207000000003,10.176555,1566948020313
39282,226,Gyroscope,1.4477507,-1.6652186999999998,-0.8747590000000001,1566948020322
39283,226,Accelerometer,0.7781156,2.5187001,9.297882000000001,1566948020323
39284,226,Gyroscope,1.3121386,-1.3988813999999998,-0.8943066999999999,1566948020332
39285,226,Accelerometer,1.3132197,2.7976246,8.371326,1566948020333
39286,226,Gyroscope,1.0519098999999998,-1.0580186000000003,-0.9279043,1566948020343
39287,226,Accelerometer,1.174356,2.516306,8.336611,1566948020343
39288,226,Gyroscope,0.70738196,-0.46731192,-0.8491027,1566948020352
39289,226,Accelerometer,0.59495914,2.2505496,8.655039,1566948020353
39290,226,Gyroscope,0.34636059999999996,0.20952678,-0.68233645,1566948020362
39291,226,Accelerometer,0.25139117,2.2421699,8.232463000000001,1566948020363
39292,226,Gyroscope,-0.04886922,0.8020661,-0.52656585,1566948020372
39293,226,Accelerometer,0.49799395,2.3116016,7.568071400000001,1566948020373
39294,226,Gyroscope,-0.47464229999999996,1.2431108,-0.43371433,1566948020382
39295,226,Accelerometer,0.033518825,2.8514943,7.129933,1566948020383
39296,226,Gyroscope,-0.88331115,1.5076154,-0.35124752,1566948020392
39297,226,Accelerometer,-0.7433996,3.5182792999999997,6.879739,1566948020393
39298,226,Gyroscope,-1.2608258999999997,1.5656476000000001,-0.2742785,1566948020402
39299,226,Accelerometer,-1.3563153000000001,3.879804,7.097611,1566948020403
39300,226,Gyroscope,-1.4679091999999998,1.6084082,-0.2510656,1566948020412
39301,226,Accelerometer,-0.81043726,3.879804,10.042479,1566948020413
39302,226,Gyroscope,-1.3182472,1.7654005000000002,-0.19242255,1566948020422
39303,226,Accelerometer,-2.3451207000000003,3.6750996,10.817003,1566948020423
39304,226,Gyroscope,-1.1850786,1.4648548000000001,-0.032986722999999996,1566948020432
39305,226,Accelerometer,-3.1268275,3.681085,9.281123,1566948020433
39306,226,Gyroscope,-0.9114109,1.1948524999999999,0.105068825,1566948020442
39307,226,Accelerometer,-2.3044189999999998,3.145981,10.398017999999999,1566948020443
39308,226,Gyroscope,-0.6169739000000001,0.68661255,0.18753563,1566948020452
39309,226,Accelerometer,-1.4101848999999997,2.847903,9.879673,1566948020453
39310,226,Gyroscope,-0.29321529999999996,0.09712757,0.23457226,1566948020462
39311,226,Accelerometer,-0.78290397,2.9005754,10.055647,1566948020463
39312,226,Gyroscope,0.07574729,-0.44165558,0.26267207,1566948020472
39313,226,Accelerometer,-0.4213795,2.9951463,10.289082,1566948020473
39314,226,Gyroscope,0.43799037,-0.86437434,0.23273966,1566948020482
39315,226,Accelerometer,-0.15682021,3.3087866000000004,10.487801,1566948020483
39316,226,Gyroscope,0.68783426,-1.0861185,0.09712757,1566948020492
39317,226,Accelerometer,0.03232172,3.9312792,10.34774,1566948020493
39318,226,Gyroscope,0.7861836,-1.1539245,-0.062308256,1566948020503
39319,226,Accelerometer,-0.27174190000000004,4.0725370000000005,9.974244,1566948020503
39320,226,Gyroscope,0.82894415,-1.1582005,-0.14172074,1566948020512
39321,226,Accelerometer,-0.7733272,3.5146879999999996,9.763555,1566948020513
39322,226,Gyroscope,0.8032878000000001,-1.1252137,-0.15821409,1566948020522
39323,226,Accelerometer,-0.89902276,3.0154970000000003,9.229648,1566948020523
39324,226,Gyroscope,0.73975784,-0.9407325000000001,-0.095294975,1566948020532
39325,226,Accelerometer,-1.0043676,2.469619,9.394848,1566948020533
39326,226,Gyroscope,0.6609562,-0.6462954000000001,0.026267206,1566948020542
39327,226,Accelerometer,-1.1109096,2.2373814999999997,9.725247,1566948020543
39328,226,Gyroscope,0.5699373000000001,-0.40133846,0.19730948,1566948020552
39329,226,Accelerometer,-1.0366893,2.1092918,9.678560000000001,1566948020553
39330,226,Gyroscope,0.48502702,-0.29810223,0.3817908,1566948020562
39331,226,Accelerometer,-0.33039984,1.9560628,9.576807,1566948020563
39332,226,Gyroscope,0.42271876,-0.38240165,0.5320636,1566948020572
39333,226,Accelerometer,0.06703765,2.5091232999999997,9.247603999999999,1566948020573
39334,226,Gyroscope,0.44226643,-0.5900958000000001,0.63713247,1566948020582
39335,226,Accelerometer,0.60573304,3.3219550000000004,8.882488,1566948020583
39336,226,Gyroscope,0.52656585,-0.711658,0.65118235,1566948020592
39337,226,Accelerometer,1.3192052,4.086901999999999,9.03452,1566948020593
39338,226,Gyroscope,0.63163465,-0.7458665,0.60231316,1566948020602
39339,226,Accelerometer,1.5885528,5.029021,9.196128999999999,1566948020603
39340,226,Gyroscope,0.6933321,-0.70188415,0.48075095,1566948020612
39341,226,Accelerometer,1.4377182,5.035006,8.920795,1566948020613
39342,226,Gyroscope,0.66889745,-0.5564981999999999,0.32009340000000003,1566948020622
39343,226,Accelerometer,1.5167267,4.7441106,7.9427642999999994,1566948020623
39344,226,Gyroscope,0.5149594,-0.41355577,0.17592919,1566948020633
39345,226,Accelerometer,1.6843209,4.5202527,7.219714999999999,1566948020633
39346,226,Gyroscope,0.22357668,-0.48747048,-0.04276056599999999,1566948020642
39347,226,Accelerometer,1.5286977,4.291606400000001,7.219714999999999,1566948020643
39348,226,Gyroscope,0.02321288,-0.52839845,-0.1020145,1566948020652
39349,226,Accelerometer,1.1971009,4.279635400000001,7.7572136,1566948020653
39350,226,Gyroscope,-0.26206118,-0.37568212,-0.014660766,1566948020662
39351,226,Accelerometer,0.6655880999999999,4.0426097,8.228871,1566948020663
39352,226,Gyroscope,-0.56688297,-0.09712757,0.16676621,1566948020672
39353,226,Accelerometer,0.89662856,3.8151605,8.737639,1566948020673
39354,226,Gyroscope,-0.743423,0.16554448,0.26816985,1566948020682
39355,226,Accelerometer,1.411382,3.5877112999999996,9.155427,1566948020683
39356,226,Gyroscope,-0.7800749,0.37690386,0.26145032,1566948020692
39357,226,Accelerometer,1.5646108,3.3446998999999997,9.4774475,1566948020693
39358,226,Gyroscope,-0.73731434,0.52778757,0.21319197,1566948020702
39359,226,Accelerometer,1.365892,3.1651347000000003,9.471461999999999,1566948020703
39360,226,Gyroscope,-0.68600166,0.65118235,0.19058995,1566948020712
39361,226,Accelerometer,0.8451531999999999,3.1208419999999997,9.476251,1566948020713
39362,226,Gyroscope,-0.62125,0.7812967,0.22602014,1566948020722
39363,226,Accelerometer,0.61291564,3.288436,9.381680000000001,1566948020723
39364,226,Gyroscope,-0.54550266,0.8717046999999999,0.29993483,1566948020732
39365,226,Accelerometer,0.45250413,3.5015199999999997,9.3421755,1566948020733
39366,226,Gyroscope,-0.41844269999999995,0.9077458,0.4092797,1566948020742
39367,226,Accelerometer,0.30286652,3.6044707000000002,9.419986999999999,1566948020743
39368,226,Gyroscope,-0.23640485,0.8155051,0.47403142,1566948020752
39369,226,Accelerometer,0.49679685,4.131195,9.362525999999999,1566948020753
39370,226,Gyroscope,-0.081855945,0.56382865,0.32742378,1566948020762
39371,226,Accelerometer,0.6404489000000001,4.504690599999999,9.434352,1566948020763
39372,226,Gyroscope,-0.02443461,0.30848694,0.092240654,1566948020772
39373,226,Accelerometer,0.30047232,4.0533834,9.212888000000001,1566948020773
39374,226,Gyroscope,-0.018936822,0.023823743999999997,-0.039095376,1566948020782
39375,226,Accelerometer,0.017956512,3.5087025,9.090784,1566948020783
39376,226,Gyroscope,-0.03604105,-0.34697145,-0.034208454,1566948020793
39377,226,Accelerometer,-0.15442601,2.8921957000000003,9.690532000000001,1566948020793
39378,226,Gyroscope,0.4831944,-0.7593055000000001,0.119729586,1566948020802
39379,226,Accelerometer,0.7098808000000001,3.5865142,12.36246,1566948020803
39380,226,Gyroscope,0.9737191999999999,-1.0665708,0.18448131,1566948020812
39381,226,Accelerometer,1.0307038,4.201824,12.933477,1566948020813
39382,226,Gyroscope,1.2235631,-0.6927211999999999,0.17409660000000002,1566948020822
39383,226,Accelerometer,1.8136078000000002,4.240131400000001,12.09431,1566948020823
39384,226,Gyroscope,1.3139712,-0.29382620000000004,0.15515977,1566948020832
39385,226,Accelerometer,2.0003555,4.1623197,10.414778,1566948020833
39386,226,Gyroscope,1.3432927,-0.04337143,0.0842994,1566948020842
39387,226,Accelerometer,2.2146366000000004,3.7193922999999995,9.730036,1566948020843
39388,226,Gyroscope,1.3090841999999998,0.18875736,-0.004886922,1566948020852
39389,226,Accelerometer,2.1894975,3.3997664,8.713697,1566948020853
39390,226,Gyroscope,1.1863003,0.23151793,-0.1337795,1566948020862
39391,226,Accelerometer,1.7776948000000001,3.5230677000000004,8.785523,1566948020863
39392,226,Gyroscope,1.0073168,0.44776422,-0.25900686,1566948020872
39393,226,Accelerometer,1.3862427,2.9113493,9.712079,1566948020873
39394,226,Gyroscope,0.9718866,0.93401295,-0.19486602,1566948020882
39395,226,Accelerometer,1.4030021000000001,2.5713725,10.242394,1566948020883
39396,226,Gyroscope,0.915687,1.3720033,-0.040927973,1566948020892
39397,226,Accelerometer,2.005144,2.4959552000000005,8.744822000000001,1566948020892
39398,226,Gyroscope,0.52473325,1.7568485,0.37323865,1566948020902
39399,226,Accelerometer,2.1308396000000003,1.7621324,6.5469446,1566948020903
39400,226,Gyroscope,-0.10934488,2.3591616,1.0207558,1566948020912
39401,226,Accelerometer,1.3215994,2.8072014,6.0202203,1566948020913
39402,226,Gyroscope,-0.22052236,2.4544566000000003,0.67256266,1566948020922
39403,226,Accelerometer,3.3794157999999994,9.90601,6.39611,1566948020923
39404,226,Gyroscope,-0.14782938,1.3567316999999999,-0.31031954,1566948020932
39405,226,Accelerometer,1.3670892,10.933122000000001,4.5884876,1566948020933
39406,226,Gyroscope,-0.07086037,0.0018325957999999999,-0.70371675,1566948020942
39407,226,Accelerometer,-3.027468,5.673061,6.117185,1566948020942
39408,226,Gyroscope,0.08735373,-1.0965031,-0.7495316,1566948020952
39409,226,Accelerometer,-3.879804,3.915717,8.051701,1566948020953
39410,226,Gyroscope,0.44165558,-1.6310102,-0.5839871999999999,1566948020962
39411,226,Accelerometer,-3.2441432,3.5517980000000002,11.115082000000001,1566948020963
39412,226,Gyroscope,0.6957755,-1.7928895,-0.4538729,1566948020972
39413,226,Accelerometer,-0.20829555,4.0677485,10.779893,1566948020973
39414,226,Gyroscope,0.75869465,-1.255328,-0.35185838,1566948020982
39415,226,Accelerometer,1.8004397,3.8247373,10.925939999999999,1566948020983
39416,226,Gyroscope,0.61086524,-0.48197266,-0.28283059999999993,1566948020992
39417,226,Accelerometer,2.4672248,4.593276,8.251616499999999,1566948020993
39418,226,Gyroscope,0.15515977,0.050701816,-0.15210545,1566948021002
39419,226,Accelerometer,1.3694833999999998,4.972757,5.1200004,1566948021003
39420,226,Gyroscope,-0.5021312,0.33536503,0.043982297000000004,1566948021012
39421,226,Accelerometer,0.20709845,5.0421886,3.8295257000000005,1566948021013
39422,226,Gyroscope,-1.1026118,0.5332854,0.23335053,1566948021022
39423,226,Accelerometer,-0.28491,4.8865657,4.7309427,1566948021023
39424,226,Gyroscope,-1.6255124,0.61086524,0.35918877,1566948021032
39425,226,Accelerometer,-0.22744916,4.6698904,4.674679,1566948021033
39426,226,Gyroscope,-2.0066924,0.65057147,0.39400807,1566948021043
39427,226,Accelerometer,0.11971009,4.607641,5.4623713,1566948021043
39428,226,Gyroscope,-2.221717,0.50579643,0.3830125,1566948021052
39429,226,Accelerometer,0.21068975,3.9228995,6.0345855,1566948021053
39430,226,Gyroscope,-2.2577580000000004,0.2968805,0.39706242,1566948021062
39431,226,Accelerometer,-0.20590134,3.2597055,8.953117,1566948021063
39432,226,Gyroscope,-2.1178699,0.26633725,0.3933972,1566948021072
39433,226,Accelerometer,-0.03232172,3.3602622,10.392033,1566948021073
39434,226,Gyroscope,-1.8631389999999999,0.3359759,0.37140608,1566948021082
39435,226,Accelerometer,0.2705448,3.3051953000000003,10.848127999999999,1566948021083
39436,226,Gyroscope,-1.5186110000000002,0.22296582,0.27488935,1566948021093
39437,226,Accelerometer,0.24061728,3.3183637000000004,11.409568,1566948021093
39438,226,Gyroscope,-0.9101892,-0.07086037,0.124005646,1566948021102
39439,226,Accelerometer,0.8583213,4.1838675,11.530476,1566948021103
39440,226,Gyroscope,-0.5644395000000001,-0.28160888,-0.12339478,1566948021112
39441,226,Accelerometer,0.7577648,3.7205894,11.056422999999999,1566948021113
39442,226,Gyroscope,-0.40133846,-0.3390302,-0.16187929,1566948021122
39443,226,Accelerometer,0.62009823,2.8155810000000003,10.105926,1566948021123
39444,226,Gyroscope,-0.43371433,-0.32192600000000005,-0.12034045,1566948021132
39445,226,Accelerometer,0.8726865,3.1615434,9.910798,1566948021132
39446,226,Gyroscope,-0.27366763,-0.44043383,-0.04886922,1566948021143
39447,226,Accelerometer,0.8439561,3.8043866000000004,10.305841000000001,1566948021143
39448,226,Gyroscope,-0.053145275,-0.5021312,0.059864793,1566948021152
39449,226,Accelerometer,0.58418524,3.834314,10.647015,1566948021153
39450,226,Gyroscope,0.19730948,-0.52778757,0.12095132,1566948021162
39451,226,Accelerometer,0.39025488,3.5996822999999996,10.521319,1566948021163
39452,226,Gyroscope,0.35918877,-0.5271766999999999,0.18509217,1566948021172
39453,226,Accelerometer,0.45968673,3.3123782,9.922769,1566948021173
39454,226,Gyroscope,0.40866885,-0.44532076,0.17531833,1566948021182
39455,226,Accelerometer,0.7206547,3.5194763999999994,9.369708000000001,1566948021183
39456,226,Gyroscope,0.3866777,-0.32620203,0.13744467,1566948021192
39457,226,Accelerometer,0.62967503,3.774459,9.119514,1566948021193
39458,226,Gyroscope,0.34330627,-0.19730948,0.112399206,1566948021202
39459,226,Accelerometer,0.5470751,3.891775,9.276335000000001,1566948021203
39460,226,Gyroscope,0.31826079999999995,0.02321288,0.09040806,1566948021212
39461,226,Accelerometer,0.90261406,3.4739866000000004,9.41041,1566948021213
39462,226,Gyroscope,0.344528,0.27977628,-0.09285152,1566948021222
39463,226,Accelerometer,2.7461493,2.5258827,9.137471000000001,1566948021223
39464,226,Gyroscope,0.38423425,0.34025195,-0.43860126,1566948021232
39465,226,Accelerometer,2.7090392000000003,2.5929205,8.929175,1566948021233
39466,226,Gyroscope,0.42638394,0.29016098,-0.65057147,1566948021242
39467,226,Accelerometer,1.5095441,2.8574797999999997,9.046491,1566948021243
39468,226,Gyroscope,0.52412236,0.09712757,-0.68294734,1566948021252
39469,226,Accelerometer,0.8870517,2.7688942,9.179369,1566948021253
39470,226,Gyroscope,0.6078109,-0.17409660000000002,-0.68966687,1566948021263
39471,226,Accelerometer,1.091756,3.1471782000000004,9.035717,1566948021263
39472,226,Gyroscope,0.5992588000000001,-0.40133846,-0.75808376,1566948021272
39473,226,Accelerometer,1.2856863,3.3219550000000004,8.769960000000001,1566948021273
39474,226,Gyroscope,0.49357912,-0.45265114,-0.870483,1566948021282
39475,226,Accelerometer,1.2294226000000001,3.2860417,8.682572,1566948021283
39476,226,Gyroscope,0.3475823,-0.32803464,-0.9957103999999999,1566948021292
39477,226,Accelerometer,0.9816226999999998,3.5015199999999997,8.204929,1566948021293
39478,226,Gyroscope,0.16615535,-0.20952678,-1.0879510000000001,1566948021302
39479,226,Accelerometer,0.6919243,4.0737343,7.6267295,1566948021303
39480,226,Gyroscope,0.0067195175,-0.27122417,-1.1136073,1566948021313
39481,226,Accelerometer,0.11252748,4.2317514,7.614758500000001,1566948021313
39482,226,Gyroscope,-0.12950343,-0.45814893,-1.0042624,1566948021322
39483,226,Accelerometer,-0.30885202,4.4328647000000005,7.8853035,1566948021323
39484,226,Gyroscope,-0.2742785,-0.7147123000000001,-0.915687,1566948021332
39485,226,Accelerometer,-0.59855044,4.6459484,8.480263,1566948021333
39486,226,Gyroscope,-0.40866885,-0.7440339,-0.7678576,1566948021342
39487,226,Accelerometer,-0.8391677,4.344279,8.67539,1566948021343
39488,226,Gyroscope,-0.42455134,-0.5729916,-0.66645396,1566948021352
39489,226,Accelerometer,-0.44891283,4.2054152,9.520543,1566948021353
39490,226,Gyroscope,-0.38728857,-0.38606682,-0.52290064,1566948021362
39491,226,Accelerometer,-0.29568392,4.1276035,9.637858999999999,1566948021363
39492,226,Gyroscope,-0.36102137,-0.18936823,-0.3640757,1566948021372
39493,226,Accelerometer,-0.108936176,4.406528,9.667786999999999,1566948021373
39494,226,Gyroscope,-0.30176744,-0.0061086523,-0.21380283,1566948021382
39495,226,Accelerometer,-0.16519992,4.5525746,9.776722999999999,1566948021383
39496,226,Gyroscope,-0.25473082,0.05375614,-0.040317107000000005,1566948021392
39497,226,Accelerometer,-0.14604631,4.200627,9.421184,1566948021393
39498,226,Gyroscope,-0.26083946,0.06414085,0.08246681,1566948021402
39499,226,Accelerometer,0.38307226,3.8630445,9.113529,1566948021403
39500,226,Gyroscope,-0.27305678,0.105068825,0.106901415,1566948021412
39501,226,Accelerometer,1.0773908,3.7038300000000004,9.053674,1566948021413
39502,226,Gyroscope,-0.25595254,0.13133603,0.059864793,1566948021423
39503,226,Accelerometer,1.401805,3.5470097000000003,9.124303,1566948021423
39504,226,Gyroscope,-0.21380283,0.11911872,0.0030543262,1566948021432
39505,226,Accelerometer,1.3742718,3.4272997000000003,9.354146,1566948021433
39506,226,Gyroscope,-0.17959438,0.09285152,-0.05681047,1566948021442
39507,226,Accelerometer,1.2737153,3.4799721,9.555259,1566948021443
39508,226,Gyroscope,-0.15821409,0.09773844,-0.09285152,1566948021452
39509,226,Accelerometer,1.0187328000000002,3.5709519999999997,9.67018,1566948021453
39510,226,Gyroscope,-0.119729586,0.16004670000000001,-0.08002335,1566948021462
39511,226,Accelerometer,0.7649474,3.6116532999999995,9.873688000000001,1566948021463
39512,226,Gyroscope,-0.062308256,0.2321288,-0.05131268,1566948021472
39513,226,Accelerometer,0.70509243,3.693056,9.950302,1566948021473
39514,226,Gyroscope,0.008552114,0.29260445,-0.03359759,1566948021483
39515,226,Accelerometer,0.80564886,3.8187518,10.08318,1566948021483
39516,226,Gyroscope,0.054367005999999996,0.3304781,-0.03604105,1566948021492
39517,226,Accelerometer,0.93613285,3.8450879999999996,9.916783,1566948021493
39518,226,Gyroscope,0.035430185,0.29565877,-0.07819075,1566948021502
39519,226,Accelerometer,1.0498575,3.7517139999999998,9.471461999999999,1566948021503
39520,226,Gyroscope,0.01038471,0.21563543,-0.16554448,1566948021512
39521,226,Accelerometer,1.1121067,3.5877112999999996,9.695319999999999,1566948021513
39522,226,Gyroscope,0.06291912,0.204029,-0.2779437,1566948021522
39523,226,Accelerometer,1.1300632,3.5625722,9.721656,1566948021523
39524,226,Gyroscope,0.18570304,0.20525073,-0.39461896,1566948021532
39525,226,Accelerometer,1.1647792,3.4033577000000004,9.773131,1566948021533
39526,226,Gyroscope,0.37690386,0.18387043,-0.49296826,1566948021542
39527,226,Accelerometer,0.8451531999999999,3.5625722,8.9124155,1566948021543
39528,226,Gyroscope,0.28588495,0.26267207,-0.42394048,1566948021552
39529,226,Accelerometer,0.37229836,3.855862,8.030152000000001,1566948021553
39530,226,Gyroscope,0.10934488,0.20158553,-0.27122417,1566948021562
39531,226,Accelerometer,-0.08259996,4.009091000000001,7.8170686,1566948021563
39532,226,Gyroscope,-0.04520403,0.086132,-0.09407325,1566948021572
39533,226,Accelerometer,-0.12689269,3.8845922999999996,8.286332000000002,1566948021573
39534,226,Gyroscope,-0.11484267,-0.022602014,0.058643065,1566948021582
39535,226,Accelerometer,-0.047884032,3.6236242999999995,8.991425,1566948021583
39536,226,Gyroscope,-0.118507855,-0.015882496,0.20830505,1566948021592
39537,226,Accelerometer,-0.06703765,3.3279405,9.755175,1566948021593
39538,226,Gyroscope,-0.096516706,0.20830505,0.32742378,1566948021602
39539,226,Accelerometer,0.5626374,3.4584242999999995,10.280702,1566948021603
39540,226,Gyroscope,0.017715093,0.44593164,0.38728857,1566948021612
39541,226,Accelerometer,0.94690675,3.5087025,10.068814999999999,1566948021613
39542,226,Gyroscope,0.116675265,0.59559363,0.45142943,1566948021622
39543,226,Accelerometer,0.41060558,3.3686419,10.023325,1566948021623
39544,226,Gyroscope,0.21502456,0.6988298000000001,0.57971114,1566948021632
39545,226,Accelerometer,-0.18195933,3.7098155,10.290278,1566948021633
39546,226,Gyroscope,0.5375614000000001,0.7770206000000001,0.78984874,1566948021642
39547,226,Accelerometer,-0.0011971008,4.3598413,10.540473,1566948021643
39548,226,Gyroscope,0.77946407,0.83199847,0.93951076,1566948021653
39549,226,Accelerometer,0.053869538,3.9085343,10.708067,1566948021653
39550,226,Gyroscope,1.0091494,0.88147855,1.0262536,1566948021662
39551,226,Accelerometer,0.8523358,3.6032736000000005,10.469844,1566948021663
39552,226,Gyroscope,1.0903945,1.1484267,1.102001,1566948021672
39553,226,Accelerometer,1.2856863,3.5194763999999994,9.703699,1566948021673
39554,226,Gyroscope,1.061073,1.4343116000000002,1.1612548999999999,1566948021682
39555,226,Accelerometer,1.8519150000000002,3.4799721,7.979874000000001,1566948021683
39556,226,Gyroscope,0.86620694,1.5601498,1.1276573,1566948021692
39557,226,Accelerometer,1.8626889,3.9851487,6.95755,1566948021693
39558,226,Gyroscope,0.548557,1.7208074,1.0543533999999999,1566948021702
39559,226,Accelerometer,1.2497733,4.981137,6.289568,1566948021703
39560,226,Gyroscope,0.17959438,1.8997909,0.88697636,1566948021712
39561,226,Accelerometer,0.24181437,6.125565,5.380968,1566948021713
39562,226,Gyroscope,-0.1826487,1.7599026999999998,0.59315014,1566948021722
39563,226,Accelerometer,-1.1887212,5.898116,4.940435400000001,1566948021723
39564,226,Gyroscope,-0.516792,1.1582005,0.31581733,1566948021732
39565,226,Accelerometer,-1.7705121,3.2932242999999994,6.643910000000001,1566948021733
39566,226,Gyroscope,-0.70371675,0.66645396,0.13988814,1566948021742
39567,226,Accelerometer,-1.6388310000000001,2.2948422,9.446322,1566948021743
39568,226,Gyroscope,-0.6151413,0.7476991,0.16065755,1566948021752
39569,226,Accelerometer,-1.578976,5.1810527,9.324219,1566948021753
39570,226,Gyroscope,-0.49541172,0.689056,0.18692477,1566948021762
39571,226,Accelerometer,-1.2449848999999997,6.828263300000001,7.9930425000000005,1566948021763
39572,226,Gyroscope,-0.45570546,0.30970868,0.11178834,1566948021773
39573,226,Accelerometer,-1.6579846999999999,5.531803,8.331821000000001,1566948021773
39574,226,Gyroscope,-0.38423425,0.012217305,0.11362094,1566948021782
39575,226,Accelerometer,-1.6256628999999998,3.9851487,9.384072999999999,1566948021783
39576,226,Gyroscope,-0.20158553,-0.25045475,0.13439035,1566948021792
39577,226,Accelerometer,-0.8858546,3.6511576,9.678560000000001,1566948021793
39578,226,Gyroscope,-0.093462385,-0.37812558,0.061086524,1566948021802
39579,226,Accelerometer,-0.24301147,4.0186677,9.623494,1566948021803
39580,226,Gyroscope,-0.018325957,-0.45875978,-0.029321532999999997,1566948021812
39581,226,Accelerometer,-0.20829555,4.188656,9.437942999999999,1566948021813
39582,226,Gyroscope,-0.008552114,-0.5235115,-0.09773844,1566948021822
39583,226,Accelerometer,-0.29328972,4.0617633,9.127894,1566948021823
39584,226,Gyroscope,-0.08552113,-0.5516113,-0.15760323,1566948021832
39585,226,Accelerometer,-0.23463176,3.9073372,8.761581,1566948021833
39586,226,Gyroscope,-0.24007004,-0.52473325,-0.18936823,1566948021842
39587,226,Accelerometer,-0.20470424,3.8367082999999997,8.4647,1566948021843
39588,226,Gyroscope,-0.43371433,-0.5021312,-0.19425514,1566948021852
39589,226,Accelerometer,-0.272939,3.7672763,8.270769999999999,1566948021853
39590,226,Gyroscope,-0.62796944,-0.46853364,-0.1777618,1566948021862
39591,226,Accelerometer,-0.23822308,3.6846763999999994,8.143877,1566948021863
39592,226,Gyroscope,-0.7788531999999999,-0.45753807,-0.15577064,1566948021872
39593,226,Accelerometer,-0.23343466,3.6152446000000005,8.343793,1566948021873
39594,226,Gyroscope,-0.86620694,-0.4642576,-0.12217305,1566948021882
39595,226,Accelerometer,-0.2861071,3.5817258,8.883685,1566948021883
39596,226,Gyroscope,-0.88086766,-0.43860126,-0.093462385,1566948021892
39597,226,Accelerometer,-0.15442601,3.5553896000000003,9.435549,1566948021893
39598,226,Gyroscope,-0.8350528,-0.39645153,-0.07880162,1566948021902
39599,226,Accelerometer,0.11731588,3.5362358,9.7719345,1566948021903
39600,226,Gyroscope,-0.7440339,-0.40072759999999996,-0.10140363,1566948021912
39601,226,Accelerometer,0.46447513,3.5565867,9.846153999999999,1566948021913
39602,226,Gyroscope,-0.6407976,-0.42088616,-0.14355333,1566948021923
39603,226,Accelerometer,0.7781156,3.525462,9.781511,1566948021923
39604,226,Gyroscope,-0.5345071,-0.3830125,-0.16371189,1566948021932
39605,226,Accelerometer,0.79128367,3.5793315999999997,9.974244,1566948021933
39606,226,Gyroscope,-0.41172317,-0.37568212,-0.16310102,1566948021942
39607,226,Accelerometer,0.59615624,3.7517139999999998,9.941922,1566948021943
39608,226,Gyroscope,-0.32070425,-0.44348818,-0.17348573,1566948021952
39609,226,Accelerometer,0.40222588,3.8905778,9.655814999999999,1566948021953
39610,226,Gyroscope,-0.25289822,-0.5198463,-0.21502456,1566948021962
39611,226,Accelerometer,0.4261679,3.9001546,9.552864999999999,1566948021963
39612,226,Gyroscope,-0.22113322,-0.5112942,-0.26572640000000003,1566948021973
39613,226,Accelerometer,0.5686229,3.8067808,9.491813,1566948021973
39614,226,Gyroscope,-0.20647246,-0.39767328,-0.28221974,1566948021982
39615,226,Accelerometer,0.2825158,3.5637693,9.405622,1566948021983
39616,226,Gyroscope,-0.20280726,-0.25778514,-0.26022860000000003,1566948021992
39617,226,Accelerometer,0.053869538,3.6391866000000004,9.271546,1566948021993
39618,226,Gyroscope,-0.20280726,-0.19975294,-0.22235495,1566948022002
39619,226,Accelerometer,0.08379706,3.5697547999999997,9.317036,1566948022003
39620,226,Gyroscope,-0.18631389999999998,-0.09040806,-0.15271631,1566948022012
39621,226,Accelerometer,0.25019407,3.323152,9.392453,1566948022013
39622,226,Gyroscope,-0.14599679999999998,0.021991148999999998,-0.10140363,1566948022023
39623,226,Accelerometer,0.43933599999999995,3.1292217,9.275136999999999,1566948022023
39624,226,Gyroscope,-0.10567969,0.058643065,-0.0720821,1566948022032
39625,226,Accelerometer,0.5602431999999999,3.0466216,9.123106,1566948022033
39626,226,Gyroscope,-0.04520403,0.004886922,-0.06719518,1566948022042
39627,226,Accelerometer,0.39264908,2.8083985,9.205706,1566948022043
39628,226,Gyroscope,0.03604105,-0.062308256,-0.04642576,1566948022052
39629,226,Accelerometer,0.12449849,2.8670566,9.42238,1566948022053
39630,226,Gyroscope,0.15393804,-0.12950343,0.01282817,1566948022062
39631,226,Accelerometer,-0.20590134,3.0969,9.691728999999999,1566948022063
39632,226,Gyroscope,0.29138273,-0.15882497,0.10567969,1566948022072
39633,226,Accelerometer,-0.40342298,3.2597055,9.858125999999999,1566948022073
39634,226,Gyroscope,0.41233405,-0.21380283,0.19547687,1566948022082
39635,226,Accelerometer,-0.29927522,3.359065,9.937134,1566948022083
39636,226,Gyroscope,0.5174029,-0.31520647,0.2302962,1566948022092
39637,226,Accelerometer,-0.12689269,3.4057519999999997,9.965864,1566948022093
39638,226,Gyroscope,0.60048056,-0.43249258,0.21258110000000002,1566948022102
39639,226,Accelerometer,0.09935937,3.4548330000000003,9.951499,1566948022103
39640,226,Gyroscope,0.6603453,-0.44837508,0.16554448,1566948022112
39641,226,Accelerometer,0.48602295,3.4835634,10.044872999999999,1566948022113
39642,226,Gyroscope,0.70738196,-0.38423425,0.10445796,1566948022122
39643,226,Accelerometer,0.8343792999999999,3.6954502999999996,9.805453,1566948022123
39644,226,Gyroscope,0.7189884,-0.3323107,0.032375857,1566948022132
39645,226,Accelerometer,0.9947908000000001,3.867833,9.320627,1566948022134
39646,226,Gyroscope,0.68416905,-0.2773328,-0.059864793,1566948022142
39647,226,Accelerometer,1.3802572,3.8355112,8.92319,1566948022143
39648,226,Gyroscope,0.6096435,-0.16554448,-0.16798794,1566948022152
39649,226,Accelerometer,1.4041992,3.9121256,8.714894000000001,1566948022153
39650,226,Gyroscope,0.5174029,0.034208454,-0.26389378,1566948022162
39651,226,Accelerometer,1.9165584999999998,3.6655227999999997,8.943541,1566948022163
39652,226,Gyroscope,0.44715336,0.19730948,-0.4092797,1566948022173
39653,226,Accelerometer,1.3383588,3.9097313999999996,8.463503,1566948022173
39654,226,Gyroscope,0.35430184,0.19486602,-0.43676865,1566948022182
39655,226,Accelerometer,0.260968,4.197036,8.535328999999999,1566948022183
39656,226,Gyroscope,0.26511553,0.18570304,-0.36896262,1566948022192
39657,226,Accelerometer,-0.37588966,4.495114,8.561666,1566948022193
39658,226,Gyroscope,0.16249016,0.16004670000000001,-0.25289822,1566948022202
39659,226,Accelerometer,-0.5734113000000001,4.6806645,8.374918,1566948022203
39660,226,Gyroscope,0.050701816,0.11789699,-0.1282817,1566948022212
39661,226,Accelerometer,-0.4261679,4.607641,8.486248,1566948022213
39662,226,Gyroscope,-0.021380282999999996,0.09773844,-0.03604105,1566948022222
39663,226,Accelerometer,0.008379705999999999,4.343082,8.863335000000001,1566948022223
39664,226,Gyroscope,-0.04276056599999999,0.10629055,-0.00061086525,1566948022232
39665,226,Accelerometer,0.3878607,4.115632499999999,9.15423,1566948022233
39666,226,Gyroscope,-0.03970624,0.10567969,-0.021991148999999998,1566948022242
39667,226,Accelerometer,0.56982,4.0701427,9.194932000000001,1566948022243
39668,226,Gyroscope,-0.086132,0.014049901000000002,-0.15515977,1566948022252
39669,226,Accelerometer,0.5303157,4.096479,9.115923,1566948022253
39670,226,Gyroscope,-0.10567969,-0.05497787,-0.27122417,1566948022262
39671,226,Accelerometer,0.5243302,4.1264067,9.078813,1566948022263
39672,226,Gyroscope,-0.092240654,-0.09162979,-0.36346483,1566948022272
39673,226,Accelerometer,0.60214174,4.1814733,9.066842,1566948022273
39674,226,Gyroscope,-0.07819075,-0.1020145,-0.42271876,1566948022282
39675,226,Accelerometer,0.61171854,4.325125,8.935161,1566948022283
39676,226,Gyroscope,-0.09101892,-0.093462385,-0.43310347,1566948022292
39677,226,Accelerometer,0.39145198,4.278438599999999,8.769960000000001,1566948022293
39678,226,Gyroscope,-0.10812314599999999,-0.124005646,-0.39950588,1566948022302
39679,226,Accelerometer,0.16879122,4.212598000000001,8.6574335,1566948022303
39680,226,Gyroscope,-0.12522738,-0.1685988,-0.34330627,1566948022312
39681,226,Accelerometer,0.090979666,4.1802763999999994,8.67539,1566948022313
39682,226,Gyroscope,-0.15271631,-0.18936823,-0.2779437,1566948022322
39683,226,Accelerometer,0.17717093,4.115632499999999,8.7292595,1566948022323
39684,226,Gyroscope,-0.17531833,-0.18448131,-0.20830505,1566948022332
39685,226,Accelerometer,0.24181437,4.037821299999999,8.775947,1566948022333
39686,226,Gyroscope,-0.20158553,-0.17165314,-0.13561209,1566948022343
39687,226,Accelerometer,0.34715924,3.9133226999999997,8.752005,1566948022343
39688,226,Gyroscope,-0.22174409,-0.13744467,-0.07147124,1566948022352
39689,226,Accelerometer,0.50517654,3.8127663,8.744822000000001,1566948022353
39690,226,Gyroscope,-0.22235495,-0.07819075,-0.015271631,1566948022362
39691,226,Accelerometer,0.60812724,3.7241807000000002,8.889671,1566948022363
39692,226,Gyroscope,-0.18081611,-0.051923547,0.03481932,1566948022372
39693,226,Accelerometer,0.60812724,3.6942532,9.099164,1566948022373
39694,226,Gyroscope,-0.10567969,-0.031154128,0.056199603,1566948022382
39695,226,Accelerometer,0.6691794,3.6966474000000002,9.305064999999999,1566948022383
39696,226,Gyroscope,-0.014660766,-0.07086037,0.045814894,1566948022392
39697,226,Accelerometer,0.748188,3.7588966,9.2308445,1566948022394
39698,226,Gyroscope,0.055588737,-0.14599679999999998,0.008552114,1566948022402
39699,226,Accelerometer,0.6907272,3.819949,9.251195,1566948022403
39700,226,Gyroscope,0.111177474,-0.17348573,-0.021380282999999996,1566948022412
39701,226,Accelerometer,0.61530983,3.9205053,9.363723,1566948022413
39702,226,Gyroscope,0.16249016,-0.14172074,-0.02321288,1566948022422
39703,226,Accelerometer,0.46327803,4.064157499999999,9.400833,1566948022423
39704,226,Gyroscope,0.19181168,-0.095294975,0.007330383,1566948022432
39705,226,Accelerometer,0.4357447,4.1024647000000005,9.15423,1566948022433
39706,226,Gyroscope,0.19120082,-0.057421334000000004,0.032986722999999996,1566948022442
39707,226,Accelerometer,0.7781156,4.0138793,8.780735,1566948022443
39708,226,Gyroscope,0.1685988,-0.044593163,0.06963864,1566948022452
39709,226,Accelerometer,0.92296475,3.8738184,8.870517999999999,1566948022453
39710,226,Gyroscope,0.15149458,0.008552114,0.11056661,1566948022462
39711,226,Accelerometer,1.1156979999999999,3.942053,9.346964,1566948022463
39712,226,Gyroscope,0.28283059999999993,0.11789699,0.13561209,1566948022472
39713,226,Accelerometer,1.1300632,4.1575313,8.944737,1566948022473
39714,226,Gyroscope,0.3371976,0.204029,0.036651913,1566948022482
39715,226,Accelerometer,0.79607207,4.115632499999999,8.853758000000001,1566948022483
39716,226,Gyroscope,0.20463985,0.23090707,-0.058643065,1566948022492
39717,226,Accelerometer,0.59615624,4.1515455,8.659827,1566948022493
39718,226,Gyroscope,0.04276056599999999,0.2565634,-0.14110987,1566948022503
39719,226,Accelerometer,0.46686932,4.201824,8.872911,1566948022503
39720,226,Gyroscope,-0.018936822,0.26511553,-0.20219639,1566948022512
39721,226,Accelerometer,0.4321534000000001,4.146757,9.387665,1566948022513
39722,226,Gyroscope,0.030543262,0.22907446,-0.22602014,1566948022522
39723,226,Accelerometer,0.4369418,4.064157499999999,9.690532000000001,1566948022523
39724,226,Gyroscope,0.13133603,0.14538592,-0.22479841,1566948022532
39725,226,Accelerometer,0.49081135,4.074930999999999,9.710882000000002,1566948022533
39726,226,Gyroscope,0.23090707,0.036651913,-0.21563543,1566948022542
39727,226,Accelerometer,0.47524905,4.158728,9.637858999999999,1566948022543
39728,226,Gyroscope,0.32925636,-0.06169739,-0.20708331,1566948022553
39729,226,Accelerometer,0.4249708,4.27365,9.412804,1566948022553
39730,226,Gyroscope,0.40011674,-0.11178834,-0.17348573,1566948022562
39731,226,Accelerometer,0.44651863,4.249708,9.027337,1566948022563
39732,226,Gyroscope,0.4092797,-0.119729586,-0.13561209,1566948022572
39733,226,Accelerometer,0.50517654,4.279635400000001,8.674192,1566948022573
39734,226,Gyroscope,0.37507126,-0.1142318,-0.1020145,1566948022582
39735,226,Accelerometer,0.45489833,4.3861775000000005,8.432379,1566948022583
39736,226,Gyroscope,0.3145956,-0.10751228,-0.06780604,1566948022592
39737,226,Accelerometer,0.38426940000000004,4.489128,8.204929,1566948022593
39738,226,Gyroscope,0.22602014,-0.08246681,-0.03359759,1566948022602
39739,226,Accelerometer,0.41299978,4.578911,8.036138000000001,1566948022603
39740,226,Gyroscope,0.13500121,-0.05497787,-0.0018325957999999999,1566948022612
39741,226,Accelerometer,0.51235914,4.582502,8.005013,1566948022613
39742,226,Gyroscope,0.04642576,-0.013439035,0.014049901000000002,1566948022622
39743,226,Accelerometer,0.49559975,4.584896,8.057686,1566948022623
39744,226,Gyroscope,-0.03604105,0.01038471,0.03848451,1566948022632
39745,226,Accelerometer,0.3866636,4.610035400000001,8.070853999999999,1566948022633
39746,226,Gyroscope,-0.10567969,-0.0018325957999999999,0.076358154,1566948022642
39747,226,Accelerometer,0.35673606,4.655525,8.137891999999999,1566948022643
39748,226,Gyroscope,-0.17470746,-0.0018325957999999999,0.11362094,1566948022652
39749,226,Accelerometer,0.42975920000000006,4.581305,8.194156,1566948022653
39750,226,Gyroscope,-0.22907446,-0.008552114,0.13194689,1566948022662
39751,226,Accelerometer,0.47524905,4.4903255,8.456321,1566948022663
39752,226,Gyroscope,-0.23335053,-0.040317107000000005,0.124005646,1566948022672
39753,226,Accelerometer,0.5650316,4.5178585,8.828619,1566948022673
39754,226,Gyroscope,-0.18509217,-0.069027774,0.1020145,1566948022682
39755,226,Accelerometer,0.60453594,4.5537715,9.063251,1566948022683
39756,226,Gyroscope,-0.12034045,-0.0720821,0.07696902,1566948022692
39757,226,Accelerometer,0.60453594,4.5274353,9.112331,1566948022693
39758,226,Gyroscope,-0.06047566,-0.035430185,0.070249505,1566948022702
39759,226,Accelerometer,0.60812724,4.4280763,9.113529,1566948022703
39760,226,Gyroscope,-0.030543262,0.062308256,0.059253927000000005,1566948022712
39761,226,Accelerometer,0.6739678000000001,4.423287999999999,9.032125,1566948022713
39762,226,Gyroscope,-0.04886922,0.105068825,0.052534412999999995,1566948022722
39763,226,Accelerometer,0.59855044,4.4184995,8.889671,1566948022723
39764,226,Gyroscope,-0.04886922,0.1282817,0.06658431,1566948022732
39765,226,Accelerometer,0.5374983,4.308366,8.866926,1566948022733
39766,226,Gyroscope,0.13988814,0.10018189999999999,0.054367005999999996,1566948022742
39767,226,Accelerometer,0.7038953,4.355053,9.355343,1566948022743
39768,226,Gyroscope,0.23762658,0.04276056599999999,0.027488936000000002,1566948022752
39769,226,Accelerometer,0.6895300999999999,4.343082,9.343372,1566948022754
39770,226,Gyroscope,0.28283059999999993,-0.007941248,0.021380282999999996,1566948022762
39771,226,Accelerometer,0.5734113000000001,4.3047748,9.120711,1566948022762
39772,226,Gyroscope,0.23945917,-0.044593163,0.03726278,1566948022772
39773,226,Accelerometer,0.50038815,4.367024,8.801085,1566948022773
39774,226,Gyroscope,0.16249016,-0.047647487,0.03176499,1566948022782
39775,226,Accelerometer,0.61770403,4.606444000000001,8.689755,1566948022783
39776,226,Gyroscope,0.037873644,0.051923547,0.02565634,1566948022792
39777,226,Accelerometer,0.5566519,4.720168599999999,8.549694,1566948022793
39778,226,Gyroscope,-0.11301007,0.18020524,0.015882496,1566948022802
39779,226,Accelerometer,0.5422866999999999,4.691438,8.3390045,1566948022803
39780,226,Gyroscope,-0.25534168,0.31948254,-0.021991148999999998,1566948022812
39781,226,Accelerometer,0.770933,4.7261543,8.331821000000001,1566948022813
39782,226,Gyroscope,-0.344528,0.4709771,-0.069027774,1566948022822
39783,226,Accelerometer,0.92655605,4.674679,8.451532,1566948022823
39784,226,Gyroscope,-0.36102137,0.5503895999999999,-0.11056661,1566948022832
39785,226,Accelerometer,0.90500826,4.4508209999999995,8.487445,1566948022834
39786,226,Gyroscope,-0.35246924,0.5393939999999999,-0.1282817,1566948022842
39787,226,Accelerometer,0.7290344,4.4639893,8.607155,1566948022843
39788,226,Gyroscope,-0.3359759,0.47158796,-0.10934488,1566948022852
39789,226,Accelerometer,0.4333505,4.5034933,8.779537,1566948022853
39790,226,Gyroscope,-0.3036,0.36651915,-0.07147124,1566948022862
39791,226,Accelerometer,0.25617957,4.4819455,9.040505,1566948022863
39792,226,Gyroscope,-0.25167647,0.23823744,-0.036651913,1566948022872
39793,226,Accelerometer,0.19393034,4.44723,9.306262,1566948022873
39794,226,Gyroscope,-0.16798794,0.12095132,-0.036651913,1566948022882
39795,226,Accelerometer,0.093373865,4.429273,9.759963,1566948022883
39796,226,Gyroscope,-0.07391469,0.04886922,0.02687807,1566948022892
39797,226,Accelerometer,0.08738836,4.4603977,9.940725,1566948022893
39798,226,Gyroscope,0.02565634,0.023823743999999997,0.04642576,1566948022902
39799,226,Accelerometer,0.24660277,4.2293572,9.872491,1566948022903
39800,226,Gyroscope,0.16371189,0.021991148999999998,0.058643065,1566948022912
39801,226,Accelerometer,0.42018240000000007,4.1240125,9.838972,1566948022913
39802,226,Gyroscope,0.35246924,0.02321288,0.055588737,1566948022922
39803,226,Accelerometer,0.58657944,4.237737,9.643844999999999,1566948022923
39804,226,Gyroscope,0.61636305,-0.002443461,0.004276057,1566948022932
39805,226,Accelerometer,0.39983168,4.308366,8.924387,1566948022933
39806,226,Gyroscope,0.67073005,-0.07391469,-0.022602014,1566948022942
39807,226,Accelerometer,0.19153613,4.4580035,8.125919999999999,1566948022943
39808,226,Gyroscope,0.52778757,-0.10934488,0.007941248,1566948022952
39809,226,Accelerometer,0.22146365,4.698621,7.5788455,1566948022953
39810,226,Gyroscope,0.31642818,-0.10812314599999999,0.031154128,1566948022963
39811,226,Accelerometer,0.39863458,4.8518495999999995,7.267599000000001,1566948022963
39812,226,Gyroscope,0.06597344599999999,-0.05375614,0.036651913,1566948022972
39813,226,Accelerometer,0.48362875,4.8638205999999995,7.132327,1566948022973
39814,226,Gyroscope,-0.19547687,0.055588737,0.018325957,1566948022982
39815,226,Accelerometer,0.5446809,4.7656584,7.398083,1566948022983
39816,226,Gyroscope,-0.376293,0.18020524,-0.02443461,1566948022992
39817,226,Accelerometer,0.6775591,4.630386,7.7931266,1566948022993
39818,226,Gyroscope,-0.45875978,0.29077184,-0.07574729,1566948023002
39819,226,Accelerometer,0.7422025,4.4161053,7.9367785,1566948023003
39820,226,Gyroscope,-0.48136179999999995,0.29993483,-0.11911872,1566948023012
39821,226,Accelerometer,0.61890113,4.343082,7.9702972999999995,1566948023013
39822,226,Gyroscope,-0.48014009999999996,0.21746802,-0.124005646,1566948023022
39823,226,Accelerometer,0.22744916,4.3119574,8.276755,1566948023023
39824,226,Gyroscope,-0.46181414,0.07452556,-0.070249505,1566948023032
39825,226,Accelerometer,-0.11492168,4.292804,8.804677,1566948023033
39826,226,Gyroscope,-0.40011674,-0.064751714,0.017104227,1566948023042
39827,226,Accelerometer,-0.049081136,4.289212,9.381680000000001,1566948023043
39828,226,Gyroscope,-0.29260445,-0.14660765,0.08368854,1566948023052
39829,226,Accelerometer,0.2908955,4.2413282,9.677363,1566948023053
39830,226,Gyroscope,-0.15271631,-0.19058995,0.089186326,1566948023062
39831,226,Accelerometer,0.5482722,4.132391999999999,9.807847,1566948023063
39832,226,Gyroscope,-0.02565634,-0.1966986,0.06169739,1566948023072
39833,226,Accelerometer,0.62967503,4.1132383,9.695319999999999,1566948023073
39834,226,Gyroscope,0.06719518,-0.17592919,0.04520403,1566948023082
39835,226,Accelerometer,0.5386954,4.200627,9.5385,1566948023083
39836,226,Gyroscope,0.16432275,-0.16982053,0.034208454,1566948023092
39837,226,Accelerometer,0.59615624,4.3287168,9.382876,1566948023093
39838,226,Gyroscope,0.25717425,-0.15821409,0.010995574,1566948023102
39839,226,Accelerometer,0.6871359,4.2161894,9.476251,1566948023103
39840,226,Gyroscope,0.49846604,-0.14294247,-0.022602014,1566948023112
39841,226,Accelerometer,0.89303726,4.4101195,9.038112,1566948023113
39842,226,Gyroscope,0.56077427,-0.14599679999999998,-0.059864793,1566948023122
39843,226,Accelerometer,0.6536171,4.4795513,8.595184,1566948023123
39844,226,Gyroscope,0.51251596,-0.16676621,-0.064751714,1566948023132
39845,226,Accelerometer,0.4189853,4.5980644,8.066066000000001,1566948023133
39846,226,Gyroscope,0.35002577,-0.15210545,-0.029932396,1566948023142
39847,226,Accelerometer,0.39145198,4.80636,7.765592999999999,1566948023143
39848,226,Gyroscope,0.12034045,-0.11545353400000001,-0.009162978,1566948023152
39849,226,Accelerometer,0.48003745,4.892551,7.6219410000000005,1566948023153
39850,226,Gyroscope,-0.14660765,-0.029932396,-0.0067195175,1566948023162
39851,226,Accelerometer,0.688333,4.8374844,7.5668745,1566948023163
39852,226,Gyroscope,-0.39706242,0.14721853,-0.06047566,1566948023172
39853,226,Accelerometer,0.8738836,4.7141833,7.767987299999999,1566948023173
39854,226,Gyroscope,-0.6426301999999999,0.30115658,-0.10140363,1566948023182
39855,226,Accelerometer,0.8702923,4.554969,8.018182000000001,1566948023183
39856,226,Gyroscope,-0.68294734,0.42760566,-0.1282817,1566948023192
39857,226,Accelerometer,0.7314286,4.290409599999999,8.366538,1566948023193
39858,226,Gyroscope,-0.64873886,0.4538729,-0.13744467,1566948023202
39859,226,Accelerometer,0.61770403,4.321534,8.602366,1566948023203
39860,226,Gyroscope,-0.6047566,0.36346483,-0.10873401,1566948023212
39861,226,Accelerometer,0.38307226,4.4580035,8.775947,1566948023213
39862,226,Gyroscope,-0.5357288,0.18142697,-0.058643065,1566948023222
39863,226,Accelerometer,0.05626374,4.343082,9.099164,1566948023223
39864,226,Gyroscope,-0.41905355,-0.005497787,0.00061086525,1566948023232
39865,226,Accelerometer,-0.019153614,4.19943,9.528922999999999,1566948023233
39866,226,Gyroscope,-0.27305678,-0.17898351,0.028099801,1566948023243
39867,226,Accelerometer,0.05746084,4.2556934,9.716867,1566948023243
39868,226,Gyroscope,-0.11911872,-0.29138273,0.030543262,1566948023252
39869,226,Accelerometer,0.1448492,4.314351599999999,9.931149000000001,1566948023253
39870,226,Gyroscope,0.0067195175,-0.3115413,0.03604105,1566948023262
39871,226,Accelerometer,0.20949265,4.2425256,9.799467,1566948023263
39872,226,Gyroscope,0.09101892,-0.25167647,0.04642576,1566948023272
39873,226,Accelerometer,0.30286652,4.1934443,9.7324295,1566948023273
39874,226,Gyroscope,0.13133603,-0.17837265,0.04886922,1566948023282
39875,226,Accelerometer,0.4357447,4.2078094,9.495403999999999,1566948023283
39876,226,Gyroscope,0.1282817,-0.13316862,0.034208454,1566948023292
39877,226,Accelerometer,0.5530606,4.35625,9.112331,1566948023293
39878,226,Gyroscope,0.095294975,-0.09162979,0.008552114,1566948023302
39879,226,Accelerometer,0.60573304,4.474762999999999,8.887277000000001,1566948023303
39880,226,Gyroscope,0.037873644,-0.022602014,-0.02321288,1566948023312
39881,226,Accelerometer,0.6464345,4.4819455,8.74961,1566948023313
39882,226,Gyroscope,-0.029321532999999997,0.062308256,-0.047036625,1566948023322
39883,226,Accelerometer,0.7206547,4.4603977,8.589199,1566948023323
39884,226,Gyroscope,-0.08857546,0.10934488,-0.05681047,1566948023332
39885,226,Accelerometer,0.7086836999999999,4.4125137,8.407239,1566948023333
39886,226,Gyroscope,-0.12644911,0.112399206,-0.062308256,1566948023342
39887,226,Accelerometer,0.6691794,4.3861775000000005,8.449138,1566948023343
39888,226,Gyroscope,-0.1423316,0.09896017,-0.062308256,1566948023352
39889,226,Accelerometer,0.4357447,4.322731,8.696938000000001,1566948023353
39890,226,Gyroscope,-0.13561209,0.06414085,-0.05131268,1566948023362
39891,226,Accelerometer,0.3196259,4.292804,8.682572,1566948023363
39892,226,Gyroscope,-0.12583824,0.022602014,-0.031154128,1566948023372
39893,226,Accelerometer,0.32441434,4.249708,8.738836000000001,1566948023373
39894,226,Gyroscope,-0.11362094,-0.009773844,-0.0061086523,1566948023382
39895,226,Accelerometer,0.4213795,4.213794999999999,8.781932000000001,1566948023383
39896,226,Gyroscope,-0.11545353400000001,-0.032986722999999996,0.017715093,1566948023392
39897,226,Accelerometer,0.46806642,4.1838675,8.744822000000001,1566948023393
39898,226,Gyroscope,-0.1142318,-0.09101892,0.03481932,1566948023402
39899,226,Accelerometer,0.44771573,4.1814733,8.677783999999999,1566948023403
39900,226,Gyroscope,-0.1282817,-0.12583824,0.03970624,1566948023412
39901,226,Accelerometer,0.45729253,4.203021,8.737639,1566948023413
39902,226,Gyroscope,-0.13561209,-0.11484267,0.056199603,1566948023422
39903,226,Accelerometer,0.51834464,4.203021,8.821436,1566948023423
39904,226,Gyroscope,-0.13805555,-0.08368854,0.07391469,1566948023432
39905,226,Accelerometer,0.6811504,4.2185836,8.787917,1566948023433
39906,226,Gyroscope,-0.14538592,-0.059864793,0.07452556,1566948023442
39907,226,Accelerometer,0.7769185000000001,4.2341456,8.731653,1566948023443
39908,226,Gyroscope,-0.17409660000000002,-0.05131268,0.07147124,1566948023452
39909,226,Accelerometer,0.7302314999999999,4.201824,8.695741,1566948023453
39910,226,Gyroscope,-0.21502456,-0.0036651915999999997,0.081855945,1566948023462
39911,226,Accelerometer,0.7350199000000001,4.1359835,8.627506,1566948023463
39912,226,Gyroscope,-0.23090707,0.036651913,0.096516706,1566948023472
39913,226,Accelerometer,0.79128367,4.1180267,8.653842,1566948023473
39914,226,Gyroscope,-0.15760323,0.06963864,0.089186326,1566948023482
39915,226,Accelerometer,0.8738836,4.213794999999999,8.954314,1566948023483
39916,226,Gyroscope,-0.081855945,0.06352998,0.040317107000000005,1566948023492
39917,226,Accelerometer,0.6739678000000001,4.1575313,8.965088,1566948023493
39918,226,Gyroscope,-0.057421334000000004,0.043982297000000004,0.014660766,1566948023502
39919,226,Accelerometer,0.5506664000000001,4.1120415,8.805874000000001,1566948023503
39920,226,Gyroscope,-0.09101892,0.028710667000000002,0.013439035,1566948023512
39921,226,Accelerometer,0.48243165,4.0916904999999995,8.544906,1566948023513
39922,226,Gyroscope,-0.15149458,-0.013439035,0.02443461,1566948023522
39923,226,Accelerometer,0.48961425,4.1096473,8.480263,1566948023523
39924,226,Gyroscope,-0.27488935,-0.04520403,0.03726278,1566948023532
39925,226,Accelerometer,0.51954174,4.132391999999999,8.62152,1566948023533
39926,226,Gyroscope,-0.4269948,-0.03359759,0.03726278,1566948023542
39927,226,Accelerometer,0.6679823,4.1683053999999995,8.971074,1566948023543
39928,226,Gyroscope,-0.5381723,0.061086524,-0.014049901000000002,1566948023552
39929,226,Accelerometer,0.9876082,4.185065,9.329007,1566948023553
39930,226,Gyroscope,-0.56505036,0.22968534,-0.10995574,1566948023562
39931,226,Accelerometer,1.174356,4.1000705,9.3182335,1566948023563
39932,226,Gyroscope,-0.55833083,0.39828414,-0.19853121,1566948023573
39933,226,Accelerometer,1.0833763,4.0665517,8.998607000000002,1566948023573
39934,226,Gyroscope,-0.5723807,0.49907690000000005,-0.25350907,1566948023582
39935,226,Accelerometer,0.8499416,4.021062000000001,8.754398,1566948023583
39936,226,Gyroscope,-0.59864795,0.52106804,-0.27977628,1566948023592
39937,226,Accelerometer,0.61411273,3.9348705,8.773552,1566948023593
39938,226,Gyroscope,-0.60048056,0.44287730000000003,-0.27550024,1566948023602
39939,226,Accelerometer,0.36750996,3.8905778,8.905233,1566948023603
39940,226,Gyroscope,-0.5717699,0.25228736,-0.25473082,1566948023612
39941,226,Accelerometer,0.05746084,3.8738184,9.222465,1566948023613
39942,226,Gyroscope,-0.5009095,-0.02443461,-0.21135938,1566948023622
39943,226,Accelerometer,-0.108936176,3.8163576,9.572019000000001,1566948023623
39944,226,Gyroscope,-0.40500367,-0.44776422,-0.12034045,1566948023632
39945,226,Accelerometer,-0.10414778,3.7469256,9.928755,1566948023633
39946,226,Gyroscope,-0.2302962,-0.64934975,-0.07391469,1566948023643
39947,226,Accelerometer,0.051475335,3.6798879999999996,10.250774,1566948023643
39948,226,Gyroscope,-0.11911872,-0.7281514,-0.04886922,1566948023652
39949,226,Accelerometer,0.25258827,3.6475663000000003,10.521319,1566948023653
39950,226,Gyroscope,-0.02076942,-0.68600166,-0.040317107000000005,1566948023662
39951,226,Accelerometer,0.5482722,3.643975,10.461464,1566948023663
39952,226,Gyroscope,0.0580322,-0.56077427,-0.036651913,1566948023672
39953,226,Accelerometer,0.89423436,3.6643257000000005,10.1861315,1566948023673
39954,226,Gyroscope,0.09773844,-0.41416663,-0.03970624,1566948023682
39955,226,Accelerometer,1.0953473,3.5972881,9.738416,1566948023683
39956,226,Gyroscope,0.119729586,-0.29626966,-0.04642576,1566948023692
39957,226,Accelerometer,1.2509704,3.6020765,9.398438,1566948023693
39958,226,Gyroscope,0.10323623,-0.16676621,-0.04520403,1566948023702
39959,226,Accelerometer,1.3215994,3.6882677000000004,9.097966,1566948023703
39960,226,Gyroscope,0.037873644,-0.09101892,-0.029321532999999997,1566948023712
39961,226,Accelerometer,1.2282255,3.7457285000000002,8.670602,1566948023713
39962,226,Gyroscope,-0.06169739,-0.055588737,-0.0030543262,1566948023722
39963,226,Accelerometer,0.93014735,3.7792472999999998,8.504205,1566948023723
39964,226,Gyroscope,-0.16187929,-0.02321288,0.034208454,1566948023732
39965,226,Accelerometer,0.7757214,3.819949,8.5700445,1566948023733
39966,226,Gyroscope,-0.23945917,-0.03726278,0.06352998,1566948023742
39967,226,Accelerometer,0.7242460000000001,3.8510735,8.634688,1566948023743
39968,226,Gyroscope,-0.2864958,-0.05375614,0.08063421400000001,1566948023752
39969,226,Accelerometer,0.63087213,3.8127663,8.847773,1566948023753
39970,226,Gyroscope,-0.29565877,-0.04886922,0.09590584,1566948023762
39971,226,Accelerometer,0.59376204,3.762488,9.121908,1566948023763
39972,226,Gyroscope,-0.2742785,-0.036651913,0.105068825,1566948023772
39973,226,Accelerometer,0.676362,3.6870705999999998,9.24521,1566948023774
39974,226,Gyroscope,-0.23945917,-0.040317107000000005,0.0983493,1566948023782
39975,226,Accelerometer,0.8451531999999999,3.6128504,9.267955,1566948023783
39976,226,Gyroscope,-0.19486602,-0.03481932,0.08246681,1566948023792
39977,226,Accelerometer,0.9947908000000001,3.5182792999999997,9.259575,1566948023793
39978,226,Gyroscope,-0.15821409,-0.032375857,0.06291912,1566948023802
39979,226,Accelerometer,1.0761937,3.4356794,9.102755,1566948023803
39980,226,Gyroscope,-0.14355333,-0.029321532999999997,0.039095376,1566948023812
39981,226,Accelerometer,1.0737995,3.4596214,9.045294,1566948023813
39982,226,Gyroscope,-0.13194689,-0.014049901000000002,0.014660766,1566948023822
39983,226,Accelerometer,0.91458505,3.5362358,9.083601,1566948023823
39984,226,Gyroscope,-0.124005646,-0.015271631,-0.01038471,1566948023832
39985,226,Accelerometer,0.81642276,3.5733461,9.106346,1566948023832
39986,226,Gyroscope,-0.1160644,-0.040317107000000005,-0.032375857,1566948023842
39987,226,Accelerometer,0.7769185000000001,3.6128504,9.169792,1566948023843
39988,226,Gyroscope,-0.1020145,-0.03970624,-0.05375614,1566948023852
39989,226,Accelerometer,0.80445176,3.6104562000000007,9.168595,1566948023853
39990,226,Gyroscope,-0.10629055,-0.00061086525,-0.053145275,1566948023862
39991,226,Accelerometer,0.82480246,3.5853171,9.102755,1566948023863
39992,226,Gyroscope,-0.11789699,0.06291912,-0.04520403,1566948023872
39993,226,Accelerometer,0.8714894,3.5841199999999995,9.069236,1566948023874
39994,226,Gyroscope,-0.12095132,0.10262536,-0.04642576,1566948023882
39995,226,Accelerometer,0.91937345,3.5458126000000005,9.011775,1566948023883
39996,226,Gyroscope,-0.12583824,0.08857546,-0.06291912,1566948023892
39997,226,Accelerometer,0.8882488000000002,3.4835634,9.018958,1566948023893
39998,226,Gyroscope,-0.124005646,0.049480084,-0.07269296,1566948023902
39999,226,Accelerometer,0.9564835999999999,3.5015199999999997,9.075222,1566948023903
40000,226,Gyroscope,-0.13255776,0.0067195175,-0.07269296,1566948023912
40001,226,Accelerometer,0.94930094,3.527856,9.059659,1566948023913
40002,226,Gyroscope,-0.15577064,-0.031154128,-0.059253927000000005,1566948023922
40003,226,Accelerometer,0.82360536,3.5841199999999995,9.185355,1566948023923
40004,226,Gyroscope,-0.16004670000000001,-0.040927973,-0.02321288,1566948023932
40005,226,Accelerometer,0.82360536,3.6140475,9.306262,1566948023933
40006,226,Gyroscope,-0.15149458,-0.014049901000000002,0.008552114,1566948023942
40007,226,Accelerometer,0.90381116,3.5589809999999997,9.411607,1566948023943
40008,226,Gyroscope,-0.03176499,0.15210545,0.021991148999999998,1566948023952
40009,226,Accelerometer,1.1372458,3.6104562000000007,10.21965,1566948023953
40010,226,Gyroscope,0.18509217,0.29565877,-0.018936822,1566948023962
40011,226,Accelerometer,1.1504139,3.702633,9.712079,1566948023963
40012,226,Gyroscope,0.2883284,0.2773328,-0.069027774,1566948023973
40013,226,Accelerometer,0.8870517,3.4967315,9.190144,1566948023973
40014,226,Gyroscope,0.2883284,0.14905111,-0.081855945,1566948023982
40015,226,Accelerometer,0.6392518,3.394978,9.121908,1566948023983
40016,226,Gyroscope,0.24251351,-0.03176499,-0.08063421400000001,1566948023992
40017,226,Accelerometer,0.6979098000000001,3.489549,9.270349000000001,1566948023993
40018,226,Gyroscope,0.18203785,-0.16249016,-0.09407325,1566948024002
40019,226,Accelerometer,0.89064306,3.5122937999999992,9.299078999999999,1566948024003
40020,226,Gyroscope,0.103847094,-0.21502456,-0.10751228,1566948024012
40021,226,Accelerometer,0.93254155,3.4644098,9.299078999999999,1566948024013
40022,226,Gyroscope,0.031154128,-0.17348573,-0.08979719,1566948024022
40023,226,Accelerometer,0.89662856,3.5529952000000007,9.175778,1566948024023
40024,226,Gyroscope,-0.007330383,-0.06841691,-0.04337143,1566948024032
40025,226,Accelerometer,0.90261406,3.6774937999999993,8.968679,1566948024033
40026,226,Gyroscope,-0.03604105,0.034208454,0.004276057,1566948024042
40027,226,Accelerometer,0.93613285,3.7469256,8.781932000000001,1566948024043
40028,226,Gyroscope,-0.039095376,0.10262536,0.053145275,1566948024052
40029,226,Accelerometer,0.9995792,3.690662,8.765172,1566948024053
40030,226,Gyroscope,-0.02443461,0.16432275,0.07269296,1566948024062
40031,226,Accelerometer,1.0223241,3.594894,8.756793,1566948024063
40032,226,Gyroscope,-0.02076942,0.16371189,0.07696902,1566948024072
40033,226,Accelerometer,0.9636662,3.5996822999999996,8.686164,1566948024073
40034,226,Gyroscope,-0.028710667000000002,0.11178834,0.08552113,1566948024082
40035,226,Accelerometer,0.82719666,3.6475663000000003,8.730456,1566948024083
40036,226,Gyroscope,-0.0580322,0.004276057,0.118507855,1566948024093
40037,226,Accelerometer,0.7613561,3.7277720000000003,8.816647999999999,1566948024093
40038,226,Gyroscope,-0.13316862,-0.050701816,0.14049901,1566948024102
40039,226,Accelerometer,0.7553706,3.7780502,8.9124155,1566948024103
40040,226,Gyroscope,-0.19853121,-0.06841691,0.15210545,1566948024112
40041,226,Accelerometer,0.79966336,3.7660792,8.920795,1566948024114
40042,226,Gyroscope,-0.25167647,-0.052534412999999995,0.15332718,1566948024122
40043,226,Accelerometer,0.89902276,3.7229836000000005,8.967483,1566948024123
40044,226,Gyroscope,-0.29260445,-0.016493361,0.13683382,1566948024132
40045,226,Accelerometer,0.9792285,3.7361517,9.063251,1566948024133
40046,226,Gyroscope,-0.32436943,0.029321532999999997,0.111177474,1566948024142
40047,226,Accelerometer,1.0726023999999998,3.7696705,9.14226,1566948024143
40048,226,Gyroscope,-0.34391713,0.05375614,0.07513642,1566948024152
40049,226,Accelerometer,1.0857705,3.7636849999999997,9.163807,1566948024153
40050,226,Gyroscope,-0.3475823,0.06169739,0.028099801,1566948024162
40051,226,Accelerometer,1.1192893,3.726575,9.175778,1566948024163
40052,226,Gyroscope,-0.34391713,0.059864793,-0.019547688,1566948024172
40053,226,Accelerometer,1.1252748,3.6715082999999997,9.31105,1566948024173
40054,226,Gyroscope,-0.33353242,0.084910266,-0.055588737,1566948024183
40055,226,Accelerometer,1.0474633,3.5960910000000004,9.370906,1566948024183
40056,226,Gyroscope,-0.33169982,0.0842994,-0.07452556,1566948024192
40057,226,Accelerometer,0.94570965,3.5314474000000002,9.242816,1566948024193
40058,226,Gyroscope,-0.34819320000000004,0.049480084,-0.084910266,1566948024202
40059,226,Accelerometer,0.88944596,3.4644098,9.19134,1566948024203
40060,226,Gyroscope,-0.36041048,0.017104227,-0.09590584,1566948024213
40061,226,Accelerometer,0.8523358,3.3901896000000002,9.3421755,1566948024213
40062,226,Gyroscope,-0.36346483,0.009162978,-0.10629055,1566948024222
40063,226,Accelerometer,0.842759,3.2812532999999995,9.467871,1566948024223
40064,226,Gyroscope,-0.35796702,0.028099801,-0.10812314599999999,1566948024232
40065,226,Accelerometer,0.90620536,3.2022447999999994,9.466674000000001,1566948024233
40066,226,Gyroscope,-0.3475823,0.07147124,-0.092240654,1566948024242
40067,226,Accelerometer,0.92296475,3.1735144,9.427169000000001,1566948024243
40068,226,Gyroscope,-0.3378085,0.14477506,-0.06536258,1566948024252
40069,226,Accelerometer,0.93732995,3.1914709,9.478644000000001,1566948024252
40070,226,Gyroscope,-0.30909783,0.22968534,-0.052534412999999995,1566948024262
40071,226,Accelerometer,0.9624690999999999,3.168726,9.581595,1566948024263
40072,226,Gyroscope,-0.26267207,0.2864958,-0.04276056599999999,1566948024272
40073,226,Accelerometer,0.9660603999999999,3.1004913,9.645041,1566948024273
40074,226,Gyroscope,-0.18509217,0.30726522,-0.034208454,1566948024282
40075,226,Accelerometer,1.0510546,3.0609868,9.563639,1566948024283
40076,226,Gyroscope,-0.10445796,0.27672195,-0.028710667000000002,1566948024292
40077,226,Accelerometer,1.0510546,3.1423897999999997,9.475052999999999,1566948024293
40078,226,Gyroscope,-0.048258353,0.24740042,-0.031154128,1566948024302
40079,226,Accelerometer,0.830788,3.1519666,9.380483,1566948024303
40080,226,Gyroscope,-0.015271631,0.22602014,-0.02565634,1566948024312
40081,226,Accelerometer,0.6799533,3.1639376,9.431957,1566948024313
40082,226,Gyroscope,0.026267206,0.24007004,-0.015271631,1566948024322
40083,226,Accelerometer,0.7302314999999999,3.204639,9.431957,1566948024323
40084,226,Gyroscope,0.058643065,0.26633725,-0.018325957,1566948024332
40085,226,Accelerometer,0.81642276,3.1986535,9.352949,1566948024333
40086,226,Gyroscope,0.0842994,0.27183503,-0.021991148999999998,1566948024343
40087,226,Accelerometer,0.82480246,3.1711202000000003,9.333796000000001,1566948024343
40088,226,Gyroscope,0.09896017,0.28405234,-0.01282817,1566948024352
40089,226,Accelerometer,0.81881696,3.1794999,9.314642,1566948024353
40090,226,Gyroscope,0.084910266,0.29260445,-0.0061086523,1566948024362
40091,226,Accelerometer,0.78649527,3.2022447999999994,9.148245,1566948024363
40092,226,Gyroscope,0.03359759,0.31520647,0.007330383,1566948024372
40093,226,Accelerometer,0.6751649000000001,3.228581,9.010578,1566948024373
40094,226,Gyroscope,-0.017104227,0.35735616,0.029932396,1566948024382
40095,226,Accelerometer,0.63087213,3.288436,8.996213000000001,1566948024384
40096,226,Gyroscope,-0.04886922,0.38851030000000003,0.044593163,1566948024392
40097,226,Accelerometer,0.6787562,3.2728736,8.953117,1566948024393
40098,226,Gyroscope,-0.06658431,0.35185838,0.05375614,1566948024402
40099,226,Accelerometer,0.6548142,3.1806970000000003,9.015367,1566948024403
40100,226,Gyroscope,-0.073303826,0.2761111,0.07086037,1566948024412
40101,226,Accelerometer,0.61291564,3.2321722999999998,9.253589999999999,1566948024413
40102,226,Gyroscope,-0.06291912,0.20647246,0.07391469,1566948024422
40103,226,Accelerometer,0.60453594,3.406949,9.482236,1566948024423
40104,226,Gyroscope,-0.035430185,0.13988814,0.051923547,1566948024432
40105,226,Accelerometer,0.4381389,3.4141315999999997,9.755175,1566948024433
40106,226,Gyroscope,0.009773844,0.11362094,0.030543262,1566948024442
40107,226,Accelerometer,0.34835634,3.3506854,9.991004,1566948024443
40108,226,Gyroscope,0.08368854,0.09773844,0.027488936000000002,1566948024454
40109,226,Accelerometer,0.48482585,3.3770216,10.011353999999999,1566948024454
40110,226,Gyroscope,0.15088372,0.08979719,0.007330383,1566948024462
40111,226,Accelerometer,0.7254431,3.3997664,9.898827,1566948024463
40112,226,Gyroscope,0.1826487,0.10323623,-0.0421497,1566948024472
40113,226,Accelerometer,0.8283938,3.3219550000000004,9.645041,1566948024473
40114,226,Gyroscope,0.16126843,0.13988814,-0.08368854,1566948024482
40115,226,Accelerometer,0.6715736,3.3171665999999997,9.363723,1566948024483
40116,226,Gyroscope,0.112399206,0.16187929,-0.10445796,1566948024492
40117,226,Accelerometer,0.5638345,3.345897,9.081207000000001,1566948024493
40118,226,Gyroscope,0.053145275,0.17959438,-0.10629055,1566948024502
40119,226,Accelerometer,0.48243165,3.3339260000000004,8.921992,1566948024503
40120,226,Gyroscope,0.007330383,0.20463985,-0.09896017,1566948024512
40121,226,Accelerometer,0.415394,3.2944214,8.911219000000001,1566948024513
40122,226,Gyroscope,-0.02321288,0.25167647,-0.077579886,1566948024522
40123,226,Accelerometer,0.35314476,3.3063924,8.981848,1566948024523
40124,226,Gyroscope,-0.052534412999999995,0.3268129,-0.029321532999999997,1566948024532
40125,226,Accelerometer,0.36511576,3.3518825,9.070433,1566948024533
40126,226,Gyroscope,-0.06352998,0.34269542,-0.019547688,1566948024543
40127,226,Accelerometer,0.40222588,3.3734303,9.114726,1566948024543
40128,226,Gyroscope,-0.07452556,0.34147367,-0.020158553,1566948024552
40129,226,Accelerometer,0.320823,3.3399115,9.241617999999999,1566948024553
40130,226,Gyroscope,-0.06658431,0.31948254,-0.021380282999999996,1566948024562
40131,226,Accelerometer,0.24301147,3.2441432,9.320627,1566948024563
40132,226,Gyroscope,-0.036651913,0.29016098,-0.014049901000000002,1566948024572
40133,226,Accelerometer,0.2645593,3.2154129,9.340978,1566948024573
40134,226,Gyroscope,0.004276057,0.26145032,-0.007941248,1566948024582
40135,226,Accelerometer,0.33399114,3.2381577,9.284714,1566948024583
40136,226,Gyroscope,0.039095376,0.23640485,-0.0018325957999999999,1566948024592
40137,226,Accelerometer,0.32800564,3.2501287,9.240421000000001,1566948024593
40138,226,Gyroscope,0.06719518,0.20341812,0.008552114,1566948024602
40139,226,Accelerometer,0.24660277,3.2597055,9.16261,1566948024603
40140,226,Gyroscope,0.08674286,0.18692477,0.020158553,1566948024612
40141,226,Accelerometer,0.16160862,3.2872388,9.147048,1566948024613
40142,226,Gyroscope,0.10873401,0.19608775,0.018325957,1566948024622
40143,226,Accelerometer,0.19393034,3.3925837999999997,9.149442,1566948024623
40144,226,Gyroscope,0.12339478,0.18142697,0.01038471,1566948024633
40145,226,Accelerometer,0.15083471,3.4141315999999997,9.166202,1566948024633
40146,226,Gyroscope,0.14966199,0.16432275,0.004276057,1566948024642
40147,226,Accelerometer,0.059855044,3.4201171,9.242816,1566948024643
40148,226,Gyroscope,0.17592919,0.14599679999999998,0.0030543262,1566948024652
40149,226,Accelerometer,0.04189853,3.3782187000000006,9.276335000000001,1566948024653
40150,226,Gyroscope,0.18448131,0.10567969,-0.01282817,1566948024662
40151,226,Accelerometer,0.11851298,3.4021605999999998,9.232041,1566948024663
40152,226,Gyroscope,0.18325958,0.06169739,-0.03176499,1566948024672
40153,226,Accelerometer,0.18555063,3.4177230000000005,9.188946000000001,1566948024673
40154,226,Gyroscope,0.17104226,0.030543262,-0.03970624,1566948024682
40155,226,Accelerometer,0.18435353,3.4177230000000005,9.151836,1566948024683
40156,226,Gyroscope,0.1386664,0.01038471,-0.043982297000000004,1566948024692
40157,226,Accelerometer,0.17836803,3.4644098,9.038112,1566948024693
40158,226,Gyroscope,0.10323623,0.018936822,-0.047036625,1566948024702
40159,226,Accelerometer,0.21188685,3.5182792999999997,9.040505,1566948024703
40160,226,Gyroscope,0.076358154,0.040317107000000005,-0.049480084,1566948024712
40161,226,Accelerometer,0.20231004,3.5326445,9.010578,1566948024713
40162,226,Gyroscope,0.056199603,0.061086524,-0.04520403,1566948024723
40163,226,Accelerometer,0.17597382,3.537433,9.01776,1566948024723
40164,226,Gyroscope,0.019547688,0.06352998,-0.040317107000000005,1566948024732
40165,226,Accelerometer,0.19871874,3.5673605999999998,8.962694,1566948024733
40166,226,Gyroscope,-0.032986722999999996,0.07269296,-0.03481932,1566948024742
40167,226,Accelerometer,0.19393034,3.5745432,9.035717,1566948024743
40168,226,Gyroscope,-0.08857546,0.07880162,-0.026267206,1566948024752
40169,226,Accelerometer,0.20470424,3.5003227999999997,9.111135,1566948024753
40170,226,Gyroscope,-0.12461651,0.10567969,-0.017104227,1566948024763
40171,226,Accelerometer,0.27892449999999996,3.4979286,9.169792,1566948024763
40172,226,Gyroscope,-0.1441642,0.12583824,-0.016493361,1566948024772
40173,226,Accelerometer,0.272939,3.4991257000000004,9.329007,1566948024773
40174,226,Gyroscope,-0.14477506,0.15943582,-0.0061086523,1566948024782
40175,226,Accelerometer,0.28491,3.5422212999999996,9.457097000000001,1566948024783
40176,226,Gyroscope,-0.11362094,0.172264,-0.007941248,1566948024792
40177,226,Accelerometer,0.27174190000000004,3.5458126000000005,9.454702000000001,1566948024792
40178,226,Gyroscope,-0.08368854,0.15210545,-0.017715093,1566948024802
40179,226,Accelerometer,0.15083471,3.4871547,9.466674000000001,1566948024803
40180,226,Gyroscope,-0.040927973,0.11178834,-0.018936822,1566948024812
40181,226,Accelerometer,0.01316811,3.4093432,9.557653,1566948024813
40182,226,Gyroscope,0.01282817,0.0842994,-0.01038471,1566948024822
40183,226,Accelerometer,-0.007182605,3.4189199999999995,9.635465,1566948024823
40184,226,Gyroscope,0.07452556,0.06291912,-0.0036651915999999997,1566948024832
40185,226,Accelerometer,0.06344634,3.4883518,9.616311,1566948024833
40186,226,Gyroscope,0.13500121,0.027488936000000002,-0.004276057,1566948024843
40187,226,Accelerometer,0.092176765,3.4919431000000003,9.557653,1566948024843
40188,226,Gyroscope,0.18936823,-0.01282817,0.0012217305,1566948024852
40189,226,Accelerometer,0.107739076,3.4727894999999998,9.490616000000001,1566948024853
40190,226,Gyroscope,0.226631,-0.04337143,0.012217305,1566948024862
40191,226,Accelerometer,0.16160862,3.4632127,9.531317,1566948024863
40192,226,Gyroscope,0.27000242,-0.0580322,0.02687807,1566948024872
40193,226,Accelerometer,0.21667525,3.4943372999999998,9.55885,1566948024873
40194,226,Gyroscope,0.32009340000000003,-0.07574729,0.03970624,1566948024882
40195,226,Accelerometer,0.24779987,3.549404,9.527725,1566948024883
40196,226,Gyroscope,0.36835176,-0.096516706,0.05009095,1566948024892
40197,226,Accelerometer,0.21068975,3.6367924,9.421184,1566948024893
40198,226,Gyroscope,0.39400807,-0.09590584,0.05681047,1566948024902
40199,226,Accelerometer,0.16998832,3.7134068,9.251195,1566948024903
40200,226,Gyroscope,0.39278635,-0.084910266,0.06352998,1566948024912
40201,226,Accelerometer,0.055066638,3.7576995,9.102755,1566948024913
40202,226,Gyroscope,0.37690386,-0.07086037,0.07574729,1566948024922
40203,226,Accelerometer,0.19393034,3.8606502999999996,9.01776,1566948024923
40204,226,Gyroscope,0.36102137,-0.05497787,0.07086037,1566948024932
40205,226,Accelerometer,0.31244332,3.9097313999999996,9.058461999999999,1566948024934
40206,226,Gyroscope,0.35430184,-0.04153884,0.06047566,1566948024942
40207,226,Accelerometer,0.34955344,3.8929720000000003,9.053674,1566948024943
40208,226,Gyroscope,0.35308012,-0.032375857,0.049480084,1566948024952
40209,226,Accelerometer,0.47165772,4.0066967,9.23683,1566948024953
40210,226,Gyroscope,0.36957347,0.01282817,0.018936822,1566948024962
40211,226,Accelerometer,0.6823475,4.261679,9.61272,1566948024963
40212,226,Gyroscope,0.40500367,0.048258353,-0.029321532999999997,1566948024972
40213,226,Accelerometer,0.79128367,4.0845080000000005,9.027337,1566948024973
40214,226,Gyroscope,0.4569272,-0.010995574,-0.07941248,1566948024982
40215,226,Accelerometer,0.7733272,4.261679,9.888053,1566948024983
40216,226,Gyroscope,0.516792,0.04276056599999999,-0.1282817,1566948024992
40217,226,Accelerometer,0.59495914,4.2940005999999995,9.876082,1566948024993
40218,226,Gyroscope,0.59131753,0.034208454,-0.15760323,1566948025002
40219,226,Accelerometer,0.40701428,4.292804,9.455899,1566948025003
40220,226,Gyroscope,0.6462954000000001,-0.1881465,-0.16065755,1566948025012
40221,226,Accelerometer,0.010773907,3.7612907999999994,8.523358,1566948025013
40222,226,Gyroscope,0.6835581999999999,-0.34697145,-0.11362094,1566948025022
40223,226,Accelerometer,-0.31004912,3.6727053999999995,8.341399000000001,1566948025023
40224,226,Gyroscope,0.6835581999999999,-0.4538729,-0.07391469,1566948025032
40225,226,Accelerometer,-0.36391866,3.9659949999999995,7.9954367,1566948025033
40226,226,Gyroscope,0.66523224,-0.45998153,-0.048258353,1566948025042
40227,226,Accelerometer,-0.29927522,4.177882,8.009802,1566948025043
40228,226,Gyroscope,0.61941737,-0.38606682,-0.03359759,1566948025053
40229,226,Accelerometer,-0.28491,4.326322599999999,8.1079645,1566948025053
40230,226,Gyroscope,0.5729916,-0.29199359999999996,0.02076942,1566948025062
40231,226,Accelerometer,-0.35913026,4.337096,8.307879,1566948025063
40232,226,Gyroscope,0.5027421,-0.21319197,0.06719518,1566948025072
40233,226,Accelerometer,-0.22505496,4.320337,8.250419,1566948025073
40234,226,Gyroscope,0.3921755,-0.12583824,0.10323623,1566948025082
40235,226,Accelerometer,-0.19273324,4.187459,8.110358,1566948025083
40236,226,Gyroscope,0.26633725,-0.007941248,0.13683382,1566948025092
40237,226,Accelerometer,-0.13766660000000003,4.1371803,8.123527000000001,1566948025093
40238,226,Gyroscope,0.13011430000000002,0.09896017,0.15454891,1566948025103
40239,226,Accelerometer,-0.18674773,4.144362999999999,8.021772,1566948025103
40240,226,Gyroscope,-0.016493361,0.08735373,0.1441642,1566948025112
40241,226,Accelerometer,0.15801731,4.248511,7.5572976999999995,1566948025113
40242,226,Gyroscope,-0.14049901,0.04337143,0.15699236,1566948025122
40243,226,Accelerometer,0.055066638,4.2580876,7.698555499999999,1566948025123
40244,226,Gyroscope,-0.2284636,-0.0012217305,0.16615535,1566948025132
40245,226,Accelerometer,0.36152446,4.3059715999999995,7.94037,1566948025133
40246,226,Gyroscope,-0.29749137,0.031154128,0.18997909,1566948025142
40247,226,Accelerometer,0.22266077,4.2437224,8.264783999999999,1566948025143
40248,226,Gyroscope,-0.34941490000000003,0.04886922,0.23396139,1566948025152
40249,226,Accelerometer,0.1604115,4.224569,8.263587,1566948025153
40250,226,Gyroscope,-0.37140608,0.040927973,0.30298916,1566948025162
40251,226,Accelerometer,-0.010773907,4.225766,8.246828,1566948025163
40252,226,Gyroscope,-0.36285394,-0.04886922,0.35185838,1566948025172
40253,226,Accelerometer,0.14963761,4.283227,8.186973,1566948025173
40254,226,Gyroscope,-0.32803464,-0.19975294,0.31887165,1566948025182
40255,226,Accelerometer,0.8750806999999999,4.6124296,8.033744,1566948025183
40256,226,Gyroscope,-0.27366763,-0.3268129,0.26267207,1566948025192
40257,226,Accelerometer,0.90500826,4.8003745,8.264783999999999,1566948025193
40258,226,Gyroscope,-0.21930063,-0.42271876,0.14538592,1566948025202
40259,226,Accelerometer,1.6735470000000001,5.0697220000000005,8.9842415,1566948025203
40260,226,Gyroscope,-0.15088372,-0.50885075,0.013439035,1566948025212
40261,226,Accelerometer,1.4580688,4.940435400000001,9.3661175,1566948025213
40262,226,Gyroscope,-0.07941248,-0.5589417,-0.086132,1566948025222
40263,226,Accelerometer,1.0941502,4.705803400000001,9.465475999999999,1566948025223
40264,226,Gyroscope,-0.0067195175,-0.5742133,-0.12278391400000001,1566948025232
40265,226,Accelerometer,0.7661445,4.52145,9.429563499999999,1566948025233
40266,226,Gyroscope,0.1020145,-0.61208695,-0.09285152,1566948025242
40267,226,Accelerometer,0.7146691999999999,4.423287999999999,9.314642,1566948025243
40268,226,Gyroscope,0.18387043,-0.6621779000000001,-0.059864793,1566948025252
40269,226,Accelerometer,0.80445176,4.434061499999999,9.463082,1566948025253
40270,226,Gyroscope,0.29138273,-0.6646214,-0.03848451,1566948025262
40271,226,Accelerometer,0.8487445,4.4149080000000005,9.405622,1566948025263
40272,226,Gyroscope,0.40378192,-0.72265357,-0.015882496,1566948025272
40273,226,Accelerometer,0.90500826,4.501099,9.160214999999999,1566948025273
40274,226,Gyroscope,0.5112942,-0.79534656,-0.007330383,1566948025282
40275,226,Accelerometer,0.9947908000000001,4.6004586,9.058461999999999,1566948025283
40276,226,Gyroscope,0.602924,-0.870483,-0.015882496,1566948025292
40277,226,Accelerometer,0.8882488000000002,4.6483426,8.862138,1566948025293
40278,226,Gyroscope,0.68783426,-0.9077458,-0.02565634,1566948025302
40279,226,Accelerometer,1.1168951,4.711789,9.326611999999999,1566948025303
40280,226,Gyroscope,0.81122905,-0.9083565999999998,-0.06291912,1566948025312
40281,226,Accelerometer,1.2437878,4.7393220000000005,9.194932000000001,1566948025313
40282,226,Gyroscope,0.9334021,-1.0372492,-0.09590584,1566948025322
40283,226,Accelerometer,0.6452374,4.633977400000001,8.395268,1566948025323
40284,226,Gyroscope,0.98837996,-1.2907583,-0.070249505,1566948025332
40285,226,Accelerometer,0.20231004,4.164714,7.372944400000001,1566948025333
40286,226,Gyroscope,0.9486737,-1.6780468000000002,0.056199603,1566948025342
40287,226,Accelerometer,0.4285621,3.3877954,6.8522053,1566948025343
40288,226,Gyroscope,0.89919364,-1.6438384,0.17470746,1566948025352
40289,226,Accelerometer,0.8822633,3.8534677000000004,8.583213,1566948025353
40290,226,Gyroscope,0.8747590000000001,-1.2846496,0.2144137,1566948025362
40291,226,Accelerometer,1.8207904,4.546589,8.722076,1566948025363
40292,226,Gyroscope,0.77213365,-0.9627235999999999,0.18692477,1566948025372
40293,226,Accelerometer,2.3774424,5.0936639999999995,7.963114699999999,1566948025374
40294,226,Gyroscope,0.56321776,-0.75502944,0.08307768,1566948025382
40295,226,Accelerometer,2.7234043999999997,5.7065797,7.629123700000001,1566948025383
40296,226,Accelerometer,3.0909145000000002,6.1770406,7.4950485,1566948025393
40297,226,Gyroscope,0.32925636,-0.56505036,-0.057421334000000004,1566948025393
40298,226,Gyroscope,0.06841691,-0.40622538,-0.18020524,1566948025402
40299,226,Accelerometer,3.2944214,6.2704144,6.9671270000000005,1566948025403
40300,226,Gyroscope,-0.2284636,-0.24251351,-0.27183503,1566948025412
40301,226,Accelerometer,3.5146879999999996,6.1028199999999995,6.7959414,1566948025413
40302,226,Gyroscope,-0.5222898,-0.004276057,-0.3023783,1566948025422
40303,226,Accelerometer,3.4524388,5.963956400000001,7.299921,1566948025423
40304,226,Gyroscope,-0.75686204,0.3567453,-0.27122417,1566948025432
40305,226,Accelerometer,3.606865,5.7963624000000005,8.321048,1566948025433
40306,226,Gyroscope,-0.90408057,0.79717916,-0.21624629,1566948025442
40307,226,Accelerometer,3.8953662000000002,5.707777,9.269152,1566948025443
40308,226,Gyroscope,-0.9663888,1.1997393,-0.18020524,1566948025452
40309,226,Accelerometer,4.0066967,5.677849299999999,9.625888,1566948025453
40310,226,Gyroscope,-0.9560040999999999,1.4123205,-0.17409660000000002,1566948025462
40311,226,Accelerometer,3.6798879999999996,5.571307,9.791088,1566948025463
40312,226,Gyroscope,-0.87781334,1.4825698999999999,-0.14660765,1566948025472
40313,226,Accelerometer,2.7724855,5.267244,9.80665,1566948025473
40314,226,Gyroscope,-0.6872234,1.4636332,-0.09040806,1566948025482
40315,226,Accelerometer,1.9728221999999997,4.8781857,9.988609,1566948025483
40316,226,Gyroscope,-0.52473325,1.4049901000000002,-0.010995574,1566948025492
40317,226,Accelerometer,1.3132197,4.5645456,9.983821,1566948025493
40318,226,Gyroscope,-0.35796702,1.2712106,0.057421334000000004,1566948025502
40319,226,Accelerometer,0.7493850999999999,4.4268790000000005,9.664195,1566948025503
40320,226,Gyroscope,-0.1966986,1.0458013000000002,0.12156218,1566948025513
40321,226,Accelerometer,0.34237084,4.380192,9.114726,1566948025514
40322,226,Gyroscope,-0.036651913,0.7788531999999999,0.14599679999999998,1566948025522
40323,226,Accelerometer,0.3184288,4.51307,8.872911,1566948025523
40324,226,Gyroscope,0.13316862,0.54733527,0.13072516,1566948025532
40325,226,Accelerometer,0.50637364,4.76087,8.938752000000001,1566948025533
40326,226,Gyroscope,0.3005457,0.36285394,0.077579886,1566948025542
40327,226,Accelerometer,0.8463503000000001,5.0374002,9.062054,1566948025543
40328,226,Gyroscope,0.45142943,0.22113322,0.013439035,1566948025552
40329,226,Accelerometer,1.0809821000000002,5.1271830000000005,9.130288,1566948025553
40330,226,Gyroscope,0.6084218000000001,0.052534412999999995,-0.037873644,1566948025562
40331,226,Accelerometer,1.1073183000000002,4.704606500000001,9.16261,1566948025563
40332,226,Gyroscope,0.77946407,-0.07269296,-0.0421497,1566948025572
40333,226,Accelerometer,0.9600749,4.0150760000000005,9.363723,1566948025573
40334,226,Gyroscope,0.9279043,-0.11545353400000001,0.0061086523,1566948025582
40335,226,Accelerometer,0.830788,3.776853,8.974665,1566948025583
40336,226,Gyroscope,1.0421360999999998,-0.12950343,0.0580322,1566948025592
40337,226,Accelerometer,0.88944596,3.8618474000000003,8.425196000000001,1566948025593
40338,226,Gyroscope,1.1044444,-0.13988814,0.07941248,1566948025602
40339,226,Accelerometer,0.9947908000000001,4.185065,7.763199,1566948025603
40340,226,Gyroscope,1.1239921,-0.20586158,-0.11056661,1566948025612
40341,226,Accelerometer,2.585738,4.1335893,7.350199000000001,1566948025613
40342,226,Gyroscope,1.0934488000000002,-0.30482176,-0.3475823,1566948025622
40343,226,Accelerometer,2.8886043999999997,4.326322599999999,7.0820484,1566948025623
40344,226,Gyroscope,1.0103711,-0.40561453,-0.5552765000000001,1566948025632
40345,226,Accelerometer,2.3391352000000003,4.6579194,7.100005,1566948025633
40346,226,Gyroscope,0.87964594,-0.38851030000000003,-0.7800749,1566948025642
40347,226,Accelerometer,2.1751322999999996,4.6004586,7.454347,1566948025643
40348,226,Gyroscope,0.7703011,-0.3005457,-1.0238101000000002,1566948025652
40349,226,Accelerometer,2.4756044999999998,4.4520183,7.8865004,1566948025653
40350,226,Gyroscope,0.7104363,-0.23090707,-1.2461652,1566948025662
40351,226,Accelerometer,2.1212628,4.4304705,7.69257,1566948025663
40352,226,Gyroscope,0.66828656,-0.2846632,-1.4172074,1566948025672
40353,226,Accelerometer,1.6184803,4.975151,7.303512,1566948025673
40354,226,Gyroscope,0.61575216,-0.42821655,-1.5161675,1566948025682
40355,226,Accelerometer,1.1420341999999999,5.777209,7.254431200000001,1566948025683
40356,226,Gyroscope,0.548557,-0.5742133,-1.5357152,1566948025692
40357,226,Accelerometer,0.62967503,6.345831400000001,7.1754226999999995,1566948025693
40358,226,Gyroscope,0.44959682,-0.6206391,-1.4318681,1566948025703
40359,226,Accelerometer,-0.8631097,6.981492,5.2325277,1566948025703
40360,226,Gyroscope,-0.034208454,-0.5540548000000001,-1.2082913999999998,1566948025712
40361,226,Accelerometer,-1.5251063999999999,8.53892,4.290409599999999,1566948025713
40362,226,Gyroscope,-0.5467244000000001,0.07086037,-0.8350528,1566948025722
40363,226,Accelerometer,-2.873042,9.532514,5.3737855,1566948025723
40364,226,Gyroscope,-1.069625,0.8179486,-0.31215215,1566948025732
40365,226,Accelerometer,-1.3335704,8.826224,5.877765,1566948025733
40366,226,Gyroscope,-1.5503759,1.1325442,-0.14599679999999998,1566948025742
40367,226,Accelerometer,1.8555063000000003,7.049727000000001,5.750872599999999,1566948025743
40368,226,Gyroscope,-1.9462167000000001,1.1166617,-0.24801129,1566948025752
40369,226,Accelerometer,1.8555063000000003,5.3725886,6.8366427,1566948025753
40370,226,Gyroscope,-2.158187,1.1447614,-0.32253686,1566948025762
40371,226,Accelerometer,1.2042834999999998,4.4436383,9.176975,1566948025763
40372,226,Gyroscope,-2.1777346,1.219287,-0.29565877,1566948025772
40373,226,Accelerometer,0.11252748,4.420893700000001,9.941922,1566948025773
40374,226,Gyroscope,-2.094046,1.0800097,-0.15760323,1566948025782
40375,226,Accelerometer,-0.5781997,4.76087,9.580399,1566948025783
40376,226,Gyroscope,-1.9847012,0.7800749,-0.022602014,1566948025792
40377,226,Accelerometer,-0.2693477,4.7572790000000005,7.9702972999999995,1566948025792
40378,226,Gyroscope,-1.8979582999999998,0.32559118,0.119729586,1566948025802
40379,226,Accelerometer,-1.5394716999999998,4.770447,7.155071700000001,1566948025803
40380,226,Gyroscope,-1.8307631000000002,-0.048258353,0.35369098,1566948025812
40381,226,Accelerometer,-2.8969840000000002,4.1419687000000005,7.022193400000001,1566948025813
40382,226,Gyroscope,-1.7788396,-0.46120325,0.58032197,1566948025822
40383,226,Accelerometer,-2.1990743,3.6679169999999996,6.7863646,1566948025823
40384,226,Gyroscope,-1.7122552,-0.8032878000000001,0.70921457,1566948025832
40385,226,Accelerometer,-0.6775591,3.6894648,7.972691499999999,1566948025833
