,statusId,sensorName,valueX,valueY,valueZ,timestamp
0,99,Accelerometer,0.5506664000000001,0.8391677,7.874529400000001,1550002848009
1,99,Accelerometer,0.5506664000000001,0.8391677,7.874529400000001,1550002848020
2,99,Accelerometer,0.8355764000000001,1.1875241,8.9758625,1550002848030
3,99,Accelerometer,1.2892777,1.2952632,9.607930999999999,1550002848039
4,99,Accelerometer,1.0989386,1.400608,9.720459,1550002848050
5,99,Gyroscope,-0.0137139205,0.00037263334000000003,-0.0061514126,1550002848059
6,99,Accelerometer,1.0965444,1.3371617,9.648633,1550002848059
7,99,Gyroscope,-0.0057726726,-0.0026816929999999998,0.0011789708,1550002848070
8,99,Accelerometer,1.1372458,1.2389994,9.787497,1550002848070
9,99,Gyroscope,0.0009468458599999999,-0.0020708293,0.006065893,1550002848079
10,99,Accelerometer,1.0630256,1.3730746999999999,9.740809,1550002848079
11,99,Gyroscope,-0.01127046,-0.0032925587,0.006065893,1550002848090
12,99,Accelerometer,1.2126632,1.3024458,9.707291,1550002848090
13,99,Gyroscope,-0.0014966168,-0.0020708293,0.007287623399999999,1550002848099
14,99,Accelerometer,1.3455413999999999,1.13964,9.807847,1550002848099
15,99,Gyroscope,-0.00027488545,-0.0075686146,0.0066767577,1550002848110
16,99,Accelerometer,1.1240777,1.2689268999999999,9.739613,1550002848110
17,99,Gyroscope,-0.0057726726,-0.004514288,0.0024007012,1550002848119
18,99,Accelerometer,1.1671733999999998,1.0223241,9.719261999999999,1550002848119
19,99,Gyroscope,0.0070554977,-0.00817948,0.0066767577,1550002848130
20,99,Accelerometer,1.0785878999999998,0.9983820999999999,9.844957,1550002848130
21,99,Gyroscope,0.0015577096,-0.005125154,0.0054550273,1550002848139
22,99,Accelerometer,1.1001357,1.0067618,9.680955,1550002848139
23,99,Gyroscope,-0.005161807,-0.0032925587,0.0042332970000000004,1550002848150
24,99,Accelerometer,1.1731589,1.0163386,9.713275999999999,1550002848150
25,99,Gyroscope,0.004612036,-0.0020708293,0.0054550273,1550002848159
26,99,Accelerometer,1.0534488000000002,1.0833763,9.634267999999999,1550002848159
27,99,Gyroscope,-0.0027183462,-0.004514288,0.0048441626,1550002848170
28,99,Accelerometer,1.1324573999999998,1.1372458,9.739613,1550002848170
29,99,Gyroscope,-0.006994404,-0.0014599635999999999,0.0042332970000000004,1550002848179
30,99,Accelerometer,1.1288661,1.1204863999999999,9.799467,1550002848179
31,99,Gyroscope,0.0015577096,-0.0032925587,-4.2759813000000006e-05,1550002848190
32,99,Accelerometer,1.0642227,1.1252748,9.653421,1550002848190
33,99,Gyroscope,-0.01004873,-0.0032925587,0.0024007012,1550002848199
34,99,Accelerometer,1.0570401000000003,1.1360487,9.726444,1550002848200
35,99,Gyroscope,-0.0014966168,-0.0026816929999999998,-0.000653625,1550002848209
36,99,Accelerometer,1.0714053,1.1504139,9.768343,1550002848210
37,99,Gyroscope,-0.0039400775,-0.004514288,-0.000653625,1550002848219
38,99,Accelerometer,1.1109096,1.1492168,9.690532000000001,1550002848220
39,99,Gyroscope,-0.008216133,-0.0057360195,-4.2759813000000006e-05,1550002848229
40,99,Accelerometer,1.055843,1.1575965,9.7719345,1550002848230
41,99,Gyroscope,-0.0021074805,-0.0026816929999999998,-0.0030970859999999998,1550002848239
42,99,Accelerometer,0.93373865,1.1204863999999999,9.776722999999999,1550002848240
43,99,Gyroscope,-0.0033292117999999997,-0.0039034244,0.0011789708,1550002848249
44,99,Accelerometer,0.8834603999999999,1.1133038,9.7240505,1550002848250
45,99,Gyroscope,-0.0063835381999999994,-0.0039034244,-0.000653625,1550002848259
46,99,Accelerometer,0.8499416,1.1540052,9.782708,1550002848259
47,99,Gyroscope,-0.0039400775,-0.0032925587,-0.000653625,1550002848270
48,99,Accelerometer,0.8571242,1.1049241,9.787497,1550002848270
49,99,Gyroscope,-0.0027183462,-0.00817948,-0.0037079514000000003,1550002848279
50,99,Accelerometer,0.7673416999999999,1.1324573999999998,9.78989,1550002848279
51,99,Gyroscope,-0.0027183462,-0.0075686146,-0.0018753556,1550002848290
52,99,Accelerometer,0.7015011,1.0977415000000001,9.79827,1550002848290
53,99,Gyroscope,0.0015577096,-0.005125154,-0.0030970859999999998,1550002848299
54,99,Accelerometer,0.6715736,1.1001357,9.751583,1550002848299
55,99,Gyroscope,-0.00027488545,-0.0057360195,-0.0018753556,1550002848309
56,99,Accelerometer,0.736217,1.0977415000000001,9.743203999999999,1550002848310
57,99,Gyroscope,-0.0008857511,-0.0026816929999999998,-0.0043188166,1550002848319
58,99,Accelerometer,0.80086046,1.0654198000000001,9.7719345,1550002848320
59,99,Gyroscope,-0.00027488545,-0.0075686146,-0.0037079514000000003,1550002848329
60,99,Accelerometer,0.8571242,1.0211270000000001,9.749189,1550002848330
61,99,Gyroscope,-0.0033292117999999997,-0.0032925587,-0.0037079514000000003,1550002848339
62,99,Accelerometer,0.8762778,1.0115502,9.733627,1550002848340
63,99,Gyroscope,-0.0027183462,-0.00084909797,-0.007373143,1550002848349
64,99,Accelerometer,0.8655039000000001,1.0019734,9.750386,1550002848350
65,99,Gyroscope,-0.0076052677,-0.0014599635999999999,-0.011038333999999999,1550002848359
66,99,Accelerometer,0.866701,1.0175357,9.726444,1550002848360
67,99,Gyroscope,-0.008216133,-0.0032925587,-0.012260064499999999,1550002848369
68,99,Accelerometer,0.7673416999999999,1.0103531,9.746795,1550002848370
69,99,Gyroscope,-0.0063835381999999994,-0.0020708293,-0.011649198999999999,1550002848379
70,99,Accelerometer,0.7565677,1.0163386,9.783905,1550002848380
71,99,Gyroscope,-0.005161807,-0.0020708293,-0.017146988000000002,1550002848389
72,99,Accelerometer,0.7350199000000001,1.0749966,9.740809,1550002848390
73,99,Gyroscope,-0.01127046,-0.0032925587,-0.017146988000000002,1550002848399
74,99,Accelerometer,0.78769237,1.127669,9.767146,1550002848400
75,99,Gyroscope,-0.008216133,-0.0032925587,-0.018368717,1550002848409
76,99,Accelerometer,0.80804306,1.1204863999999999,9.828198,1550002848410
77,99,Gyroscope,-0.006994404,-0.0057360195,-0.017757852,1550002848419
78,99,Accelerometer,0.8283938,1.1456255,9.787497,1550002848419
79,99,Gyroscope,-0.008216133,-0.011233807,-0.017757852,1550002848429
80,99,Accelerometer,0.8655039000000001,1.1360487,9.793482000000001,1550002848430
81,99,Gyroscope,-0.0045509413,-0.009401211500000001,-0.020201313999999998,1550002848439
82,99,Accelerometer,0.8499416,1.1204863999999999,9.776722999999999,1550002848440
83,99,Gyroscope,-0.009437865,-0.0075686146,-0.02325564,1550002848449
84,99,Accelerometer,0.8822633,1.1013328000000002,9.730036,1550002848450
85,99,Gyroscope,-0.006994404,-0.010012077,-0.022644775,1550002848459
86,99,Accelerometer,0.8750806999999999,1.1779473,9.7563715,1550002848460
87,99,Gyroscope,-0.006994404,-0.0075686146,-0.022644775,1550002848469
88,99,Accelerometer,0.90021986,1.1025299,9.7479925,1550002848470
89,99,Gyroscope,-0.006994404,-0.005125154,-0.02203391,1550002848479
90,99,Accelerometer,0.8379706,1.1133038,9.737217999999999,1550002848480
91,99,Gyroscope,-0.0076052677,-0.006957751,-0.018979583,1550002848489
92,99,Accelerometer,0.8391677,1.1348516000000002,9.731233,1550002848489
93,99,Gyroscope,-0.01004873,-0.00023823230999999999,-0.014703525,1550002848500
94,99,Accelerometer,0.82121116,1.1671733999999998,9.706094,1550002848500
95,99,Gyroscope,-0.005161807,-0.0014599635999999999,-0.01287093,1550002848509
96,99,Accelerometer,0.79248077,1.1803415000000002,9.734824,1550002848510
97,99,Gyroscope,-0.0057726726,0.0009834989999999999,-0.012260064499999999,1550002848519
98,99,Accelerometer,0.7625531999999999,1.1767502,9.745598,1550002848519
99,99,Gyroscope,-0.008216133,0.0040378235,-0.008594873000000001,1550002848529
100,99,Accelerometer,0.7589619000000001,1.1911154,9.727641,1550002848530
101,99,Gyroscope,-0.0063835381999999994,0.00037263334000000003,-0.007984008,1550002848540
102,99,Accelerometer,0.9588778,1.1863270000000001,9.785102,1550002848540
103,99,Gyroscope,-0.010659594,0.0040378235,-0.0037079514000000003,1550002848549
104,99,Accelerometer,1.2569559,1.0606314,9.738416,1550002848550
105,99,Gyroscope,-0.0076052677,-0.004514288,0.007287623399999999,1550002848559
106,99,Accelerometer,1.5598223999999998,0.81043726,9.859323,1550002848559
107,99,Gyroscope,0.0027794409999999997,-0.014898999,0.0042332970000000004,1550002848570
108,99,Accelerometer,2.110489,0.37349546,9.982624000000001,1550002848570
109,99,Gyroscope,-0.00027488545,-0.026505437000000003,-0.005540547,1550002848579
110,99,Accelerometer,2.3127987,0.2705448,9.759963,1550002848580
111,99,Gyroscope,-0.0027183462,-0.038111877,-0.03608381,1550002848589
112,99,Accelerometer,2.5139117000000004,0.6835446,9.835381,1550002848589
113,99,Gyroscope,-0.0021074805,-0.044831395,-0.07701178,1550002848600
114,99,Accelerometer,2.2481554,1.246182,9.585187,1550002848600
115,99,Gyroscope,-0.03387247,-0.032003224,-0.071513996,1550002848609
116,99,Accelerometer,1.0845733999999998,1.0594343000000002,9.458294,1550002848610
117,99,Gyroscope,-0.014935651999999999,-0.01978592,-0.07029226400000001,1550002848619
118,99,Accelerometer,0.5422866999999999,1.3814543,9.652225,1550002848619
119,99,Gyroscope,-0.011881325,-0.013677267,-0.058685824000000004,1550002848629
120,99,Accelerometer,0.60573304,1.5717934,9.624691,1550002848630
121,99,Gyroscope,-0.011881325,0.0022052303,-0.02203391,1550002848639
122,99,Accelerometer,0.9923966000000001,1.733402,9.755175,1550002848640
123,99,Gyroscope,0.0058337674,0.0077030174,-0.0030970859999999998,1550002848649
124,99,Accelerometer,1.5562311000000002,1.7848773999999998,9.55885,1550002848650
125,99,Gyroscope,-0.0039400775,0.0077030174,0.012174546000000001,1550002848659
126,99,Accelerometer,1.7010802999999999,1.6484078000000002,9.648633,1550002848659
127,99,Gyroscope,0.0033903066,0.0077030174,0.01156368,1550002848670
128,99,Accelerometer,1.8303672,1.4185646,9.834184,1550002848670
129,99,Gyroscope,0.0113315545,-0.00023823230999999999,0.015228872,1550002848679
130,99,Accelerometer,2.1966799999999997,1.2785037000000001,9.682152,1550002848680
131,99,Gyroscope,-0.00027488545,-0.0020708293,0.009731084000000001,1550002848689
132,99,Accelerometer,1.9704279999999998,1.1791444,9.757569,1550002848689
133,99,Gyroscope,0.0021685753,-0.010622941,0.0024007012,1550002848699
134,99,Accelerometer,2.0901381999999997,0.9588778,9.811439,1550002848700
135,99,Gyroscope,0.014996746000000002,-0.017953325,-0.011038333999999999,1550002848709
136,99,Accelerometer,1.8950106,1.091756,9.615114,1550002848710
137,99,Gyroscope,-0.0045509413,-0.013066402,-0.016536122,1550002848719
138,99,Accelerometer,1.8148049,0.9624690999999999,9.672575,1550002848719
139,99,Gyroscope,-0.0021074805,-0.015509863999999998,-0.020812178,1550002848729
140,99,Accelerometer,1.5574282,0.94211835,9.742006,1550002848730
141,99,Gyroscope,0.0076663624,-0.014898999,-0.017146988000000002,1550002848739
142,99,Accelerometer,1.4149733,1.0127473,9.719261999999999,1550002848740
143,99,Gyroscope,-0.009437865,-0.010622941,-0.013481795,1550002848749
144,99,Accelerometer,1.3706805,1.1540052,9.704897,1550002848750
145,99,Gyroscope,-0.0021074805,-0.014288133,-0.013481795,1550002848759
146,99,Accelerometer,1.3718776000000001,1.1360487,9.836577,1550002848760
147,99,Gyroscope,0.0113315545,-0.010622941,0.0005681054,1550002848769
148,99,Accelerometer,1.2653356000000002,1.0103531,9.64983,1550002848770
149,99,Gyroscope,-0.0033292117999999997,-0.0057360195,0.006065893,1550002848779
150,99,Accelerometer,1.3371617,0.9935937,9.676167,1550002848780
151,99,Gyroscope,0.0076663624,-0.004514288,0.0042332970000000004,1550002848789
152,99,Accelerometer,1.411382,0.8631097,9.773131,1550002848789
153,99,Gyroscope,0.0033903066,-0.0057360195,-0.000653625,1550002848800
154,99,Accelerometer,1.5598223999999998,0.91697925,9.662998,1550002848800
155,99,Gyroscope,-0.0057726726,-0.0020708293,-0.007373143,1550002848809
156,99,Accelerometer,1.6448165000000001,0.89782566,9.746795,1550002848810
157,99,Gyroscope,0.0021685753,-0.006346885,-0.020201313999999998,1550002848819
158,99,Accelerometer,1.5801731,0.9828198,9.716867,1550002848819
159,99,Gyroscope,-0.0076052677,-0.006346885,-0.026309965,1550002848829
160,99,Accelerometer,1.6639702,0.8702923,9.653421,1550002848830
161,99,Gyroscope,-0.011881325,-0.006957751,-0.035472944,1550002848839
162,99,Accelerometer,1.6663644,0.8343792999999999,9.797073,1550002848840
163,99,Gyroscope,-0.0057726726,-0.010622941,-0.04463592,1550002848849
164,99,Accelerometer,1.7238252,0.90021986,9.8437605,1550002848849
165,99,Gyroscope,-0.0033292117999999997,-0.015509863999999998,-0.051966306,1550002848859
166,99,Accelerometer,1.6962918999999999,0.93254155,9.753978,1550002848859
167,99,Gyroscope,-0.008826999,-0.01734246,-0.057464093,1550002848870
168,99,Accelerometer,1.5646108,1.0869676000000001,9.740809,1550002848870
169,99,Gyroscope,-0.0076052677,-0.013677267,-0.055020634000000006,1550002848879
170,99,Accelerometer,1.4556746,0.9780314,9.726444,1550002848880
171,99,Gyroscope,-0.00027488545,-0.016731594,-0.04463592,1550002848889
172,99,Accelerometer,1.4712370000000001,1.0378863999999999,9.773131,1550002848889
173,99,Gyroscope,0.0009468458599999999,-0.014898999,-0.03608381,1550002848900
174,99,Accelerometer,1.4939818,1.0235212,9.7240505,1550002848900
175,99,Gyroscope,0.0027794409999999997,-0.008790346,-0.030586022999999997,1550002848909
176,99,Accelerometer,1.4951789,1.0761937,9.631872999999999,1550002848910
177,99,Gyroscope,0.0027794409999999997,-0.005125154,-0.029975157000000002,1550002848919
178,99,Accelerometer,1.5155296,1.1049241,9.607930999999999,1550002848919
179,99,Gyroscope,-0.0021074805,-0.0032925587,-0.028142562000000003,1550002848929
180,99,Accelerometer,1.5071499,1.0714053,9.634267999999999,1550002848930
181,99,Gyroscope,-0.0021074805,0.0015943646,-0.033640347,1550002848939
182,99,Accelerometer,1.6472107,1.1432313,9.643844999999999,1550002848940
183,99,Gyroscope,-0.0021074805,0.0009834989999999999,-0.037916407,1550002848949
184,99,Accelerometer,1.7286136000000003,1.1552023,9.623494,1550002848949
185,99,Gyroscope,-0.005161807,0.0022052303,-0.037916407,1550002848959
186,99,Accelerometer,1.7525556,1.1085154,9.605537,1550002848960
187,99,Gyroscope,-0.006994404,0.0015943646,-0.041581597000000005,1550002848970
188,99,Accelerometer,1.8399439999999998,1.2389994,9.598353999999999,1550002848970
189,99,Gyroscope,-0.011881325,0.0015943646,-0.041581597000000005,1550002848979
190,99,Accelerometer,1.8698715,1.1994951,9.640253,1550002848980
191,99,Gyroscope,-0.0063835381999999994,0.00037263334000000003,-0.04097073,1550002848989
192,99,Accelerometer,1.8507179,1.1647792,9.672575,1550002848989
193,99,Gyroscope,-0.008826999,0.0015943646,-0.03608381,1550002849000
194,99,Accelerometer,1.7669207999999998,1.258153,9.674969,1550002849000
195,99,Gyroscope,-0.010659594,0.0015943646,-0.028142562000000003,1550002849009
196,99,Accelerometer,1.6687585999999999,1.1959038,9.743203999999999,1550002849010
197,99,Gyroscope,-0.0057726726,0.00037263334000000003,-0.02692083,1550002849019
198,99,Accelerometer,1.5981296,1.1264718999999999,9.677363,1550002849019
199,99,Gyroscope,-0.009437865,0.0022052303,-0.025088236,1550002849029
200,99,Accelerometer,1.5119383,1.0941502,9.575610000000001,1550002849030
201,99,Gyroscope,-0.013103055,0.010146476,-0.028142562000000003,1550002849039
202,99,Accelerometer,1.5215151000000002,1.0163386,9.703699,1550002849040
203,99,Gyroscope,-0.014324786,0.0034269579,-0.037916407,1550002849049
204,99,Accelerometer,1.6005238000000002,0.89184016,9.818622,1550002849050
205,99,Gyroscope,-0.01737911,0.005259555,-0.049522847,1550002849059
206,99,Accelerometer,1.614889,0.79966336,9.774328,1550002849060
207,99,Gyroscope,-0.028374685,0.0034269579,-0.067237936,1550002849070
208,99,Accelerometer,1.6603789,0.81761986,9.7958765,1550002849070
209,99,Gyroscope,-0.032650746,0.004648689,-0.08250957,1550002849079
210,99,Accelerometer,1.7956512999999998,0.7398083000000001,9.706094,1550002849080
211,99,Gyroscope,-0.035705067,0.00037263334000000003,-0.09655947,1550002849089
212,99,Accelerometer,1.7094599999999998,0.81043726,9.701305,1550002849089
213,99,Gyroscope,-0.043035455,0.0058704205,-0.11122023,1550002849099
214,99,Accelerometer,1.7274165000000001,0.8439561,9.782708,1550002849100
215,99,Gyroscope,-0.03937026,0.0009834989999999999,-0.11060937,1550002849109
216,99,Accelerometer,1.6579846999999999,0.8750806999999999,9.751583,1550002849110
217,99,Gyroscope,-0.03387247,0.0009834989999999999,-0.10999849999999999,1550002849119
218,99,Accelerometer,1.5753847,0.45489833,9.587581,1550002849119
219,99,Gyroscope,-0.041202857999999995,-0.0020708293,-0.09655947,1550002849130
220,99,Accelerometer,1.8567034,1.2186487,9.957485,1550002849130
221,99,Gyroscope,-0.023487763,-0.012455538,-0.08556389999999998,1550002849139
222,99,Accelerometer,1.7585411,1.0929531000000001,9.817424,1550002849140
223,99,Gyroscope,-0.020433438999999998,-0.00817948,-0.09839206,1550002849149
224,99,Accelerometer,1.7322049,1.0941502,9.625888,1550002849149
225,99,Gyroscope,-0.024709495,-0.0039034244,-0.094726875,1550002849159
226,99,Accelerometer,1.328782,0.91937345,9.753978,1550002849160
227,99,Gyroscope,-0.014324786,-0.009401211500000001,-0.093505144,1550002849169
228,99,Accelerometer,2.1703438999999998,1.0259154000000001,9.703699,1550002849170
229,99,Gyroscope,-0.021044305,-0.009401211500000001,-0.11183110000000002,1550002849179
230,99,Accelerometer,1.6376339,1.13964,9.653421,1550002849180
231,99,Gyroscope,-0.041202857999999995,-0.016731594,-0.124048404,1550002849189
232,99,Accelerometer,2.0901381999999997,0.9864110999999999,9.557653,1550002849189
233,99,Gyroscope,-0.0076052677,-0.01978592,-0.09961379,1550002849200
234,99,Accelerometer,2.255338,1.2868833999999998,9.483433,1550002849200
235,99,Gyroscope,-0.030207282000000002,-0.0026816929999999998,-0.09289428,1550002849209
236,99,Accelerometer,1.8734628,0.9540894,9.540894,1550002849210
237,99,Gyroscope,-0.011881325,-0.010622941,-0.078844376,1550002849219
238,99,Accelerometer,2.0506337,1.1935096,9.916783,1550002849219
239,99,Gyroscope,0.010720688999999999,-0.016120728,-0.05624236,1550002849230
240,99,Accelerometer,2.2421699,1.2114661,9.605537,1550002849230
241,99,Gyroscope,-0.0137139205,-0.008790346,-0.057464093,1550002849239
242,99,Accelerometer,1.8519150000000002,1.2904748,9.742006,1550002849240
243,99,Gyroscope,-0.029596416,-0.014898999,-0.05440977,1550002849249
244,99,Accelerometer,2.0602105,1.3383588,9.844957,1550002849249
245,99,Gyroscope,-0.0021074805,-0.024061977999999998,-0.042192463,1550002849259
246,99,Accelerometer,2.3415293999999998,1.316811,9.481038999999999,1550002849260
247,99,Gyroscope,-0.02898555,-0.009401211500000001,-0.05257717,1550002849269
248,99,Accelerometer,1.8902221999999997,1.3479356000000002,9.585187,1550002849270
249,99,Gyroscope,-0.0369268,-0.014288133,-0.04769025,1550002849279
250,99,Accelerometer,1.5370774999999999,1.2653356000000002,9.788692999999999,1550002849279
251,99,Gyroscope,0.0009468458599999999,-0.015509863999999998,-0.04402506,1550002849289
252,99,Accelerometer,2.0123265,1.1707646999999999,9.532514,1550002849290
253,99,Gyroscope,-0.019211708,-0.010012077,-0.039749,1550002849299
254,99,Accelerometer,1.7920599999999998,1.271321,9.216479,1550002849300
255,99,Gyroscope,-0.019211708,0.004648689,-0.03302948,1550002849309
256,99,Accelerometer,1.8315643,1.3946223999999998,9.807847,1550002849310
257,99,Gyroscope,-0.0027183462,-0.00023823230999999999,-0.016536122,1550002849319
258,99,Accelerometer,2.1033063,1.1109096,9.82341,1550002849320
259,99,Gyroscope,0.0070554977,-0.008790346,-0.0043188166,1550002849330
260,99,Accelerometer,1.9823990000000002,1.0857705,9.344569,1550002849330
261,99,Gyroscope,-0.0137139205,-0.009401211500000001,-0.008594873000000001,1550002849339
262,99,Accelerometer,2.0231004,1.6160861,9.745598,1550002849340
263,99,Gyroscope,0.010720688999999999,-0.0057360195,0.0011789708,1550002849349
264,99,Accelerometer,1.9213468999999996,1.0019734,9.367314,1550002849349
265,99,Gyroscope,0.0052229017,0.011979073,0.009120219,1550002849360
266,99,Accelerometer,1.4987701999999998,1.4676456,9.586383999999999,1550002849360
267,99,Gyroscope,0.0040011713,0.010146476,0.0030115664,1550002849369
268,99,Accelerometer,1.9237411,1.3347674999999999,9.361329,1550002849370
269,99,Gyroscope,-0.0039400775,0.011368208000000001,0.020115793,1550002849379
270,99,Accelerometer,1.7369933000000002,1.8255788,10.150217999999999,1550002849379
271,99,Gyroscope,0.0009468458599999999,0.013811666499999998,0.036609154,1550002849389
272,99,Accelerometer,1.5334862,1.1863270000000001,9.64983,1550002849390
273,99,Gyroscope,0.016218476000000003,0.022363782000000002,0.03416569,1550002849399
274,99,Accelerometer,1.7920599999999998,1.423353,9.257181,1550002849400
275,99,Gyroscope,-0.013103055,0.04007887,0.04760473,1550002849409
276,99,Accelerometer,1.6843209,1.5227122,9.519346,1550002849409
277,99,Gyroscope,0.014385881000000001,0.034581087999999996,0.054935113,1550002849419
278,99,Accelerometer,1.4903905000000002,1.4053963,9.396044999999999,1550002849420
279,99,Gyroscope,0.0033903066,0.048020124000000004,0.05737857,1550002849429
280,99,Accelerometer,1.4305356000000002,1.3311761999999998,9.284714,1550002849430
281,99,Gyroscope,0.0015577096,0.054128774000000004,0.06776328400000001,1550002849439
282,99,Accelerometer,1.1719618,1.5514427,9.218874000000001,1550002849439
283,99,Gyroscope,0.055924714,0.05962656400000001,0.06409809,1550002849449
284,99,Accelerometer,1.3275848999999997,1.5011643999999997,9.14226,1550002849450
285,99,Gyroscope,0.0040011713,0.102997996,0.092197895,1550002849460
286,99,Accelerometer,1.3922282,1.7142484,10.69849,1550002849460
287,99,Gyroscope,0.0058337674,0.11277183,0.10502606,1550002849469
288,99,Accelerometer,0.12569559,0.79726917,9.707291,1550002849470
289,99,Gyroscope,-0.049144104,0.06023743,0.075093664,1550002849479
290,99,Accelerometer,0.6584055,2.2170308,12.161347,1550002849479
291,99,Gyroscope,0.0113315545,0.01747686,0.094030485,1550002849490
292,99,Accelerometer,0.9768343,0.4249708,10.327389,1550002849490
293,99,Gyroscope,0.0027794409999999997,0.03824628,0.08364577599999999,1550002849499
294,99,Accelerometer,0.24540567,1.1168951,9.369708000000001,1550002849500
295,99,Gyroscope,-0.0369268,0.05168531,0.068985015,1550002849509
296,99,Accelerometer,0.6775591,1.2653356000000002,9.466674000000001,1550002849509
297,99,Gyroscope,0.010720688999999999,0.04007887,0.08120232,1550002849519
298,99,Accelerometer,1.0079589,1.0330979999999998,9.923966,1550002849520
299,99,Gyroscope,0.0058337674,0.026028972,0.095252216,1550002849529
300,99,Accelerometer,1.3874398000000001,0.48243165,9.700109,1550002849530
301,99,Gyroscope,0.0113315545,0.0028160921999999997,0.068985015,1550002849539
302,99,Accelerometer,2.136825,0.78290397,9.504980999999999,1550002849540
303,99,Gyroscope,0.0492052,-0.0032925587,0.08181318,1550002849549
304,99,Accelerometer,2.0410569,0.9983820999999999,9.2069025,1550002849549
305,99,Gyroscope,0.008277228000000001,0.005259555,0.08303491,1550002849560
306,99,Accelerometer,2.433706,1.1145009,9.900024,1550002849560
307,99,Gyroscope,0.018661937,-0.011844671999999999,0.095252216,1550002849569
308,99,Accelerometer,1.8686744,0.81043726,9.775525,1550002849570
309,99,Gyroscope,0.018051071000000002,-0.008790346,0.072039336,1550002849579
310,99,Accelerometer,0.81402856,1.1336545,9.43914,1550002849579
311,99,Gyroscope,-0.006994404,0.01747686,0.0903653,1550002849590
312,99,Accelerometer,0.5781997,1.4053963,9.651027000000001,1550002849590
313,99,Gyroscope,0.006444632,0.04557666,0.06776328400000001,1550002849599
314,99,Accelerometer,0.47165772,1.4401124,10.286688,1550002849600
315,99,Gyroscope,-0.008826999,0.04007887,0.049437325,1550002849609
316,99,Accelerometer,0.7613561,1.6998832,9.421184,1550002849609
317,99,Gyroscope,-0.055252752999999995,0.03885714,0.042717807000000003,1550002849619
318,99,Accelerometer,0.27174190000000004,1.5167267,9.841366,1550002849620
319,99,Gyroscope,-0.0033292117999999997,0.022363782000000002,0.03966348,1550002849629
320,99,Accelerometer,0.58657944,0.9888053,10.087969000000001,1550002849630
321,99,Gyroscope,0.017440207,0.025418106,0.04577213,1550002849639
322,99,Accelerometer,0.7673416999999999,1.0307038,9.7719345,1550002849640
323,99,Gyroscope,-0.019822573,0.023585513,0.05004819,1550002849649
324,99,Accelerometer,1.0809821000000002,0.9708488000000001,9.751583,1550002849649
325,99,Gyroscope,0.0040011713,0.01747686,0.054324247,1550002849659
326,99,Accelerometer,1.5382746,0.89662856,10.156203,1550002849660
327,99,Gyroscope,0.0033903066,-0.0020708293,0.051880784000000006,1550002849669
328,99,Accelerometer,1.7190368000000003,1.0702082,9.714474000000001,1550002849670
329,99,Gyroscope,-0.014324786,-0.012455538,0.05921117,1550002849679
330,99,Accelerometer,1.4628572,0.9768343,10.213664,1550002849679
331,99,Gyroscope,-0.019211708,-0.01856419,0.050659052999999996,1550002849690
332,99,Accelerometer,1.6089035,0.6811504,10.305841000000001,1550002849690
333,99,Gyroscope,-0.0033292117999999997,-0.039944474,0.036609154,1550002849699
334,99,Accelerometer,1.3491327,1.2892777,9.969456,1550002849700
335,99,Gyroscope,-0.012492188999999999,-0.036279282999999996,0.031722232999999996,1550002849709
336,99,Accelerometer,1.6328455,1.009156,9.76954,1550002849709
337,99,Gyroscope,-0.019822573,-0.06010303,0.028667906,1550002849719
338,99,Accelerometer,1.3491327,1.0139444,9.692925,1550002849720
339,99,Gyroscope,0.017440207,-0.056437835,0.01034195,1550002849729
340,99,Accelerometer,0.80684596,0.8678981,9.303867,1550002849730
341,99,Gyroscope,-0.012492188999999999,-0.042998800000000004,0.018283198,1550002849739
342,99,Accelerometer,1.0342950999999998,0.6919243,9.447519999999999,1550002849740
343,99,Gyroscope,0.01316415,-0.03261409,0.023780985,1550002849749
344,99,Accelerometer,0.712275,1.0187328000000002,9.514558000000001,1550002849750
345,99,Gyroscope,0.041263953,-0.02100765,0.018283198,1550002849759
346,99,Accelerometer,0.62967503,0.9876082,9.309854,1550002849760
347,99,Gyroscope,0.014385881000000001,0.0015943646,0.04210694,1550002849769
348,99,Accelerometer,0.78529817,1.483208,9.345766000000001,1550002849770
349,99,Gyroscope,0.008277228000000001,0.019309454,0.05921117,1550002849779
350,99,Accelerometer,0.44771573,1.2785037000000001,9.586383999999999,1550002849779
351,99,Gyroscope,0.014996746000000002,0.036413684,0.05737857,1550002849790
352,99,Accelerometer,0.40222588,1.389834,9.712079,1550002849790
353,99,Gyroscope,-0.01004873,0.029083297,0.05126992,1550002849799
354,99,Accelerometer,0.5554548,1.7429788,10.176555,1550002849800
355,99,Gyroscope,0.020494534,0.019309454,0.06776328400000001,1550002849809
356,99,Accelerometer,0.7218518,1.2078748,10.064027000000001,1550002849810
357,99,Gyroscope,0.0058337674,0.0058704205,0.07692626,1550002849819
358,99,Accelerometer,0.5614403,1.5538370000000001,9.932345,1550002849820
359,99,Gyroscope,-0.026542092000000003,0.007092151999999999,0.075093664,1550002849829
360,99,Accelerometer,1.3790601,1.1683705,9.969456,1550002849829
361,99,Gyroscope,-0.026542092000000003,-0.016120728,0.09891741,1550002849840
362,99,Accelerometer,1.1719618,1.0618285,10.307038,1550002849840
363,99,Gyroscope,0.012553285,-0.021618515,0.094030485,1550002849849
364,99,Accelerometer,1.1982979999999999,0.8283938,10.125079,1550002849850
365,99,Gyroscope,0.012553285,-0.047274857999999996,0.08608924,1550002849859
366,99,Accelerometer,1.4616601,0.9947908000000001,9.840169,1550002849860
367,99,Gyroscope,0.01316415,-0.04055534,0.09158703,1550002849869
368,99,Accelerometer,1.3718776000000001,1.009156,10.097546000000001,1550002849869
369,99,Gyroscope,0.014385881000000001,-0.042998800000000004,0.09341962,1550002849879
370,99,Accelerometer,0.8463503000000001,0.79128367,10.017339999999999,1550002849880
371,99,Gyroscope,0.030879242,-0.04422053,0.075093664,1550002849890
372,99,Accelerometer,0.8571242,0.81642276,9.514558000000001,1550002849890
373,99,Gyroscope,0.020494534,-0.03139236,0.08486751,1550002849899
374,99,Accelerometer,0.45010993,1.2785037000000001,9.390058999999999,1550002849900
375,99,Gyroscope,0.014996746000000002,-0.011233807,0.08486751,1550002849909
376,99,Accelerometer,0.27533320000000006,1.2761095,9.260772,1550002849910
377,99,Gyroscope,0.012553285,-0.0020708293,0.09647395,1550002849919
378,99,Accelerometer,-0.0035913025,1.0845733999999998,8.935161,1550002849919
379,99,Gyroscope,0.022937994,0.0077030174,0.086700104,1550002849930
380,99,Accelerometer,-0.11611878,1.2785037000000001,8.722076,1550002849930
381,99,Gyroscope,0.02354886,0.07184387,0.07875886,1550002849939
382,99,Accelerometer,0.46686932,1.1252748,8.329428,1550002849940
383,99,Gyroscope,-0.016157383,0.10971751,0.087921835,1550002849949
384,99,Accelerometer,-0.7386111999999999,1.3120226000000001,9.52174,1550002849950
385,99,Gyroscope,-0.052198432,0.12193482,0.042717807000000003,1550002849959
386,99,Accelerometer,-0.22266077,0.7074866,10.304644999999999,1550002849959
387,99,Gyroscope,-0.06136141,0.055350505,0.015839735,1550002849971
388,99,Accelerometer,0.11372458,0.6500258000000001,10.508151,1550002849972
389,99,Accelerometer,0.11372458,0.6500258000000001,10.508151,1550002849980
390,99,Gyroscope,-0.014935651999999999,0.052907042,-0.000653625,1550002849989
391,99,Accelerometer,1.0450690999999999,1.0654198000000001,9.508572000000001,1550002849990
392,99,Gyroscope,-0.047311507,0.05962656400000001,0.03355483,1550002849999
393,99,Accelerometer,0.79846627,1.0271125,10.692505,1550002850000
394,99,Gyroscope,-0.031429015,0.024196379,0.04210694,1550002850009
395,99,Accelerometer,1.4891934,1.1288661,10.093954,1550002850009
396,99,Gyroscope,0.0113315545,-0.00084909797,0.045161266,1550002850019
397,99,Accelerometer,1.3120226000000001,0.93732995,10.066421499999999,1550002850020
398,99,Gyroscope,-0.005161807,-0.021618515,0.03599829,1550002850029
399,99,Accelerometer,0.8283938,0.7182605,10.0341,1550002850030
400,99,Gyroscope,0.027824916,-0.042387932999999996,0.04882646,1550002850039
401,99,Accelerometer,0.8750806999999999,0.9600749,9.886856,1550002850040
402,99,Gyroscope,0.006444632,-0.04605312599999999,0.026835311,1550002850049
403,99,Accelerometer,0.48243165,1.0247183000000002,9.755175,1550002850049
404,99,Gyroscope,0.011942419,-0.06010303,0.01156368,1550002850059
405,99,Accelerometer,-0.039504327,1.3204023,9.805453,1550002850059
406,99,Gyroscope,0.03882049,-0.05582697,0.043328673,1550002850070
407,99,Accelerometer,0.35673606,1.3084313,9.350553999999999,1550002850070
408,99,Gyroscope,-0.0027183462,-0.022840247,0.06104376,1550002850079
409,99,Accelerometer,-0.51475334,0.81642276,9.696517,1550002850080
410,99,Gyroscope,0.016829342,-0.0014599635999999999,0.053102515999999995,1550002850089
411,99,Accelerometer,0.45848963,1.2557588,10.517728,1550002850090
412,99,Gyroscope,0.044929143,-0.02100765,0.06776328400000001,1550002850099
413,99,Accelerometer,1.3263878,1.5382746,9.848549,1550002850099
414,99,Gyroscope,-0.02898555,-0.009401211500000001,0.024391849,1550002850109
415,99,Accelerometer,1.555034,1.0187328000000002,9.652225,1550002850110
416,99,Gyroscope,-0.030207282000000002,-0.020396786,0.01034195,1550002850119
417,99,Accelerometer,2.4001873,1.3072342,10.114305499999999,1550002850120
418,99,Gyroscope,-0.018600842,-0.03261409,0.018894061,1550002850129
419,99,Accelerometer,2.7389667,0.9588778,9.576807,1550002850130
420,99,Gyroscope,-0.05586362,-0.053383507000000004,-0.0030970859999999998,1550002850139
421,99,Accelerometer,2.1320367,0.60214174,9.683349,1550002850140
422,99,Gyroscope,-0.0057726726,-0.06071389,0.009731084000000001,1550002850149
423,99,Accelerometer,1.9883845000000002,0.581791,10.4171715,1550002850149
424,99,Gyroscope,0.018051071000000002,-0.066822544,0.007898489,1550002850160
425,99,Accelerometer,1.1516110000000002,0.49440265,9.445126,1550002850160
426,99,Gyroscope,-0.020433438999999998,-0.058881298,0.008509354,1550002850169
427,99,Accelerometer,0.7146691999999999,1.1061212,9.330204,1550002850170
428,99,Gyroscope,-0.015546517,-0.05277264,0.020726658000000002,1550002850179
429,99,Accelerometer,1.1707646999999999,1.6124948000000001,9.76116,1550002850180
430,99,Gyroscope,-0.0063835381999999994,-0.04910745,0.024391849,1550002850189
431,99,Accelerometer,0.6955156,1.5179238000000002,9.23683,1550002850189
432,99,Gyroscope,-0.009437865,-0.02100765,0.025002714,1550002850199
433,99,Accelerometer,0.36272156,1.7094599999999998,9.448717,1550002850200
434,99,Gyroscope,0.029046647000000002,-0.016731594,0.039052617000000005,1550002850210
435,99,Accelerometer,0.51954174,1.5442601,9.533711,1550002850210
436,99,Gyroscope,0.019883668,-0.0026816929999999998,0.0323331,1550002850219
437,99,Accelerometer,0.712275,1.5071499,9.685742999999999,1550002850220
438,99,Gyroscope,-0.005161807,-0.006957751,0.032943964,1550002850229
439,99,Accelerometer,1.0642227,1.0390834999999998,9.436746000000001,1550002850230
440,99,Gyroscope,0.008888093,0.009535611,0.02805704,1550002850239
441,99,Accelerometer,1.7010802999999999,1.210269,9.730036,1550002850239
442,99,Gyroscope,-0.022876898,0.024807245,0.020726658000000002,1550002850249
443,99,Accelerometer,2.516306,1.0594343000000002,9.950302,1550002850250
444,99,Gyroscope,-0.0027183462,-0.0075686146,0.026835311,1550002850259
445,99,Accelerometer,2.6132712000000002,0.7697359,9.803059,1550002850260
446,99,Gyroscope,-0.011881325,-0.02100765,0.015228872,1550002850269
447,99,Accelerometer,3.0514099999999997,0.88944596,10.014946,1550002850270
448,99,Gyroscope,-0.039981127000000005,-0.030170628999999997,0.021948388,1550002850279
449,99,Accelerometer,3.2609026,0.7781156,10.101137,1550002850279
450,99,Gyroscope,-0.016768249,-0.041166205,0.02561358,1550002850289
451,99,Accelerometer,2.5953147,0.80804306,10.286688,1550002850289
452,99,Gyroscope,-0.025931226,-0.041166205,-4.2759813000000006e-05,1550002850300
453,99,Accelerometer,2.3020248,1.2018893,9.932345,1550002850300
454,99,Gyroscope,-0.036315932999999995,-0.038111877,0.015839735,1550002850309
455,99,Accelerometer,1.4736311000000002,1.2725182,9.909601,1550002850310
456,99,Gyroscope,-0.006994404,-0.036890145,0.03599829,1550002850319
457,99,Accelerometer,1.3395559,0.79008657,9.576807,1550002850320
458,99,Gyroscope,0.022327128999999998,-0.02100765,0.039052617000000005,1550002850329
459,99,Accelerometer,1.0618285,1.8902221999999997,9.317036,1550002850329
460,99,Gyroscope,0.00033598019999999995,-0.0075686146,0.048215594,1550002850339
461,99,Accelerometer,0.7182605,1.7729063000000003,8.823831,1550002850340
462,99,Gyroscope,0.0070554977,-0.0020708293,0.059822034,1550002850350
463,99,Accelerometer,0.6835446,1.2856863,9.548077000000001,1550002850350
464,99,Gyroscope,0.016829342,0.0028160921999999997,0.046993863,1550002850359
465,99,Accelerometer,1.0881646999999999,1.0905589,9.574411999999999,1550002850360
466,99,Gyroscope,-0.025931226,0.01992032,0.03844175,1550002850369
467,99,Accelerometer,0.712275,0.700304,9.5492735,1550002850370
468,99,Gyroscope,-0.01127046,0.021752916,0.013396275,1550002850379
469,99,Accelerometer,1.2497733,1.1623849,9.988609,1550002850379
470,99,Gyroscope,-0.022266036,0.019309454,0.0005681054,1550002850390
471,99,Accelerometer,1.7310078000000002,1.210269,9.400833,1550002850390
472,99,Gyroscope,-0.039981127000000005,0.046798393,0.024391849,1550002850399
473,99,Accelerometer,1.2174516000000002,0.59256494,8.882488,1550002850400
474,99,Gyroscope,-0.014324786,0.039468005,0.018283198,1550002850409
475,99,Accelerometer,1.353921,1.2282255,9.762358,1550002850410
476,99,Gyroscope,-0.005161807,0.04007887,0.028667906,1550002850419
477,99,Accelerometer,1.9644424999999999,1.2521674999999999,9.251195,1550002850419
478,99,Gyroscope,-0.010659594,0.033970222,0.056156844000000004,1550002850429
479,99,Accelerometer,1.0702082,1.3180081,9.238028,1550002850430
480,99,Gyroscope,0.032711837,0.02114205,0.057989437000000005,1550002850439
481,99,Accelerometer,1.328782,1.3682863,9.085996000000002,1550002850440
482,99,Gyroscope,0.060200773,0.085893765,0.056767705999999994,1550002850449
483,99,Accelerometer,-0.37229836,1.5658079,10.544064500000001,1550002850450
484,99,Gyroscope,-0.07418958,0.11582617,0.07020674,1550002850459
485,99,Accelerometer,0.51834464,0.31004912,13.456610999999999,1550002850459
486,99,Gyroscope,-0.059528813,0.09811107,0.018283198,1550002850469
487,99,Accelerometer,1.1312603,0.12689269,10.860099,1550002850469
488,99,Gyroscope,0.021716263,-0.014288133,-0.007984008,1550002850480
489,99,Accelerometer,0.9780314,1.292869,9.568427,1550002850480
490,99,Gyroscope,-0.039981127000000005,0.0040378235,0.06959588,1550002850489
491,99,Accelerometer,2.4085669999999997,1.532289,9.810242,1550002850490
492,99,Gyroscope,0.014996746000000002,0.010146476,0.10075001,1550002850499
493,99,Accelerometer,1.9740193,1.5777789,9.981427,1550002850500
494,99,Gyroscope,0.04187482,-0.024061977999999998,0.07020674,1550002850509
495,99,Accelerometer,1.6005238000000002,1.2401965,10.001778,1550002850509
496,99,Gyroscope,-0.009437865,-0.057048699999999994,0.10930212,1550002850519
497,99,Accelerometer,2.8323407000000005,1.1348516000000002,9.97185,1550002850520
498,99,Gyroscope,0.041263953,-0.08575937,0.106858656,1550002850529
499,99,Accelerometer,2.1691467999999996,0.9636662,10.205285,1550002850530
500,99,Gyroscope,0.054092124000000005,-0.07720725,0.07998059,1550002850539
501,99,Accelerometer,1.8638860000000002,0.89782566,8.746018,1550002850540
502,99,Gyroscope,0.0040011713,-0.055216104,0.09708481,1550002850549
503,99,Accelerometer,1.3970166000000002,1.5275006000000002,10.487801,1550002850550
504,99,Gyroscope,0.022327128999999998,-0.06621168,0.117243364,1550002850559
505,99,Accelerometer,1.555034,0.521936,9.376891,1550002850559
506,99,Gyroscope,-0.005161807,-0.053994372,0.07020674,1550002850569
507,99,Accelerometer,0.32680854,1.6938977,9.457097000000001,1550002850570
508,99,Gyroscope,-0.023487763,-0.01978592,0.044550404,1550002850579
509,99,Accelerometer,0.3184288,0.62608373,9.31105,1550002850580
510,99,Gyroscope,0.006444632,0.015033398,0.045161266,1550002850589
511,99,Accelerometer,0.26815059999999996,1.4628572,9.127894,1550002850590
512,99,Gyroscope,-0.039981127000000005,0.044965795999999995,0.031111367,1550002850599
513,99,Accelerometer,-1.2737153,0.9780314,9.643844999999999,1550002850599
514,99,Gyroscope,-0.0076052677,0.06573521,0.034776557,1550002850609
515,99,Accelerometer,0.12090719,0.8631097,9.958682000000001,1550002850609
516,99,Gyroscope,0.034544434,0.08406117,0.062265493,1550002850620
517,99,Accelerometer,0.35194764,1.5370774999999999,9.659407,1550002850620
518,99,Gyroscope,-0.06013968,0.103608854,0.05126992,1550002850629
519,99,Accelerometer,-0.06464344,1.1923125,9.657013000000001,1550002850630
520,99,Gyroscope,-0.022876898,0.08833723,0.053102515999999995,1550002850639
521,99,Accelerometer,1.2318168,1.1360487,10.988189,1550002850640
522,99,Gyroscope,0.03759876,0.046798393,0.0726502,1550002850649
523,99,Accelerometer,1.6340426000000001,1.4161704,10.226832,1550002850649
524,99,Gyroscope,-0.010659594,0.03702455,0.06348722400000001,1550002850659
525,99,Accelerometer,1.8160020000000001,1.0223241,9.539697,1550002850660
526,99,Gyroscope,0.004612036,0.014422532,0.06654155,1550002850669
527,99,Accelerometer,2.0266917,1.2054806,10.443508,1550002850670
528,99,Gyroscope,0.044929143,-0.0032925587,0.07753713,1550002850679
529,99,Accelerometer,2.006341,0.89543146,9.592369,1550002850680
530,99,Gyroscope,0.010720688999999999,-0.00084909797,0.054324247,1550002850689
531,99,Accelerometer,1.3826513999999999,0.92895025,9.512163000000001,1550002850689
532,99,Gyroscope,-0.01004873,0.0034269579,0.048215594,1550002850699
533,99,Accelerometer,1.4760253,1.0283096,10.368091,1550002850699
534,99,Gyroscope,0.014996746000000002,-0.017953325,0.021337522,1550002850710
535,99,Accelerometer,1.1695676000000002,0.94570965,9.569624000000001,1550002850710
536,99,Gyroscope,-0.03814853,0.008313879,0.03966348,1550002850719
537,99,Accelerometer,0.06344634,0.91578215,9.526527999999999,1550002850720
538,99,Gyroscope,-0.025931226,0.02114205,0.015839735,1550002850729
539,99,Accelerometer,0.19033903,0.8403648000000001,9.901221000000001,1550002850730
540,99,Gyroscope,0.008888093,0.01747686,0.021948388,1550002850739
541,99,Accelerometer,0.23822308,1.3024458,9.603143,1550002850739
542,99,Gyroscope,-0.028374685,0.032137625,0.032943964,1550002850749
543,99,Accelerometer,0.34356794,1.055843,9.351752000000001,1550002850749
544,99,Gyroscope,-0.0076052677,0.033970222,0.02927877,1550002850760
545,99,Accelerometer,0.49200845,0.91219085,9.545682000000001,1550002850760
546,99,Gyroscope,0.0052229017,0.033970222,0.028667906,1550002850769
547,99,Accelerometer,0.6907272,1.3120226000000001,10.159794999999999,1550002850770
548,99,Gyroscope,-0.022876898,0.034581087999999996,0.018894061,1550002850779
549,99,Accelerometer,0.93373865,0.676362,9.543288,1550002850780
550,99,Gyroscope,-0.01004873,0.018087726000000002,0.016450599999999996,1550002850789
551,99,Accelerometer,0.81043726,1.3335704,10.032902,1550002850790
552,99,Gyroscope,-0.012492188999999999,-0.00023823230999999999,0.007287623399999999,1550002850799
553,99,Accelerometer,1.1839328000000002,0.7529764,10.251971000000001,1550002850799
554,99,Gyroscope,0.014385881000000001,-0.013677267,0.007898489,1550002850809
555,99,Accelerometer,1.3946223999999998,1.0019734,9.799467,1550002850810
556,99,Gyroscope,-0.009437865,-0.0020708293,0.015228872,1550002850819
557,99,Accelerometer,1.3359646,1.258153,9.959878999999999,1550002850820
558,99,Gyroscope,-0.0033292117999999997,-0.014898999,0.018894061,1550002850829
559,99,Accelerometer,1.2354081000000001,1.0319009,10.133459,1550002850830
560,99,Gyroscope,0.008277228000000001,-0.035057552,0.02317012,1550002850839
561,99,Accelerometer,1.0893618,1.270124,10.237606,1550002850840
562,99,Gyroscope,0.0076663624,-0.04910745,0.022559252999999998,1550002850849
563,99,Accelerometer,1.340753,0.7757214,9.069236,1550002850849
564,99,Gyroscope,0.010109824,0.03152676,0.014618006999999999,1550002850859
565,99,Accelerometer,1.4520833,1.6747441000000003,10.087969000000001,1550002850859
566,99,Gyroscope,-0.02165517,0.06940041,0.035387423,1550002850870
567,99,Accelerometer,-0.45489833,0.6404489000000001,9.755175,1550002850870
568,99,Gyroscope,-0.06258314,-0.068044275,0.0323331,1550002850880
569,99,Accelerometer,0.36870706,1.3623008,11.493364999999999,1550002850880
570,99,Gyroscope,0.057146445,-0.071098596,0.014618006999999999,1550002850889
571,99,Accelerometer,1.6927006000000002,0.37828386,8.740033,1550002850890
572,99,Gyroscope,-0.06685919,0.0022052303,0.0024007012,1550002850899
573,99,Accelerometer,0.5470751,1.4652513999999999,8.178593,1550002850900
574,99,Gyroscope,-0.052198432,0.037635416,0.024391849,1550002850909
575,99,Accelerometer,0.22026655,1.0977415000000001,10.371682,1550002850909
576,99,Gyroscope,0.035155296,0.013200805,0.013396275,1550002850920
577,99,Accelerometer,1.091756,0.6667852,9.657013000000001,1550002850920
578,99,Gyroscope,0.021105397,0.011368208000000001,0.021948388,1550002850929
579,99,Accelerometer,0.842759,1.7824832,9.609129,1550002850930
580,99,Gyroscope,0.0070554977,0.032137625,0.039052617000000005,1550002850939
581,99,Accelerometer,0.6907272,1.5729905,9.4774475,1550002850940
582,99,Gyroscope,0.010720688999999999,0.041911468,0.05249165,1550002850949
583,99,Accelerometer,1.0319009,1.079785,9.956287,1550002850950
584,99,Gyroscope,-0.0045509413,0.022974647999999997,0.04210694,1550002850959
585,99,Accelerometer,1.2988545,1.5502456,10.575189,1550002850959
586,99,Gyroscope,0.025381455,-0.013066402,0.057989437000000005,1550002850969
587,99,Accelerometer,1.5334862,1.6160861,10.675745,1550002850970
588,99,Gyroscope,0.032711837,-0.009401211500000001,0.05737857,1550002850980
589,99,Accelerometer,1.0163386,1.3180081,9.896433,1550002850980
590,99,Gyroscope,0.035155296,-0.004514288,0.06104376,1550002850989
591,99,Accelerometer,0.12330139,1.1887212,9.488221000000001,1550002850990
592,99,Gyroscope,0.0076663624,-0.009401211500000001,0.075093664,1550002850999
593,99,Accelerometer,0.12689269,1.7645266,10.546458,1550002851000
594,99,Gyroscope,0.04187482,-0.013677267,0.07326107,1550002851009
595,99,Accelerometer,0.6931214,0.79008657,9.283517,1550002851009
596,99,Gyroscope,0.028435782000000003,-0.004514288,0.05554598,1550002851019
597,99,Accelerometer,-0.19632454,1.7788918999999999,8.882488,1550002851019
598,99,Gyroscope,0.008277228000000001,0.040689737000000004,0.07692626,1550002851030
599,99,Accelerometer,0.11851298,1.2773066000000002,9.625888,1550002851030
600,99,Gyroscope,0.021105397,0.036413684,0.08731097,1550002851039
601,99,Accelerometer,-0.107739076,0.90620536,9.988609,1550002851040
602,99,Gyroscope,0.05348126,0.033359356,0.08364577599999999,1550002851049
603,99,Accelerometer,0.019153614,1.1252748,9.453505499999999,1550002851050
604,99,Gyroscope,-0.0063835381999999994,0.04435493,0.10013914,1550002851059
605,99,Accelerometer,0.42018240000000007,1.2162545,9.749189,1550002851059
606,99,Gyroscope,-0.0039400775,0.05046358,0.09891741,1550002851069
607,99,Accelerometer,0.18674773,0.93493575,9.854534,1550002851069
608,99,Gyroscope,0.012553285,0.043744065,0.08303491,1550002851080
609,99,Accelerometer,0.050278235,0.91458505,9.716867,1550002851080
610,99,Gyroscope,-0.0137139205,0.052296177,0.086700104,1550002851089
611,99,Accelerometer,0.47165772,0.8331822,9.873688000000001,1550002851090
612,99,Gyroscope,-0.009437865,0.049241855999999994,0.06104376,1550002851099
613,99,Accelerometer,0.10295067,0.62129533,10.151415,1550002851100
614,99,Gyroscope,0.006444632,0.030305027999999998,0.05004819,1550002851109
615,99,Accelerometer,0.20949265,0.7230489,9.568427,1550002851110
616,99,Gyroscope,-0.023487763,0.030915894,0.046382997,1550002851119
617,99,Accelerometer,0.14963761,1.1839328000000002,9.713275999999999,1550002851119
618,99,Gyroscope,-0.021044305,0.03152676,0.043328673,1550002851129
619,99,Accelerometer,0.6895300999999999,1.0953473,10.314221,1550002851130
620,99,Gyroscope,0.010720688999999999,0.018698592,0.04210694,1550002851139
621,99,Accelerometer,1.3072342,1.2258313,10.017339999999999,1550002851140
622,99,Gyroscope,-0.023487763,0.008313879,0.056767705999999994,1550002851149
623,99,Accelerometer,2.1751322999999996,1.0402806,10.217255999999999,1550002851150
624,99,Gyroscope,0.0015577096,-0.053383507000000004,0.05554598,1550002851159
625,99,Accelerometer,2.4552537999999995,1.1324573999999998,10.663774499999999,1550002851160
626,99,Gyroscope,0.013775015,-0.06437908,0.04760473,1550002851169
627,99,Accelerometer,2.5725696,0.8738836,9.825804,1550002851169
628,99,Gyroscope,-0.0057726726,-0.06987687,0.041496076,1550002851179
629,99,Accelerometer,2.0111293999999997,0.91578215,9.785102,1550002851179
630,99,Gyroscope,0.036987893,-0.07720725,0.030500501,1550002851190
631,99,Accelerometer,1.5143325,0.51595044,9.950302,1550002851190
632,99,Gyroscope,0.018051071000000002,-0.07598552,0.0054550273,1550002851199
633,99,Accelerometer,0.8834603999999999,0.60573304,9.291897,1550002851200
634,99,Gyroscope,-0.016768249,-0.07170947,-0.011038333999999999,1550002851209
635,99,Accelerometer,0.7038953,0.9720459000000001,9.890448,1550002851210
636,99,Gyroscope,0.0113315545,-0.046663992,-0.007984008,1550002851219
637,99,Accelerometer,0.7098808000000001,0.79248077,9.855731,1550002851219
638,99,Gyroscope,0.0052229017,-0.029559765,0.006065893,1550002851229
639,99,Accelerometer,0.22625206,1.328782,9.15423,1550002851229
640,99,Gyroscope,-0.019822573,-0.014898999,-0.005540547,1550002851239
641,99,Accelerometer,1.1061212,1.3132197,9.408014999999999,1550002851240
642,99,Gyroscope,0.018051071000000002,-0.020396786,0.030500501,1550002851249
643,99,Accelerometer,0.9612719999999999,1.1192893,9.551667,1550002851250
644,99,Gyroscope,0.0094989585,-0.0039034244,0.03355483,1550002851259
645,99,Accelerometer,0.9672575000000001,1.2725182,9.481038999999999,1550002851260
646,99,Gyroscope,0.0040011713,0.010146476,0.032943964,1550002851269
647,99,Accelerometer,1.483208,0.9516952,9.323022,1550002851270
648,99,Gyroscope,0.016829342,0.024196379,0.04088521,1550002851279
649,99,Accelerometer,1.3120226000000001,1.1875241,9.2907,1550002851279
650,99,Gyroscope,-0.019211708,0.030915894,0.021337522,1550002851289
651,99,Accelerometer,1.7741034,1.3515268999999999,9.604341,1550002851290
652,99,Gyroscope,-0.0045509413,0.032137625,0.016450599999999996,1550002851300
653,99,Accelerometer,2.055422,1.1959038,9.574411999999999,1550002851300
654,99,Gyroscope,0.025992319,0.030305027999999998,0.031722232999999996,1550002851309
655,99,Accelerometer,1.4341268999999999,1.5454572,9.109938,1550002851310
656,99,Gyroscope,-0.054031022000000005,0.024807245,0.015839735,1550002851319
657,99,Accelerometer,1.6903063999999999,2.4301147000000003,10.83496,1550002851320
658,99,Gyroscope,-0.053420155999999996,0.018087726000000002,0.054935113,1550002851329
659,99,Accelerometer,1.8112136000000003,0.6667852,11.742362,1550002851330
660,99,Gyroscope,0.0058337674,-0.07903985,0.07875886,1550002851339
661,99,Accelerometer,1.7753005000000002,1.5490485,11.077971,1550002851339
662,99,Gyroscope,0.02721405,-0.058881298,0.025002714,1550002851350
663,99,Accelerometer,3.3842041,0.9804255999999999,8.51857,1550002851350
664,99,Gyroscope,-0.015546517,-0.00084909797,0.082424045,1550002851359
665,99,Accelerometer,1.4329298000000001,1.1923125,8.437167,1550002851360
666,99,Gyroscope,0.0015577096,0.008313879,0.09158703,1550002851369
667,99,Accelerometer,1.8124107,0.8702923,9.859323,1550002851370
668,99,Gyroscope,0.05653558,-0.01978592,0.062265493,1550002851379
669,99,Accelerometer,1.2114661,1.2126632,9.400833,1550002851379
670,99,Gyroscope,0.035155296,-0.027116302000000002,0.06104376,1550002851389
671,99,Accelerometer,1.3551182,0.6368576,10.014946,1550002851390
672,99,Gyroscope,0.060200773,-0.01734246,0.07326107,1550002851400
673,99,Accelerometer,1.0151415000000001,0.93732995,9.922769,1550002851400
674,99,Gyroscope,0.04004222,-0.004514288,0.06593069,1550002851409
675,99,Accelerometer,0.81642276,1.3144168,8.446744,1550002851410
676,99,Gyroscope,-0.036315932999999995,0.03885714,0.049437325,1550002851419
677,99,Accelerometer,0.51235914,1.4700398000000001,9.682152,1550002851420
678,99,Gyroscope,-0.012492188999999999,0.028472435,0.072039336,1550002851429
679,99,Accelerometer,0.5578489999999999,0.9995792,9.866506,1550002851429
680,99,Gyroscope,-0.0014966168,0.066956945,0.05004819,1550002851439
681,99,Accelerometer,0.34596214,1.6819267,9.131485000000001,1550002851440
682,99,Gyroscope,-0.068080924,0.091391556,0.080591455,1550002851449
683,99,Accelerometer,0.6991069000000001,1.423353,9.653421,1550002851450
684,99,Gyroscope,-0.030818147999999997,0.07184387,0.08547837,1550002851459
685,99,Accelerometer,0.32680854,1.4760253,10.044872999999999,1550002851460
686,99,Gyroscope,0.0094989585,0.05473964,0.06715242,1550002851469
687,99,Accelerometer,0.31244332,0.9648633,9.094375999999999,1550002851469
688,99,Gyroscope,-0.06991352,0.079785116,0.075093664,1550002851479
689,99,Accelerometer,1.436521,1.2258313,9.774328,1550002851479
690,99,Gyroscope,0.004612036,0.057793967,0.06043289599999999,1550002851490
691,99,Accelerometer,1.5227122,0.9756372,10.614694,1550002851490
692,99,Gyroscope,-0.014935651999999999,0.0431332,0.020115793,1550002851499
693,99,Accelerometer,1.7298107,0.6512229,9.925163000000001,1550002851500
694,99,Gyroscope,-0.076633036,0.02786157,0.041496076,1550002851509
695,99,Accelerometer,2.4887726000000003,0.33518824,10.59554,1550002851510
696,99,Gyroscope,0.017440207,-0.008790346,0.029889636,1550002851519
697,99,Accelerometer,2.1547816,0.5614403,10.702082,1550002851519
698,99,Gyroscope,0.02477059,-0.027727167999999996,0.027446175,1550002851529
699,99,Accelerometer,2.1033063,0.9828198,8.943541,1550002851529
700,99,Gyroscope,-0.034483336,-0.01856419,0.05921117,1550002851539
701,99,Accelerometer,2.0614076,1.2569559,9.834184,1550002851540
702,99,Gyroscope,0.04554001,-0.042387932999999996,0.05554598,1550002851550
703,99,Accelerometer,1.1659763,0.7541734999999999,9.694122,1550002851550
704,99,Gyroscope,0.047983468,-0.042998800000000004,0.08303491,1550002851559
705,99,Accelerometer,1.1264718999999999,1.1587936,9.293094,1550002851560
706,99,Gyroscope,0.004612036,-0.042998800000000004,0.08303491,1550002851569
707,99,Accelerometer,1.1001357,1.091756,9.941922,1550002851570
708,99,Gyroscope,0.06386597,-0.053383507000000004,0.064708956,1550002851579
709,99,Accelerometer,0.82599956,1.1480197,9.264363000000001,1550002851579
710,99,Gyroscope,0.04004222,-0.01856419,0.054324247,1550002851589
711,99,Accelerometer,0.6512229,1.6077063999999999,9.078813,1550002851590
712,99,Gyroscope,-0.040591992,0.019309454,0.06409809,1550002851600
713,99,Accelerometer,0.6823475,1.2198458,10.540473,1550002851600
714,99,Gyroscope,0.035155296,-0.010622941,0.05554598,1550002851609
715,99,Accelerometer,0.6847416999999999,0.62967503,10.317812,1550002851610
716,99,Gyroscope,0.031490106000000004,0.015033398,0.03844175,1550002851619
717,99,Accelerometer,0.700304,1.0702082,9.186552,1550002851620
718,99,Gyroscope,-0.02165517,0.036413684,0.041496076,1550002851629
719,99,Accelerometer,0.7026982,1.0414777,9.399636,1550002851630
720,99,Gyroscope,-0.0021074805,0.024196379,0.036609154,1550002851639
721,99,Accelerometer,0.9660603999999999,1.0833763,10.040085000000001,1550002851639
722,99,Gyroscope,-0.015546517,0.011979073,0.04393954,1550002851650
723,99,Accelerometer,1.0726023999999998,1.1384428999999998,9.637858999999999,1550002851650
724,99,Gyroscope,-0.016768249,0.012589939,0.035387423,1550002851659
725,99,Accelerometer,1.5646108,1.1432313,9.927557,1550002851660
726,99,Gyroscope,0.0033903066,0.0040378235,0.039052617000000005,1550002851669
727,99,Accelerometer,1.2437878,1.2797008,10.247183,1550002851670
728,99,Gyroscope,-0.0014966168,0.0015943646,0.040274344,1550002851679
729,99,Accelerometer,1.1049241,0.91458505,9.482236,1550002851680
730,99,Gyroscope,0.0070554977,-0.020396786,0.031722232999999996,1550002851689
731,99,Accelerometer,1.3515268999999999,1.3072342,10.28549,1550002851690
732,99,Gyroscope,0.04615087,-0.009401211500000001,0.029889636,1550002851699
733,99,Accelerometer,1.4173675,0.6619968,9.61272,1550002851699
734,99,Gyroscope,0.020494534,-0.016120728,0.058600303,1550002851709
735,99,Accelerometer,0.6572084,0.89543146,9.180567,1550002851709
736,99,Gyroscope,-0.02532036,-0.047885723,0.02927877,1550002851720
737,99,Accelerometer,1.0702082,1.8710686,11.058817999999999,1550002851720
738,99,Gyroscope,-0.02409863,-0.030170628999999997,0.03844175,1550002851729
739,99,Accelerometer,0.6907272,0.664391,11.544841,1550002851730
740,99,Gyroscope,-0.046089776,-0.11263744,0.06715242,1550002851739
741,99,Accelerometer,0.15682021,1.3611037,11.113883999999999,1550002851740
742,99,Gyroscope,0.044929143,-0.07537466,-0.0012644903,1550002851749
743,99,Accelerometer,1.7968484,0.9935937,8.678981,1550002851750
744,99,Gyroscope,-0.033261612,-0.00023823230999999999,0.043328673,1550002851759
745,99,Accelerometer,0.03232172,1.3012487,8.210915,1550002851759
746,99,Gyroscope,-0.03814853,0.0034269579,0.046993863,1550002851769
747,99,Accelerometer,0.08259996,0.7314286,9.390058999999999,1550002851769
748,99,Gyroscope,0.018661937,-0.011233807,0.034776557,1550002851780
749,99,Accelerometer,1.0450690999999999,1.079785,10.492589,1550002851780
750,99,Gyroscope,-0.008216133,-0.020396786,0.034776557,1550002851789
751,99,Accelerometer,0.5758055000000001,1.0929531000000001,9.473856,1550002851790
752,99,Gyroscope,-0.030207282000000002,-0.016120728,0.02927877,1550002851799
753,99,Accelerometer,1.0259154000000001,1.3970166000000002,9.8198185,1550002851800
754,99,Gyroscope,-0.0045509413,-0.026505437000000003,0.06654155,1550002851809
755,99,Accelerometer,1.1731589,0.7625531999999999,10.348937,1550002851810
756,99,Gyroscope,-0.019822573,-0.006346885,0.03722002,1550002851819
757,99,Accelerometer,1.2641385,0.6967127,9.825804,1550002851819
758,99,Gyroscope,-0.043035455,0.00037263334000000003,0.024391849,1550002851829
759,99,Accelerometer,0.6679823,0.6967127,10.247183,1550002851830
760,99,Gyroscope,-0.035705067,-0.005125154,0.015839735,1550002851839
761,99,Accelerometer,0.7350199000000001,0.6835446,9.783905,1550002851840
762,99,Gyroscope,-0.02898555,-0.014898999,0.012174546000000001,1550002851849
763,99,Accelerometer,0.9792285,0.90500826,10.090363499999999,1550002851850
764,99,Gyroscope,0.0033903066,-0.057048699999999994,0.028667906,1550002851859
765,99,Accelerometer,1.2413936,0.8571242,10.011353999999999,1550002851860
766,99,Gyroscope,0.022937994,-0.07476379,0.031722232999999996,1550002851869
767,99,Accelerometer,1.1695676000000002,1.258153,9.496601,1550002851869
768,99,Gyroscope,0.01560761,-0.06621168,0.031111367,1550002851879
769,99,Accelerometer,0.6536171,0.9564835999999999,9.502586,1550002851879
770,99,Gyroscope,0.03882049,-0.06987687,0.050659052999999996,1550002851890
771,99,Accelerometer,1.411382,1.5705963,10.30225,1550002851890
772,99,Gyroscope,0.039431356,-0.0851485,0.04760473,1550002851899
773,99,Accelerometer,0.7577648,1.0319009,9.776722999999999,1550002851900
774,99,Gyroscope,0.029046647000000002,-0.08209418,0.03844175,1550002851909
775,99,Accelerometer,0.4261679,1.271321,9.601946,1550002851910
776,99,Gyroscope,0.038209625,-0.063768215,0.06654155,1550002851919
777,99,Accelerometer,0.5482722,1.0235212,9.888053,1550002851920
778,99,Gyroscope,0.022937994,-0.057048699999999994,0.05737857,1550002851929
779,99,Accelerometer,0.11851298,1.1468226000000001,9.582792,1550002851929
780,99,Gyroscope,0.02477059,-0.051550914,0.05371338,1550002851939
781,99,Accelerometer,0.7086836999999999,1.0726023999999998,9.029732000000001,1550002851940
782,99,Gyroscope,0.019883668,-0.033224955,0.046993863,1550002851949
783,99,Accelerometer,0.46208093,1.423353,9.221267999999998,1550002851950
784,99,Gyroscope,0.008888093,0.005259555,0.05126992,1550002851959
785,99,Accelerometer,0.12808979,1.2246342,9.921572,1550002851960
786,99,Gyroscope,-0.0039400775,0.021752916,0.06287636,1550002851969
787,99,Accelerometer,-0.023942016,0.8331822,11.088745,1550002851970
788,99,Gyroscope,-0.009437865,0.0015943646,0.04393954,1550002851979
789,99,Accelerometer,-0.017956512,1.1707646999999999,10.839748,1550002851979
790,99,Gyroscope,-0.00027488545,-0.024672844,0.05249165,1550002851989
791,99,Accelerometer,0.7697359,1.0642227,9.285912,1550002851989
792,99,Gyroscope,-0.022876898,-0.011233807,0.051880784000000006,1550002851999
793,99,Accelerometer,0.688333,1.541866,9.411607,1550002852000
794,99,Gyroscope,-0.016157383,-0.0020708293,0.05126992,1550002852009
795,99,Accelerometer,0.15682021,1.1947067,10.226832,1550002852010
796,99,Gyroscope,0.029657512999999996,-0.0075686146,0.06409809,1550002852019
797,99,Accelerometer,0.36272156,0.93852705,9.968259,1550002852020
798,99,Gyroscope,0.0076663624,-0.02100765,0.06531982,1550002852029
799,99,Accelerometer,0.50397944,1.2976573999999998,10.05445,1550002852030
800,99,Gyroscope,0.03759876,-0.047885723,0.094030485,1550002852039
801,99,Accelerometer,1.0414777,1.0929531000000001,9.24521,1550002852039
802,99,Gyroscope,0.011942419,-0.020396786,0.06959588,1550002852049
803,99,Accelerometer,-0.1436521,1.2892777,9.368511,1550002852049
804,99,Gyroscope,-0.017989976,-0.0014599635999999999,0.0744828,1550002852060
805,99,Accelerometer,-0.06703765,0.90740246,9.725247,1550002852060
806,99,Gyroscope,-0.0033292117999999997,0.008313879,0.0744828,1550002852069
807,99,Accelerometer,0.18794483,1.2485761999999998,10.451887,1550002852070
808,99,Gyroscope,-0.0033292117999999997,-0.0075686146,0.072039336,1550002852079
809,99,Accelerometer,-0.12449849,0.8571242,9.941922,1550002852080
810,99,Gyroscope,-0.0008857511,0.011368208000000001,0.042717807000000003,1550002852089
811,99,Accelerometer,0.37110126,1.2198458,9.167398,1550002852089
812,99,Gyroscope,-0.023487763,0.014422532,0.06287636,1550002852099
813,99,Accelerometer,0.22146365,1.0211270000000001,9.811439,1550002852099
814,99,Gyroscope,0.020494534,-0.006957751,0.050659052999999996,1550002852110
815,99,Accelerometer,0.8714894,0.25737667,10.095152,1550002852110
816,99,Gyroscope,0.039431356,-0.02222938,0.0048441626,1550002852119
817,99,Accelerometer,1.3563153000000001,0.7745243,9.428367,1550002852120
818,99,Gyroscope,0.01316415,-0.004514288,0.0048441626,1550002852129
819,99,Accelerometer,0.8331822,0.4345476,8.080430999999999,1550002852130
820,99,Gyroscope,0.04187482,0.026639838,-0.04769025,1550002852139
821,99,Accelerometer,1.4616601,0.011971008,7.6171527,1550002852140
822,99,Gyroscope,-0.0008857511,0.051074445,-0.05257717,1550002852149
823,99,Accelerometer,0.8523358,1.7741034,10.682928,1550002852149
824,99,Gyroscope,-0.023487763,0.08100685,-0.038527273,1550002852159
825,99,Accelerometer,0.8295909,-0.061052144,9.61272,1550002852160
826,99,Gyroscope,-0.054641888,0.015033398,-0.007373143,1550002852169
827,99,Accelerometer,0.5434838000000001,1.8435352999999999,12.216414,1550002852170
828,99,Gyroscope,0.008277228000000001,-0.010012077,-0.015314391,1550002852179
829,99,Accelerometer,2.3798366,0.42377370000000003,10.84334,1550002852180
830,99,Gyroscope,-0.0027183462,-0.0026816929999999998,0.026224446000000002,1550002852189
831,99,Accelerometer,1.13964,1.578976,9.543288,1550002852190
832,99,Gyroscope,-0.022266036,0.015644263000000002,0.025002714,1550002852199
833,99,Accelerometer,1.1659763,0.93134445,9.939528,1550002852200
834,99,Gyroscope,0.044929143,-0.00023823230999999999,0.0066767577,1550002852209
835,99,Accelerometer,1.2677298000000001,0.81522566,9.611523,1550002852209
836,99,Gyroscope,-0.0063835381999999994,-0.006957751,0.0109528145,1550002852219
837,99,Accelerometer,1.0666169,1.2485761999999998,8.805874000000001,1550002852220
838,99,Gyroscope,-0.037537664,0.02786157,-0.005540547,1550002852229
839,99,Accelerometer,1.4676456,0.9983820999999999,8.7292595,1550002852230
840,99,Gyroscope,-0.030818147999999997,0.03152676,-0.032418616000000004,1550002852239
841,99,Accelerometer,0.91937345,1.3838485,9.96347,1550002852240
842,99,Gyroscope,0.016829342,0.03580282,-0.03730554,1550002852249
843,99,Accelerometer,0.24540567,1.2030864,10.145430000000001,1550002852250
844,99,Gyroscope,-0.026542092000000003,0.034581087999999996,-0.030586022999999997,1550002852259
845,99,Accelerometer,1.2653356000000002,0.9780314,10.405201,1550002852259
846,99,Gyroscope,0.0040011713,0.010757342,-0.009816604,1550002852269
847,99,Accelerometer,2.4181437000000003,0.7505821999999999,10.638636,1550002852269
848,99,Gyroscope,0.01560761,0.035191953,-0.0030970859999999998,1550002852279
849,99,Accelerometer,2.2349873,1.5047556999999998,8.772355000000001,1550002852280
850,99,Gyroscope,-0.092515536,0.05962656400000001,-0.028753427999999998,1550002852289
851,99,Accelerometer,1.8339584999999998,0.35075054,10.305841000000001,1550002852290
852,99,Gyroscope,-0.06136141,0.03824628,-0.02692083,1550002852299
853,99,Accelerometer,1.3239936,0.9756372,9.910798,1550002852300
854,99,Gyroscope,-0.0137139205,0.041300602,-0.05624236,1550002852309
855,99,Accelerometer,1.8136078000000002,0.90021986,8.74961,1550002852310
856,99,Gyroscope,-0.03387247,0.071233004,-0.053188037,1550002852319
857,99,Accelerometer,0.6835446,0.94211835,9.485827,1550002852319
858,99,Gyroscope,-0.015546517,0.08406117,-0.07090313,1550002852329
859,99,Accelerometer,0.14844051,1.4532804,9.739613,1550002852329
860,99,Gyroscope,-0.033261612,0.10544146,-0.038527273,1550002852339
861,99,Accelerometer,0.9564835999999999,1.0307038,9.572019000000001,1550002852340
862,99,Gyroscope,-0.02409863,0.10666319,-0.039749,1550002852349
863,99,Accelerometer,0.7386111999999999,1.5466543,10.500969,1550002852350
864,99,Gyroscope,0.013775015,0.09566761,-0.020812178,1550002852359
865,99,Accelerometer,0.8607155000000001,1.3072342,9.715671,1550002852360
866,99,Gyroscope,-0.022876898,0.09261329,-0.0067622773,1550002852369
867,99,Accelerometer,0.7613561,1.6627731,9.812635,1550002852370
868,99,Gyroscope,-0.0008857511,0.08406117,0.0036224315000000003,1550002852379
869,99,Accelerometer,1.1180921999999998,1.1180921999999998,9.76116,1550002852379
870,99,Gyroscope,0.035766162000000004,0.08467203400000001,-0.020812178,1550002852389
871,99,Accelerometer,0.92655605,1.0486604,9.440337,1550002852389
872,99,Gyroscope,-0.005161807,0.102997996,-0.018368717,1550002852400
873,99,Accelerometer,1.0414777,0.9564835999999999,9.561244,1550002852400
874,99,Gyroscope,0.011942419,0.10238712,-0.02325564,1550002852410
875,99,Accelerometer,1.3227965,1.0295067,9.8677025,1550002852410
876,99,Gyroscope,0.025992319,0.099943675,-0.018979583,1550002852419
877,99,Accelerometer,1.3922282,0.9612719999999999,9.886856,1550002852420
878,99,Gyroscope,-0.0033292117999999997,0.10544146,-0.018979583,1550002852429
879,99,Accelerometer,1.1408371000000002,0.5315128,9.639056,1550002852430
880,99,Gyroscope,0.022327128999999998,0.10727405,-0.035472944,1550002852439
881,99,Accelerometer,0.92416185,1.0247183000000002,9.866506,1550002852439
882,99,Gyroscope,-0.015546517,0.09261329,-0.018979583,1550002852449
883,99,Accelerometer,1.1899183,1.0450690999999999,9.5971575,1550002852450
884,99,Gyroscope,-0.027152957000000002,0.085893765,-0.042192463,1550002852460
885,99,Accelerometer,1.0809821000000002,1.5119383,10.116699,1550002852460
886,99,Gyroscope,-0.009437865,0.0852829,-0.012260064499999999,1550002852469
887,99,Accelerometer,1.4173675,0.9624690999999999,9.7324295,1550002852470
888,99,Gyroscope,-0.011881325,0.09688934,-0.021423044,1550002852479
889,99,Accelerometer,0.9708488000000001,1.3395559,9.91439,1550002852480
890,99,Gyroscope,-0.0014966168,0.08650463,-0.017146988000000002,1550002852489
891,99,Accelerometer,1.0055646999999999,1.2449848999999997,9.740809,1550002852490
892,99,Gyroscope,-0.010659594,0.07673079,-0.007984008,1550002852499
893,99,Accelerometer,1.3670892,1.5478513999999999,10.044872999999999,1550002852499
894,99,Gyroscope,-0.010659594,0.06634608,0.006065893,1550002852510
895,99,Accelerometer,1.5430629999999999,1.0235212,9.951499,1550002852510
896,99,Gyroscope,-0.0033292117999999997,0.052907042,0.0030115664,1550002852520
897,99,Accelerometer,1.0450690999999999,0.79846627,9.660604,1550002852520
898,99,Gyroscope,-0.0045509413,0.07001127,0.009731084000000001,1550002852530
899,99,Accelerometer,1.1085154,0.8858546,9.91439,1550002852530
900,99,Gyroscope,0.006444632,0.04740926,0.0036224315000000003,1550002852539
901,99,Accelerometer,1.1719618,1.1240777,10.089166,1550002852540
902,99,Gyroscope,0.0070554977,0.033970222,0.008509354,1550002852549
903,99,Accelerometer,1.1073183000000002,1.0342950999999998,10.134656,1550002852549
904,99,Gyroscope,0.0052229017,0.033359356,0.015228872,1550002852559
905,99,Accelerometer,0.9900024,1.0031705,9.471461999999999,1550002852559
906,99,Gyroscope,0.028435782000000003,0.029083297,0.01156368,1550002852570
907,99,Accelerometer,1.3239936,1.0881646999999999,9.429563499999999,1550002852570
908,99,Gyroscope,-0.032650746,0.04740926,0.007287623399999999,1550002852579
909,99,Accelerometer,1.2856863,1.8662802,12.696451,1550002852580
910,99,Gyroscope,-0.019822573,0.046187527,0.040274344,1550002852589
911,99,Accelerometer,-0.33518824,0.059855044,10.483011999999999,1550002852590
912,99,Gyroscope,-0.07724389999999999,-0.06987687,0.019504927,1550002852599
913,99,Accelerometer,0.59615624,1.8399439999999998,12.970588000000001,1550002852600
914,99,Gyroscope,0.051037795999999996,-0.12485474,0.013396275,1550002852609
915,99,Accelerometer,2.837129,0.272939,9.411607,1550002852609
916,99,Gyroscope,0.0070554977,-0.038111877,0.01156368,1550002852619
917,99,Accelerometer,1.3215994,1.614889,7.2340803,1550002852620
918,99,Gyroscope,-0.08396342400000001,0.03580282,-0.015925256999999998,1550002852629
919,99,Accelerometer,1.1001357,1.2797008,8.796297000000001,1550002852630
920,99,Gyroscope,0.051037795999999996,0.013811666499999998,0.0024007012,1550002852639
921,99,Accelerometer,0.21547815,0.8846575000000001,9.988609,1550002852640
922,99,Gyroscope,-0.0137139205,0.024807245,-0.007373143,1550002852649
923,99,Accelerometer,0.44532153,0.50757074,9.621099000000001,1550002852650
924,99,Gyroscope,-0.005161807,0.025418106,-0.039138135,1550002852659
925,99,Accelerometer,0.80086046,1.2880806,9.452309,1550002852659
926,99,Gyroscope,0.06630943,0.03885714,-0.017146988000000002,1550002852669
927,99,Accelerometer,0.59615624,1.9273324,9.55885,1550002852670
928,99,Gyroscope,0.01560761,0.035191953,0.04577213,1550002852680
929,99,Accelerometer,0.14006079999999999,0.94570965,9.238028,1550002852680
930,99,Gyroscope,0.036377028,0.009535611,0.008509354,1550002852689
931,99,Accelerometer,1.9105729999999999,1.5634137,10.487801,1550002852690
932,99,Gyroscope,0.04554001,-0.008790346,0.03844175,1550002852699
933,99,Accelerometer,1.650802,2.3918076,10.387244,1550002852700
934,99,Gyroscope,-0.018600842,-0.00817948,0.06348722400000001,1550002852709
935,99,Accelerometer,0.6679823,1.2066777,9.370906,1550002852710
936,99,Gyroscope,0.03210097,-0.036279282999999996,0.03844175,1550002852719
937,99,Accelerometer,1.271321,1.0486604,10.597934,1550002852719
938,99,Gyroscope,0.08402452,-0.055216104,0.06531982,1550002852730
939,99,Accelerometer,1.0522517,0.6739678000000001,9.5253315,1550002852730
940,99,Gyroscope,-0.00027488545,-0.05216177599999999,0.05921117,1550002852740
941,99,Accelerometer,1.6412252,1.3754688999999998,9.879673,1550002852740
942,99,Gyroscope,-0.008216133,-0.042387932999999996,0.04393954,1550002852749
943,99,Accelerometer,0.8798690999999998,0.6584055,9.6845455,1550002852750
944,99,Gyroscope,0.0021685753,-0.039333608,0.02561358,1550002852759
945,99,Accelerometer,0.50996494,0.32202014,9.67018,1550002852760
946,99,Gyroscope,-0.08335256,-0.035057552,0.04210694,1550002852769
947,99,Accelerometer,1.7561468999999996,0.4249708,9.856929,1550002852769
948,99,Gyroscope,0.022327128999999998,-0.03750101,-0.053188037,1550002852779
949,99,Accelerometer,-0.49799395,0.19033903,9.0476885,1550002852779
950,99,Gyroscope,-0.030207282000000002,0.022363782000000002,-0.07579005,1550002852790
951,99,Accelerometer,-0.019153614,1.567005,9.539697,1550002852790
952,99,Gyroscope,-0.09007207,0.021752916,-0.011649198999999999,1550002852800
953,99,Accelerometer,-0.37229836,0.12449849,10.107122,1550002852800
954,99,Gyroscope,0.040653087000000004,0.016865995,-0.08006611,1550002852809
955,99,Accelerometer,-0.8643068000000002,0.8762778,10.189722,1550002852810
956,99,Gyroscope,0.0033903066,0.033970222,-0.009205738,1550002852819
957,99,Accelerometer,1.1228806,1.436521,8.693346,1550002852820
958,99,Gyroscope,-0.07602217,0.05901569999999999,0.043328673,1550002852829
959,99,Accelerometer,0.61650693,1.6352396999999999,10.569203,1550002852829
960,99,Gyroscope,0.026603185,0.035191953,-0.018979583,1550002852839
961,99,Accelerometer,0.39264908,1.1145009,11.173739,1550002852839
962,99,Gyroscope,0.0113315545,0.0034269579,0.030500501,1550002852850
963,99,Accelerometer,2.1320367,1.2138603000000001,9.39365,1550002852850
964,99,Gyroscope,-0.08946121,-0.012455538,0.008509354,1550002852859
965,99,Accelerometer,0.79846627,0.9516952,10.544064500000001,1550002852860
966,99,Gyroscope,0.0070554977,-0.051550914,-0.017757852,1550002852869
967,99,Accelerometer,1.4712370000000001,0.5494693,10.170568,1550002852870
968,99,Gyroscope,0.016218476000000003,-0.061324757,0.008509354,1550002852879
969,99,Accelerometer,1.8016368000000003,1.2126632,8.676587,1550002852880
970,99,Gyroscope,-0.03509419999999999,-0.041166205,-0.019590449,1550002852889
971,99,Accelerometer,0.47524905,0.6344634,10.352528999999999,1550002852889
972,99,Gyroscope,0.029657512999999996,-0.06498995,-0.017146988000000002,1550002852899
973,99,Accelerometer,1.2246342,0.6368576,10.435128,1550002852899
974,99,Gyroscope,0.035155296,-0.058270432000000004,-0.0012644903,1550002852910
975,99,Accelerometer,0.5746084,1.127669,9.416395,1550002852910
976,99,Gyroscope,-0.0369268,-0.04422053,-0.0030970859999999998,1550002852919
977,99,Accelerometer,0.18076223,0.8631097,9.91798,1550002852920
978,99,Gyroscope,0.026603185,-0.038722742000000004,0.0030115664,1550002852929
979,99,Accelerometer,0.2621651,1.0235212,10.077195,1550002852930
980,99,Gyroscope,0.030879242,-0.041777067,0.0066767577,1550002852939
981,99,Accelerometer,0.07182605,1.0654198000000001,8.871715,1550002852940
982,99,Gyroscope,-0.030818147999999997,-0.028948900000000003,-0.0012644903,1550002852949
983,99,Accelerometer,-0.29927522,1.353921,9.100361,1550002852949
984,99,Gyroscope,0.010720688999999999,-0.00084909797,0.01034195,1550002852959
985,99,Accelerometer,-0.30406362,1.2306197,9.888053,1550002852959
986,99,Gyroscope,0.01560761,0.008924745,0.019504927,1550002852970
987,99,Accelerometer,-0.045489833,0.6715736,8.872911,1550002852970
988,99,Gyroscope,-0.0021074805,0.039468005,0.017672332,1550002852980
989,99,Accelerometer,0.6464345,1.6783354,10.795456,1550002852980
990,99,Gyroscope,-0.047311507,0.046798393,0.008509354,1550002852989
991,99,Accelerometer,-0.8571242,0.32800564,10.019734,1550002852990
992,99,Gyroscope,-0.092515536,0.012589939,-0.0067622773,1550002852999
993,99,Accelerometer,-0.42736499999999994,2.1871033,12.623428,1550002853000
994,99,Gyroscope,0.00033598019999999995,-0.071098596,-0.008594873000000001,1550002853009
995,99,Accelerometer,1.8746599,0.6572084,10.105926,1550002853009
996,99,Gyroscope,0.0033903066,-0.041166205,-0.0012644903,1550002853019
997,99,Accelerometer,0.6488286999999999,1.8243817,8.453926,1550002853020
998,99,Gyroscope,-0.08946121,-0.00023823230999999999,-4.2759813000000006e-05,1550002853030
999,99,Accelerometer,0.48722005,1.1133038,9.045294,1550002853030
1000,99,Gyroscope,0.021105397,-0.006957751,0.017672332,1550002853039
1001,99,Accelerometer,0.23104046,0.5614403,10.500969,1550002853040
1002,99,Gyroscope,0.022937994,-0.046663992,0.0109528145,1550002853049
1003,99,Accelerometer,1.0366893,0.65242,10.126275999999999,1550002853050
1004,99,Gyroscope,-0.01737911,-0.039333608,-0.02325564,1550002853059
1005,99,Accelerometer,2.1871033,0.47644615,9.660604,1550002853059
1006,99,Gyroscope,0.0113315545,-0.043609664000000006,0.021948388,1550002853070
1007,99,Accelerometer,0.6943185000000001,0.35913026,10.157401,1550002853070
1008,99,Gyroscope,0.0033903066,-0.02100765,-0.023866504,1550002853079
1009,99,Accelerometer,1.2425906999999998,-0.2825158,10.0341,1550002853079
1010,99,Gyroscope,-0.0509767,-0.05277264,-0.062351014,1550002853090
1011,99,Accelerometer,2.60968,1.1025299,10.960655000000001,1550002853090
1012,99,Gyroscope,0.00033598019999999995,-0.06071389,-0.06662707,1550002853099
1013,99,Accelerometer,1.958457,0.6596026,8.990228,1550002853099
1014,99,Gyroscope,-0.098624185,-0.015509863999999998,-0.10999849999999999,1550002853109
1015,99,Accelerometer,0.40342298,1.7130512999999998,8.440758,1550002853110
1016,99,Gyroscope,-0.085185155,-0.014288133,-0.113663696,1550002853119
1017,99,Accelerometer,0.022744916,0.7242460000000001,9.528922999999999,1550002853119
1018,99,Gyroscope,0.02721405,-0.041166205,-0.09411601,1550002853129
1019,99,Accelerometer,-0.36870706,1.1563994,10.529699,1550002853130
1020,99,Gyroscope,-0.01737911,-0.006957751,-0.09411601,1550002853139
1021,99,Accelerometer,0.5674258000000001,1.0869676000000001,8.60117,1550002853139
1022,99,Gyroscope,-0.015546517,0.013200805,-0.07090313,1550002853149
1023,99,Accelerometer,-0.076614454,1.7310078000000002,9.244013,1550002853149
1024,99,Gyroscope,0.0033903066,0.040689737000000004,-0.07517918,1550002853159
1025,99,Accelerometer,0.5805939,1.9069817,9.91439,1550002853160
1026,99,Gyroscope,-0.0369268,0.05046358,-0.038527273,1550002853169
1027,99,Accelerometer,0.545878,1.5239093000000001,9.085996000000002,1550002853169
1028,99,Gyroscope,-0.027152957000000002,0.049241855999999994,-0.03302948,1550002853179
1029,99,Accelerometer,1.0989386,1.4341268999999999,10.168175,1550002853180
1030,99,Gyroscope,0.03882049,0.026639838,-0.02447737,1550002853189
1031,99,Accelerometer,2.1703438999999998,1.5263035,9.922769,1550002853189
1032,99,Gyroscope,-0.028374685,0.015033398,0.017061466,1550002853200
1033,99,Accelerometer,2.6970682,1.7657237000000001,9.805453,1550002853200
1034,99,Gyroscope,-0.014324786,0.0022052303,0.021948388,1550002853209
1035,99,Accelerometer,2.5330652999999996,1.4101848999999997,9.840169,1550002853210
1036,99,Gyroscope,0.03393357,-0.006346885,0.015839735,1550002853219
1037,99,Accelerometer,1.9273324,1.1384428999999998,9.332599,1550002853220
1038,99,Gyroscope,-0.01737911,0.009535611,0.0030115664,1550002853229
1039,99,Accelerometer,1.7741034,1.3156139,11.095928,1550002853230
1040,99,Gyroscope,0.05042693,-0.019175055,-0.000653625,1550002853239
1041,99,Accelerometer,1.6579846999999999,0.9540894,10.577583,1550002853239
1042,99,Gyroscope,0.02477059,-0.047274857999999996,0.0005681054,1550002853250
1043,99,Accelerometer,1.567005,1.1695676000000002,9.469068,1550002853250
1044,99,Gyroscope,-0.030207282000000002,-0.042387932999999996,0.0127854105,1550002853259
1045,99,Accelerometer,1.34195,1.5167267,9.411607,1550002853259
1046,99,Gyroscope,0.01560761,-0.01856419,0.0066767577,1550002853269
1047,99,Accelerometer,0.47764325,1.0857705,10.080786999999999,1550002853270
1048,99,Gyroscope,-0.0063835381999999994,0.0009834989999999999,0.0066767577,1550002853279
1049,99,Accelerometer,-0.010773907,0.59615624,9.473856,1550002853279
1050,99,Gyroscope,-0.02532036,0.009535611,0.012174546000000001,1550002853289
1051,99,Accelerometer,0.11252748,0.80205756,9.883265,1550002853290
1052,99,Gyroscope,0.010109824,0.0058704205,-4.2759813000000006e-05,1550002853299
1053,99,Accelerometer,0.090979666,0.45010993,9.301474,1550002853300
1054,99,Gyroscope,-0.0057726726,0.03702455,-0.028753427999999998,1550002853310
1055,99,Accelerometer,-0.29688102,0.61411273,9.221267999999998,1550002853310
1056,99,Gyroscope,-0.038759395,0.06451348,-0.025699101000000002,1550002853319
1057,99,Accelerometer,0.6727706999999999,0.52073884,9.639056,1550002853319
1058,99,Gyroscope,-0.02898555,0.062680885,-0.05257717,1550002853329
1059,99,Accelerometer,0.41180268,0.79487497,9.625888,1550002853330
1060,99,Gyroscope,-0.043646313,0.07062214,-0.06662707,1550002853339
1061,99,Accelerometer,1.1109096,0.9684546,9.981427,1550002853340
1062,99,Gyroscope,-0.06502659599999999,0.0431332,-0.04280333,1550002853349
1063,99,Accelerometer,1.3515268999999999,0.6751649000000001,9.533711,1550002853349
1064,99,Gyroscope,-0.02165517,0.03885714,-0.033640347,1550002853360
1065,99,Accelerometer,1.9560628,1.389834,9.657013000000001,1550002853360
1066,99,Gyroscope,-0.033261612,0.06207002,0.0030115664,1550002853369
1067,99,Accelerometer,2.6240451,1.0342950999999998,9.902417999999999,1550002853369
1068,99,Gyroscope,-0.0045509413,0.03274849,-0.007984008,1550002853380
1069,99,Accelerometer,2.1332338,0.9911995000000001,9.623494,1550002853380
1070,99,Gyroscope,0.048594332999999997,0.007092151999999999,-0.017146988000000002,1550002853389
1071,99,Accelerometer,2.2062569,1.2761095,8.289924000000001,1550002853389
1072,99,Gyroscope,0.036377028,0.05473964,-0.0012644903,1550002853400
1073,99,Accelerometer,2.622848,1.7310078000000002,10.404003,1550002853400
1074,99,Gyroscope,-0.023487763,0.0993328,-0.022644775,1550002853409
1075,99,Accelerometer,0.005985504,0.60453594,10.848127999999999,1550002853410
1076,99,Gyroscope,-0.055252752999999995,0.09505675,-0.031807754,1550002853419
1077,99,Accelerometer,0.4333505,1.6579846999999999,12.49893,1550002853420
1078,99,Gyroscope,0.04004222,-0.035668418,0.02561358,1550002853429
1079,99,Accelerometer,2.4408886,0.40462008,9.882067999999999,1550002853430
1080,99,Gyroscope,0.060200773,-0.03139236,-0.036694676,1550002853439
1081,99,Accelerometer,0.29927522,1.9201498,7.836222,1550002853439
1082,99,Gyroscope,-0.095569864,0.06207002,0.023780985,1550002853450
1083,99,Accelerometer,0.7457938000000001,1.1947067,8.941146,1550002853450
1084,99,Gyroscope,0.07241808,0.013200805,-4.2759813000000006e-05,1550002853459
1085,99,Accelerometer,0.80086046,1.6903063999999999,10.465055,1550002853460
1086,99,Gyroscope,0.02721405,0.013200805,0.018894061,1550002853469
1087,99,Accelerometer,0.8355764000000001,1.7238252,10.506953999999999,1550002853470
1088,99,Gyroscope,-0.03814853,-0.038111877,0.07692626,1550002853479
1089,99,Accelerometer,0.94690675,0.022744916,10.344149,1550002853480
1090,99,Gyroscope,0.02477059,0.0022052303,0.021337522,1550002853490
1091,99,Accelerometer,1.9057846,1.2940661,10.266336,1550002853489
1092,99,Gyroscope,-0.035705067,0.010757342,0.017061466,1550002853500
1093,99,Accelerometer,1.5035586,1.6280571000000001,9.472659,1550002853500
1094,99,Gyroscope,-0.058917947000000005,-0.0075686146,0.0042332970000000004,1550002853509
1095,99,Accelerometer,1.2521674999999999,0.4165911,9.712079,1550002853510
1096,99,Gyroscope,-0.0039400775,-0.04849659,-0.02203391,1550002853519
1097,99,Accelerometer,1.4413095,0.7625531999999999,10.155006,1550002853520
1098,99,Gyroscope,0.014385881000000001,-0.042998800000000004,-0.037916407,1550002853529
1099,99,Accelerometer,1.8926164,0.60932434,8.956709,1550002853530
1100,99,Gyroscope,-0.0027183462,-0.024672844,-0.0067622773,1550002853539
1101,99,Accelerometer,0.59495914,0.7793127,9.3182335,1550002853539
1102,99,Gyroscope,0.026603185,-0.030781494,-0.014703525,1550002853549
1103,99,Accelerometer,0.59855044,0.93732995,10.00896,1550002853550
1104,99,Gyroscope,0.0058337674,-0.020396786,-0.030586022999999997,1550002853559
1105,99,Accelerometer,1.1731589,1.0354922,9.781511,1550002853559
1106,99,Gyroscope,0.016218476000000003,-0.013066402,-0.005540547,1550002853569
1107,99,Accelerometer,0.38067806,0.9900024,9.507375,1550002853570
1108,99,Gyroscope,-0.0045509413,0.0015943646,-0.031196889,1550002853579
1109,99,Accelerometer,0.6667852,1.4101848999999997,9.849746000000001,1550002853580
1110,99,Gyroscope,-0.0137139205,0.004648689,-0.015314391,1550002853589
1111,99,Accelerometer,0.63206923,1.0175357,9.982624000000001,1550002853590
1112,99,Gyroscope,0.028435782000000003,0.005259555,-0.007373143,1550002853599
1113,99,Accelerometer,0.28012159999999997,0.91817635,9.537302,1550002853600
1114,99,Gyroscope,-0.006994404,0.021752916,-0.015925256999999998,1550002853609
1115,99,Accelerometer,0.25857377,1.2988545,9.601946,1550002853609
1116,99,Gyroscope,-0.023487763,0.036413684,-0.014703525,1550002853620
1117,99,Accelerometer,0.6991069000000001,1.1073183000000002,9.548077000000001,1550002853620
1118,99,Gyroscope,-0.02898555,0.022363782000000002,0.0017898360000000002,1550002853629
1119,99,Accelerometer,0.20709845,1.3215994,10.407595,1550002853630
1120,99,Gyroscope,-0.006994404,-0.00023823230999999999,-0.02692083,1550002853639
1121,99,Accelerometer,0.9624690999999999,0.9983820999999999,10.168175,1550002853640
1122,99,Gyroscope,-0.014324786,-0.0075686146,-0.021423044,1550002853649
1123,99,Accelerometer,1.2330139,1.1540052,9.861717,1550002853650
1124,99,Gyroscope,-0.0014966168,-0.013677267,-0.011649198999999999,1550002853659
1125,99,Accelerometer,1.2916718999999999,1.3623008,9.922769,1550002853659
1126,99,Gyroscope,0.02354886,-0.022840247,-0.02325564,1550002853670
1127,99,Accelerometer,0.92775315,1.2425906999999998,9.773131,1550002853670
1128,99,Gyroscope,0.048594332999999997,-0.030170628999999997,-0.0037079514000000003,1550002853679
1129,99,Accelerometer,0.52073884,1.3730746999999999,10.3214035,1550002853680
1130,99,Gyroscope,0.014385881000000001,-0.011233807,0.03416569,1550002853689
1131,99,Accelerometer,0.94930094,1.1863270000000001,10.126275999999999,1550002853690
1132,99,Gyroscope,0.048594332999999997,-0.051550914,0.05249165,1550002853699
1133,99,Accelerometer,1.4796166000000002,1.2270284,9.119514,1550002853700
1134,99,Gyroscope,0.036377028,-0.03750101,0.021337522,1550002853710
1135,99,Accelerometer,0.35553896,1.1994951,8.3868885,1550002853710
1136,99,Gyroscope,-0.008826999,0.013811666499999998,0.021337522,1550002853719
1137,99,Accelerometer,0.11133038,1.3503298000000001,9.554062,1550002853720
1138,99,Gyroscope,-0.010659594,0.021752916,0.026835311,1550002853729
1139,99,Accelerometer,0.21667525,1.1659763,10.194510000000001,1550002853730
1140,99,Gyroscope,0.032711837,-0.014288133,0.015228872,1550002853739
1141,99,Accelerometer,0.34117374,0.6560113000000001,8.647857,1550002853740
1142,99,Gyroscope,0.051037795999999996,0.03885714,0.0036224315000000003,1550002853749
1143,99,Accelerometer,1.1145009,2.267309,11.268311,1550002853750
1144,99,Gyroscope,-0.05586362,0.090169825,0.022559252999999998,1550002853759
1145,99,Accelerometer,-0.49919105,0.41060558,11.439496,1550002853759
1146,99,Gyroscope,-0.076633036,0.013200805,0.0042332970000000004,1550002853769
1147,99,Accelerometer,0.2873042,1.5454572,12.591106,1550002853770
1148,99,Gyroscope,0.055924714,-0.06926601,0.03599829,1550002853779
1149,99,Accelerometer,2.7126305,1.1420341999999999,9.531317,1550002853779
1150,99,Gyroscope,-0.07602217,-0.04910745,0.013396275,1550002853790
1151,99,Accelerometer,0.7146691999999999,1.6591818,8.444349,1550002853790
1152,99,Gyroscope,-0.06013968,-0.03261409,0.016450599999999996,1550002853799
1153,99,Accelerometer,0.7469909,0.59136784,9.958682000000001,1550002853800
1154,99,Gyroscope,0.008888093,-0.041166205,0.025002714,1550002853810
1155,99,Accelerometer,1.0833763,0.7158663000000001,10.224439,1550002853810
1156,99,Gyroscope,0.008888093,-0.061324757,-0.017757852,1550002853819
1157,99,Accelerometer,0.842759,1.3156139,9.902417999999999,1550002853819
1158,99,Gyroscope,0.00033598019999999995,-0.10225273,-0.031807754,1550002853829
1159,99,Accelerometer,0.5267244000000001,1.2306197,10.788273,1550002853830
1160,99,Gyroscope,0.044929143,-0.12974167,0.017061466,1550002853839
1161,99,Accelerometer,1.376666,1.1336545,10.453085,1550002853840
1162,99,Gyroscope,0.05470299,-0.101031,0.042717807000000003,1550002853849
1163,99,Accelerometer,1.423353,1.9800048,9.088389,1550002853850
1164,99,Gyroscope,-0.030818147999999997,-0.102863595,0.028667906,1550002853859
1165,99,Accelerometer,0.04309563,1.3563153000000001,9.716867,1550002853859
1166,99,Gyroscope,-0.03387247,-0.11080484,0.018283198,1550002853869
1167,99,Accelerometer,0.51116204,0.60214174,9.824607,1550002853870
1168,99,Gyroscope,0.030268377000000003,-0.07903985,-0.0140926605,1550002853879
1169,99,Accelerometer,0.20350714,1.6196774,9.024942999999999,1550002853880
1170,99,Gyroscope,0.022327128999999998,-0.023451112000000003,-0.0018753556,1550002853889
1171,99,Accelerometer,-0.50278234,0.78170687,8.914810000000001,1550002853889
1172,99,Gyroscope,-0.012492188999999999,-0.00084909797,-0.029975157000000002,1550002853900
1173,99,Accelerometer,-1.5729905,1.2449848999999997,10.43034,1550002853900
1174,99,Gyroscope,0.019883668,0.022974647999999997,-0.005540547,1550002853909
1175,99,Accelerometer,-0.029927522,0.63087213,10.140641,1550002853910
1176,99,Gyroscope,-0.033261612,0.007092151999999999,0.034776557,1550002853919
1177,99,Accelerometer,-0.5566519,1.3623008,9.473856,1550002853919
1178,99,Gyroscope,-0.01737911,0.01625513,0.020726658000000002,1550002853930
1179,99,Accelerometer,-0.37229836,1.2413936,9.767146,1550002853930
1180,99,Gyroscope,0.021105397,0.029694162000000003,0.0017898360000000002,1550002853939
1181,99,Accelerometer,0.50996494,0.81642276,9.360130999999999,1550002853939
1182,99,Gyroscope,-0.03387247,0.032137625,0.02805704,1550002853949
1183,99,Accelerometer,0.34237084,0.9636662,9.671378,1550002853950
1184,99,Gyroscope,0.014996746000000002,-0.011233807,0.023780985,1550002853959
1185,99,Accelerometer,0.866701,0.94810385,10.635044,1550002853959
1186,99,Gyroscope,0.05653558,-0.020396786,0.0011789708,1550002853970
1187,99,Accelerometer,1.7489643,0.6619968,9.848549,1550002853970
1188,99,Gyroscope,-0.011881325,-0.012455538,0.018283198,1550002853979
1189,99,Accelerometer,1.2737153,0.8283938,9.728839,1550002853980
1190,99,Gyroscope,0.0033903066,-0.056437835,0.0005681054,1550002853989
1191,99,Accelerometer,2.255338,0.4309563,10.748769,1550002853989
1192,99,Gyroscope,0.048594332999999997,-0.09553321,-0.0140926605,1550002854000
1193,99,Accelerometer,2.4983494,0.38067806,10.257957000000001,1550002854000
1194,99,Gyroscope,-0.01737911,-0.09614408,-0.027531696,1550002854009
1195,99,Accelerometer,2.12246,0.7721300999999999,9.548077000000001,1550002854010
1196,99,Gyroscope,0.010720688999999999,-0.09003542,-0.035472944,1550002854019
1197,99,Accelerometer,1.4269443000000002,0.89543146,9.296685,1550002854019
1198,99,Gyroscope,0.016218476000000003,-0.08942456,-0.039138135,1550002854030
1199,99,Accelerometer,0.88944596,1.423353,9.446322,1550002854030
1200,99,Gyroscope,-0.024709495,-0.07354206,-0.029975157000000002,1550002854039
1201,99,Accelerometer,0.9792285,1.0546459,9.452309,1550002854040
1202,99,Gyroscope,0.0021685753,-0.079650715,-0.025699101000000002,1550002854049
1203,99,Accelerometer,0.46088383,1.6017209,10.000581,1550002854049
1204,99,Gyroscope,0.0040011713,-0.07170947,-0.018979583,1550002854059
1205,99,Accelerometer,0.36750996,1.3682863,9.690532000000001,1550002854060
1206,99,Gyroscope,0.008277228000000001,-0.049718317000000005,-0.010427468,1550002854069
1207,99,Accelerometer,0.5650316,1.3623008,8.9124155,1550002854070
1208,99,Gyroscope,0.008277228000000001,-0.02222938,-0.007373143,1550002854079
1209,99,Accelerometer,0.24181437,2.018312,9.376891,1550002854079
1210,99,Gyroscope,-0.008216133,-0.009401211500000001,-0.01287093,1550002854089
1211,99,Accelerometer,0.8451531999999999,1.6879122,9.214086,1550002854090
1212,99,Gyroscope,0.020494534,-0.026505437000000003,0.0054550273,1550002854099
1213,99,Accelerometer,0.688333,1.6244658,9.308656,1550002854100
1214,99,Gyroscope,-0.028374685,-0.04422053,-0.007984008,1550002854109
1215,99,Accelerometer,1.1540052,0.47764325,11.767501,1550002854110
1216,99,Gyroscope,-0.037537664,-0.01734246,0.051880784000000006,1550002854119
1217,99,Accelerometer,1.8686744,1.4700398000000001,10.461464,1550002854119
1218,99,Gyroscope,0.04187482,-0.115691766,0.08364577599999999,1550002854130
1219,99,Accelerometer,2.9783869,1.6388310000000001,7.754819400000001,1550002854130
1220,99,Gyroscope,-0.033261612,-0.04544226,0.06531982,1550002854139
1221,99,Accelerometer,1.2389994,1.0486604,8.804677,1550002854140
1222,99,Gyroscope,-0.053420155999999996,-0.04055534,0.05554598,1550002854149
1223,99,Accelerometer,0.15203181,0.19273324,10.150217999999999,1550002854149
1224,99,Gyroscope,0.08524625,-0.07598552,0.037830885,1550002854160
1225,99,Accelerometer,1.650802,1.1815386,10.291476,1550002854160
1226,99,Gyroscope,0.043096546,-0.093089744,0.030500501,1550002854169
1227,99,Accelerometer,1.3958195,0.5303157,8.798691,1550002854170
1228,99,Gyroscope,0.036987893,-0.06560081,0.02805704,1550002854179
1229,99,Accelerometer,0.8678981,1.1480197,10.141838,1550002854179
1230,99,Gyroscope,0.043096546,-0.041777067,0.06348722400000001,1550002854190
1231,99,Accelerometer,1.6519991000000003,0.8559271,9.198523,1550002854190
1232,99,Gyroscope,-0.005161807,-0.025894572999999997,0.03355483,1550002854199
1233,99,Accelerometer,0.47285482,1.9237411,11.171345,1550002854200
1234,99,Gyroscope,0.008277228000000001,-0.050329182,0.02561358,1550002854209
1235,99,Accelerometer,0.12808979,0.4321534000000001,10.038888,1550002854209
1236,99,Gyroscope,0.011942419,-0.027116302000000002,0.026835311,1550002854220
1237,99,Accelerometer,0.42018240000000007,0.8535328999999999,9.068039,1550002854220
1238,99,Gyroscope,-0.019822573,0.010146476,0.039052617000000005,1550002854229
1239,99,Accelerometer,0.8655039000000001,1.1360487,8.930372,1550002854229
1240,99,Gyroscope,-0.03387247,0.034581087999999996,0.02805704,1550002854240
1241,99,Accelerometer,1.0642227,1.4760253,8.856152999999999,1550002854240
1242,99,Gyroscope,-0.06869179,0.044965795999999995,0.0005681054,1550002854249
1243,99,Accelerometer,0.48362875,1.2725182,9.257181,1550002854250
1244,99,Gyroscope,-0.040591992,0.04985272,0.018283198,1550002854259
1245,99,Accelerometer,2.1691467999999996,1.2018893,9.949105,1550002854260
1246,99,Gyroscope,-0.0137139205,0.05596137,-4.2759813000000006e-05,1550002854269
1247,99,Accelerometer,1.3323733,1.5442601,10.019734,1550002854270
1248,99,Gyroscope,-0.0137139205,0.06390262,0.01034195,1550002854279
1249,99,Accelerometer,1.9213468999999996,0.9672575000000001,9.653421,1550002854280
1250,99,Gyroscope,-0.0057726726,0.036413684,0.026835311,1550002854289
1251,99,Accelerometer,1.6256628999999998,1.2952632,9.500193,1550002854289
1252,99,Gyroscope,-0.0057726726,0.019309454,0.046993863,1550002854300
1253,99,Accelerometer,2.0470424,1.2186487,10.005369,1550002854300
1254,99,Gyroscope,0.04187482,-0.00023823230999999999,0.05249165,1550002854309
1255,99,Accelerometer,1.7274165000000001,1.0977415000000001,9.630676,1550002854310
1256,99,Gyroscope,0.017440207,0.005259555,0.06531982,1550002854319
1257,99,Accelerometer,1.8830396,1.3611037,10.619482000000001,1550002854319
1258,99,Gyroscope,0.006444632,-0.026505437000000003,0.07570453,1550002854330
1259,99,Accelerometer,1.246182,0.58777654,10.183736999999999,1550002854330
1260,99,Gyroscope,0.029657512999999996,-0.028948900000000003,0.05126992,1550002854339
1261,99,Accelerometer,1.0642227,1.1899183,10.499771,1550002854340
1262,99,Gyroscope,0.008888093,-0.035057552,0.04882646,1550002854349
1263,99,Accelerometer,1.472434,0.90381116,10.134656,1550002854349
1264,99,Gyroscope,-0.021044305,-0.034446687000000004,0.008509354,1550002854360
1265,99,Accelerometer,1.0247183000000002,0.8343792999999999,9.689333999999999,1550002854360
1266,99,Gyroscope,-0.00027488545,-0.035057552,-0.015314391,1550002854369
1267,99,Accelerometer,0.37588966,0.78050977,9.616311,1550002854370
1268,99,Gyroscope,0.00033598019999999995,-0.039333608,-0.038527273,1550002854379
1269,99,Accelerometer,0.8655039000000001,1.2066777,9.749189,1550002854379
1270,99,Gyroscope,0.01560761,-0.024061977999999998,-0.028142562000000003,1550002854389
1271,99,Accelerometer,0.82121116,0.8451531999999999,9.303867,1550002854390
1272,99,Gyroscope,0.022327128999999998,-0.04605312599999999,-0.0067622773,1550002854399
1273,99,Accelerometer,0.51116204,1.2066777,10.217255999999999,1550002854400
1274,99,Gyroscope,0.03393357,-0.06926601,-0.020201313999999998,1550002854409
1275,99,Accelerometer,1.8088194,1.174356,9.77792,1550002854409
1276,99,Gyroscope,0.0040011713,-0.068044275,-0.012260064499999999,1550002854419
1277,99,Accelerometer,1.8986019,1.8782511999999998,9.947908,1550002854420
1278,99,Gyroscope,0.0009468458599999999,-0.08087245,0.007898489,1550002854430
1279,99,Accelerometer,1.3084313,0.8607155000000001,9.39365,1550002854430
1280,99,Gyroscope,0.013775015,-0.08759196,-0.019590449,1550002854439
1281,99,Accelerometer,1.4628572,0.78649527,9.308656,1550002854440
1282,99,Gyroscope,-0.08335256,-0.12851994,-0.053188037,1550002854449
1283,99,Accelerometer,0.9516952,2.0590134,10.891224000000001,1550002854449
1284,99,Gyroscope,-0.09007207,-0.11752436,-0.028753427999999998,1550002854460
1285,99,Accelerometer,0.48243165,-0.17477672,11.733982000000001,1550002854460
1286,99,Gyroscope,0.00033598019999999995,-0.19327164,-0.034251212999999996,1550002854469
1287,99,Accelerometer,0.30166942,0.10534488,10.123882,1550002854470
1288,99,Gyroscope,0.07608327,-0.11630263,-0.11305283,1550002854479
1289,99,Accelerometer,1.8267759,1.3227965,7.376535400000001,1550002854479
1290,99,Gyroscope,-0.056474485,-0.017953325,-0.017146988000000002,1550002854489
1291,99,Accelerometer,-0.1364695,0.9900024,7.704541000000001,1550002854490
1292,99,Gyroscope,0.0070554977,-0.030781494,0.027446175,1550002854499
1293,99,Accelerometer,-0.27174190000000004,1.2138603000000001,9.788692999999999,1550002854500
1294,99,Gyroscope,0.09746355599999999,-0.0032925587,-0.022644775,1550002854509
1295,99,Accelerometer,1.1444284,1.4065934,8.289924000000001,1550002854510
1296,99,Gyroscope,-0.12977831,0.079785116,0.0017898360000000002,1550002854519
1297,99,Accelerometer,-0.30406362,1.7274165000000001,9.53012,1550002854520
1298,99,Gyroscope,0.020494534,0.09627848,-0.029364292,1550002854530
1299,99,Accelerometer,-1.2521674999999999,0.45729253,9.3733,1550002854530
1300,99,Gyroscope,0.004612036,0.11765876,-0.03608381,1550002854539
1301,99,Accelerometer,-0.676362,1.5813701999999998,9.64145,1550002854540
1302,99,Gyroscope,-0.14138475,0.15614328,-0.07029226400000001,1550002854549
1303,99,Accelerometer,0.5770026,0.20949265,8.730456,1550002854550
1304,99,Gyroscope,-0.04242459,0.13293039999999998,-0.059907555999999994,1550002854559
1305,99,Accelerometer,0.5363011999999999,1.3754688999999998,10.212467,1550002854559
1306,99,Gyroscope,-0.04670064,0.12254568,-0.055020634000000006,1550002854569
1307,99,Accelerometer,1.3958195,1.0450690999999999,10.2495775,1550002854570
1308,99,Gyroscope,-0.059528813,0.09688934,-0.05257717,1550002854580
1309,99,Accelerometer,0.9708488000000001,2.456451,11.122264,1550002854580
1310,99,Gyroscope,0.036987893,0.046187527,-0.0030970859999999998,1550002854589
1311,99,Accelerometer,2.4157495,0.60573304,9.782708,1550002854590
1312,99,Gyroscope,-0.032650746,0.04435493,0.007287623399999999,1550002854599
1313,99,Accelerometer,1.2725182,1.6711528000000002,10.059238,1550002854600
1314,99,Gyroscope,-0.0008857511,0.04557666,0.02317012,1550002854609
1315,99,Accelerometer,1.6220716,0.7529764,10.262746,1550002854610
1316,99,Gyroscope,0.07669414,0.022363782000000002,0.013396275,1550002854619
1317,99,Accelerometer,1.4341268999999999,0.8643068000000002,10.210073,1550002854620
1318,99,Gyroscope,-0.040591992,-0.006957751,0.0323331,1550002854629
1319,99,Accelerometer,0.6895300999999999,0.58538234,9.403227000000001,1550002854629
1320,99,Gyroscope,0.0052229017,-0.036890145,0.02805704,1550002854640
1321,99,Accelerometer,0.47644615,0.82121116,9.593566000000001,1550002854640
1322,99,Gyroscope,0.035766162000000004,-0.011233807,0.035387423,1550002854649
1323,99,Accelerometer,0.9888053,0.6679823,9.408014999999999,1550002854650
1324,99,Gyroscope,-0.01004873,0.0015943646,0.0109528145,1550002854659
1325,99,Accelerometer,-0.16639702,0.7781156,9.23683,1550002854659
1326,99,Gyroscope,0.02354886,0.0015943646,0.0054550273,1550002854669
1327,99,Accelerometer,-0.051475335,1.4975731,10.261548,1550002854670
1328,99,Gyroscope,0.022327128999999998,0.026028972,0.040274344,1550002854680
1329,99,Accelerometer,1.0402806,1.0809821000000002,9.733627,1550002854680
1330,99,Gyroscope,-0.019211708,0.03274849,0.035387423,1550002854689
1331,99,Accelerometer,0.08379706,1.2282255,9.710882000000002,1550002854689
1332,99,Gyroscope,-0.0137139205,0.037635416,0.0005681054,1550002854699
1333,99,Accelerometer,-0.23463176,0.9552864999999999,9.832987,1550002854700
1334,99,Gyroscope,-0.022266036,0.05168531,0.026224446000000002,1550002854710
1335,99,Accelerometer,0.80205756,0.79487497,9.452309,1550002854710
1336,99,Gyroscope,-0.036315932999999995,0.04985272,0.026224446000000002,1550002854719
1337,99,Accelerometer,-0.13168110000000002,0.80924016,9.437942999999999,1550002854720
1338,99,Gyroscope,-0.022266036,0.055350505,-0.02692083,1550002854729
1339,99,Accelerometer,0.23822308,0.9540894,9.880871,1550002854729
1340,99,Gyroscope,-0.0369268,0.04740926,0.0042332970000000004,1550002854740
1341,99,Accelerometer,0.51355624,1.1384428999999998,9.655814999999999,1550002854740
1342,99,Gyroscope,-0.023487763,0.05473964,0.0036224315000000003,1550002854749
1343,99,Accelerometer,-0.46208093,1.270124,10.212467,1550002854750
1344,99,Gyroscope,-0.012492188999999999,0.062680885,-0.007984008,1550002854759
1345,99,Accelerometer,-0.06943185,0.7110779,10.199299,1550002854759
1346,99,Gyroscope,-0.01737911,0.032137625,0.036609154,1550002854770
1347,99,Accelerometer,0.7613561,1.1384428999999998,9.946711,1550002854770
1348,99,Gyroscope,-0.014324786,0.03274849,0.018894061,1550002854779
1349,99,Accelerometer,0.37229836,1.5646108,10.381259,1550002854780
1350,99,Gyroscope,0.0033903066,0.022363782000000002,0.0024007012,1550002854789
1351,99,Accelerometer,-0.05267244,0.62847793,9.249998,1550002854789
1352,99,Gyroscope,-0.012492188999999999,0.037635416,0.0066767577,1550002854799
1353,99,Accelerometer,0.18076223,1.2258313,9.994595,1550002854800
1354,99,Gyroscope,-0.012492188999999999,0.022363782000000002,-0.007984008,1550002854809
1355,99,Accelerometer,0.7170634,0.8487445,10.047267,1550002854810
1356,99,Gyroscope,0.021716263,-0.0032925587,-0.0067622773,1550002854819
1357,99,Accelerometer,1.7345991000000003,1.2437878,9.123106,1550002854820
1358,99,Gyroscope,0.05164866,-0.00084909797,0.02317012,1550002854829
1359,99,Accelerometer,2.0841526999999997,1.0175357,8.159439,1550002854829
1360,99,Gyroscope,0.09807442,0.028472435,0.035387423,1550002854840
1361,99,Accelerometer,2.4061728,0.5446809,7.45315,1550002854840
1362,99,Gyroscope,-0.0057726726,0.12804347,-0.000653625,1550002854849
1363,99,Accelerometer,2.823961,1.7274165000000001,10.57878,1550002854849
1364,99,Gyroscope,-0.0076052677,0.18485394,0.02317012,1550002854859
1365,99,Accelerometer,-0.39863458,-0.48123455,9.794678999999999,1550002854860
1366,99,Gyroscope,-0.053420155999999996,0.039468005,-0.014703525,1550002854869
1367,99,Accelerometer,-0.4165911,1.0630256,12.848483,1550002854869
1368,99,Gyroscope,0.043096546,0.040689737000000004,-0.10450072,1550002854880
1369,99,Accelerometer,2.0602105,-0.2896984,9.688137,1550002854880
1370,99,Gyroscope,-0.06685919,0.085893765,-0.029364292,1550002854889
1371,99,Accelerometer,-0.7422025,2.1140802000000005,8.218098,1550002854890
1372,99,Gyroscope,-0.05586362,0.11949136,-0.020201313999999998,1550002854899
1373,99,Accelerometer,-0.22864626,1.5298948,8.925583999999999,1550002854899
1374,99,Gyroscope,-0.00027488545,0.10849578,0.017061466,1550002854909
1375,99,Accelerometer,0.43933599999999995,1.5837643999999997,9.448717,1550002854910
1376,99,Gyroscope,-0.07541131,0.13659558,0.0005681054,1550002854919
1377,99,Accelerometer,0.9959879,1.6472107,10.117896,1550002854920
1378,99,Gyroscope,0.013775015,0.11521529400000001,0.009120219,1550002854929
1379,99,Accelerometer,0.5351041,1.4796166000000002,10.623073,1550002854929
1380,99,Gyroscope,-0.0008857511,0.103608854,0.009120219,1550002854939
1381,99,Accelerometer,1.5263035,0.6931214,11.095928,1550002854940
1382,99,Gyroscope,-0.040591992,0.07184387,0.007287623399999999,1550002854949
1383,99,Accelerometer,2.1045034,0.6548142,9.939528,1550002854950
1384,99,Gyroscope,-0.01004873,0.034581087999999996,-0.015314391,1550002854959
1385,99,Accelerometer,2.6803088,1.3515268999999999,9.42238,1550002854960
1386,99,Gyroscope,0.01560761,0.025418106,-0.0037079514000000003,1550002854969
1387,99,Accelerometer,2.1404164,0.8714894,9.822212,1550002854969
1388,99,Gyroscope,0.0058337674,0.007092151999999999,0.025002714,1550002854980
1389,99,Accelerometer,2.005144,0.6452374,10.005369,1550002854980
1390,99,Gyroscope,0.03882049,-0.017953325,0.032943964,1550002854989
1391,99,Accelerometer,2.3618799999999998,1.1204863999999999,9.938332,1550002854990
1392,99,Gyroscope,-0.008216133,-0.042387932999999996,0.040274344,1550002854999
1393,99,Accelerometer,2.7880477999999997,0.9504981,9.94312,1550002854999
1394,99,Gyroscope,0.033322702999999995,-0.066822544,0.034776557,1550002855010
1395,99,Accelerometer,2.1320367,1.0450690999999999,9.91439,1550002855010
1396,99,Gyroscope,0.030879242,-0.057048699999999994,0.0017898360000000002,1550002855019
1397,99,Accelerometer,2.4851813,1.2808979,8.941146,1550002855020
1398,99,Gyroscope,-0.027152957000000002,-0.026505437000000003,-0.0043188166,1550002855029
1399,99,Accelerometer,1.0833763,0.81043726,10.41358,1550002855029
1400,99,Gyroscope,-0.0057726726,0.009535611,-0.040359866,1550002855039
1401,99,Accelerometer,0.38426940000000004,1.578976,9.91439,1550002855040
1402,99,Gyroscope,-0.01127046,0.009535611,-0.043414194,1550002855049
1403,99,Accelerometer,0.9828198,0.81881696,9.320627,1550002855050
1404,99,Gyroscope,-0.010659594,0.04557666,-0.05257717,1550002855059
1405,99,Accelerometer,0.05746084,1.4520833,9.600749,1550002855060
1406,99,Gyroscope,-0.016768249,0.055350505,-0.038527273,1550002855069
1407,99,Accelerometer,0.31004912,1.4628572,9.728839,1550002855069
1408,99,Gyroscope,0.0052229017,0.06390262,-0.029364292,1550002855079
1409,99,Accelerometer,0.010773907,1.6675615000000001,10.04607,1550002855080
1410,99,Gyroscope,-0.04425718,0.06451348,-0.0067622773,1550002855090
1411,99,Accelerometer,0.7338228,1.5466543,10.223241,1550002855090
1412,99,Gyroscope,-0.008826999,0.046187527,0.0005681054,1550002855099
1413,99,Accelerometer,0.7062895,1.6124948000000001,9.574411999999999,1550002855100
1414,99,Gyroscope,-0.041202857999999995,0.06878954,-0.0030970859999999998,1550002855109
1415,99,Accelerometer,0.664391,1.4197617,9.434352,1550002855110
1416,99,Gyroscope,-0.035705067,0.08833723,0.0066767577,1550002855119
1417,99,Accelerometer,1.2425906999999998,1.3754688999999998,9.834184,1550002855120
1418,99,Gyroscope,-0.018600842,0.08772636,0.0066767577,1550002855130
1419,99,Accelerometer,1.2126632,1.4484920000000001,10.211269999999999,1550002855130
1420,99,Gyroscope,-0.018600842,0.079785116,-0.0018753556,1550002855139
1421,99,Accelerometer,1.2880806,1.7381904,9.956287,1550002855140
1422,99,Gyroscope,-0.020433438999999998,0.07795252,0.03416569,1550002855149
1423,99,Accelerometer,1.9572599,1.1552023,10.128671,1550002855150
1424,99,Gyroscope,0.0021685753,0.058404832999999996,0.042717807000000003,1550002855159
1425,99,Accelerometer,2.3020248,1.0163386,10.061633,1550002855159
1426,99,Gyroscope,0.012553285,0.034581087999999996,0.031722232999999996,1550002855169
1427,99,Accelerometer,2.0015526,1.5658079,9.522936999999999,1550002855170
1428,99,Gyroscope,-0.017989976,0.029694162000000003,0.05004819,1550002855180
1429,99,Accelerometer,2.4863784,1.0390834999999998,9.512163000000001,1550002855180
1430,99,Gyroscope,-0.0014966168,0.010757342,0.045161266,1550002855189
1431,99,Accelerometer,1.7190368000000003,0.830788,9.7803135,1550002855189
1432,99,Gyroscope,0.025992319,0.0022052303,0.03966348,1550002855199
1433,99,Accelerometer,1.3838485,0.6356605,8.661025,1550002855200
1434,99,Gyroscope,0.024159724,0.07245473,0.061654627000000004,1550002855209
1435,99,Accelerometer,1.2210428999999998,1.8830396,12.326547999999999,1550002855210
1436,99,Gyroscope,-0.04242459,0.12682173,0.048215594,1550002855219
1437,99,Accelerometer,-0.40940848,-0.21068975,12.723985,1550002855220
1438,99,Gyroscope,-0.080909096,-0.025283707000000002,0.02927877,1550002855229
1439,99,Accelerometer,-0.49919105,1.0079589,11.589133,1550002855229
1440,99,Gyroscope,0.05653558,-0.07781812,0.04393954,1550002855240
1441,99,Accelerometer,1.9704279999999998,0.7757214,8.585608,1550002855240
1442,99,Gyroscope,-0.09007207,-0.029559765,0.018894061,1550002855249
1443,99,Accelerometer,0.046686932,0.9947908000000001,7.848192999999999,1550002855250
1444,99,Gyroscope,-0.09190467,-0.0057360195,0.0011789708,1550002855259
1445,99,Accelerometer,-0.37110126,0.11133038,10.758346000000001,1550002855260
1446,99,Gyroscope,0.04370741,-0.053994372,-0.018368717,1550002855269
1447,99,Accelerometer,0.50397944,1.5179238000000002,11.314998,1550002855270
1448,99,Gyroscope,0.011942419,-0.102863595,-0.017757852,1550002855279
1449,99,Accelerometer,0.9947908000000001,0.78170687,9.870096,1550002855279
1450,99,Gyroscope,0.10662653,-0.17250222,0.05737857,1550002855290
1451,99,Accelerometer,1.7669207999999998,0.8391677,10.833763000000001,1550002855290
1452,99,Gyroscope,0.10418307,-0.17922175,0.051880784000000006,1550002855299
1453,99,Accelerometer,2.6372132,0.5470751,8.973467999999999,1550002855300
1454,99,Gyroscope,0.012553285,-0.15661973,0.029889636,1550002855309
1455,99,Accelerometer,2.9652187999999997,0.6679823,10.151415,1550002855310
1456,99,Gyroscope,0.11884384,-0.21709539999999997,0.10624779,1550002855319
1457,99,Accelerometer,1.9452889,0.5674258000000001,10.972627000000001,1550002855319
1458,99,Gyroscope,0.07730500400000001,-0.15845233,-0.018979583,1550002855329
1459,99,Accelerometer,2.870648,0.62608373,8.568848,1550002855330
1460,99,Gyroscope,-0.111452356,-0.12363301,0.07753713,1550002855339
1461,99,Accelerometer,0.6823475,1.0079589,8.880094999999999,1550002855340
1462,99,Gyroscope,-0.06013968,-0.18655214,0.0011789708,1550002855349
1463,99,Accelerometer,0.62608373,0.10295067,10.948685000000001,1550002855350
1464,99,Gyroscope,0.028435782000000003,-0.22320405,-0.08495303,1550002855359
1465,99,Accelerometer,1.0462662,1.4377182,10.278308,1550002855359
1466,99,Gyroscope,-0.09740246,-0.13768291,-0.05135544,1550002855369
1467,99,Accelerometer,-0.28012159999999997,-0.010773907,7.824250999999999,1550002855369
1468,99,Gyroscope,-0.05830708,-0.12241128,-0.067237936,1550002855380
1469,99,Accelerometer,-0.91338795,1.8136078000000002,9.879673,1550002855380
1470,99,Gyroscope,0.04004222,-0.08209418,-0.066016205,1550002855389
1471,99,Accelerometer,-0.017956512,0.4345476,9.7719345,1550002855390
1472,99,Gyroscope,-0.054641888,-0.07537466,-0.02447737,1550002855399
1473,99,Accelerometer,-0.5781997,1.3395559,9.050082000000002,1550002855400
1474,99,Gyroscope,-0.011881325,-0.041777067,-0.029364292,1550002855409
1475,99,Accelerometer,0.4321534000000001,1.2641385,9.697714,1550002855409
1476,99,Gyroscope,0.030268377000000003,-0.025894572999999997,-0.02203391,1550002855420
1477,99,Accelerometer,0.7553706,1.0941502,10.151415,1550002855420
1478,99,Gyroscope,-0.041202857999999995,-0.042998800000000004,0.0024007012,1550002855429
1479,99,Accelerometer,0.62967503,1.4939818,9.671378,1550002855430
1480,99,Gyroscope,0.013775015,-0.07842898,0.0005681054,1550002855439
1481,99,Accelerometer,1.6352396999999999,1.3251906999999998,10.606314,1550002855440
1482,99,Gyroscope,0.036377028,-0.08820283,0.0005681054,1550002855449
1483,99,Accelerometer,1.3455413999999999,1.2054806,9.812635,1550002855449
1484,99,Gyroscope,-0.0137139205,-0.11263744,0.015839735,1550002855459
1485,99,Accelerometer,1.2557588,1.7417817,9.913192,1550002855460
1486,99,Gyroscope,0.04004222,-0.11385917,0.007898489,1550002855469
1487,99,Accelerometer,1.8471266,1.2126632,10.20289,1550002855470
1488,99,Gyroscope,0.04004222,-0.1150809,0.023780985,1550002855479
1489,99,Accelerometer,1.7465701,1.1540052,10.206482000000001,1550002855480
1490,99,Gyroscope,0.012553285,-0.13646118,0.025002714,1550002855489
1491,99,Accelerometer,1.1875241,1.4975731,9.303867,1550002855489
1492,99,Gyroscope,0.06936375,-0.15539801,0.030500501,1550002855499
1493,99,Accelerometer,1.3383588,1.3599066,8.938752000000001,1550002855499
1494,99,Gyroscope,0.018661937,-0.13401772,0.05554598,1550002855510
1495,99,Accelerometer,0.79726917,0.90141696,8.717288,1550002855510
1496,99,Gyroscope,0.08830058,-0.15478714,0.070817605,1550002855519
1497,99,Accelerometer,0.8451531999999999,0.47644615,7.3178773,1550002855520
1498,99,Gyroscope,0.12189817,-0.012455538,0.05249165,1550002855529
1499,99,Accelerometer,0.58777654,2.3391352000000003,11.021708,1550002855530
1500,99,Gyroscope,-0.11817187,0.104830585,0.05554598,1550002855539
1501,99,Accelerometer,-0.7565677,0.260968,12.0332575,1550002855539
1502,99,Gyroscope,-0.009437865,-0.056437835,0.04882646,1550002855549
1503,99,Accelerometer,0.91578215,0.6919243,11.282675999999999,1550002855550
1504,99,Gyroscope,0.12189817,-0.0851485,0.0036224315000000003,1550002855560
1505,99,Accelerometer,1.3263878,0.8882488000000002,7.184999499999999,1550002855560
1506,99,Gyroscope,-0.17864753,-0.008790346,0.02317012,1550002855569
1507,99,Accelerometer,0.21787235,1.2677298000000001,7.9846625,1550002855570
1508,99,Gyroscope,-0.021044305,0.0009834989999999999,0.026224446000000002,1550002855579
1509,99,Accelerometer,0.22026655,1.1264718999999999,10.084377,1550002855580
1510,99,Gyroscope,0.0094989585,-0.004514288,0.022559252999999998,1550002855589
1511,99,Accelerometer,1.352724,1.7298107,9.945514,1550002855589
1512,99,Gyroscope,-0.08213083,-0.038722742000000004,-0.007984008,1550002855600
1513,99,Accelerometer,0.47405192,1.6400281000000003,10.893618,1550002855600
1514,99,Gyroscope,-0.014935651999999999,-0.06987687,0.008509354,1550002855609
1515,99,Accelerometer,0.12090719,0.25977087,10.668563,1550002855610
1516,99,Gyroscope,-0.0057726726,-0.019175055,0.0042332970000000004,1550002855619
1517,99,Accelerometer,1.3455413999999999,0.9636662,9.3026705,1550002855619
1518,99,Gyroscope,-0.038759395,-0.005125154,0.053102515999999995,1550002855629
1519,99,Accelerometer,1.42455,1.7717092,9.655814999999999,1550002855630
1520,99,Gyroscope,-0.022876898,-0.009401211500000001,-0.027531696,1550002855639
1521,99,Accelerometer,0.21068975,0.6823475,10.04607,1550002855640
1522,99,Gyroscope,0.01316415,-0.032003224,-0.042192463,1550002855649
1523,99,Accelerometer,0.7697359,1.1228806,9.691728999999999,1550002855650
1524,99,Gyroscope,0.010109824,0.0058704205,0.0024007012,1550002855659
1525,99,Accelerometer,0.08259996,1.2318168,9.947908,1550002855659
1526,99,Gyroscope,0.008277228000000001,0.019309454,-0.04402506,1550002855670
1527,99,Accelerometer,-1.2198458,0.8846575000000001,9.755175,1550002855670
1528,99,Gyroscope,0.058979042,0.016865995,0.009120219,1550002855679
1529,99,Accelerometer,0.46567222,0.9959879,9.356541,1550002855680
1530,99,Gyroscope,0.02477059,0.04007887,0.021948388,1550002855689
1531,99,Accelerometer,0.29568392,1.5562311000000002,9.957485,1550002855690
1532,99,Gyroscope,0.020494534,0.024196379,0.01156368,1550002855699
1533,99,Accelerometer,0.415394,1.2138603000000001,9.297882000000001,1550002855699
1534,99,Gyroscope,0.036987893,0.03702455,0.034776557,1550002855709
1535,99,Accelerometer,1.602918,1.5969325,9.854534,1550002855710
1536,99,Gyroscope,-0.00027488545,0.04863099,0.03355483,1550002855720
1537,99,Accelerometer,1.0031705,0.9648633,9.487024,1550002855720
1538,99,Gyroscope,-0.027763822999999997,0.05168531,0.021337522,1550002855729
1539,99,Accelerometer,0.7182605,1.6519991000000003,11.366472,1550002855730
1540,99,Gyroscope,0.022327128999999998,-0.006957751,0.018283198,1550002855739
1541,99,Accelerometer,1.1982979999999999,0.21547815,9.827001,1550002855740
1542,99,Gyroscope,-0.014324786,-0.004514288,0.026835311,1550002855749
1543,99,Accelerometer,0.8882488000000002,1.2413936,9.446322,1550002855749
1544,99,Gyroscope,-0.01127046,-0.011844671999999999,0.03355483,1550002855760
1545,99,Accelerometer,0.93014735,0.8523358,9.193734,1550002855760
1546,99,Gyroscope,0.030268377000000003,-0.006957751,0.032943964,1550002855769
1547,99,Accelerometer,0.8786719999999999,1.1049241,9.691728999999999,1550002855770
1548,99,Gyroscope,-0.019211708,0.024196379,0.026835311,1550002855779
1549,99,Accelerometer,0.4189853,1.3311761999999998,9.78989,1550002855780
1550,99,Gyroscope,-0.01737911,0.029083297,0.02927877,1550002855789
1551,99,Accelerometer,0.034715924,1.3886370000000001,10.673351,1550002855789
1552,99,Gyroscope,0.0113315545,-0.0014599635999999999,0.024391849,1550002855799
1553,99,Accelerometer,-0.029927522,1.1623849,10.839748,1550002855800
1554,99,Gyroscope,0.019883668,-0.009401211500000001,0.009120219,1550002855810
1555,99,Accelerometer,0.6967127,1.0247183000000002,9.79827,1550002855810
1556,99,Gyroscope,0.014385881000000001,0.0077030174,0.03599829,1550002855819
1557,99,Accelerometer,0.2657564,1.1827357,9.272743,1550002855820
1558,99,Gyroscope,0.010720688999999999,0.013200805,0.026224446000000002,1550002855830
1559,99,Accelerometer,0.59495914,1.1767502,9.574411999999999,1550002855830
1560,99,Gyroscope,0.022327128999999998,-0.0020708293,0.0323331,1550002855839
1561,99,Accelerometer,0.51116204,1.365892,10.010158,1550002855840
1562,99,Gyroscope,0.025381455,-0.009401211500000001,0.0323331,1550002855849
1563,99,Accelerometer,0.61890113,0.688333,9.88925,1550002855849
1564,99,Gyroscope,0.02477059,-0.014288133,0.019504927,1550002855859
1565,99,Accelerometer,0.62488663,1.3024458,9.749189,1550002855859
1566,99,Gyroscope,0.024159724,-0.008790346,0.02317012,1550002855870
1567,99,Accelerometer,0.6452374,0.41180268,8.883685,1550002855870
1568,99,Gyroscope,0.044929143,0.05046358,-0.0037079514000000003,1550002855879
1569,99,Accelerometer,0.78769237,0.60453594,9.167398,1550002855880
1570,99,Gyroscope,-0.010659594,0.09261329,-0.017146988000000002,1550002855889
1571,99,Accelerometer,-0.93373865,1.3718776000000001,9.759963,1550002855890
1572,99,Gyroscope,-0.050365835,0.021752916,-0.020812178,1550002855899
1573,99,Accelerometer,-0.20350714,0.82360536,10.935516,1550002855899
1574,99,Gyroscope,0.07119635,-0.0039034244,-0.021423044,1550002855909
1575,99,Accelerometer,0.12569559,1.0127473,10.195708,1550002855910
1576,99,Gyroscope,-0.031429015,0.02786157,-0.0030970859999999998,1550002855920
1577,99,Accelerometer,0.18435353,1.2150573999999998,8.5473,1550002855920
1578,99,Gyroscope,0.010720688999999999,0.053517907999999996,0.016450599999999996,1550002855929
1579,99,Accelerometer,0.24660277,0.93732995,9.351752000000001,1550002855930
1580,99,Gyroscope,0.05470299,0.041911468,0.0109528145,1550002855939
1581,99,Accelerometer,0.30765492,1.6424223000000002,10.017339999999999,1550002855940
1582,99,Gyroscope,-0.02409863,0.041911468,0.0005681054,1550002855949
1583,99,Accelerometer,1.1061212,1.412579,9.993398,1550002855949
1584,99,Gyroscope,-0.008216133,0.0077030174,-0.015925256999999998,1550002855959
1585,99,Accelerometer,0.92535895,1.4137761999999998,9.985018,1550002855960
1586,99,Gyroscope,0.025992319,0.030305027999999998,-0.007984008,1550002855969
1587,99,Accelerometer,1.4556746,0.58897364,10.420763,1550002855970
1588,99,Gyroscope,0.034544434,0.00037263334000000003,0.031722232999999996,1550002855979
1589,99,Accelerometer,2.0254946,0.4345476,11.389217,1550002855980
1590,99,Gyroscope,0.08952231,-0.030781494,0.054324247,1550002855989
1591,99,Accelerometer,2.813187,1.1959038,9.615114,1550002855989
1592,99,Gyroscope,-0.01004873,-0.041777067,0.045161266,1550002855999
1593,99,Accelerometer,1.8148049,1.4161704,8.7053175,1550002855999
1594,99,Gyroscope,-0.0027183462,-0.041166205,-0.0030970859999999998,1550002856010
1595,99,Accelerometer,1.0546459,0.91458505,10.02572,1550002856010
1596,99,Gyroscope,0.018661937,-0.035057552,-0.020812178,1550002856019
1597,99,Accelerometer,0.7685388000000001,0.7314286,8.854955,1550002856020
1598,99,Gyroscope,-0.08946121,0.006481286,-0.025088236,1550002856029
1599,99,Accelerometer,0.23702596,1.0642227,9.446322,1550002856029
1600,99,Gyroscope,-0.053420155999999996,0.010146476,-0.033640347,1550002856039
1601,99,Accelerometer,0.37110126,1.3144168,10.372879,1550002856040
1602,99,Gyroscope,-0.041202857999999995,0.015033398,-0.020812178,1550002856049
1603,99,Accelerometer,0.5351041,1.1037270000000001,10.225636,1550002856050
1604,99,Gyroscope,-0.06563746,0.00037263334000000003,-0.025699101000000002,1550002856059
1605,99,Accelerometer,0.30645782,0.61411273,9.714474000000001,1550002856059
1606,99,Gyroscope,-0.024709495,-0.0020708293,-0.050744575,1550002856069
1607,99,Accelerometer,0.6739678000000001,1.0737995,9.803059,1550002856069
1608,99,Gyroscope,0.0094989585,0.0034269579,-0.036694676,1550002856080
1609,99,Accelerometer,1.1264718999999999,0.9708488000000001,8.613141,1550002856080
1610,99,Gyroscope,-0.019822573,0.043744065,-0.04402506,1550002856089
1611,99,Accelerometer,1.2030864,0.9696517,9.570822,1550002856090
1612,99,Gyroscope,0.034544434,0.03885714,-0.028753427999999998,1550002856099
1613,99,Accelerometer,1.8231846,0.91937345,10.0987425,1550002856100
1614,99,Gyroscope,-0.00027488545,0.03152676,-0.02325564,1550002856109
1615,99,Accelerometer,1.745373,0.9576806999999999,10.454282000000001,1550002856109
1616,99,Gyroscope,0.0027794409999999997,0.004648689,-0.031196889,1550002856119
1617,99,Accelerometer,2.4121582999999998,0.7661445,10.21965,1550002856120
1618,99,Gyroscope,0.025381455,-0.0014599635999999999,-0.011038333999999999,1550002856130
1619,99,Accelerometer,2.4528596,0.5590460999999999,9.512163000000001,1550002856130
1620,99,Gyroscope,-0.016157383,0.0028160921999999997,-0.047079384,1550002856139
1621,99,Accelerometer,1.9620483,0.92655605,9.348161,1550002856140
1622,99,Gyroscope,-0.03203988,0.00037263334000000003,-0.035472944,1550002856149
1623,99,Accelerometer,2.2984335,1.1923125,10.368091,1550002856150
1624,99,Gyroscope,0.01560761,-0.038722742000000004,-0.05624236,1550002856159
1625,99,Accelerometer,1.8830396,0.89782566,9.96347,1550002856159
1626,99,Gyroscope,-0.009437865,-0.029559765,-0.089229085,1550002856169
1627,99,Accelerometer,1.401805,1.5741876000000001,8.754398,1550002856170
1628,99,Gyroscope,-0.038759395,-0.0032925587,-0.06174015,1550002856179
1629,99,Accelerometer,1.3778629999999998,1.5945383,9.369708000000001,1550002856180
1630,99,Gyroscope,0.00033598019999999995,0.010757342,-0.071513996,1550002856189
1631,99,Accelerometer,0.48961425,1.496376,9.5385,1550002856190
1632,99,Gyroscope,-0.0008857511,0.04435493,-0.039138135,1550002856199
1633,99,Accelerometer,1.0809821000000002,1.7250223000000002,9.550469999999999,1550002856199
1634,99,Gyroscope,0.011942419,0.041300602,-0.01287093,1550002856209
1635,99,Accelerometer,1.3299791,1.2605472,9.300277000000001,1550002856210
1636,99,Gyroscope,0.01316415,0.046798393,-0.0043188166,1550002856220
1637,99,Accelerometer,1.2665327,2.0039468,9.566033000000001,1550002856220
1638,99,Gyroscope,-0.014324786,0.06573521,0.0054550273,1550002856229
1639,99,Accelerometer,1.5598223999999998,1.5239093000000001,9.728839,1550002856230
1640,99,Gyroscope,-0.014324786,0.06634608,0.018283198,1550002856239
1641,99,Accelerometer,1.520318,1.2737153,9.604341,1550002856240
1642,99,Gyroscope,0.014385881000000001,0.06207002,0.014007141,1550002856249
1643,99,Accelerometer,1.8315643,1.5610195,9.77792,1550002856250
1644,99,Gyroscope,0.013775015,0.06940041,0.021948388,1550002856260
1645,99,Accelerometer,2.0087352,0.91458505,8.805874000000001,1550002856260
1646,99,Gyroscope,0.07486154,0.073065594,0.016450599999999996,1550002856269
1647,99,Accelerometer,1.541866,1.6496049,8.259995,1550002856270
1648,99,Gyroscope,0.07791587,0.15797585,0.016450599999999996,1550002856279
1649,99,Accelerometer,1.7657237000000001,1.1683705,6.8426285,1550002856280
1650,99,Gyroscope,-0.026542092000000003,0.20073643,0.04210694,1550002856289
1651,99,Accelerometer,-0.50158525,2.409764,10.609905,1550002856289
1652,99,Gyroscope,-0.04242459,0.102997996,0.041496076,1550002856299
1653,99,Accelerometer,1.3144168,0.7230489,12.76349,1550002856300
1654,99,Gyroscope,0.09135491,0.022974647999999997,0.032943964,1550002856310
1655,99,Accelerometer,1.9405005000000002,0.47046062,10.522516,1550002856310
1656,99,Gyroscope,-0.03203988,0.07245473,0.032943964,1550002856319
1657,99,Accelerometer,0.712275,1.1863270000000001,9.211691,1550002856320
1658,99,Gyroscope,-0.034483336,0.08894809,0.021337522,1550002856329
1659,99,Accelerometer,0.93254155,0.80684596,9.132683,1550002856330
1660,99,Gyroscope,0.02477059,0.06023743,0.044550404,1550002856339
1661,99,Accelerometer,0.48602295,1.2665327,10.281899000000001,1550002856339
1662,99,Gyroscope,-0.00027488545,0.04557666,0.007898489,1550002856349
1663,99,Accelerometer,1.1767502,0.7266402,9.841366,1550002856350
1664,99,Gyroscope,0.004612036,0.006481286,0.0024007012,1550002856360
1665,99,Accelerometer,1.1659763,2.505532,11.20247,1550002856360
1666,99,Gyroscope,-0.011881325,-0.0057360195,0.086700104,1550002856369
1667,99,Accelerometer,0.9696517,0.49799395,11.128249,1550002856370
1668,99,Gyroscope,-0.026542092000000003,-0.00023823230999999999,0.08547837,1550002856379
1669,99,Accelerometer,1.6579846999999999,0.82719666,10.07121,1550002856379
1670,99,Gyroscope,0.03210097,-0.025283707000000002,0.056156844000000004,1550002856389
1671,99,Accelerometer,2.1978772,2.0314799999999997,9.646238,1550002856390
1672,99,Gyroscope,0.021105397,0.0028160921999999997,0.06348722400000001,1550002856399
1673,99,Accelerometer,1.5897499,0.8511386999999999,8.267178999999999,1550002856399
1674,99,Gyroscope,-0.044868045,-0.011844671999999999,0.07142847,1550002856410
1675,99,Accelerometer,2.4612392999999995,0.760159,10.079589,1550002856410
1676,99,Gyroscope,-0.00027488545,-0.021618515,0.06043289599999999,1550002856419
1677,99,Accelerometer,1.5514427,1.5047556999999998,10.483011999999999,1550002856419
1678,99,Gyroscope,0.021716263,-0.047885723,0.040274344,1550002856429
1679,99,Accelerometer,1.0989386,-0.24779987,9.66659,1550002856429
1680,99,Gyroscope,-0.02532036,0.0040378235,0.007898489,1550002856440
1681,99,Accelerometer,1.0079589,0.9876082,10.462662,1550002856440
1682,99,Gyroscope,-0.04242459,-0.023451112000000003,0.0109528145,1550002856449
1683,99,Accelerometer,1.2868833999999998,0.81043726,9.712079,1550002856450
1684,99,Gyroscope,-0.008826999,-0.011233807,-0.015314391,1550002856459
1685,99,Accelerometer,0.36391866,1.1719618,9.238028,1550002856460
1686,99,Gyroscope,-0.04975497,0.035191953,0.008509354,1550002856469
1687,99,Accelerometer,0.15682021,1.0402806,9.424775,1550002856470
1688,99,Gyroscope,-0.06013968,0.049241855999999994,0.027446175,1550002856479
1689,99,Accelerometer,0.02633622,0.82240826,10.408792,1550002856479
1690,99,Gyroscope,-0.0045509413,0.03274849,0.012174546000000001,1550002856489
1691,99,Accelerometer,0.17357962,1.5155296,10.512939,1550002856490
1692,99,Gyroscope,-0.02165517,0.026639838,0.0030115664,1550002856499
1693,99,Accelerometer,0.7493850999999999,1.1073183000000002,9.762358,1550002856500
1694,99,Gyroscope,-0.027152957000000002,0.008924745,-0.0043188166,1550002856509
1695,99,Accelerometer,1.1085154,1.5658079,9.873688000000001,1550002856510
1696,99,Gyroscope,-0.008216133,0.007092151999999999,-0.0018753556,1550002856519
1697,99,Accelerometer,1.42455,1.2437878,9.848549,1550002856520
1698,99,Gyroscope,0.004612036,-0.005125154,-0.008594873000000001,1550002856529
1699,99,Accelerometer,1.7214310000000002,1.0666169,9.630676,1550002856529
1700,99,Gyroscope,0.0070554977,0.0015943646,-0.031807754,1550002856539
1701,99,Accelerometer,0.9696517,0.7374141,9.648633,1550002856539
1702,99,Gyroscope,-0.02165517,0.022363782000000002,-0.042192463,1550002856550
1703,99,Accelerometer,1.13964,1.1587936,10.329783,1550002856550
1704,99,Gyroscope,-0.019211708,-0.0039034244,-0.04463592,1550002856559
1705,99,Accelerometer,1.8950106,1.4449007999999999,10.064027000000001,1550002856560
1706,99,Gyroscope,0.022327128999999998,-0.03139236,-0.04891198,1550002856569
1707,99,Accelerometer,1.4903905000000002,0.6967127,9.512163000000001,1550002856570
1708,99,Gyroscope,-0.013103055,-0.03139236,-0.08983995,1550002856579
1709,99,Accelerometer,0.20350714,1.0043676,8.728063,1550002856579
1710,99,Gyroscope,-0.06441574,-0.028338033999999998,-0.039749,1550002856589
1711,99,Accelerometer,1.3706805,1.2665327,10.026916499999999,1550002856589
1712,99,Gyroscope,0.004612036,-0.042387932999999996,-0.02692083,1550002856600
1713,99,Accelerometer,1.4808137,0.8547299999999999,10.635044,1550002856600
1714,99,Gyroscope,-0.056474485,-0.043609664000000006,-0.07945524,1550002856609
1715,99,Accelerometer,-0.7182605,0.33399114,9.586383999999999,1550002856610
1716,99,Gyroscope,-0.12672399,-0.009401211500000001,-0.05929669,1550002856619
1717,99,Accelerometer,0.6727706999999999,1.2354081000000001,12.160150999999999,1550002856620
1718,99,Gyroscope,-0.06624833,-0.14012638,-0.039749,1550002856629
1719,99,Accelerometer,2.4073699,0.06344634,9.579201,1550002856630
1720,99,Gyroscope,0.028435782000000003,-0.13401772,-0.125881,1550002856639
1721,99,Accelerometer,0.9528923,1.5885528,7.3825210000000006,1550002856639
1722,99,Gyroscope,-0.09373727,-0.034446687000000004,-0.09167255,1550002856649
1723,99,Accelerometer,0.7745243,0.7493850999999999,8.413225,1550002856650
1724,99,Gyroscope,0.04554001,-0.10164186,-0.07090313,1550002856660
1725,99,Accelerometer,0.81881696,1.0941502,10.694899000000001,1550002856660
1726,99,Gyroscope,0.030879242,-0.101031,-0.07029226400000001,1550002856669
1727,99,Accelerometer,1.3515268999999999,0.7062895,9.563639,1550002856670
1728,99,Gyroscope,-0.025931226,-0.061935622,-0.12160494,1550002856679
1729,99,Accelerometer,1.2892777,1.2940661,9.082403999999999,1550002856680
1730,99,Gyroscope,0.052870392999999995,-0.051550914,-0.06051842,1550002856689
1731,99,Accelerometer,-0.04189853,1.7238252,10.333375,1550002856689
1732,99,Gyroscope,0.046761736,-0.09370062,-0.058685824000000004,1550002856699
1733,99,Accelerometer,1.2569559,0.61171854,10.335769,1550002856699
1734,99,Gyroscope,0.042485684,-0.12974167,-0.06418361,1550002856710
1735,99,Accelerometer,2.136825,1.9273324,9.660604,1550002856710
1736,99,Gyroscope,0.030879242,-0.10958311,0.007898489,1550002856719
1737,99,Accelerometer,0.89902276,1.7717092,10.036493,1550002856720
1738,99,Gyroscope,-0.024709495,-0.035668418,-0.017146988000000002,1550002856729
1739,99,Accelerometer,0.80445176,0.07182605,8.571242,1550002856730
1740,99,Gyroscope,-0.024709495,-0.017953325,-0.008594873000000001,1550002856739
1741,99,Accelerometer,0.50038815,2.3343467999999996,9.730036,1550002856740
1742,99,Gyroscope,-0.01737911,-0.0026816929999999998,-0.04646852,1550002856749
1743,99,Accelerometer,0.23104046,0.37110126,9.751583,1550002856749
1744,99,Gyroscope,-0.04670064,-0.022840247,-0.07945524,1550002856759
1745,99,Accelerometer,0.11611878,2.3523033,10.356119,1550002856759
1746,99,Gyroscope,-0.0369268,-0.004514288,-0.02692083,1550002856770
1747,99,Accelerometer,0.11731588,0.40462008,9.437942999999999,1550002856770
1748,99,Gyroscope,0.0113315545,0.0077030174,-0.028753427999999998,1550002856779
1749,99,Accelerometer,0.20590134,1.0737995,9.119514,1550002856780
1750,99,Gyroscope,-0.02532036,0.05962656400000001,-0.025699101000000002,1550002856789
1751,99,Accelerometer,1.0342950999999998,1.6340426000000001,8.863335000000001,1550002856790
1752,99,Gyroscope,-0.049144104,0.06390262,0.0109528145,1550002856799
1753,99,Accelerometer,0.053869538,1.4796166000000002,9.904813,1550002856799
1754,99,Gyroscope,-0.013103055,0.056572236,-0.019590449,1550002856809
1755,99,Accelerometer,0.78649527,1.2246342,10.356119,1550002856809
1756,99,Gyroscope,-0.01737911,0.032137625,-0.007984008,1550002856819
1757,99,Accelerometer,1.0905589,1.4784195,10.073604,1550002856820
1758,99,Gyroscope,-0.027763822999999997,0.01747686,0.015839735,1550002856829
1759,99,Accelerometer,1.0043676,1.0283096,9.469068,1550002856830
1760,99,Gyroscope,-0.046089776,0.020531185,0.0024007012,1550002856839
1761,99,Accelerometer,1.0761937,1.1492168,10.283096,1550002856840
1762,99,Gyroscope,-0.036315932999999995,0.012589939,-0.004929682,1550002856849
1763,99,Accelerometer,1.0354922,0.7422025,10.477027,1550002856849
1764,99,Gyroscope,0.0015577096,-0.028338033999999998,0.008509354,1550002856859
1765,99,Accelerometer,1.0486604,1.0163386,9.406818,1550002856860
1766,99,Gyroscope,0.0094989585,-0.042998800000000004,0.0017898360000000002,1550002856869
1767,99,Accelerometer,1.4712370000000001,1.5801731,9.514558000000001,1550002856870
1768,99,Gyroscope,-0.030818147999999997,-0.033224955,-0.0018753556,1550002856879
1769,99,Accelerometer,0.5482722,0.7793127,10.784680999999999,1550002856880
1770,99,Gyroscope,-0.028374685,-0.04849659,-0.009205738,1550002856889
1771,99,Accelerometer,0.81163436,1.1037270000000001,10.354922,1550002856889
1772,99,Gyroscope,0.0058337674,-0.08453764,0.008509354,1550002856899
1773,99,Accelerometer,1.5873556999999998,1.1659763,9.0716305,1550002856899
1774,99,Gyroscope,-0.013103055,-0.071098596,-0.022644775,1550002856909
1775,99,Accelerometer,0.62847793,1.1288661,8.301894,1550002856910
1776,99,Gyroscope,-0.04242459,-0.051550914,-0.031196889,1550002856919
1777,99,Accelerometer,-0.13766660000000003,0.7529764,9.119514,1550002856920
1778,99,Gyroscope,0.02354886,-0.06010303,0.008509354,1550002856929
1779,99,Accelerometer,1.2174516000000002,0.61650693,8.845378,1550002856930
1780,99,Gyroscope,0.09990702,-0.08026158,-0.0018753556,1550002856939
1781,99,Accelerometer,1.2306197,0.91219085,6.1542954000000005,1550002856940
1782,99,Gyroscope,-0.014935651999999999,0.053517907999999996,-0.031807754,1550002856949
1783,99,Accelerometer,-0.866701,2.8299465,9.682152,1550002856949
1784,99,Gyroscope,-0.09007207,0.14270425,0.030500501,1550002856959
1785,99,Accelerometer,0.6368576,0.5410896,14.17128,1550002856959
1786,99,Gyroscope,-0.05830708,-0.016120728,0.0036224315000000003,1550002856970
1787,99,Accelerometer,0.7218518,-0.24061728,11.301829,1550002856970
1788,99,Gyroscope,0.04554001,-0.03750101,-0.086174764,1550002856979
1789,99,Accelerometer,0.93732995,2.1176715,8.737639,1550002856980
1790,99,Gyroscope,-0.12977831,0.024807245,-0.010427468,1550002856989
1791,99,Accelerometer,0.8607155000000001,0.79248077,8.781932000000001,1550002856990
1792,99,Gyroscope,-0.08029823,0.05596137,-0.025699101000000002,1550002856999
1793,99,Accelerometer,-0.62129533,1.0773908,10.21965,1550002857000
1794,99,Gyroscope,0.036987893,0.027250702999999998,-0.028142562000000003,1550002857009
1795,99,Accelerometer,0.6691794,1.6472107,10.332177,1550002857009
1796,99,Gyroscope,-0.03937026,-0.0014599635999999999,0.0030115664,1550002857019
1797,99,Accelerometer,0.9864110999999999,1.0259154000000001,12.137405000000001,1550002857019
1798,99,Gyroscope,0.0033903066,-0.025894572999999997,0.02927877,1550002857030
1799,99,Accelerometer,1.4401124,0.92296475,10.512939,1550002857030
1800,99,Gyroscope,0.010720688999999999,-0.03750101,0.03599829,1550002857040
1801,99,Accelerometer,0.6859388000000001,1.532289,9.325416,1550002857040
1802,99,Gyroscope,-0.057696215999999995,-0.049718317000000005,0.02561358,1550002857049
1803,99,Accelerometer,1.0366893,0.3878607,9.768343,1550002857050
1804,99,Gyroscope,0.035766162000000004,-0.0729312,-0.0043188166,1550002857059
1805,99,Accelerometer,0.91099375,1.0510546,9.659407,1550002857060
1806,99,Gyroscope,0.028435782000000003,-0.027116302000000002,-0.015314391,1550002857069
1807,99,Accelerometer,0.12808979,1.1839328000000002,8.50181,1550002857069
1808,99,Gyroscope,-0.033261612,0.027250702999999998,-0.0061514126,1550002857079
1809,99,Accelerometer,-0.14604631,0.6823475,9.568427,1550002857080
1810,99,Gyroscope,0.024159724,0.014422532,-0.018368717,1550002857090
1811,99,Accelerometer,-0.61291564,0.92775315,10.314221,1550002857090
1812,99,Gyroscope,0.035155296,0.02114205,-0.011038333999999999,1550002857099
1813,99,Accelerometer,-0.015562311,0.9672575000000001,9.457097000000001,1550002857100
1814,99,Gyroscope,-0.0509767,0.04740926,-0.0140926605,1550002857109
1815,99,Accelerometer,0.05267244,1.5658079,9.97185,1550002857110
1816,99,Gyroscope,0.016829342,0.008313879,-0.007984008,1550002857119
1817,99,Accelerometer,0.34955344,1.7429788,9.738416,1550002857120
1818,99,Gyroscope,-0.052809298,0.014422532,0.01156368,1550002857129
1819,99,Accelerometer,0.7038953,1.5526398000000001,9.655814999999999,1550002857129
1820,99,Gyroscope,-0.02165517,0.01625513,0.024391849,1550002857139
1821,99,Accelerometer,0.80086046,0.9528923,10.212467,1550002857140
1822,99,Gyroscope,0.010720688999999999,0.024807245,-0.0043188166,1550002857150
1823,99,Accelerometer,0.7026982,1.009156,9.873688000000001,1550002857150
1824,99,Gyroscope,-0.06685919,0.014422532,0.0030115664,1550002857159
1825,99,Accelerometer,0.5255273,1.0079589,10.097546000000001,1550002857160
1826,99,Gyroscope,-0.036315932999999995,-0.01734246,-0.01287093,1550002857169
1827,99,Accelerometer,0.93732995,0.30286652,10.682928,1550002857170
1828,99,Gyroscope,0.0033903066,-0.041777067,-0.025088236,1550002857179
1829,99,Accelerometer,0.7374141,0.58298814,10.149021000000001,1550002857180
1830,99,Gyroscope,-0.044868045,-0.051550914,-0.03730554,1550002857189
1831,99,Accelerometer,0.8750806999999999,0.44771573,9.537302,1550002857189
1832,99,Gyroscope,-0.010659594,-0.08087245,-0.028142562000000003,1550002857199
1833,99,Accelerometer,0.7158663000000001,0.6655880999999999,10.477027,1550002857200
1834,99,Gyroscope,-0.0008857511,-0.09186802,-0.03486208,1550002857210
1835,99,Accelerometer,0.712275,0.4261679,10.096349,1550002857210
1836,99,Gyroscope,-0.009437865,-0.092478886,-0.04891198,1550002857219
1837,99,Accelerometer,0.92296475,1.423353,9.570822,1550002857220
1838,99,Gyroscope,-0.016768249,-0.079650715,-0.02325564,1550002857229
1839,99,Accelerometer,0.78888947,1.8255788,10.493786,1550002857230
1840,99,Gyroscope,0.006444632,-0.079650715,-0.007984008,1550002857239
1841,99,Accelerometer,1.0929531000000001,1.0402806,10.07121,1550002857239
1842,99,Gyroscope,0.010109824,-0.07720725,0.0048441626,1550002857249
1843,99,Accelerometer,0.9672575000000001,1.4293385,9.271546,1550002857249
1844,99,Gyroscope,0.0058337674,-0.053383507000000004,-0.016536122,1550002857260
1845,99,Accelerometer,1.7764976000000003,1.9632453999999997,9.0476885,1550002857260
1846,99,Gyroscope,0.025381455,-0.04422053,0.04393954,1550002857269
1847,99,Accelerometer,0.8475474000000001,1.5119383,9.186552,1550002857270
1848,99,Gyroscope,0.025992319,-0.026505437000000003,0.044550404,1550002857279
1849,99,Accelerometer,1.2018893,0.91937345,9.056067,1550002857280
1850,99,Gyroscope,0.044318277,-0.030170628999999997,0.048215594,1550002857289
1851,99,Accelerometer,1.282095,0.7350199000000001,9.672575,1550002857290
1852,99,Gyroscope,0.06630943,-0.025894572999999997,0.02317012,1550002857299
1853,99,Accelerometer,1.0295067,-0.09816227,7.9463553,1550002857299
1854,99,Gyroscope,-0.008216133,0.093224145,-0.030586022999999997,1550002857309
1855,99,Accelerometer,0.9576806999999999,1.4999673,9.636662,1550002857309
1856,99,Gyroscope,-0.06441574,0.14636943,-0.004929682,1550002857320
1857,99,Accelerometer,-1.22224,1.8183962,12.119449000000001,1550002857320
1858,99,Gyroscope,-0.06624833,0.006481286,-0.03730554,1550002857329
1859,99,Accelerometer,1.6795325,0.8846575000000001,9.7240505,1550002857330
1860,99,Gyroscope,-0.008826999,-0.005125154,-0.035472944,1550002857339
1861,99,Accelerometer,0.14963761,1.1982979999999999,9.041702,1550002857340
1862,99,Gyroscope,-0.053420155999999996,0.056572236,-0.009205738,1550002857349
1863,99,Accelerometer,0.59615624,0.7266402,9.903615,1550002857350
1864,99,Gyroscope,0.027824916,0.04740926,0.032943964,1550002857359
1865,99,Accelerometer,2.280477,1.1037270000000001,9.840169,1550002857359
1866,99,Gyroscope,-0.025931226,0.024196379,-0.009816604,1550002857370
1867,99,Accelerometer,1.4401124,1.0295067,9.910798,1550002857370
1868,99,Gyroscope,0.0070554977,-0.0057360195,-0.004929682,1550002857379
1869,99,Accelerometer,2.5546130000000002,0.78170687,10.582372,1550002857380
1870,99,Gyroscope,0.08524625,-0.044831395,0.044550404,1550002857389
1871,99,Accelerometer,3.0873232,0.8439561,9.7240505,1550002857390
1872,99,Gyroscope,0.05348126,-0.043609664000000006,0.014007141,1550002857399
1873,99,Accelerometer,2.2613235,1.0223241,9.556455999999999,1550002857399
1874,99,Gyroscope,0.029046647000000002,-0.04605312599999999,0.019504927,1550002857410
1875,99,Accelerometer,1.8866308999999997,1.1504139,10.96305,1550002857410
1876,99,Gyroscope,0.07608327,-0.04910745,0.040274344,1550002857419
1877,99,Accelerometer,2.3403322999999996,1.3227965,8.987833,1550002857420
1878,99,Gyroscope,-0.008216133,-0.046663992,0.031111367,1550002857429
1879,99,Accelerometer,-0.23343466,1.7010802999999999,9.637858999999999,1550002857430
1880,99,Gyroscope,-0.030818147999999997,-0.02222938,-0.011649198999999999,1550002857439
1881,99,Accelerometer,1.0606314,0.9612719999999999,9.352949,1550002857439
1882,99,Gyroscope,-0.054031022000000005,-0.013066402,0.006065893,1550002857449
1883,99,Accelerometer,1.7968484,2.7353754,9.744401,1550002857449
1884,99,Gyroscope,-0.03509419999999999,-0.030170628999999997,-0.0067622773,1550002857460
1885,99,Accelerometer,0.78529817,1.1180921999999998,9.13388,1550002857460
1886,99,Gyroscope,-0.035705067,0.011368208000000001,-0.093505144,1550002857470
1887,99,Accelerometer,-0.3184288,1.6771383000000002,9.390058999999999,1550002857470
1888,99,Gyroscope,-0.03814853,0.03152676,0.015839735,1550002857479
1889,99,Accelerometer,1.3946223999999998,1.1516110000000002,9.42238,1550002857480
1890,99,Gyroscope,-0.0076052677,0.043744065,0.0042332970000000004,1550002857489
1891,99,Accelerometer,0.18555063,1.3144168,10.29387,1550002857490
1892,99,Gyroscope,-0.0008857511,0.043744065,-0.016536122,1550002857499
1893,99,Accelerometer,0.7206547,0.6655880999999999,9.197326,1550002857499
1894,99,Gyroscope,-0.022876898,0.055350505,0.0127854105,1550002857509
1895,99,Accelerometer,0.9923966000000001,1.4772223999999998,9.350553999999999,1550002857510
1896,99,Gyroscope,-0.02532036,0.06451348,0.0127854105,1550002857520
1897,99,Accelerometer,0.51116204,0.5662286999999999,9.76116,1550002857520
1898,99,Gyroscope,-0.028374685,0.0571831,-0.036694676,1550002857529
1899,99,Accelerometer,0.27533320000000006,1.0929531000000001,10.036493,1550002857530
1900,99,Gyroscope,-0.052198432,0.03824628,-0.020812178,1550002857539
1901,99,Accelerometer,1.5047556999999998,1.5801731,10.571598,1550002857540
1902,99,Gyroscope,-0.019822573,0.0040378235,-0.020812178,1550002857549
1903,99,Accelerometer,1.5825673,1.2916718999999999,9.357738000000001,1550002857550
1904,99,Gyroscope,-0.012492188999999999,0.028472435,-0.0067622773,1550002857559
1905,99,Accelerometer,1.283292,1.6903063999999999,9.3661175,1550002857559
1906,99,Gyroscope,-0.035705067,0.037635416,0.030500501,1550002857569
1907,99,Accelerometer,1.7501613999999999,0.7541734999999999,10.235211999999999,1550002857570
1908,99,Gyroscope,0.024159724,0.009535611,0.021337522,1550002857580
1909,99,Accelerometer,2.2290018,1.1001357,10.457873,1550002857580
1910,99,Gyroscope,-0.047922373,-0.006346885,0.007898489,1550002857589
1911,99,Accelerometer,2.3630772,0.9708488000000001,9.725247,1550002857590
1912,99,Gyroscope,-0.027152957000000002,-0.006957751,-0.013481795,1550002857599
1913,99,Accelerometer,2.018312,1.4544774999999999,9.564836,1550002857600
1914,99,Gyroscope,-0.029596416,-0.0032925587,-0.013481795,1550002857609
1915,99,Accelerometer,1.590947,1.079785,10.375273,1550002857610
1916,99,Gyroscope,-0.0076052677,-0.011844671999999999,0.0042332970000000004,1550002857619
1917,99,Accelerometer,1.0295067,0.5638345,9.836577,1550002857619
1918,99,Gyroscope,0.018051071000000002,0.0028160921999999997,-0.004929682,1550002857629
1919,99,Accelerometer,0.93254155,0.82480246,9.269152,1550002857630
1920,99,Gyroscope,-0.005161807,0.029083297,0.0054550273,1550002857640
1921,99,Accelerometer,0.21906945,0.9732430000000001,8.852561,1550002857640
1922,99,Gyroscope,-0.0027183462,0.05596137,-0.0043188166,1550002857649
1923,99,Accelerometer,0.12449849,0.7374141,9.249998,1550002857650
1924,99,Gyroscope,0.041263953,0.04435493,-0.009816604,1550002857659
1925,99,Accelerometer,0.25258827,0.89184016,8.895657,1550002857660
1926,99,Gyroscope,-0.07174612,0.052296177,-0.019590449,1550002857669
1927,99,Accelerometer,0.5626374,1.4460978999999998,11.374852,1550002857670
1928,99,Gyroscope,-0.047922373,0.05473964,-0.007984008,1550002857679
1929,99,Accelerometer,-0.142455,0.11971009,11.73518,1550002857679
1930,99,Gyroscope,0.039431356,-0.055216104,-0.0018753556,1550002857690
1931,99,Accelerometer,0.5363011999999999,1.0163386,11.15698,1550002857690
1932,99,Gyroscope,0.046761736,-0.026505437000000003,-0.050744575,1550002857699
1933,99,Accelerometer,2.5929205,0.8870517,8.531737,1550002857700
1934,99,Gyroscope,-0.043646313,0.0077030174,0.0042332970000000004,1550002857709
1935,99,Accelerometer,1.6053122,1.0175357,7.972691499999999,1550002857710
1936,99,Gyroscope,0.024159724,-0.006957751,0.026835311,1550002857719
1937,99,Accelerometer,1.1935096,0.5746084,9.957485,1550002857720
1938,99,Gyroscope,0.02477059,-0.027727167999999996,-0.004929682,1550002857729
1939,99,Accelerometer,2.135628,0.23702596,10.087969000000001,1550002857729
1940,99,Gyroscope,-0.0033292117999999997,-0.046663992,0.0030115664,1550002857739
1941,99,Accelerometer,1.0749966,0.90261406,9.947908,1550002857739
1942,99,Gyroscope,0.033322702999999995,-0.07842898,0.0024007012,1550002857750
1943,99,Accelerometer,0.9947908000000001,1.1480197,9.991004,1550002857750
1944,99,Gyroscope,0.049816065,-0.07537466,0.006065893,1550002857759
1945,99,Accelerometer,2.2649147999999997,0.9708488000000001,9.084799,1550002857760
1946,99,Gyroscope,0.014385881000000001,-0.05277264,0.058600303,1550002857769
1947,99,Accelerometer,0.7625531999999999,1.283292,9.622296,1550002857770
1948,99,Gyroscope,0.0033903066,-0.011844671999999999,0.012174546000000001,1550002857779
1949,99,Accelerometer,0.23343466,1.0043676,9.603143,1550002857780
1950,99,Gyroscope,-0.024709495,0.006481286,0.045161266,1550002857789
1951,99,Accelerometer,-0.18195933,0.60812724,9.249998,1550002857789
1952,99,Gyroscope,-0.031429015,0.036413684,0.0054550273,1550002857799
1953,99,Accelerometer,0.260968,0.93493575,8.554482,1550002857799
1954,99,Gyroscope,-0.0137139205,0.05901569999999999,-0.016536122,1550002857810
1955,99,Accelerometer,-0.04070143,1.7753005000000002,9.087193,1550002857810
1956,99,Gyroscope,-0.04547891,0.113382705,0.0066767577,1550002857819
1957,99,Accelerometer,-0.27892449999999996,0.92775315,10.096349,1550002857820
1958,99,Gyroscope,-0.0057726726,0.11460443599999999,0.0042332970000000004,1550002857829
1959,99,Accelerometer,-0.08738836,1.411382,11.439496,1550002857830
1960,99,Gyroscope,0.04187482,0.073065594,0.04088521,1550002857839
1961,99,Accelerometer,1.2330139,1.2665327,9.714474000000001,1550002857840
1962,99,Gyroscope,-0.03509419999999999,0.07673079,0.020726658000000002,1550002857849
1963,99,Accelerometer,0.8355764000000001,1.8076223000000002,9.490616000000001,1550002857849
1964,99,Gyroscope,-0.03203988,0.06207002,0.039052617000000005,1550002857859
1965,99,Accelerometer,1.258153,1.2617443000000002,10.399215,1550002857859
1966,99,Gyroscope,0.03393357,0.039468005,0.023780985,1550002857870
1967,99,Accelerometer,1.2880806,1.1935096,10.018537,1550002857870
1968,99,Gyroscope,-0.006994404,0.040689737000000004,0.037830885,1550002857879
1969,99,Accelerometer,1.2246342,1.1863270000000001,10.1226845,1550002857880
1970,99,Gyroscope,0.0052229017,0.03274849,0.039052617000000005,1550002857889
1971,99,Accelerometer,1.1504139,0.89662856,10.709264,1550002857890
1972,99,Gyroscope,0.046761736,-0.0014599635999999999,0.041496076,1550002857899
1973,99,Accelerometer,0.94570965,1.0307038,9.958682000000001,1550002857900
1974,99,Gyroscope,0.017440207,0.0015943646,0.029889636,1550002857909
1975,99,Accelerometer,1.0630256,0.93852705,9.762358,1550002857909
1976,99,Gyroscope,0.016218476000000003,0.010146476,0.034776557,1550002857919
1977,99,Accelerometer,1.1599906999999998,1.2437878,9.946711,1550002857920
1978,99,Gyroscope,0.027824916,0.010146476,0.0323331,1550002857930
1979,99,Accelerometer,0.33518824,0.8475474000000001,9.051279,1550002857930
1980,99,Gyroscope,-0.026542092000000003,0.026639838,0.0054550273,1550002857939
1981,99,Accelerometer,0.027533319,0.81043726,10.023325,1550002857940
1982,99,Gyroscope,-0.008826999,0.022363782000000002,0.027446175,1550002857949
1983,99,Accelerometer,0.8678981,0.8487445,9.849746000000001,1550002857949
1984,99,Gyroscope,-0.01004873,0.022363782000000002,-0.009816604,1550002857959
1985,99,Accelerometer,-0.073023155,1.3000516000000002,10.042479,1550002857960
1986,99,Gyroscope,-0.018600842,0.010757342,-0.0037079514000000003,1550002857969
1987,99,Accelerometer,1.1851299,0.7781156,9.629479,1550002857970
1988,99,Gyroscope,-0.018600842,-0.00023823230999999999,0.008509354,1550002857979
1989,99,Accelerometer,1.423353,1.2605472,9.405622,1550002857980
1990,99,Gyroscope,-0.013103055,0.005259555,-0.010427468,1550002857989
1991,99,Accelerometer,0.8511386999999999,0.61052144,8.791509,1550002857990
1992,99,Gyroscope,-0.027763822999999997,0.019309454,-0.012260064499999999,1550002857999
1993,99,Accelerometer,1.1456255,0.9552864999999999,9.799467,1550002857999
1994,99,Gyroscope,0.010109824,0.021752916,-0.0043188166,1550002858010
1995,99,Accelerometer,1.2066777,0.7242460000000001,10.020931,1550002858010
1996,99,Gyroscope,0.018661937,0.0034269579,-0.025699101000000002,1550002858019
1997,99,Accelerometer,1.1779473,0.5303157,9.367314,1550002858020
1998,99,Gyroscope,-0.073578715,-0.0039034244,-0.025088236,1550002858029
1999,99,Accelerometer,0.13766660000000003,0.5578489999999999,9.970653,1550002858030
2000,99,Gyroscope,-0.080909096,-0.050940047999999995,-0.033640347,1550002858039
2001,99,Accelerometer,0.7457938000000001,1.5526398000000001,12.870030999999999,1550002858040
2002,99,Gyroscope,0.02477059,-0.081483305,-0.02325564,1550002858049
2003,99,Accelerometer,1.4688427,0.2813187,9.283517,1550002858050
2004,99,Gyroscope,-0.060750544000000004,-0.027727167999999996,-0.016536122,1550002858059
2005,99,Accelerometer,0.44651863,2.4061728,8.848969,1550002858059
2006,99,Gyroscope,-0.023487763,-0.014288133,-0.008594873000000001,1550002858069
2007,99,Accelerometer,1.2090718999999999,0.8379706,9.406818,1550002858069
2008,99,Gyroscope,0.061422504,-0.035668418,0.02561358,1550002858079
2009,99,Accelerometer,0.7529764,1.3204023,9.610325999999999,1550002858080
2010,99,Gyroscope,-0.03814853,-0.01734246,0.008509354,1550002858089
2011,99,Accelerometer,1.1911154,0.60214174,9.018958,1550002858090
2012,99,Gyroscope,0.036377028,-0.00023823230999999999,-0.018979583,1550002858099
2013,99,Accelerometer,0.8403648000000001,0.9576806999999999,9.240421000000001,1550002858100
2014,99,Gyroscope,0.030268377000000003,0.006481286,-0.007373143,1550002858109
2015,99,Accelerometer,-0.0047884034,2.0207062,10.244789,1550002858110
2016,99,Gyroscope,-0.04547891,0.046187527,0.021337522,1550002858119
2017,99,Accelerometer,0.2657564,-0.2657564,9.860519,1550002858120
2018,99,Gyroscope,0.0040011713,0.008313879,0.022559252999999998,1550002858129
2019,99,Accelerometer,0.32441434,1.3742718,10.888829,1550002858130
2020,99,Gyroscope,0.014996746000000002,0.01992032,0.01156368,1550002858139
2021,99,Accelerometer,0.9935937,1.8004397,9.406818,1550002858139
2022,99,Gyroscope,-0.054031022000000005,0.05473964,0.017672332,1550002858149
2023,99,Accelerometer,0.37828386,1.7477672,8.708909,1550002858150
2024,99,Gyroscope,0.0009468458599999999,0.061459154,0.02561358,1550002858159
2025,99,Accelerometer,0.50397944,1.9333179,10.271125,1550002858160
2026,99,Gyroscope,0.035155296,0.041300602,0.041496076,1550002858169
2027,99,Accelerometer,0.5554548,1.4508862,10.181343,1550002858170
2028,99,Gyroscope,-0.01127046,0.03580282,0.04088521,1550002858179
2029,99,Accelerometer,1.0450690999999999,1.3156139,9.871294,1550002858180
2030,99,Gyroscope,0.02354886,0.021752916,0.057989437000000005,1550002858189
2031,99,Accelerometer,0.48123455,1.0570401000000003,10.759542,1550002858190
2032,99,Gyroscope,0.051037795999999996,0.008924745,0.044550404,1550002858199
2033,99,Accelerometer,0.7326256999999999,0.9720459000000001,9.332599,1550002858200
2034,99,Gyroscope,-0.0045509413,0.009535611,0.043328673,1550002858209
2035,99,Accelerometer,1.22224,1.1480197,9.587581,1550002858210
2036,99,Gyroscope,0.02721405,-0.010012077,0.06593069,1550002858219
2037,99,Accelerometer,1.1109096,1.0007763,9.892841,1550002858220
2038,99,Gyroscope,0.014385881000000001,-0.013066402,0.05371338,1550002858229
2039,99,Accelerometer,1.1863270000000001,1.0450690999999999,10.028113000000001,1550002858230
2040,99,Gyroscope,0.024159724,-0.0032925587,0.06959588,1550002858239
2041,99,Accelerometer,0.40222588,1.1623849,9.739613,1550002858240
2042,99,Gyroscope,0.029046647000000002,0.01625513,0.053102515999999995,1550002858249
2043,99,Accelerometer,0.34356794,1.4173675,9.888053,1550002858250
2044,99,Gyroscope,0.016829342,0.018087726000000002,0.056767705999999994,1550002858260
2045,99,Accelerometer,0.44771573,1.0773908,10.007763,1550002858260
2046,99,Gyroscope,0.021105397,0.0034269579,0.059822034,1550002858269
2047,99,Accelerometer,0.82599956,1.3587095,10.0341,1550002858269
2048,99,Gyroscope,0.024159724,-0.00084909797,0.07387193,1550002858280
2049,99,Accelerometer,1.2378023,1.2749124,9.827001,1550002858280
2050,99,Gyroscope,0.021105397,-0.027727167999999996,0.046993863,1550002858289
2051,99,Accelerometer,0.5590460999999999,1.0522517,9.799467,1550002858289
2052,99,Gyroscope,0.019883668,-0.033224955,0.062265493,1550002858300
2053,99,Accelerometer,1.1887212,0.94451255,9.76954,1550002858300
2054,99,Gyroscope,0.014996746000000002,-0.025283707000000002,0.050659052999999996,1550002858309
2055,99,Accelerometer,0.272939,0.89423436,9.849746000000001,1550002858309
2056,99,Gyroscope,-0.0033292117999999997,-0.01856419,0.068985015,1550002858320
2057,99,Accelerometer,0.91578215,0.8762778,10.180145,1550002858320
2058,99,Gyroscope,0.011942419,-0.013677267,0.046382997,1550002858329
2059,99,Accelerometer,0.2908955,1.0570401000000003,10.207678999999999,1550002858329
2060,99,Gyroscope,0.011942419,-0.013677267,0.04393954,1550002858340
2061,99,Accelerometer,0.50278234,0.80086046,9.13388,1550002858340
2062,99,Gyroscope,-0.01127046,-0.017953325,0.046382997,1550002858349
2063,99,Accelerometer,0.42018240000000007,1.3323733,9.830592,1550002858349
2064,99,Gyroscope,0.01316415,-0.01856419,0.04088521,1550002858360
2065,99,Accelerometer,0.23104046,1.1216834999999998,9.408014999999999,1550002858360
2066,99,Gyroscope,-0.008826999,-0.006957751,0.049437325,1550002858369
2067,99,Accelerometer,0.11611878,1.270124,10.029311,1550002858370
2068,99,Gyroscope,0.024159724,-0.01856419,0.05004819,1550002858379
2069,99,Accelerometer,0.16400282,0.80804306,9.8437605,1550002858380
2070,99,Gyroscope,0.04554001,-0.005125154,0.05126992,1550002858389
2071,99,Accelerometer,0.46088383,1.1384428999999998,8.672996000000001,1550002858390
2072,99,Gyroscope,0.04187482,-0.00023823230999999999,0.056156844000000004,1550002858399
2073,99,Accelerometer,0.31483752,0.545878,7.72968,1550002858400
2074,99,Gyroscope,0.06997461599999999,0.09627848,0.020115793,1550002858409
2075,99,Accelerometer,0.08020575,1.7357962,10.919953999999999,1550002858410
2076,99,Gyroscope,-0.0039400775,0.12804347,0.03416569,1550002858419
2077,99,Accelerometer,-0.28491,0.13407529999999998,11.47062,1550002858420
2078,99,Gyroscope,-0.054641888,0.03152676,-0.0018753556,1550002858429
2079,99,Accelerometer,-0.34835634,0.8319851,11.220427,1550002858430
2080,99,Gyroscope,0.044929143,-0.02222938,-0.013481795,1550002858439
2081,99,Accelerometer,1.3874398000000001,0.9816226999999998,8.9602995,1550002858440
2082,99,Gyroscope,-0.017989976,0.022974647999999997,-0.011038333999999999,1550002858450
2083,99,Accelerometer,0.45729253,1.091756,8.465898,1550002858450
2084,99,Gyroscope,-0.04975497,0.060848295999999996,-0.019590449,1550002858459
2085,99,Accelerometer,0.23463176,1.3012487,10.2974615,1550002858459
2086,99,Gyroscope,0.012553285,0.049241855999999994,0.012174546000000001,1550002858469
2087,99,Accelerometer,1.3563153000000001,1.5239093000000001,10.916363,1550002858470
2088,99,Gyroscope,-0.029596416,-0.00084909797,0.028667906,1550002858479
2089,99,Accelerometer,2.0111293999999997,1.1719618,10.497377,1550002858480
2090,99,Gyroscope,-0.014324786,-0.032003224,0.03416569,1550002858489
2091,99,Accelerometer,2.088941,1.6172832000000001,9.957485,1550002858490
2092,99,Gyroscope,0.0033903066,-0.036279282999999996,0.08914357,1550002858499
2093,99,Accelerometer,1.3587095,1.9357121,10.09994,1550002858500
2094,99,Gyroscope,-0.032650746,-0.08209418,0.099528275,1550002858509
2095,99,Accelerometer,2.0482395,1.1755531000000001,11.434708,1550002858510
2096,99,Gyroscope,0.09379836,-0.11630263,0.121519424,1550002858519
2097,99,Accelerometer,2.2146366000000004,0.48841715,10.896011999999999,1550002858519
2098,99,Gyroscope,0.029657512999999996,-0.09919839999999999,0.10869125,1550002858529
2099,99,Accelerometer,0.90979666,0.56982,9.336189,1550002858530
2100,99,Gyroscope,-0.047311507,-0.07415293,0.05554598,1550002858539
2101,99,Accelerometer,1.6711528000000002,0.22744916,8.513782,1550002858540
2102,99,Gyroscope,0.0040011713,-0.061935622,0.031722232999999996,1550002858549
2103,99,Accelerometer,0.06464344,0.61770403,9.324219,1550002858550
2104,99,Gyroscope,-0.043035455,-0.039333608,-0.028142562000000003,1550002858559
2105,99,Accelerometer,0.20829555,0.29568392,9.271546,1550002858559
2106,99,Gyroscope,-0.040591992,-0.043609664000000006,-0.062351014,1550002858570
2107,99,Accelerometer,0.79726917,0.33518824,9.640253,1550002858570
2108,99,Gyroscope,-0.012492188999999999,-0.042998800000000004,-0.039138135,1550002858579
2109,99,Accelerometer,0.29927522,0.8355764000000001,9.871294,1550002858580
2110,99,Gyroscope,-0.020433438999999998,-0.012455538,-0.042192463,1550002858589
2111,99,Accelerometer,0.8774749,0.33039984,8.882488,1550002858589
2112,99,Gyroscope,-0.01004873,0.005259555,-0.039749,1550002858600
2113,99,Accelerometer,1.5705963,0.51954174,9.300277000000001,1550002858600
2114,99,Gyroscope,-0.00027488545,-0.010012077,-0.025088236,1550002858609
2115,99,Accelerometer,1.9883845000000002,0.48482585,9.803059,1550002858610
2116,99,Gyroscope,0.0009468458599999999,-0.024672844,-0.034251212999999996,1550002858619
2117,99,Accelerometer,2.5773582000000004,1.1803415000000002,10.125079,1550002858619
2118,99,Gyroscope,0.019883668,-0.016731594,-0.03302948,1550002858630
2119,99,Accelerometer,2.906561,0.59495914,9.186552,1550002858630
2120,99,Gyroscope,0.0094989585,-0.006957751,0.0042332970000000004,1550002858639
2121,99,Accelerometer,2.0649989,1.2761095,9.564836,1550002858640
2122,99,Gyroscope,-0.047311507,-0.0032925587,0.0030115664,1550002858649
2123,99,Accelerometer,2.1332338,1.0235212,9.6845455,1550002858649
2124,99,Gyroscope,0.012553285,-0.027727167999999996,0.0048441626,1550002858659
2125,99,Accelerometer,1.8375498,1.246182,10.534488,1550002858660
2126,99,Gyroscope,0.02721405,-0.034446687000000004,-0.0067622773,1550002858669
2127,99,Accelerometer,1.7537526999999997,1.5466543,9.424775,1550002858670
2128,99,Gyroscope,-0.0039400775,-0.013066402,-0.017757852,1550002858679
2129,99,Accelerometer,1.6041151000000002,1.6771383000000002,8.352172999999999,1550002858680
2130,99,Gyroscope,0.034544434,-0.0026816929999999998,0.009120219,1550002858689
2131,99,Accelerometer,0.7146691999999999,1.9405005000000002,9.794678999999999,1550002858690
2132,99,Gyroscope,0.022937994,-0.0039034244,0.0017898360000000002,1550002858700
2133,99,Accelerometer,0.6368576,1.2569559,9.752781,1550002858700
2134,99,Gyroscope,0.00033598019999999995,-0.004514288,0.042717807000000003,1550002858709
2135,99,Accelerometer,1.0390834999999998,1.2797008,9.690532000000001,1550002858710
2136,99,Gyroscope,0.0076663624,-0.01856419,0.05371338,1550002858719
2137,99,Accelerometer,1.1312603,0.9876082,9.010578,1550002858719
2138,99,Gyroscope,0.014996746000000002,0.01992032,0.027446175,1550002858730
2139,99,Accelerometer,0.9564835999999999,1.2066777,9.275136999999999,1550002858730
2140,99,Gyroscope,-0.009437865,0.028472435,0.02317012,1550002858739
2141,99,Accelerometer,0.7254431,1.1528081000000001,9.898827,1550002858740
2142,99,Gyroscope,0.0070554977,0.030915894,0.032943964,1550002858749
2143,99,Accelerometer,1.2952632,1.1839328000000002,9.865308,1550002858749
2144,99,Gyroscope,0.02354886,0.024196379,0.03416569,1550002858760
2145,99,Accelerometer,0.6356605,0.9876082,8.827422,1550002858760
2146,99,Gyroscope,-0.01737911,0.062680885,0.022559252999999998,1550002858769
2147,99,Accelerometer,0.48482585,1.2856863,9.375694000000001,1550002858770
2148,99,Gyroscope,-0.01004873,0.07550906,0.043328673,1550002858779
2149,99,Accelerometer,1.4161704,1.5298948,11.707646,1550002858779
2150,99,Gyroscope,-0.044868045,0.041300602,-0.000653625,1550002858790
2151,99,Accelerometer,-0.19632454,0.2645593,10.527305,1550002858790
2152,99,Gyroscope,-0.11695014,0.034581087999999996,0.0054550273,1550002858799
2153,99,Accelerometer,1.9285294999999998,2.3726540000000003,12.354080999999999,1550002858800
2154,99,Gyroscope,0.0009468458599999999,-0.059492163,0.062265493,1550002858809
2155,99,Accelerometer,4.1371803,0.92416185,8.435969,1550002858809
2156,99,Gyroscope,0.052259527,-0.043609664000000006,-0.007984008,1550002858819
2157,99,Accelerometer,1.6771383000000002,1.7992426,7.6626425000000005,1550002858820
2158,99,Gyroscope,-0.052198432,0.023585513,0.035387423,1550002858829
2159,99,Accelerometer,1.8291701,0.8631097,9.252393,1550002858830
2160,99,Gyroscope,0.020494534,-0.010012077,0.10441519,1550002858839
2161,99,Accelerometer,2.3894134,0.5315128,10.268730999999999,1550002858839
2162,99,Gyroscope,0.06936375,-0.010012077,0.042717807000000003,1550002858849
2163,99,Accelerometer,1.567005,0.8391677,9.586383999999999,1550002858850
2164,99,Gyroscope,0.0027794409999999997,-0.024061977999999998,0.05371338,1550002858859
2165,99,Accelerometer,2.0649989,1.1025299,8.760384,1550002858860
2166,99,Gyroscope,-0.0014966168,-0.02222938,0.08120232,1550002858869
2167,99,Accelerometer,0.2896984,0.736217,8.868122999999999,1550002858870
2168,99,Gyroscope,-0.020433438999999998,0.011368208000000001,0.026224446000000002,1550002858879
2169,99,Accelerometer,-0.49440265,0.5506664000000001,8.90643,1550002858879
2170,99,Gyroscope,0.0027794409999999997,0.013200805,0.06104376,1550002858890
2171,99,Accelerometer,0.7457938000000001,2.5115175,10.196905000000001,1550002858890
2172,99,Gyroscope,0.046761736,0.005259555,0.10624779,1550002858899
2173,99,Accelerometer,0.79726917,0.41299978,9.629479,1550002858900
2174,99,Gyroscope,0.010109824,0.029083297,0.06776328400000001,1550002858909
2175,99,Accelerometer,0.06943185,0.7146691999999999,8.966286,1550002858909
2176,99,Gyroscope,-0.050365835,0.05046358,0.09158703,1550002858920
2177,99,Accelerometer,0.82001406,2.1559787,9.929952,1550002858920
2178,99,Gyroscope,-0.026542092000000003,0.03152676,0.099528275,1550002858929
2179,99,Accelerometer,1.8136078000000002,0.48841715,10.86369,1550002858930
2180,99,Gyroscope,-0.014324786,-0.0075686146,0.03844175,1550002858939
2181,99,Accelerometer,1.2761095,0.6871359,10.30225,1550002858939
2182,99,Gyroscope,-0.008216133,-0.030781494,0.021337522,1550002858950
2183,99,Accelerometer,1.4101848999999997,1.1863270000000001,9.510966,1550002858950
2184,99,Gyroscope,-0.01004873,-0.034446687000000004,-0.017757852,1550002858959
2185,99,Accelerometer,2.0853498,1.2066777,9.861717,1550002858960
2186,99,Gyroscope,0.05042693,-0.049718317000000005,0.022559252999999998,1550002858969
2187,99,Accelerometer,0.7170634,1.1540052,10.333375,1550002858969
2188,99,Gyroscope,0.04370741,-0.042998800000000004,0.007898489,1550002858979
2189,99,Accelerometer,1.3479356000000002,1.0426749,9.79827,1550002858980
2190,99,Gyroscope,0.010720688999999999,-0.035057552,0.007898489,1550002858989
2191,99,Accelerometer,2.018312,1.1468226000000001,9.7958765,1550002858990
2192,99,Gyroscope,0.043096546,-0.028948900000000003,0.040274344,1550002858999
2193,99,Accelerometer,0.8810662,1.4652513999999999,9.160214999999999,1550002859000
2194,99,Gyroscope,0.0058337674,-0.04055534,0.01034195,1550002859009
2195,99,Accelerometer,0.89303726,1.8567034,9.331401,1550002859010
2196,99,Gyroscope,-0.016768249,-0.039333608,0.009120219,1550002859020
2197,99,Accelerometer,1.2162545,1.602918,10.431536999999999,1550002859020
2198,99,Gyroscope,0.0070554977,-0.039333608,0.036609154,1550002859029
2199,99,Accelerometer,0.17717093,0.9720459000000001,9.674969,1550002859030
2200,99,Gyroscope,-0.0057726726,-0.021618515,0.007287623399999999,1550002859039
2201,99,Accelerometer,0.4345476,1.0007763,9.306262,1550002859039
2202,99,Gyroscope,-0.010659594,-0.028948900000000003,-0.000653625,1550002859050
2203,99,Accelerometer,0.45370123,1.7776948000000001,9.913192,1550002859050
2204,99,Gyroscope,0.0027794409999999997,-0.0014599635999999999,0.01034195,1550002859059
2205,99,Accelerometer,0.5267244000000001,0.6560113000000001,9.563639,1550002859060
2206,99,Gyroscope,-0.037537664,0.015033398,0.017061466,1550002859069
2207,99,Accelerometer,-0.047884032,1.2916718999999999,10.079589,1550002859069
2208,99,Gyroscope,-0.016157383,0.004648689,0.007287623399999999,1550002859080
2209,99,Accelerometer,0.7242460000000001,0.9564835999999999,10.029311,1550002859080
2210,99,Gyroscope,-0.0045509413,0.00037263334000000003,0.018283198,1550002859089
2211,99,Accelerometer,0.59495914,1.0642227,9.730036,1550002859090
2212,99,Gyroscope,-0.01127046,0.042522334,0.009120219,1550002859099
2213,99,Accelerometer,0.7254431,0.92057055,8.419210000000001,1550002859099
2214,99,Gyroscope,-0.01737911,0.06634608,0.006065893,1550002859110
2215,99,Accelerometer,0.6404489000000001,1.4209588,9.369708000000001,1550002859110
2216,99,Gyroscope,0.021105397,0.062680885,-0.000653625,1550002859119
2217,99,Accelerometer,0.2765303,0.7338228,9.204509,1550002859120
2218,99,Gyroscope,0.018661937,0.02114205,-0.004929682,1550002859129
2219,99,Accelerometer,1.0271125,1.055843,8.699332,1550002859129
2220,99,Gyroscope,0.08768971,0.07917425,0.0042332970000000004,1550002859139
2221,99,Accelerometer,1.5011643999999997,0.7661445,7.359775999999999,1550002859140
2222,99,Gyroscope,0.055313855,0.14392596,0.0042332970000000004,1550002859149
2223,99,Accelerometer,0.37588966,0.8487445,11.859678,1550002859150
2224,99,Gyroscope,-0.06991352,0.14087164,0.0066767577,1550002859159
2225,99,Accelerometer,1.1061212,0.4309563,12.53604,1550002859160
2226,99,Gyroscope,-0.06991352,0.01992032,0.046993863,1550002859169
2227,99,Accelerometer,1.3814543,1.6962918999999999,9.631872999999999,1550002859169
2228,99,Gyroscope,-0.022266036,0.01625513,0.031722232999999996,1550002859180
2229,99,Accelerometer,1.555034,1.3551182,8.304289,1550002859180
2230,99,Gyroscope,-0.091293804,0.06634608,0.051880784000000006,1550002859189
2231,99,Accelerometer,0.110133275,1.2150573999999998,10.93791,1550002859190
2232,99,Gyroscope,0.011942419,0.06451348,0.02561358,1550002859199
2233,99,Accelerometer,0.91099375,0.8690952,10.415975,1550002859199
2234,99,Gyroscope,-0.06441574,0.035191953,0.006065893,1550002859210
2235,99,Accelerometer,0.676362,1.3575124,9.868899,1550002859210
2236,99,Gyroscope,-0.08151996,0.0028160921999999997,-0.015314391,1550002859219
2237,99,Accelerometer,0.8643068000000002,0.80205756,10.087969000000001,1550002859220
2238,99,Gyroscope,0.024159724,-0.036890145,-0.015314391,1550002859229
2239,99,Accelerometer,0.78290397,0.47764325,9.76116,1550002859229
2240,99,Gyroscope,0.0021685753,-0.042998800000000004,0.0011789708,1550002859240
2241,99,Accelerometer,1.8016368000000003,0.37349546,9.1350765,1550002859240
2242,99,Gyroscope,0.0021685753,-0.056437835,0.0054550273,1550002859249
2243,99,Accelerometer,1.7477672,1.7238252,9.448717,1550002859250
2244,99,Gyroscope,0.042485684,-0.068044275,0.0066767577,1550002859259
2245,99,Accelerometer,0.7517793,0.93254155,9.457097000000001,1550002859259
2246,99,Gyroscope,-0.013103055,-0.044831395,0.024391849,1550002859270
2247,99,Accelerometer,1.1180921999999998,0.5554548,9.876082,1550002859270
2248,99,Gyroscope,-0.01737911,-0.039944474,0.018283198,1550002859279
2249,99,Accelerometer,0.8846575000000001,0.78649527,10.320207,1550002859280
2250,99,Gyroscope,-0.0033292117999999997,-0.051550914,-0.0043188166,1550002859289
2251,99,Accelerometer,0.8738836,0.91338795,9.360130999999999,1550002859289
2252,99,Gyroscope,-0.07418958,-0.047885723,0.01034195,1550002859300
2253,99,Accelerometer,1.0342950999999998,1.2114661,9.357738000000001,1550002859300
2254,99,Gyroscope,-0.07785477,-0.039333608,-0.012260064499999999,1550002859309
2255,99,Accelerometer,0.4381389,1.3108255,9.633071000000001,1550002859310
2256,99,Gyroscope,-0.019211708,-0.022840247,-0.020201313999999998,1550002859319
2257,99,Accelerometer,0.24540567,0.22864626,9.095572,1550002859319
2258,99,Gyroscope,-0.08335256,-0.00817948,-0.05440977,1550002859330
2259,99,Accelerometer,0.017956512,1.8375498,10.491392,1550002859330
2260,99,Gyroscope,-0.037537664,0.01625513,-0.035472944,1550002859339
2261,99,Accelerometer,0.38067806,0.5722142,10.500969,1550002859340
2262,99,Gyroscope,0.008888093,0.008924745,-0.05440977,1550002859349
2263,99,Accelerometer,0.20231004,1.5885528,9.557653,1550002859350
2264,99,Gyroscope,-0.041813724,0.010757342,-0.02447737,1550002859359
2265,99,Accelerometer,0.2896984,1.4496891,10.16578,1550002859359
2266,99,Gyroscope,-0.010659594,0.029694162000000003,-0.018368717,1550002859370
2267,99,Accelerometer,0.5602431999999999,0.90500826,10.141838,1550002859370
2268,99,Gyroscope,-0.01737911,0.022974647999999997,-0.025699101000000002,1550002859379
2269,99,Accelerometer,0.41299978,2.2409727999999998,9.840169,1550002859380
2270,99,Gyroscope,0.014385881000000001,0.0034269579,0.017672332,1550002859389
2271,99,Accelerometer,1.3311761999999998,1.2210428999999998,9.533711,1550002859389
2272,99,Gyroscope,-0.0063835381999999994,0.01747686,0.0024007012,1550002859399
2273,99,Accelerometer,0.39624038,1.6041151000000002,9.898827,1550002859400
2274,99,Gyroscope,-0.030207282000000002,0.015644263000000002,0.034776557,1550002859409
2275,99,Accelerometer,0.78888947,0.92176765,10.588357,1550002859409
2276,99,Gyroscope,0.05164866,-0.035668418,0.05004819,1550002859419
2277,99,Accelerometer,0.7625531999999999,0.78649527,10.247183,1550002859420
2278,99,Gyroscope,0.041263953,-0.02222938,0.049437325,1550002859429
2279,99,Accelerometer,1.174356,1.2413936,9.305064999999999,1550002859430
2280,99,Gyroscope,-0.029596416,0.0009834989999999999,0.061654627000000004,1550002859439
2281,99,Accelerometer,0.93972415,1.578976,9.022549,1550002859439
2282,99,Gyroscope,0.038209625,-0.015509863999999998,0.068985015,1550002859449
2283,99,Accelerometer,0.7721300999999999,1.1575965,10.208876,1550002859450
2284,99,Gyroscope,0.04004222,-0.014898999,0.058600303,1550002859459
2285,99,Accelerometer,0.7517793,1.2006921999999998,10.332177,1550002859460
2286,99,Gyroscope,-0.02409863,-0.01978592,0.070817605,1550002859469
2287,99,Accelerometer,0.7781156,0.9720459000000001,9.52174,1550002859469
2288,99,Gyroscope,0.036987893,-0.042998800000000004,0.059822034,1550002859480
2289,99,Accelerometer,0.94810385,1.8052281000000003,9.604341,1550002859480
2290,99,Gyroscope,-0.060750544000000004,-0.028338033999999998,0.06654155,1550002859489
2291,99,Accelerometer,0.9816226999999998,2.2266076,11.18571,1550002859490
2292,99,Gyroscope,-0.10106765,-0.011844671999999999,0.07020674,1550002859499
2293,99,Accelerometer,0.044292733,0.9684546,11.419145,1550002859500
2294,99,Gyroscope,0.029657512999999996,-0.10897224400000001,0.09647395,1550002859509
2295,99,Accelerometer,0.038307227,1.4556746,10.631453,1550002859510
2296,99,Gyroscope,0.07363981,-0.051550914,0.04088521,1550002859519
2297,99,Accelerometer,1.6891093000000001,1.7585411,7.281964299999999,1550002859519
2298,99,Gyroscope,-0.087017745,0.015644263000000002,0.10808039,1550002859530
2299,99,Accelerometer,0.4381389,2.2062569,8.032547000000001,1550002859530
2300,99,Gyroscope,0.05470299,-0.03139236,0.14412144,1550002859539
2301,99,Accelerometer,0.12569559,1.210269,10.432734,1550002859540
2302,99,Gyroscope,0.096241824,-0.05460524,0.13190414,1550002859549
2303,99,Accelerometer,0.93254155,1.7741034,10.029311,1550002859549
2304,99,Gyroscope,-0.04670064,-0.016120728,0.16000395,1550002859560
2305,99,Accelerometer,0.9828198,1.067814,8.6095495,1550002859560
2306,99,Gyroscope,0.006444632,-0.015509863999999998,0.16611259,1550002859569
2307,99,Accelerometer,0.6979098000000001,1.435324,9.958682000000001,1550002859570
2308,99,Gyroscope,0.01560761,-0.022840247,0.14473231,1550002859579
2309,99,Accelerometer,1.1300632,1.1061212,9.343372,1550002859579
2310,99,Gyroscope,-0.06869179,-0.028948900000000003,0.121519424,1550002859589
2311,99,Accelerometer,1.4209588,0.37708676,9.481038999999999,1550002859590
2312,99,Gyroscope,0.016218476000000003,-0.03261409,0.0726502,1550002859599
2313,99,Accelerometer,1.1252748,0.7769185000000001,11.362882,1550002859600
2314,99,Gyroscope,0.026603185,-0.006957751,0.072039336,1550002859609
2315,99,Accelerometer,-0.22625206,0.6332663000000001,9.952697,1550002859610
2316,99,Gyroscope,-0.054641888,0.015644263000000002,0.04210694,1550002859619
2317,99,Accelerometer,0.46567222,0.21906945,11.246762,1550002859620
2318,99,Gyroscope,0.07669414,-0.0020708293,0.04393954,1550002859629
2319,99,Accelerometer,-0.14724341,0.022744916,9.139864999999999,1550002859629
2320,99,Gyroscope,-0.07968736400000001,0.01992032,0.009731084000000001,1550002859639
2321,99,Accelerometer,-0.033518825,0.78649527,9.425972,1550002859640
2322,99,Gyroscope,-0.047922373,0.028472435,0.017061466,1550002859649
2323,99,Accelerometer,-0.14963761,-0.25258827,10.874464,1550002859649
2324,99,Gyroscope,0.06753115,0.0040378235,-0.053798902999999995,1550002859659
2325,99,Accelerometer,-1.283292,-0.049081136,9.787497,1550002859660
2326,99,Gyroscope,-0.0137139205,0.030305027999999998,-0.05135544,1550002859669
2327,99,Accelerometer,0.23104046,0.0035913025,9.160214999999999,1550002859670
2328,99,Gyroscope,-0.018600842,0.032137625,-0.07395746,1550002859679
2329,99,Accelerometer,0.62728083,0.46208093,9.993398,1550002859680
2330,99,Gyroscope,0.0492052,0.043744065,-0.12160494,1550002859689
2331,99,Accelerometer,0.60573304,0.92296475,9.324219,1550002859689
2332,99,Gyroscope,-0.035705067,0.05901569999999999,-0.124048404,1550002859699
2333,99,Accelerometer,1.6843209,1.3587095,9.445126,1550002859700
2334,99,Gyroscope,-0.005161807,0.041300602,-0.08250957,1550002859709
2335,99,Accelerometer,2.2637177000000004,1.7501613999999999,10.505757000000001,1550002859710
2336,99,Gyroscope,0.018661937,0.028472435,-0.08006611,1550002859719
2337,99,Accelerometer,1.7250223000000002,1.7968484,9.694122,1550002859720
2338,99,Gyroscope,-0.0509767,0.032137625,-0.02203391,1550002859729
2339,99,Accelerometer,1.9405005000000002,0.9840169,10.163386000000001,1550002859729
2340,99,Gyroscope,0.04187482,0.01747686,0.0017898360000000002,1550002859739
2341,99,Accelerometer,1.3515268999999999,1.2892777,10.469844,1550002859740
2342,99,Gyroscope,0.042485684,0.0034269579,0.015839735,1550002859749
2343,99,Accelerometer,1.3144168,1.0402806,9.077616,1550002859750
2344,99,Gyroscope,-0.04425718,0.027250702999999998,0.06531982,1550002859759
2345,99,Accelerometer,1.6639702,1.3227965,9.555259,1550002859760
2346,99,Gyroscope,0.022937994,0.014422532,0.04210694,1550002859769
2347,99,Accelerometer,1.1288661,1.1839328000000002,9.785102,1550002859769
2348,99,Gyroscope,0.0076663624,0.039468005,0.050659052999999996,1550002859779
2349,99,Accelerometer,1.5119383,1.1875241,9.374496,1550002859780
2350,99,Gyroscope,-0.047311507,0.03702455,0.041496076,1550002859789
2351,99,Accelerometer,1.0606314,1.2366052,10.04607,1550002859790
2352,99,Gyroscope,0.016218476000000003,0.022363782000000002,-0.013481795,1550002859799
2353,99,Accelerometer,1.6484078000000002,1.4257472,10.809821000000001,1550002859800
2354,99,Gyroscope,-0.02898555,0.0058704205,-0.033640347,1550002859809
2355,99,Accelerometer,1.4377182,0.5279215,9.408014999999999,1550002859809
2356,99,Gyroscope,-0.06685919,-0.025283707000000002,-0.05624236,1550002859819
2357,99,Accelerometer,1.5310919,1.0043676,9.713275999999999,1550002859820
2358,99,Gyroscope,-0.012492188999999999,-0.050329182,-0.05135544,1550002859830
2359,99,Accelerometer,2.268506,0.9720459000000001,9.832987,1550002859830
2360,99,Gyroscope,-0.02165517,-0.036890145,-0.022644775,1550002859839
2361,99,Accelerometer,2.1547816,1.0654198000000001,9.021352,1550002859840
2362,99,Gyroscope,-0.036315932999999995,-0.019175055,-0.012260064499999999,1550002859849
2363,99,Accelerometer,2.0015526,1.0582372,9.892841,1550002859849
2364,99,Gyroscope,0.017440207,-0.016731594,-0.0012644903,1550002859859
2365,99,Accelerometer,1.4101848999999997,1.1288661,9.582792,1550002859860
2366,99,Gyroscope,-0.044868045,-0.005125154,0.0036224315000000003,1550002859870
2367,99,Accelerometer,2.2625206,1.5885528,9.232041,1550002859870
2368,99,Gyroscope,-0.061972275,0.01747686,0.03355483,1550002859879
2369,99,Accelerometer,1.6112977,2.0530279,11.305421,1550002859880
2370,99,Gyroscope,-0.049144104,0.053517907999999996,0.048215594,1550002859889
2371,99,Accelerometer,-0.33997664,0.7673416999999999,9.465475999999999,1550002859890
2372,99,Gyroscope,-0.10167851,-0.022840247,0.035387423,1550002859899
2373,99,Accelerometer,0.48841715,2.469619,11.410766,1550002859899
2374,99,Gyroscope,0.09257663,-0.022840247,0.04088521,1550002859910
2375,99,Accelerometer,2.2062569,0.6679823,9.1350765,1550002859910
2376,99,Gyroscope,-0.0063835381999999994,0.05901569999999999,0.09464135,1550002859919
2377,99,Accelerometer,-0.9780314,1.5310919,7.575253999999999,1550002859920
2378,99,Gyroscope,-0.06380487,0.073065594,0.053102515999999995,1550002859929
2379,99,Accelerometer,0.58418524,0.45130703,9.482236,1550002859930
2380,99,Gyroscope,0.091965765,0.03580282,0.0323331,1550002859939
2381,99,Accelerometer,1.2425906999999998,0.6536171,11.020511,1550002859939
2382,99,Gyroscope,-0.04242459,0.044965795999999995,-0.005540547,1550002859949
2383,99,Accelerometer,1.1025299,0.29688102,9.623494,1550002859950
2384,99,Gyroscope,-0.08579602,0.0571831,-0.038527273,1550002859959
2385,99,Accelerometer,1.5107412,-0.4285621,9.636662,1550002859960
2386,99,Gyroscope,-0.011881325,0.03885714,-0.06357274,1550002859969
2387,99,Accelerometer,1.5777789,-0.03232172,10.398017999999999,1550002859970
2388,99,Gyroscope,-0.055252752999999995,0.05046358,-0.10327899,1550002859979
2389,99,Accelerometer,1.1180921999999998,0.65242,9.148245,1550002859979
2390,99,Gyroscope,-0.08213083,0.066956945,-0.10572245,1550002859989
2391,99,Accelerometer,1.8052281000000003,1.2366052,10.103531,1550002859990
2392,99,Gyroscope,-0.0045509413,-0.0020708293,-0.029975157000000002,1550002860000
2393,99,Accelerometer,1.2282255,0.5686229,10.868478999999999,1550002860000
2394,99,Gyroscope,0.0040011713,-0.0020708293,-0.07334659,1550002860009
2395,99,Accelerometer,2.5306710999999997,1.1599906999999998,9.522936999999999,1550002860010
2396,99,Gyroscope,-0.0057726726,-0.006957751,-0.066016205,1550002860019
2397,99,Accelerometer,2.1978772,2.055422,8.931569,1550002860020
2398,99,Gyroscope,-0.006994404,-0.008790346,-0.03608381,1550002860029
2399,99,Accelerometer,0.92535895,1.4401124,9.662998,1550002860029
2400,99,Gyroscope,0.01560761,-0.026505437000000003,-0.03608381,1550002860039
2401,99,Accelerometer,0.8595184000000001,0.7577648,9.825804,1550002860039
2402,99,Gyroscope,0.021105397,-0.022840247,-0.06174015,1550002860050
2403,99,Accelerometer,1.6244658,1.4077905000000002,9.619903,1550002860050
2404,99,Gyroscope,0.046761736,-0.01734246,-0.021423044,1550002860059
2405,99,Accelerometer,0.320823,0.7589619000000001,9.3661175,1550002860060
2406,99,Gyroscope,0.004612036,-0.01734246,-0.035472944,1550002860069
2407,99,Accelerometer,0.7457938000000001,1.3036428999999998,9.895236,1550002860070
2408,99,Gyroscope,0.0040011713,-0.026505437000000003,-0.017146988000000002,1550002860079
2409,99,Accelerometer,0.4141969,1.352724,9.947908,1550002860079
2410,99,Gyroscope,0.030879242,-0.005125154,-0.0037079514000000003,1550002860090
2411,99,Accelerometer,0.7170634,1.4903905000000002,9.9550905,1550002860090
2412,99,Gyroscope,-0.043035455,-0.015509863999999998,0.020726658000000002,1550002860099
2413,99,Accelerometer,1.2282255,1.2808979,10.374075999999999,1550002860100
2414,99,Gyroscope,0.035766162000000004,-0.044831395,0.008509354,1550002860109
2415,99,Accelerometer,1.2401965,0.8367735000000001,9.578004,1550002860110
2416,99,Gyroscope,0.0040011713,-0.03139236,0.012174546000000001,1550002860119
2417,99,Accelerometer,1.3982137,0.9732430000000001,8.992621,1550002860119
2418,99,Gyroscope,-0.038759395,-0.011233807,0.019504927,1550002860129
2419,99,Accelerometer,1.4915876000000001,1.1959038,9.880871,1550002860130
2420,99,Gyroscope,0.012553285,-0.016120728,0.006065893,1550002860139
2421,99,Accelerometer,1.5023615,1.0103531,10.439917,1550002860140
2422,99,Gyroscope,-0.020433438999999998,-0.016731594,0.0011789708,1550002860149
2423,99,Accelerometer,1.270124,0.59136784,9.7240505,1550002860150
2424,99,Gyroscope,-0.061972275,-0.015509863999999998,-0.03302948,1550002860159
2425,99,Accelerometer,0.533907,0.6584055,9.988609,1550002860160
2426,99,Gyroscope,-0.036315932999999995,-0.028948900000000003,-0.02203391,1550002860169
2427,99,Accelerometer,0.9888053,1.1887212,9.740809,1550002860169
2428,99,Gyroscope,-0.02165517,-0.01856419,-0.028753427999999998,1550002860180
2429,99,Accelerometer,0.3854665,1.283292,9.048885,1550002860180
2430,99,Gyroscope,-0.04853324,-0.013066402,-0.02203391,1550002860190
2431,99,Accelerometer,0.41778820000000005,1.0067618,9.387665,1550002860190
2432,99,Gyroscope,-0.009437865,-0.01856419,0.0017898360000000002,1550002860199
2433,99,Accelerometer,0.8798690999999998,1.7896657999999999,10.166978,1550002860200
2434,99,Gyroscope,0.018051071000000002,0.0058704205,0.0030115664,1550002860209
2435,99,Accelerometer,0.27892449999999996,1.0522517,9.8437605,1550002860209
2436,99,Gyroscope,0.0033903066,0.006481286,-0.0018753556,1550002860219
2437,99,Accelerometer,0.039504327,1.0618285,9.776722999999999,1550002860220
2438,99,Gyroscope,-0.009437865,0.03152676,0.021948388,1550002860230
2439,99,Accelerometer,0.5470751,2.0231004,11.5316725,1550002860230
2440,99,Gyroscope,0.01316415,0.024196379,0.02927877,1550002860239
2441,99,Accelerometer,0.39145198,0.12330139,11.109096000000001,1550002860240
2442,99,Gyroscope,-0.03387247,-0.05460524,0.018894061,1550002860249
2443,99,Accelerometer,0.89782566,0.94331545,9.837775,1550002860250
2444,99,Gyroscope,0.07058548,-0.09064629,0.04760473,1550002860259
2445,99,Accelerometer,1.5849615,0.8834603999999999,7.2759789999999995,1550002860259
2446,99,Gyroscope,-0.022876898,0.0058704205,0.02317012,1550002860270
2447,99,Accelerometer,0.33039984,0.9612719999999999,8.432379,1550002860270
2448,99,Gyroscope,-0.06258314,0.010757342,0.03844175,1550002860279
2449,99,Accelerometer,0.4429273,0.5602431999999999,10.121488000000001,1550002860280
2450,99,Gyroscope,0.11029173,-0.019175055,0.01034195,1550002860289
2451,99,Accelerometer,0.8343792999999999,1.1468226000000001,9.690532000000001,1550002860290
2452,99,Gyroscope,-0.008216133,0.011368208000000001,0.024391849,1550002860299
2453,99,Accelerometer,0.90740246,0.7386111999999999,8.90643,1550002860299
2454,99,Gyroscope,-0.02898555,0.03152676,0.02317012,1550002860309
2455,99,Accelerometer,0.01436521,1.067814,11.257536,1550002860310
2456,99,Gyroscope,0.028435782000000003,0.027250702999999998,-0.0030970859999999998,1550002860320
2457,99,Accelerometer,0.5410896,0.35075054,9.56723,1550002860320
2458,99,Gyroscope,-0.013103055,0.024196379,-0.01287093,1550002860329
2459,99,Accelerometer,0.40222588,1.0342950999999998,9.563639,1550002860330
2460,99,Gyroscope,0.008888093,0.03152676,0.018283198,1550002860339
2461,99,Accelerometer,0.34835634,0.36272156,10.147824,1550002860340
2462,99,Gyroscope,-0.037537664,0.027250702999999998,-0.017146988000000002,1550002860349
2463,99,Accelerometer,1.3754688999999998,1.2006921999999998,9.210494,1550002860349
2464,99,Gyroscope,-0.026542092000000003,0.015644263000000002,0.009731084000000001,1550002860360
2465,99,Accelerometer,0.7625531999999999,1.3096284,10.132261,1550002860360
2466,99,Gyroscope,0.010109824,0.004648689,0.020726658000000002,1550002860369
2467,99,Accelerometer,0.3184288,0.6751649000000001,10.602722,1550002860370
2468,99,Gyroscope,-0.03814853,0.0028160921999999997,0.0011789708,1550002860379
2469,99,Accelerometer,1.3383588,0.92655605,9.809045,1550002860380
2470,99,Gyroscope,-0.01127046,-0.020396786,0.02927877,1550002860389
2471,99,Accelerometer,1.0594343000000002,0.93972415,9.668983,1550002860389
2472,99,Gyroscope,0.017440207,-0.028948900000000003,0.0042332970000000004,1550002860399
2473,99,Accelerometer,1.0702082,1.7705121,9.645041,1550002860400
2474,99,Gyroscope,-0.03387247,0.005259555,0.014007141,1550002860410
2475,99,Accelerometer,0.7194576,0.7374141,8.756793,1550002860410
2476,99,Gyroscope,-0.019822573,0.0077030174,0.024391849,1550002860419
2477,99,Accelerometer,0.415394,1.5370774999999999,10.084377,1550002860420
2478,99,Gyroscope,0.041263953,0.013811666499999998,0.014007141,1550002860429
2479,99,Accelerometer,0.59017074,1.2641385,9.344569,1550002860430
2480,99,Gyroscope,0.0094989585,0.02114205,0.044550404,1550002860439
2481,99,Accelerometer,0.5351041,1.4879963,9.233239,1550002860439
2482,99,Gyroscope,0.0015577096,0.03824628,0.06104376,1550002860450
2483,99,Accelerometer,0.7134720999999999,1.3551182,9.409213000000001,1550002860450
2484,99,Gyroscope,0.008888093,0.046187527,0.07875886,1550002860459
2485,99,Accelerometer,0.60094464,1.8686744,9.991004,1550002860460
2486,99,Gyroscope,-0.011881325,0.052907042,0.08486751,1550002860469
2487,99,Accelerometer,0.9684546,1.6807296000000003,9.8916445,1550002860470
2488,99,Gyroscope,0.0058337674,0.03885714,0.09769568,1550002860479
2489,99,Accelerometer,0.6536171,1.7417817,10.635044,1550002860479
2490,99,Gyroscope,0.0052229017,0.03702455,0.10197174,1550002860489
2491,99,Accelerometer,1.0342950999999998,1.2904748,9.800664999999999,1550002860490
2492,99,Gyroscope,-0.014324786,0.042522334,0.121519424,1550002860500
2493,99,Accelerometer,0.9708488000000001,1.6424223000000002,10.340557,1550002860500
2494,99,Gyroscope,0.016218476000000003,0.020531185,0.13068241,1550002860509
2495,99,Accelerometer,0.78649527,1.1312603,10.245986,1550002860510
2496,99,Gyroscope,-0.005161807,0.0058704205,0.12946068,1550002860519
2497,99,Accelerometer,1.2234371000000002,1.5310919,9.685742999999999,1550002860520
2498,99,Gyroscope,0.019883668,-0.009401211500000001,0.1465649,1550002860529
2499,99,Accelerometer,0.6991069000000001,1.5394716999999998,9.682152,1550002860529
2500,99,Gyroscope,0.044929143,-0.006957751,0.1606148,1550002860539
2501,99,Accelerometer,0.82121116,1.4185646,9.601946,1550002860540
2502,99,Gyroscope,0.044929143,0.007092151999999999,0.1819951,1550002860550
2503,99,Accelerometer,0.6356605,1.2988545,9.484630000000001,1550002860550
2504,99,Gyroscope,0.029657512999999996,0.007092151999999999,0.17283212,1550002860559
2505,99,Accelerometer,0.48482585,1.5682021000000002,9.299078999999999,1550002860560
2506,99,Gyroscope,0.008277228000000001,0.024196379,0.17099951,1550002860569
2507,99,Accelerometer,0.40342298,1.2808979,9.427169000000001,1550002860570
2508,99,Gyroscope,0.020494534,0.029083297,0.16855605,1550002860579
2509,99,Accelerometer,0.33638534,1.3515268999999999,9.818622,1550002860579
2510,99,Gyroscope,0.049816065,0.016865995,0.16489087,1550002860589
2511,99,Accelerometer,0.46088383,1.0726023999999998,8.258799,1550002860589
2512,99,Gyroscope,0.08952231,0.026639838,0.17771903,1550002860600
2513,99,Accelerometer,0.8882488000000002,1.2174516000000002,6.6211649999999995,1550002860600
2514,99,Gyroscope,0.0076663624,0.11826963,0.16305827,1550002860609
2515,99,Accelerometer,-0.93254155,1.9871874,9.648633,1550002860610
2516,99,Gyroscope,-0.03814853,0.16408452,0.18321683,1550002860619
2517,99,Accelerometer,0.07062895,0.61171854,13.706804,1550002860620
2518,99,Gyroscope,0.008888093,0.037635416,0.19299066,1550002860629
2519,99,Accelerometer,1.1623849,0.18076223,10.675745,1550002860629
2520,99,Gyroscope,0.07974846,0.051074445,0.117243364,1550002860639
2521,99,Accelerometer,0.6548142,2.445677,9.554062,1550002860639
2522,99,Gyroscope,-0.058917947000000005,0.082839444,0.16366914,1550002860650
2523,99,Accelerometer,1.2868833999999998,0.6967127,9.885659,1550002860650
2524,99,Gyroscope,-0.0045509413,0.04435493,0.15450615,1550002860659
2525,99,Accelerometer,0.30526072,1.0414777,10.978612,1550002860660
2526,99,Gyroscope,0.055313855,0.0009834989999999999,0.15084097,1550002860669
2527,99,Accelerometer,0.6619968,1.0941502,10.649409,1550002860670
2528,99,Gyroscope,-0.018600842,-0.02222938,0.18321683,1550002860679
2529,99,Accelerometer,1.7693150000000002,0.49200845,9.021352,1550002860680
2530,99,Gyroscope,0.006444632,-0.036279282999999996,0.16855605,1550002860689
2531,99,Accelerometer,0.14963761,0.8738836,9.962274,1550002860689
2532,99,Gyroscope,0.026603185,-0.039333608,0.13495846,1550002860700
2533,99,Accelerometer,0.39145198,0.11372458,9.235633,1550002860700
2534,99,Gyroscope,0.008888093,-0.025894572999999997,0.14595404,1550002860709
2535,99,Accelerometer,1.2653356000000002,1.1300632,9.156625,1550002860710
2536,99,Gyroscope,-0.0027183462,0.007092151999999999,0.11357818,1550002860719
2537,99,Accelerometer,0.4189853,1.1647792,9.694122,1550002860720
2538,99,Gyroscope,0.025381455,0.0034269579,0.090976164,1550002860729
2539,99,Accelerometer,-0.32321724,0.760159,9.652225,1550002860729
2540,99,Gyroscope,-0.011881325,0.0028160921999999997,0.08975443,1550002860739
2541,99,Accelerometer,-0.51595044,0.7242460000000001,10.425550999999999,1550002860739
2542,99,Gyroscope,0.036987893,-0.006957751,0.11968683,1550002860750
2543,99,Accelerometer,0.5315128,0.5638345,9.396044999999999,1550002860750
2544,99,Gyroscope,-0.0021074805,0.03885714,0.10808039,1550002860759
2545,99,Accelerometer,0.47644615,1.6412252,8.857349000000001,1550002860760
2546,99,Gyroscope,-0.041202857999999995,0.056572236,0.08731097,1550002860769
2547,99,Accelerometer,-0.11611878,1.4927847,9.753978,1550002860770
2548,99,Gyroscope,0.004612036,0.046187527,0.07814799,1550002860779
2549,99,Accelerometer,0.021547815,0.39264908,9.970653,1550002860779
2550,99,Gyroscope,-0.022266036,0.06023743,0.06043289599999999,1550002860789
2551,99,Accelerometer,-0.09935937,0.37229836,9.810242,1550002860790
2552,99,Gyroscope,0.013775015,0.049241855999999994,0.042717807000000003,1550002860800
2553,99,Accelerometer,-0.17238252,0.5470751,9.911995,1550002860800
2554,99,Gyroscope,-0.005161807,0.05596137,0.023780985,1550002860809
2555,99,Accelerometer,-0.2825158,0.50757074,9.864111,1550002860810
2556,99,Gyroscope,-0.021044305,0.04863099,0.018283198,1550002860819
2557,99,Accelerometer,-0.40102878,0.50996494,10.114305499999999,1550002860820
2558,99,Gyroscope,0.010109824,0.033359356,0.013396275,1550002860829
2559,99,Accelerometer,-0.01436521,0.61770403,10.236409,1550002860829
2560,99,Gyroscope,-0.024709495,0.03152676,0.009731084000000001,1550002860839
2561,99,Accelerometer,0.053869538,0.78290397,9.989806,1550002860839
2562,99,Gyroscope,-0.009437865,0.009535611,-0.0043188166,1550002860849
2563,99,Accelerometer,0.37229836,1.2892777,10.014946,1550002860850
2564,99,Gyroscope,0.025381455,-0.0032925587,0.009120219,1550002860859
2565,99,Accelerometer,0.51834464,1.34195,9.854534,1550002860860
2566,99,Gyroscope,-0.019822573,-0.00817948,0.035387423,1550002860869
2567,99,Accelerometer,0.59974754,1.0007763,9.970653,1550002860870
2568,99,Gyroscope,0.01560761,-0.032003224,0.018894061,1550002860879
2569,99,Accelerometer,0.92655605,0.93373865,9.834184,1550002860880
2570,99,Gyroscope,0.0058337674,-0.01978592,-0.0030970859999999998,1550002860889
2571,99,Accelerometer,0.760159,0.16879122,9.690532000000001,1550002860889
2572,99,Gyroscope,-0.023487763,-0.005125154,-0.031807754,1550002860899
2573,99,Accelerometer,0.25857377,0.20829555,9.800664999999999,1550002860899
2574,99,Gyroscope,-0.014324786,-0.021618515,-0.067237936,1550002860910
2575,99,Accelerometer,0.20949265,0.24660277,10.290278,1550002860910
2576,99,Gyroscope,-0.006994404,-0.036890145,-0.081898704,1550002860919
2577,99,Accelerometer,0.12449849,-0.21068975,10.170568,1550002860920
2578,99,Gyroscope,-0.03387247,-0.025283707000000002,-0.11916149,1550002860929
2579,99,Accelerometer,0.51595044,-0.061052144,9.64983,1550002860930
2580,99,Gyroscope,-0.026542092000000003,-0.038111877,-0.13993089,1550002860939
2581,99,Accelerometer,0.641646,0.37229836,9.763555,1550002860940
2582,99,Gyroscope,-0.016157383,-0.036279282999999996,-0.14054176,1550002860949
2583,99,Accelerometer,0.29807812,-0.05746084,9.909601,1550002860949
2584,99,Gyroscope,-0.016768249,-0.03139236,-0.14115262,1550002860960
2585,99,Accelerometer,0.130484,0.076614454,9.880871,1550002860960
2586,99,Gyroscope,-0.015546517,-0.024672844,-0.15642425,1550002860969
2587,99,Accelerometer,0.8523358,0.34356794,9.974244,1550002860970
2588,99,Gyroscope,-0.012492188999999999,-0.025894572999999997,-0.14665042,1550002860979
2589,99,Accelerometer,0.5351041,0.60094464,9.913192,1550002860980
2590,99,Gyroscope,-0.015546517,-0.030170628999999997,-0.13137878,1550002860989
2591,99,Accelerometer,1.0450690999999999,0.9636662,10.131064,1550002860990
2592,99,Gyroscope,-0.0076052677,-0.047274857999999996,-0.16131118,1550002860999
2593,99,Accelerometer,1.4544774999999999,0.94451255,10.053253,1550002860999
2594,99,Gyroscope,-0.005161807,-0.058881298,-0.15336993,1550002861009
2595,99,Accelerometer,1.1659763,0.9768343,9.210494,1550002861009
2596,99,Gyroscope,-0.0137139205,-0.068044275,-0.13870916,1550002861020
2597,99,Accelerometer,1.9572599,1.2210428999999998,8.9842415,1550002861020
2598,99,Gyroscope,-0.024709495,-0.053383507000000004,-0.12649186,1550002861029
2599,99,Accelerometer,1.4281414,1.9237411,9.781511,1550002861030
2600,99,Gyroscope,-0.012492188999999999,-0.032003224,-0.116718024,1550002861039
2601,99,Accelerometer,0.7781156,1.1085154,10.359711,1550002861040
2602,99,Gyroscope,-0.03814853,-0.042998800000000004,-0.11060937,1550002861049
2603,99,Accelerometer,1.1312603,1.2856863,10.278308,1550002861050
2604,99,Gyroscope,-0.04547891,-0.082705036,-0.09655947,1550002861059
2605,99,Accelerometer,1.2090718999999999,1.6567876,9.989806,1550002861059
2606,99,Gyroscope,0.008888093,-0.10897224400000001,-0.089229085,1550002861069
2607,99,Accelerometer,1.3371617,1.5023615,8.265982000000001,1550002861070
2608,99,Gyroscope,-0.044868045,-0.036890145,-0.081898704,1550002861080
2609,99,Accelerometer,0.6691794,1.9381063000000003,9.004593,1550002861080
2610,99,Gyroscope,-0.037537664,-0.015509863999999998,-0.06845967,1550002861089
2611,99,Accelerometer,0.60094464,1.3551182,9.925163000000001,1550002861090
2612,99,Gyroscope,0.008888093,-0.015509863999999998,-0.06479447,1550002861099
2613,99,Accelerometer,0.5482722,1.6172832000000001,9.64983,1550002861100
2614,99,Gyroscope,-0.035705067,-0.028338033999999998,-0.05135544,1550002861109
2615,99,Accelerometer,0.78290397,1.1456255,9.336189,1550002861109
2616,99,Gyroscope,-0.016157383,-0.024672844,-0.047079384,1550002861119
2617,99,Accelerometer,0.8343792999999999,1.6292541999999999,9.647436,1550002861119
2618,99,Gyroscope,-0.0033292117999999997,-0.01734246,-0.034251212999999996,1550002861130
2619,99,Accelerometer,0.9624690999999999,1.2294226000000001,9.102755,1550002861130
2620,99,Gyroscope,-0.031429015,-0.014898999,-0.039749,1550002861139
2621,99,Accelerometer,1.2186487,1.2952632,9.534908,1550002861140
2622,99,Gyroscope,0.012553285,-0.057048699999999994,-0.026309965,1550002861149
2623,99,Accelerometer,0.8690952,1.6903063999999999,9.540894,1550002861150
2624,99,Gyroscope,-0.016768249,-0.026505437000000003,0.023780985,1550002861159
2625,99,Accelerometer,0.8858546,1.2018893,9.604341,1550002861160
2626,99,Gyroscope,-0.053420155999999996,0.0040378235,0.0005681054,1550002861169
2627,99,Accelerometer,0.770933,1.2186487,10.204087,1550002861169
2628,99,Gyroscope,0.014385881000000001,-0.025283707000000002,0.020726658000000002,1550002861179
2629,99,Accelerometer,0.5722142,2.0973208,10.729614999999999,1550002861180
2630,99,Gyroscope,0.0058337674,-0.028948900000000003,0.012174546000000001,1550002861190
2631,99,Accelerometer,0.5494693,0.89902276,9.566033000000001,1550002861190
2632,99,Gyroscope,-0.016768249,-0.012455538,0.017061466,1550002861200
2633,99,Accelerometer,0.91458505,1.6687585999999999,9.768343,1550002861200
2634,99,Gyroscope,0.0094989585,0.0034269579,0.049437325,1550002861209
2635,99,Accelerometer,1.0390834999999998,1.7729063000000003,9.842564,1550002861210
2636,99,Gyroscope,0.0021685753,-0.00084909797,0.022559252999999998,1550002861219
2637,99,Accelerometer,-0.035913024,1.4437037,9.647436,1550002861219
2638,99,Gyroscope,-0.0076052677,-0.005125154,0.06837415,1550002861229
2639,99,Accelerometer,0.6607997,1.1133038,9.289502,1550002861230
2640,99,Gyroscope,0.025381455,0.035191953,0.08731097,1550002861240
2641,99,Accelerometer,0.36272156,1.6651672999999998,9.388862,1550002861240
2642,99,Gyroscope,-0.0008857511,0.060848295999999996,0.111134715,1550002861249
2643,99,Accelerometer,-0.11252748,1.578976,8.689755,1550002861250
2644,99,Gyroscope,0.01560761,0.07184387,0.105636925,1550002861259
2645,99,Accelerometer,-0.17238252,1.8447324,9.707291,1550002861260
2646,99,Gyroscope,-0.00027488545,0.06634608,0.12213029,1550002861269
2647,99,Accelerometer,-0.30526072,1.365892,9.968259,1550002861269
2648,99,Gyroscope,0.02354886,0.057793967,0.12396289,1550002861279
2649,99,Accelerometer,-0.33758244,1.0366893,10.0508585,1550002861279
2650,99,Gyroscope,0.043096546,0.06573521,0.10013914,1550002861290
2651,99,Accelerometer,0.19033903,-0.16160862,10.028113000000001,1550002861290
2652,99,Gyroscope,0.030879242,0.052907042,0.061654627000000004,1550002861299
2653,99,Accelerometer,0.12928689,-0.089782566,9.779117,1550002861300
2654,99,Gyroscope,-0.008216133,0.043744065,-0.005540547,1550002861309
2655,99,Accelerometer,0.19153613,-0.38187516,10.437522,1550002861310
2656,99,Gyroscope,0.025381455,0.010146476,-0.08800735,1550002861319
2657,99,Accelerometer,0.51834464,-1.0582372,10.540473,1550002861320
2658,99,Gyroscope,0.0040011713,-0.0026816929999999998,-0.13932003,1550002861329
2659,99,Accelerometer,0.4141969,-0.8678981,10.193313999999999,1550002861330
2660,99,Gyroscope,-0.015546517,-0.012455538,-0.18757838,1550002861340
2661,99,Accelerometer,1.2892777,-0.12210429,10.058042,1550002861340
2662,99,Gyroscope,-0.01737911,-0.036890145,-0.17902628,1550002861349
2663,99,Accelerometer,1.3383588,0.7433996,10.344149,1550002861350
2664,99,Gyroscope,-0.019822573,-0.03261409,-0.14420696,1550002861359
2665,99,Accelerometer,1.4640543,0.59974754,9.927557,1550002861360
2666,99,Gyroscope,0.006444632,-0.036279282999999996,-0.10572245,1550002861369
2667,99,Accelerometer,1.401805,0.9995792,9.927557,1550002861369
2668,99,Gyroscope,0.021716263,-0.041777067,-0.086174764,1550002861379
2669,99,Accelerometer,1.6843209,1.4700398000000001,10.005369,1550002861379
2670,99,Gyroscope,0.031490106000000004,-0.041777067,-0.056853227,1550002861390
2671,99,Accelerometer,1.0833763,1.4449007999999999,9.610325999999999,1550002861390
2672,99,Gyroscope,0.031490106000000004,-0.03139236,-0.04646852,1550002861399
2673,99,Accelerometer,0.9708488000000001,1.2593501,9.728839,1550002861400
2674,99,Gyroscope,-0.011881325,-0.008790346,-0.020201313999999998,1550002861409
2675,99,Accelerometer,1.0833763,1.0055646999999999,9.805453,1550002861410
2676,99,Gyroscope,-0.0057726726,-0.028338033999999998,-0.03730554,1550002861419
2677,99,Accelerometer,1.0319009,1.6603789,9.817424,1550002861419
2678,99,Gyroscope,0.0113315545,-0.033224955,-0.097781196,1550002861429
2679,99,Accelerometer,1.1563994,1.2725182,9.6845455,1550002861429
2680,99,Gyroscope,-0.0033292117999999997,-0.035668418,-0.13076791,1550002861440
2681,99,Accelerometer,0.8750806999999999,0.61650693,9.7479925,1550002861440
2682,99,Gyroscope,-0.0057726726,-0.027727167999999996,-0.16497637,1550002861449
2683,99,Accelerometer,1.3994108,0.22744916,9.41041,1550002861450
2684,99,Gyroscope,-0.01127046,-0.025894572999999997,-0.20162828,1550002861459
2685,99,Accelerometer,1.6771383000000002,0.19871874,9.448717,1550002861460
2686,99,Gyroscope,-0.01127046,-0.024672844,-0.20285001,1550002861469
2687,99,Accelerometer,1.7070657999999999,0.049081136,9.461885,1550002861469
2688,99,Gyroscope,-0.014935651999999999,-0.005125154,-0.19857396,1550002861479
2689,99,Accelerometer,1.8112136000000003,0.6584055,9.605537,1550002861480
2690,99,Gyroscope,-0.015546517,-0.00084909797,-0.18818925,1550002861490
2691,99,Accelerometer,1.6136919,0.5626374,9.764750999999999,1550002861490
2692,99,Gyroscope,-0.01737911,0.008313879,-0.18513492,1550002861499
2693,99,Accelerometer,1.4413095,1.0486604,10.042479,1550002861500
2694,99,Gyroscope,-0.03387247,0.007092151999999999,-0.1643655,1550002861509
2695,99,Accelerometer,1.578976,1.1599906999999998,9.937134,1550002861510
2696,99,Gyroscope,-0.014935651999999999,-0.009401211500000001,-0.16497637,1550002861519
2697,99,Accelerometer,1.3491327,1.0845733999999998,9.475052999999999,1550002861519
2698,99,Gyroscope,0.019883668,-0.006957751,-0.17047416,1550002861529
2699,99,Accelerometer,1.3982137,1.1815386,8.731653,1550002861529
2700,99,Gyroscope,-0.049144104,0.02786157,-0.17169589,1550002861540
2701,99,Accelerometer,0.59855044,1.3347674999999999,9.829395,1550002861540
2702,99,Gyroscope,-0.02409863,0.041911468,-0.16008945,1550002861550
2703,99,Accelerometer,0.5434838000000001,1.3383588,12.263102,1550002861550
2704,99,Gyroscope,-0.01737911,-0.03261409,-0.13993089,1550002861559
2705,99,Accelerometer,1.6424223000000002,0.32202014,9.361329,1550002861560
2706,99,Gyroscope,0.044929143,-0.027116302000000002,-0.15947857,1550002861569
2707,99,Accelerometer,1.0630256,1.5777789,8.429984,1550002861570
2708,99,Gyroscope,-0.024709495,0.033970222,-0.14481781,1550002861579
2709,99,Accelerometer,0.7158663000000001,0.9911995000000001,9.054871,1550002861579
2710,99,Gyroscope,-0.005161807,0.030915894,-0.13870916,1550002861590
2711,99,Accelerometer,0.7278373,0.9564835999999999,9.92636,1550002861590
2712,99,Gyroscope,0.018661937,0.022363782000000002,-0.15153733,1550002861599
2713,99,Accelerometer,0.521936,1.484405,9.876082,1550002861600
2714,99,Gyroscope,-0.027152957000000002,0.027250702999999998,-0.14115262,1550002861610
2715,99,Accelerometer,0.8643068000000002,0.81881696,9.204509,1550002861610
2716,99,Gyroscope,-0.03509419999999999,0.0431332,-0.13504398,1550002861619
2717,99,Accelerometer,1.0965444,1.5155296,9.864111,1550002861620
2718,99,Gyroscope,-0.022876898,0.0431332,-0.112441964,1550002861629
2719,99,Accelerometer,1.3826513999999999,0.78888947,9.449914,1550002861629
2720,99,Gyroscope,-0.04975497,0.06634608,-0.10511158400000001,1550002861640
2721,99,Accelerometer,1.0115502,1.0390834999999998,9.801862,1550002861640
2722,99,Gyroscope,-0.023487763,0.07489819,-0.09045081599999999,1550002861649
2723,99,Accelerometer,0.7386111999999999,0.8882488000000002,9.507375,1550002861650
2724,99,Gyroscope,-0.04670064,0.07917425,-0.125881,1550002861659
2725,99,Accelerometer,0.65242,0.6823475,9.679757,1550002861660
2726,99,Gyroscope,-0.041202857999999995,0.06390262,-0.13504398,1550002861670
2727,99,Accelerometer,1.4736311000000002,0.51475334,9.884461,1550002861670
2728,99,Gyroscope,-0.0137139205,0.061459154,-0.13382225,1550002861679
2729,99,Accelerometer,1.9345150000000002,0.60573304,9.481038999999999,1550002861680
2730,99,Gyroscope,-0.054031022000000005,0.082839444,-0.18452406,1550002861689
2731,99,Accelerometer,0.020350715,0.81043726,9.988609,1550002861689
2732,99,Gyroscope,-0.03203988,0.058404832999999996,-0.19735223,1550002861699
2733,99,Accelerometer,0.80924016,-0.06703765,10.590752,1550002861700
2734,99,Gyroscope,-0.030207282000000002,0.023585513,-0.17963713,1550002861710
2735,99,Accelerometer,0.8499416,0.35793316,11.245565,1550002861710
2736,99,Gyroscope,-0.014324786,-0.005125154,-0.17475021,1550002861720
2737,99,Accelerometer,1.6579846999999999,0.2705448,9.740809,1550002861720
2738,99,Gyroscope,-0.0076052677,0.005259555,-0.18941098,1550002861729
2739,99,Accelerometer,1.5442601,0.91937345,9.55885,1550002861730
2740,99,Gyroscope,-0.0021074805,0.009535611,-0.17230675,1550002861739
2741,99,Accelerometer,0.9660603999999999,0.60333884,9.871294,1550002861740
2742,99,Gyroscope,0.012553285,-0.0020708293,-0.17230675,1550002861749
2743,99,Accelerometer,1.1623849,0.92057055,9.570822,1550002861750
2744,99,Gyroscope,0.004612036,0.007092151999999999,-0.16314377,1550002861759
2745,99,Accelerometer,1.1982979999999999,1.2066777,9.812635,1550002861759
2746,99,Gyroscope,0.022937994,0.013811666499999998,-0.14420696,1550002861770
2747,99,Accelerometer,1.0079589,0.58897364,9.451111000000001,1550002861770
2748,99,Gyroscope,-0.0021074805,0.013200805,-0.14603955,1550002861779
2749,99,Accelerometer,0.80086046,1.4987701999999998,9.944317,1550002861780
2750,99,Gyroscope,0.018051071000000002,-0.0014599635999999999,-0.14237435,1550002861789
2751,99,Accelerometer,0.9888053,0.6607997,9.927557,1550002861790
2752,99,Gyroscope,-0.0033292117999999997,-0.009401211500000001,-0.14726128,1550002861799
2753,99,Accelerometer,1.2342110000000002,0.9720459000000001,9.975441,1550002861800
2754,99,Gyroscope,-0.043646313,-0.0032925587,-0.14848301,1550002861809
2755,99,Accelerometer,1.3275848999999997,1.2306197,9.865308,1550002861810
2756,99,Gyroscope,0.0027794409999999997,-0.004514288,-0.16741984,1550002861820
2757,99,Accelerometer,1.3132197,1.3431472,9.321824000000001,1550002861820
2758,99,Gyroscope,-0.0045509413,-0.005125154,-0.16008945,1550002861829
2759,99,Accelerometer,0.6931214,1.5191208999999999,9.417591999999999,1550002861830
2760,99,Gyroscope,0.0009468458599999999,-0.0032925587,-0.15398079,1550002861839
2761,99,Accelerometer,1.1444284,0.8511386999999999,9.594764,1550002861840
2762,99,Gyroscope,0.0027794409999999997,0.0015943646,-0.14481781,1550002861849
2763,99,Accelerometer,1.2330139,1.4101848999999997,10.213664,1550002861849
2764,99,Gyroscope,-0.0045509413,0.005259555,-0.14115262,1550002861859
2765,99,Accelerometer,1.246182,1.0402806,9.566033000000001,1550002861860
2766,99,Gyroscope,-0.01127046,-0.0075686146,-0.13504398,1550002861870
2767,99,Accelerometer,0.61411273,1.5059528,10.240001,1550002861870
2768,99,Gyroscope,-0.00027488545,-0.010622941,-0.13565484,1550002861879
2769,99,Accelerometer,0.9780314,0.7493850999999999,10.014946,1550002861880
2770,99,Gyroscope,0.010720688999999999,-0.00817948,-0.14481781,1550002861889
2771,99,Accelerometer,0.90979666,1.316811,9.652225,1550002861889
2772,99,Gyroscope,-0.00027488545,0.0040378235,-0.13137878,1550002861899
2773,99,Accelerometer,0.45130703,1.0534488000000002,9.921572,1550002861899
2774,99,Gyroscope,-0.0039400775,0.0040378235,-0.13748743,1550002861910
2775,99,Accelerometer,0.21906945,1.2737153,9.976639,1550002861910
2776,99,Gyroscope,0.03210097,0.0058704205,-0.14115262,1550002861919
2777,99,Accelerometer,0.089782566,1.22224,9.88925,1550002861920
2778,99,Gyroscope,-0.030818147999999997,0.03885714,-0.12038321,1550002861929
2779,99,Accelerometer,0.47764325,1.1839328000000002,10.718841000000001,1550002861930
2780,99,Gyroscope,0.0076663624,0.004648689,-0.11855062,1550002861939
2781,99,Accelerometer,0.89902276,0.79008657,9.7324295,1550002861939
2782,99,Gyroscope,0.014385881000000001,0.010146476,-0.125881,1550002861949
2783,99,Accelerometer,0.700304,1.6364368,9.190144,1550002861949
2784,99,Gyroscope,-0.016768249,0.02786157,-0.10816591,1550002861960
2785,99,Accelerometer,0.59974754,1.1288661,9.431957,1550002861960
2786,99,Gyroscope,0.036987893,0.01625513,-0.11122023,1550002861969
2787,99,Accelerometer,0.6919243,1.1707646999999999,8.874108,1550002861970
2788,99,Gyroscope,0.047983468,0.06512435,-0.09106168,1550002861979
2789,99,Accelerometer,1.0079589,2.0697872999999998,10.296265,1550002861980
2790,99,Gyroscope,-0.026542092000000003,0.11093924,-0.09106168,1550002861989
2791,99,Accelerometer,-0.23343466,0.7733272,10.662578,1550002861990
2792,99,Gyroscope,-0.03509419999999999,0.06023743,-0.081898704,1550002861999
2793,99,Accelerometer,0.045489833,1.6998832,11.6825075,1550002861999
2794,99,Gyroscope,0.059589908,-0.015509863999999998,-0.055020634000000006,1550002862009
2795,99,Accelerometer,1.6663644,0.6727706999999999,8.306683,1550002862010
2796,99,Gyroscope,-0.01737911,0.043744065,-0.07701178,1550002862020
2797,99,Accelerometer,0.33758244,2.0302830000000003,8.498219,1550002862020
2798,99,Gyroscope,-0.044868045,0.07550906,-0.04463592,1550002862029
2799,99,Accelerometer,0.70509243,1.1468226000000001,9.979032499999999,1550002862030
2800,99,Gyroscope,0.016218476000000003,0.043744065,-0.051966306,1550002862039
2801,99,Accelerometer,0.545878,1.5897499,10.758346000000001,1550002862039
2802,99,Gyroscope,0.022327128999999998,0.014422532,-0.031196889,1550002862049
2803,99,Accelerometer,1.2773066000000002,1.5454572,10.166978,1550002862050
2804,99,Gyroscope,0.032711837,-0.00023823230999999999,-0.031807754,1550002862059
2805,99,Accelerometer,0.664391,1.1097125,9.811439,1550002862060
2806,99,Gyroscope,0.021105397,-0.012455538,-0.0030970859999999998,1550002862069
2807,99,Accelerometer,1.6759412,1.0821792,9.753978,1550002862070
2808,99,Gyroscope,0.052870392999999995,-0.033224955,0.017061466,1550002862079
2809,99,Accelerometer,1.7597381999999997,1.7764976000000003,9.981427,1550002862079
2810,99,Gyroscope,0.036987893,-0.033224955,0.019504927,1550002862089
2811,99,Accelerometer,0.9923966000000001,1.3311761999999998,9.534908,1550002862089
2812,99,Gyroscope,0.0070554977,-0.029559765,0.008509354,1550002862100
2813,99,Accelerometer,0.2621651,0.5626374,9.586383999999999,1550002862100
2814,99,Gyroscope,0.02721405,-0.025894572999999997,0.014618006999999999,1550002862109
2815,99,Accelerometer,0.3878607,1.2521674999999999,9.908403,1550002862110
2816,99,Gyroscope,-0.0033292117999999997,-0.008790346,0.015228872,1550002862119
2817,99,Accelerometer,-0.08499416,1.2042834999999998,9.726444,1550002862120
2818,99,Gyroscope,-0.0369268,-0.0032925587,-0.011038333999999999,1550002862129
2819,99,Accelerometer,-0.40102878,0.8391677,10.433931,1550002862130
2820,99,Gyroscope,0.0015577096,-0.01734246,-0.0061514126,1550002862139
2821,99,Accelerometer,0.10414778,1.0043676,9.716867,1550002862139
2822,99,Gyroscope,-0.0045509413,-0.016731594,-0.005540547,1550002862149
2823,99,Accelerometer,-0.017956512,1.2389994,8.8884735,1550002862149
2824,99,Gyroscope,0.016218476000000003,0.005259555,0.007898489,1550002862160
2825,99,Accelerometer,-0.089782566,1.352724,9.77792,1550002862160
2826,99,Gyroscope,0.030268377000000003,0.008313879,0.006065893,1550002862169
2827,99,Accelerometer,0.44771573,1.2018893,9.475052999999999,1550002862170
2828,99,Gyroscope,-0.0076052677,0.018698592,0.029889636,1550002862179
2829,99,Accelerometer,-0.059855044,1.2689268999999999,9.555259,1550002862180
2830,99,Gyroscope,0.018051071000000002,-0.004514288,0.028667906,1550002862189
2831,99,Accelerometer,0.06344634,0.89543146,10.502166,1550002862190
2832,99,Gyroscope,0.05348126,0.0015943646,-0.0030970859999999998,1550002862199
2833,99,Accelerometer,0.6835446,0.2693477,9.968259,1550002862199
2834,99,Gyroscope,-0.008826999,0.016865995,-0.008594873000000001,1550002862209
2835,99,Accelerometer,0.5602431999999999,0.062249242999999996,9.787497,1550002862210
2836,99,Gyroscope,0.011942419,-0.0075686146,-0.047079384,1550002862220
2837,99,Accelerometer,0.6488286999999999,-0.61171854,10.672153999999999,1550002862220
2838,99,Gyroscope,0.03882049,-0.038722742000000004,-0.11732889,1550002862230
2839,99,Accelerometer,1.3730746999999999,-0.25378537,10.456676,1550002862230
2840,99,Gyroscope,-0.026542092000000003,-0.051550914,-0.14481781,1550002862239
2841,99,Accelerometer,1.0127473,0.39863458,9.8677025,1550002862240
2842,99,Gyroscope,-0.027152957000000002,-0.06010303,-0.16008945,1550002862249
2843,99,Accelerometer,0.9852139999999999,0.35434186,10.336966,1550002862250
2844,99,Gyroscope,0.004612036,-0.068044275,-0.15825686,1550002862259
2845,99,Accelerometer,1.0498575,1.0151415000000001,9.773131,1550002862259
2846,99,Gyroscope,-0.029596416,-0.05582697,-0.13870916,1550002862270
2847,99,Accelerometer,1.0761937,1.1755531000000001,9.534908,1550002862270
2848,99,Gyroscope,0.006444632,-0.05216177599999999,-0.11610716,1550002862279
2849,99,Accelerometer,0.89064306,1.2940661,9.76116,1550002862280
2850,99,Gyroscope,-0.0063835381999999994,-0.04544226,-0.09839206,1550002862290
2851,99,Accelerometer,0.80086046,1.3886370000000001,9.757569,1550002862290
2852,99,Gyroscope,-0.011881325,-0.041166205,-0.09228341,1550002862299
2853,99,Accelerometer,0.8750806999999999,1.0534488000000002,9.579201,1550002862300
2854,99,Gyroscope,0.010109824,-0.021618515,-0.11427456,1550002862309
2855,99,Accelerometer,1.1037270000000001,1.2437878,9.570822,1550002862309
2856,99,Gyroscope,-0.022266036,0.014422532,-0.11122023,1550002862319
2857,99,Accelerometer,0.2885013,1.3563153000000001,9.166202,1550002862320
2858,99,Gyroscope,-0.06258314,0.03885714,-0.11488543,1550002862330
2859,99,Accelerometer,-0.142455,1.0354922,9.645041,1550002862330
2860,99,Gyroscope,-0.036315932999999995,0.043744065,-0.1344331,1550002862339
2861,99,Accelerometer,0.11971009,1.0067618,10.022128,1550002862340
2862,99,Gyroscope,-0.021044305,0.05596137,-0.15275906,1550002862349
2863,99,Accelerometer,1.1348516000000002,1.2449848999999997,9.3661175,1550002862350
2864,99,Gyroscope,-0.02409863,0.05596137,-0.12160494,1550002862359
2865,99,Accelerometer,1.6436194,0.9935937,9.725247,1550002862360
2866,99,Gyroscope,-0.022876898,0.05168531,-0.12221581,1550002862369
2867,99,Accelerometer,2.553416,0.9624690999999999,9.812635,1550002862369
2868,99,Gyroscope,-0.026542092000000003,0.036413684,-0.10388985,1550002862379
2869,99,Accelerometer,2.1140802000000005,0.19273324,10.159794999999999,1550002862380
2870,99,Gyroscope,0.006444632,-0.0032925587,-0.12038321,1550002862389
2871,99,Accelerometer,2.4193408,0.39145198,10.815806,1550002862390
2872,99,Gyroscope,-0.04975497,-0.02222938,-0.1521482,1550002862399
2873,99,Accelerometer,0.82480246,0.48482585,9.996989,1550002862400
2874,99,Gyroscope,-0.07541131,-0.023451112000000003,-0.15275906,1550002862409
2875,99,Accelerometer,1.7345991000000003,2.0290859,12.320561999999999,1550002862410
2876,99,Gyroscope,-0.044868045,-0.11996782,-0.13321137,1550002862419
2877,99,Accelerometer,2.124854,0.58657944,8.747216,1550002862419
2878,99,Gyroscope,0.04004222,-0.10591792,-0.180248,1550002862429
2879,99,Accelerometer,0.51475334,2.4061728,6.7229185,1550002862430
2880,99,Gyroscope,-0.07480045,0.011368208000000001,-0.117939755,1550002862440
2881,99,Accelerometer,-0.055066638,1.8626889,8.619126,1550002862440
2882,99,Gyroscope,-0.03814853,0.020531185,-0.10450072,1550002862449
2883,99,Accelerometer,-0.16400282,1.7537526999999997,10.9426985,1550002862450
2884,99,Gyroscope,0.0650877,-0.03139236,-0.11549629,1550002862459
2885,99,Accelerometer,-0.3196259,1.7345991000000003,9.726444,1550002862460
2886,99,Gyroscope,-0.049144104,-0.025894572999999997,-0.08861822,1550002862469
2887,99,Accelerometer,1.0570401000000003,0.9983820999999999,8.582016000000001,1550002862469
2888,99,Gyroscope,-0.02165517,0.006481286,-0.07517918,1550002862479
2889,99,Accelerometer,1.2485761999999998,2.3415293999999998,9.545682000000001,1550002862479
2890,99,Gyroscope,-0.03203988,0.015644263000000002,-0.08067697,1550002862490
2891,99,Accelerometer,1.5993267,1.3970166000000002,9.075222,1550002862490
2892,99,Gyroscope,-0.07052439,-0.010012077,-0.08434217,1550002862500
2893,99,Accelerometer,2.1212628,0.31244332,10.305841000000001,1550002862500
2894,99,Gyroscope,0.0058337674,-0.034446687000000004,-0.041581597000000005,1550002862509
2895,99,Accelerometer,2.9041667,1.2413936,10.782288000000001,1550002862510
2896,99,Gyroscope,-0.01127046,-0.01734246,-0.018368717,1550002862519
2897,99,Accelerometer,2.8155810000000003,0.42736499999999994,8.347384,1550002862520
2898,99,Gyroscope,-0.10656543,-0.0026816929999999998,-0.050744575,1550002862529
2899,99,Accelerometer,1.9369092,0.6919243,10.006566000000001,1550002862529
2900,99,Gyroscope,0.03210097,-0.01856419,-0.04097073,1550002862539
2901,99,Accelerometer,2.1990743,0.29328972,10.280702,1550002862540
2902,99,Gyroscope,-0.011881325,-0.0075686146,-0.05013371,1550002862550
2903,99,Accelerometer,1.3084313,1.5083469999999999,9.430760000000001,1550002862550
2904,99,Gyroscope,-0.05708535,-0.0032925587,-0.067237936,1550002862559
2905,99,Accelerometer,0.11611878,0.5781997,10.449492999999999,1550002862560
2906,99,Gyroscope,0.039431356,-0.011844671999999999,-0.06357274,1550002862569
2907,99,Accelerometer,0.56982,0.92176765,10.2735195,1550002862569
2908,99,Gyroscope,0.011942419,-0.014898999,-0.050744575,1550002862580
2909,99,Accelerometer,0.12928689,1.4532804,8.947132,1550002862580
2910,99,Gyroscope,-0.01127046,0.018087726000000002,-0.042192463,1550002862589
2911,99,Accelerometer,0.10175357,1.2413936,10.463859,1550002862590
2912,99,Gyroscope,0.038209625,0.024196379,-0.04097073,1550002862599
2913,99,Accelerometer,0.22625206,1.055843,10.019734,1550002862600
2914,99,Gyroscope,-0.027763822999999997,0.026639838,-0.035472944,1550002862609
2915,99,Accelerometer,-0.062249242999999996,1.1994951,9.61272,1550002862609
2916,99,Gyroscope,0.0094989585,0.008924745,-0.05624236,1550002862619
2917,99,Accelerometer,0.94810385,0.65242,10.163386000000001,1550002862620
2918,99,Gyroscope,0.019883668,0.012589939,-0.05013371,1550002862630
2919,99,Accelerometer,0.8487445,0.7338228,9.339781,1550002862630
2920,99,Gyroscope,-0.03203988,0.029694162000000003,-0.07640091,1550002862639
2921,99,Accelerometer,1.7836802999999999,0.61411273,8.88608,1550002862640
2922,99,Gyroscope,0.04004222,0.011368208000000001,-0.066016205,1550002862649
2923,99,Accelerometer,1.2330139,0.6631939,9.519346,1550002862650
2924,99,Gyroscope,-0.008826999,0.004648689,-0.07090313,1550002862659
2925,99,Accelerometer,1.3515268999999999,0.7218518,9.731233,1550002862660
2926,99,Gyroscope,-0.044868045,-0.02100765,-0.07090313,1550002862669
2927,99,Accelerometer,1.6196774,0.8559271,10.309433,1550002862669
2928,99,Gyroscope,0.0094989585,-0.030781494,-0.08067697,1550002862680
2929,99,Accelerometer,1.7681179,1.1779473,10.143036,1550002862680
2930,99,Gyroscope,-0.019822573,-0.042998800000000004,-0.06662707,1550002862689
2931,99,Accelerometer,1.2282255,1.1695676000000002,9.611523,1550002862690
2932,99,Gyroscope,-0.010659594,-0.038111877,-0.081898704,1550002862699
2933,99,Accelerometer,1.484405,1.0630256,9.267955,1550002862700
2934,99,Gyroscope,0.0113315545,-0.04544226,-0.067237936,1550002862709
2935,99,Accelerometer,1.0462662,1.5394716999999998,9.126697,1550002862710
2936,99,Gyroscope,-0.008826999,-0.03261409,-0.05929669,1550002862719
2937,99,Accelerometer,0.8499416,1.6280571000000001,9.423578,1550002862719
2938,99,Gyroscope,0.011942419,-0.014898999,-0.051966306,1550002862729
2939,99,Accelerometer,0.29448682,1.079785,9.904813,1550002862730
2940,99,Gyroscope,-0.02409863,-0.029559765,-0.039749,1550002862740
2941,99,Accelerometer,0.035913024,1.1456255,10.18254,1550002862740
2942,99,Gyroscope,-0.0033292117999999997,-0.034446687000000004,-0.07273573,1550002862749
2943,99,Accelerometer,1.1468226000000001,0.9684546,9.548077000000001,1550002862750
2944,99,Gyroscope,-0.059528813,-0.008790346,-0.07090313,1550002862759
2945,99,Accelerometer,0.39624038,2.1847090000000002,13.000515,1550002862760
2946,99,Gyroscope,-0.13649784,-0.02222938,-0.034251212999999996,1550002862769
2947,99,Accelerometer,-0.78410107,0.1364695,11.894394,1550002862770
2948,99,Gyroscope,-0.07480045,-0.18105435,-0.05013371,1550002862779
2949,99,Accelerometer,1.0079589,1.6232687,12.124236999999999,1550002862779
2950,99,Gyroscope,0.088911444,-0.16639358,-0.11427456,1550002862790
2951,99,Accelerometer,3.2118216,0.48362875,7.9930425000000005,1550002862790
2952,99,Gyroscope,-0.054641888,-0.039333608,-0.08678562,1550002862799
2953,99,Accelerometer,0.7158663000000001,2.2002714,6.600814,1550002862800
2954,99,Gyroscope,-0.033261612,-0.038111877,-0.018979583,1550002862809
2955,99,Accelerometer,-0.10055647,0.49919105,10.699686999999999,1550002862810
2956,99,Gyroscope,0.14450018,-0.101031,-0.06051842,1550002862819
2957,99,Accelerometer,1.3551182,1.7561468999999996,8.656236999999999,1550002862820
2958,99,Gyroscope,0.14450018,-0.08881369,-0.02447737,1550002862829
2959,99,Accelerometer,0.08499416,0.60214174,9.903615,1550002862829
2960,99,Gyroscope,0.010720688999999999,-0.039333608,-0.0037079514000000003,1550002862839
2961,99,Accelerometer,0.7505821999999999,0.49440265,9.120711,1550002862840
2962,99,Gyroscope,-0.019211708,-0.0057360195,-0.038527273,1550002862850
2963,99,Accelerometer,-0.31244332,1.0139444,9.215282,1550002862850
2964,99,Gyroscope,-0.07418958,0.009535611,-0.09411601,1550002862859
2965,99,Accelerometer,0.16998832,0.9816226999999998,10.127473,1550002862860
2966,99,Gyroscope,0.022937994,0.022363782000000002,-0.06907053,1550002862869
2967,99,Accelerometer,0.50517654,1.7621324,9.375694000000001,1550002862870
2968,99,Gyroscope,-0.088239476,0.042522334,-0.06357274,1550002862879
2969,99,Accelerometer,-0.92655605,1.2054806,9.671378,1550002862879
2970,99,Gyroscope,-0.014324786,0.030915894,-0.07823351,1550002862889
2971,99,Accelerometer,-0.029927522,0.6727706999999999,10.116699,1550002862889
2972,99,Gyroscope,0.073028944,0.008924745,-0.028753427999999998,1550002862900
2973,99,Accelerometer,0.89543146,1.2904748,9.17099,1550002862900
2974,99,Gyroscope,-0.034483336,0.037635416,-0.0061514126,1550002862909
2975,99,Accelerometer,1.1288661,0.89782566,8.920795,1550002862910
2976,99,Gyroscope,-0.04547891,0.058404832999999996,-0.015314391,1550002862919
2977,99,Accelerometer,1.1324573999999998,1.7489643,11.390414,1550002862920
2978,99,Gyroscope,0.020494534,0.014422532,-0.011649198999999999,1550002862929
2979,99,Accelerometer,1.7573439999999998,1.174356,10.075998,1550002862930
2980,99,Gyroscope,-0.014324786,-0.00817948,-0.011649198999999999,1550002862939
2981,99,Accelerometer,1.4389153000000001,1.2198458,10.0341,1550002862939
2982,99,Gyroscope,-0.02409863,-0.030170628999999997,-0.011038333999999999,1550002862950
2983,99,Accelerometer,1.7776948000000001,0.29807812,10.326192,1550002862950
2984,99,Gyroscope,0.022327128999999998,-0.06498995,-0.012260064499999999,1550002862959
2985,99,Accelerometer,1.0690111,0.90500826,9.885659,1550002862960
2986,99,Gyroscope,-0.0369268,-0.039333608,-0.018368717,1550002862969
2987,99,Accelerometer,0.641646,1.423353,10.674548,1550002862970
2988,99,Gyroscope,-0.031429015,-0.07842898,-0.014703525,1550002862979
2989,99,Accelerometer,1.0726023999999998,0.9900024,10.651803,1550002862980
2990,99,Gyroscope,0.031490106000000004,-0.11813522,-0.029975157000000002,1550002862989
2991,99,Accelerometer,1.1683705,1.5011643999999997,8.842984,1550002862989
2992,99,Gyroscope,-0.009437865,-0.08026158,-0.035472944,1550002862999
2993,99,Accelerometer,0.48482585,1.3694833999999998,9.131485000000001,1550002863000
2994,99,Gyroscope,-0.022266036,-0.055216104,-0.018368717,1550002863010
2995,99,Accelerometer,0.021547815,0.92176765,10.904391,1550002863010
2996,99,Gyroscope,-0.016157383,-0.07598552,-0.018979583,1550002863019
2997,99,Accelerometer,0.046686932,1.4329298000000001,10.125079,1550002863020
2998,99,Gyroscope,0.0052229017,-0.101031,-0.008594873000000001,1550002863029
2999,99,Accelerometer,0.92416185,1.8339584999999998,9.283517,1550002863030
3000,99,Gyroscope,0.022327128999999998,-0.08392677,-0.007373143,1550002863039
3001,99,Accelerometer,1.1408371000000002,1.1971009,8.250419,1550002863039
3002,99,Gyroscope,-0.03203988,-0.030781494,-4.2759813000000006e-05,1550002863049
3003,99,Accelerometer,0.48482585,1.3934253,9.272743,1550002863050
3004,99,Gyroscope,0.008888093,-0.020396786,-4.2759813000000006e-05,1550002863059
3005,99,Accelerometer,0.50158525,0.8690952,10.746374000000001,1550002863060
3006,99,Gyroscope,0.035155296,-0.039944474,-0.011038333999999999,1550002863069
3007,99,Accelerometer,0.51714754,0.90500826,9.394848,1550002863070
3008,99,Gyroscope,-0.008216133,-0.02222938,-0.009205738,1550002863079
3009,99,Accelerometer,0.37110126,1.4939818,9.074024,1550002863080
3010,99,Gyroscope,-0.0057726726,0.06756781,-0.0043188166,1550002863089
3011,99,Accelerometer,1.3479356000000002,0.89184016,9.211691,1550002863090
3012,99,Gyroscope,-0.038759395,0.07245473,0.02805704,1550002863099
3013,99,Accelerometer,-1.8662802,0.9504981,9.78989,1550002863100
3014,99,Gyroscope,-0.14321736,-0.08209418,-0.010427468,1550002863109
3015,99,Accelerometer,0.6356605,1.6831238000000002,13.725957999999999,1550002863110
3016,99,Gyroscope,0.13228287,-0.13890465,-0.01287093,1550002863119
3017,99,Accelerometer,1.4640543,0.5398925,9.696517,1550002863120
3018,99,Gyroscope,-0.020433438999999998,-0.032003224,0.031722232999999996,1550002863129
3019,99,Accelerometer,-0.45609543,2.6779146000000003,8.158242,1550002863130
3020,99,Gyroscope,-0.06441574,-0.01978592,0.04210694,1550002863139
3021,99,Accelerometer,1.1180921999999998,0.093373865,9.919178,1550002863140
3022,99,Gyroscope,0.13961326,-0.0851485,0.06837415,1550002863149
3023,99,Accelerometer,0.4141969,1.6915035,11.031284,1550002863149
3024,99,Accelerometer,0.19632454,1.567005,9.339781,1550002863159
3025,99,Gyroscope,-0.0057726726,-0.09492235,0.072039336,1550002863160
3026,99,Gyroscope,-0.03509419999999999,-0.0729312,0.056156844000000004,1550002863169
3027,99,Accelerometer,0.27892449999999996,-0.6775591,9.232041,1550002863169
3028,99,Gyroscope,-0.008826999,-0.015509863999999998,0.014618006999999999,1550002863179
3029,99,Accelerometer,-0.545878,1.1444284,9.7958765,1550002863180
3030,99,Gyroscope,-0.098624185,0.0028160921999999997,-0.039138135,1550002863189
3031,99,Accelerometer,0.17836803,0.62847793,9.17099,1550002863189
3032,99,Gyroscope,-0.022876898,-0.025283707000000002,-0.10327899,1550002863199
3033,99,Accelerometer,-0.33039984,0.5770026,10.699686999999999,1550002863199
3034,99,Gyroscope,-0.014935651999999999,-0.020396786,-0.11610716,1550002863210
3035,99,Accelerometer,-0.16639702,0.8702923,9.783905,1550002863210
3036,99,Gyroscope,-0.054641888,0.008924745,-0.13076791,1550002863219
3037,99,Accelerometer,0.59855044,0.025139118,8.835801,1550002863219
3038,99,Gyroscope,0.03759876,-0.019175055,-0.09717034,1550002863229
3039,99,Accelerometer,0.45130703,1.4305356000000002,10.575189,1550002863230
3040,99,Gyroscope,-0.021044305,-0.016731594,-0.10083552400000001,1550002863239
3041,99,Accelerometer,1.9452889,0.90500826,9.868899,1550002863239
3042,99,Gyroscope,-0.054641888,-0.016731594,-0.06662707,1550002863249
3043,99,Accelerometer,1.6591818,1.6232687,10.230424000000001,1550002863250
3044,99,Gyroscope,0.026603185,-0.057659565999999995,-0.057464093,1550002863259
3045,99,Accelerometer,1.4808137,0.8295909,10.181343,1550002863260
3046,99,Gyroscope,-0.015546517,-0.057048699999999994,-0.058685824000000004,1550002863269
3047,99,Accelerometer,1.6639702,1.0223241,9.385271000000001,1550002863270
3048,99,Gyroscope,-0.033261612,-0.06560081,-0.056853227,1550002863279
3049,99,Accelerometer,1.2210428999999998,1.1504139,10.91756,1550002863280
3050,99,Gyroscope,0.011942419,-0.09492235,-0.06296188,1550002863289
3051,99,Accelerometer,0.93613285,1.0702082,10.336966,1550002863290
3052,99,Gyroscope,-0.043035455,-0.11202657,-0.07090313,1550002863299
3053,99,Accelerometer,1.1599906999999998,1.2330139,10.123882,1550002863300
3054,99,Gyroscope,0.013775015,-0.11874609,-0.07945524,1550002863309
3055,99,Accelerometer,0.8882488000000002,1.0785878999999998,9.569624000000001,1550002863310
3056,99,Gyroscope,0.013775015,-0.09919839999999999,-0.08678562,1550002863320
3057,99,Accelerometer,0.8822633,1.496376,8.961497,1550002863320
3058,99,Gyroscope,0.0052229017,-0.07048774,-0.059907555999999994,1550002863329
3059,99,Accelerometer,1.2342110000000002,1.1264718999999999,9.454702000000001,1550002863329
3060,99,Gyroscope,0.029657512999999996,-0.056437835,-0.056853227,1550002863339
3061,99,Accelerometer,1.2904748,1.3802572,10.211269999999999,1550002863340
3062,99,Gyroscope,0.032711837,-0.04849659,-0.053798902999999995,1550002863350
3063,99,Accelerometer,1.1875241,1.3096284,9.630676,1550002863350
3064,99,Gyroscope,0.008888093,-0.035057552,-0.055631495999999996,1550002863359
3065,99,Accelerometer,0.90620536,1.316811,9.161413,1550002863360
3066,99,Gyroscope,0.016829342,-0.011233807,-0.05257717,1550002863369
3067,99,Accelerometer,0.7074866,1.271321,9.143456,1550002863369
3068,99,Gyroscope,0.0040011713,0.009535611,-0.074568324,1550002863379
3069,99,Accelerometer,0.15801731,1.3922282,8.829816000000001,1550002863380
3070,99,Gyroscope,-0.011881325,0.033970222,-0.07701178,1550002863389
3071,99,Accelerometer,0.02873042,1.283292,9.211691,1550002863389
3072,99,Gyroscope,-0.010659594,0.05168531,-0.08556389999999998,1550002863399
3073,99,Accelerometer,-0.034715924,1.5358804,9.742006,1550002863400
3074,99,Gyroscope,-0.02532036,0.058404832999999996,-0.07334659,1550002863409
3075,99,Accelerometer,0.16998832,1.3587095,9.759963,1550002863409
3076,99,Gyroscope,-0.02165517,0.06573521,-0.06296188,1550002863420
3077,99,Accelerometer,0.9660603999999999,1.7681179,9.79827,1550002863420
3078,99,Gyroscope,-0.027152957000000002,0.060848295999999996,-0.03302948,1550002863429
3079,99,Accelerometer,1.0486604,1.4891934,9.607930999999999,1550002863429
3080,99,Gyroscope,-0.016768249,0.046187527,-0.0140926605,1550002863440
3081,99,Accelerometer,1.6639702,0.79487497,8.783128999999999,1550002863440
3082,99,Gyroscope,0.05042693,0.024807245,0.029889636,1550002863449
3083,99,Accelerometer,2.9221232,1.0127473,7.022193400000001,1550002863449
3084,99,Gyroscope,-0.01004873,0.12987608,0.043328673,1550002863460
3085,99,Accelerometer,2.6431987,2.220622,10.042479,1550002863460
3086,99,Gyroscope,-0.018600842,0.14636943,0.068985015,1550002863469
3087,99,Accelerometer,2.315193,0.4357447,11.774683999999999,1550002863470
3088,99,Gyroscope,-0.06502659599999999,0.024807245,0.079369724,1550002863479
3089,99,Accelerometer,2.2062569,-0.11731588,12.871228,1550002863480
3090,99,Gyroscope,0.06386597,-0.091257155,0.03966348,1550002863489
3091,99,Accelerometer,3.9073372,0.5506664000000001,9.599552000000001,1550002863490
3092,99,Gyroscope,-0.0076052677,-0.053383507000000004,0.04882646,1550002863499
3093,99,Accelerometer,3.4272997000000003,2.7856536,8.74123,1550002863500
3094,99,Gyroscope,-0.08151996,-0.013066402,0.05371338,1550002863509
3095,99,Accelerometer,1.6699557,0.7721300999999999,10.354922,1550002863510
3096,99,Gyroscope,0.05470299,-0.07354206,0.014007141,1550002863519
3097,99,Accelerometer,0.50996494,0.65242,11.243171,1550002863519
3098,99,Gyroscope,-0.0039400775,-0.11263744,0.034776557,1550002863530
3099,99,Accelerometer,1.5119383,0.6356605,9.969456,1550002863530
3100,99,Gyroscope,0.0492052,-0.091257155,0.0323331,1550002863539
3101,99,Accelerometer,0.7170634,1.0163386,9.995792,1550002863539
3102,99,Gyroscope,0.018661937,-0.050329182,0.036609154,1550002863550
3103,99,Accelerometer,-0.33279404,0.46327803,9.898827,1550002863550
3104,99,Gyroscope,-0.037537664,-0.016731594,0.0066767577,1550002863559
3105,99,Accelerometer,-0.30765492,0.62129533,9.487024,1550002863560
3106,99,Gyroscope,-0.0039400775,-0.015509863999999998,-0.007984008,1550002863570
3107,99,Accelerometer,-0.20949265,0.9612719999999999,9.397242,1550002863570
3108,99,Gyroscope,-0.006994404,-0.033224955,-0.019590449,1550002863579
3109,99,Accelerometer,0.94211835,1.2904748,9.409213000000001,1550002863579
3110,99,Gyroscope,0.038209625,-0.016731594,-0.023866504,1550002863590
3111,99,Accelerometer,0.38067806,1.5717934,9.203311,1550002863590
3112,99,Gyroscope,0.0009468458599999999,0.007092151999999999,-0.000653625,1550002863599
3113,99,Accelerometer,0.17717093,1.6986861,9.28232,1550002863600
3114,99,Gyroscope,0.010720688999999999,0.015033398,-0.012260064499999999,1550002863610
3115,99,Accelerometer,1.0055646999999999,1.0354922,9.691728999999999,1550002863610
3116,99,Gyroscope,0.04615087,0.011368208000000001,-0.008594873000000001,1550002863619
3117,99,Accelerometer,1.1204863999999999,1.3551182,9.961076,1550002863619
3118,99,Gyroscope,-0.0057726726,0.019309454,-0.04097073,1550002863629
3119,99,Accelerometer,1.8459294999999998,0.90859956,9.202114,1550002863630
3120,99,Gyroscope,-0.0021074805,0.0077030174,-0.039138135,1550002863639
3121,99,Accelerometer,1.0510546,0.9744401,9.639056,1550002863640
3122,99,Gyroscope,-0.012492188999999999,0.04557666,-0.074568324,1550002863649
3123,99,Accelerometer,1.2186487,0.5518635000000001,10.281899000000001,1550002863649
3124,99,Gyroscope,-0.04425718,0.012589939,-0.07395746,1550002863660
3125,99,Accelerometer,0.62488663,0.09935937,10.152613,1550002863660
3126,99,Gyroscope,-0.0063835381999999994,-0.025894572999999997,-0.08800735,1550002863670
3127,99,Accelerometer,0.7134720999999999,1.1468226000000001,10.33098,1550002863670
3128,99,Gyroscope,-0.023487763,-0.006346885,-0.07640091,1550002863679
3129,99,Accelerometer,0.7685388000000001,1.0019734,9.55885,1550002863679
3130,99,Gyroscope,-0.032650746,0.0015943646,-0.05624236,1550002863690
3131,99,Accelerometer,0.094570965,0.9935937,9.466674000000001,1550002863690
3132,99,Gyroscope,0.0058337674,-0.014288133,-0.056853227,1550002863699
3133,99,Accelerometer,0.5386954,1.8255788,10.647015,1550002863700
3134,99,Gyroscope,-0.013103055,-0.046663992,-0.03608381,1550002863709
3135,99,Accelerometer,0.8379706,0.79966336,9.5732155,1550002863709
3136,99,Gyroscope,-0.030818147999999997,-0.04910745,-0.020201313999999998,1550002863720
3137,99,Accelerometer,0.60812724,0.79966336,9.593566000000001,1550002863720
3138,99,Gyroscope,-0.013103055,-0.030781494,-0.03730554,1550002863729
3139,99,Accelerometer,0.81522566,0.5363011999999999,9.131485000000001,1550002863730
3140,99,Gyroscope,-0.03387247,-0.017953325,-0.071513996,1550002863739
3141,99,Accelerometer,0.43933599999999995,0.58298814,10.41358,1550002863740
3142,99,Gyroscope,-0.0063835381999999994,-0.038111877,-0.05440977,1550002863749
3143,99,Accelerometer,1.1599906999999998,0.25737667,9.812635,1550002863750
3144,99,Gyroscope,0.0094989585,-0.035668418,-0.07212486,1550002863759
3145,99,Accelerometer,1.3467385,1.1240777,8.265982000000001,1550002863759
3146,99,Gyroscope,-0.12855658,-0.0075686146,-0.07517918,1550002863769
3147,99,Accelerometer,-1.0570401000000003,0.8870517,9.455899,1550002863770
3148,99,Gyroscope,-0.13038918,0.010146476,-0.07090313,1550002863779
3149,99,Accelerometer,0.89423436,1.1037270000000001,13.540408,1550002863780
3150,99,Gyroscope,-0.13038918,-0.13462860000000001,-0.06174015,1550002863790
3151,99,Accelerometer,2.1583729,0.6727706999999999,8.876503,1550002863790
3152,99,Gyroscope,0.09257663,-0.08881369,-0.09900293,1550002863799
3153,99,Accelerometer,0.94930094,1.5729905,6.0621184999999995,1550002863800
3154,99,Gyroscope,-0.09801333,0.032137625,-0.025088236,1550002863809
3155,99,Accelerometer,1.5849615,1.3180081,8.803479,1550002863810
3156,99,Gyroscope,-0.015546517,-0.008790346,0.01034195,1550002863819
3157,99,Accelerometer,0.82001406,1.8267759,11.410766,1550002863820
3158,99,Gyroscope,0.07180721,-0.066822544,-0.007984008,1550002863829
3159,99,Accelerometer,1.0319009,0.8367735000000001,10.259153999999999,1550002863829
3160,99,Gyroscope,-0.04975497,-0.07476379,0.0042332970000000004,1550002863840
3161,99,Accelerometer,1.8423381999999997,0.42736499999999994,9.218874000000001,1550002863840
3162,99,Gyroscope,0.052870392999999995,-0.09186802,-0.0061514126,1550002863849
3163,99,Accelerometer,1.3263878,1.8339584999999998,8.973467999999999,1550002863850
3164,99,Gyroscope,0.032711837,-0.042998800000000004,0.024391849,1550002863859
3165,99,Accelerometer,0.32202014,-0.12210429,6.8988924,1550002863859
3166,99,Gyroscope,-0.016157383,0.018087726000000002,-0.032418616000000004,1550002863870
3167,99,Accelerometer,-0.6572084,1.4377182,10.032902,1550002863870
3168,99,Gyroscope,0.06081164,0.026028972,0.031722232999999996,1550002863879
3169,99,Accelerometer,0.7553706,1.5059528,9.847352,1550002863880
3170,99,Gyroscope,0.044929143,0.05473964,0.026224446000000002,1550002863889
3171,99,Accelerometer,-0.2669535,1.5825673,8.973467999999999,1550002863889
3172,99,Gyroscope,-0.050365835,0.071233004,0.035387423,1550002863900
3173,99,Accelerometer,0.009576807,1.9931729,10.584764999999999,1550002863900
3174,99,Gyroscope,0.05653558,0.051074445,0.06043289599999999,1550002863909
3175,99,Accelerometer,0.8475474000000001,1.0905589,9.945514,1550002863910
3176,99,Gyroscope,0.026603185,0.04863099,0.06654155,1550002863919
3177,99,Accelerometer,0.92775315,1.7250223000000002,8.832211000000001,1550002863920
3178,99,Gyroscope,-0.010659594,0.060848295999999996,0.070817605,1550002863929
3179,99,Accelerometer,0.60812724,1.4879963,9.860519,1550002863930
3180,99,Gyroscope,0.044929143,0.056572236,0.07326107,1550002863939
3181,99,Accelerometer,0.9600749,1.4185646,9.923966,1550002863939
3182,99,Gyroscope,-0.0039400775,0.06207002,0.095252216,1550002863950
3183,99,Accelerometer,0.9504981,0.997185,9.97185,1550002863950
3184,99,Gyroscope,-0.011881325,0.040689737000000004,0.090976164,1550002863959
3185,99,Accelerometer,0.82240826,0.8678981,10.967838,1550002863960
3186,99,Gyroscope,0.051037795999999996,0.029083297,0.08120232,1550002863969
3187,99,Accelerometer,0.91458505,1.210269,9.639056,1550002863969
3188,99,Gyroscope,-0.038759395,0.043744065,0.08364577599999999,1550002863980
3189,99,Accelerometer,0.80804306,1.0103531,9.459491,1550002863980
3190,99,Gyroscope,0.029046647000000002,0.04740926,0.05921117,1550002863989
3191,99,Accelerometer,0.5805939,0.82480246,9.846153999999999,1550002863990
3192,99,Gyroscope,0.0040011713,0.06940041,0.056156844000000004,1550002863999
3193,99,Accelerometer,0.17717093,0.82001406,8.48984,1550002863999
3194,99,Gyroscope,-0.043035455,0.08955896,0.029889636,1550002864010
3195,99,Accelerometer,-0.09696517,0.7015011,9.068039,1550002864010
3196,99,Gyroscope,-0.00027488545,0.068178676,0.012174546000000001,1550002864019
3197,99,Accelerometer,-0.19632454,0.9744401,10.758346000000001,1550002864020
3198,99,Gyroscope,-0.01737911,0.049241855999999994,0.008509354,1550002864029
3199,99,Accelerometer,-0.22625206,0.5578489999999999,10.15381,1550002864029
3200,99,Gyroscope,-0.028374685,0.058404832999999996,-0.011038333999999999,1550002864040
3201,99,Accelerometer,0.29328972,0.5638345,9.781511,1550002864040
3202,99,Gyroscope,0.004612036,0.04985272,-0.011038333999999999,1550002864049
3203,99,Accelerometer,0.4165911,0.79846627,10.107122,1550002864050
3204,99,Gyroscope,-0.016157383,0.055350505,-0.0061514126,1550002864059
3205,99,Accelerometer,0.81043726,0.6835446,9.149442,1550002864059
3206,99,Gyroscope,-0.019211708,0.06390262,-0.007984008,1550002864069
3207,99,Accelerometer,0.60573304,1.4077905000000002,10.079589,1550002864070
3208,99,Gyroscope,-0.005161807,0.053517907999999996,-0.007984008,1550002864080
3209,99,Accelerometer,0.36272156,0.8762778,10.150217999999999,1550002864080
3210,99,Gyroscope,-0.010659594,0.020531185,-0.007984008,1550002864089
3211,99,Accelerometer,0.79726917,1.3958195,10.047267,1550002864089
3212,99,Gyroscope,-0.01004873,0.00037263334000000003,0.0127854105,1550002864099
3213,99,Accelerometer,0.9528923,0.92535895,9.727641,1550002864100
3214,99,Gyroscope,0.026603185,0.010757342,0.023780985,1550002864109
3215,99,Accelerometer,0.35553896,0.81283146,8.767567,1550002864110
3216,99,Gyroscope,0.040653087000000004,0.01992032,0.007287623399999999,1550002864119
3217,99,Accelerometer,0.27892449999999996,0.79367787,7.872135000000001,1550002864119
3218,99,Gyroscope,0.035766162000000004,0.15125635,-4.2759813000000006e-05,1550002864129
3219,99,Accelerometer,0.60453594,0.5614403,7.6949644,1550002864130
3220,99,Gyroscope,-0.020433438999999998,0.20134729,-0.017757852,1550002864139
3221,99,Accelerometer,-2.4289176,1.0307038,10.1226845,1550002864140
3222,99,Gyroscope,-0.028374685,0.07184387,-0.043414194,1550002864149
3223,99,Accelerometer,-1.0965444,1.1085154,13.636176,1550002864150
3224,99,Gyroscope,0.08097019,-0.014898999,-0.029364292,1550002864160
3225,99,Accelerometer,0.7254431,-0.2705448,10.600328,1550002864160
3226,99,Gyroscope,-0.06747006,0.02786157,-0.015314391,1550002864169
3227,99,Accelerometer,0.9983820999999999,1.9512744,9.660604,1550002864170
3228,99,Gyroscope,-0.03203988,0.033359356,-0.029975157000000002,1550002864179
3229,99,Accelerometer,1.9812019,2.2960392999999995,9.8198185,1550002864179
3230,99,Gyroscope,0.0094989585,0.0058704205,0.0017898360000000002,1550002864190
3231,99,Accelerometer,1.8866308999999997,0.62009823,10.8385515,1550002864190
3232,99,Gyroscope,-0.040591992,-0.04422053,0.0323331,1550002864199
3233,99,Accelerometer,3.1292217,0.7649474,9.947908,1550002864200
3234,99,Gyroscope,0.029657512999999996,-0.058270432000000004,0.0054550273,1550002864209
3235,99,Accelerometer,1.0319009,0.5386954,9.570822,1550002864209
3236,99,Gyroscope,-0.019822573,-0.024672844,-0.045857653,1550002864220
3237,99,Accelerometer,0.61770403,0.005985504,9.720459,1550002864219
3238,99,Gyroscope,-0.0039400775,-0.051550914,-0.023866504,1550002864229
3239,99,Accelerometer,1.3575124,1.2150573999999998,10.553641,1550002864229
3240,99,Gyroscope,0.021716263,-0.08575937,-0.04463592,1550002864239
3241,99,Accelerometer,0.6584055,0.90141696,8.615535000000001,1550002864240
3242,99,Gyroscope,-0.033261612,-0.043609664000000006,-0.07273573,1550002864249
3243,99,Accelerometer,-0.2741361,1.4975731,9.155427,1550002864250
3244,99,Gyroscope,-0.046089776,-0.013677267,-0.042192463,1550002864259
3245,99,Accelerometer,-0.2645593,1.2054806,10.004171000000001,1550002864260
3246,99,Gyroscope,0.04615087,-0.011233807,-0.045857653,1550002864269
3247,99,Accelerometer,-0.076614454,1.1791444,9.807847,1550002864269
3248,99,Gyroscope,-0.006994404,0.0009834989999999999,-0.053798902999999995,1550002864280
3249,99,Accelerometer,-0.30765492,0.8511386999999999,9.39365,1550002864280
3250,99,Gyroscope,-0.0076052677,0.01747686,-0.049522847,1550002864289
3251,99,Accelerometer,0.866701,0.9612719999999999,9.358934,1550002864289
3252,99,Gyroscope,0.012553285,0.030305027999999998,-0.032418616000000004,1550002864299
3253,99,Accelerometer,1.7968484,0.48123455,9.050082000000002,1550002864300
3254,99,Gyroscope,-0.054641888,0.044965795999999995,-0.055631495999999996,1550002864309
3255,99,Accelerometer,1.3431472,-0.015562311,9.430760000000001,1550002864309
3256,99,Gyroscope,-0.04425718,0.030915894,-0.07395746,1550002864320
3257,99,Accelerometer,1.9979613,1.0319009,11.141417500000001,1550002864320
3258,99,Gyroscope,0.036987893,-0.03139236,-0.045857653,1550002864329
3259,99,Accelerometer,2.895787,0.26815059999999996,8.839393,1550002864330
3260,99,Gyroscope,-0.049144104,0.008313879,-0.09900293,1550002864339
3261,99,Accelerometer,1.2557588,1.3958195,9.136273,1550002864339
3262,99,Gyroscope,-0.023487763,0.034581087999999996,-0.06662707,1550002864349
3263,99,Accelerometer,1.8327613999999999,2.067393,11.5316725,1550002864350
3264,99,Gyroscope,-0.00027488545,-0.010622941,-0.039749,1550002864359
3265,99,Accelerometer,1.4808137,1.2892777,10.581175,1550002864360
3266,99,Gyroscope,-0.024709495,-0.05277264,-0.07212486,1550002864369
3267,99,Accelerometer,0.35673606,1.7190368000000003,10.388441,1550002864370
3268,99,Gyroscope,0.018661937,-0.07659639,-0.04891198,1550002864379
3269,99,Accelerometer,1.2497733,1.7393875,8.957906,1550002864380
3270,99,Gyroscope,-0.0076052677,-0.06621168,-0.0140926605,1550002864390
3271,99,Accelerometer,0.5602431999999999,2.3798366,9.165004,1550002864390
3272,99,Gyroscope,-0.0063835381999999994,-0.042387932999999996,-0.020812178,1550002864399
3273,99,Accelerometer,0.39624038,1.8136078000000002,10.759542,1550002864400
3274,99,Gyroscope,0.04370741,-0.05277264,0.0005681054,1550002864409
3275,99,Accelerometer,0.9756372,1.578976,9.980229,1550002864409
3276,99,Gyroscope,0.019883668,-0.06743341,0.024391849,1550002864420
3277,99,Accelerometer,0.6344634,2.0482395,8.996213000000001,1550002864420
3278,99,Gyroscope,0.030879242,-0.061935622,0.026224446000000002,1550002864429
3279,99,Accelerometer,1.2617443000000002,1.0929531000000001,8.841787,1550002864430
3280,99,Gyroscope,0.06203337,-0.041777067,0.05371338,1550002864439
3281,99,Accelerometer,1.8986019,1.3742718,8.90643,1550002864439
3282,99,Gyroscope,0.016218476000000003,-0.010012077,0.087921835,1550002864450
3283,99,Accelerometer,2.4779987,1.7585411,9.260772,1550002864450
3284,99,Gyroscope,0.03393357,-0.034446687000000004,0.09464135,1550002864459
3285,99,Accelerometer,2.6048915,1.1420341999999999,9.41041,1550002864460
3286,99,Gyroscope,0.04554001,0.0009834989999999999,0.10502606,1550002864469
3287,99,Accelerometer,2.1811178,0.7649474,7.983465700000001,1550002864469
3288,99,Gyroscope,-0.06502659599999999,0.102997996,0.07387193,1550002864479
3289,99,Accelerometer,0.94930094,0.5722142,9.057265,1550002864480
3290,99,Gyroscope,-0.088239476,0.04435493,0.044550404,1550002864489
3291,99,Accelerometer,1.0462662,0.9696517,13.372813,1550002864490
3292,99,Gyroscope,0.100517884,-0.066822544,0.019504927,1550002864499
3293,99,Accelerometer,1.8052281000000003,0.44532153,10.164583,1550002864500
3294,99,Gyroscope,0.013775015,-0.024061977999999998,0.079369724,1550002864509
3295,99,Accelerometer,-0.23343466,1.4089876000000001,9.216479,1550002864509
3296,99,Gyroscope,-0.02409863,0.013811666499999998,0.08364577599999999,1550002864519
3297,99,Accelerometer,0.6751649000000001,0.10654198,9.8677025,1550002864520
3298,99,Gyroscope,0.08097019,-0.020396786,0.08303491,1550002864530
3299,99,Accelerometer,1.2844891999999999,2.0290859,10.710462,1550002864530
3300,99,Gyroscope,-0.0027183462,-0.03750101,0.105636925,1550002864539
3301,99,Accelerometer,0.6655880999999999,0.93134445,9.722853,1550002864540
3302,99,Gyroscope,0.018661937,-0.09003542,0.08731097,1550002864549
3303,99,Accelerometer,1.0271125,0.80804306,10.278308,1550002864550
3304,99,Gyroscope,0.058979042,-0.12485474,0.06531982,1550002864559
3305,99,Accelerometer,2.2170308,1.3838485,10.040085000000001,1550002864559
3306,99,Gyroscope,0.033322702999999995,-0.06621168,0.068985015,1550002864569
3307,99,Accelerometer,1.7741034,-0.44651863,8.230068,1550002864570
3308,99,Gyroscope,-0.03203988,-0.017953325,0.021337522,1550002864580
3309,99,Accelerometer,-0.25139117,0.3172317,9.427169000000001,1550002864580
3310,99,Gyroscope,-0.013103055,-0.047274857999999996,-0.058685824000000004,1550002864589
3311,99,Accelerometer,1.4544774999999999,0.9636662,10.572795,1550002864590
3312,99,Gyroscope,0.049816065,-0.066822544,-0.07029226400000001,1550002864599
3313,99,Accelerometer,0.18794483,0.60693014,9.3661175,1550002864600
3314,99,Gyroscope,-0.044868045,-0.03139236,-0.066016205,1550002864609
3315,99,Accelerometer,0.25019407,0.8559271,9.0237465,1550002864609
3316,99,Gyroscope,-0.0063835381999999994,-0.03139236,-0.081898704,1550002864620
3317,99,Accelerometer,0.70509243,1.30484,9.266758,1550002864620
3318,99,Gyroscope,0.006444632,0.0022052303,-0.043414194,1550002864629
3319,99,Accelerometer,0.42018240000000007,1.3826513999999999,9.461885,1550002864630
3320,99,Gyroscope,-0.035705067,-0.0032925587,-0.055631495999999996,1550002864639
3321,99,Accelerometer,0.7577648,1.5107412,9.7863,1550002864639
3322,99,Gyroscope,-0.03814853,-0.009401211500000001,-0.047079384,1550002864650
3323,99,Accelerometer,1.1468226000000001,1.3180081,10.201694,1550002864650
3324,99,Gyroscope,-0.021044305,-0.025283707000000002,-0.059907555999999994,1550002864659
3325,99,Accelerometer,1.0115502,1.2306197,9.799467,1550002864660
3326,99,Gyroscope,-0.038759395,-0.027727167999999996,-0.062351014,1550002864669
3327,99,Accelerometer,0.94211835,1.258153,9.337387,1550002864670
3328,99,Gyroscope,-0.025931226,-0.028338033999999998,-0.06662707,1550002864679
3329,99,Accelerometer,1.0115502,1.1145009,10.135853,1550002864679
3330,99,Gyroscope,0.032711837,-0.047885723,-0.058685824000000004,1550002864690
3331,99,Accelerometer,0.82121116,1.1073183000000002,9.91798,1550002864690
3332,99,Gyroscope,-0.0045509413,-0.04055534,-0.05624236,1550002864699
3333,99,Accelerometer,0.6859388000000001,1.328782,9.81503,1550002864700
3334,99,Gyroscope,-0.02409863,-0.059492163,-0.039749,1550002864709
3335,99,Accelerometer,0.6943185000000001,1.2018893,10.189722,1550002864710
3336,99,Gyroscope,0.052259527,-0.07537466,-0.04769025,1550002864719
3337,99,Accelerometer,0.92296475,1.4377182,9.1829605,1550002864719
3338,99,Gyroscope,0.0052229017,-0.04605312599999999,-0.027531696,1550002864730
3339,99,Accelerometer,0.5398925,2.0087352,9.76116,1550002864730
3340,99,Gyroscope,-0.035705067,-0.0075686146,-0.036694676,1550002864739
3341,99,Accelerometer,0.005985504,1.1204863999999999,10.111911,1550002864740
3342,99,Gyroscope,0.016218476000000003,-0.021618515,-0.029364292,1550002864749
3343,99,Accelerometer,0.4429273,1.8423381999999997,10.781089999999999,1550002864750
3344,99,Gyroscope,0.0052229017,-0.05216177599999999,-0.0067622773,1550002864759
3345,99,Accelerometer,0.7218518,0.78050977,9.153033,1550002864760
3346,99,Gyroscope,-0.011881325,-0.027116302000000002,-0.037916407,1550002864769
3347,99,Accelerometer,0.5363011999999999,1.7034745,8.944737,1550002864769
3348,99,Gyroscope,-0.022266036,0.009535611,-0.008594873000000001,1550002864780
3349,99,Accelerometer,0.51595044,1.3132197,8.647857,1550002864780
3350,99,Gyroscope,0.022327128999999998,0.008924745,-0.009816604,1550002864789
3351,99,Accelerometer,0.7146691999999999,0.61052144,7.253234,1550002864790
3352,99,Gyroscope,-0.07174612,0.07917425,-0.031196889,1550002864799
3353,99,Accelerometer,-0.25378537,1.8854338,9.961076,1550002864800
3354,99,Gyroscope,-0.04853324,0.09811107,-0.015925256999999998,1550002864809
3355,99,Accelerometer,0.3196259,1.0307038,12.808978999999999,1550002864809
3356,99,Gyroscope,-0.024709495,-0.004514288,-0.014703525,1550002864819
3357,99,Accelerometer,0.8810662,0.17118542,10.155006,1550002864820
3358,99,Gyroscope,0.03882049,-0.00084909797,-0.020201313999999998,1550002864830
3359,99,Accelerometer,1.8782511999999998,1.8758569999999999,9.363723,1550002864830
3360,99,Gyroscope,-0.010659594,0.023585513,0.039052617000000005,1550002864839
3361,99,Accelerometer,1.9812019,1.6962918999999999,8.872911,1550002864840
3362,99,Gyroscope,-0.0076052677,0.010146476,0.034776557,1550002864849
3363,99,Accelerometer,0.81522566,1.1599906999999998,10.152613,1550002864850
3364,99,Gyroscope,0.03210097,-0.032003224,0.02317012,1550002864859
3365,99,Accelerometer,1.1599906999999998,0.94451255,10.254366000000001,1550002864859
3366,99,Gyroscope,0.027824916,-0.057048699999999994,0.06837415,1550002864870
3367,99,Accelerometer,1.8076223000000002,0.9911995000000001,9.678560000000001,1550002864870
3368,99,Gyroscope,-0.0033292117999999997,-0.053994372,0.062265493,1550002864879
3369,99,Accelerometer,0.89064306,0.62129533,9.825804,1550002864880
3370,99,Gyroscope,0.012553285,-0.022840247,-0.008594873000000001,1550002864889
3371,99,Accelerometer,0.33877954,1.0989386,10.534488,1550002864890
3372,99,Gyroscope,0.051037795999999996,0.0058704205,-0.027531696,1550002864899
3373,99,Accelerometer,0.6380547,1.5538370000000001,10.629059,1550002864899
3374,99,Gyroscope,-0.043646313,-0.047885723,0.0030115664,1550002864909
3375,99,Accelerometer,-0.5662286999999999,0.80205756,10.041282,1550002864910
3376,99,Gyroscope,0.043096546,-0.023451112000000003,-0.025699101000000002,1550002864920
3377,99,Accelerometer,0.093373865,1.2473791,9.339781,1550002864920
3378,99,Gyroscope,0.0052229017,-0.013066402,-0.018979583,1550002864929
3379,99,Accelerometer,0.7026982,1.8016368000000003,8.549694,1550002864930
3380,99,Gyroscope,0.04187482,0.0022052303,0.05371338,1550002864939
3381,99,Accelerometer,-0.35194764,2.12246,10.15381,1550002864940
3382,99,Gyroscope,0.065698564,0.03580282,0.05737857,1550002864949
3383,99,Accelerometer,0.5662286999999999,0.94451255,8.902839,1550002864949
3384,99,Gyroscope,-0.0014966168,0.056572236,0.04882646,1550002864959
3385,99,Accelerometer,0.19632454,1.7705121,9.66659,1550002864960
3386,99,Gyroscope,0.026603185,0.052907042,0.049437325,1550002864969
3387,99,Accelerometer,0.581791,0.6991069000000001,10.04607,1550002864970
3388,99,Gyroscope,0.035766162000000004,0.048020124000000004,0.02805704,1550002864979
3389,99,Accelerometer,0.7721300999999999,1.0199299000000002,9.180567,1550002864980
3390,99,Gyroscope,-0.03387247,0.05962656400000001,0.031722232999999996,1550002864989
3391,99,Accelerometer,0.33159694,1.4951789,9.583989,1550002864990
3392,99,Gyroscope,-0.0076052677,0.04007887,0.021337522,1550002864999
3393,99,Accelerometer,0.4345476,1.1109096,10.439917,1550002864999
3394,99,Gyroscope,0.02477059,0.033970222,0.029889636,1550002865010
3395,99,Accelerometer,-0.06823475,1.1971009,10.067618,1550002865010
3396,99,Gyroscope,-0.022266036,0.057793967,0.022559252999999998,1550002865019
3397,99,Accelerometer,-0.049081136,1.1755531000000001,9.176975,1550002865020
3398,99,Gyroscope,0.0027794409999999997,0.06634608,0.031111367,1550002865029
3399,99,Accelerometer,-0.32680854,1.5083469999999999,10.170568,1550002865030
3400,99,Gyroscope,0.026603185,0.051074445,0.05126992,1550002865039
3401,99,Accelerometer,-0.4369418,1.0809821000000002,10.043676,1550002865039
3402,99,Gyroscope,0.0033903066,0.052907042,0.05921117,1550002865049
3403,99,Accelerometer,0.08140286,0.6823475,9.713275999999999,1550002865050
3404,99,Gyroscope,0.030268377000000003,0.04985272,0.03844175,1550002865060
3405,99,Accelerometer,0.42018240000000007,0.5554548,9.722853,1550002865060
3406,99,Gyroscope,0.014385881000000001,0.041911468,0.007898489,1550002865069
3407,99,Accelerometer,0.23582886,0.5770026,9.944317,1550002865069
3408,99,Gyroscope,-0.0008857511,0.018087726000000002,-0.011649198999999999,1550002865079
3409,99,Accelerometer,-0.051475335,-0.41060558,10.116699,1550002865080
3410,99,Gyroscope,0.022937994,-0.008790346,-0.074568324,1550002865089
3411,99,Accelerometer,0.12928689,0.28371290000000005,10.427945,1550002865090
3412,99,Gyroscope,-0.0021074805,0.011979073,-0.10266812,1550002865099
3413,99,Accelerometer,0.90859956,-0.40581718,9.1350765,1550002865100
3414,99,Gyroscope,-0.02409863,0.0015943646,-0.10999849999999999,1550002865109
3415,99,Accelerometer,1.4449007999999999,0.60453594,10.229227,1550002865109
3416,99,Gyroscope,0.0052229017,-0.005125154,-0.13687657,1550002865119
3417,99,Accelerometer,1.8040310000000002,0.6835446,9.757569,1550002865120
3418,99,Gyroscope,-0.041202857999999995,-0.013066402,-0.12832445,1550002865129
3419,99,Accelerometer,1.2892777,0.8535328999999999,9.7563715,1550002865130
3420,99,Gyroscope,-0.01127046,-0.03139236,-0.12954618,1550002865139
3421,99,Accelerometer,1.1851299,0.8846575000000001,9.127894,1550002865140
3422,99,Gyroscope,-0.014935651999999999,-0.02100765,-0.11122023,1550002865149
3423,99,Accelerometer,1.1611878,0.5578489999999999,7.4842744,1550002865149
3424,99,Gyroscope,-0.035705067,0.01747686,-0.11732889,1550002865159
3425,99,Accelerometer,0.7529764,0.9947908000000001,7.941567,1550002865159
3426,99,Gyroscope,-0.10656543,0.11277183,-0.15275906,1550002865170
3427,99,Accelerometer,-0.34835634,2.8502972,12.713211,1550002865170
3428,99,Gyroscope,-0.029596416,0.01747686,-0.13626571,1550002865179
3429,99,Accelerometer,0.58897364,0.027533319,9.566033000000001,1550002865180
3430,99,Gyroscope,-0.0014966168,-0.01734246,-0.09594861,1550002865189
3431,99,Accelerometer,1.4700398000000001,2.5809495,10.120291,1550002865190
3432,99,Gyroscope,-0.0039400775,0.036413684,-0.11122023,1550002865199
3433,99,Accelerometer,0.40821138,0.7649474,9.7863,1550002865199
3434,99,Gyroscope,-0.04975497,0.03274849,-0.11060937,1550002865209
3435,99,Accelerometer,1.4460978999999998,2.7485435000000003,10.490194,1550002865210
3436,99,Gyroscope,-0.03203988,0.009535611,-0.062351014,1550002865220
3437,99,Accelerometer,2.6874914,1.3036428999999998,10.637438000000001,1550002865220
3438,99,Gyroscope,-0.06869179,-0.027727167999999996,-0.10877677,1550002865229
3439,99,Accelerometer,1.6053122,1.3503298000000001,11.101913,1550002865230
3440,99,Gyroscope,0.022327128999999998,-0.06498995,-0.11488543,1550002865239
3441,99,Accelerometer,2.2122424,0.59376204,10.456676,1550002865239
3442,99,Gyroscope,0.041263953,-0.08820283,-0.10083552400000001,1550002865249
3443,99,Accelerometer,2.9532477999999998,1.0402806,9.76116,1550002865250
3444,99,Gyroscope,0.04004222,-0.08331591,-0.083120435,1550002865260
3445,99,Accelerometer,1.7681179,1.4137761999999998,10.86369,1550002865260
3446,99,Gyroscope,0.09685269,-0.09553321,-0.07334659,1550002865269
3447,99,Accelerometer,1.3335704,1.1492168,9.770736999999999,1550002865270
3448,99,Gyroscope,0.035766162000000004,-0.09614408,-0.049522847,1550002865279
3449,99,Accelerometer,0.9864110999999999,1.7118542,9.076419,1550002865280
3450,99,Gyroscope,0.012553285,-0.06865514,-0.061129287000000004,1550002865289
3451,99,Accelerometer,0.81402856,1.1599906999999998,9.466674000000001,1550002865290
3452,99,Gyroscope,0.049816065,-0.025894572999999997,-0.07090313,1550002865299
3453,99,Accelerometer,0.005985504,1.3084313,8.637083,1550002865300
3454,99,Gyroscope,-0.038759395,0.0009834989999999999,-0.08006611,1550002865309
3455,99,Accelerometer,-0.9935937,1.4197617,8.772355000000001,1550002865310
3456,99,Gyroscope,0.017440207,0.018087726000000002,-0.04280333,1550002865319
3457,99,Accelerometer,-0.12210429,1.0773908,9.946711,1550002865320
3458,99,Gyroscope,0.052259527,0.030305027999999998,-0.029364292,1550002865329
3459,99,Accelerometer,-0.05267244,1.270124,8.694544,1550002865329
3460,99,Gyroscope,-0.037537664,0.08406117,-0.007373143,1550002865340
3461,99,Accelerometer,0.5279215,1.6136919,8.682572,1550002865340
3462,99,Gyroscope,-0.041813724,0.09566761,0.021948388,1550002865350
3463,99,Accelerometer,1.7956512999999998,1.4496891,10.375273,1550002865350
3464,99,Gyroscope,-0.0027183462,0.066956945,0.02317012,1550002865359
3465,99,Accelerometer,2.079364,1.0378863999999999,10.295067,1550002865360
3466,99,Gyroscope,-0.07052439,0.0431332,0.0127854105,1550002865369
3467,99,Accelerometer,3.1172507,1.2785037000000001,10.038888,1550002865370
3468,99,Gyroscope,0.0033903066,-0.010012077,0.02805704,1550002865379
3469,99,Accelerometer,3.0418332,1.1025299,10.965444,1550002865379
3470,99,Gyroscope,0.0076663624,-0.038111877,0.036609154,1550002865389
3471,99,Accelerometer,2.9340942,1.067814,10.194510000000001,1550002865389
3472,99,Gyroscope,0.0027794409999999997,-0.058270432000000004,0.05737857,1550002865400
3473,99,Accelerometer,2.5605986,1.22224,9.951499,1550002865400
3474,99,Gyroscope,0.047983468,-0.08575937,0.06287636,1550002865409
3475,99,Accelerometer,2.4384943999999997,0.80684596,10.500969,1550002865410
3476,99,Gyroscope,0.04554001,-0.08087245,0.026224446000000002,1550002865419
3477,99,Accelerometer,1.8890251,1.4508862,9.631872999999999,1550002865420
3478,99,Gyroscope,-0.0063835381999999994,-0.09003542,0.045161266,1550002865429
3479,99,Accelerometer,0.49559975,1.2473791,10.194510000000001,1550002865430
3480,99,Gyroscope,0.05470299,-0.12607647,0.0127854105,1550002865439
3481,99,Accelerometer,0.2825158,0.7457938000000001,10.681731,1550002865439
3482,99,Gyroscope,0.07730500400000001,-0.12668735,0.0017898360000000002,1550002865449
3483,99,Accelerometer,0.2885013,0.8738836,9.024942999999999,1550002865450
3484,99,Gyroscope,0.03210097,-0.07354206,0.0048441626,1550002865460
3485,99,Accelerometer,-0.08020575,0.91937345,8.453926,1550002865460
3486,99,Gyroscope,0.058979042,-0.01856419,-0.008594873000000001,1550002865469
3487,99,Accelerometer,-0.47524905,0.79966336,8.801085,1550002865470
3488,99,Gyroscope,0.014385881000000001,0.01625513,-0.02203391,1550002865479
3489,99,Accelerometer,-0.48961425,0.8403648000000001,9.52174,1550002865480
3490,99,Gyroscope,-0.0021074805,0.0015943646,-0.033640347,1550002865489
3491,99,Accelerometer,-0.01436521,0.7086836999999999,10.011353999999999,1550002865489
3492,99,Gyroscope,-0.07602217,-0.00817948,-0.061129287000000004,1550002865499
3493,99,Accelerometer,0.035913024,2.328361,14.113819,1550002865499
3494,99,Gyroscope,-0.14321736,0.013200805,-0.05257717,1550002865510
3495,99,Accelerometer,-0.6404489000000001,-0.1604115,12.312182,1550002865510
3496,99,Gyroscope,-0.11267409,-0.13096339,-0.067237936,1550002865520
3497,99,Accelerometer,0.37708676,2.2134395000000002,13.133393,1550002865520
3498,99,Gyroscope,0.09685269,-0.19449338,-0.10511158400000001,1550002865529
3499,99,Accelerometer,3.6631286,0.80086046,8.631097,1550002865529
3500,99,Gyroscope,-0.041813724,-0.110193975,-0.059907555999999994,1550002865539
3501,99,Accelerometer,2.2828712,1.3503298000000001,6.048950700000001,1550002865540
3502,99,Gyroscope,-0.049144104,-0.06560081,-0.029364292,1550002865549
3503,99,Accelerometer,1.5310919,1.2270284,9.091981,1550002865550
3504,99,Gyroscope,0.12617421,-0.114470035,-0.023866504,1550002865559
3505,99,Accelerometer,1.7214310000000002,0.521936,9.703699,1550002865560
3506,99,Gyroscope,0.044929143,-0.14684589,-0.007373143,1550002865569
3507,99,Accelerometer,2.0913353,0.4189853,10.195708,1550002865569
3508,99,Gyroscope,-0.027152957000000002,-0.15967405,-0.033640347,1550002865579
3509,99,Accelerometer,1.5406688,1.1779473,9.369708000000001,1550002865579
3510,99,Gyroscope,-0.0137139205,-0.1150809,-0.09839206,1550002865590
3511,99,Accelerometer,0.18674773,1.1312603,8.730456,1550002865590
3512,99,Gyroscope,-0.029596416,-0.071098596,-0.11732889,1550002865599
3513,99,Accelerometer,0.11611878,0.664391,9.481038999999999,1550002865600
3514,99,Gyroscope,-0.027763822999999997,-0.059492163,-0.14665042,1550002865609
3515,99,Accelerometer,-1.210269,2.3439236,9.768343,1550002865610
3516,99,Gyroscope,-0.06624833,-0.012455538,-0.13870916,1550002865619
3517,99,Accelerometer,-1.2294226000000001,0.31364042,8.90643,1550002865620
3518,99,Gyroscope,-0.06563746,-0.0057360195,-0.13870916,1550002865629
3519,99,Accelerometer,-1.4999673,1.6017209,10.509348,1550002865629
3520,99,Gyroscope,-0.0137139205,-0.01734246,-0.10327899,1550002865640
3521,99,Accelerometer,-0.61650693,1.2078748,8.962694,1550002865640
3522,99,Gyroscope,-0.08946121,0.03580282,-0.10144639,1550002865649
3523,99,Accelerometer,0.5434838000000001,1.6747441000000003,8.801085,1550002865650
3524,99,Gyroscope,-0.05708535,0.02114205,-0.08678562,1550002865659
3525,99,Accelerometer,1.0199299000000002,1.5490485,9.460688000000001,1550002865660
3526,99,Gyroscope,-0.036315932999999995,0.010757342,-0.08128784,1550002865669
3527,99,Accelerometer,1.4616601,0.31244332,9.727641,1550002865670
3528,99,Gyroscope,-0.049144104,0.030305027999999998,-0.106333315,1550002865679
3529,99,Accelerometer,1.532289,0.7781156,9.895236,1550002865679
3530,99,Gyroscope,0.0015577096,0.01747686,-0.09655947,1550002865689
3531,99,Accelerometer,2.0458453000000003,0.9911995000000001,10.176555,1550002865690
3532,99,Gyroscope,-0.016768249,-0.006957751,-0.09839206,1550002865700
3533,99,Accelerometer,1.4760253,0.6380547,9.977836,1550002865700
3534,99,Gyroscope,-0.03937026,-0.019175055,-0.08678562,1550002865709
3535,99,Accelerometer,1.4532804,0.93732995,10.981005999999999,1550002865710
3536,99,Gyroscope,0.016218476000000003,-0.042998800000000004,-0.097781196,1550002865719
3537,99,Accelerometer,1.2449848999999997,0.7769185000000001,10.742783,1550002865720
3538,99,Gyroscope,-0.0045509413,-0.06621168,-0.08067697,1550002865729
3539,99,Accelerometer,1.0283096,1.0199299000000002,9.463082,1550002865729
3540,99,Gyroscope,-0.0063835381999999994,-0.06254649,-0.07823351,1550002865739
3541,99,Accelerometer,0.5374983,1.0857705,10.056845,1550002865739
3542,99,Gyroscope,-0.0039400775,-0.06926601,-0.06479447,1550002865750
3543,99,Accelerometer,0.90261406,0.80564886,9.838972,1550002865750
3544,99,Gyroscope,-0.009437865,-0.07415293,-0.07640091,1550002865759
3545,99,Accelerometer,0.6464345,1.3371617,9.813833,1550002865760
3546,99,Gyroscope,0.013775015,-0.08637023,-0.059907555999999994,1550002865769
3547,99,Accelerometer,0.6919243,0.60214174,9.329007,1550002865770
3548,99,Gyroscope,-0.036315932999999995,-0.059492163,-0.07029226400000001,1550002865779
3549,99,Accelerometer,0.47644615,0.80086046,9.65821,1550002865780
3550,99,Gyroscope,0.019883668,-0.036890145,-0.0678488,1550002865789
3551,99,Accelerometer,0.40701428,1.1671733999999998,10.047267,1550002865789
3552,99,Gyroscope,-0.0039400775,-0.036890145,-0.078844376,1550002865800
3553,99,Accelerometer,0.5279215,0.6895300999999999,9.651027000000001,1550002865800
3554,99,Gyroscope,-0.022266036,-0.042998800000000004,-0.07640091,1550002865809
3555,99,Accelerometer,0.7493850999999999,0.9959879,9.228451,1550002865810
3556,99,Gyroscope,0.00033598019999999995,-0.008790346,-0.059907555999999994,1550002865819
3557,99,Accelerometer,1.1192893,1.163582,9.084799,1550002865820
3558,99,Gyroscope,-0.032650746,-0.0039034244,-0.032418616000000004,1550002865829
3559,99,Accelerometer,0.35434186,0.8487445,9.296685,1550002865829
3560,99,Gyroscope,-0.03509419999999999,-0.013066402,-0.038527273,1550002865839
3561,99,Accelerometer,0.32441434,1.590947,10.336966,1550002865839
3562,99,Gyroscope,-0.023487763,-0.0014599635999999999,-0.05013371,1550002865850
3563,99,Accelerometer,1.0055646999999999,1.1348516000000002,8.945934,1550002865850
3564,99,Gyroscope,-0.088239476,0.004648689,-0.06540534,1550002865859
3565,99,Accelerometer,0.866701,2.2313959999999997,11.335348,1550002865860
3566,99,Gyroscope,0.016218476000000003,-0.00084909797,-0.023866504,1550002865869
3567,99,Accelerometer,-0.79008657,1.0642227,11.571177,1550002865870
3568,99,Gyroscope,-0.061972275,0.013811666499999998,-0.029975157000000002,1550002865879
3569,99,Accelerometer,0.2861071,1.0510546,11.584344999999999,1550002865880
3570,99,Gyroscope,0.040653087000000004,-0.071098596,-0.025088236,1550002865889
3571,99,Accelerometer,2.006341,1.6340426000000001,9.901221000000001,1550002865889
3572,99,Gyroscope,0.07791587,-0.04544226,-0.018368717,1550002865899
3573,99,Accelerometer,1.5837643999999997,2.0087352,7.6614455999999995,1550002865900
3574,99,Gyroscope,-0.096791595,0.014422532,0.015228872,1550002865910
3575,99,Accelerometer,0.6823475,1.1432313,8.440758,1550002865910
3576,99,Gyroscope,0.016218476000000003,-0.038722742000000004,0.028667906,1550002865919
3577,99,Accelerometer,0.51235914,0.5291186,10.693702,1550002865920
3578,99,Gyroscope,0.061422504,-0.063768215,-0.005540547,1550002865929
3579,99,Accelerometer,1.4796166000000002,0.94211835,10.324995,1550002865930
3580,99,Gyroscope,-0.058917947000000005,-0.042998800000000004,0.008509354,1550002865939
3581,99,Accelerometer,0.21547815,0.5291186,10.411186,1550002865940
3582,99,Gyroscope,-0.027152957000000002,0.0058704205,-0.067237936,1550002865949
3583,99,Accelerometer,0.5482722,-0.08379706,9.020155,1550002865949
3584,99,Gyroscope,-0.07541131,0.058404832999999996,-0.03302948,1550002865959
3585,99,Accelerometer,-1.578976,0.3890578,8.765172,1550002865960
3586,99,Gyroscope,-0.1108415,0.07795252,-0.17230675,1550002865970
3587,99,Accelerometer,-0.17956513,0.3184288,8.593987,1550002865970
3588,99,Gyroscope,-0.0027183462,0.041300602,-0.16314377,1550002865979
3589,99,Accelerometer,-0.37229836,1.9572599,10.220847000000001,1550002865980
3590,99,Gyroscope,-0.06258314,0.09261329,-0.11732889,1550002865989
3591,99,Accelerometer,-0.79128367,-0.40581718,8.911219000000001,1550002865990
3592,99,Gyroscope,-0.03509419999999999,0.08161771,-0.09717034,1550002865999
3593,99,Accelerometer,-0.78170687,1.3359646,9.884461,1550002866000
3594,99,Gyroscope,0.006444632,0.07367646,-0.11183110000000002,1550002866009
3595,99,Accelerometer,1.0893618,1.0390834999999998,10.263943,1550002866009
3596,99,Gyroscope,-0.03203988,0.056572236,-0.077622645,1550002866020
3597,99,Accelerometer,0.78050977,1.0462662,9.937134,1550002866020
3598,99,Gyroscope,-0.017989976,0.042522334,-0.08800735,1550002866029
3599,99,Accelerometer,1.590947,1.2557588,10.435128,1550002866030
3600,99,Gyroscope,-0.0021074805,0.015644263000000002,-0.10083552400000001,1550002866039
3601,99,Accelerometer,1.1887212,0.61890113,9.728839,1550002866039
3602,99,Gyroscope,-0.008826999,-0.0075686146,-0.08495303,1550002866049
3603,99,Accelerometer,1.0606314,0.6667852,10.224439,1550002866050
3604,99,Gyroscope,0.026603185,-0.024061977999999998,-0.09961379,1550002866059
3605,99,Accelerometer,0.82480246,0.7182605,9.902417999999999,1550002866060
3606,99,Gyroscope,0.004612036,-0.025283707000000002,-0.094726875,1550002866069
3607,99,Accelerometer,0.6488286999999999,0.8379706,9.986216,1550002866070
3608,99,Gyroscope,-0.017989976,-0.025283707000000002,-0.12282667,1550002866079
3609,99,Accelerometer,-0.16400282,0.8367735000000001,10.360908,1550002866079
3610,99,Gyroscope,0.0113315545,-0.028948900000000003,-0.13565484,1550002866089
3611,99,Accelerometer,-0.089782566,1.4377182,10.359711,1550002866089
3612,99,Gyroscope,-0.0076052677,-0.026505437000000003,-0.116718024,1550002866100
3613,99,Accelerometer,0.49559975,1.4891934,9.821015,1550002866100
3614,99,Gyroscope,-0.012492188999999999,-0.030781494,-0.08678562,1550002866109
3615,99,Accelerometer,0.78769237,1.6603789,9.835381,1550002866110
3616,99,Gyroscope,0.027824916,-0.030781494,-0.055020634000000006,1550002866119
3617,99,Accelerometer,1.3120226000000001,1.2773066000000002,9.606734,1550002866120
3618,99,Gyroscope,0.008888093,-0.04544226,-0.028753427999999998,1550002866129
3619,99,Accelerometer,2.6491842,1.7681179,9.454702000000001,1550002866130
3620,99,Gyroscope,0.04004222,-0.059492163,-0.009816604,1550002866139
3621,99,Accelerometer,2.8850130000000003,1.958457,9.603143,1550002866139
3622,99,Gyroscope,-0.021044305,-0.055216104,0.0005681054,1550002866150
3623,99,Accelerometer,2.2050598,0.13168110000000002,9.81503,1550002866150
3624,99,Gyroscope,-0.0063835381999999994,-0.06315735,0.0048441626,1550002866159
3625,99,Accelerometer,1.9680338,-0.47764325,11.09114,1550002866160
3626,99,Gyroscope,0.08524625,-0.08209418,-0.017757852,1550002866169
3627,99,Accelerometer,1.5155296,-0.39983168,9.773131,1550002866170
3628,99,Gyroscope,0.013775015,-0.068044275,-0.09839206,1550002866179
3629,99,Accelerometer,0.8367735000000001,1.0127473,8.263587,1550002866180
3630,99,Gyroscope,-0.04242459,-0.033224955,-0.13137878,1550002866189
3631,99,Accelerometer,0.10295067,1.1252748,8.383297,1550002866189
3632,99,Gyroscope,-0.022266036,0.0058704205,-0.13626571,1550002866199
3633,99,Accelerometer,-0.25258827,2.0709844,9.002198,1550002866200
3634,99,Gyroscope,-0.023487763,0.046798393,-0.10022466,1550002866210
3635,99,Accelerometer,-0.49559975,1.3108255,9.652225,1550002866210
3636,99,Gyroscope,-0.008216133,0.044965795999999995,-0.06174015,1550002866219
3637,99,Accelerometer,0.046686932,1.4580688,10.195708,1550002866220
3638,99,Gyroscope,0.05348126,0.039468005,-0.034251212999999996,1550002866229
3639,99,Accelerometer,0.8631097,1.7992426,9.283517,1550002866230
3640,99,Gyroscope,-0.0014966168,0.08222858,-0.0030970859999999998,1550002866239
3641,99,Accelerometer,1.5693992,1.2413936,9.247603999999999,1550002866240
3642,99,Gyroscope,-0.03814853,0.098721944,-0.014703525,1550002866249
3643,99,Accelerometer,1.7729063000000003,1.3587095,10.998961999999999,1550002866249
3644,99,Gyroscope,0.02354886,0.04863099,-0.028753427999999998,1550002866260
3645,99,Accelerometer,2.6791117,0.16759412,9.873688000000001,1550002866260
3646,99,Gyroscope,-0.019211708,0.03702455,-0.053188037,1550002866269
3647,99,Accelerometer,2.9376855,0.6572084,10.125079,1550002866270
3648,99,Gyroscope,-0.072356984,0.06451348,-0.09533774,1550002866279
3649,99,Accelerometer,2.1296425,0.37110126,12.000936,1550002866280
3650,99,Gyroscope,-0.15848899,-0.046663992,-0.11305283,1550002866289
3651,99,Accelerometer,2.0649989,1.7441759,13.895946499999999,1550002866290
3652,99,Gyroscope,-0.044868045,-0.1413481,-0.08739649,1550002866299
3653,99,Accelerometer,3.2788591,-1.1013328000000002,9.479841,1550002866299
3654,99,Gyroscope,-0.032650746,-0.07903985,-0.08800735,1550002866310
3655,99,Accelerometer,1.411382,2.088941,7.1502833,1550002866310
3656,99,Gyroscope,-0.16032158,0.006481286,-0.08128784,1550002866319
3657,99,Accelerometer,1.4437037,0.92176765,7.5213847000000005,1550002866320
3658,99,Gyroscope,0.018051071000000002,-0.036279282999999996,-0.053188037,1550002866329
3659,99,Accelerometer,1.1839328000000002,0.7613561,10.736797,1550002866330
3660,99,Gyroscope,0.018051071000000002,-0.057048699999999994,-0.0837313,1550002866339
3661,99,Accelerometer,0.90859956,0.7517793,10.116699,1550002866340
3662,99,Gyroscope,-0.052198432,-0.029559765,-0.11183110000000002,1550002866349
3663,99,Accelerometer,0.79128367,0.19512744,8.304289,1550002866349
3664,99,Gyroscope,-0.036315932999999995,0.007092151999999999,-0.12771359,1550002866359
3665,99,Accelerometer,0.49320555,1.0426749,9.249998,1550002866360
3666,99,Gyroscope,-0.0063835381999999994,0.027250702999999998,-0.11916149,1550002866369
3667,99,Accelerometer,-0.14844051,0.18674773,8.479065,1550002866370
3668,99,Gyroscope,-0.03509419999999999,0.07734165,-0.15398079,1550002866379
3669,99,Accelerometer,0.48961425,1.2641385,9.13388,1550002866380
3670,99,Gyroscope,-0.0039400775,0.09627848,-0.125881,1550002866389
3671,99,Accelerometer,0.0023942017,1.6747441000000003,9.356541,1550002866390
3672,99,Gyroscope,-0.02165517,0.11582617,-0.11305283,1550002866399
3673,99,Accelerometer,0.017956512,1.6699557,9.361329,1550002866399
3674,99,Gyroscope,-0.054031022000000005,0.12987608,-0.10327899,1550002866409
3675,99,Accelerometer,0.5363011999999999,1.472434,9.469068,1550002866409
3676,99,Gyroscope,-0.037537664,0.102997996,-0.10572245,1550002866420
3677,99,Accelerometer,1.1994951,1.9859903,10.356119,1550002866420
3678,99,Gyroscope,-0.021044305,0.07245473,-0.10327899,1550002866429
3679,99,Accelerometer,2.088941,1.5023615,10.479421,1550002866430
3680,99,Gyroscope,-0.022876898,0.041911468,-0.06907053,1550002866439
3681,99,Accelerometer,1.8914193,1.7070657999999999,10.149021000000001,1550002866440
3682,99,Gyroscope,0.01560761,0.014422532,-0.06479447,1550002866449
3683,99,Accelerometer,2.4732103,1.4616601,9.92636,1550002866450
3684,99,Gyroscope,0.0015577096,0.006481286,-0.04891198,1550002866459
3685,99,Accelerometer,3.4979286,1.5083469999999999,9.354146,1550002866459
3686,99,Gyroscope,0.013775015,-0.017953325,-0.012260064499999999,1550002866469
3687,99,Accelerometer,2.730587,1.2916718999999999,9.713275999999999,1550002866470
3688,99,Gyroscope,0.06386597,-0.017953325,0.009120219,1550002866480
3689,99,Accelerometer,1.9668366999999998,1.3060371000000002,10.358514,1550002866480
3690,99,Gyroscope,0.0632551,-0.057048699999999994,-0.008594873000000001,1550002866489
3691,99,Accelerometer,1.4891934,0.93134445,9.490616000000001,1550002866490
3692,99,Gyroscope,0.09257663,-0.04605312599999999,0.029889636,1550002866499
3693,99,Accelerometer,0.4441244000000001,1.1085154,8.987833,1550002866500
3694,99,Gyroscope,0.0015577096,-0.01734246,0.045161266,1550002866509
3695,99,Accelerometer,0.6368576,0.89902276,9.878476,1550002866510
3696,99,Gyroscope,0.055924714,-0.011844671999999999,0.05249165,1550002866519
3697,99,Accelerometer,0.20111294,1.2258313,9.797073,1550002866519
3698,99,Gyroscope,0.018661937,0.02114205,0.031722232999999996,1550002866529
3699,99,Accelerometer,-0.42736499999999994,0.40701428,8.979453,1550002866530
3700,99,Gyroscope,0.018661937,0.040689737000000004,0.034776557,1550002866539
3701,99,Accelerometer,-0.023942016,1.1827357,9.43914,1550002866540
3702,99,Gyroscope,0.021716263,0.07550906,0.04577213,1550002866549
3703,99,Accelerometer,0.33518824,1.2246342,9.910798,1550002866550
3704,99,Gyroscope,-0.0137139205,0.08039598,0.03966348,1550002866559
3705,99,Accelerometer,0.5602431999999999,1.0151415000000001,10.358514,1550002866559
3706,99,Gyroscope,0.012553285,0.06451348,0.025002714,1550002866569
3707,99,Accelerometer,0.6811504,0.7338228,10.979809,1550002866570
3708,99,Gyroscope,0.032711837,0.023585513,0.03722002,1550002866579
3709,99,Accelerometer,1.8902221999999997,1.1851299,10.426748,1550002866580
3710,99,Gyroscope,0.021716263,-0.011233807,0.032943964,1550002866589
3711,99,Accelerometer,1.7262194,0.89303726,9.387665,1550002866590
3712,99,Gyroscope,0.010109824,-0.012455538,0.017672332,1550002866599
3713,99,Accelerometer,1.614889,1.2006921999999998,9.520543,1550002866600
3714,99,Gyroscope,0.0021685753,0.00037263334000000003,0.03355483,1550002866609
3715,99,Accelerometer,2.0362685000000003,0.8690952,9.048885,1550002866609
3716,99,Gyroscope,-0.03387247,-0.02222938,0.021337522,1550002866620
3717,99,Accelerometer,1.4221559,1.1971009,9.2308445,1550002866620
3718,99,Gyroscope,-0.043035455,-0.02222938,0.009120219,1550002866630
3719,99,Accelerometer,1.1372458,0.3172317,9.174581,1550002866630
3720,99,Gyroscope,-0.068080924,-0.00084909797,-0.04646852,1550002866639
3721,99,Accelerometer,-0.035913024,2.469619,10.579977,1550002866640
3722,99,Gyroscope,0.0650877,-0.043609664000000006,-0.0018753556,1550002866649
3723,99,Accelerometer,0.91697925,0.8810662,8.971074,1550002866650
3724,99,Gyroscope,0.0632551,-0.05582697,-0.018979583,1550002866659
3725,99,Accelerometer,0.41060558,0.5243302,7.339425,1550002866659
3726,99,Gyroscope,0.055924714,0.05962656400000001,-0.018979583,1550002866669
3727,99,Accelerometer,1.3670892,3.513491,8.965088,1550002866669
3728,99,Gyroscope,-0.02409863,0.12132395,0.075093664,1550002866680
3729,99,Accelerometer,0.5482722,1.1049241,9.931149000000001,1550002866680
3730,99,Gyroscope,-0.07846563,0.0993328,0.015228872,1550002866689
3731,99,Accelerometer,-0.6907272,1.328782,13.200431,1550002866690
3732,99,Gyroscope,0.07852673,-0.011233807,0.0005681054,1550002866699
3733,99,Accelerometer,1.7980455000000002,0.8655039000000001,10.395624,1550002866700
3734,99,Gyroscope,0.0094989585,0.0028160921999999997,0.009120219,1550002866709
3735,99,Accelerometer,1.472434,1.6962918999999999,8.829816000000001,1550002866710
3736,99,Gyroscope,-0.09434813,0.039468005,-0.007984008,1550002866719
3737,99,Accelerometer,0.059855044,1.3826513999999999,10.433931,1550002866719
3738,99,Gyroscope,0.034544434,0.007092151999999999,-0.020201313999999998,1550002866729
3739,99,Accelerometer,0.7637503000000001,1.5622166000000002,10.9187565,1550002866729
3740,99,Gyroscope,-0.01737911,-0.006957751,-0.022644775,1550002866740
3741,99,Accelerometer,0.91338795,-0.034715924,9.070433,1550002866740
3742,99,Gyroscope,0.022327128999999998,-0.006346885,-0.033640347,1550002866749
3743,99,Accelerometer,0.44532153,0.5758055000000001,10.010158,1550002866750
3744,99,Gyroscope,-0.005161807,0.018087726000000002,-0.03486208,1550002866759
3745,99,Accelerometer,0.7685388000000001,-0.01316811,9.194932000000001,1550002866760
3746,99,Gyroscope,-0.043646313,0.02786157,-0.08434217,1550002866769
3747,99,Accelerometer,0.51116204,0.7517793,8.783128999999999,1550002866770
3748,99,Gyroscope,0.0058337674,0.011979073,-0.077622645,1550002866779
3749,99,Accelerometer,0.33638534,0.78050977,10.359711,1550002866779
3750,99,Gyroscope,0.059589908,0.004648689,-0.09594861,1550002866789
3751,99,Accelerometer,0.23582886,1.1923125,9.927557,1550002866789
3752,99,Gyroscope,-0.01004873,0.022974647999999997,-0.08739649,1550002866800
3753,99,Accelerometer,0.3184288,1.6807296000000003,9.557653,1550002866800
3754,99,Gyroscope,0.0040011713,0.035191953,-0.035472944,1550002866809
3755,99,Accelerometer,0.5291186,0.80924016,10.07121,1550002866810
3756,99,Gyroscope,0.029046647000000002,0.016865995,-0.038527273,1550002866819
3757,99,Accelerometer,0.7637503000000001,1.6256628999999998,9.605537,1550002866820
3758,99,Gyroscope,-0.025931226,0.03152676,-0.038527273,1550002866829
3759,99,Accelerometer,1.1372458,1.7633294999999998,8.953117,1550002866830
3760,99,Gyroscope,-0.035705067,0.044965795999999995,-0.038527273,1550002866839
3761,99,Accelerometer,1.2401965,0.94930094,9.668983,1550002866839
3762,99,Gyroscope,0.021716263,0.032137625,-0.030586022999999997,1550002866849
3763,99,Accelerometer,0.8762778,1.0295067,10.0341,1550002866850
3764,99,Gyroscope,-0.047922373,0.022363782000000002,-0.032418616000000004,1550002866860
3765,99,Accelerometer,0.91099375,0.92895025,10.380061,1550002866860
3766,99,Gyroscope,-0.043646313,-0.00084909797,-0.04646852,1550002866869
3767,99,Accelerometer,1.423353,0.5602431999999999,10.596737,1550002866870
3768,99,Gyroscope,-0.0045509413,-0.016731594,-0.04463592,1550002866879
3769,99,Accelerometer,0.91219085,1.0821792,10.144233,1550002866880
3770,99,Gyroscope,-0.06258314,0.007092151999999999,-0.053188037,1550002866889
3771,99,Accelerometer,0.7302314999999999,0.63206923,9.200917,1550002866890
3772,99,Gyroscope,-0.04975497,0.016865995,-0.05929669,1550002866899
3773,99,Accelerometer,0.42736499999999994,1.1444284,9.8916445,1550002866899
3774,99,Gyroscope,-0.01737911,0.011979073,-0.053798902999999995,1550002866910
3775,99,Accelerometer,-0.02873042,1.0989386,9.719261999999999,1550002866910
3776,99,Gyroscope,-0.04242459,0.025418106,-0.05013371,1550002866920
3777,99,Accelerometer,-0.1412579,0.9995792,9.502586,1550002866920
3778,99,Gyroscope,-0.009437865,0.015033398,-0.05624236,1550002866929
3779,99,Accelerometer,0.15442601,1.0690111,9.443928999999999,1550002866930
3780,99,Gyroscope,-0.0027183462,0.010146476,-0.04891198,1550002866939
3781,99,Accelerometer,0.37349546,0.81642276,9.563639,1550002866940
3782,99,Gyroscope,-0.023487763,0.012589939,-0.051966306,1550002866949
3783,99,Accelerometer,0.6476316,0.79726917,10.309433,1550002866949
3784,99,Gyroscope,-0.024709495,-0.00817948,-0.050744575,1550002866959
3785,99,Accelerometer,1.4712370000000001,0.81283146,9.792285000000001,1550002866960
3786,99,Gyroscope,0.011942419,-0.014898999,-0.057464093,1550002866970
3787,99,Accelerometer,1.1360487,1.0199299000000002,8.701725999999999,1550002866970
3788,99,Gyroscope,-0.027152957000000002,0.015033398,-0.05257717,1550002866979
3789,99,Accelerometer,0.79607207,0.9696517,9.148245,1550002866980
3790,99,Gyroscope,-0.03814853,0.041911468,-0.03730554,1550002866989
3791,99,Accelerometer,1.3096284,0.94451255,9.671378,1550002866990
3792,99,Gyroscope,-0.016768249,0.030915894,-0.07701178,1550002866999
3793,99,Accelerometer,0.017956512,1.4257472,9.703699,1550002867000
3794,99,Gyroscope,-0.029596416,0.0431332,-0.09533774,1550002867009
3795,99,Accelerometer,-0.15442601,1.0211270000000001,10.087969000000001,1550002867009
3796,99,Gyroscope,-0.044868045,0.04007887,-0.037916407,1550002867019
3797,99,Accelerometer,1.2856863,1.270124,10.534488,1550002867020
3798,99,Gyroscope,-0.0027183462,0.016865995,-0.036694676,1550002867030
3799,99,Accelerometer,0.7781156,1.1755531000000001,9.416395,1550002867030
3800,99,Gyroscope,0.026603185,-0.0014599635999999999,-0.071513996,1550002867039
3801,99,Accelerometer,0.45010993,0.8463503000000001,7.78355,1550002867040
3802,99,Gyroscope,-0.047311507,0.044965795999999995,-0.045857653,1550002867049
3803,99,Accelerometer,-0.24420857,1.3599066,9.588778,1550002867050
3804,99,Gyroscope,-0.06013968,0.051074445,-0.009205738,1550002867059
3805,99,Accelerometer,-0.047884032,0.6919243,12.49893,1550002867060
3806,99,Gyroscope,-0.0509767,-0.051550914,-0.02203391,1550002867069
3807,99,Accelerometer,1.3682863,-0.16759412,10.334572,1550002867069
3808,99,Gyroscope,0.036377028,-0.07354206,-0.05624236,1550002867080
3809,99,Accelerometer,1.079785,1.3611037,9.129091,1550002867080
3810,99,Gyroscope,-0.060750544000000004,-0.004514288,-0.06968139999999999,1550002867089
3811,99,Accelerometer,0.2885013,0.42377370000000003,8.793902000000001,1550002867090
3812,99,Gyroscope,-0.026542092000000003,0.024807245,-0.07090313,1550002867099
3813,99,Accelerometer,-0.02873042,0.43933599999999995,10.972627000000001,1550002867100
3814,99,Gyroscope,0.034544434,0.0022052303,-0.09655947,1550002867109
3815,99,Accelerometer,0.11971009,0.31483752,10.468647,1550002867109
3816,99,Gyroscope,-0.009437865,-0.0032925587,-0.11732889,1550002867119
3817,99,Accelerometer,0.05267244,0.7374141,9.259575,1550002867120
3818,99,Gyroscope,0.011942419,-0.0026816929999999998,-0.09533774,1550002867129
3819,99,Accelerometer,0.16160862,1.1336545,9.355343,1550002867130
3820,99,Gyroscope,0.0052229017,-0.00023823230999999999,-0.10022466,1550002867139
3821,99,Accelerometer,-0.2765303,0.8607155000000001,8.684967,1550002867140
3822,99,Gyroscope,0.012553285,0.032137625,-0.097781196,1550002867149
3823,99,Accelerometer,0.4249708,1.7980455000000002,11.099519,1550002867149
3824,99,Gyroscope,0.014385881000000001,0.015033398,-0.07640091,1550002867159
3825,99,Accelerometer,1.283292,1.6579846999999999,10.1382475,1550002867160
3826,99,Gyroscope,-0.02532036,0.008924745,-0.066016205,1550002867170
3827,99,Accelerometer,0.9732430000000001,1.7357962,10.412383,1550002867170
3828,99,Gyroscope,-0.052198432,-0.024061977999999998,-0.04097073,1550002867179
3829,99,Accelerometer,1.1803415000000002,1.5167267,10.218452000000001,1550002867180
3830,99,Gyroscope,0.0021685753,-0.027116302000000002,-0.016536122,1550002867189
3831,99,Accelerometer,1.1528081000000001,1.3192052,10.696096,1550002867190
3832,99,Gyroscope,-0.041202857999999995,-0.057659565999999995,0.030500501,1550002867199
3833,99,Accelerometer,2.2074540000000002,1.3371617,9.932345,1550002867200
3834,99,Gyroscope,0.047372602,-0.08881369,0.04393954,1550002867209
3835,99,Accelerometer,1.6950948000000001,1.8902221999999997,9.793482000000001,1550002867209
3836,99,Gyroscope,0.008888093,-0.07048774,0.04393954,1550002867219
3837,99,Accelerometer,0.9900024,1.4676456,8.967483,1550002867220
3838,99,Gyroscope,-0.018600842,-0.05277264,0.02317012,1550002867230
3839,99,Accelerometer,0.7589619000000001,1.2174516000000002,8.832211000000001,1550002867230
3840,99,Gyroscope,0.032711837,-0.059492163,0.02317012,1550002867239
3841,99,Accelerometer,0.40342298,1.0031705,9.996989,1550002867240
3842,99,Gyroscope,0.013775015,-0.050329182,-0.010427468,1550002867249
3843,99,Accelerometer,0.93014735,1.0606314,9.661800999999999,1550002867250
3844,99,Gyroscope,-0.006994404,-0.021618515,-0.004929682,1550002867259
3845,99,Accelerometer,0.7733272,1.472434,8.9602995,1550002867259
3846,99,Gyroscope,-0.00027488545,-0.01856419,0.029889636,1550002867269
3847,99,Accelerometer,0.44891283,1.5310919,10.010158,1550002867269
3848,99,Gyroscope,0.033322702999999995,-0.017953325,0.030500501,1550002867279
3849,99,Accelerometer,1.3922282,0.5614403,9.528922999999999,1550002867280
3850,99,Gyroscope,0.014996746000000002,0.0028160921999999997,0.048215594,1550002867290
3851,99,Accelerometer,1.6316483999999998,0.8822633,9.580399,1550002867290
3852,99,Gyroscope,0.012553285,0.0077030174,0.05371338,1550002867299
3853,99,Accelerometer,1.0319009,0.8882488000000002,9.51336,1550002867300
3854,99,Gyroscope,0.0033903066,0.0058704205,0.018283198,1550002867309
3855,99,Accelerometer,1.1851299,1.3994108,9.96347,1550002867310
3856,99,Gyroscope,0.020494534,0.010757342,0.006065893,1550002867319
3857,99,Accelerometer,1.3275848999999997,0.9552864999999999,9.084799,1550002867319
3858,99,Gyroscope,0.018051071000000002,0.03274849,0.015228872,1550002867329
3859,99,Accelerometer,0.61650693,1.6184803,9.746795,1550002867329
3860,99,Gyroscope,0.018051071000000002,0.022363782000000002,0.021948388,1550002867340
3861,99,Accelerometer,0.7110779,1.292869,9.880871,1550002867340
3862,99,Gyroscope,0.028435782000000003,-0.0026816929999999998,0.034776557,1550002867350
3863,99,Accelerometer,1.3874398000000001,1.6579846999999999,10.279505,1550002867350
3864,99,Gyroscope,0.036987893,-0.006346885,0.05249165,1550002867359
3865,99,Accelerometer,1.2617443000000002,1.4939818,9.865308,1550002867360
3866,99,Gyroscope,0.029657512999999996,-0.0026816929999999998,0.06348722400000001,1550002867369
3867,99,Accelerometer,0.89303726,1.6005238000000002,9.617508,1550002867370
3868,99,Gyroscope,0.035155296,0.0028160921999999997,0.059822034,1550002867379
3869,99,Accelerometer,1.0127473,1.3192052,9.124303,1550002867379
3870,99,Gyroscope,0.029046647000000002,0.03152676,0.054324247,1550002867389
3871,99,Accelerometer,0.8475474000000001,1.1432313,8.690952000000001,1550002867389
3872,99,Gyroscope,0.00033598019999999995,0.052296177,0.02561358,1550002867399
3873,99,Accelerometer,0.25857377,1.0809821000000002,9.676167,1550002867400
3874,99,Gyroscope,0.021716263,0.060848295999999996,0.018283198,1550002867410
3875,99,Accelerometer,0.11611878,0.94690675,9.94312,1550002867410
3876,99,Gyroscope,0.0070554977,0.049241855999999994,0.039052617000000005,1550002867419
3877,99,Accelerometer,1.2210428999999998,0.5243302,9.816227,1550002867420
3878,99,Gyroscope,0.021716263,0.043744065,0.02561358,1550002867429
3879,99,Accelerometer,1.5310919,1.6208745,9.927557,1550002867430
3880,99,Gyroscope,-0.09068294,0.039468005,0.017672332,1550002867439
3881,99,Accelerometer,0.01436521,0.46088383,9.853337,1550002867439
3882,99,Gyroscope,-0.13161092,0.06023743,0.03355483,1550002867449
3883,99,Accelerometer,1.4556746,1.7310078000000002,13.959392999999999,1550002867449
3884,99,Gyroscope,-0.059528813,-0.09919839999999999,0.041496076,1550002867460
3885,99,Accelerometer,3.2704793999999997,0.44532153,10.078392,1550002867460
3886,99,Gyroscope,0.030879242,-0.14073724,0.007898489,1550002867470
3887,99,Accelerometer,3.156755,2.3187842,6.8773446,1550002867470
3888,99,Gyroscope,-0.06930265599999999,-0.04055534,0.028667906,1550002867479
3889,99,Accelerometer,2.4013843999999995,0.89902276,8.379706,1550002867480
3890,99,Gyroscope,-0.072356984,-0.035668418,0.015228872,1550002867489
3891,99,Accelerometer,1.6316483999999998,0.25857377,10.260351,1550002867490
3892,99,Gyroscope,0.07241808,-0.07781812,-0.017146988000000002,1550002867499
3893,99,Accelerometer,2.1057005,0.9852139999999999,11.068394999999999,1550002867499
3894,99,Gyroscope,-0.010659594,-0.11813522,-0.028753427999999998,1550002867509
3895,99,Accelerometer,1.4879963,0.29807812,9.192537,1550002867509
3896,99,Gyroscope,0.012553285,-0.08637023,-0.057464093,1550002867520
3897,99,Accelerometer,0.17836803,1.2246342,8.901641999999999,1550002867520
3898,99,Gyroscope,0.014385881000000001,-0.0032925587,-0.019590449,1550002867529
3899,99,Accelerometer,-0.093373865,1.1695676000000002,9.332599,1550002867530
3900,99,Gyroscope,-0.024709495,0.018087726000000002,0.007287623399999999,1550002867539
3901,99,Accelerometer,-0.35553896,1.5682021000000002,9.837775,1550002867539
3902,99,Gyroscope,0.06203337,0.00037263334000000003,-0.048301116,1550002867549
3903,99,Accelerometer,-0.5662286999999999,1.7357962,10.544064500000001,1550002867550
3904,99,Gyroscope,0.03882049,0.010757342,-0.012260064499999999,1550002867559
3905,99,Accelerometer,0.088585466,1.2593501,8.651448,1550002867560
3906,99,Gyroscope,-0.052809298,0.0852829,0.01034195,1550002867569
3907,99,Accelerometer,-0.4249708,1.6543933000000002,9.689333999999999,1550002867570
3908,99,Gyroscope,-0.010659594,0.078563385,0.026835311,1550002867579
3909,99,Accelerometer,0.44651863,1.2210428999999998,10.224439,1550002867579
3910,99,Gyroscope,0.034544434,0.041911468,0.04760473,1550002867589
3911,99,Accelerometer,1.4077905000000002,1.5753847,10.000581,1550002867589
3912,99,Gyroscope,0.010109824,0.029083297,0.04210694,1550002867600
3913,99,Accelerometer,1.6017209,1.1025299,9.411607,1550002867600
3914,99,Gyroscope,-0.0045509413,0.03702455,0.05126992,1550002867609
3915,99,Accelerometer,2.1523874,1.0402806,10.078392,1550002867610
3916,99,Gyroscope,-0.0045509413,0.021752916,0.044550404,1550002867619
3917,99,Accelerometer,2.1332338,0.7146691999999999,9.683349,1550002867620
3918,99,Gyroscope,0.040653087000000004,0.015033398,0.031111367,1550002867629
3919,99,Accelerometer,2.1080947,1.459266,10.502166,1550002867630
3920,99,Gyroscope,-0.008216133,0.015033398,0.03599829,1550002867639
3921,99,Accelerometer,1.7405846,0.42377370000000003,10.257957000000001,1550002867639
3922,99,Gyroscope,0.006444632,-0.01734246,0.048215594,1550002867649
3923,99,Accelerometer,0.9588778,1.1372458,10.605117,1550002867649
3924,99,Gyroscope,0.0040011713,-0.05277264,0.02561358,1550002867660
3925,99,Accelerometer,1.4413095,0.9564835999999999,10.109517,1550002867660
3926,99,Gyroscope,0.06936375,-0.042998800000000004,0.03355483,1550002867669
3927,99,Accelerometer,0.79367787,1.2844891999999999,8.876503,1550002867670
3928,99,Gyroscope,0.014996746000000002,-0.024061977999999998,0.05737857,1550002867679
3929,99,Accelerometer,0.20709845,1.2210428999999998,9.121908,1550002867680
3930,99,Gyroscope,0.02354886,-0.01978592,0.035387423,1550002867689
3931,99,Accelerometer,0.4249708,1.0594343000000002,9.289502,1550002867690
3932,99,Gyroscope,0.0094989585,-0.034446687000000004,0.04760473,1550002867699
3933,99,Accelerometer,0.31364042,1.1432313,10.040085000000001,1550002867699
3934,99,Gyroscope,0.0076663624,-0.03261409,0.04088521,1550002867709
3935,99,Accelerometer,0.23702596,1.0187328000000002,9.952697,1550002867709
3936,99,Gyroscope,0.019883668,-0.0075686146,0.029889636,1550002867720
3937,99,Accelerometer,0.19512744,0.8810662,9.500193,1550002867720
3938,99,Gyroscope,-0.031429015,0.013811666499999998,0.019504927,1550002867729
3939,99,Accelerometer,0.51235914,1.2880806,9.7863,1550002867730
3940,99,Gyroscope,-0.009437865,0.0058704205,0.029889636,1550002867739
3941,99,Accelerometer,0.46088383,0.79846627,9.5492735,1550002867740
3942,99,Gyroscope,0.0058337674,0.015644263000000002,0.020726658000000002,1550002867749
3943,99,Accelerometer,0.760159,1.1468226000000001,9.720459,1550002867750
3944,99,Gyroscope,-0.016157383,0.036413684,0.021948388,1550002867759
3945,99,Accelerometer,0.6619968,0.9696517,9.108741,1550002867759
3946,99,Gyroscope,-0.039981127000000005,0.033359356,0.02927877,1550002867769
3947,99,Accelerometer,0.62847793,0.8750806999999999,10.107122,1550002867769
3948,99,Gyroscope,0.018661937,0.008313879,0.02561358,1550002867780
3949,99,Accelerometer,0.90261406,1.3359646,10.396821000000001,1550002867780
3950,99,Gyroscope,0.004612036,-0.0039034244,0.036609154,1550002867789
3951,99,Accelerometer,0.997185,1.0330979999999998,9.993398,1550002867790
3952,99,Gyroscope,0.0040011713,-0.013677267,0.02561358,1550002867799
3953,99,Accelerometer,1.7022773999999998,1.4209588,10.401608999999999,1550002867800
3954,99,Gyroscope,-0.0014966168,0.020531185,0.06837415,1550002867809
3955,99,Accelerometer,1.3946223999999998,1.745373,10.808622999999999,1550002867810
3956,99,Gyroscope,-0.009437865,0.02114205,0.05737857,1550002867819
3957,99,Accelerometer,-0.08379706,0.78888947,9.294291000000001,1550002867819
3958,99,Gyroscope,-0.047311507,-0.047885723,0.026835311,1550002867829
3959,99,Accelerometer,0.9935937,2.3738509999999997,11.85489,1550002867830
3960,99,Gyroscope,0.058368175999999994,-0.10164186,0.062265493,1550002867840
3961,99,Accelerometer,1.6675615000000001,0.90620536,9.072827,1550002867840
3962,99,Gyroscope,0.012553285,-0.039333608,0.046993863,1550002867849
3963,99,Accelerometer,0.7314286,1.8303672,7.714117999999999,1550002867850
3964,99,Gyroscope,-0.07724389999999999,0.004648689,0.03599829,1550002867859
3965,99,Accelerometer,0.28371290000000005,0.61411273,10.928333,1550002867860
3966,99,Gyroscope,0.07180721,-0.042387932999999996,0.05249165,1550002867869
3967,99,Accelerometer,0.6823475,1.1432313,10.0341,1550002867870
3968,99,Gyroscope,0.0076663624,-0.06071389,0.026224446000000002,1550002867879
3969,99,Accelerometer,0.43933599999999995,1.1204863999999999,9.65821,1550002867879
3970,99,Gyroscope,0.0033903066,-0.035057552,0.029889636,1550002867890
3971,99,Accelerometer,0.020350715,0.60453594,8.7125,1550002867890
3972,99,Gyroscope,0.013775015,0.030305027999999998,-0.022644775,1550002867899
3973,99,Accelerometer,-0.9744401,0.91338795,9.214086,1550002867900
3974,99,Gyroscope,-0.07418958,0.046798393,-0.0140926605,1550002867909
3975,99,Accelerometer,0.38426940000000004,0.35673606,10.168175,1550002867910
3976,99,Gyroscope,-0.027152957000000002,0.025418106,-0.048301116,1550002867919
3977,99,Accelerometer,0.59136784,0.90740246,9.856929,1550002867920
3978,99,Gyroscope,-0.027763822999999997,0.019309454,-0.08556389999999998,1550002867929
3979,99,Accelerometer,-0.37110126,0.8690952,9.081207000000001,1550002867929
3980,99,Gyroscope,-0.07296785,0.02114205,-0.06174015,1550002867939
3981,99,Accelerometer,0.9804255999999999,0.8583213,10.277111,1550002867939
3982,99,Gyroscope,0.027824916,-0.017953325,-0.050744575,1550002867950
3983,99,Accelerometer,1.1923125,1.1827357,10.471041,1550002867950
3984,99,Gyroscope,0.04554001,-0.042387932999999996,-0.06357274,1550002867959
3985,99,Accelerometer,0.9756372,1.0714053,9.003395,1550002867960
3986,99,Gyroscope,-0.01127046,-0.03261409,-0.042192463,1550002867969
3987,99,Accelerometer,1.1192893,1.0534488000000002,10.133459,1550002867970
3988,99,Gyroscope,0.029657512999999996,-0.047274857999999996,-0.027531696,1550002867979
3989,99,Accelerometer,1.411382,1.0378863999999999,10.243592,1550002867980
3990,99,Gyroscope,0.060200773,-0.06498995,-0.041581597000000005,1550002867989
3991,99,Accelerometer,1.0630256,1.0235212,9.1255,1550002867989
3992,99,Gyroscope,0.0040011713,-0.036890145,-0.05929669,1550002867999
3993,99,Accelerometer,0.45848963,1.0965444,9.326611999999999,1550002867999
3994,99,Gyroscope,0.022327128999999998,-0.033224955,-0.04646852,1550002868010
3995,99,Accelerometer,-0.22385786,0.7278373,9.979032499999999,1550002868010
3996,99,Gyroscope,0.02721405,-0.019175055,-0.050744575,1550002868020
3997,99,Accelerometer,-0.12569559,1.2282255,9.830592,1550002868020
3998,99,Accelerometer,-0.11133038,1.42455,10.0987425,1550002868030
3999,99,Gyroscope,0.008277228000000001,-0.01978592,-0.06051842,1550002868029
4000,99,Gyroscope,0.020494534,-0.02222938,-0.04891198,1550002868039
4001,99,Accelerometer,0.24301147,1.4520833,9.583989,1550002868040
4002,99,Gyroscope,0.020494534,-0.006957751,-0.057464093,1550002868049
4003,99,Accelerometer,-0.13407529999999998,1.5598223999999998,9.194932000000001,1550002868049
4004,99,Gyroscope,-0.029596416,0.022974647999999997,-0.030586022999999997,1550002868059
4005,99,Accelerometer,0.023942016,1.1611878,9.939528,1550002868059
4006,99,Gyroscope,-0.011881325,0.01625513,-0.016536122,1550002868069
4007,99,Accelerometer,0.10055647,0.91697925,10.641029,1550002868070
4008,99,Gyroscope,0.017440207,0.0028160921999999997,-0.013481795,1550002868079
4009,99,Accelerometer,0.45489833,1.0702082,9.874885,1550002868080
4010,99,Gyroscope,-0.030207282000000002,0.0034269579,-0.009816604,1550002868089
4011,99,Accelerometer,0.8415619000000001,1.0319009,10.236409,1550002868090
4012,99,Gyroscope,-0.031429015,-0.005125154,-0.005540547,1550002868099
4013,99,Accelerometer,1.4389153000000001,0.78649527,10.226832,1550002868100
4014,99,Gyroscope,-0.02165517,-0.03261409,-0.004929682,1550002868109
4015,99,Accelerometer,0.90261406,1.0749966,10.240001,1550002868110
4016,99,Gyroscope,-0.0369268,-0.05277264,-0.018368717,1550002868119
4017,99,Accelerometer,1.8327613999999999,1.1240777,9.880871,1550002868120
4018,99,Gyroscope,-0.010659594,-0.058881298,0.006065893,1550002868129
4019,99,Accelerometer,1.6388310000000001,1.5167267,9.721656,1550002868130
4020,99,Gyroscope,-0.005161807,-0.058270432000000004,0.030500501,1550002868139
4021,99,Accelerometer,1.0390834999999998,1.459266,9.127894,1550002868140
4022,99,Gyroscope,0.0033903066,-0.03750101,-0.000653625,1550002868149
4023,99,Accelerometer,1.0989386,2.088941,9.085996000000002,1550002868150
4024,99,Gyroscope,0.024159724,-0.017953325,0.017061466,1550002868159
4025,99,Accelerometer,0.42736499999999994,2.1583729,9.562441999999999,1550002868160
4026,99,Gyroscope,0.057146445,-0.03750101,0.05004819,1550002868169
4027,99,Accelerometer,0.19033903,1.6400281000000003,10.296265,1550002868170
4028,99,Gyroscope,0.038209625,-0.032003224,0.05004819,1550002868179
4029,99,Accelerometer,1.4891934,1.9847932000000001,9.545682000000001,1550002868180
4030,99,Gyroscope,-0.01737911,-0.02222938,0.08181318,1550002868189
4031,99,Accelerometer,0.9876082,2.3690627,9.258378,1550002868190
4032,99,Gyroscope,-0.0045509413,-0.013066402,0.08608924,1550002868199
4033,99,Accelerometer,0.6368576,2.4133554,9.349358,1550002868199
4034,99,Gyroscope,-0.019822573,0.041911468,0.0885327,1550002868210
4035,99,Accelerometer,1.3850456,2.267309,10.647015,1550002868210
4036,99,Gyroscope,-0.022266036,0.046187527,0.12579548,1550002868219
4037,99,Accelerometer,0.15562311,0.90141696,9.564836,1550002868220
4038,99,Gyroscope,-0.02409863,-0.04849659,0.11846509599999999,1550002868229
4039,99,Accelerometer,0.92775315,2.2146366000000004,11.325771000000001,1550002868230
4040,99,Gyroscope,0.058368175999999994,-0.047274857999999996,0.09464135,1550002868239
4041,99,Accelerometer,2.717419,0.770933,8.317456,1550002868240
4042,99,Gyroscope,-0.005161807,0.004648689,0.13007155,1550002868249
4043,99,Accelerometer,0.50038815,1.7776948000000001,7.920019,1550002868249
4044,99,Gyroscope,-0.080909096,0.006481286,0.08608924,1550002868260
4045,99,Accelerometer,0.9504981,1.1408371000000002,10.785878,1550002868260
4046,99,Gyroscope,0.010109824,-0.042998800000000004,0.095252216,1550002868269
4047,99,Accelerometer,1.3239936,-0.11133038,11.599907,1550002868269
4048,99,Gyroscope,0.018661937,-0.07415293,0.07814799,1550002868279
4049,99,Accelerometer,0.9780314,0.866701,10.444705,1550002868280
4050,99,Gyroscope,0.011942419,-0.04849659,0.046993863,1550002868289
4051,99,Accelerometer,1.4736311000000002,0.62608373,8.720880000000001,1550002868290
4052,99,Gyroscope,0.040653087000000004,-0.024672844,0.076315396,1550002868299
4053,99,Accelerometer,0.5386954,1.4748282,9.01417,1550002868300
4054,99,Gyroscope,0.03210097,-0.0032925587,0.10624779,1550002868309
4055,99,Accelerometer,-0.059855044,0.33399114,9.49301,1550002868310
4056,99,Gyroscope,0.035766162000000004,0.005259555,0.06776328400000001,1550002868319
4057,99,Accelerometer,-0.011971008,1.1563994,9.40203,1550002868319
4058,99,Gyroscope,0.044929143,0.01992032,0.07387193,1550002868329
4059,99,Accelerometer,0.22864626,0.6895300999999999,9.2308445,1550002868330
4060,99,Gyroscope,-0.029596416,0.09383502,0.04577213,1550002868339
4061,99,Accelerometer,0.25498247,1.1863270000000001,9.846153999999999,1550002868339
4062,99,Gyroscope,0.004612036,0.08955896,0.030500501,1550002868350
4063,99,Accelerometer,0.5410896,1.3204023,9.690532000000001,1550002868350
4064,99,Gyroscope,-0.03203988,0.09261329,0.01034195,1550002868359
4065,99,Accelerometer,0.30885202,1.2976573999999998,9.586383999999999,1550002868360
4066,99,Gyroscope,-0.06319401,0.09627848,0.022559252999999998,1550002868369
4067,99,Accelerometer,1.2808979,1.3311761999999998,9.909601,1550002868370
4068,99,Gyroscope,0.0027794409999999997,0.08467203400000001,0.03416569,1550002868379
4069,99,Accelerometer,1.780089,1.8579005000000002,9.77792,1550002868380
4070,99,Gyroscope,-0.030818147999999997,0.08345031,0.037830885,1550002868389
4071,99,Accelerometer,2.0913353,1.7106571,9.606734,1550002868390
4072,99,Gyroscope,-0.034483336,0.07489819,0.044550404,1550002868399
4073,99,Accelerometer,2.2601264,1.340753,9.989806,1550002868400
4074,99,Gyroscope,0.0058337674,0.05901569999999999,0.05737857,1550002868409
4075,99,Accelerometer,2.3523033,1.7274165000000001,10.010158,1550002868410
4076,99,Gyroscope,-0.050365835,0.05046358,0.056156844000000004,1550002868419
4077,99,Accelerometer,1.7190368000000003,1.4197617,10.093954,1550002868420
4078,99,Gyroscope,-0.014935651999999999,0.025418106,0.05126992,1550002868429
4079,99,Accelerometer,1.7932571,1.4101848999999997,11.104307,1550002868430
4080,99,Gyroscope,0.04554001,0.00037263334000000003,0.062265493,1550002868439
4081,99,Accelerometer,1.5861586,1.5107412,10.17416,1550002868440
4082,99,Gyroscope,0.004612036,-0.012455538,0.06654155,1550002868449
4083,99,Accelerometer,1.1001357,1.2054806,9.562441999999999,1550002868449
4084,99,Gyroscope,0.008888093,-0.019175055,0.072039336,1550002868459
4085,99,Accelerometer,0.89662856,1.0726023999999998,9.900024,1550002868460
4086,99,Gyroscope,0.0076663624,-0.025894572999999997,0.072039336,1550002868469
4087,99,Accelerometer,0.92057055,1.0833763,9.603143,1550002868470
4088,99,Gyroscope,0.024159724,-0.033224955,0.06043289599999999,1550002868479
4089,99,Accelerometer,0.58897364,1.3096284,9.734824,1550002868480
4090,99,Gyroscope,0.0040011713,-0.016731594,0.064708956,1550002868489
4091,99,Accelerometer,0.62488663,0.6943185000000001,9.244013,1550002868490
4092,99,Gyroscope,0.0113315545,0.016865995,0.031722232999999996,1550002868499
4093,99,Accelerometer,0.08259996,1.1959038,9.976639,1550002868500
4094,99,Gyroscope,-0.019822573,0.0015943646,0.040274344,1550002868509
4095,99,Accelerometer,0.8822633,0.17597382,9.440337,1550002868510
4096,99,Gyroscope,-0.0039400775,-0.0032925587,0.018894061,1550002868519
4097,99,Accelerometer,0.93014735,1.3551182,9.76116,1550002868519
4098,99,Gyroscope,0.02721405,0.010146476,0.018894061,1550002868530
4099,99,Accelerometer,1.1623849,0.3878607,8.559271,1550002868530
4100,99,Gyroscope,-0.03937026,0.029083297,0.02317012,1550002868539
4101,99,Accelerometer,0.9840169,1.2737153,9.215282,1550002868540
4102,99,Gyroscope,0.004612036,0.034581087999999996,0.046382997,1550002868549
4103,99,Accelerometer,1.4520833,0.5602431999999999,9.910798,1550002868549
4104,99,Gyroscope,0.006444632,0.032137625,0.035387423,1550002868559
4105,99,Accelerometer,1.0989386,1.1408371000000002,9.543288,1550002868560
4106,99,Gyroscope,-0.022876898,0.03885714,0.045161266,1550002868569
4107,99,Accelerometer,0.712275,1.4903905000000002,9.888053,1550002868570
4108,99,Gyroscope,-0.037537664,0.03824628,0.048215594,1550002868579
4109,99,Accelerometer,1.0977415000000001,1.1408371000000002,10.478224,1550002868579
4110,99,Gyroscope,-0.05586362,0.058404832999999996,0.058600303,1550002868589
4111,99,Accelerometer,0.6380547,1.0354922,9.702502,1550002868590
4112,99,Gyroscope,-0.038759395,0.040689737000000004,0.0109528145,1550002868599
4113,99,Accelerometer,0.712275,1.3024458,9.514558000000001,1550002868600
4114,99,Gyroscope,0.0492052,0.0015943646,0.03416569,1550002868609
4115,99,Accelerometer,0.45010993,1.9608511999999998,9.31943,1550002868609
4116,99,Gyroscope,0.10479393599999999,0.019309454,0.08914357,1550002868619
4117,99,Accelerometer,0.8846575000000001,0.8355764000000001,7.620744,1550002868620
4118,99,Gyroscope,0.04370741,0.05901569999999999,0.09464135,1550002868629
4119,99,Accelerometer,1.0151415000000001,2.694674,9.731233,1550002868630
4120,99,Gyroscope,0.008888093,0.09383502,0.11052385,1550002868639
4121,99,Accelerometer,0.8774749,1.6496049,10.597934,1550002868640
4122,99,Gyroscope,0.036987893,0.019309454,0.14595404,1550002868649
4123,99,Accelerometer,-0.08140286,1.0594343000000002,11.520899,1550002868650
4124,99,Gyroscope,0.068752885,-0.006346885,0.08181318,1550002868659
4125,99,Accelerometer,1.6316483999999998,1.6077063999999999,10.03769,1550002868660
4126,99,Gyroscope,-0.0033292117999999997,0.048020124000000004,0.15084097,1550002868669
4127,99,Accelerometer,0.15203181,1.6065093000000001,9.19972,1550002868670
4128,99,Gyroscope,0.010109824,0.05046358,0.16611259,1550002868679
4129,99,Accelerometer,-0.049081136,2.135628,10.280702,1550002868680
4130,99,Gyroscope,0.08402452,0.03702455,0.15878221,1550002868689
4131,99,Accelerometer,1.0115502,1.5394716999999998,10.447099,1550002868690
4132,99,Gyroscope,0.06753115,0.019309454,0.21070576,1550002868699
4133,99,Accelerometer,0.24061728,1.2749124,9.764750999999999,1550002868700
4134,99,Gyroscope,0.0058337674,0.03580282,0.18443856,1550002868709
4135,99,Accelerometer,1.1767502,1.3563153000000001,10.548853,1550002868710
4136,99,Gyroscope,0.035155296,0.052907042,0.18016249,1550002868719
4137,99,Accelerometer,0.9995792,0.5315128,9.291897,1550002868720
4138,99,Gyroscope,-0.0039400775,0.04557666,0.16366914,1550002868729
4139,99,Accelerometer,0.10295067,0.842759,9.660604,1550002868730
4140,99,Gyroscope,-0.037537664,0.052296177,0.09586308,1550002868739
4141,99,Accelerometer,1.2521674999999999,0.7146691999999999,10.3692875,1550002868739
4142,99,Gyroscope,-0.038759395,0.041300602,0.099528275,1550002868750
4143,99,Accelerometer,0.25977087,0.48482585,9.81503,1550002868750
4144,99,Gyroscope,-0.057696215999999995,0.032137625,0.09586308,1550002868759
4145,99,Accelerometer,-0.29448682,0.23582886,9.716867,1550002868760
4146,99,Gyroscope,-0.016768249,0.01625513,0.043328673,1550002868769
4147,99,Accelerometer,0.6536171,0.6727706999999999,9.665392,1550002868769
4148,99,Gyroscope,0.01560761,0.0058704205,0.054935113,1550002868780
4149,99,Accelerometer,0.17477672,0.8870517,9.334992,1550002868780
4150,99,Gyroscope,-0.051587567,0.033359356,0.046382997,1550002868789
4151,99,Accelerometer,0.39025488,0.7194576,9.645041,1550002868790
4152,99,Gyroscope,-0.013103055,0.033970222,0.0127854105,1550002868799
4153,99,Accelerometer,0.31364042,1.0881646999999999,10.248381,1550002868799
4154,99,Gyroscope,-0.0033292117999999997,0.015644263000000002,-0.0012644903,1550002868809
4155,99,Accelerometer,0.2741361,0.7398083000000001,9.325416,1550002868810
4156,99,Gyroscope,-0.03509419999999999,0.033359356,-0.0037079514000000003,1550002868819
4157,99,Accelerometer,0.17118542,1.1073183000000002,10.028113000000001,1550002868820
4158,99,Gyroscope,-0.01004873,0.029694162000000003,0.0066767577,1550002868829
4159,99,Accelerometer,0.58897364,1.1611878,10.292672999999999,1550002868830
4160,99,Gyroscope,-0.0039400775,0.011368208000000001,-0.0012644903,1550002868839
4161,99,Accelerometer,0.42257659999999997,1.2749124,9.694122,1550002868839
4162,99,Gyroscope,-0.041202857999999995,0.0077030174,-0.008594873000000001,1550002868850
4163,99,Accelerometer,0.36391866,1.4257472,9.958682000000001,1550002868850
4164,99,Gyroscope,-0.017989976,-0.006957751,-0.0018753556,1550002868859
4165,99,Accelerometer,0.58418524,1.2988545,10.090363499999999,1550002868860
4166,99,Gyroscope,-0.009437865,-0.025283707000000002,0.007898489,1550002868869
4167,99,Accelerometer,0.7230489,0.9756372,9.7084875,1550002868869
4168,99,Gyroscope,-0.021044305,-0.024672844,-0.0030970859999999998,1550002868879
4169,99,Accelerometer,0.7398083000000001,1.3862427,10.007763,1550002868880
4170,99,Gyroscope,0.0015577096,-0.03261409,0.009731084000000001,1550002868889
4171,99,Accelerometer,0.6500258000000001,1.2689268999999999,9.800664999999999,1550002868890
4172,99,Gyroscope,-0.0045509413,-0.01978592,0.0042332970000000004,1550002868899
4173,99,Accelerometer,0.33039984,1.2162545,9.677363,1550002868899
4174,99,Gyroscope,-0.00027488545,-0.021618515,0.0030115664,1550002868909
4175,99,Accelerometer,0.19512744,1.1659763,10.475829,1550002868910
4176,99,Gyroscope,0.020494534,-0.047885723,0.012174546000000001,1550002868919
4177,99,Accelerometer,0.088585466,0.8750806999999999,9.61272,1550002868920
4178,99,Gyroscope,0.0058337674,-0.041777067,0.0036224315000000003,1550002868929
4179,99,Accelerometer,-0.18195933,1.3694833999999998,9.249998,1550002868929
4180,99,Gyroscope,-0.0014966168,-0.039333608,0.012174546000000001,1550002868939
4181,99,Accelerometer,0.077811554,1.1504139,9.3733,1550002868940
4182,99,Gyroscope,0.0015577096,-0.036890145,0.021337522,1550002868949
4183,99,Accelerometer,0.5542577,1.1288661,9.728839,1550002868950
4184,99,Gyroscope,0.027824916,-0.03261409,0.036609154,1550002868959
4185,99,Accelerometer,1.2066777,0.92296475,9.5385,1550002868960
4186,99,Gyroscope,0.008277228000000001,-0.01978592,0.037830885,1550002868969
4187,99,Accelerometer,1.2725182,0.688333,9.66659,1550002868969
4188,99,Gyroscope,0.018661937,-0.012455538,0.025002714,1550002868980
4189,99,Accelerometer,1.3718776000000001,0.81522566,10.266336,1550002868980
4190,99,Gyroscope,0.019883668,-0.016731594,0.018283198,1550002868989
4191,99,Accelerometer,1.4772223999999998,0.51475334,9.929952,1550002868990
4192,99,Gyroscope,0.004612036,-0.028948900000000003,-0.0012644903,1550002868999
4193,99,Accelerometer,1.3443443000000002,0.5578489999999999,9.531317,1550002868999
4194,99,Gyroscope,-0.015546517,-0.022840247,-0.018368717,1550002869010
4195,99,Accelerometer,1.0702082,0.78888947,9.424775,1550002869010
4196,99,Gyroscope,-0.033261612,-0.006346885,-0.025088236,1550002869019
4197,99,Accelerometer,1.0247183000000002,0.8690952,9.603143,1550002869020
4198,99,Gyroscope,0.031490106000000004,-0.01734246,-0.030586022999999997,1550002869029
4199,99,Accelerometer,0.5386954,1.0606314,8.839393,1550002869029
4200,99,Gyroscope,-0.03203988,0.008924745,-0.011649198999999999,1550002869039
4201,99,Accelerometer,0.58657944,1.8303672,11.504139,1550002869040
4202,99,Gyroscope,-0.006994404,0.021752916,0.009120219,1550002869049
4203,99,Accelerometer,0.50278234,0.40940848,10.194510000000001,1550002869050
4204,99,Gyroscope,-0.04547891,-0.030781494,0.009120219,1550002869059
4205,99,Accelerometer,0.7433996,2.8491,11.469422999999999,1550002869060
4206,99,Gyroscope,-0.008826999,-0.03750101,0.0017898360000000002,1550002869069
4207,99,Accelerometer,1.6579846999999999,0.842759,9.506178,1550002869070
4208,99,Gyroscope,0.0070554977,0.010146476,-0.0030970859999999998,1550002869079
4209,99,Accelerometer,0.6859388000000001,1.3670892,8.720880000000001,1550002869080
4210,99,Gyroscope,-0.0369268,0.054128774000000004,-0.010427468,1550002869089
4211,99,Accelerometer,0.7386111999999999,0.7613561,9.321824000000001,1550002869090
4212,99,Gyroscope,-0.017989976,0.024196379,-0.0061514126,1550002869099
4213,99,Accelerometer,1.2509704,0.7637503000000001,10.55005,1550002869099
4214,99,Gyroscope,-0.047311507,-0.016120728,-0.0043188166,1550002869110
4215,99,Accelerometer,1.8818424999999999,0.6548142,10.793061,1550002869110
4216,99,Gyroscope,-0.060750544000000004,-0.016120728,-0.026309965,1550002869119
4217,99,Accelerometer,2.5821466,0.6619968,9.700109,1550002869120
4218,99,Gyroscope,-0.05586362,-0.044831395,-0.018979583,1550002869129
4219,99,Accelerometer,2.0697872999999998,0.712275,9.409213000000001,1550002869129
4220,99,Gyroscope,-0.0045509413,-0.06254649,-0.04646852,1550002869140
4221,99,Accelerometer,2.3606830000000003,0.4369418,9.421184,1550002869140
4222,99,Gyroscope,0.006444632,-0.07842898,-0.057464093,1550002869149
4223,99,Accelerometer,2.6384103,0.6739678000000001,9.755175,1550002869150
4224,99,Gyroscope,-0.0008857511,-0.066822544,-0.05807496,1550002869159
4225,99,Accelerometer,2.1080947,1.5215151000000002,10.114305499999999,1550002869159
4226,99,Gyroscope,0.032711837,-0.055216104,-0.05257717,1550002869169
4227,99,Accelerometer,1.4197617,0.110133275,9.004593,1550002869170
4228,99,Gyroscope,-0.014935651999999999,-0.028948900000000003,-0.06540534,1550002869179
4229,99,Accelerometer,0.34835634,1.5741876000000001,9.249998,1550002869180
4230,99,Gyroscope,-0.0509767,0.005259555,-0.08495303,1550002869189
4231,99,Accelerometer,0.48722005,1.2246342,9.001000999999999,1550002869190
4232,99,Gyroscope,-0.0137139205,-0.010012077,-0.0837313,1550002869199
4233,99,Accelerometer,-0.41060558,2.079364,9.783905,1550002869199
4234,99,Gyroscope,-0.029596416,0.008924745,-0.09289428,1550002869209
4235,99,Accelerometer,-0.05267244,1.9405005000000002,9.570822,1550002869210
4236,99,Gyroscope,-0.04670064,0.03702455,-0.06479447,1550002869219
4237,99,Accelerometer,-0.5494693,1.7166426,9.391256,1550002869219
4238,99,Gyroscope,-0.0039400775,0.05901569999999999,-0.045857653,1550002869229
4239,99,Accelerometer,0.8882488000000002,1.8195933000000002,9.876082,1550002869230
4240,99,Gyroscope,-0.03387247,0.08222858,-0.045857653,1550002869239
4241,99,Accelerometer,1.6172832000000001,1.2306197,9.854534,1550002869240
4242,99,Gyroscope,-0.02898555,0.07673079,-0.014703525,1550002869249
4243,99,Accelerometer,1.8327613999999999,1.1899183,10.552444,1550002869250
4244,99,Gyroscope,-0.010659594,0.042522334,0.01156368,1550002869259
4245,99,Accelerometer,3.0585926,0.61890113,10.484209,1550002869260
4246,99,Gyroscope,-0.008216133,-0.0026816929999999998,0.018283198,1550002869270
4247,99,Accelerometer,3.3303347000000003,1.2030864,9.811439,1550002869270
4248,99,Gyroscope,0.0058337674,-0.016731594,0.012174546000000001,1550002869279
4249,99,Accelerometer,3.3446998999999997,1.4413095,9.53012,1550002869280
4250,99,Gyroscope,-0.01004873,-0.019175055,0.0109528145,1550002869289
4251,99,Accelerometer,2.9053638,1.4077905000000002,10.588357,1550002869289
4252,99,Gyroscope,0.055924714,-0.04910745,0.027446175,1550002869300
4253,99,Accelerometer,2.2541409,1.2306197,10.496181,1550002869300
4254,99,Gyroscope,0.044929143,-0.05460524,0.03355483,1550002869309
4255,99,Accelerometer,1.484405,1.0941502,9.898827,1550002869310
4256,99,Gyroscope,0.029046647000000002,-0.058881298,0.03844175,1550002869319
4257,99,Accelerometer,1.1671733999999998,1.2653356000000002,10.19092,1550002869319
4258,99,Gyroscope,0.07730500400000001,-0.05277264,0.044550404,1550002869329
4259,99,Accelerometer,0.45729253,0.9983820999999999,9.416395,1550002869330
4260,99,Gyroscope,0.010109824,-0.017953325,0.022559252999999998,1550002869339
4261,99,Accelerometer,-0.5722142,0.11133038,9.078813,1550002869340
4262,99,Gyroscope,-0.016157383,-0.010012077,0.0030115664,1550002869349
4263,99,Accelerometer,-0.7637503000000001,0.50637364,9.615114,1550002869350
4264,99,Gyroscope,0.057146445,-0.020396786,0.02805704,1550002869359
4265,99,Accelerometer,-0.03232172,0.90740246,9.1255,1550002869360
4266,99,Gyroscope,-0.022876898,0.01992032,0.007287623399999999,1550002869369
4267,99,Accelerometer,-1.0175357,1.0175357,9.345766000000001,1550002869370
4268,99,Gyroscope,-0.029596416,0.061459154,0.014618006999999999,1550002869379
4269,99,Accelerometer,0.20350714,0.93373865,10.526108,1550002869380
4270,99,Gyroscope,0.035155296,0.044965795999999995,0.015228872,1550002869389
4271,99,Accelerometer,0.6931214,1.3383588,9.872491,1550002869390
4272,99,Gyroscope,-0.02532036,0.037635416,-0.0030970859999999998,1550002869400
4273,99,Accelerometer,0.320823,0.80804306,9.168595,1550002869400
4274,99,Gyroscope,-0.06258314,0.058404832999999996,0.0066767577,1550002869409
4275,99,Accelerometer,1.3802572,0.7769185000000001,9.617508,1550002869410
4276,99,Gyroscope,-0.039981127000000005,0.056572236,-0.0067622773,1550002869419
4277,99,Accelerometer,1.4329298000000001,0.42736499999999994,8.884883,1550002869419
4278,99,Gyroscope,-0.022266036,0.08833723,-0.05135544,1550002869430
4279,99,Accelerometer,1.0127473,1.6675615000000001,10.478224,1550002869430
4280,99,Gyroscope,-0.036315932999999995,0.12743261,-0.06051842,1550002869439
4281,99,Accelerometer,0.93254155,-0.094570965,11.042058,1550002869440
4282,99,Gyroscope,-0.076633036,0.06329175,-0.053188037,1550002869449
4283,99,Accelerometer,1.484405,0.8678981,11.742362,1550002869449
4284,99,Gyroscope,-0.027763822999999997,-0.041166205,-0.07640091,1550002869459
4285,99,Accelerometer,1.9895816000000002,1.2114661,9.622296,1550002869460
4286,99,Gyroscope,-0.0137139205,-0.047274857999999996,-0.097781196,1550002869469
4287,99,Accelerometer,1.3443443000000002,1.6280571000000001,9.103952,1550002869470
4288,99,Gyroscope,-0.07724389999999999,-0.0075686146,-0.061129287000000004,1550002869479
4289,99,Accelerometer,1.0187328000000002,1.0534488000000002,10.128671,1550002869479
4290,99,Gyroscope,0.04370741,-0.07476379,-0.05929669,1550002869489
4291,99,Accelerometer,1.1121067,1.2880806,10.606314,1550002869490
4292,99,Gyroscope,0.01560761,-0.0729312,-0.04891198,1550002869499
4293,99,Accelerometer,0.9576806999999999,0.78290397,9.41879,1550002869500
4294,99,Gyroscope,0.014996746000000002,-0.06987687,-0.055631495999999996,1550002869509
4295,99,Accelerometer,0.8523358,0.79008657,9.1255,1550002869510
4296,99,Gyroscope,0.04370741,-0.03139236,-0.058685824000000004,1550002869519
4297,99,Accelerometer,0.27174190000000004,1.5693992,9.925163000000001,1550002869519
4298,99,Gyroscope,-0.00027488545,0.0077030174,-0.051966306,1550002869529
4299,99,Accelerometer,0.088585466,0.56982,8.62152,1550002869530
4300,99,Gyroscope,-0.02409863,-0.00023823230999999999,-0.051966306,1550002869539
4301,99,Accelerometer,-0.52073884,1.5610195,10.478224,1550002869540
4302,99,Gyroscope,0.008277228000000001,-0.006957751,-0.07273573,1550002869549
4303,99,Accelerometer,0.46447513,1.1935096,9.929952,1550002869549
4304,99,Gyroscope,-0.054641888,-0.019175055,-0.07701178,1550002869559
4305,99,Accelerometer,0.7062895,2.3044189999999998,9.593566000000001,1550002869560
4306,99,Gyroscope,-0.0509767,0.006481286,-0.04097073,1550002869569
4307,99,Accelerometer,0.46088383,1.2629413999999999,9.831789,1550002869570
4308,99,Gyroscope,0.034544434,0.0058704205,-0.04891198,1550002869579
4309,99,Accelerometer,0.60932434,1.2126632,9.556455999999999,1550002869580
4310,99,Gyroscope,0.0027794409999999997,-0.005125154,-0.029975157000000002,1550002869589
4311,99,Accelerometer,0.82360536,1.6472107,9.929952,1550002869590
4312,99,Gyroscope,-0.014324786,-0.005125154,-0.017146988000000002,1550002869599
4313,99,Accelerometer,1.5514427,0.676362,10.014946,1550002869600
4314,99,Gyroscope,0.01560761,-0.01978592,-0.011649198999999999,1550002869609
4315,99,Accelerometer,1.127669,1.0187328000000002,10.268730999999999,1550002869609
4316,99,Gyroscope,-0.0027183462,-0.0039034244,-0.036694676,1550002869620
4317,99,Accelerometer,1.2318168,0.7338228,9.430760000000001,1550002869620
4318,99,Gyroscope,-0.014935651999999999,0.0015943646,-0.05013371,1550002869629
4319,99,Accelerometer,0.9935937,1.3215994,9.64983,1550002869630
4320,99,Gyroscope,-0.006994404,-0.010622941,-0.028753427999999998,1550002869639
4321,99,Accelerometer,0.45489833,0.94451255,10.257957000000001,1550002869639
4322,99,Gyroscope,-0.0045509413,-0.027727167999999996,-0.031807754,1550002869650
4323,99,Accelerometer,0.79846627,1.2150573999999998,10.408792,1550002869650
4324,99,Gyroscope,0.0015577096,-0.028338033999999998,-0.022644775,1550002869659
4325,99,Accelerometer,0.58298814,0.9947908000000001,9.582792,1550002869660
4326,99,Gyroscope,-0.0008857511,-0.028338033999999998,-4.2759813000000006e-05,1550002869669
4327,99,Accelerometer,0.32321724,1.2617443000000002,9.445126,1550002869669
4328,99,Gyroscope,0.0027794409999999997,-0.005125154,-0.026309965,1550002869680
4329,99,Accelerometer,1.0115502,1.2210428999999998,9.451111000000001,1550002869680
4330,99,Gyroscope,-0.008826999,0.018698592,-0.0140926605,1550002869690
4331,99,Accelerometer,-0.142455,0.89543146,10.576386,1550002869690
4332,99,Gyroscope,-0.06258314,0.015033398,0.0066767577,1550002869699
4333,99,Accelerometer,0.7745243,0.9540894,10.408792,1550002869699
4334,99,Gyroscope,-0.0137139205,-0.011844671999999999,-0.011038333999999999,1550002869710
4335,99,Accelerometer,0.8295909,1.0654198000000001,9.500193,1550002869710
4336,99,Gyroscope,-0.032650746,-0.0020708293,-0.041581597000000005,1550002869719
4337,99,Accelerometer,0.16998832,0.9947908000000001,9.249998,1550002869720
4338,99,Gyroscope,-0.06013968,0.008924745,-0.028753427999999998,1550002869729
4339,99,Accelerometer,0.80564886,1.0414777,9.671378,1550002869729
4340,99,Gyroscope,-0.0014966168,-0.016731594,-0.020812178,1550002869739
4341,99,Accelerometer,1.0905589,1.4879963,9.611523,1550002869740
4342,99,Gyroscope,0.016829342,-0.008790346,-0.023866504,1550002869750
4343,99,Accelerometer,0.9708488000000001,1.1540052,9.26556,1550002869750
4344,99,Gyroscope,-0.014324786,-0.0032925587,-0.007984008,1550002869759
4345,99,Accelerometer,0.7410054,1.3599066,9.916783,1550002869760
4346,99,Gyroscope,-0.0057726726,0.0015943646,-4.2759813000000006e-05,1550002869769
4347,99,Accelerometer,0.39384618,1.5239093000000001,10.548853,1550002869770
4348,99,Gyroscope,0.029046647000000002,-0.035057552,0.014618006999999999,1550002869779
4349,99,Accelerometer,1.1420341999999999,1.4736311000000002,10.323798,1550002869779
4350,99,Gyroscope,0.07241808,-0.07048774,0.042717807000000003,1550002869790
4351,99,Accelerometer,1.0474633,0.997185,9.088389,1550002869790
4352,99,Gyroscope,0.065698564,-0.025894572999999997,0.05554598,1550002869799
4353,99,Accelerometer,1.8495207999999999,1.8136078000000002,9.782708,1550002869800
4354,99,Gyroscope,0.031490106000000004,0.009535611,0.07326107,1550002869809
4355,99,Accelerometer,0.34955344,1.7070657999999999,10.316614999999999,1550002869810
4356,99,Gyroscope,-0.054031022000000005,0.023585513,0.050659052999999996,1550002869819
4357,99,Accelerometer,-0.1592144,1.0330979999999998,12.157756,1550002869819
4358,99,Gyroscope,-0.0137139205,-0.07476379,0.0744828,1550002869830
4359,99,Accelerometer,1.8590976000000001,0.010773907,10.123882,1550002869830
4360,99,Gyroscope,0.057146445,-0.07537466,0.013396275,1550002869839
4361,99,Accelerometer,0.16160862,1.9548656999999998,8.884883,1550002869840
4362,99,Gyroscope,-0.058917947000000005,-0.024061977999999998,0.025002714,1550002869849
4363,99,Accelerometer,0.1604115,1.3239936,9.127894,1550002869850
4364,99,Gyroscope,-0.026542092000000003,-0.041166205,0.06348722400000001,1550002869859
4365,99,Accelerometer,0.40940848,1.2234371000000002,10.881647000000001,1550002869859
4366,99,Gyroscope,0.02477059,-0.06560081,0.026835311,1550002869869
4367,99,Accelerometer,0.04070143,1.2318168,9.987411999999999,1550002869869
4368,99,Gyroscope,-0.00027488545,-0.059492163,0.034776557,1550002869880
4369,99,Accelerometer,0.61291564,1.0630256,8.804677,1550002869880
4370,99,Gyroscope,-0.035705067,-0.028338033999999998,0.046382997,1550002869889
4371,99,Accelerometer,-0.46926352,1.2342110000000002,9.188946000000001,1550002869890
4372,99,Gyroscope,0.013775015,0.020531185,0.006065893,1550002869899
4373,99,Accelerometer,-0.7553706,0.70509243,9.28232,1550002869900
4374,99,Gyroscope,-0.029596416,0.021752916,0.03722002,1550002869909
4375,99,Accelerometer,-0.34715924,1.1528081000000001,10.150217999999999,1550002869909
4376,99,Gyroscope,-0.0076052677,0.024807245,-0.0018753556,1550002869920
4377,99,Accelerometer,-0.6392518,0.5781997,10.116699,1550002869920
4378,99,Gyroscope,0.0033903066,0.030915894,-0.017146988000000002,1550002869929
4379,99,Accelerometer,0.11971009,0.46447513,9.4774475,1550002869930
4380,99,Gyroscope,-0.025931226,0.024807245,-0.055020634000000006,1550002869939
4381,99,Accelerometer,0.5638345,0.48841715,9.999383,1550002869939
4382,99,Gyroscope,-0.025931226,-0.0026816929999999998,-0.07212486,1550002869949
4383,99,Accelerometer,1.0534488000000002,0.142455,10.547656,1550002869949
4384,99,Gyroscope,-0.00027488545,-0.033224955,-0.09289428,1550002869960
4385,99,Accelerometer,1.5562311000000002,0.36631286,9.886856,1550002869960
4386,99,Gyroscope,-0.034483336,-0.027727167999999996,-0.12465927,1550002869969
4387,99,Accelerometer,2.3259668,0.47405192,9.894038,1550002869970
4388,99,Gyroscope,-0.010659594,-0.046663992,-0.10816591,1550002869979
4389,99,Accelerometer,1.4496891,0.7398083000000001,9.922769,1550002869980
4390,99,Gyroscope,-0.03203988,-0.042387932999999996,-0.12649186,1550002869989
4391,99,Accelerometer,1.9105729999999999,1.0666169,9.329007,1550002869989
4392,99,Gyroscope,-0.06930265599999999,-0.027727167999999996,-0.10083552400000001,1550002869999
4393,99,Accelerometer,1.4544774999999999,1.2198458,9.593566000000001,1550002870000
4394,99,Gyroscope,-0.029596416,-0.011233807,-0.08128784,1550002870010
4395,99,Accelerometer,0.6679823,0.6967127,9.76116,1550002870010
4396,99,Gyroscope,-0.008826999,-0.008790346,-0.07273573,1550002870019
4397,99,Accelerometer,0.22385786,1.0031705,10.011353999999999,1550002870020
4398,99,Gyroscope,-0.037537664,-0.030170628999999997,-0.07090313,1550002870029
4399,99,Accelerometer,0.92416185,1.2629413999999999,10.005369,1550002870030
4400,99,Gyroscope,-0.0008857511,-0.047274857999999996,-0.04280333,1550002870039
4401,99,Accelerometer,0.79846627,1.0474633,9.3026705,1550002870039
4402,99,Gyroscope,-0.018600842,-0.0057360195,-0.039138135,1550002870050
4403,99,Accelerometer,1.0522517,1.2210428999999998,9.592369,1550002870050
4404,99,Gyroscope,-0.019211708,-0.011233807,-0.05807496,1550002870059
4405,99,Accelerometer,1.5035586,0.7469909,9.205706,1550002870060
4406,99,Gyroscope,-0.018600842,-0.012455538,-0.071513996,1550002870069
4407,99,Accelerometer,0.92775315,1.328782,10.029311,1550002870070
4408,99,Gyroscope,-0.03509419999999999,-0.017953325,-0.10999849999999999,1550002870079
4409,99,Accelerometer,1.9393034,1.2761095,9.818622,1550002870079
4410,99,Gyroscope,-0.00027488545,-0.025894572999999997,-0.09900293,1550002870089
4411,99,Accelerometer,1.1324573999999998,1.0151415000000001,9.384072999999999,1550002870089
4412,99,Gyroscope,-0.016157383,-0.010622941,-0.11183110000000002,1550002870100
4413,99,Accelerometer,1.3826513999999999,1.2737153,9.14585,1550002870100
4414,99,Gyroscope,-0.04853324,0.01625513,-0.10388985,1550002870109
4415,99,Accelerometer,1.7764976000000003,0.92775315,9.372103,1550002870110
4416,99,Gyroscope,0.017440207,0.0058704205,-0.07945524,1550002870119
4417,99,Accelerometer,0.7062895,0.9792285,9.818622,1550002870120
4418,99,Gyroscope,0.010109824,-0.0039034244,-0.09045081599999999,1550002870129
4419,99,Accelerometer,0.9947908000000001,1.0223241,9.545682000000001,1550002870129
4420,99,Gyroscope,-0.04242459,0.006481286,-0.09106168,1550002870140
4421,99,Accelerometer,1.0749966,1.163582,9.479841,1550002870140
4422,99,Gyroscope,0.0021685753,0.013200805,-0.083120435,1550002870149
4423,99,Accelerometer,0.4381389,0.50757074,8.938752000000001,1550002870150
4424,99,Gyroscope,-0.032650746,0.010146476,-0.07090313,1550002870159
4425,99,Accelerometer,0.62967503,0.6775591,8.875306,1550002870160
4426,99,Gyroscope,-0.0790765,0.043744065,-0.09839206,1550002870169
4427,99,Accelerometer,0.5518635000000001,1.1839328000000002,9.643844999999999,1550002870169
4428,99,Gyroscope,-0.024709495,0.046187527,-0.116718024,1550002870179
4429,99,Accelerometer,0.14006079999999999,1.3239936,9.411607,1550002870179
4430,99,Gyroscope,0.008277228000000001,0.02786157,-0.06907053,1550002870190
4431,99,Accelerometer,2.0027497,0.21667525,8.151060000000001,1550002870190
4432,99,Gyroscope,-0.022876898,0.07062214,-0.04646852,1550002870199
4433,99,Accelerometer,2.7281928,2.4791958,9.200917,1550002870200
4434,99,Gyroscope,-0.0014966168,0.104830585,-0.017757852,1550002870209
4435,99,Accelerometer,2.3223755,1.0031705,10.86369,1550002870210
4436,99,Gyroscope,-0.07846563,0.03152676,-0.071513996,1550002870219
4437,99,Accelerometer,1.4101848999999997,0.3172317,11.828553,1550002870219
4438,99,Gyroscope,0.09257663,-0.039944474,-0.04463592,1550002870229
4439,99,Accelerometer,3.3303347000000003,1.2066777,10.109517,1550002870230
4440,99,Gyroscope,0.041263953,0.0009834989999999999,-0.041581597000000005,1550002870239
4441,99,Accelerometer,0.79248077,1.411382,8.519767,1550002870240
4442,99,Gyroscope,-0.034483336,0.06756781,-0.020201313999999998,1550002870249
4443,99,Accelerometer,0.58777654,1.4437037,10.443508,1550002870250
4444,99,Gyroscope,0.1054048,0.025418106,0.0744828,1550002870259
4445,99,Accelerometer,1.9225439999999998,1.6472107,11.237185499999999,1550002870260
4446,99,Gyroscope,0.0650877,-0.006346885,0.06287636,1550002870269
4447,99,Accelerometer,0.5327099000000001,0.9552864999999999,8.998607000000002,1550002870269
4448,99,Gyroscope,-0.011881325,0.041300602,0.05554598,1550002870279
4449,99,Accelerometer,0.22625206,1.4077905000000002,10.263943,1550002870280
4450,99,Gyroscope,0.035155296,0.04435493,0.07998059,1550002870289
4451,99,Accelerometer,1.0330979999999998,1.0606314,10.240001,1550002870290
4452,99,Gyroscope,-0.010659594,0.022974647999999997,0.06287636,1550002870299
4453,99,Accelerometer,0.26336220000000005,1.0845733999999998,9.982624000000001,1550002870300
4454,99,Gyroscope,-0.068080924,0.010757342,0.0024007012,1550002870309
4455,99,Accelerometer,0.4141969,0.47285482,10.149021000000001,1550002870309
4456,99,Gyroscope,-0.0027183462,-0.024672844,0.0066767577,1550002870319
4457,99,Accelerometer,0.6895300999999999,1.1061212,10.115502000000001,1550002870319
4458,99,Gyroscope,0.030268377000000003,-0.013677267,0.0024007012,1550002870330
4459,99,Accelerometer,0.9983820999999999,0.81163436,8.957906,1550002870330
4460,99,Gyroscope,-0.005161807,0.022974647999999997,-0.020812178,1550002870339
4461,99,Accelerometer,0.94092125,1.1887212,9.14226,1550002870340
4462,99,Gyroscope,0.008277228000000001,0.013811666499999998,0.0005681054,1550002870349
4463,99,Accelerometer,1.661576,0.6536171,9.593566000000001,1550002870349
4464,99,Gyroscope,0.02477059,0.011979073,-0.021423044,1550002870359
4465,99,Accelerometer,1.3204023,0.8750806999999999,10.120291,1550002870359
4466,99,Gyroscope,-0.01004873,0.0034269579,-0.04769025,1550002870370
4467,99,Accelerometer,1.2030864,0.12808979,8.943541,1550002870370
4468,99,Gyroscope,-0.027152957000000002,0.0058704205,-0.067237936,1550002870379
4469,99,Accelerometer,1.1228806,0.9588778,9.5013895,1550002870380
4470,99,Gyroscope,-0.03509419999999999,0.015644263000000002,-0.07640091,1550002870389
4471,99,Accelerometer,0.6715736,1.0881646999999999,9.842564,1550002870389
4472,99,Gyroscope,-0.052198432,0.0077030174,-0.10694418,1550002870399
4473,99,Accelerometer,0.3890578,0.8367735000000001,10.093954,1550002870399
4474,99,Gyroscope,-0.026542092000000003,-0.0039034244,-0.09533774,1550002870410
4475,99,Accelerometer,0.24420857,1.1408371000000002,10.605117,1550002870410
4476,99,Gyroscope,-0.035705067,-0.028338033999999998,-0.09594861,1550002870419
4477,99,Accelerometer,0.7422025,0.9959879,10.298658,1550002870420
4478,99,Gyroscope,-0.008216133,-0.05460524,-0.078844376,1550002870429
4479,99,Accelerometer,1.0067618,1.5394716999999998,10.05445,1550002870430
4480,99,Gyroscope,-0.01127046,-0.042387932999999996,-0.06907053,1550002870439
4481,99,Accelerometer,1.483208,1.3060371000000002,9.854534,1550002870439
4482,99,Gyroscope,-0.010659594,-0.04055534,-0.06662707,1550002870449
4483,99,Accelerometer,0.9947908000000001,1.3455413999999999,9.940725,1550002870450
4484,99,Gyroscope,0.03882049,-0.079650715,-0.049522847,1550002870460
4485,99,Accelerometer,0.94810385,1.3958195,10.287885000000001,1550002870460
4486,99,Gyroscope,0.05348126,-0.09797667,-0.031196889,1550002870469
4487,99,Accelerometer,1.2078748,1.0833763,10.223241,1550002870470
4488,99,Gyroscope,0.041263953,-0.07232033,-0.03608381,1550002870479
4489,99,Accelerometer,1.401805,1.0821792,8.840589999999999,1550002870480
4490,99,Gyroscope,-0.009437865,-0.06498995,-0.0018753556,1550002870489
4491,99,Accelerometer,0.29807812,1.3599066,9.774328,1550002870489
4492,99,Gyroscope,0.030879242,-0.06865514,-0.031807754,1550002870500
4493,99,Accelerometer,0.9947908000000001,1.3215994,9.604341,1550002870500
4494,99,Gyroscope,-0.0021074805,-0.029559765,-0.013481795,1550002870509
4495,99,Accelerometer,0.31364042,1.7142484,9.244013,1550002870510
4496,99,Gyroscope,-0.02898555,0.011979073,-0.048301116,1550002870519
4497,99,Accelerometer,0.29209262,1.436521,9.046491,1550002870520
4498,99,Gyroscope,0.011942419,0.016865995,-0.02447737,1550002870529
4499,99,Accelerometer,-0.36870706,2.492364,9.853337,1550002870529
4500,99,Gyroscope,0.01316415,0.0009834989999999999,0.016450599999999996,1550002870539
4501,99,Accelerometer,0.36870706,0.7206547,9.61272,1550002870539
4502,99,Gyroscope,-0.01127046,0.08222858,-0.011649198999999999,1550002870550
4503,99,Accelerometer,1.8638860000000002,1.4891934,9.008183500000001,1550002870550
4504,99,Gyroscope,-0.041813724,0.12132395,0.028667906,1550002870559
4505,99,Accelerometer,-1.0809821000000002,1.4041992,8.839393,1550002870560
4506,99,Gyroscope,-0.12672399,0.05473964,-0.028142562000000003,1550002870569
4507,99,Accelerometer,0.81642276,1.30484,12.46182,1550002870570
4508,99,Gyroscope,0.021716263,-0.07170947,0.020726658000000002,1550002870579
4509,99,Accelerometer,1.8698715,0.22984336,10.764331,1550002870579
4510,99,Gyroscope,-0.0063835381999999994,-0.036890145,0.0054550273,1550002870589
4511,99,Accelerometer,1.163582,1.5358804,8.043321,1550002870590
4512,99,Gyroscope,-0.18170187,-0.00817948,-0.0037079514000000003,1550002870599
4513,99,Accelerometer,1.6472107,0.5542577,11.544841,1550002870600
4514,99,Gyroscope,-0.006994404,-0.059492163,0.0054550273,1550002870609
4515,99,Accelerometer,1.2186487,0.8499416,10.514136,1550002870610
4516,99,Gyroscope,0.04615087,-0.11385917,-0.016536122,1550002870619
4517,99,Accelerometer,1.9225439999999998,0.62967503,8.987833,1550002870619
4518,99,Gyroscope,-0.049144104,-0.09492235,-0.021423044,1550002870629
4519,99,Accelerometer,0.80325466,0.9696517,10.281899000000001,1550002870629
4520,99,Gyroscope,0.090133175,-0.09919839999999999,-0.05807496,1550002870640
4521,99,Accelerometer,0.30765492,0.81043726,9.390058999999999,1550002870640
4522,99,Gyroscope,0.036377028,-0.09186802,0.013396275,1550002870649
4523,99,Accelerometer,0.7505821999999999,0.79367787,8.093599000000001,1550002870650
4524,99,Gyroscope,-0.04670064,-0.02222938,-0.005540547,1550002870659
4525,99,Accelerometer,-0.8355764000000001,1.1384428999999998,10.114305499999999,1550002870660
4526,99,Gyroscope,0.02354886,-0.032003224,0.020726658000000002,1550002870669
4527,99,Accelerometer,0.33877954,1.2761095,10.092757,1550002870669
4528,99,Gyroscope,0.019883668,-0.026505437000000003,0.026224446000000002,1550002870679
4529,99,Accelerometer,0.5470751,1.6112977,9.01417,1550002870679
4530,99,Gyroscope,-0.04425718,-0.0020708293,0.0030115664,1550002870690
4531,99,Accelerometer,-0.20709845,1.2198458,9.424775,1550002870690
4532,99,Gyroscope,0.010109824,0.028472435,0.0036224315000000003,1550002870699
4533,99,Accelerometer,0.7721300999999999,1.8411411,9.715671,1550002870700
4534,99,Gyroscope,0.0058337674,0.027250702999999998,0.030500501,1550002870709
4535,99,Accelerometer,0.7074866,1.8028339,9.306262,1550002870710
4536,99,Gyroscope,-0.037537664,0.033359356,0.017672332,1550002870719
4537,99,Accelerometer,0.5781997,1.0714053,10.079589,1550002870720
4538,99,Gyroscope,0.018661937,0.03702455,0.035387423,1550002870729
4539,99,Accelerometer,1.0666169,1.2557588,10.802638,1550002870729
4540,99,Gyroscope,0.012553285,0.018698592,0.044550404,1550002870739
4541,99,Accelerometer,0.7685388000000001,0.8475474000000001,10.176555,1550002870740
4542,99,Gyroscope,-0.017989976,-0.011844671999999999,0.031111367,1550002870750
4543,99,Accelerometer,0.7577648,0.93254155,10.217255999999999,1550002870750
4544,99,Gyroscope,0.006444632,-0.026505437000000003,0.05126992,1550002870759
4545,99,Accelerometer,1.2844891999999999,1.1935096,9.502586,1550002870760
4546,99,Gyroscope,0.0113315545,-0.025283707000000002,0.05737857,1550002870769
4547,99,Accelerometer,0.6344634,1.2162545,9.149442,1550002870770
4548,99,Gyroscope,0.0033903066,-0.015509863999999998,0.056767705999999994,1550002870779
4549,99,Accelerometer,0.6955156,1.3838485,10.389638,1550002870779
4550,99,Gyroscope,0.06264423599999999,-0.014288133,0.061654627000000004,1550002870789
4551,99,Accelerometer,0.7290344,1.13964,9.931149000000001,1550002870789
4552,99,Gyroscope,0.043096546,0.0015943646,0.05554598,1550002870800
4553,99,Accelerometer,0.06823475,1.7812861,9.65821,1550002870800
4554,99,Gyroscope,0.0058337674,0.009535611,0.06348722400000001,1550002870809
4555,99,Accelerometer,0.18914193,0.9684546,10.042479,1550002870810
4556,99,Gyroscope,0.0070554977,-0.024672844,0.05737857,1550002870819
4557,99,Accelerometer,0.15801731,0.7577648,10.005369,1550002870820
4558,99,Gyroscope,0.0015577096,-0.035057552,0.056767705999999994,1550002870829
4559,99,Accelerometer,0.79367787,0.7457938000000001,8.848969,1550002870830
4560,99,Gyroscope,0.011942419,-0.0026816929999999998,0.0323331,1550002870839
4561,99,Accelerometer,0.22146365,0.9816226999999998,8.775947,1550002870839
4562,99,Gyroscope,-0.0137139205,0.028472435,0.026224446000000002,1550002870850
4563,99,Accelerometer,0.008379705999999999,0.7170634,9.431957,1550002870850
4564,99,Gyroscope,-0.016157383,0.030915894,0.015839735,1550002870859
4565,99,Accelerometer,0.23343466,1.2306197,10.449492999999999,1550002870860
4566,99,Gyroscope,-0.03203988,0.043744065,0.031722232999999996,1550002870869
4567,99,Accelerometer,0.51595044,0.9648633,9.482236,1550002870870
4568,99,Gyroscope,-0.04670064,0.05962656400000001,0.014618006999999999,1550002870879
4569,99,Accelerometer,0.30765492,1.5598223999999998,8.773552,1550002870879
4570,99,Gyroscope,-0.091293804,0.07795252,-0.012260064499999999,1550002870889
4571,99,Accelerometer,0.5662286999999999,0.91817635,9.835381,1550002870889
4572,99,Gyroscope,-0.016157383,0.037635416,-0.012260064499999999,1550002870900
4573,99,Accelerometer,-0.5662286999999999,1.210269,10.523713,1550002870900
4574,99,Gyroscope,0.00033598019999999995,0.03824628,-0.010427468,1550002870909
4575,99,Accelerometer,0.7194576,0.7757214,9.829395,1550002870910
4576,99,Gyroscope,-0.0033292117999999997,0.05168531,-0.0067622773,1550002870919
4577,99,Accelerometer,0.41299978,1.0175357,9.807847,1550002870920
4578,99,Gyroscope,-0.052809298,0.052296177,-0.011649198999999999,1550002870929
4579,99,Accelerometer,0.26815059999999996,1.0893618,10.801441,1550002870929
4580,99,Gyroscope,-0.09190467,-0.017953325,-0.009205738,1550002870939
4581,99,Accelerometer,0.6512229,0.5518635000000001,12.604275,1550002870940
4582,99,Gyroscope,0.025992319,-0.091257155,-0.023866504,1550002870949
4583,99,Accelerometer,1.3323733,-0.15442601,10.636241,1550002870950
4584,99,Gyroscope,-0.02532036,-0.042998800000000004,-0.030586022999999997,1550002870959
4585,99,Accelerometer,0.9684546,1.2162545,9.665392,1550002870960
4586,99,Gyroscope,-0.06930265599999999,-0.036890145,-0.025088236,1550002870969
4587,99,Accelerometer,1.1994951,0.22744916,9.498994999999999,1550002870970
4588,99,Gyroscope,0.0492052,-0.07781812,-0.033640347,1550002870979
4589,99,Accelerometer,1.1599906999999998,0.9672575000000001,10.873267,1550002870979
4590,99,Gyroscope,0.010720688999999999,-0.09370062,-0.031196889,1550002870989
4591,99,Accelerometer,1.5358804,1.0546459,9.376891,1550002870990
4592,99,Gyroscope,-0.016157383,-0.08759196,-0.031196889,1550002871000
4593,99,Accelerometer,1.6567876,1.0354922,9.080010000000001,1550002871000
4594,99,Gyroscope,0.027824916,-0.056437835,-0.017146988000000002,1550002871009
4595,99,Accelerometer,0.8798690999999998,1.8459294999999998,10.229227,1550002871010
4596,99,Gyroscope,-0.018600842,-0.010012077,-0.017146988000000002,1550002871019
4597,99,Accelerometer,0.700304,0.9983820999999999,8.591593,1550002871020
4598,99,Gyroscope,-0.034483336,0.0028160921999999997,-0.004929682,1550002871029
4599,99,Accelerometer,0.074220255,1.7657237000000001,9.713275999999999,1550002871030
4600,99,Gyroscope,0.018661937,0.019309454,-0.019590449,1550002871039
4601,99,Accelerometer,0.10295067,1.1420341999999999,9.625888,1550002871039
4602,99,Gyroscope,-0.04547891,0.03274849,-0.022644775,1550002871050
4603,99,Accelerometer,0.11492168,1.9117701,9.153033,1550002871050
4604,99,Gyroscope,-0.046089776,0.029083297,-0.0030970859999999998,1550002871059
4605,99,Accelerometer,0.49440265,1.4736311000000002,10.160992,1550002871060
4606,99,Gyroscope,0.035155296,0.005259555,-0.0012644903,1550002871069
4607,99,Accelerometer,0.6703765,0.94690675,8.943541,1550002871070
4608,99,Gyroscope,0.030268377000000003,0.01992032,0.015228872,1550002871079
4609,99,Accelerometer,0.93613285,1.210269,9.255983,1550002871080
4610,99,Gyroscope,0.035766162000000004,0.0022052303,0.02317012,1550002871089
4611,99,Accelerometer,1.0785878999999998,0.7038953,9.79827,1550002871089
4612,99,Gyroscope,0.03882049,0.012589939,0.018283198,1550002871099
4613,99,Accelerometer,1.4748282,0.6715736,9.2547865,1550002871100
4614,99,Gyroscope,0.0076663624,0.023585513,0.0066767577,1550002871110
4615,99,Accelerometer,1.3096284,0.842759,9.830592,1550002871110
4616,99,Gyroscope,0.016218476000000003,0.015033398,-0.007373143,1550002871119
4617,99,Accelerometer,1.3958195,0.51954174,10.078392,1550002871120
4618,99,Gyroscope,0.025992319,-0.00817948,-0.0067622773,1550002871129
4619,99,Accelerometer,1.0199299000000002,0.9852139999999999,9.859323,1550002871130
4620,99,Gyroscope,-0.01004873,0.009535611,0.014618006999999999,1550002871139
4621,99,Accelerometer,1.532289,0.6907272,10.086772,1550002871140
4622,99,Gyroscope,-0.01127046,0.0077030174,0.0024007012,1550002871149
4623,99,Accelerometer,0.9780314,1.1061212,10.693702,1550002871149
4624,99,Gyroscope,0.016829342,-0.006957751,0.0024007012,1550002871160
4625,99,Accelerometer,0.9732430000000001,1.4520833,10.036493,1550002871160
4626,99,Gyroscope,-0.02165517,-0.0075686146,0.009120219,1550002871169
4627,99,Accelerometer,1.3563153000000001,1.6208745,9.725247,1550002871170
4628,99,Gyroscope,-0.0008857511,-0.024672844,0.03355483,1550002871179
4629,99,Accelerometer,1.4736311000000002,1.3611037,9.6845455,1550002871180
4630,99,Gyroscope,0.0021685753,-0.036890145,0.036609154,1550002871189
4631,99,Accelerometer,1.1982979999999999,0.8355764000000001,9.249998,1550002871190
4632,99,Gyroscope,-0.04425718,-0.011233807,0.030500501,1550002871199
4633,99,Accelerometer,1.1587936,1.1516110000000002,10.201694,1550002871199
4634,99,Gyroscope,0.019883668,-0.013066402,0.03722002,1550002871209
4635,99,Accelerometer,1.1504139,0.9576806999999999,10.33098,1550002871210
4636,99,Gyroscope,0.030879242,-0.02222938,0.021337522,1550002871220
4637,99,Accelerometer,0.9660603999999999,1.2186487,9.507375,1550002871220
4638,99,Gyroscope,-0.033261612,-0.01734246,0.040274344,1550002871229
4639,99,Accelerometer,1.1133038,0.92535895,9.153033,1550002871230
4640,99,Gyroscope,-0.016157383,0.008924745,0.0323331,1550002871239
4641,99,Accelerometer,0.94211835,1.4041992,9.441533999999999,1550002871240
4642,99,Gyroscope,0.014996746000000002,0.01625513,0.018894061,1550002871249
4643,99,Accelerometer,0.35673606,1.2054806,8.623915,1550002871249
4644,99,Gyroscope,-0.044868045,0.030915894,0.019504927,1550002871259
4645,99,Accelerometer,0.48003745,0.92655605,9.294291000000001,1550002871259
4646,99,Gyroscope,-0.046089776,0.026639838,0.026224446000000002,1550002871270
4647,99,Accelerometer,0.7015011,1.0486604,9.953894,1550002871270
4648,99,Gyroscope,-0.020433438999999998,0.03580282,0.0048441626,1550002871279
4649,99,Accelerometer,0.36391866,1.1815386,9.562441999999999,1550002871280
4650,99,Gyroscope,-0.02532036,0.029083297,0.0048441626,1550002871289
4651,99,Accelerometer,0.6811504,1.0905589,9.297882000000001,1550002871290
4652,99,Gyroscope,-0.006994404,0.018087726000000002,0.016450599999999996,1550002871299
4653,99,Accelerometer,0.9540894,0.8834603999999999,9.088389,1550002871300
4654,99,Gyroscope,-0.027152957000000002,0.078563385,-0.005540547,1550002871309
4655,99,Accelerometer,0.6428431,1.5083469999999999,10.405201,1550002871309
4656,99,Gyroscope,-0.09373727,0.053517907999999996,-0.018368717,1550002871319
4657,99,Accelerometer,1.1288661,1.0019734,11.951855,1550002871320
4658,99,Gyroscope,-0.01127046,-0.07170947,0.03966348,1550002871330
4659,99,Accelerometer,0.7697359,0.29807812,11.401189,1550002871330
4660,99,Gyroscope,0.060200773,-0.10652878,-0.021423044,1550002871339
4661,99,Accelerometer,2.4744074,1.1659763,8.955511,1550002871340
4662,99,Gyroscope,-0.085185155,-0.010622941,0.018283198,1550002871349
4663,99,Accelerometer,2.0123265,1.0271125,7.8086886,1550002871350
4664,99,Gyroscope,-0.07602217,-0.030781494,0.06959588,1550002871359
4665,99,Accelerometer,0.35434186,0.5590460999999999,10.123882,1550002871359
4666,99,Gyroscope,0.036377028,-0.11202657,0.0030115664,1550002871369
4667,99,Accelerometer,1.9405005000000002,0.7314286,11.281479,1550002871369
4668,99,Gyroscope,0.033322702999999995,-0.1272982,-0.025088236,1550002871380
4669,99,Accelerometer,1.6998832,1.0809821000000002,9.569624000000001,1550002871380
4670,99,Gyroscope,-0.022876898,-0.08026158,-0.020812178,1550002871389
4671,99,Accelerometer,0.90620536,0.08619126,8.949525999999999,1550002871390
4672,99,Gyroscope,0.038209625,-0.05277264,-0.0043188166,1550002871399
4673,99,Accelerometer,-0.31603462,1.6364368,9.792285000000001,1550002871400
4674,99,Gyroscope,0.03882049,-0.034446687000000004,-0.02203391,1550002871409
4675,99,Accelerometer,0.1364695,0.78050977,9.91439,1550002871409
4676,99,Gyroscope,0.00033598019999999995,0.006481286,0.0024007012,1550002871419
4677,99,Accelerometer,0.18674773,1.0235212,9.277532,1550002871419
4678,99,Gyroscope,0.008277228000000001,0.032137625,0.048215594,1550002871429
4679,99,Accelerometer,-0.81043726,2.1404164,9.469068,1550002871430
4680,99,Gyroscope,-0.018600842,0.071233004,0.0323331,1550002871440
4681,99,Accelerometer,0.40222588,0.8463503000000001,8.856152999999999,1550002871440
4682,99,Gyroscope,-0.05708535,0.092002414,0.04393954,1550002871449
4683,99,Accelerometer,-0.08619126,2.3666685000000003,9.78989,1550002871450
4684,99,Gyroscope,-0.034483336,0.092002414,0.064708956,1550002871459
4685,99,Accelerometer,-0.12090719,0.7637503000000001,9.668983,1550002871460
4686,99,Gyroscope,0.0021685753,0.0852829,0.022559252999999998,1550002871469
4687,99,Accelerometer,0.6679823,1.6819267,9.497798,1550002871469
4688,99,Gyroscope,-0.052809298,0.101776265,0.044550404,1550002871479
4689,99,Accelerometer,0.7302314999999999,1.412579,9.448717,1550002871480
4690,99,Gyroscope,-0.0137139205,0.07489819,0.06043289599999999,1550002871490
4691,99,Accelerometer,0.80205756,0.5494693,10.374075999999999,1550002871490
4692,99,Gyroscope,0.013775015,0.056572236,0.043328673,1550002871499
4693,99,Accelerometer,1.1982979999999999,1.0654198000000001,10.740389,1550002871500
4694,99,Gyroscope,-0.039981127000000005,0.044965795999999995,0.040274344,1550002871509
4695,99,Accelerometer,1.423353,0.60453594,10.061633,1550002871510
4696,99,Gyroscope,-0.005161807,0.016865995,0.04088521,1550002871519
4697,99,Accelerometer,1.2808979,0.9576806999999999,10.066421499999999,1550002871519
4698,99,Gyroscope,0.011942419,-0.0032925587,0.0323331,1550002871529
4699,99,Accelerometer,1.0486604,0.9840169,9.588778,1550002871529
4700,99,Gyroscope,0.0094989585,-0.028338033999999998,0.058600303,1550002871540
4701,99,Accelerometer,1.0761937,1.1156979999999999,9.490616000000001,1550002871540
4702,99,Gyroscope,0.036987893,-0.01978592,0.07020674,1550002871549
4703,99,Accelerometer,0.7673416999999999,1.4496891,9.502586,1550002871550
4704,99,Gyroscope,-0.009437865,0.00037263334000000003,0.06654155,1550002871559
4705,99,Accelerometer,0.18076223,1.2904748,9.938332,1550002871560
4706,99,Gyroscope,-0.008826999,0.005259555,0.04210694,1550002871569
4707,99,Accelerometer,0.1592144,0.9564835999999999,10.228029,1550002871570
4708,99,Gyroscope,-0.0021074805,-0.010012077,0.032943964,1550002871579
4709,99,Accelerometer,0.46208093,1.1432313,9.779117,1550002871579
4710,99,Gyroscope,-0.029596416,-0.012455538,0.012174546000000001,1550002871589
4711,99,Accelerometer,0.32800564,1.0785878999999998,9.324219,1550002871590
4712,99,Gyroscope,0.006444632,-0.0026816929999999998,0.0054550273,1550002871600
4713,99,Accelerometer,0.4429273,1.0031705,9.382876,1550002871600
4714,99,Gyroscope,-0.0027183462,0.018087726000000002,0.0017898360000000002,1550002871610
4715,99,Accelerometer,-0.16400282,1.1156979999999999,9.330204,1550002871610
4716,99,Gyroscope,-0.02409863,0.035191953,0.0036224315000000003,1550002871619
4717,99,Accelerometer,0.32561144,1.3491327,9.858125999999999,1550002871620
4718,99,Gyroscope,0.016218476000000003,0.041911468,0.026224446000000002,1550002871629
4719,99,Accelerometer,0.5638345,1.270124,10.605117,1550002871629
4720,99,Gyroscope,0.004612036,0.04557666,0.035387423,1550002871639
4721,99,Accelerometer,0.6787562,1.2916718999999999,10.178948,1550002871640
4722,99,Gyroscope,-0.01004873,0.011979073,0.05249165,1550002871650
4723,99,Accelerometer,1.0582372,1.340753,9.836577,1550002871650
4724,99,Gyroscope,0.030879242,-0.0039034244,0.06715242,1550002871660
4725,99,Accelerometer,1.2964603000000001,1.3084313,9.512163000000001,1550002871660
4726,99,Gyroscope,-0.0014966168,0.0077030174,0.06531982,1550002871669
4727,99,Accelerometer,1.4604629999999998,1.5885528,9.556455999999999,1550002871670
4728,99,Gyroscope,-0.0057726726,0.0058704205,0.06409809,1550002871679
4729,99,Accelerometer,0.82480246,1.5059528,10.001778,1550002871679
4730,99,Gyroscope,0.0113315545,-0.011233807,0.04882646,1550002871689
4731,99,Accelerometer,0.7026982,0.60573304,10.198102,1550002871689
4732,99,Gyroscope,0.08097019,-0.04910745,0.07753713,1550002871700
4733,99,Accelerometer,1.8447324,0.7793127,8.689755,1550002871700
4734,99,Gyroscope,0.059589908,0.00037263334000000003,0.07570453,1550002871709
4735,99,Accelerometer,0.9900024,1.6304513,9.275136999999999,1550002871710
4736,99,Gyroscope,0.016218476000000003,0.03824628,0.04882646,1550002871719
4737,99,Accelerometer,-0.059855044,0.25617957,10.41358,1550002871720
4738,99,Gyroscope,-0.02165517,0.010757342,0.06837415,1550002871729
4739,99,Accelerometer,0.27174190000000004,0.50158525,11.139024000000001,1550002871730
4740,99,Gyroscope,0.05653558,-0.04422053,0.064708956,1550002871739
4741,99,Accelerometer,0.5506664000000001,0.059855044,9.187749,1550002871739
4742,99,Gyroscope,0.017440207,-0.006346885,0.037830885,1550002871749
4743,99,Accelerometer,0.39025488,1.2689268999999999,8.856152999999999,1550002871749
4744,99,Gyroscope,-0.053420155999999996,0.030305027999999998,0.095252216,1550002871760
4745,99,Accelerometer,0.7517793,1.328782,9.952697,1550002871760
4746,99,Gyroscope,0.06630943,0.008924745,0.080591455,1550002871769
4747,99,Accelerometer,0.94690675,1.0666169,9.76116,1550002871770
4748,99,Gyroscope,-0.0137139205,0.011979073,0.10197174,1550002871779
4749,99,Accelerometer,0.79008657,0.9612719999999999,9.167398,1550002871780
4750,99,Gyroscope,0.004612036,0.039468005,0.06104376,1550002871789
4751,99,Accelerometer,0.9540894,0.81163436,9.555259,1550002871790
4752,99,Gyroscope,-0.011881325,0.03580282,0.09708481,1550002871799
4753,99,Accelerometer,0.20590134,0.63206923,10.660183,1550002871799
4754,99,Gyroscope,-0.027763822999999997,0.020531185,0.04393954,1550002871809
4755,99,Accelerometer,0.7386111999999999,0.44651863,10.090363499999999,1550002871809
4756,99,Gyroscope,-0.016768249,0.0009834989999999999,0.0726502,1550002871820
4757,99,Accelerometer,0.49559975,0.7529764,10.429143,1550002871820
4758,99,Gyroscope,-0.051587567,0.032137625,0.03844175,1550002871829
4759,99,Accelerometer,0.40821138,0.49559975,9.655814999999999,1550002871830
4760,99,Gyroscope,-0.07480045,0.03580282,0.018894061,1550002871839
4761,99,Accelerometer,0.45250413,1.3084313,9.8042555,1550002871840
4762,99,Gyroscope,-0.0137139205,0.01625513,0.014007141,1550002871849
4763,99,Accelerometer,0.6907272,0.31483752,10.177752,1550002871850
4764,99,Gyroscope,0.0058337674,0.0040378235,0.015839735,1550002871859
4765,99,Accelerometer,0.3196259,0.688333,9.993398,1550002871859
4766,99,Gyroscope,-0.030818147999999997,0.015033398,-0.000653625,1550002871869
4767,99,Accelerometer,0.89543146,0.7745243,9.202114,1550002871870
4768,99,Gyroscope,-0.011881325,0.013811666499999998,-4.2759813000000006e-05,1550002871880
4769,99,Accelerometer,0.5315128,0.89423436,9.743203999999999,1550002871880
4770,99,Gyroscope,0.010720688999999999,0.008313879,-0.016536122,1550002871889
4771,99,Accelerometer,0.7757214,0.7541734999999999,9.933542999999998,1550002871890
4772,99,Gyroscope,-0.0027183462,0.0022052303,-0.025088236,1550002871899
4773,99,Accelerometer,1.0606314,0.94690675,9.326611999999999,1550002871900
4774,99,Gyroscope,-0.010659594,0.0040378235,-0.018979583,1550002871909
4775,99,Accelerometer,0.94930094,0.9804255999999999,9.7958765,1550002871910
4776,99,Gyroscope,0.016218476000000003,-0.0075686146,-0.023866504,1550002871919
4777,99,Accelerometer,0.8583213,1.0139444,9.849746000000001,1550002871919
4778,99,Gyroscope,-0.016768249,0.006481286,-0.02692083,1550002871930
4779,99,Accelerometer,0.9864110999999999,0.6679823,9.457097000000001,1550002871930
4780,99,Gyroscope,0.0027794409999999997,-0.00817948,-0.03302948,1550002871939
4781,99,Accelerometer,0.79487497,0.78170687,9.677363,1550002871940
4782,99,Gyroscope,-0.0027183462,-0.013066402,-0.029975157000000002,1550002871949
4783,99,Accelerometer,0.94810385,1.2413936,9.736021000000001,1550002871950
4784,99,Gyroscope,-0.022876898,-0.012455538,-0.034251212999999996,1550002871959
4785,99,Accelerometer,1.1145009,1.3204023,9.827001,1550002871960
4786,99,Gyroscope,0.0070554977,-0.00817948,-0.016536122,1550002871969
4787,99,Accelerometer,0.59615624,1.7381904,10.067618,1550002871969
4788,99,Gyroscope,0.0052229017,-0.0057360195,-0.010427468,1550002871979
4789,99,Accelerometer,0.7326256999999999,1.1504139,9.41879,1550002871980
4790,99,Gyroscope,0.0094989585,0.008924745,-0.007984008,1550002871990
4791,99,Accelerometer,0.6452374,1.3682863,10.220847000000001,1550002871990
4792,99,Gyroscope,0.010720688999999999,-0.0075686146,-0.0030970859999999998,1550002871999
4793,99,Accelerometer,1.0510546,0.6392518,9.876082,1550002872000
4794,99,Gyroscope,0.00033598019999999995,-0.016731594,-0.0030970859999999998,1550002872009
4795,99,Accelerometer,1.0606314,1.5969325,10.275913000000001,1550002872010
4796,99,Gyroscope,0.011942419,-0.035057552,-0.0037079514000000003,1550002872019
4797,99,Accelerometer,1.1911154,0.89303726,9.81503,1550002872020
4798,99,Gyroscope,0.020494534,-0.028948900000000003,-0.010427468,1550002872029
4799,99,Accelerometer,0.92655605,1.4185646,9.821015,1550002872029
4800,99,Gyroscope,0.011942419,-0.011844671999999999,0.008509354,1550002872040
4801,99,Accelerometer,0.9504981,1.055843,9.938332,1550002872040
4802,99,Gyroscope,0.025992319,-0.024672844,0.009731084000000001,1550002872049
4803,99,Accelerometer,0.91697925,1.22224,9.757569,1550002872050
4804,99,Gyroscope,-0.010659594,-0.035668418,0.024391849,1550002872059
4805,99,Accelerometer,0.7685388000000001,1.1779473,9.491813,1550002872060
4806,99,Gyroscope,-0.02532036,-0.039944474,0.023780985,1550002872069
4807,99,Accelerometer,0.61650693,1.1444284,9.818622,1550002872070
4808,99,Gyroscope,0.0033903066,-0.04605312599999999,0.0127854105,1550002872079
4809,99,Accelerometer,0.5805939,1.1623849,9.506178,1550002872079
4810,99,Gyroscope,0.0052229017,-0.019175055,0.030500501,1550002872089
4811,99,Accelerometer,0.82121116,0.8283938,8.743625,1550002872090
4812,99,Gyroscope,-0.041813724,0.01992032,0.017672332,1550002872099
4813,99,Accelerometer,0.38067806,1.1575965,9.473856,1550002872100
4814,99,Gyroscope,0.0021685753,0.020531185,0.007287623399999999,1550002872109
4815,99,Accelerometer,-0.19512744,1.1695676000000002,8.9124155,1550002872110
4816,99,Gyroscope,-0.059528813,0.066956945,-0.011038333999999999,1550002872119
4817,99,Accelerometer,-0.4285621,1.1923125,10.405201,1550002872120
4818,99,Gyroscope,-0.051587567,0.05168531,0.016450599999999996,1550002872129
4819,99,Accelerometer,0.8595184000000001,0.47764325,11.43351,1550002872129
4820,99,Gyroscope,-0.01004873,-0.016731594,0.0109528145,1550002872139
4821,99,Accelerometer,1.3479356000000002,1.3994108,10.407595,1550002872139
4822,99,Gyroscope,0.013775015,-0.039333608,0.008509354,1550002872150
4823,99,Accelerometer,1.4772223999999998,1.4640543,8.759186999999999,1550002872150
4824,99,Gyroscope,-0.038759395,0.004648689,0.023780985,1550002872159
4825,99,Accelerometer,1.412579,1.30484,9.050082000000002,1550002872160
4826,99,Gyroscope,-0.047311507,0.01625513,0.0323331,1550002872169
4827,99,Accelerometer,1.3215994,1.1360487,10.126275999999999,1550002872170
4828,99,Gyroscope,-0.0027183462,-0.028338033999999998,0.013396275,1550002872179
4829,99,Accelerometer,1.1097125,1.0055646999999999,10.585963000000001,1550002872180
4830,99,Gyroscope,0.029657512999999996,-0.042998800000000004,0.0005681054,1550002872189
4831,99,Accelerometer,0.82240826,0.81283146,10.011353999999999,1550002872189
4832,99,Gyroscope,0.010109824,-0.033224955,0.009731084000000001,1550002872199
4833,99,Accelerometer,0.47884035,0.9612719999999999,9.791088,1550002872200
4834,99,Gyroscope,0.018051071000000002,-0.025283707000000002,0.017061466,1550002872210
4835,99,Accelerometer,0.7062895,0.8475474000000001,9.473856,1550002872210
4836,99,Gyroscope,0.025381455,-0.025283707000000002,0.006065893,1550002872219
4837,99,Accelerometer,0.80205756,1.3670892,9.41041,1550002872220
4838,99,Gyroscope,0.029046647000000002,-0.0020708293,0.012174546000000001,1550002872229
4839,99,Accelerometer,0.533907,2.0039468,10.072407,1550002872230
4840,99,Gyroscope,-0.0045509413,-0.0014599635999999999,0.018283198,1550002872239
4841,99,Accelerometer,0.8631097,0.93373865,9.671378,1550002872239
4842,99,Gyroscope,0.025381455,0.008313879,0.03599829,1550002872249
4843,99,Accelerometer,-0.075417355,1.1563994,9.673772,1550002872249
4844,99,Gyroscope,0.016829342,0.010146476,0.015228872,1550002872260
4845,99,Accelerometer,0.38187516,1.0402806,9.520543,1550002872260
4846,99,Gyroscope,-0.01127046,0.036413684,-0.000653625,1550002872269
4847,99,Accelerometer,0.9684546,1.4568716999999998,9.65821,1550002872270
4848,99,Gyroscope,-0.0008857511,0.030915894,0.040274344,1550002872279
4849,99,Accelerometer,0.38187516,0.93373865,9.488221000000001,1550002872280
4850,99,Gyroscope,0.00033598019999999995,0.015644263000000002,0.007898489,1550002872289
4851,99,Accelerometer,0.78050977,1.2030864,9.8198185,1550002872290
4852,99,Gyroscope,-0.019822573,0.013200805,0.0109528145,1550002872299
4853,99,Accelerometer,1.0630256,1.3563153000000001,9.689333999999999,1550002872299
4854,99,Gyroscope,-0.014935651999999999,0.016865995,0.022559252999999998,1550002872309
4855,99,Accelerometer,0.48003745,1.0151415000000001,9.933542999999998,1550002872309
4856,99,Gyroscope,0.0040011713,0.014422532,0.028667906,1550002872320
4857,99,Accelerometer,0.39983168,1.9273324,10.474632000000001,1550002872320
4858,99,Gyroscope,0.0021685753,0.01625513,0.03416569,1550002872329
4859,99,Accelerometer,0.7733272,1.9656396,10.243592,1550002872330
4860,99,Gyroscope,-0.00027488545,0.0040378235,0.08364577599999999,1550002872339
4861,99,Accelerometer,0.06943185,2.2254104999999997,10.240001,1550002872340
4862,99,Gyroscope,-0.0027183462,-0.016731594,0.11235645,1550002872349
4863,99,Accelerometer,0.25378537,2.3199813,10.387244,1550002872350
4864,99,Gyroscope,0.01560761,-0.006346885,0.11174558,1550002872359
4865,99,Accelerometer,0.8535328999999999,2.148796,9.546878999999999,1550002872359
4866,99,Gyroscope,0.01560761,0.011979073,0.15694961,1550002872369
4867,99,Accelerometer,-0.062249242999999996,2.1404164,9.14585,1550002872369
4868,99,Gyroscope,0.017440207,0.041911468,0.17099951,1550002872380
4869,99,Accelerometer,-0.10295067,1.8327613999999999,9.315839,1550002872380
4870,99,Gyroscope,0.03210097,0.039468005,0.18749288,1550002872389
4871,99,Accelerometer,0.16759412,2.055422,9.793482000000001,1550002872390
4872,99,Gyroscope,0.041263953,0.043744065,0.21803614,1550002872399
4873,99,Accelerometer,0.062249242999999996,1.3814543,9.463082,1550002872400
4874,99,Gyroscope,-0.0008857511,0.051074445,0.22231220000000004,1550002872409
4875,99,Accelerometer,0.21667525,1.4856021000000001,9.797073,1550002872410
4876,99,Gyroscope,0.029657512999999996,0.03152676,0.21681441,1550002872419
4877,99,Accelerometer,0.94211835,1.1324573999999998,10.072407,1550002872419
4878,99,Gyroscope,0.035155296,0.027250702999999998,0.22719912,1550002872429
4879,99,Accelerometer,0.5410896,1.5131354,9.560047,1550002872429
4880,99,Gyroscope,-0.014324786,0.03580282,0.21986873,1550002872440
4881,99,Accelerometer,0.4333505,1.3838485,9.866506,1550002872440
4882,99,Gyroscope,0.0040011713,0.040689737000000004,0.21376008,1550002872450
4883,99,Accelerometer,0.35434186,1.8255788,10.268730999999999,1550002872450
4884,99,Gyroscope,-0.010659594,0.060848295999999996,0.21925788,1550002872459
4885,99,Accelerometer,0.3172317,1.0235212,9.82341,1550002872460
4886,99,Gyroscope,-0.0137139205,0.041911468,0.21131662,1550002872469
4887,99,Accelerometer,-0.0047884034,1.8638860000000002,9.928755,1550002872470
4888,99,Gyroscope,0.029046647000000002,0.034581087999999996,0.2064297,1550002872479
4889,99,Accelerometer,-0.10654198,1.0163386,10.03769,1550002872479
4890,99,Gyroscope,0.016829342,0.046798393,0.20948403,1550002872489
4891,99,Accelerometer,-0.34237084,0.90859956,9.381680000000001,1550002872490
4892,99,Gyroscope,-0.0008857511,0.04435493,0.20765144,1550002872500
4893,99,Accelerometer,-0.30526072,1.2617443000000002,10.091560000000001,1550002872500
4894,99,Gyroscope,0.0052229017,0.044965795999999995,0.21498181,1550002872509
4895,99,Accelerometer,0.015562311,1.1420341999999999,10.414778,1550002872510
4896,99,Gyroscope,0.016218476000000003,0.03580282,0.19971018,1550002872519
4897,99,Accelerometer,-0.12808979,0.91099375,10.327389,1550002872520
4898,99,Gyroscope,0.0094989585,0.028472435,0.17894076,1550002872529
4899,99,Accelerometer,-0.24061728,0.89662856,10.007763,1550002872529
4900,99,Gyroscope,0.0094989585,0.022974647999999997,0.1606148,1550002872539
4901,99,Accelerometer,0.37708676,1.0223241,9.941922,1550002872539
4902,99,Gyroscope,0.018051071000000002,0.005259555,0.1606148,1550002872549
4903,99,Accelerometer,1.2425906999999998,1.3694833999999998,9.720459,1550002872550
4904,99,Gyroscope,0.022327128999999998,-0.011233807,0.16122568,1550002872560
4905,99,Accelerometer,1.6005238000000002,1.3670892,8.981848,1550002872560
4906,99,Gyroscope,0.024159724,-0.006346885,0.16611259,1550002872569
4907,99,Accelerometer,1.6915035,1.4209588,8.343793,1550002872570
4908,99,Gyroscope,0.028435782000000003,0.060848295999999996,0.18993634,1550002872579
4909,99,Accelerometer,1.6089035,1.9333179,10.120291,1550002872580
4910,99,Gyroscope,0.016829342,0.082839444,0.18688202,1550002872589
4911,99,Accelerometer,0.4141969,0.5374983,9.720459,1550002872589
4912,99,Gyroscope,-0.010659594,0.07917425,0.15817134,1550002872599
4913,99,Accelerometer,-0.35913026,1.0366893,10.759542,1550002872599
4914,99,Gyroscope,-0.041202857999999995,0.02786157,0.16855605,1550002872610
4915,99,Accelerometer,0.62009823,1.3958195,10.825383,1550002872610
4916,99,Gyroscope,0.0113315545,-0.019175055,0.17588644,1550002872619
4917,99,Accelerometer,1.1288661,2.622848,9.689333999999999,1550002872620
4918,99,Gyroscope,0.046761736,-0.0039034244,0.13679107,1550002872629
4919,99,Accelerometer,0.077811554,2.2062569,8.980651,1550002872630
4920,99,Gyroscope,-0.0033292117999999997,0.030915894,0.2009319,1550002872639
4921,99,Accelerometer,0.30885202,2.1440077,9.051279,1550002872640
4922,99,Gyroscope,0.024159724,0.03274849,0.2064297,1550002872649
4923,99,Accelerometer,0.022744916,2.4229321,9.929952,1550002872649
4924,99,Gyroscope,0.04615087,0.039468005,0.24980114,1550002872659
4925,99,Accelerometer,0.30765492,1.7322049,10.141838,1550002872660
4926,99,Gyroscope,0.0009468458599999999,0.025418106,0.2815661,1550002872670
4927,99,Accelerometer,0.9588778,1.6017209,10.022128,1550002872670
4928,99,Gyroscope,0.029657512999999996,0.013811666499999998,0.3114985,1550002872679
4929,99,Accelerometer,1.0474633,1.9859903,10.324995,1550002872680
4930,99,Gyroscope,0.0492052,-0.00084909797,0.33593312,1550002872689
4931,99,Accelerometer,1.2150573999999998,2.3127987,10.208876,1550002872690
4932,99,Gyroscope,0.014996746000000002,-0.00817948,0.35364822,1550002872699
4933,99,Accelerometer,1.6903063999999999,1.9740193,9.854534,1550002872700
4934,99,Gyroscope,0.018661937,-0.008790346,0.39091098,1550002872709
4935,99,Accelerometer,0.48003745,1.9500773,10.283096,1550002872709
4936,99,Gyroscope,0.014996746000000002,-0.024672844,0.38235888,1550002872719
4937,99,Accelerometer,1.2210428999999998,2.1547816,10.504559500000001,1550002872720
4938,99,Gyroscope,0.031490106000000004,-0.04544226,0.40862608,1550002872730
4939,99,Accelerometer,1.0067618,1.7824832,9.475052999999999,1550002872730
4940,99,Gyroscope,0.0113315545,-0.06560081,0.42817378,1550002872739
4941,99,Accelerometer,0.4321534000000001,2.219425,9.618706,1550002872740
4942,99,Gyroscope,0.026603185,-0.06560081,0.40801522,1550002872749
4943,99,Accelerometer,1.2808979,2.0446482,8.682572,1550002872750
4944,99,Gyroscope,0.035155296,-0.00817948,0.44100195,1550002872759
4945,99,Accelerometer,0.009576807,2.0422540000000002,8.779537,1550002872760
4946,99,Gyroscope,0.042485684,0.005259555,0.4379476,1550002872769
4947,99,Accelerometer,-0.016759411999999998,1.8686744,9.557653,1550002872770
4948,99,Gyroscope,0.05470299,0.026028972,0.43428242,1550002872779
4949,99,Accelerometer,0.37110126,1.5119383,9.516952,1550002872779
4950,99,Gyroscope,0.022937994,0.052907042,0.4733778,1550002872789
4951,99,Accelerometer,-0.32800564,1.6412252,9.23683,1550002872789
4952,99,Gyroscope,0.027824916,0.06451348,0.46665829999999997,1550002872800
4953,99,Accelerometer,-0.05865794,1.5059528,9.1590185,1550002872800
4954,99,Gyroscope,0.044318277,0.08894809,0.48131904,1550002872809
4955,99,Accelerometer,-0.08738836,1.6879122,9.751583,1550002872810
4956,99,Gyroscope,0.030879242,0.113382705,0.48620597,1550002872819
4957,99,Accelerometer,0.029927522,1.4736311000000002,9.475052999999999,1550002872820
4958,99,Gyroscope,0.021105397,0.11582617,0.49720153,1550002872829
4959,99,Accelerometer,0.045489833,1.9141643,10.085575,1550002872830
4960,99,Gyroscope,0.029657512999999996,0.09627848,0.5008667,1550002872839
4961,99,Accelerometer,0.24420857,1.9907787000000001,10.024523,1550002872839
4962,99,Gyroscope,0.034544434,0.09627848,0.5210253,1550002872849
4963,99,Accelerometer,0.31124622,1.9105729999999999,9.682152,1550002872849
4964,99,Gyroscope,0.024159724,0.10544146,0.5393511999999999,1550002872860
4965,99,Accelerometer,0.6332663000000001,2.2601264,10.078392,1550002872860
4966,99,Gyroscope,0.044929143,0.09688934,0.54545987,1550002872869
4967,99,Accelerometer,0.9612719999999999,2.2397757,9.809045,1550002872870
4968,99,Gyroscope,0.052870392999999995,0.08100685,0.57600313,1550002872879
4969,99,Accelerometer,0.82480246,2.480393,9.589975,1550002872880
4970,99,Gyroscope,0.033322702999999995,0.08161771,0.5680619,1550002872889
4971,99,Accelerometer,1.6136919,1.6567876,9.850943,1550002872890
4972,99,Gyroscope,0.07363981,0.057793967,0.5906639,1550002872899
4973,99,Accelerometer,1.0833763,1.6041151000000002,9.907207000000001,1550002872899
4974,99,Gyroscope,0.06203337,0.060848295999999996,0.60104865,1550002872909
4975,99,Accelerometer,1.42455,1.650802,10.02572,1550002872910
4976,99,Gyroscope,0.036987893,0.02786157,0.6065464,1550002872920
4977,99,Accelerometer,1.2066777,2.2002714,10.427945,1550002872920
4978,99,Gyroscope,0.08280279,0.019309454,0.61448765,1550002872929
4979,99,Accelerometer,0.94331545,2.0482395,9.812635,1550002872930
4980,99,Gyroscope,0.04187482,0.03580282,0.6242615,1550002872939
4981,99,Accelerometer,0.60453594,2.1152773,9.215282,1550002872940
4982,99,Gyroscope,0.04554001,0.04557666,0.6444201,1550002872949
4983,99,Accelerometer,0.26336220000000005,1.6555905,9.651027000000001,1550002872950
4984,99,Gyroscope,0.058979042,0.05473964,0.6450309000000001,1550002872959
4985,99,Accelerometer,0.05746084,1.5466543,9.657013000000001,1550002872959
4986,99,Gyroscope,0.04554001,0.043744065,0.65297216,1550002872970
4987,99,Accelerometer,0.21547815,1.3934253,9.639056,1550002872970
4988,99,Gyroscope,0.051037795999999996,0.034581087999999996,0.6474744,1550002872979
4989,99,Accelerometer,0.32920274,1.6328455,9.483433,1550002872980
4990,99,Gyroscope,0.049816065,0.0431332,0.6456418,1550002872989
4991,99,Accelerometer,0.7565677,1.8088194,9.277532,1550002872990
4992,99,Gyroscope,0.0492052,0.049241855999999994,0.6407549,1550002872999
4993,99,Accelerometer,0.50158525,1.447295,9.475052999999999,1550002873000
4994,99,Gyroscope,0.035766162000000004,0.071233004,0.6315919,1550002873009
4995,99,Accelerometer,0.58897364,1.6891093000000001,10.172963000000001,1550002873009
4996,99,Gyroscope,0.035766162000000004,0.066956945,0.63464624,1550002873019
4997,99,Accelerometer,0.92176765,1.4269443000000002,10.236409,1550002873020
4998,99,Gyroscope,0.042485684,0.046798393,0.62181807,1550002873030
4999,99,Accelerometer,0.5327099000000001,1.484405,9.660604,1550002873030
5000,99,Gyroscope,0.065698564,0.042522334,0.6267050000000001,1550002873039
5001,99,Accelerometer,0.8619126,1.6915035,9.776722999999999,1550002873040
5002,99,Gyroscope,0.047372602,0.04435493,0.6431983,1550002873049
5003,99,Accelerometer,0.90859956,1.8579005000000002,9.385271000000001,1550002873050
5004,99,Gyroscope,0.041263953,0.039468005,0.6431983,1550002873059
5005,99,Accelerometer,0.24181437,1.5047556999999998,9.551667,1550002873060
5006,99,Gyroscope,0.074250676,0.03580282,0.65113956,1550002873070
5007,99,Accelerometer,0.60932434,1.6699557,9.586383999999999,1550002873070
5008,99,Gyroscope,0.07363981,0.040689737000000004,0.67496336,1550002873080
5009,99,Accelerometer,0.4261679,1.5957354,9.210494,1550002873080
5010,99,Gyroscope,0.017440207,0.05596137,0.6651895,1550002873090
5011,99,Accelerometer,-1.1994951,0.6715736,10.022128,1550002873090
5012,99,Gyroscope,-0.023487763,0.071233004,0.6621352,1550002873099
5013,99,Accelerometer,-0.16160862,1.4137761999999998,11.81778,1550002873099
5014,99,Gyroscope,-0.025931226,-0.015509863999999998,0.6804611,1550002873109
5015,99,Accelerometer,0.50637364,0.3866636,10.740389,1550002873110
5016,99,Gyroscope,0.07730500400000001,-0.04605312599999999,0.5949399999999999,1550002873119
5017,99,Accelerometer,-0.044292733,1.3587095,8.911219000000001,1550002873120
5018,99,Gyroscope,0.052870392999999995,0.0022052303,0.6425875,1550002873129
5019,99,Accelerometer,0.7757214,1.6292541999999999,8.400057,1550002873130
5020,99,Gyroscope,0.012553285,0.03152676,0.6621352,1550002873139
5021,99,Accelerometer,-0.36870706,1.22224,9.619903,1550002873139
5022,99,Gyroscope,0.074250676,0.014422532,0.6438092,1550002873149
5023,99,Accelerometer,0.17238252,1.650802,9.876082,1550002873150
5024,99,Gyroscope,0.06753115,0.021752916,0.63403535,1550002873159
5025,99,Accelerometer,0.6835446,1.2964603000000001,8.966286,1550002873160
5026,99,Gyroscope,0.05348126,0.049241855999999994,0.65113956,1550002873169
5027,99,Accelerometer,-0.29927522,1.4077905000000002,9.229648,1550002873170
5028,99,Gyroscope,0.057146445,0.07611992,0.6401439999999999,1550002873179
5029,99,Accelerometer,-0.22744916,0.6895300999999999,9.352949,1550002873180
5030,99,Gyroscope,0.058979042,0.07001127,0.6383114000000001,1550002873189
5031,99,Accelerometer,-0.36990416,0.90021986,9.733627,1550002873190
5032,99,Gyroscope,0.055313855,0.07734165,0.63037014,1550002873199
5033,99,Accelerometer,-0.1448492,0.89902276,9.7240505,1550002873200
5034,99,Gyroscope,0.081581056,0.06512435,0.6334245,1550002873209
5035,99,Accelerometer,0.025139118,1.4041992,9.563639,1550002873209
5036,99,Gyroscope,0.10662653,0.062680885,0.6468635,1550002873219
5037,99,Accelerometer,-0.16759412,1.2605472,9.1590185,1550002873220
5038,99,Gyroscope,0.02721405,0.061459154,0.63708967,1550002873229
5039,99,Accelerometer,-0.20590134,1.9069817,10.802638,1550002873229
5040,99,Gyroscope,0.011942419,0.079785116,0.5863879,1550002873239
5041,99,Accelerometer,0.20829555,0.7314286,10.638636,1550002873240
5042,99,Gyroscope,0.068752885,0.055350505,0.59860516,1550002873249
5043,99,Accelerometer,-1.1923125,1.0462662,11.276689999999999,1550002873249
5044,99,Gyroscope,0.03882049,0.033359356,0.5167492,1550002873259
5045,99,Accelerometer,0.46926352,1.0498575,10.244789,1550002873260
5046,99,Gyroscope,0.04554001,0.03824628,0.54851425,1550002873269
5047,99,Accelerometer,0.36990416,1.3251906999999998,9.537302,1550002873269
5048,99,Gyroscope,0.010720688999999999,0.052296177,0.56745106,1550002873280
5049,99,Accelerometer,-0.35913026,1.4449007999999999,9.755175,1550002873280
5050,99,Gyroscope,0.028435782000000003,0.041300602,0.54545987,1550002873289
5051,99,Accelerometer,0.6955156,1.1839328000000002,10.075998,1550002873290
5052,99,Gyroscope,0.068752885,0.019309454,0.56012064,1550002873299
5053,99,Accelerometer,0.6584055,1.5490485,10.280702,1550002873300
5054,99,Gyroscope,0.06203337,0.022363782000000002,0.5729488,1550002873309
5055,99,Accelerometer,1.0737995,1.7202339,9.52174,1550002873310
5056,99,Gyroscope,0.018051071000000002,0.026639838,0.58516616,1550002873319
5057,99,Accelerometer,1.7776948000000001,2.3523033,9.339781,1550002873319
5058,99,Gyroscope,0.029046647000000002,0.010757342,0.6212072,1550002873330
5059,99,Accelerometer,1.5945383,3.0107086,9.932345,1550002873330
5060,99,Gyroscope,0.036377028,0.01992032,0.6651895,1550002873339
5061,99,Accelerometer,0.9864110999999999,2.3918076,9.574411999999999,1550002873340
5062,99,Gyroscope,0.044318277,0.034581087999999996,0.6835154,1550002873349
5063,99,Accelerometer,0.3878607,1.4377182,9.604341,1550002873350
5064,99,Gyroscope,0.09074404,0.04985272,0.703674,1550002873359
5065,99,Accelerometer,-0.27533320000000006,2.3139958,8.872911,1550002873360
5066,99,Gyroscope,0.061422504,0.06512435,0.7110044,1550002873369
5067,99,Accelerometer,0.4285621,2.3319526,8.986636,1550002873369
5068,99,Gyroscope,0.0094989585,0.08772636,0.70489573,1550002873379
5069,99,Accelerometer,0.35913026,1.9596541,9.8437605,1550002873380
5070,99,Gyroscope,0.031490106000000004,0.093224145,0.6963436,1550002873389
5071,99,Accelerometer,0.60453594,1.4915876000000001,9.783905,1550002873390
5072,99,Gyroscope,0.031490106000000004,0.09444588,0.7110044,1550002873399
5073,99,Accelerometer,0.78170687,1.650802,9.884461,1550002873400
5074,99,Gyroscope,0.019883668,0.09566761,0.72016734,1550002873409
5075,99,Accelerometer,0.9804255999999999,1.2892777,9.832987,1550002873410
5076,99,Gyroscope,0.032711837,0.08100685,0.72505426,1550002873419
5077,99,Accelerometer,1.0630256,1.7537526999999997,9.947908,1550002873419
5078,99,Gyroscope,0.04004222,0.07550906,0.74521285,1550002873430
5079,99,Accelerometer,1.4329298000000001,1.8231846,9.6845455,1550002873430
5080,99,Gyroscope,0.033322702999999995,0.07367646,0.7476563,1550002873439
5081,99,Accelerometer,1.3383588,2.183512,9.842564,1550002873440
5082,99,Gyroscope,0.05653558,0.05962656400000001,0.75926274,1550002873449
5083,99,Accelerometer,1.2844891999999999,2.432509,9.837775,1550002873450
5084,99,Gyroscope,0.08280279,0.051074445,0.7653714,1550002873459
5085,99,Accelerometer,1.091756,2.6683377999999998,9.713275999999999,1550002873460
5086,99,Gyroscope,0.091965765,0.05596137,0.7739235,1550002873469
5087,99,Accelerometer,0.92296475,2.6515784,9.625888,1550002873470
5088,99,Gyroscope,0.06692029,0.061459154,0.79652554,1550002873479
5089,99,Accelerometer,0.61291564,2.2864625,9.637858999999999,1550002873480
5090,99,Gyroscope,0.051037795999999996,0.058404832999999996,0.803245,1550002873489
5091,99,Accelerometer,0.32561144,1.9273324,9.720459,1550002873489
5092,99,Gyroscope,0.091965765,0.056572236,0.8234036,1550002873500
5093,99,Accelerometer,0.9564835999999999,2.7138276,9.734824,1550002873500
5094,99,Gyroscope,0.10845913,0.058404832999999996,0.857612,1550002873509
5095,99,Accelerometer,0.6679823,2.1188686000000003,9.021352,1550002873510
5096,99,Gyroscope,0.042485684,0.090169825,0.8600555000000001,1550002873519
5097,99,Accelerometer,0.7457938000000001,2.3247697,10.188525,1550002873519
5098,99,Gyroscope,0.028435782000000003,0.09444588,0.8936530999999999,1550002873529
5099,99,Accelerometer,1.4041992,1.7393875,10.022128,1550002873530
5100,99,Gyroscope,0.036987893,0.06451348,0.8899879,1550002873539
5101,99,Accelerometer,1.1001357,1.9057846,9.7803135,1550002873540
5102,99,Gyroscope,0.06936375,0.04557666,0.8930421999999999,1550002873549
5103,99,Accelerometer,1.043872,1.5358804,9.185355,1550002873549
5104,99,Gyroscope,0.057146445,0.062680885,0.91503334,1550002873560
5105,99,Accelerometer,0.8487445,1.8435352999999999,9.271546,1550002873560
5106,99,Gyroscope,0.0650877,0.06512435,0.9235855,1550002873569
5107,99,Accelerometer,0.48722005,1.271321,9.67018,1550002873570
5108,99,Gyroscope,0.08097019,0.06329175,0.90098345,1550002873579
5109,99,Accelerometer,0.3172317,1.9105729999999999,9.884461,1550002873579
5110,99,Gyroscope,0.065698564,0.057793967,0.92297465,1550002873589
5111,99,Accelerometer,0.8607155000000001,1.7681179,9.325416,1550002873590
5112,99,Gyroscope,0.08646798,0.07001127,0.9272507,1550002873599
5113,99,Accelerometer,0.59256494,2.3175871,9.679757,1550002873600
5114,99,Gyroscope,0.058368175999999994,0.104830585,0.95473963,1550002873609
5115,99,Accelerometer,0.33877954,1.8483237000000001,9.546878999999999,1550002873610
5116,99,Gyroscope,0.09746355599999999,0.08467203400000001,0.95779395,1550002873619
5117,99,Accelerometer,0.4357447,2.5258827,9.950302,1550002873620
5118,99,Gyroscope,0.09807442,0.093224145,0.97184384,1550002873629
5119,99,Accelerometer,0.28012159999999997,2.255338,9.428367,1550002873629
5120,99,Gyroscope,0.074250676,0.10605232,0.9779525,1550002873640
5121,99,Accelerometer,0.19033903,1.7944542,9.299078999999999,1550002873640
5122,99,Gyroscope,0.10296135,0.11277183,0.9791742,1550002873649
5123,99,Accelerometer,0.5279215,1.7202339,9.374496,1550002873650
5124,99,Gyroscope,0.09257663,0.11949136,1.0060523000000001,1550002873659
5125,99,Accelerometer,0.33638534,1.4317327,9.459491,1550002873659
5126,99,Gyroscope,0.068752885,0.12682173,0.99078065,1550002873669
5127,99,Accelerometer,0.56982,1.6053122,9.850943,1550002873670
5128,99,Gyroscope,0.07058548,0.12254568,0.98955894,1550002873679
5129,99,Accelerometer,0.42975920000000006,1.958457,10.026916499999999,1550002873680
5130,99,Gyroscope,0.041263953,0.12315654,1.0048306,1550002873689
5131,99,Accelerometer,-0.1448492,1.5131354,9.944317,1550002873689
5132,99,Gyroscope,0.055313855,0.12254568,0.9816176999999999,1550002873699
5133,99,Accelerometer,0.80445176,2.1942859,9.965864,1550002873700
5134,99,Gyroscope,0.059589908,0.12804347,1.0115501,1550002873709
5135,99,Accelerometer,0.2669535,1.7513584999999998,9.465475999999999,1550002873710
5136,99,Gyroscope,0.06081164,0.11521529400000001,1.0158261,1550002873719
5137,99,Accelerometer,-0.18914193,2.1667526,9.685742999999999,1550002873720
5138,99,Gyroscope,0.07974846,0.11888049,1.0066632,1550002873729
5139,99,Accelerometer,0.47285482,2.055422,9.412804,1550002873729
5140,99,Gyroscope,0.06264423599999999,0.113382705,1.0274325999999998,1550002873740
5141,99,Accelerometer,0.26336220000000005,2.2218192,9.434352,1550002873740
5142,99,Gyroscope,0.08341365,0.12010222,1.0329304,1550002873749
5143,99,Accelerometer,0.6955156,2.6192567,9.363723,1550002873750
5144,99,Gyroscope,0.060200773,0.1310978,1.0396498,1550002873759
5145,99,Accelerometer,1.3587095,2.6647465,9.809045,1550002873759
5146,99,Gyroscope,0.10479393599999999,0.13476297,1.0683606,1550002873770
5147,99,Accelerometer,0.8798690999999998,2.44448,9.306262,1550002873770
5148,99,Gyroscope,0.025381455,0.1115501,1.0934059999999999,1550002873779
5149,99,Accelerometer,0.51714754,3.6128504,11.962628,1550002873780
5150,99,Gyroscope,-0.06869179,0.1414825,1.0225457,1550002873789
5151,99,Accelerometer,1.2378023,1.602918,10.58716,1550002873789
5152,99,Gyroscope,-0.03509419999999999,0.092002414,1.0817996,1550002873799
5153,99,Accelerometer,-0.7386111999999999,3.064578,13.427879999999998,1550002873800
5154,99,Gyroscope,0.11151346,-0.00817948,1.0011654,1550002873809
5155,99,Accelerometer,1.2904748,3.4991257000000004,7.4256167,1550002873810
5156,99,Gyroscope,0.14999796,0.021752916,1.07508,1550002873819
5157,99,Accelerometer,-0.17357962,3.0705638,8.24204,1550002873820
5158,99,Gyroscope,0.047983468,0.11399356,1.1276145,1550002873829
5159,99,Accelerometer,0.29688102,2.2337902,10.024523,1550002873830
5160,99,Gyroscope,0.1054048,0.06451348,1.1624337,1550002873840
5161,99,Accelerometer,0.18076223,1.9967641999999999,10.836157,1550002873840
5162,99,Gyroscope,0.13167201,0.06756781,1.134334,1550002873849
5163,99,Accelerometer,0.8391677,2.1092918,10.156203,1550002873850
5164,99,Gyroscope,0.10968086,0.07795252,1.143497,1550002873859
5165,99,Accelerometer,0.32920274,1.5921441,8.803479,1550002873859
5166,99,Gyroscope,0.039431356,0.10727405,1.0970712,1550002873870
5167,99,Accelerometer,-0.5793968,1.6424223000000002,9.040505,1550002873870
5168,99,Gyroscope,0.06386597,0.11277183,1.0989038,1550002873879
5169,99,Accelerometer,0.2885013,1.270124,9.579201,1550002873880
5170,99,Gyroscope,0.06814202,0.102997996,1.0744692,1550002873889
5171,99,Accelerometer,-0.093373865,1.7956512999999998,9.692925,1550002873889
5172,99,Gyroscope,0.05164866,0.11093924,1.0726366000000003,1550002873899
5173,99,Accelerometer,0.023942016,1.4915876000000001,9.220071,1550002873900
5174,99,Gyroscope,0.07486154,0.1310978,1.0836322,1550002873909
5175,99,Accelerometer,0.15682021,1.9225439999999998,9.674969,1550002873910
5176,99,Gyroscope,0.03882049,0.12621087,1.1153971999999999,1550002873919
5177,99,Accelerometer,0.18195933,1.3239936,9.767146,1550002873920
5178,99,Gyroscope,0.06447683,0.1115501,1.0970712,1550002873929
5179,99,Accelerometer,-0.18076223,0.93613285,10.400413,1550002873930
5180,99,Gyroscope,0.08524625,0.0993328,1.0891298999999999,1550002873939
5181,99,Accelerometer,0.7469909,1.2557588,9.672575,1550002873939
5182,99,Gyroscope,0.08280279,0.08894809,1.1013473,1550002873950
5183,99,Accelerometer,0.32202014,1.3180081,9.603143,1550002873950
5184,99,Gyroscope,0.08280279,0.092002414,1.0732473999999999,1550002873959
5185,99,Accelerometer,0.15442601,1.5634137,9.739613,1550002873960
5186,99,Gyroscope,0.08830058,0.0852829,1.1007364,1550002873969
5187,99,Accelerometer,0.33279404,1.6436194,9.606734,1550002873969
5188,99,Gyroscope,0.096241824,0.0871155,1.0872973,1550002873980
5189,99,Accelerometer,-0.17238252,1.5227122,9.935937,1550002873980
5190,99,Gyroscope,0.10662653,0.08345031,1.0830213,1550002873989
5191,99,Accelerometer,0.11133038,1.483208,9.900024,1550002873990
5192,99,Gyroscope,0.10845913,0.07734165,1.0897409,1550002873999
5193,99,Accelerometer,0.10414778,1.5526398000000001,9.528922999999999,1550002873999
5194,99,Gyroscope,0.049816065,0.0852829,1.0683606,1550002874009
5195,99,Accelerometer,-0.8535328999999999,0.27174190000000004,9.76116,1550002874010
5196,99,Gyroscope,0.024159724,0.08100685,1.0408716,1550002874019
5197,99,Accelerometer,0.11492168,1.1312603,10.8182,1550002874020
5198,99,Gyroscope,0.08280279,0.05596137,1.0555323,1550002874029
5199,99,Accelerometer,0.24181437,1.0103531,10.445902,1550002874030
5200,99,Gyroscope,0.07791587,0.041911468,1.0017762,1550002874039
5201,99,Accelerometer,-0.31244332,1.4197617,9.119514,1550002874039
5202,99,Gyroscope,0.07852673,0.06451348,1.043315,1550002874050
5203,99,Accelerometer,0.20470424,1.3682863,8.974665,1550002874050
5204,99,Gyroscope,0.074250676,0.09078069,1.0530888999999999,1550002874059
5205,99,Accelerometer,-0.44173019999999996,1.2569559,9.625888,1550002874060
5206,99,Gyroscope,0.10601567,0.07673079,1.0359846,1550002874069
5207,99,Accelerometer,-0.10654198,1.1145009,9.762358,1550002874069
5208,99,Gyroscope,0.08219192,0.0871155,1.0335412,1550002874080
5209,99,Accelerometer,-0.19153613,1.1073183000000002,9.414000999999999,1550002874080
5210,99,Gyroscope,0.059589908,0.098721944,1.0207131,1550002874089
5211,99,Accelerometer,-0.40940848,1.4891934,10.073604,1550002874090
5212,99,Gyroscope,0.07730500400000001,0.103608854,0.9981110000000001,1550002874099
5213,99,Accelerometer,-0.4369418,0.21906945,10.020931,1550002874099
5214,99,Gyroscope,0.08524625,0.08955896,0.97550905,1550002874110
5215,99,Accelerometer,-0.6452374,0.49559975,10.334572,1550002874110
5216,99,Gyroscope,0.09502009,0.09261329,0.9156441999999999,1550002874119
5217,99,Accelerometer,0.3184288,0.46806642,9.79827,1550002874120
5218,99,Gyroscope,0.06264423599999999,0.10116539,0.9351919,1550002874129
5219,99,Accelerometer,-0.45489833,0.92775315,9.768343,1550002874129
5220,99,Gyroscope,0.05348126,0.10849578,0.89854,1550002874139
5221,99,Accelerometer,-0.15562311,0.7422025,9.643844999999999,1550002874140
5222,99,Gyroscope,0.07241808,0.09566761,0.89915085,1550002874150
5223,99,Accelerometer,-0.16160862,0.7158663000000001,10.128671,1550002874150
5224,99,Gyroscope,0.09990702,0.08161771,0.8905988000000001,1550002874159
5225,99,Accelerometer,0.06344634,0.59376204,10.184934,1550002874160
5226,99,Gyroscope,0.08219192,0.06023743,0.86921847,1550002874169
5227,99,Accelerometer,1.1156979999999999,1.5825673,9.998186,1550002874170
5228,99,Gyroscope,0.07058548,0.060848295999999996,0.88876617,1550002874180
5229,99,Accelerometer,0.9900024,1.9440918000000003,9.850943,1550002874180
5230,99,Gyroscope,0.06997461599999999,0.05901569999999999,0.8942639000000001,1550002874189
5231,99,Accelerometer,1.1851299,1.6448165000000001,9.794678999999999,1550002874190
5232,99,Gyroscope,0.08952231,0.06390262,0.9095356,1550002874199
5233,99,Accelerometer,1.1563994,1.9560628,9.722853,1550002874199
5234,99,Gyroscope,0.09868529,0.05962656400000001,0.9235855,1550002874210
5235,99,Accelerometer,1.0809821000000002,1.9416976000000001,9.434352,1550002874210
5236,99,Gyroscope,0.13900238,0.06512435,0.9467984,1550002874219
5237,99,Accelerometer,1.0055646999999999,2.3810337,8.754398,1550002874219
5238,99,Gyroscope,0.091965765,0.09444588,0.9828394,1550002874229
5239,99,Accelerometer,0.5231331,3.5326445,10.180145,1550002874230
5240,99,Gyroscope,0.0033903066,0.16408452,0.9651243,1550002874239
5241,99,Accelerometer,0.22266077,1.1947067,9.167398,1550002874239
5242,99,Gyroscope,0.0040011713,0.13903904,0.9828394,1550002874249
5243,99,Accelerometer,-1.0390834999999998,2.232593,11.665747999999999,1550002874250
5244,99,Gyroscope,0.068752885,0.09078069,0.8899879,1550002874259
5245,99,Accelerometer,2.0314799999999997,2.100912,10.487801,1550002874260
5246,99,Gyroscope,0.014385881000000001,0.10544146,0.9480200999999999,1550002874269
5247,99,Accelerometer,-0.08379706,2.4588451,9.803059,1550002874269
5248,99,Gyroscope,-0.044868045,0.12804347,0.96940035,1550002874280
5249,99,Accelerometer,1.0642227,1.7884687,10.425550999999999,1550002874280
5250,99,Gyroscope,0.065698564,0.10910665,0.9834503000000001,1550002874289
5251,99,Accelerometer,0.27892449999999996,1.8387468999999996,9.744401,1550002874290
5252,99,Gyroscope,0.06692029,0.12254568,0.97489816,1550002874299
5253,99,Accelerometer,0.7613561,1.9033904,9.850943,1550002874299
5254,99,Gyroscope,0.08524625,0.110328384,1.0225457,1550002874309
5255,99,Accelerometer,1.0187328000000002,1.3311761999999998,9.828198,1550002874310
5256,99,Gyroscope,0.07852673,0.11704790000000001,0.9858937,1550002874319
5257,99,Accelerometer,0.073023155,1.5227122,9.526527999999999,1550002874320
5258,99,Gyroscope,0.031490106000000004,0.12254568,0.9779525,1550002874329
5259,99,Accelerometer,0.58777654,1.3156139,9.937134,1550002874329
5260,99,Gyroscope,0.057146445,0.116437025,0.9516853000000001,1550002874340
5261,99,Accelerometer,0.91458505,1.99437,10.498574000000001,1550002874340
5262,99,Gyroscope,0.088911444,0.10605232,0.9510744000000001,1550002874349
5263,99,Accelerometer,0.81163436,2.1871033,9.624691,1550002874350
5264,99,Gyroscope,0.012553285,0.12682173,0.94374406,1550002874359
5265,99,Accelerometer,0.061052144,1.8818424999999999,9.594764,1550002874360
5266,99,Gyroscope,0.016829342,0.12560001,0.9761199,1550002874369
5267,99,Accelerometer,0.8283938,2.099715,10.268730999999999,1550002874370
5268,99,Gyroscope,0.059589908,0.10910665,0.9975002000000001,1550002874379
5269,99,Accelerometer,1.2533646,2.124854,9.740809,1550002874380
5270,99,Gyroscope,0.035155296,0.10605232,0.99078065,1550002874389
5271,99,Accelerometer,0.6787562,1.697489,9.424775,1550002874390
5272,99,Gyroscope,0.04615087,0.10971751,0.9901698,1550002874399
5273,99,Accelerometer,1.0271125,2.2732944,9.589975,1550002874399
5274,99,Gyroscope,0.07730500400000001,0.110328384,1.0170479,1550002874410
5275,99,Accelerometer,0.89782566,1.8758569999999999,9.299078999999999,1550002874410
5276,99,Gyroscope,0.04004222,0.11216097,0.98955894,1550002874419
5277,99,Accelerometer,0.29927522,1.6017209,10.055647,1550002874420
5278,99,Gyroscope,0.08830058,0.08772636,1.0115501,1550002874429
5279,99,Accelerometer,0.7757214,1.42455,10.224439,1550002874429
5280,99,Gyroscope,0.08524625,0.09688934,0.99139154,1550002874440
5281,99,Accelerometer,0.6500258000000001,1.7190368000000003,10.013748,1550002874440
5282,99,Gyroscope,0.06692029,0.085893765,0.98955894,1550002874449
5283,99,Accelerometer,0.7697359,1.6124948000000001,9.8198185,1550002874450
5284,99,Gyroscope,0.07180721,0.07550906,0.97856337,1550002874459
5285,99,Accelerometer,0.581791,1.6089035,10.014946,1550002874460
5286,99,Gyroscope,0.09257663,0.06940041,0.9724546999999999,1550002874469
5287,99,Accelerometer,0.90021986,1.5598223999999998,9.560047,1550002874470
5288,99,Gyroscope,0.085857116,0.07795252,0.97550905,1550002874479
5289,99,Accelerometer,0.60333884,1.484405,9.67018,1550002874480
5290,99,Gyroscope,0.07913759,0.078563385,0.9608483,1550002874489
5291,99,Accelerometer,0.35553896,1.5622166000000002,9.987411999999999,1550002874490
5292,99,Gyroscope,0.09563096,0.07489819,0.9706220999999999,1550002874499
5293,99,Accelerometer,0.60094464,1.6531962,9.866506,1550002874499
5294,99,Gyroscope,0.07119635,0.07917425,0.9639025999999999,1550002874510
5295,99,Accelerometer,0.29328972,1.496376,9.744401,1550002874510
5296,99,Gyroscope,0.074250676,0.078563385,0.95718306,1550002874519
5297,99,Accelerometer,0.010773907,1.2174516000000002,9.944317,1550002874519
5298,99,Gyroscope,0.07547241,0.09078069,0.95046353,1550002874529
5299,99,Accelerometer,0.35673606,1.2162545,9.589975,1550002874530
5300,99,Gyroscope,0.06203337,0.10727405,0.9602374,1550002874539
5301,99,Accelerometer,0.11611878,1.4820108,9.258378,1550002874539
5302,99,Gyroscope,0.06203337,0.10971751,0.952907,1550002874550
5303,99,Accelerometer,0.18435353,1.4173675,9.552864999999999,1550002874550
5304,99,Gyroscope,0.06447683,0.11704790000000001,0.95412874,1550002874559
5305,99,Accelerometer,0.42736499999999994,1.7729063000000003,9.715671,1550002874560
5306,99,Gyroscope,0.028435782000000003,0.12804347,0.9620700000000001,1550002874569
5307,99,Accelerometer,0.34117374,1.1947067,9.672575,1550002874569
5308,99,Gyroscope,0.047372602,0.11216097,0.9657351999999999,1550002874579
5309,99,Accelerometer,0.38067806,1.7441759,9.810242,1550002874580
5310,99,Gyroscope,0.06203337,0.10910665,0.9632917,1550002874589
5311,99,Accelerometer,1.1073183000000002,1.7525556,10.147824,1550002874590
5312,99,Gyroscope,0.05042693,0.10849578,0.9828394,1550002874599
5313,99,Accelerometer,0.60812724,1.4520833,9.137471000000001,1550002874600
5314,99,Gyroscope,0.058979042,0.1310978,0.99261326,1550002874609
5315,99,Accelerometer,0.7182605,1.9919758,9.566033000000001,1550002874609
5316,99,Gyroscope,0.048594332999999997,0.12376741,0.9950566999999999,1550002874619
5317,99,Accelerometer,0.9552864999999999,1.6316483999999998,9.856929,1550002874620
5318,99,Gyroscope,0.09868529,0.0993328,1.0152153,1550002874629
5319,99,Accelerometer,0.533907,1.7537526999999997,9.470264,1550002874630
5320,99,Gyroscope,0.068752885,0.10788492,1.0097174999999998,1550002874639
5321,99,Accelerometer,0.7673416999999999,1.5945383,9.695319999999999,1550002874639
5322,99,Gyroscope,0.07913759,0.101776265,1.0182695,1550002874649
5323,99,Accelerometer,0.5686229,1.5251063999999999,9.563639,1550002874650
5324,99,Gyroscope,0.09746355599999999,0.09688934,1.0243783000000002,1550002874659
5325,99,Accelerometer,0.25378537,1.7310078000000002,9.932345,1550002874660
5326,99,Gyroscope,0.059589908,0.0993328,0.9950566999999999,1550002874669
5327,99,Accelerometer,0.6476316,1.1767502,9.659407,1550002874669
5328,99,Gyroscope,0.068752885,0.082839444,1.0121609,1550002874680
5329,99,Accelerometer,0.12210429,1.1085154,9.999383,1550002874680
5330,99,Gyroscope,0.07241808,0.093224145,0.9865046000000001,1550002874689
5331,99,Accelerometer,0.45848963,1.0067618,9.977836,1550002874690
5332,99,Gyroscope,0.055313855,0.0993328,0.9828394,1550002874699
5333,99,Accelerometer,0.35913026,1.270124,9.623494,1550002874699
5334,99,Gyroscope,0.04554001,0.104830585,0.98894805,1550002874709
5335,99,Accelerometer,0.18794483,1.2533646,9.68694,1550002874710
5336,99,Gyroscope,0.06814202,0.09750021,0.9822285,1550002874719
5337,99,Accelerometer,0.6332663000000001,1.4329298000000001,9.864111,1550002874720
5338,99,Gyroscope,0.06997461599999999,0.09750021,0.98772633,1550002874729
5339,99,Accelerometer,0.32561144,1.8064252,10.113108,1550002874730
5340,99,Gyroscope,0.06386597,0.110328384,1.0048306,1550002874739
5341,99,Accelerometer,0.48722005,0.90381116,9.564836,1550002874740
5342,99,Gyroscope,0.07180721,0.10238712,0.97734165,1550002874749
5343,99,Accelerometer,0.23702596,1.8914193,10.455478999999999,1550002874749
5344,99,Gyroscope,0.06753115,0.08039598,0.98772633,1550002874759
5345,99,Accelerometer,1.0498575,0.7254431,9.503783,1550002874760
5346,99,Gyroscope,0.109069996,0.062680885,0.9510744000000001,1550002874769
5347,99,Accelerometer,0.37948096,1.5382746,8.784326,1550002874770
5348,99,Gyroscope,0.1212873,0.12621087,0.9602374,1550002874779
5349,99,Accelerometer,0.58538234,2.1021092,10.043676,1550002874780
5350,99,Gyroscope,0.04554001,0.14270425,0.9803959999999999,1550002874789
5351,99,Accelerometer,0.91458505,1.9847932000000001,11.634624,1550002874789
5352,99,Gyroscope,-0.013103055,0.0871155,0.96817863,1550002874799
5353,99,Accelerometer,-0.11492168,0.6584055,11.742362,1550002874799
5354,99,Gyroscope,0.025381455,0.039468005,0.86860764,1550002874810
5355,99,Accelerometer,0.47046062,2.4983494,11.656171,1550002874810
5356,99,Gyroscope,0.100517884,-0.016731594,0.9516853000000001,1550002874819
5357,99,Accelerometer,1.6184803,1.2964603000000001,8.5700445,1550002874820
5358,99,Gyroscope,0.06264423599999999,0.010146476,0.8759379999999999,1550002874829
5359,99,Accelerometer,-1.2844891999999999,2.3199813,8.462306,1550002874829
5360,99,Gyroscope,0.048594332999999997,0.049241855999999994,0.95351785,1550002874839
5361,99,Accelerometer,1.2186487,1.6627731,9.212888000000001,1550002874839
5362,99,Gyroscope,0.08341365,0.035191953,0.9602374,1550002874850
5363,99,Accelerometer,-0.08499416,1.3395559,10.255563,1550002874850
5364,99,Gyroscope,0.120676436,0.02114205,0.9040378000000001,1550002874859
5365,99,Accelerometer,-0.034715924,0.91219085,9.544485,1550002874860
5366,99,Gyroscope,0.09685269,0.041300602,0.9455766,1550002874869
5367,99,Accelerometer,0.61052144,1.3227965,9.443928999999999,1550002874869
5368,99,Gyroscope,0.06997461599999999,0.06634608,0.9162551,1550002874879
5369,99,Accelerometer,-0.007182605,1.1683705,9.575610000000001,1550002874880
5370,99,Gyroscope,0.08707885,0.07367646,0.88876617,1550002874889
5371,99,Accelerometer,-0.025139118,1.2030864,9.61272,1550002874890
5372,99,Gyroscope,0.09440923,0.09811107,0.8759379999999999,1550002874899
5373,99,Accelerometer,0.7110779,1.5394716999999998,9.546878999999999,1550002874899
5374,99,Gyroscope,0.07058548,0.09383502,0.88693357,1550002874909
5375,99,Accelerometer,0.521936,1.3934253,9.451111000000001,1550002874910
5376,99,Gyroscope,0.07852673,0.09750021,0.8747163,1550002874919
5377,99,Accelerometer,0.19512744,1.7286136000000003,9.520543,1550002874920
5378,99,Gyroscope,0.054092124000000005,0.098721944,0.89976174,1550002874929
5379,99,Accelerometer,0.59376204,1.5933412,9.952697,1550002874930
5380,99,Gyroscope,0.055313855,0.08650463,0.9101465,1550002874939
5381,99,Accelerometer,0.59376204,1.541866,10.530896,1550002874940
5382,99,Gyroscope,0.07486154,0.078563385,0.9095356,1550002874949
5383,99,Accelerometer,0.5243302,1.2090718999999999,10.141838,1550002874949
5384,99,Gyroscope,0.06447683,0.08161771,0.91503334,1550002874959
5385,99,Accelerometer,0.1388637,0.7469909,9.830592,1550002874960
5386,99,Gyroscope,0.06447683,0.079785116,0.89915085,1550002874969
5387,99,Accelerometer,-0.010773907,0.7733272,10.447099,1550002874970
5388,99,Gyroscope,0.08402452,0.056572236,0.8588338,1550002874979
5389,99,Accelerometer,0.33758244,0.8810662,10.012551,1550002874980
5390,99,Gyroscope,0.09807442,0.06207002,0.86677504,1550002874989
5391,99,Accelerometer,-0.18076223,0.6811504,9.755175,1550002874990
5392,99,Gyroscope,0.07852673,0.07245473,0.8319556999999999,1550002874999
5393,99,Accelerometer,-0.023942016,0.8786719999999999,9.54209,1550002874999
5394,99,Gyroscope,0.07119635,0.073065594,0.8227926999999999,1550002875010
5395,99,Accelerometer,0.20470424,0.7422025,9.728839,1550002875010
5396,99,Gyroscope,0.09074404,0.05473964,0.82767963,1550002875019
5397,99,Accelerometer,-0.39743748,0.5327099000000001,9.629479,1550002875020
5398,99,Gyroscope,0.07363981,0.07550906,0.77819955,1550002875029
5399,99,Accelerometer,0.2657564,0.62608373,9.563639,1550002875030
5400,99,Gyroscope,0.05042693,0.08650463,0.79408205,1550002875039
5401,99,Accelerometer,-0.35314476,0.17357962,9.92636,1550002875039
5402,99,Gyroscope,0.065698564,0.08100685,0.7519323,1550002875049
5403,99,Accelerometer,-0.094570965,0.40222588,10.175357,1550002875050
5404,99,Gyroscope,0.054092124000000005,0.08650463,0.72566515,1550002875059
5405,99,Accelerometer,0.17956513,-0.075417355,9.569624000000001,1550002875060
5406,99,Gyroscope,0.035155296,0.08100685,0.7158913,1550002875069
5407,99,Accelerometer,-0.17357962,0.50996494,9.79827,1550002875070
5408,99,Gyroscope,0.052870392999999995,0.07489819,0.6798502,1550002875079
5409,99,Accelerometer,1.0869676000000001,0.7517793,9.949105,1550002875080
5410,99,Gyroscope,0.032711837,0.062680885,0.694511,1550002875089
5411,99,Accelerometer,0.92176765,1.0570401000000003,9.782708,1550002875089
5412,99,Gyroscope,0.040653087000000004,0.05596137,0.6963436,1550002875100
5413,99,Accelerometer,1.0726023999999998,1.4305356000000002,10.03769,1550002875100
5414,99,Gyroscope,0.065698564,0.046187527,0.7006197,1550002875109
5415,99,Accelerometer,1.7776948000000001,1.8303672,9.974244,1550002875110
5416,99,Gyroscope,0.057146445,0.046798393,0.7323847,1550002875119
5417,99,Accelerometer,1.400608,2.0350714,9.623494,1550002875120
5418,99,Gyroscope,0.046761736,0.04557666,0.7336064,1550002875129
5419,99,Accelerometer,1.3982137,2.5821466,9.931149000000001,1550002875129
5420,99,Gyroscope,0.06814202,0.041300602,0.7702583000000001,1550002875139
5421,99,Accelerometer,0.94211835,2.0506337,9.848549,1550002875140
5422,99,Gyroscope,0.0632551,0.04435493,0.7861408000000001,1550002875150
5423,99,Accelerometer,0.5243302,1.6927006000000002,9.996989,1550002875150
5424,99,Gyroscope,0.06203337,0.05962656400000001,0.77148,1550002875159
5425,99,Accelerometer,0.17956513,1.4664485,9.707291,1550002875160
5426,99,Gyroscope,0.05042693,0.07062214,0.78186476,1550002875169
5427,99,Accelerometer,-0.19991584,1.3682863,9.633071000000001,1550002875170
5428,99,Gyroscope,0.033322702999999995,0.08772636,0.7507106,1550002875179
5429,99,Accelerometer,0.7625531999999999,1.9800048,9.447519999999999,1550002875179
5430,99,Gyroscope,0.029657512999999996,0.09811107,0.758041,1550002875190
5431,99,Accelerometer,0.60573304,1.7429788,9.465475999999999,1550002875190
5432,99,Gyroscope,0.033322702999999995,0.10971751,0.77942127,1550002875200
5433,99,Accelerometer,0.7254431,1.5622166000000002,9.7863,1550002875200
5434,99,Gyroscope,0.0632551,0.099943675,0.79347116,1550002875209
5435,99,Accelerometer,0.94930094,1.0809821000000002,9.726444,1550002875210
5436,99,Gyroscope,0.06386597,0.0993328,0.78186476,1550002875219
5437,99,Accelerometer,0.8678981,0.8331822,9.427169000000001,1550002875219
5438,99,Gyroscope,0.054092124000000005,0.11093924,0.77819955,1550002875229
5439,99,Accelerometer,1.6220716,1.6867151000000002,10.091560000000001,1550002875230
5440,99,Gyroscope,0.07241808,0.099943675,0.8001906999999999,1550002875240
5441,99,Accelerometer,1.5693992,1.2617443000000002,9.621099000000001,1550002875240
5442,99,Gyroscope,0.058979042,0.10666319,0.75987357,1550002875249
5443,99,Accelerometer,0.664391,1.6735470000000001,9.700109,1550002875250
5444,99,Gyroscope,0.051037795999999996,0.090169825,0.77270174,1550002875259
5445,99,Accelerometer,1.2521674999999999,1.8171991000000003,9.490616000000001,1550002875260
5446,99,Gyroscope,0.09502009,0.09811107,0.7653714,1550002875269
5447,99,Accelerometer,1.2234371000000002,2.9197290000000002,10.554838,1550002875270
5448,99,Gyroscope,0.018661937,0.082839444,0.77636695,1550002875279
5449,99,Accelerometer,0.32680854,1.0582372,9.579201,1550002875280
5450,99,Gyroscope,-0.008826999,0.07550906,0.7696474,1550002875289
5451,99,Accelerometer,0.22385786,1.685518,10.455478999999999,1550002875290
5452,99,Gyroscope,0.0492052,0.06207002,0.8026342,1550002875299
5453,99,Accelerometer,1.4556746,0.9828198,9.862914,1550002875299
5454,99,Gyroscope,0.01560761,0.06878954,0.77697784,1550002875309
5455,99,Accelerometer,0.5351041,1.3551182,10.608707,1550002875310
5456,99,Gyroscope,0.0070554977,0.054128774000000004,0.77697784,1550002875319
5457,99,Accelerometer,1.4544774999999999,1.0989386,10.131064,1550002875320
5458,99,Gyroscope,0.09563096,0.036413684,0.79774725,1550002875329
5459,99,Accelerometer,0.8678981,1.1611878,9.419986999999999,1550002875330
5460,99,Gyroscope,0.07913759,0.062680885,0.767204,1550002875339
5461,99,Accelerometer,0.18555063,1.1971009,9.057265,1550002875339
5462,99,Gyroscope,0.052870392999999995,0.06878954,0.7983581,1550002875350
5463,99,Accelerometer,0.866701,1.1731589,9.588778,1550002875350
5464,99,Gyroscope,0.049816065,0.058404832999999996,0.77514523,1550002875359
5465,99,Accelerometer,0.58298814,1.1947067,10.016143,1550002875360
5466,99,Gyroscope,0.06753115,0.04557666,0.74215853,1550002875369
5467,99,Accelerometer,0.92057055,0.9588778,9.132683,1550002875370
5468,99,Gyroscope,0.0650877,0.07062214,0.7329955,1550002875379
5469,99,Accelerometer,0.62009823,1.4496891,9.2547865,1550002875379
5470,99,Gyroscope,0.048594332999999997,0.09383502,0.7152804,1550002875390
5471,99,Accelerometer,0.2777274,1.2641385,9.112331,1550002875390
5472,99,Gyroscope,0.06264423599999999,0.09444588,0.7195564999999999,1550002875399
5473,99,Accelerometer,0.59735334,1.4879963,9.270349000000001,1550002875400
5474,99,Gyroscope,0.07791587,0.11949136,0.7158913,1550002875409
5475,99,Accelerometer,0.8559271,2.3295584,10.311827000000001,1550002875410
5476,99,Gyroscope,0.027824916,0.12621087,0.74276936,1550002875419
5477,99,Accelerometer,0.7314286,0.8810662,9.375694000000001,1550002875419
5478,99,Gyroscope,-0.006994404,0.12743261,0.6969545,1550002875429
5479,99,Accelerometer,-0.7386111999999999,0.9600749,10.680533,1550002875430
5480,99,Gyroscope,0.01560761,0.09078069,0.6615243000000001,1550002875439
5481,99,Accelerometer,1.376666,0.7398083000000001,11.11149,1550002875440
5482,99,Gyroscope,0.048594332999999997,0.0571831,0.70611745,1550002875449
5483,99,Accelerometer,0.80205756,0.7505821999999999,9.76954,1550002875450
5484,99,Gyroscope,0.02354886,0.08161771,0.7018414000000001,1550002875459
5485,99,Accelerometer,0.33279404,1.0486604,9.66659,1550002875459
5486,99,Gyroscope,0.025992319,0.082839444,0.69084585,1550002875469
5487,99,Accelerometer,0.9672575000000001,1.2641385,9.415198,1550002875469
5488,99,Gyroscope,0.08768971,0.07001127,0.7158913,1550002875480
5489,99,Accelerometer,0.5374983,1.411382,10.064027000000001,1550002875480
5490,99,Gyroscope,0.044318277,0.07795252,0.69390017,1550002875489
5491,99,Accelerometer,0.82121116,1.2389994,9.727641,1550002875490
5492,99,Gyroscope,0.040653087000000004,0.06023743,0.70550656,1550002875499
5493,99,Accelerometer,0.5506664000000001,0.9876082,9.992201,1550002875500
5494,99,Gyroscope,0.06081164,0.05962656400000001,0.6877915,1550002875509
5495,99,Accelerometer,0.78888947,1.1228806,10.028113000000001,1550002875509
5496,99,Gyroscope,0.05653558,0.06512435,0.6987871,1550002875520
5497,99,Accelerometer,0.7469909,0.7685388000000001,9.294291000000001,1550002875520
5498,99,Gyroscope,0.047372602,0.057793967,0.70306313,1550002875529
5499,99,Accelerometer,0.6727706999999999,1.0857705,9.950302,1550002875530
5500,99,Gyroscope,0.058368175999999994,0.051074445,0.68656975,1550002875539
5501,99,Accelerometer,1.043872,0.51954174,10.163386000000001,1550002875540
5502,99,Gyroscope,0.0650877,0.046798393,0.671909,1550002875549
5503,99,Accelerometer,1.0067618,1.270124,9.927557,1550002875549
5504,99,Gyroscope,0.04615087,0.066956945,0.6456418,1550002875559
5505,99,Accelerometer,1.2761095,0.82719666,9.452309,1550002875559
5506,99,Gyroscope,0.034544434,0.053517907999999996,0.65847,1550002875570
5507,99,Accelerometer,0.5638345,1.5586253,10.314221,1550002875570
5508,99,Gyroscope,0.047372602,0.055350505,0.6248724,1550002875579
5509,99,Accelerometer,1.2449848999999997,1.1324573999999998,9.6845455,1550002875580
5510,99,Gyroscope,0.047372602,0.05473964,0.6639676999999999,1550002875589
5511,99,Accelerometer,0.37229836,1.3838485,9.587581,1550002875590
5512,99,Gyroscope,0.035766162000000004,0.061459154,0.6621352,1550002875599
5513,99,Accelerometer,0.7266402,1.4915876000000001,9.775525,1550002875600
5514,99,Gyroscope,0.032711837,0.053517907999999996,0.67068726,1550002875609
5515,99,Accelerometer,0.89902276,1.5514427,10.299856,1550002875609
5516,99,Gyroscope,0.05348126,0.040689737000000004,0.6877915,1550002875619
5517,99,Accelerometer,0.5506664000000001,1.4975731,9.746795,1550002875620
5518,99,Gyroscope,0.04004222,0.05046358,0.66763294,1550002875630
5519,99,Accelerometer,0.8475474000000001,1.4975731,9.746795,1550002875630
5520,99,Gyroscope,0.025992319,0.04740926,0.67251986,1550002875639
5521,99,Accelerometer,0.7577648,1.602918,9.991004,1550002875640
5522,99,Gyroscope,0.052259527,0.03885714,0.66946554,1550002875649
5523,99,Accelerometer,0.8714894,1.5622166000000002,9.862914,1550002875650
5524,99,Gyroscope,0.052259527,0.040689737000000004,0.66580033,1550002875659
5525,99,Accelerometer,0.7086836999999999,1.4879963,9.327810000000001,1550002875659
5526,99,Gyroscope,0.06692029,0.042522334,0.66580033,1550002875669
5527,99,Accelerometer,0.5542577,1.2366052,9.369708000000001,1550002875669
5528,99,Gyroscope,0.049816065,0.058404832999999996,0.6621352,1550002875680
5529,99,Accelerometer,0.60214174,1.0785878999999998,9.424775,1550002875680
5530,99,Gyroscope,0.049816065,0.05962656400000001,0.6505287,1550002875689
5531,99,Accelerometer,0.5710170999999999,1.1049241,10.092757,1550002875690
5532,99,Gyroscope,0.057146445,0.051074445,0.6389223,1550002875699
5533,99,Accelerometer,0.78050977,0.93134445,9.601946,1550002875700
5534,99,Gyroscope,0.04004222,0.06451348,0.6193746,1550002875709
5535,99,Accelerometer,0.30765492,1.2916718999999999,9.718064,1550002875710
5536,99,Gyroscope,0.029046647000000002,0.08222858,0.6157094,1550002875719
5537,99,Accelerometer,0.82480246,1.1815386,9.935937,1550002875719
5538,99,Gyroscope,0.022937994,0.07245473,0.61326593,1550002875729
5539,99,Accelerometer,0.47764325,1.2270284,10.079589,1550002875730
5540,99,Gyroscope,0.034544434,0.06756781,0.5961616999999999,1550002875739
5541,99,Accelerometer,0.4189853,1.2282255,9.827001,1550002875740
5542,99,Gyroscope,0.029046647000000002,0.06756781,0.61448765,1550002875749
5543,99,Accelerometer,0.6404489000000001,1.1875241,9.866506,1550002875750
5544,99,Gyroscope,0.02721405,0.06878954,0.6138768,1550002875759
5545,99,Accelerometer,0.5494693,1.3000516000000002,10.04607,1550002875759
5546,99,Gyroscope,0.05348126,0.054128774000000004,0.6193746,1550002875770
5547,99,Accelerometer,0.7206547,1.0342950999999998,10.072407,1550002875770
5548,99,Gyroscope,0.040653087000000004,0.05168531,0.6047138000000001,1550002875779
5549,99,Accelerometer,0.61530983,1.1899183,9.920375,1550002875780
5550,99,Gyroscope,0.04187482,0.036413684,0.6034921,1550002875789
5551,99,Accelerometer,0.80086046,1.0869676000000001,9.822212,1550002875790
5552,99,Gyroscope,0.06753115,0.03152676,0.59738344,1550002875799
5553,99,Accelerometer,0.8343792999999999,1.270124,9.615114,1550002875799
5554,99,Gyroscope,0.044929143,0.030915894,0.60288125,1550002875809
5555,99,Accelerometer,0.78888947,1.0654198000000001,9.28232,1550002875809
5556,99,Gyroscope,0.039431356,0.04740926,0.5882205,1550002875820
5557,99,Accelerometer,0.33039984,1.4293385,9.903615,1550002875820
5558,99,Gyroscope,0.057146445,0.05473964,0.5924965,1550002875829
5559,99,Accelerometer,0.736217,1.0342950999999998,10.065224,1550002875830
5560,99,Gyroscope,0.030268377000000003,0.06023743,0.58027923,1550002875839
5561,99,Accelerometer,0.23702596,1.1683705,10.16578,1550002875840
5562,99,Gyroscope,0.029657512999999996,0.04863099,0.56195325,1550002875849
5563,99,Accelerometer,0.23104046,1.1109096,10.171766,1550002875849
5564,99,Gyroscope,0.05470299,0.037635416,0.5595098000000001,1550002875859
5565,99,Accelerometer,0.79128367,1.3239936,9.749189,1550002875859
5566,99,Gyroscope,0.030268377000000003,0.042522334,0.56561846,1550002875870
5567,99,Accelerometer,0.60573304,1.3263878,9.557653,1550002875870
5568,99,Gyroscope,0.036377028,0.04007887,0.5595098000000001,1550002875879
5569,99,Accelerometer,0.45968673,1.1264718999999999,9.733627,1550002875880
5570,99,Gyroscope,0.06264423599999999,0.0431332,0.56195325,1550002875889
5571,99,Accelerometer,0.48482585,0.9516952,9.690532000000001,1550002875890
5572,99,Gyroscope,0.038209625,0.044965795999999995,0.55828804,1550002875899
5573,99,Accelerometer,0.21068975,0.8571242,9.836577,1550002875900
5574,99,Gyroscope,0.058979042,0.043744065,0.5436273,1550002875909
5575,99,Accelerometer,0.22505496,0.6919243,10.023325,1550002875909
5576,99,Gyroscope,0.06264423599999999,0.03824628,0.5240796,1550002875919
5577,99,Accelerometer,0.30526072,0.91697925,9.733627,1550002875920
5578,99,Gyroscope,0.042485684,0.037635416,0.517971,1550002875930
5579,99,Accelerometer,0.12689269,0.9935937,9.454702000000001,1550002875930
5580,99,Gyroscope,0.04187482,0.037635416,0.5045319,1550002875939
5581,99,Accelerometer,0.10414778,1.2318168,9.855731,1550002875940
5582,99,Gyroscope,0.048594332999999997,0.04740926,0.499645,1550002875949
5583,99,Accelerometer,-0.079008654,0.9911995000000001,9.600749,1550002875950
5584,99,Gyroscope,0.030268377000000003,0.049241855999999994,0.5020885,1550002875959
5585,99,Accelerometer,-0.29568392,1.1971009,9.885659,1550002875959
5586,99,Gyroscope,0.035155296,0.049241855999999994,0.48803857,1550002875969
5587,99,Accelerometer,0.016759411999999998,0.9947908000000001,9.88925,1550002875969
5588,99,Gyroscope,0.03759876,0.053517907999999996,0.49475807,1550002875980
5589,99,Accelerometer,-0.12330139,0.79008657,9.812635,1550002875980
5590,99,Gyroscope,0.019883668,0.05596137,0.48131904,1550002875989
5591,99,Accelerometer,0.46447513,0.5590460999999999,9.91439,1550002875990
5592,99,Gyroscope,0.04004222,0.03824628,0.4733778,1550002875999
5593,99,Accelerometer,1.1216834999999998,0.79128367,10.036493,1550002876000
5594,99,Gyroscope,0.04370741,0.025418106,0.46849087,1550002876009
5595,99,Accelerometer,1.5813701999999998,0.5614403,9.952697,1550002876009
5596,99,Gyroscope,0.047372602,0.010757342,0.46054962,1550002876019
5597,99,Accelerometer,1.9333179,0.61411273,9.712079,1550002876019
5598,99,Gyroscope,0.01316415,0.0015943646,0.45016490000000003,1550002876030
5599,99,Accelerometer,2.2972363999999996,1.7537526999999997,10.722432000000001,1550002876030
5600,99,Gyroscope,-0.022876898,0.008924745,0.42206509999999997,1550002876039
5601,99,Accelerometer,2.3080103,1.3108255,9.830592,1550002876040
5602,99,Gyroscope,-0.0033292117999999997,-0.011233807,0.45627356,1550002876049
5603,99,Accelerometer,0.8331822,1.0893618,10.326192,1550002876050
5604,99,Gyroscope,0.016829342,-0.006346885,0.41045868,1550002876059
5605,99,Accelerometer,1.4987701999999998,1.3383588,10.973824,1550002876060
5606,99,Gyroscope,0.025992319,-0.038111877,0.44527799999999995,1550002876069
5607,99,Accelerometer,0.6823475,1.3359646,9.800664999999999,1550002876069
5608,99,Gyroscope,0.06081164,-0.032003224,0.45016490000000003,1550002876079
5609,99,Accelerometer,0.19512744,2.0111293999999997,9.226056,1550002876080
5610,99,Gyroscope,0.021716263,0.006481286,0.43611503,1550002876090
5611,99,Accelerometer,1.0486604,1.8602947,8.524555,1550002876090
5612,99,Gyroscope,0.040653087000000004,0.013811666499999998,0.47826472,1550002876099
5613,99,Accelerometer,1.0522517,1.6220716,9.946711,1550002876100
5614,99,Gyroscope,0.05042693,0.022363782000000002,0.45383012,1550002876109
5615,99,Accelerometer,1.1887212,1.2042834999999998,9.392453,1550002876110
5616,99,Gyroscope,0.04615087,0.02786157,0.45688444,1550002876119
5617,99,Accelerometer,1.0414777,1.0187328000000002,9.497798,1550002876119
5618,99,Gyroscope,0.041263953,0.049241855999999994,0.4489432,1550002876129
5619,99,Accelerometer,1.8698715,0.8702923,9.494206,1550002876130
5620,99,Gyroscope,0.039431356,0.05046358,0.44222367,1550002876140
5621,99,Accelerometer,1.6424223000000002,0.5530606,9.763555,1550002876140
5622,99,Gyroscope,0.021105397,0.05046358,0.41045868,1550002876149
5623,99,Accelerometer,1.7944542,0.49919105,9.873688000000001,1550002876150
5624,99,Gyroscope,0.030268377000000003,0.046798393,0.40862608,1550002876159
5625,99,Accelerometer,1.7932571,0.5530606,9.621099000000001,1550002876160
5626,99,Gyroscope,0.0076663624,0.05596137,0.39213273,1550002876169
5627,99,Accelerometer,1.5298948,0.88944596,9.8916445,1550002876170
5628,99,Gyroscope,-0.0027183462,0.04740926,0.39213273,1550002876179
5629,99,Accelerometer,1.8088194,0.78290397,10.005369,1550002876179
5630,99,Gyroscope,0.036377028,0.032137625,0.38235888,1550002876190
5631,99,Accelerometer,1.4616601,1.1061212,9.653421,1550002876190
5632,99,Gyroscope,0.010109824,0.042522334,0.38419148,1550002876199
5633,99,Accelerometer,1.3467385,0.89543146,9.279925,1550002876200
5634,99,Gyroscope,0.010720688999999999,0.05046358,0.38480234,1550002876209
5635,99,Accelerometer,1.2354081000000001,1.0474633,10.0987425,1550002876210
5636,99,Gyroscope,0.042485684,0.046798393,0.3854132,1550002876219
5637,99,Accelerometer,1.6101006000000002,0.8595184000000001,9.7563715,1550002876220
5638,99,Gyroscope,0.030268377000000003,0.04863099,0.37197417,1550002876229
5639,99,Accelerometer,1.2294226000000001,0.6691794,9.40203,1550002876229
5640,99,Gyroscope,0.02477059,0.05962656400000001,0.35853514,1550002876239
5641,99,Accelerometer,1.472434,0.8762778,10.085575,1550002876240
5642,99,Gyroscope,0.038209625,0.05168531,0.36036772,1550002876250
5643,99,Accelerometer,1.7226281000000003,0.8451531999999999,9.743203999999999,1550002876250
5644,99,Gyroscope,0.025992319,0.052296177,0.33776572,1550002876259
5645,99,Accelerometer,1.246182,0.7422025,9.746795,1550002876260
5646,99,Gyroscope,0.011942419,0.04985272,0.31760716,1550002876269
5647,99,Accelerometer,1.4796166000000002,0.7038953,9.704897,1550002876269
5648,99,Gyroscope,0.02721405,0.04740926,0.33043534,1550002876280
5649,99,Accelerometer,1.7286136000000003,0.94930094,9.890448,1550002876280
5650,99,Gyroscope,0.02354886,0.041300602,0.32310495,1550002876289
5651,99,Accelerometer,1.4867992,0.7038953,9.660604,1550002876290
5652,99,Gyroscope,0.02354886,0.041911468,0.31027678,1550002876299
5653,99,Accelerometer,1.555034,1.0007763,9.67018,1550002876300
5654,99,Gyroscope,0.010109824,0.046798393,0.31821802,1550002876309
5655,99,Accelerometer,1.5107412,0.7146691999999999,9.615114,1550002876309
5656,99,Gyroscope,0.0094989585,0.052296177,0.31088763,1550002876319
5657,99,Accelerometer,1.2940661,0.9923966000000001,9.797073,1550002876320
5658,99,Gyroscope,0.011942419,0.0431332,0.31455284,1550002876330
5659,99,Accelerometer,1.7034745,0.5243302,9.811439,1550002876330
5660,99,Gyroscope,0.025992319,0.046187527,0.304779,1550002876339
5661,99,Accelerometer,1.8686744,0.9624690999999999,9.880871,1550002876340
5662,99,Gyroscope,0.0027794409999999997,0.04435493,0.2888965,1550002876349
5663,99,Accelerometer,1.6448165000000001,0.6799533,9.619903,1550002876350
5664,99,Gyroscope,0.025992319,0.039468005,0.28400958,1550002876359
5665,99,Accelerometer,1.7405846,0.47644615,9.828198,1550002876359
5666,99,Gyroscope,0.01560761,0.039468005,0.24674681,1550002876369
5667,99,Accelerometer,2.1942859,1.1779473,9.763555,1550002876369
5668,99,Gyroscope,-0.0033292117999999997,0.029694162000000003,0.2552989,1550002876380
5669,99,Accelerometer,1.4556746,1.2401965,9.7240505,1550002876380
5670,99,Gyroscope,0.019883668,0.032137625,0.23575123,1550002876389
5671,99,Accelerometer,1.4867992,0.92176765,9.68694,1550002876390
5672,99,Gyroscope,0.014996746000000002,0.03152676,0.24063815,1550002876399
5673,99,Accelerometer,1.3958195,1.1384428999999998,9.791088,1550002876400
5674,99,Gyroscope,0.014996746000000002,0.02786157,0.23758383,1550002876409
5675,99,Accelerometer,1.0953473,1.0271125,9.902417999999999,1550002876410
5676,99,Gyroscope,0.040653087000000004,0.026028972,0.22780998,1550002876419
5677,99,Accelerometer,1.270124,0.9576806999999999,10.031705,1550002876419
5678,99,Gyroscope,0.03882049,0.018698592,0.21986873,1550002876429
5679,99,Accelerometer,1.4281414,0.8714894,10.070012,1550002876430
5680,99,Gyroscope,0.04004222,0.006481286,0.21559268,1550002876439
5681,99,Accelerometer,1.6124948000000001,0.5231331,9.793482000000001,1550002876440
5682,99,Gyroscope,0.038209625,0.010757342,0.19360153,1550002876449
5683,99,Accelerometer,1.6938977,0.78170687,9.400833,1550002876450
5684,99,Gyroscope,0.0070554977,0.015644263000000002,0.17527558,1550002876459
5685,99,Accelerometer,1.5310919,0.81522566,9.196128999999999,1550002876460
5686,99,Gyroscope,0.01560761,0.022974647999999997,0.16244741,1550002876469
5687,99,Accelerometer,1.352724,0.9935937,9.431957,1550002876469
5688,99,Gyroscope,0.0033903066,0.03580282,0.15633875,1550002876479
5689,99,Accelerometer,1.0785878999999998,0.48961425,9.589975,1550002876480
5690,99,Gyroscope,0.0076663624,0.034581087999999996,0.15389529,1550002876489
5691,99,Accelerometer,1.1683705,0.7721300999999999,9.816227,1550002876490
5692,99,Gyroscope,-0.0039400775,0.053517907999999996,0.14778663,1550002876499
5693,99,Accelerometer,1.2761095,0.5267244000000001,9.585187,1550002876500
5694,99,Gyroscope,-0.016157383,0.044965795999999995,0.14167799,1550002876509
5695,99,Accelerometer,0.842759,0.6655880999999999,10.1621895,1550002876510
5696,99,Gyroscope,0.017440207,0.043744065,0.11479991,1550002876519
5697,99,Accelerometer,1.1312603,0.14006079999999999,10.072407,1550002876519
5698,99,Gyroscope,0.008277228000000001,0.03274849,0.11174558,1550002876529
5699,99,Accelerometer,0.90500826,0.33997664,9.509769,1550002876530
5700,99,Gyroscope,-0.019211708,0.036413684,0.08120232,1550002876539
5701,99,Accelerometer,1.0666169,0.58657944,9.51336,1550002876540
5702,99,Gyroscope,-0.016157383,0.019309454,0.07020674,1550002876549
5703,99,Accelerometer,1.1216834999999998,1.0319009,10.026916499999999,1550002876550
5704,99,Gyroscope,-0.0045509413,0.024807245,0.072039336,1550002876559
5705,99,Accelerometer,1.1300632,1.3263878,9.868899,1550002876560
5706,99,Gyroscope,-0.024709495,0.03885714,0.082424045,1550002876569
5707,99,Accelerometer,1.4544774999999999,1.4173675,10.018537,1550002876569
5708,99,Gyroscope,0.010720688999999999,0.024807245,0.08425664,1550002876579
5709,99,Accelerometer,1.4484920000000001,1.6124948000000001,9.807847,1550002876580
5710,99,Gyroscope,-0.017989976,0.021752916,0.10013914,1550002876589
5711,99,Accelerometer,1.6819267,1.8794483,9.844957,1550002876590
5712,99,Gyroscope,-0.016768249,0.0058704205,0.11235645,1550002876599
5713,99,Accelerometer,1.4449007999999999,1.8088194,10.012551,1550002876600
5714,99,Gyroscope,0.0052229017,0.0058704205,0.11602163,1550002876609
5715,99,Accelerometer,1.1707646999999999,1.5574282,9.651027000000001,1550002876610
5716,99,Gyroscope,-0.01127046,0.014422532,0.14900836,1550002876619
5717,99,Accelerometer,1.2330139,1.4915876000000001,9.969456,1550002876619
5718,99,Gyroscope,0.016829342,0.011368208000000001,0.17894076,1550002876629
5719,99,Accelerometer,1.2258313,1.328782,9.931149000000001,1550002876629
5720,99,Gyroscope,0.04004222,0.0009834989999999999,0.18871461,1550002876639
5721,99,Accelerometer,1.1109096,1.4604629999999998,9.352949,1550002876640
5722,99,Gyroscope,0.022937994,0.007092151999999999,0.21314922,1550002876649
5723,99,Accelerometer,1.3311761999999998,1.2413936,8.661025,1550002876650
5724,99,Gyroscope,-0.020433438999999998,0.015644263000000002,0.21192749,1550002876659
5725,99,Accelerometer,0.12090719,0.7098808000000001,9.283517,1550002876660
5726,99,Gyroscope,0.0021685753,0.042522334,0.21192749,1550002876669
5727,99,Accelerometer,0.664391,0.49320555,10.1226845,1550002876670
5728,99,Gyroscope,-0.017989976,0.03152676,0.20887317,1550002876679
5729,99,Accelerometer,0.5231331,0.90620536,11.030087,1550002876679
5730,99,Gyroscope,-0.0033292117999999997,-0.013677267,0.18932547,1550002876689
5731,99,Accelerometer,0.9768343,1.0402806,10.166978,1550002876689
5732,99,Gyroscope,0.06386597,-0.023451112000000003,0.19176893,1550002876699
5733,99,Accelerometer,1.2234371000000002,1.2952632,8.415619,1550002876700
5734,99,Gyroscope,-0.033261612,0.046187527,0.17832989999999999,1550002876709
5735,99,Accelerometer,0.22744916,1.3611037,8.890868,1550002876710
5736,99,Gyroscope,-0.054031022000000005,0.054128774000000004,0.17894076,1550002876719
5737,99,Accelerometer,0.9792285,0.8583213,10.514136,1550002876720
5738,99,Gyroscope,0.065698564,0.013811666499999998,0.15572788,1550002876729
5739,99,Accelerometer,1.3395559,1.0929531000000001,10.745177,1550002876730
5740,99,Gyroscope,0.065698564,0.0040378235,0.14045626,1550002876739
5741,99,Accelerometer,1.1156979999999999,0.39983168,9.293094,1550002876739
5742,99,Gyroscope,-0.032650746,0.007092151999999999,0.13007155,1550002876749
5743,99,Accelerometer,1.0522517,0.62967503,9.674969,1550002876749
5744,99,Gyroscope,0.019883668,-0.00084909797,0.13068241,1550002876760
5745,99,Accelerometer,1.6962918999999999,0.5255273,9.916783,1550002876760
5746,99,Gyroscope,0.021105397,-0.016731594,0.09769568,1550002876769
5747,99,Accelerometer,1.2725182,0.33638534,9.504980999999999,1550002876770
5748,99,Gyroscope,-0.020433438999999998,-0.0026816929999999998,0.090976164,1550002876779
5749,99,Accelerometer,1.2892777,0.8463503000000001,9.791088,1550002876780
5750,99,Gyroscope,0.004612036,0.011368208000000001,0.09341962,1550002876789
5751,99,Accelerometer,0.830788,0.93852705,10.000581,1550002876789
5752,99,Gyroscope,0.00033598019999999995,0.008924745,0.07998059,1550002876800
5753,99,Accelerometer,0.30047232,0.94211835,9.836577,1550002876800
5754,99,Gyroscope,-0.014324786,0.02114205,0.06593069,1550002876809
5755,99,Accelerometer,0.41778820000000005,0.9888053,9.932345,1550002876810
5756,99,Gyroscope,-0.0033292117999999997,0.028472435,0.05921117,1550002876819
5757,99,Accelerometer,0.6464345,0.9612719999999999,9.287108,1550002876820
5758,99,Gyroscope,-0.02409863,0.03580282,0.053102515999999995,1550002876829
5759,99,Accelerometer,0.35913026,1.3395559,9.856929,1550002876829
5760,99,Gyroscope,0.0040011713,0.030915894,0.048215594,1550002876839
5761,99,Accelerometer,0.6536171,0.78290397,9.858125999999999,1550002876840
5762,99,Gyroscope,-0.00027488545,0.024196379,0.053102515999999995,1550002876850
5763,99,Accelerometer,0.8858546,0.78050977,10.016143,1550002876850
5764,99,Gyroscope,-0.014935651999999999,0.026028972,0.04393954,1550002876859
5765,99,Accelerometer,0.8535328999999999,0.91219085,9.744401,1550002876860
5766,99,Gyroscope,0.0033903066,-0.0032925587,0.04088521,1550002876869
5767,99,Accelerometer,1.3335704,0.7577648,9.817424,1550002876870
5768,99,Gyroscope,0.0052229017,-0.016731594,0.035387423,1550002876879
5769,99,Accelerometer,1.1731589,1.055843,9.969456,1550002876880
5770,99,Gyroscope,0.0033903066,-0.016120728,0.03844175,1550002876889
5771,99,Accelerometer,1.127669,0.94930094,9.706094,1550002876889
5772,99,Gyroscope,0.021716263,-0.01734246,0.0323331,1550002876899
5773,99,Accelerometer,0.8762778,1.1085154,9.580399,1550002876900
5774,99,Gyroscope,0.0113315545,-0.00084909797,0.036609154,1550002876910
5775,99,Accelerometer,0.6536171,1.4628572,9.645041,1550002876910
5776,99,Gyroscope,0.012553285,0.0015943646,0.053102515999999995,1550002876919
5777,99,Accelerometer,0.21906945,0.92057055,9.403227000000001,1550002876920
5778,99,Gyroscope,0.010109824,-0.0014599635999999999,0.039052617000000005,1550002876929
5779,99,Accelerometer,0.52073884,1.4030021000000001,10.160992,1550002876930
5780,99,Gyroscope,0.02354886,-0.0026816929999999998,0.045161266,1550002876939
5781,99,Accelerometer,0.31244332,1.0977415000000001,9.932345,1550002876939
5782,99,Gyroscope,0.0058337674,0.0028160921999999997,0.04760473,1550002876949
5783,99,Accelerometer,-0.12928689,1.0426749,9.788692999999999,1550002876949
5784,99,Gyroscope,-0.0045509413,0.0009834989999999999,0.020115793,1550002876959
5785,99,Accelerometer,0.46088383,1.1707646999999999,9.880871,1550002876960
5786,99,Gyroscope,0.0070554977,0.009535611,0.02805704,1550002876970
5787,99,Accelerometer,0.46088383,0.9612719999999999,9.490616000000001,1550002876970
5788,99,Gyroscope,-0.027763822999999997,0.009535611,0.022559252999999998,1550002876979
5789,99,Accelerometer,-0.4213795,1.2629413999999999,10.25676,1550002876980
5790,99,Gyroscope,0.0015577096,0.0058704205,0.018283198,1550002876989
5791,99,Accelerometer,0.046686932,0.8678981,10.007763,1550002876990
5792,99,Gyroscope,0.014996746000000002,-0.00084909797,0.051880784000000006,1550002876999
5793,99,Accelerometer,-0.34237084,1.1647792,9.775525,1550002877000
5794,99,Gyroscope,-0.03203988,0.007092151999999999,0.03844175,1550002877009
5795,99,Accelerometer,0.5434838000000001,1.127669,9.82341,1550002877009
5796,99,Gyroscope,0.024159724,-0.019175055,0.053102515999999995,1550002877019
5797,99,Accelerometer,0.38426940000000004,1.2868833999999998,9.720459,1550002877020
5798,99,Gyroscope,0.0058337674,0.0022052303,0.059822034,1550002877030
5799,99,Accelerometer,0.676362,0.8714894,9.6845455,1550002877030
5800,99,Gyroscope,-0.016157383,-0.006346885,0.06837415,1550002877039
5801,99,Accelerometer,1.1587936,1.62686,10.435128,1550002877040
5802,99,Gyroscope,0.033322702999999995,-0.039944474,0.0903653,1550002877049
5803,99,Accelerometer,1.9907787000000001,2.0602105,9.932345,1550002877050
5804,99,Gyroscope,-0.0137139205,-0.049718317000000005,0.10075001,1550002877059
5805,99,Accelerometer,1.532289,1.9955671000000001,9.665392,1550002877059
5806,99,Gyroscope,-0.006994404,-0.047885723,0.11418904,1550002877069
5807,99,Accelerometer,1.1073183000000002,2.123657,9.904813,1550002877069
5808,99,Gyroscope,0.022937994,-0.050329182,0.14534317,1550002877080
5809,99,Accelerometer,0.9852139999999999,1.7106571,9.713275999999999,1550002877080
5810,99,Gyroscope,0.012553285,-0.053994372,0.15817134,1550002877089
5811,99,Accelerometer,1.1085154,1.6675615000000001,9.753978,1550002877090
5812,99,Gyroscope,0.032711837,-0.057048699999999994,0.17222124,1550002877099
5813,99,Accelerometer,1.2162545,1.5885528,9.543288,1550002877100
5814,99,Gyroscope,0.022937994,-0.042387932999999996,0.18504941,1550002877109
5815,99,Accelerometer,0.89662856,1.8710686,9.215282,1550002877110
5816,99,Gyroscope,-0.0057726726,-0.032003224,0.19787759,1550002877119
5817,99,Accelerometer,0.8475474000000001,1.4437037,9.411607,1550002877119
5818,99,Gyroscope,0.0058337674,-0.016731594,0.19115807,1550002877129
5819,99,Accelerometer,0.7398083000000001,1.4173675,9.603143,1550002877130
5820,99,Gyroscope,0.008888093,-0.0032925587,0.18688202,1550002877140
5821,99,Accelerometer,0.7134720999999999,1.2844891999999999,9.588778,1550002877140
5822,99,Gyroscope,0.0015577096,0.0058704205,0.19665585,1550002877149
5823,99,Accelerometer,0.62249243,1.0163386,9.702502,1550002877150
5824,99,Gyroscope,0.014385881000000001,0.018698592,0.17161039,1550002877159
5825,99,Accelerometer,0.39863458,1.3347674999999999,9.800664999999999,1550002877160
5826,99,Gyroscope,0.008888093,0.020531185,0.18016249,1550002877169
5827,99,Accelerometer,1.0007763,1.2868833999999998,9.244013,1550002877170
5828,99,Gyroscope,-0.006994404,0.03152676,0.17955163,1550002877179
5829,99,Accelerometer,1.0259154000000001,1.4640543,9.528922999999999,1550002877179
5830,99,Gyroscope,0.0094989585,0.03702455,0.19360153,1550002877189
5831,99,Accelerometer,1.541866,1.3371617,9.809045,1550002877190
5832,99,Gyroscope,0.036987893,0.029083297,0.21437095,1550002877200
5833,99,Accelerometer,1.8950106,1.2389994,9.136273,1550002877200
5834,99,Gyroscope,0.006444632,0.07001127,0.21742527,1550002877209
5835,99,Accelerometer,1.447295,1.780089,10.133459,1550002877210
5836,99,Gyroscope,-0.016157383,0.066956945,0.2326969,1550002877219
5837,99,Accelerometer,2.2709002000000003,1.0857705,10.930728,1550002877220
5838,99,Gyroscope,-0.02898555,-0.012455538,0.22719912,1550002877229
5839,99,Accelerometer,1.8136078000000002,1.4879963,10.638636,1550002877229
5840,99,Gyroscope,0.055924714,-0.053383507000000004,0.21559268,1550002877239
5841,99,Accelerometer,2.2313959999999997,1.4101848999999997,9.093178,1550002877239
5842,99,Gyroscope,0.021105397,-0.030781494,0.24613594,1550002877249
5843,99,Accelerometer,1.4293385,1.62686,8.524555,1550002877250
5844,99,Gyroscope,-0.0039400775,0.011979073,0.24002729999999997,1550002877260
5845,99,Accelerometer,1.5155296,1.6831238000000002,10.371682,1550002877260
5846,99,Gyroscope,0.08646798,-0.030781494,0.24491420000000003,1550002877269
5847,99,Accelerometer,2.3056161,0.93373865,9.855731,1550002877270
5848,99,Gyroscope,0.018661937,-0.014898999,0.2522446,1550002877279
5849,99,Accelerometer,1.6089035,1.0330979999999998,9.313444,1550002877280
5850,99,Gyroscope,0.025992319,-0.010012077,0.24430335,1550002877289
5851,99,Accelerometer,1.5370774999999999,0.40821138,9.248801,1550002877289
5852,99,Gyroscope,0.042485684,-0.017953325,0.24063815,1550002877299
5853,99,Accelerometer,1.5334862,0.8631097,9.518148,1550002877299
5854,99,Gyroscope,0.016829342,-0.0026816929999999998,0.22292306,1550002877310
5855,99,Accelerometer,1.3862427,0.5662286999999999,9.423578,1550002877310
5856,99,Gyroscope,0.02354886,0.0058704205,0.21498181,1550002877319
5857,99,Accelerometer,1.1360487,0.93852705,9.797073,1550002877320
5858,99,Gyroscope,0.05348126,0.010757342,0.21498181,1550002877329
5859,99,Accelerometer,1.2030864,1.2976573999999998,9.1829605,1550002877329
5860,99,Gyroscope,0.011942419,0.029694162000000003,0.21620354,1550002877340
5861,99,Accelerometer,0.9804255999999999,1.401805,9.124303,1550002877340
5862,99,Gyroscope,0.033322702999999995,0.046187527,0.20887317,1550002877349
5863,99,Accelerometer,1.3132197,1.0414777,9.667786999999999,1550002877350
5864,99,Gyroscope,0.04554001,0.043744065,0.2082623,1550002877359
5865,99,Accelerometer,0.6919243,1.4030021000000001,9.992201,1550002877359
5866,99,Gyroscope,-0.0045509413,0.06023743,0.2009319,1550002877369
5867,99,Accelerometer,1.3862427,1.2557588,9.847352,1550002877370
5868,99,Gyroscope,-0.0021074805,0.06023743,0.19971018,1550002877379
5869,99,Accelerometer,0.94331545,1.3946223999999998,9.738416,1550002877380
5870,99,Gyroscope,0.022327128999999998,0.054128774000000004,0.18871461,1550002877389
5871,99,Accelerometer,0.8319851,1.3946223999999998,9.731233,1550002877390
5872,99,Gyroscope,0.040653087000000004,0.057793967,0.19115807,1550002877399
5873,99,Accelerometer,0.7110779,1.1887212,9.767146,1550002877399
5874,99,Gyroscope,0.043096546,0.073065594,0.19115807,1550002877409
5875,99,Accelerometer,0.58418524,1.1001357,9.660604,1550002877410
5876,99,Gyroscope,0.036987893,0.061459154,0.18260595,1550002877419
5877,99,Accelerometer,1.0486604,1.0941502,9.2907,1550002877420
5878,99,Gyroscope,0.012553285,0.07184387,0.16855605,1550002877429
5879,99,Accelerometer,1.3395559,1.2976573999999998,9.755175,1550002877430
5880,99,Gyroscope,-0.0033292117999999997,0.08650463,0.16977778,1550002877439
5881,99,Accelerometer,1.1049241,1.0079589,9.370906,1550002877440
5882,99,Gyroscope,-0.016157383,0.07184387,0.18566029,1550002877449
5883,99,Accelerometer,0.9804255999999999,1.2042834999999998,10.377667,1550002877449
5884,99,Gyroscope,0.0033903066,0.049241855999999994,0.18504941,1550002877459
5885,99,Accelerometer,1.7022773999999998,1.210269,10.559627,1550002877459
5886,99,Gyroscope,-0.0014966168,0.023585513,0.22292306,1550002877470
5887,99,Accelerometer,1.5873556999999998,1.5454572,9.764750999999999,1550002877470
5888,99,Gyroscope,-0.024709495,0.030915894,0.24063815,1550002877479
5889,99,Accelerometer,1.8519150000000002,1.4449007999999999,10.168175,1550002877480
5890,99,Gyroscope,0.02721405,0.015644263000000002,0.25590977,1550002877489
5891,99,Accelerometer,1.4867992,1.5334862,9.923966,1550002877490
5892,99,Gyroscope,0.02721405,0.0058704205,0.24919026,1550002877499
5893,99,Accelerometer,1.0618285,1.1420341999999999,9.537302,1550002877499
5894,99,Gyroscope,0.012553285,0.005259555,0.24247076,1550002877509
5895,99,Accelerometer,1.1432313,1.0031705,9.435549,1550002877510
5896,99,Gyroscope,0.03759876,0.0015943646,0.22780998,1550002877520
5897,99,Accelerometer,1.2234371000000002,1.3096284,9.512163000000001,1550002877520
5898,99,Gyroscope,0.020494534,0.004648689,0.23697296,1550002877529
5899,99,Accelerometer,1.0642227,0.90141696,9.202114,1550002877530
5900,99,Gyroscope,0.012553285,0.028472435,0.22109047,1550002877539
5901,99,Accelerometer,0.63087213,0.88944596,9.570822,1550002877540
5902,99,Gyroscope,0.035766162000000004,0.027250702999999998,0.23025344,1550002877549
5903,99,Accelerometer,0.37349546,1.1204863999999999,9.481038999999999,1550002877549
5904,99,Gyroscope,0.013775015,0.04985272,0.22353393,1550002877559
5905,99,Accelerometer,0.5363011999999999,1.8016368000000003,9.964667,1550002877559
5906,99,Gyroscope,0.0076663624,0.04863099,0.24430335,1550002877569
5907,99,Accelerometer,1.271321,1.4460978999999998,9.91439,1550002877570
5908,99,Gyroscope,0.026603185,0.052296177,0.22842085,1550002877579
5909,99,Accelerometer,0.45130703,1.2366052,9.187749,1550002877580
5910,99,Gyroscope,-0.005161807,0.07611992,0.22047961,1550002877589
5911,99,Accelerometer,0.61052144,0.81881696,9.453505499999999,1550002877590
5912,99,Gyroscope,-0.025931226,0.07795252,0.20215364,1550002877599
5913,99,Accelerometer,0.8822633,0.89303726,10.544064500000001,1550002877600
5914,99,Gyroscope,0.0027794409999999997,0.0431332,0.18810374,1550002877609
5915,99,Accelerometer,0.6775591,1.0833763,10.038888,1550002877609
5916,99,Gyroscope,-0.021044305,0.034581087999999996,0.16427999999999998,1550002877620
5917,99,Accelerometer,0.93373865,1.1707646999999999,10.236409,1550002877620
5918,99,Gyroscope,-0.008826999,0.010757342,0.18749288,1550002877630
5919,99,Accelerometer,1.6208745,0.7374141,10.159794999999999,1550002877630
5920,99,Gyroscope,0.06753115,-0.016120728,0.19482327,1550002877639
5921,99,Accelerometer,1.5131354,1.0271125,9.561244,1550002877640
5922,99,Gyroscope,0.0094989585,0.0028160921999999997,0.17832989999999999,1550002877649
5923,99,Accelerometer,1.9189526999999997,1.1791444,9.594764,1550002877650
5924,99,Gyroscope,0.010109824,-0.035668418,0.18443856,1550002877659
5925,99,Accelerometer,1.9201498,1.1851299,9.385271000000001,1550002877659
5926,99,Gyroscope,0.06264423599999999,0.0015943646,0.1606148,1550002877669
5927,99,Accelerometer,1.3563153000000001,1.5095441,10.687716499999999,1550002877670
5928,99,Gyroscope,0.0033903066,0.01625513,0.15267356,1550002877679
5929,99,Accelerometer,0.23223756,0.20111294,9.749189,1550002877680
5930,99,Gyroscope,-0.051587567,0.02114205,0.13679107,1550002877689
5931,99,Accelerometer,0.11372458,1.7753005000000002,11.931503999999999,1550002877690
5932,99,Gyroscope,0.06447683,-0.07537466,0.15817134,1550002877699
5933,99,Accelerometer,1.6436194,0.59735334,9.506178,1550002877700
5934,99,Gyroscope,0.055924714,-0.058270432000000004,0.10808039,1550002877709
5935,99,Accelerometer,-0.06823475,1.2725182,7.693767,1550002877709
5936,99,Gyroscope,-0.06319401,0.016865995,0.117243364,1550002877720
5937,99,Accelerometer,-0.06344634,1.435324,9.193734,1550002877720
5938,99,Gyroscope,0.02477059,0.0022052303,0.12823895,1550002877729
5939,99,Accelerometer,0.47285482,1.0630256,10.214862,1550002877730
5940,99,Gyroscope,0.0650877,-0.00023823230999999999,0.13556933,1550002877739
5941,99,Accelerometer,0.46686932,1.0283096,9.519346,1550002877740
5942,99,Gyroscope,0.019883668,0.03274849,0.12823895,1550002877749
5943,99,Accelerometer,0.8690952,1.210269,8.647857,1550002877749
5944,99,Gyroscope,-0.014324786,0.039468005,0.15084097,1550002877759
5945,99,Accelerometer,0.5243302,1.6843209,10.383653,1550002877760
5946,99,Gyroscope,0.035155296,0.006481286,0.13129328,1550002877770
5947,99,Accelerometer,1.1683705,1.0845733999999998,10.166978,1550002877770
5948,99,Gyroscope,0.030268377000000003,-0.006957751,0.1343476,1550002877779
5949,99,Accelerometer,1.1360487,1.9752164,10.608707,1550002877780
5950,99,Gyroscope,-0.0039400775,-0.0026816929999999998,0.13556933,1550002877789
5951,99,Accelerometer,1.423353,1.5263035,9.56723,1550002877790
5952,99,Gyroscope,0.022327128999999998,0.007092151999999999,0.16672346,1550002877799
5953,99,Accelerometer,0.4381389,1.4544774999999999,9.436746000000001,1550002877800
5954,99,Gyroscope,0.0009468458599999999,0.011368208000000001,0.13618019,1550002877809
5955,99,Accelerometer,0.7158663000000001,1.0426749,9.832987,1550002877809
5956,99,Gyroscope,0.010720688999999999,-0.00084909797,0.1343476,1550002877820
5957,99,Accelerometer,0.9840169,1.3096284,10.207678999999999,1550002877820
5958,99,Gyroscope,0.016218476000000003,0.008313879,0.14534317,1550002877829
5959,99,Accelerometer,0.7422025,1.1192893,9.801862,1550002877830
5960,99,Gyroscope,0.018661937,0.008313879,0.1465649,1550002877839
5961,99,Accelerometer,0.40102878,1.1085154,9.403227000000001,1550002877840
5962,99,Gyroscope,0.020494534,-0.0014599635999999999,0.14351058,1550002877849
5963,99,Accelerometer,0.6739678000000001,1.2294226000000001,9.807847,1550002877850
5964,99,Gyroscope,0.035766162000000004,-0.0039034244,0.16183653,1550002877859
5965,99,Accelerometer,0.61411273,1.0354922,9.696517,1550002877859
5966,99,Gyroscope,0.038209625,-0.0075686146,0.17283212,1550002877869
5967,99,Accelerometer,0.5327099000000001,1.2569559,9.0429,1550002877870
5968,99,Gyroscope,0.04615087,0.022363782000000002,0.16427999999999998,1550002877879
5969,99,Accelerometer,0.93732995,1.6950948000000001,9.351752000000001,1550002877880
5970,99,Gyroscope,0.016218476000000003,0.04007887,0.18871461,1550002877889
5971,99,Accelerometer,0.33039984,1.1791444,9.836577,1550002877890
5972,99,Gyroscope,0.0076663624,0.052296177,0.18566029,1550002877899
5973,99,Accelerometer,0.37110126,0.9911995000000001,9.609129,1550002877900
5974,99,Gyroscope,-0.01737911,0.04740926,0.17283212,1550002877909
5975,99,Accelerometer,0.32202014,1.5215151000000002,11.043256,1550002877909
5976,99,Gyroscope,0.018051071000000002,0.03824628,0.18016249,1550002877919
5977,99,Accelerometer,-0.11611878,0.2621651,9.864111,1550002877920
5978,99,Gyroscope,-0.01737911,0.052296177,0.14534317,1550002877929
5979,99,Accelerometer,-0.15322891,0.8283938,10.228029,1550002877930
5980,99,Gyroscope,-0.047922373,0.0571831,0.1483975,1550002877939
5981,99,Accelerometer,-0.06584055,0.7314286,9.989806,1550002877939
5982,99,Gyroscope,-0.047922373,0.042522334,0.1380128,1550002877949
5983,99,Accelerometer,-0.21188685,1.0869676000000001,9.977836,1550002877949
5984,99,Gyroscope,-0.030207282000000002,0.039468005,0.14351058,1550002877960
5985,99,Accelerometer,0.34955344,0.62967503,9.939528,1550002877960
5986,99,Gyroscope,-0.0063835381999999994,0.029083297,0.11479991,1550002877969
5987,99,Accelerometer,-0.055066638,1.1061212,10.2735195,1550002877970
5988,99,Gyroscope,0.024159724,0.025418106,0.11907596,1550002877979
5989,99,Accelerometer,0.5398925,0.5530606,9.759963,1550002877980
5990,99,Gyroscope,-0.0063835381999999994,0.022974647999999997,0.11235645,1550002877989
5991,99,Accelerometer,0.35793316,0.6859388000000001,10.03769,1550002877989
5992,99,Gyroscope,0.014996746000000002,0.011368208000000001,0.095252216,1550002877999
5993,99,Accelerometer,0.6332663000000001,0.7541734999999999,10.235211999999999,1550002877999
5994,99,Gyroscope,0.018661937,-0.009401211500000001,0.09891741,1550002878010
5995,99,Accelerometer,1.389834,0.8738836,9.952697,1550002878010
5996,99,Gyroscope,-0.026542092000000003,-0.019175055,0.0885327,1550002878019
5997,99,Accelerometer,1.3599066,0.8882488000000002,10.0748005,1550002878020
5998,99,Gyroscope,-0.0063835381999999994,-0.041777067,0.0885327,1550002878029
5999,99,Accelerometer,2.0781669999999997,0.35553896,10.364499,1550002878030
6000,99,Gyroscope,0.014385881000000001,-0.053994372,0.0903653,1550002878039
6001,99,Accelerometer,2.5833437000000004,0.10175357,10.048465,1550002878040
6002,99,Gyroscope,0.014385881000000001,-0.06865514,0.046382997,1550002878049
6003,99,Accelerometer,2.3894134,0.8295909,9.430760000000001,1550002878049
6004,99,Gyroscope,-0.0057726726,-0.06743341,0.013396275,1550002878059
6005,99,Accelerometer,1.62686,1.1252748,9.593566000000001,1550002878059
6006,99,Gyroscope,-0.036315932999999995,-0.05277264,-0.0061514126,1550002878070
6007,99,Accelerometer,0.81043726,1.3144168,9.405622,1550002878069
6008,99,Gyroscope,-0.015546517,-0.05277264,-0.011649198999999999,1550002878079
6009,99,Accelerometer,0.039504327,1.0582372,9.673772,1550002878080
6010,99,Gyroscope,-0.03203988,-0.016120728,-0.010427468,1550002878089
6011,99,Accelerometer,-0.142455,1.4281414,9.482236,1550002878090
6012,99,Gyroscope,-0.02898555,-0.020396786,0.009731084000000001,1550002878099
6013,99,Accelerometer,0.21547815,1.5310919,9.252393,1550002878099
6014,99,Gyroscope,-0.008826999,-0.0032925587,0.020726658000000002,1550002878109
6015,99,Accelerometer,0.676362,1.6843209,9.668983,1550002878110
6016,99,Gyroscope,-0.014935651999999999,0.0022052303,0.03355483,1550002878119
6017,99,Accelerometer,1.4317327,1.3084313,9.482236,1550002878119
6018,99,Gyroscope,0.0027794409999999997,0.009535611,0.018894061,1550002878129
6019,99,Accelerometer,1.6567876,1.42455,9.866506,1550002878130
6020,99,Gyroscope,0.024159724,0.0015943646,0.018283198,1550002878139
6021,99,Accelerometer,1.8590976000000001,1.1803415000000002,9.309854,1550002878140
6022,99,Gyroscope,-0.0014966168,0.055350505,0.015839735,1550002878149
6023,99,Accelerometer,2.0219033,1.6280571000000001,11.177331,1550002878149
6024,99,Gyroscope,0.036987893,0.026639838,0.049437325,1550002878160
6025,99,Accelerometer,3.168726,-0.021547815,11.653777,1550002878160
6026,99,Gyroscope,0.01560761,-0.06010303,0.018283198,1550002878170
6027,99,Accelerometer,2.8491,0.91817635,10.728417,1550002878169
6028,99,Gyroscope,0.04187482,-0.13096339,0.031722232999999996,1550002878179
6029,99,Accelerometer,4.260482,0.4429273,8.022969999999999,1550002878180
6030,99,Gyroscope,0.0052229017,-0.02100765,0.007287623399999999,1550002878189
6031,99,Accelerometer,1.8914193,1.1288661,7.9427642999999994,1550002878189
6032,99,Gyroscope,-0.043646313,0.0022052303,0.013396275,1550002878199
6033,99,Accelerometer,0.94211835,0.6967127,9.703699,1550002878200
6034,99,Gyroscope,0.03882049,-0.055216104,-0.008594873000000001,1550002878209
6035,99,Accelerometer,2.1033063,1.210269,11.201273,1550002878209
6036,99,Gyroscope,0.036377028,-0.079650715,0.018894061,1550002878219
6037,99,Accelerometer,1.7824832,1.496376,9.3733,1550002878220
6038,99,Gyroscope,-0.021044305,-0.020396786,0.021948388,1550002878229
6039,99,Accelerometer,1.2449848999999997,1.5490485,8.474277,1550002878229
6040,99,Gyroscope,-0.008826999,0.027250702999999998,0.050659052999999996,1550002878239
6041,99,Accelerometer,0.8702923,1.4341268999999999,9.14226,1550002878240
6042,99,Gyroscope,0.028435782000000003,0.021752916,0.0903653,1550002878249
6043,99,Accelerometer,0.62488663,1.1336545,9.576807,1550002878249
6044,99,Gyroscope,0.04187482,0.016865995,0.072039336,1550002878259
6045,99,Accelerometer,1.7812861,1.2401965,9.279925,1550002878259
6046,99,Gyroscope,-0.0057726726,0.044965795999999995,0.09891741,1550002878270
6047,99,Accelerometer,0.92057055,1.7932571,9.445126,1550002878270
6048,99,Gyroscope,0.0070554977,0.071233004,0.11479991,1550002878279
6049,99,Accelerometer,0.7697359,1.2521674999999999,9.077616,1550002878279
6050,99,Gyroscope,-0.0063835381999999994,0.08039598,0.10624779,1550002878290
6051,99,Accelerometer,0.9612719999999999,1.3587095,9.886856,1550002878290
6052,99,Gyroscope,0.0033903066,0.090169825,0.0885327,1550002878299
6053,99,Accelerometer,1.1228806,1.2976573999999998,8.995016,1550002878299
6054,99,Gyroscope,-0.027763822999999997,0.06940041,0.06104376,1550002878310
6055,99,Accelerometer,1.4796166000000002,2.3714569,9.712079,1550002878310
6056,99,Gyroscope,-0.0027183462,0.078563385,0.09280875,1550002878319
6057,99,Accelerometer,1.1791444,1.5083469999999999,9.939528,1550002878319
6058,99,Gyroscope,0.00033598019999999995,0.06390262,0.0903653,1550002878330
6059,99,Accelerometer,0.9959879,1.6843209,9.692925,1550002878330
6060,99,Gyroscope,-0.015546517,0.058404832999999996,0.09158703,1550002878339
6061,99,Accelerometer,1.4796166000000002,1.3431472,10.139444000000001,1550002878340
6062,99,Gyroscope,-0.006994404,0.0571831,0.10624779,1550002878349
6063,99,Accelerometer,0.81283146,0.9768343,10.323798,1550002878350
6064,99,Gyroscope,0.0094989585,0.032137625,0.08547837,1550002878359
6065,99,Accelerometer,0.6967127,1.1240777,9.871294,1550002878360
6066,99,Gyroscope,-0.0057726726,0.046798393,0.070817605,1550002878369
6067,99,Accelerometer,1.0773908,1.0462662,9.624691,1550002878370
6068,99,Gyroscope,-0.019211708,0.041911468,0.086700104,1550002878379
6069,99,Accelerometer,0.6991069000000001,1.0199299000000002,9.853337,1550002878380
6070,99,Gyroscope,-0.0008857511,0.03274849,0.0885327,1550002878389
6071,99,Accelerometer,1.7262194,0.91458505,9.713275999999999,1550002878390
6072,99,Gyroscope,0.008888093,0.018087726000000002,0.105636925,1550002878399
6073,99,Accelerometer,1.3970166000000002,0.94331545,9.8198185,1550002878400
6074,99,Gyroscope,0.008888093,-0.004514288,0.11235645,1550002878409
6075,99,Accelerometer,2.1176715,1.4676456,10.66138,1550002878410
6076,99,Gyroscope,0.0113315545,-0.015509863999999998,0.11785423,1550002878419
6077,99,Accelerometer,1.6843209,1.0354922,9.618706,1550002878419
6078,99,Gyroscope,-0.0137139205,-0.024061977999999998,0.07875886,1550002878430
6079,99,Accelerometer,1.2509704,0.9708488000000001,9.849746000000001,1550002878430
6080,99,Gyroscope,-0.01737911,-0.028338033999999998,0.09341962,1550002878439
6081,99,Accelerometer,2.0338743000000004,1.0869676000000001,9.951499,1550002878439
6082,99,Gyroscope,0.025992319,-0.046663992,0.07814799,1550002878450
6083,99,Accelerometer,1.0582372,0.80445176,9.810242,1550002878450
6084,99,Gyroscope,0.011942419,-0.038722742000000004,0.04577213,1550002878459
6085,99,Accelerometer,0.8631097,0.89423436,9.832987,1550002878460
6086,99,Gyroscope,-0.0045509413,-0.042998800000000004,0.0726502,1550002878469
6087,99,Accelerometer,1.127669,0.8655039000000001,9.569624000000001,1550002878469
6088,99,Gyroscope,0.02721405,-0.047274857999999996,0.054935113,1550002878480
6089,99,Accelerometer,0.6919243,1.1863270000000001,9.7719345,1550002878480
6090,99,Gyroscope,0.01316415,-0.026505437000000003,0.06043289599999999,1550002878489
6091,99,Accelerometer,0.9696517,0.93134445,9.427169000000001,1550002878490
6092,99,Gyroscope,0.010720688999999999,-0.014288133,0.06104376,1550002878499
6093,99,Accelerometer,0.6871359,1.2509704,9.850943,1550002878499
6094,99,Gyroscope,0.030268377000000003,-0.015509863999999998,0.056767705999999994,1550002878509
6095,99,Accelerometer,0.62488663,1.1013328000000002,9.469068,1550002878510
6096,99,Gyroscope,-0.01127046,0.0034269579,0.06409809,1550002878519
6097,99,Accelerometer,0.8750806999999999,1.4077905000000002,9.572019000000001,1550002878520
6098,99,Gyroscope,-0.016768249,0.014422532,0.06593069,1550002878529
6099,99,Accelerometer,0.37229836,1.3742718,10.350133999999999,1550002878530
6100,99,Gyroscope,0.021716263,0.012589939,0.05554598,1550002878539
6101,99,Accelerometer,0.7182605,1.3000516000000002,10.400413,1550002878539
6102,99,Gyroscope,0.01560761,-0.012455538,0.08181318,1550002878549
6103,99,Accelerometer,1.3311761999999998,1.1683705,9.194932000000001,1550002878550
6104,99,Gyroscope,-0.04547891,-0.027116302000000002,0.07753713,1550002878559
6105,99,Accelerometer,0.36990416,1.3994108,9.655814999999999,1550002878560
6106,99,Gyroscope,-0.0014966168,-0.010622941,0.08731097,1550002878569
6107,99,Accelerometer,1.6519991000000003,0.90500826,10.649409,1550002878569
6108,99,Gyroscope,-0.0063835381999999994,-0.039333608,0.064708956,1550002878579
6109,99,Accelerometer,1.2186487,1.42455,11.366472,1550002878580
6110,99,Gyroscope,0.032711837,-0.114470035,0.06043289599999999,1550002878589
6111,99,Accelerometer,2.4037786,1.541866,9.572019000000001,1550002878590
6112,99,Gyroscope,0.12617421,-0.11263744,0.111134715,1550002878599
6113,99,Accelerometer,2.5390507999999996,1.5382746,8.139089,1550002878599
6114,99,Gyroscope,-0.024709495,-0.027116302000000002,0.08975443,1550002878610
6115,99,Accelerometer,0.33279404,0.7685388000000001,8.352172999999999,1550002878610
6116,99,Gyroscope,-0.006994404,-0.013677267,0.10197174,1550002878619
6117,99,Accelerometer,1.4520833,1.1348516000000002,10.181343,1550002878620
6118,99,Gyroscope,0.04615087,-0.036279282999999996,0.11174558,1550002878629
6119,99,Accelerometer,0.9684546,0.676362,9.504980999999999,1550002878629
6120,99,Gyroscope,-0.035705067,0.020531185,0.068985015,1550002878640
6121,99,Accelerometer,-1.0977415000000001,0.2765303,9.270349000000001,1550002878640
6122,99,Gyroscope,-0.073578715,0.0431332,-0.018979583,1550002878649
6123,99,Accelerometer,-0.11133038,1.2797008,9.941922,1550002878650
6124,99,Gyroscope,-0.02532036,0.053517907999999996,0.009731084000000001,1550002878659
6125,99,Accelerometer,-1.2306197,0.8810662,9.648633,1550002878659
6126,99,Gyroscope,-0.08579602,0.07673079,-0.042192463,1550002878669
6127,99,Accelerometer,-0.58418524,1.3503298000000001,9.434352,1550002878670
6128,99,Gyroscope,-0.06502659599999999,0.08222858,-0.043414194,1550002878680
6129,99,Accelerometer,0.35913026,1.4772223999999998,9.315839,1550002878680
6130,99,Gyroscope,-0.018600842,0.07245473,0.026224446000000002,1550002878689
6131,99,Accelerometer,-0.44651863,0.90979666,10.193313999999999,1550002878689
6132,99,Gyroscope,-0.016768249,0.052296177,0.0005681054,1550002878700
6133,99,Accelerometer,1.3754688999999998,1.0737995,10.407595,1550002878700
6134,99,Gyroscope,-0.005161807,0.011368208000000001,0.046382997,1550002878709
6135,99,Accelerometer,1.8148049,0.51355624,10.56681,1550002878710
6136,99,Gyroscope,0.029657512999999996,-0.028948900000000003,0.043328673,1550002878719
6137,99,Accelerometer,1.6280571000000001,1.1552023,10.105926,1550002878720
6138,99,Gyroscope,-0.0014966168,-0.04544226,0.017672332,1550002878729
6139,99,Accelerometer,2.4049757,0.6871359,9.757569,1550002878730
6140,99,Gyroscope,0.010109824,-0.06560081,0.020726658000000002,1550002878739
6141,99,Accelerometer,1.9524715,0.521936,9.350553999999999,1550002878740
6142,99,Gyroscope,-0.0076052677,-0.061324757,0.0127854105,1550002878749
6143,99,Accelerometer,1.6077063999999999,0.81283146,9.837775,1550002878749
6144,99,Gyroscope,-0.0076052677,-0.07781812,-0.031196889,1550002878759
6145,99,Accelerometer,1.5023615,1.1540052,10.085575,1550002878760
6146,99,Gyroscope,0.006444632,-0.04544226,0.0048441626,1550002878769
6147,99,Accelerometer,-0.047884032,0.79846627,10.060435,1550002878770
6148,99,Gyroscope,-0.050365835,-0.016731594,-0.0012644903,1550002878779
6149,99,Accelerometer,-0.36152446,1.5574282,10.070012,1550002878780
6150,99,Gyroscope,-0.024709495,-0.027116302000000002,-0.015314391,1550002878789
6151,99,Accelerometer,0.5410896,1.2593501,10.181343,1550002878789
6152,99,Gyroscope,0.0070554977,-0.03139236,0.007898489,1550002878800
6153,99,Accelerometer,0.10534488,1.7812861,10.19092,1550002878800
6154,99,Gyroscope,-0.04425718,0.0015943646,0.009120219,1550002878809
6155,99,Accelerometer,0.19871874,1.258153,9.099164,1550002878810
6156,99,Gyroscope,-0.03509419999999999,0.010146476,0.029889636,1550002878819
6157,99,Accelerometer,0.40342298,1.1695676000000002,9.617508,1550002878819
6158,99,Gyroscope,0.0040011713,0.009535611,0.034776557,1550002878830
6159,99,Accelerometer,0.7134720999999999,1.0714053,10.032902,1550002878830
6160,99,Gyroscope,-0.023487763,0.009535611,0.014007141,1550002878839
6161,99,Accelerometer,1.2150573999999998,0.9911995000000001,9.569624000000001,1550002878840
6162,99,Gyroscope,-0.033261612,0.022363782000000002,0.020115793,1550002878849
6163,99,Accelerometer,0.79128367,0.7577648,10.316614999999999,1550002878849
6164,99,Gyroscope,-0.0076052677,0.016865995,0.0005681054,1550002878860
6165,99,Accelerometer,1.1803415000000002,0.9756372,10.03769,1550002878860
6166,99,Gyroscope,-0.03203988,0.00037263334000000003,-0.008594873000000001,1550002878869
6167,99,Accelerometer,0.79846627,1.1863270000000001,10.144233,1550002878870
6168,99,Gyroscope,-0.0014966168,-0.01856419,-0.018368717,1550002878879
6169,99,Accelerometer,0.664391,1.2509704,9.872491,1550002878879
6170,99,Gyroscope,-0.0014966168,-0.030781494,0.006065893,1550002878890
6171,99,Accelerometer,0.8343792999999999,1.2737153,9.586383999999999,1550002878890
6172,99,Gyroscope,0.018051071000000002,-0.014288133,0.015228872,1550002878899
6173,99,Accelerometer,0.6344634,1.484405,9.841366,1550002878900
6174,99,Gyroscope,0.014996746000000002,-0.0039034244,0.022559252999999998,1550002878909
6175,99,Accelerometer,0.5351041,1.2749124,9.844957,1550002878909
6176,99,Gyroscope,0.02721405,0.0040378235,0.014618006999999999,1550002878920
6177,99,Accelerometer,0.26336220000000005,1.2677298000000001,9.862914,1550002878920
6178,99,Gyroscope,0.0040011713,0.013200805,0.02927877,1550002878929
6179,99,Accelerometer,0.25258827,0.81043726,9.904813,1550002878930
6180,99,Gyroscope,-0.005161807,0.009535611,-0.0018753556,1550002878939
6181,99,Accelerometer,-0.32680854,0.79367787,9.5492735,1550002878939
6182,99,Gyroscope,0.0052229017,0.01625513,-0.007373143,1550002878949
6183,99,Accelerometer,-0.12928689,0.88944596,9.475052999999999,1550002878950
6184,99,Gyroscope,-0.021044305,0.024196379,-0.009816604,1550002878959
6185,99,Accelerometer,0.11731588,0.8738836,8.969876,1550002878960
6186,99,Gyroscope,-0.0039400775,0.026639838,-0.010427468,1550002878969
6187,99,Accelerometer,0.092176765,0.8367735000000001,8.608353,1550002878970
6188,99,Gyroscope,0.016829342,0.08467203400000001,-0.020812178,1550002878979
6189,99,Accelerometer,0.25737667,1.8758569999999999,10.193313999999999,1550002878980
6190,99,Gyroscope,-0.031429015,0.11521529400000001,-4.2759813000000006e-05,1550002878989
6191,99,Accelerometer,-0.26815059999999996,0.045489833,9.678560000000001,1550002878990
6192,99,Gyroscope,-0.07052439,0.110328384,-0.033640347,1550002878999
6193,99,Accelerometer,-0.26815059999999996,1.472434,11.773487,1550002879000
6194,99,Gyroscope,-0.026542092000000003,0.029083297,-0.029364292,1550002879009
6195,99,Accelerometer,0.59735334,1.0462662,10.611102,1550002879009
6196,99,Gyroscope,-0.017989976,0.011979073,-0.045246787000000004,1550002879020
6197,99,Accelerometer,-0.044292733,1.2964603000000001,9.799467,1550002879020
6198,99,Gyroscope,-0.043646313,0.024196379,0.006065893,1550002879029
6199,99,Accelerometer,1.1133038,1.3036428999999998,10.454282000000001,1550002879030
6200,99,Gyroscope,0.01560761,-0.004514288,0.043328673,1550002879039
6201,99,Accelerometer,1.7848773999999998,1.5993267,10.9103775,1550002879039
6202,99,Gyroscope,0.010109824,-0.06437908,0.04760473,1550002879050
6203,99,Accelerometer,2.110489,1.376666,10.220847000000001,1550002879050
6204,99,Gyroscope,0.00033598019999999995,-0.093089744,0.07326107,1550002879059
6205,99,Accelerometer,2.5258827,1.1982979999999999,9.817424,1550002879060
6206,99,Gyroscope,0.02477059,-0.110193975,0.0744828,1550002879069
6207,99,Accelerometer,1.7944542,1.3946223999999998,9.835381,1550002879070
6208,99,Gyroscope,0.029046647000000002,-0.09431147599999999,0.068985015,1550002879079
6209,99,Accelerometer,1.4437037,1.4161704,10.047267,1550002879080
6210,99,Gyroscope,0.008277228000000001,-0.08392677,0.10075001,1550002879089
6211,99,Accelerometer,1.7753005000000002,0.89064306,9.625888,1550002879090
6212,99,Gyroscope,0.032711837,-0.082705036,0.06593069,1550002879099
6213,99,Accelerometer,-0.15442601,1.0941502,9.17099,1550002879100
6214,99,Gyroscope,-0.01127046,-0.049718317000000005,0.021948388,1550002879109
6215,99,Accelerometer,0.12569559,0.9756372,8.868122999999999,1550002879110
6216,99,Gyroscope,-0.030818147999999997,-0.022840247,0.016450599999999996,1550002879120
6217,99,Accelerometer,0.7302314999999999,1.364695,9.032125,1550002879120
6218,99,Gyroscope,-0.02165517,0.022363782000000002,0.03722002,1550002879129
6219,99,Accelerometer,0.19752164,1.2988545,9.196128999999999,1550002879130
6220,99,Gyroscope,-0.022266036,0.033970222,0.027446175,1550002879139
6221,99,Accelerometer,0.78649527,1.6927006000000002,9.276335000000001,1550002879140
6222,99,Gyroscope,0.004612036,0.042522334,0.062265493,1550002879149
6223,99,Accelerometer,1.1312603,1.2449848999999997,9.53012,1550002879150
6224,99,Gyroscope,-0.016768249,0.041911468,0.08731097,1550002879159
6225,99,Accelerometer,1.4508862,1.3694833999999998,9.865308,1550002879160
6226,99,Gyroscope,-0.015546517,0.01992032,0.08547837,1550002879169
6227,99,Accelerometer,2.2050598,1.7118542,9.898827,1550002879170
6228,99,Gyroscope,-0.008826999,0.022974647999999997,0.08914357,1550002879179
6229,99,Accelerometer,2.1380222,1.401805,9.973047,1550002879180
6230,99,Gyroscope,-0.017989976,0.029083297,0.08914357,1550002879189
6231,99,Accelerometer,1.8183962,1.3084313,9.417591999999999,1550002879190
6232,99,Gyroscope,-0.011881325,0.03702455,0.06715242,1550002879199
6233,99,Accelerometer,1.9081788,1.4209588,9.309854,1550002879199
6234,99,Gyroscope,-0.005161807,0.033970222,0.07692626,1550002879209
6235,99,Accelerometer,1.4808137,1.4580688,9.861717,1550002879210
6236,99,Gyroscope,0.014385881000000001,0.018698592,0.064708956,1550002879219
6237,99,Accelerometer,1.484405,1.4221559,9.88925,1550002879220
6238,99,Gyroscope,-0.00027488545,0.013200805,0.07142847,1550002879229
6239,99,Accelerometer,1.5622166000000002,1.8579005000000002,10.084377,1550002879229
6240,99,Gyroscope,-0.006994404,0.0077030174,0.07326107,1550002879239
6241,99,Accelerometer,1.3491327,1.7812861,9.730036,1550002879240
6242,99,Gyroscope,0.0027794409999999997,0.022974647999999997,0.07998059,1550002879249
6243,99,Accelerometer,1.3730746999999999,1.7250223000000002,9.922769,1550002879250
6244,99,Gyroscope,0.030268377000000003,0.026639838,0.10624779,1550002879259
6245,99,Accelerometer,0.9552864999999999,0.48961425,9.879673,1550002879260
6246,99,Gyroscope,0.044318277,0.007092151999999999,0.09280875,1550002879269
6247,99,Accelerometer,1.3634979,0.9864110999999999,10.346542,1550002879270
6248,99,Gyroscope,0.014385881000000001,-0.017953325,0.10075001,1550002879279
6249,99,Accelerometer,2.0458453000000003,0.59855044,9.703699,1550002879280
6250,99,Gyroscope,0.0076663624,-0.027727167999999996,0.09464135,1550002879289
6251,99,Accelerometer,1.8686744,0.2861071,9.76954,1550002879290
6252,99,Gyroscope,0.013775015,-0.0057360195,0.075093664,1550002879299
6253,99,Accelerometer,1.5298948,0.23104046,9.457097000000001,1550002879299
6254,99,Gyroscope,-0.02165517,0.0040378235,0.0726502,1550002879310
6255,99,Accelerometer,1.4628572,0.79128367,9.56723,1550002879310
6256,99,Gyroscope,-0.02165517,0.0034269579,0.03966348,1550002879319
6257,99,Accelerometer,0.8858546,1.0330979999999998,9.336189,1550002879320
6258,99,Gyroscope,-0.0137139205,0.022974647999999997,0.016450599999999996,1550002879329
6259,99,Accelerometer,0.20829555,1.2138603000000001,8.956709,1550002879329
6260,99,Gyroscope,-0.047922373,0.042522334,0.0323331,1550002879339
6261,99,Accelerometer,0.3890578,1.5406688,9.405622,1550002879340
6262,99,Gyroscope,-0.026542092000000003,0.052907042,0.03722002,1550002879349
6263,99,Accelerometer,0.30166942,1.6998832,9.923966,1550002879350
6264,99,Gyroscope,-0.02532036,0.05962656400000001,0.02317012,1550002879359
6265,99,Accelerometer,0.1388637,1.7034745,9.7803135,1550002879360
6266,99,Gyroscope,-0.035705067,0.055350505,0.035387423,1550002879369
6267,99,Accelerometer,0.4321534000000001,2.019509,10.158598,1550002879370
6268,99,Gyroscope,-0.03937026,0.04740926,0.05004819,1550002879379
6269,99,Accelerometer,1.3215994,1.7405846,10.230424000000001,1550002879380
6270,99,Gyroscope,-0.026542092000000003,0.021752916,0.050659052999999996,1550002879389
6271,99,Accelerometer,1.4700398000000001,1.661576,9.805453,1550002879390
6272,99,Gyroscope,-0.037537664,0.015033398,0.068985015,1550002879399
6273,99,Accelerometer,2.111686,1.6675615000000001,9.576807,1550002879399
6274,99,Gyroscope,0.004612036,0.024196379,0.09830654400000001,1550002879410
6275,99,Accelerometer,2.6623523,2.3044189999999998,11.731588,1550002879410
6276,99,Gyroscope,0.019883668,0.015033398,0.09891741,1550002879419
6277,99,Accelerometer,1.5083469999999999,0.9816226999999998,9.587581,1550002879420
6278,99,Gyroscope,-0.024709495,0.035191953,0.111134715,1550002879429
6279,99,Accelerometer,1.483208,1.8100165000000001,11.380837,1550002879430
6280,99,Gyroscope,-0.009437865,-0.036279282999999996,0.13556933,1550002879440
6281,99,Accelerometer,2.6898855999999998,0.61650693,10.630256,1550002879440
6282,99,Gyroscope,0.07547241,-0.10530706,0.111134715,1550002879449
6283,99,Accelerometer,1.4053963,1.5346833,8.470686,1550002879450
6284,99,Gyroscope,0.036377028,-0.016731594,0.09769568,1550002879459
6285,99,Accelerometer,0.8738836,1.2018893,9.579201,1550002879459
6286,99,Gyroscope,-0.02165517,-0.027116302000000002,0.15084097,1550002879469
6287,99,Accelerometer,1.1025299,0.38067806,9.994595,1550002879470
6288,99,Gyroscope,0.09868529,-0.057048699999999994,0.12335201,1550002879479
6289,99,Accelerometer,1.3096284,0.92895025,9.947908,1550002879480
6290,99,Gyroscope,0.030268377000000003,-0.050940047999999995,0.11602163,1550002879489
6291,99,Accelerometer,0.9516952,1.0654198000000001,8.76637,1550002879490
6292,99,Gyroscope,-0.010659594,-0.021618515,0.11418904,1550002879499
6293,99,Accelerometer,0.16639702,0.9600749,9.533711,1550002879500
6294,99,Gyroscope,0.05042693,-0.013066402,0.106858656,1550002879509
6295,99,Accelerometer,0.29328972,0.62967503,9.950302,1550002879510
6296,99,Gyroscope,0.030268377000000003,0.0040378235,0.12090856,1550002879519
6297,99,Accelerometer,0.9552864999999999,0.58657944,9.28232,1550002879520
6298,99,Gyroscope,0.00033598019999999995,0.016865995,0.094030485,1550002879529
6299,99,Accelerometer,0.8355764000000001,1.0821792,9.908403,1550002879530
6300,99,Gyroscope,-0.028374685,0.0009834989999999999,0.10808039,1550002879539
6301,99,Accelerometer,1.1049241,1.1049241,10.339360000000001,1550002879540
6302,99,Gyroscope,-0.034483336,-0.00817948,0.08914357,1550002879549
6303,99,Accelerometer,0.92296475,0.5470751,9.659407,1550002879550
6304,99,Gyroscope,0.0009468458599999999,0.01625513,0.03966348,1550002879559
6305,99,Accelerometer,1.435324,0.62608373,9.14226,1550002879560
6306,99,Gyroscope,0.014385881000000001,0.015644263000000002,0.042717807000000003,1550002879570
6307,99,Accelerometer,1.5442601,1.2425906999999998,9.326611999999999,1550002879570
6308,99,Gyroscope,-0.0063835381999999994,0.034581087999999996,0.068985015,1550002879579
6309,99,Accelerometer,0.9756372,0.80924016,8.652645,1550002879580
6310,99,Gyroscope,0.036377028,0.03274849,0.07387193,1550002879589
6311,99,Accelerometer,0.866701,1.0630256,9.749189,1550002879589
6312,99,Gyroscope,0.03759876,0.024196379,0.08486751,1550002879600
6313,99,Accelerometer,1.3096284,1.4449007999999999,10.216059,1550002879600
6314,99,Gyroscope,0.030879242,0.026639838,0.12762809,1550002879609
6315,99,Accelerometer,0.81761986,1.1492168,9.301474,1550002879610
6316,99,Gyroscope,0.00033598019999999995,0.022974647999999997,0.10319347,1550002879619
6317,99,Accelerometer,0.9816226999999998,1.7944542,10.376471,1550002879619
6318,99,Gyroscope,0.006444632,-0.0075686146,0.11541077,1550002879630
6319,99,Accelerometer,1.1528081000000001,1.3263878,10.46745,1550002879630
6320,99,Gyroscope,0.012553285,-0.033224955,0.12823895,1550002879640
6321,99,Accelerometer,0.521936,1.4580688,10.248381,1550002879640
6322,99,Gyroscope,0.014996746000000002,-0.01856419,0.105636925,1550002879649
6323,99,Accelerometer,0.9744401,1.1001357,9.224859,1550002879649
6324,99,Gyroscope,-0.0021074805,0.0022052303,0.10319347,1550002879660
6325,99,Accelerometer,0.36870706,1.6160861,9.337387,1550002879660
6326,99,Gyroscope,0.0027794409999999997,-0.00084909797,0.10808039,1550002879670
6327,99,Accelerometer,0.16519992,1.1755531000000001,10.02572,1550002879670
6328,99,Gyroscope,0.036377028,0.004648689,0.082424045,1550002879679
6329,99,Accelerometer,0.5578489999999999,0.8738836,9.949105,1550002879679
6330,99,Gyroscope,0.018051071000000002,0.00037263334000000003,0.095252216,1550002879689
6331,99,Accelerometer,0.33518824,1.0079589,9.362525999999999,1550002879690
6332,99,Gyroscope,-0.035705067,0.0077030174,0.08975443,1550002879699
6333,99,Accelerometer,0.6368576,1.2521674999999999,9.805453,1550002879700
6334,99,Gyroscope,-0.0033292117999999997,0.010146476,0.086700104,1550002879709
6335,99,Accelerometer,0.8331822,1.0522517,10.192117,1550002879710
6336,99,Gyroscope,0.016218476000000003,-0.0026816929999999998,0.08425664,1550002879719
6337,99,Accelerometer,0.6727706999999999,1.1815386,9.545682000000001,1550002879720
6338,99,Gyroscope,-0.02898555,0.011368208000000001,0.0726502,1550002879729
6339,99,Accelerometer,1.1779473,0.91817635,9.7324295,1550002879729
6340,99,Gyroscope,0.018051071000000002,0.0028160921999999997,0.07875886,1550002879740
6341,99,Accelerometer,1.0103531,0.90500826,9.593566000000001,1550002879740
6342,99,Gyroscope,0.008277228000000001,0.0022052303,0.07326107,1550002879749
6343,99,Accelerometer,0.81402856,1.2294226000000001,9.834184,1550002879750
6344,99,Gyroscope,-0.016157383,-0.010012077,0.06409809,1550002879759
6345,99,Accelerometer,1.1647792,0.9648633,9.935937,1550002879760
6346,99,Gyroscope,0.021105397,-0.027727167999999996,0.07387193,1550002879769
6347,99,Accelerometer,0.79846627,1.0151415000000001,9.333796000000001,1550002879769
6348,99,Gyroscope,0.008277228000000001,-0.022840247,0.05126992,1550002879779
6349,99,Accelerometer,0.91578215,1.1611878,9.561244,1550002879780
6350,99,Gyroscope,-0.03203988,-0.015509863999999998,0.046382997,1550002879789
6351,99,Accelerometer,0.7086836999999999,0.9648633,9.974244,1550002879790
6352,99,Gyroscope,0.05775731,-0.039333608,0.04210694,1550002879799
6353,99,Accelerometer,0.49440265,0.59735334,8.310274,1550002879800
6354,99,Gyroscope,0.0632551,-0.00817948,0.049437325,1550002879809
6355,99,Accelerometer,1.0378863999999999,1.30484,8.486248,1550002879810
6356,99,Gyroscope,-0.028374685,0.018698592,0.053102515999999995,1550002879819
6357,99,Accelerometer,-0.7733272,0.28371290000000005,9.61272,1550002879819
6358,99,Gyroscope,-0.043035455,0.053517907999999996,0.05126992,1550002879830
6359,99,Accelerometer,0.32321724,1.3000516000000002,12.437878,1550002879830
6360,99,Gyroscope,0.010720688999999999,-0.042387932999999996,0.059822034,1550002879839
6361,99,Accelerometer,1.1755531000000001,0.36990416,9.61272,1550002879840
6362,99,Gyroscope,0.02721405,0.0022052303,-0.0030970859999999998,1550002879849
6363,99,Accelerometer,0.06943185,1.9440918000000003,9.497798,1550002879850
6364,99,Gyroscope,-0.047311507,0.061459154,0.04577213,1550002879859
6365,99,Accelerometer,0.56982,1.1336545,9.810242,1550002879859
6366,99,Gyroscope,-0.04547891,0.066956945,0.06715242,1550002879870
6367,99,Accelerometer,0.1412579,0.91578215,10.639832499999999,1550002879870
6368,99,Gyroscope,-0.031429015,0.048020124000000004,-0.008594873000000001,1550002879879
6369,99,Accelerometer,-0.0011971008,1.2533646,10.205285,1550002879880
6370,99,Gyroscope,-0.031429015,0.01992032,0.019504927,1550002879889
6371,99,Accelerometer,0.60333884,1.0019734,10.056845,1550002879890
6372,99,Gyroscope,-0.010659594,0.009535611,0.0066767577,1550002879899
6373,99,Accelerometer,-0.2669535,0.47405192,10.620678999999999,1550002879899
6374,99,Gyroscope,0.04615087,0.0028160921999999997,0.018283198,1550002879909
6375,99,Accelerometer,1.1324573999999998,0.52073884,9.309854,1550002879910
6376,99,Gyroscope,0.0009468458599999999,0.006481286,0.04577213,1550002879919
6377,99,Accelerometer,0.9504981,1.8590976000000001,9.00579,1550002879920
6378,99,Gyroscope,-0.035705067,0.024807245,0.009731084000000001,1550002879929
6379,99,Accelerometer,0.092176765,1.1288661,10.223241,1550002879930
6380,99,Gyroscope,0.008277228000000001,0.020531185,0.019504927,1550002879939
6381,99,Accelerometer,0.78529817,1.0139444,10.160992,1550002879940
6382,99,Gyroscope,0.0015577096,0.008924745,0.01156368,1550002879949
6383,99,Accelerometer,-0.06943185,1.1228806,9.589975,1550002879950
6384,99,Gyroscope,-0.013103055,0.024196379,-0.01287093,1550002879960
6385,99,Accelerometer,-0.22266077,0.90859956,9.799467,1550002879960
6386,99,Gyroscope,0.01316415,0.02786157,0.035387423,1550002879969
6387,99,Accelerometer,0.29927522,1.4688427,9.652225,1550002879970
6388,99,Gyroscope,0.012553285,0.049241855999999994,0.013396275,1550002879979
6389,99,Accelerometer,-0.82599956,1.1947067,9.196128999999999,1550002879979
6390,99,Gyroscope,-0.020433438999999998,0.068178676,0.019504927,1550002879989
6391,99,Accelerometer,0.23104046,1.2593501,9.695319999999999,1550002879990
6392,99,Gyroscope,0.0076663624,0.06329175,0.06715242,1550002880000
6393,99,Accelerometer,1.447295,1.2976573999999998,10.016143,1550002880000
6394,99,Gyroscope,0.03210097,0.041300602,0.07814799,1550002880009
6395,99,Accelerometer,1.1959038,1.2138603000000001,9.846153999999999,1550002880010
6396,99,Gyroscope,-0.026542092000000003,0.035191953,0.095252216,1550002880019
6397,99,Accelerometer,1.8519150000000002,0.78649527,10.032902,1550002880020
6398,99,Gyroscope,0.014385881000000001,0.010757342,0.08547837,1550002880029
6399,99,Accelerometer,2.0733786,0.5255273,10.469844,1550002880029
6400,99,Gyroscope,0.024159724,-0.027116302000000002,0.053102515999999995,1550002880040
6401,99,Accelerometer,1.9955671000000001,1.2090718999999999,10.409989,1550002880040
6402,99,Gyroscope,-0.022266036,-0.030170628999999997,0.03355483,1550002880049
6403,99,Accelerometer,2.1092918,0.6991069000000001,9.572019000000001,1550002880050
6404,99,Gyroscope,-0.008216133,-0.053383507000000004,0.026224446000000002,1550002880059
6405,99,Accelerometer,1.4796166000000002,1.0283096,10.049662,1550002880060
6406,99,Gyroscope,0.016829342,-0.047885723,0.012174546000000001,1550002880069
6407,99,Accelerometer,1.3886370000000001,0.8283938,9.725247,1550002880069
6408,99,Gyroscope,-0.0021074805,-0.042387932999999996,0.013396275,1550002880079
6409,99,Accelerometer,0.8786719999999999,0.9672575000000001,9.317036,1550002880080
6410,99,Gyroscope,-0.0057726726,-0.04605312599999999,0.0048441626,1550002880089
6411,99,Accelerometer,0.9684546,1.1252748,9.947908,1550002880090
6412,99,Gyroscope,0.004612036,-0.047274857999999996,0.0030115664,1550002880099
6413,99,Accelerometer,1.2401965,1.3335704,10.192117,1550002880100
6414,99,Gyroscope,-0.015546517,-0.05277264,0.018283198,1550002880109
6415,99,Accelerometer,1.2629413999999999,1.5011643999999997,9.392453,1550002880110
6416,99,Gyroscope,-0.017989976,-0.047274857999999996,0.031722232999999996,1550002880119
6417,99,Accelerometer,1.567005,1.6519991000000003,9.852139999999999,1550002880119
6418,99,Gyroscope,0.017440207,-0.03261409,0.057989437000000005,1550002880130
6419,99,Accelerometer,1.316811,1.2114661,9.951499,1550002880130
6420,99,Gyroscope,0.014385881000000001,0.008924745,0.0744828,1550002880139
6421,99,Accelerometer,1.3072342,1.0570401000000003,9.618706,1550002880140
6422,99,Gyroscope,0.012553285,-0.0039034244,0.08731097,1550002880149
6423,99,Accelerometer,1.2401965,1.5921441,9.294291000000001,1550002880150
6424,99,Gyroscope,0.016829342,-0.011233807,0.06043289599999999,1550002880159
6425,99,Accelerometer,2.1547816,2.4013843999999995,10.00896,1550002880159
6426,99,Gyroscope,0.0021685753,0.0077030174,0.06593069,1550002880169
6427,99,Accelerometer,1.780089,1.1971009,9.303867,1550002880169
6428,99,Gyroscope,-0.02532036,0.010757342,0.043328673,1550002880180
6429,99,Accelerometer,1.1887212,1.2761095,9.7803135,1550002880180
6430,99,Gyroscope,0.0040011713,0.0040378235,0.015839735,1550002880189
6431,99,Accelerometer,1.9333179,0.93254155,10.02572,1550002880190
6432,99,Gyroscope,-0.01127046,-0.00023823230999999999,0.015228872,1550002880199
6433,99,Accelerometer,1.3682863,0.9600749,9.7240505,1550002880200
6434,99,Gyroscope,-0.051587567,0.0077030174,-0.017757852,1550002880209
6435,99,Accelerometer,2.1990743,1.401805,9.5971575,1550002880209
6436,99,Gyroscope,-0.04853324,0.012589939,0.0005681054,1550002880219
6437,99,Accelerometer,1.8531121,0.8367735000000001,10.45069,1550002880220
6438,99,Gyroscope,-0.03203988,-0.005125154,0.017672332,1550002880229
6439,99,Accelerometer,1.9955671000000001,0.24779987,10.521319,1550002880230
6440,99,Gyroscope,-0.032650746,-0.005125154,-0.013481795,1550002880239
6441,99,Accelerometer,1.0247183000000002,0.50158525,9.582792,1550002880240
6442,99,Gyroscope,0.036377028,-0.023451112000000003,-0.0140926605,1550002880249
6443,99,Accelerometer,1.4437037,0.6332663000000001,8.819042,1550002880250
6444,99,Gyroscope,-0.05830708,-0.00084909797,0.015228872,1550002880259
6445,99,Accelerometer,0.044292733,0.22505496,9.440337,1550002880259
6446,99,Gyroscope,-0.102900244,0.042522334,0.015228872,1550002880269
6447,99,Accelerometer,0.5542577,1.4389153000000001,11.8094,1550002880270
6448,99,Gyroscope,0.03393357,-0.039944474,0.022559252999999998,1550002880279
6449,99,Accelerometer,1.6388310000000001,0.7637503000000001,9.41041,1550002880280
6450,99,Gyroscope,0.02721405,-0.00023823230999999999,-0.025088236,1550002880289
6451,99,Accelerometer,0.16519992,1.3467385,8.358158,1550002880290
6452,99,Gyroscope,-0.07602217,0.058404832999999996,0.016450599999999996,1550002880299
6453,99,Accelerometer,0.62129533,1.3587095,9.813833,1550002880299
6454,99,Gyroscope,0.0058337674,0.042522334,0.031722232999999996,1550002880309
6455,99,Accelerometer,1.2485761999999998,1.1767502,10.594342,1550002880310
6456,99,Gyroscope,0.054092124000000005,0.0058704205,-0.029364292,1550002880319
6457,99,Accelerometer,0.22026655,1.6843209,9.7324295,1550002880320
6458,99,Gyroscope,-0.028374685,0.012589939,0.0036224315000000003,1550002880329
6459,99,Accelerometer,2.0350714,1.4520833,9.714474000000001,1550002880330
6460,99,Gyroscope,0.014385881000000001,-0.020396786,0.053102515999999995,1550002880339
6461,99,Accelerometer,2.3714569,1.5574282,10.432734,1550002880339
6462,99,Gyroscope,0.06936375,-0.04605312599999999,0.03722002,1550002880349
6463,99,Accelerometer,2.8287494,0.28491,9.032125,1550002880350
6464,99,Gyroscope,0.021716263,-0.053383507000000004,0.046382997,1550002880359
6465,99,Accelerometer,2.6180596,1.8614918000000003,9.927557,1550002880360
6466,99,Gyroscope,0.01316415,-0.025894572999999997,0.06959588,1550002880369
6467,99,Accelerometer,2.0422540000000002,0.5422866999999999,9.356541,1550002880370
6468,99,Gyroscope,0.017440207,-0.010012077,0.017672332,1550002880379
6469,99,Accelerometer,0.6991069000000001,0.51116204,10.04607,1550002880380
6470,99,Gyroscope,0.0040011713,0.005259555,0.050659052999999996,1550002880389
6471,99,Accelerometer,1.3479356000000002,0.37588966,10.477027,1550002880389
6472,99,Gyroscope,0.008277228000000001,-0.026505437000000003,0.058600303,1550002880400
6473,99,Accelerometer,0.6619968,1.0965444,10.172963000000001,1550002880400
6474,99,Gyroscope,0.008888093,-0.028338033999999998,0.05554598,1550002880409
6475,99,Accelerometer,0.8451531999999999,1.282095,9.299078999999999,1550002880410
6476,99,Gyroscope,-0.006994404,-0.026505437000000003,0.07020674,1550002880419
6477,99,Accelerometer,0.37948096,1.2916718999999999,8.833407000000001,1550002880420
6478,99,Gyroscope,0.011942419,0.0022052303,0.06531982,1550002880429
6479,99,Accelerometer,0.25019407,1.436521,9.518148,1550002880429
6480,99,Gyroscope,0.022327128999999998,0.029694162000000003,0.076315396,1550002880439
6481,99,Accelerometer,0.56982,1.0175357,9.728839,1550002880439
6482,99,Gyroscope,0.0052229017,0.021752916,0.080591455,1550002880450
6483,99,Accelerometer,0.7637503000000001,1.0594343000000002,9.831789,1550002880450
6484,99,Gyroscope,0.024159724,0.007092151999999999,0.05249165,1550002880459
6485,99,Accelerometer,0.6536171,0.80684596,9.964667,1550002880460
6486,99,Gyroscope,0.0113315545,0.014422532,0.064708956,1550002880469
6487,99,Accelerometer,1.4796166000000002,0.8451531999999999,10.308235,1550002880470
6488,99,Gyroscope,0.0113315545,-0.024061977999999998,0.059822034,1550002880479
6489,99,Accelerometer,1.3587095,0.6691794,10.269928,1550002880479
6490,99,Gyroscope,0.0094989585,-0.05216177599999999,0.032943964,1550002880489
6491,99,Accelerometer,2.12246,1.3515268999999999,10.4171715,1550002880490
6492,99,Gyroscope,-0.0045509413,-0.07354206,0.046382997,1550002880499
6493,99,Accelerometer,2.0602105,1.0247183000000002,9.878476,1550002880500
6494,99,Gyroscope,0.026603185,-0.08881369,0.05921117,1550002880509
6495,99,Accelerometer,1.3036428999999998,1.2892777,9.829395,1550002880510
6496,99,Gyroscope,0.030879242,-0.079650715,0.043328673,1550002880519
6497,99,Accelerometer,1.8555063000000003,1.4856021000000001,10.085575,1550002880519
6498,99,Gyroscope,-0.0008857511,-0.09064629,0.07692626,1550002880529
6499,99,Accelerometer,1.5598223999999998,1.1935096,9.586383999999999,1550002880529
6500,99,Gyroscope,-0.021044305,-0.08942456,0.057989437000000005,1550002880540
6501,99,Accelerometer,1.2617443000000002,1.7106571,10.377667,1550002880540
6502,99,Gyroscope,0.0058337674,-0.07781812,0.05004819,1550002880549
6503,99,Accelerometer,1.0570401000000003,0.60573304,9.710882000000002,1550002880550
6504,99,Gyroscope,0.0009468458599999999,-0.07048774,0.02927877,1550002880559
6505,99,Accelerometer,0.10295067,0.9564835999999999,9.175778,1550002880560
6506,99,Gyroscope,-0.027763822999999997,-0.04422053,-0.0030970859999999998,1550002880569
6507,99,Accelerometer,0.6703765,0.94810385,8.937555,1550002880569
6508,99,Gyroscope,-0.019822573,-0.033224955,0.007287623399999999,1550002880579
6509,99,Accelerometer,0.25977087,1.2689268999999999,9.449914,1550002880580
6510,99,Gyroscope,0.0009468458599999999,-0.009401211500000001,0.014618006999999999,1550002880590
6511,99,Accelerometer,0.25378537,1.0390834999999998,9.288305000000001,1550002880590
6512,99,Gyroscope,-0.012492188999999999,0.007092151999999999,0.01156368,1550002880599
6513,99,Accelerometer,0.2825158,1.3132197,9.727641,1550002880600
6514,99,Gyroscope,-0.0057726726,0.033970222,0.0109528145,1550002880609
6515,99,Accelerometer,0.3890578,0.830788,9.631872999999999,1550002880610
6516,99,Gyroscope,-0.014935651999999999,0.03824628,0.014618006999999999,1550002880619
6517,99,Accelerometer,0.34356794,1.3934253,9.883265,1550002880619
6518,99,Gyroscope,-0.026542092000000003,0.04557666,-0.0037079514000000003,1550002880629
6519,99,Accelerometer,0.8343792999999999,1.0342950999999998,9.715671,1550002880629
6520,99,Gyroscope,0.0033903066,0.029694162000000003,0.0048441626,1550002880640
6521,99,Accelerometer,0.51235914,0.8343792999999999,9.232041,1550002880640
6522,99,Gyroscope,0.014996746000000002,0.027250702999999998,-0.007373143,1550002880649
6523,99,Accelerometer,1.0342950999999998,1.1719618,8.401254,1550002880650
6524,99,Gyroscope,0.07913759,0.03152676,-0.007373143,1550002880659
6525,99,Accelerometer,1.4197617,1.2090718999999999,7.577648,1550002880660
6526,99,Gyroscope,0.04370741,0.15919760000000002,0.009120219,1550002880669
6527,99,Accelerometer,1.352724,1.8579005000000002,8.957906,1550002880669
6528,99,Gyroscope,0.0021685753,0.20989943,0.016450599999999996,1550002880679
6529,99,Accelerometer,-0.16280572,2.1679497000000003,13.528437,1550002880679
6530,99,Gyroscope,-0.04425718,0.13048694,0.016450599999999996,1550002880689
6531,99,Accelerometer,1.650802,0.59974754,10.656591,1550002880690
6532,99,Gyroscope,0.033322702999999995,0.066956945,-0.021423044,1550002880700
6533,99,Accelerometer,0.48841715,2.4971522999999998,9.877279,1550002880700
6534,99,Gyroscope,-0.04975497,0.093224145,0.040274344,1550002880709
6535,99,Accelerometer,1.8459294999999998,1.3491327,8.895657,1550002880710
6536,99,Gyroscope,-0.03814853,0.06512435,0.054935113,1550002880719
6537,99,Accelerometer,0.62129533,1.4137761999999998,9.986216,1550002880720
6538,99,Gyroscope,0.02721405,0.04740926,0.048215594,1550002880729
6539,99,Accelerometer,1.1420341999999999,0.9552864999999999,9.65821,1550002880729
6540,99,Gyroscope,-0.021044305,0.04985272,0.07692626,1550002880739
6541,99,Accelerometer,1.3958195,0.37948096,9.107543,1550002880740
6542,99,Gyroscope,-0.008826999,0.07550906,0.026224446000000002,1550002880750
6543,99,Accelerometer,-0.059855044,1.4449007999999999,9.550469999999999,1550002880750
6544,99,Gyroscope,-0.028374685,0.079785116,0.03722002,1550002880759
6545,99,Accelerometer,0.4141969,0.19991584,9.831789,1550002880760
6546,99,Gyroscope,-0.008826999,0.062680885,0.04088521,1550002880769
6547,99,Accelerometer,1.2018893,1.079785,10.58716,1550002880770
6548,99,Gyroscope,0.024159724,0.060848295999999996,0.015228872,1550002880779
6549,99,Accelerometer,0.641646,0.8439561,9.096769,1550002880779
6550,99,Gyroscope,-0.051587567,0.07550906,0.0042332970000000004,1550002880789
6551,99,Accelerometer,0.676362,1.5765818,10.084377,1550002880790
6552,99,Gyroscope,-0.04853324,0.06512435,0.046382997,1550002880800
6553,99,Accelerometer,1.1372458,1.0594343000000002,11.203667,1550002880800
6554,99,Gyroscope,0.052259527,0.035191953,0.01034195,1550002880809
6555,99,Accelerometer,0.59855044,1.7202339,10.386047,1550002880810
6556,99,Gyroscope,0.020494534,0.03885714,0.05004819,1550002880819
6557,99,Accelerometer,1.0582372,1.5957354,9.078813,1550002880820
6558,99,Gyroscope,-0.023487763,0.053517907999999996,0.06287636,1550002880829
6559,99,Accelerometer,0.077811554,1.6244658,10.075998,1550002880829
6560,99,Gyroscope,0.03882049,0.06573521,0.059822034,1550002880839
6561,99,Accelerometer,0.81043726,1.4437037,10.99178,1550002880839
6562,99,Gyroscope,0.025992319,0.03885714,0.08120232,1550002880850
6563,99,Accelerometer,0.78050977,0.92655605,9.622296,1550002880850
6564,99,Gyroscope,0.0009468458599999999,0.04985272,0.06593069,1550002880859
6565,99,Accelerometer,0.5554548,1.7465701,10.250774,1550002880860
6566,99,Gyroscope,-0.052809298,0.040689737000000004,0.070817605,1550002880869
6567,99,Accelerometer,0.415394,0.7410054,10.022128,1550002880870
6568,99,Gyroscope,-0.027763822999999997,0.030915894,0.031111367,1550002880879
6569,99,Accelerometer,0.47644615,1.0702082,10.18254,1550002880879
6570,99,Gyroscope,0.019883668,0.020531185,0.04088521,1550002880889
6571,99,Accelerometer,0.49081135,1.2629413999999999,9.885659,1550002880889
6572,99,Gyroscope,-0.013103055,0.0431332,0.020726658000000002,1550002880900
6573,99,Accelerometer,0.029927522,0.94092125,9.076419,1550002880900
6574,99,Gyroscope,-0.020433438999999998,0.048020124000000004,0.054935113,1550002880909
6575,99,Accelerometer,0.5554548,1.4903905000000002,9.7084875,1550002880910
6576,99,Gyroscope,-0.008826999,0.046187527,0.06959588,1550002880919
6577,99,Accelerometer,0.10654198,0.9923966000000001,9.520543,1550002880920
6578,99,Gyroscope,0.008277228000000001,0.04863099,0.06348722400000001,1550002880929
6579,99,Accelerometer,-0.051475335,1.079785,9.399636,1550002880930
6580,99,Gyroscope,-0.0076052677,0.078563385,0.056156844000000004,1550002880939
6581,99,Accelerometer,0.18794483,1.079785,9.673772,1550002880939
6582,99,Gyroscope,-0.022266036,0.07734165,0.05554598,1550002880950
6583,99,Accelerometer,0.073023155,1.0690111,9.78989,1550002880950
6584,99,Gyroscope,-0.030207282000000002,0.06390262,0.04210694,1550002880959
6585,99,Accelerometer,0.06584055,1.316811,10.060435,1550002880960
6586,99,Gyroscope,-0.027763822999999997,0.06329175,0.04577213,1550002880969
6587,99,Accelerometer,0.1388637,1.2138603000000001,10.356119,1550002880970
6588,99,Gyroscope,-0.0027183462,0.073065594,0.061654627000000004,1550002880979
6589,99,Accelerometer,-0.015562311,0.61770403,9.5385,1550002880980
6590,99,Gyroscope,-0.0021074805,0.06207002,0.054935113,1550002880989
6591,99,Accelerometer,0.2657564,1.6496049,10.274716,1550002880990
6592,99,Gyroscope,-0.026542092000000003,0.034581087999999996,0.05737857,1550002880999
6593,99,Accelerometer,0.78170687,0.7565677,10.472239,1550002880999
6594,99,Gyroscope,0.004612036,0.0040378235,0.04393954,1550002881009
6595,99,Accelerometer,0.91578215,0.11851298,9.970653,1550002881010
6596,99,Gyroscope,0.010109824,0.018698592,-0.0067622773,1550002881019
6597,99,Accelerometer,1.2892777,0.46806642,9.697714,1550002881020
6598,99,Gyroscope,-0.036315932999999995,0.018698592,-0.031196889,1550002881029
6599,99,Accelerometer,1.2318168,0.29328972,9.940725,1550002881030
6600,99,Gyroscope,-0.006994404,-0.01856419,-0.05135544,1550002881039
6601,99,Accelerometer,1.4305356000000002,0.17597382,10.546458,1550002881039
6602,99,Gyroscope,0.018051071000000002,-0.024061977999999998,-0.066016205,1550002881049
6603,99,Accelerometer,1.745373,0.58298814,9.985018,1550002881050
6604,99,Gyroscope,-0.019211708,-0.010622941,-0.051966306,1550002881060
6605,99,Accelerometer,1.5370774999999999,0.7062895,9.203311,1550002881060
6606,99,Gyroscope,-0.01737911,-0.005125154,-0.038527273,1550002881069
6607,99,Accelerometer,1.0809821000000002,0.91458505,9.9550905,1550002881070
6608,99,Gyroscope,0.016829342,-0.013066402,-0.032418616000000004,1550002881079
6609,99,Accelerometer,0.91578215,0.8451531999999999,9.751583,1550002881080
6610,99,Gyroscope,0.0033903066,-0.010012077,-0.02203391,1550002881089
6611,99,Accelerometer,0.45729253,0.7493850999999999,8.775947,1550002881089
6612,99,Gyroscope,-0.01737911,0.06940041,-0.03302948,1550002881100
6613,99,Accelerometer,0.9588778,1.4628572,9.515755,1550002881100
6614,99,Gyroscope,-0.020433438999999998,0.0852829,-0.007984008,1550002881109
6615,99,Accelerometer,-0.48841715,1.1767502,10.139444000000001,1550002881110
6616,99,Gyroscope,-0.07846563,-0.023451112000000003,-0.025088236,1550002881119
6617,99,Accelerometer,1.0366893,1.9033904,11.948263,1550002881120
6618,99,Gyroscope,0.041263953,-0.05582697,-0.0061514126,1550002881129
6619,99,Accelerometer,2.1703438999999998,0.8367735000000001,9.033323,1550002881129
6620,99,Gyroscope,-0.014324786,-0.0014599635999999999,0.0017898360000000002,1550002881140
6621,99,Accelerometer,1.9117701,1.2186487,8.884883,1550002881140
6622,99,Gyroscope,-0.012492188999999999,0.020531185,-4.2759813000000006e-05,1550002881149
6623,99,Accelerometer,1.8004397,0.89184016,10.490194,1550002881150
6624,99,Gyroscope,0.036377028,0.01747686,0.08303491,1550002881159
6625,99,Accelerometer,2.7593174,0.9780314,9.856929,1550002881160
6626,99,Gyroscope,-0.06258314,-0.029559765,0.05371338,1550002881169
6627,99,Accelerometer,1.9416976000000001,1.282095,9.585187,1550002881169
6628,99,Gyroscope,0.006444632,-0.014898999,0.070817605,1550002881179
6629,99,Accelerometer,2.409764,0.82599956,10.263943,1550002881180
6630,99,Gyroscope,-0.0039400775,-0.016731594,0.05554598,1550002881189
6631,99,Accelerometer,2.2421699,1.2114661,9.635465,1550002881190
6632,99,Gyroscope,0.031490106000000004,-0.03261409,-0.0037079514000000003,1550002881199
6633,99,Accelerometer,1.9033904,1.6364368,10.866083999999999,1550002881200
6634,99,Gyroscope,0.113346055,-0.08453764,0.017061466,1550002881209
6635,99,Accelerometer,2.5546130000000002,1.2737153,9.93474,1550002881209
6636,99,Gyroscope,0.03759876,-0.08392677,0.008509354,1550002881219
6637,99,Accelerometer,1.6208745,1.2270284,8.948329,1550002881219
6638,99,Gyroscope,0.010720688999999999,-0.05277264,0.007898489,1550002881230
6639,99,Accelerometer,1.1252748,1.3575124,10.0987425,1550002881230
6640,99,Gyroscope,0.057146445,-0.027727167999999996,0.04210694,1550002881239
6641,99,Accelerometer,0.9888053,0.6548142,9.788692999999999,1550002881240
6642,99,Gyroscope,0.026603185,-0.009401211500000001,0.023780985,1550002881249
6643,99,Accelerometer,-0.108936176,0.82360536,9.13388,1550002881250
6644,99,Gyroscope,0.029657512999999996,-0.011233807,0.03355483,1550002881259
6645,99,Accelerometer,1.2066777,1.1659763,9.677363,1550002881259
6646,99,Gyroscope,0.031490106000000004,0.0022052303,0.007287623399999999,1550002881270
6647,99,Accelerometer,0.053869538,0.7661445,8.731653,1550002881270
6648,99,Gyroscope,-0.043035455,0.022974647999999997,0.015839735,1550002881279
6649,99,Accelerometer,0.46208093,0.60333884,9.421184,1550002881280
6650,99,Gyroscope,-0.030818147999999997,0.022363782000000002,0.03355483,1550002881289
6651,99,Accelerometer,1.2366052,0.61171854,10.2735195,1550002881290
6652,99,Gyroscope,0.0027794409999999997,0.016865995,-0.008594873000000001,1550002881299
6653,99,Accelerometer,0.59855044,1.0366893,9.550469999999999,1550002881299
6654,99,Gyroscope,-0.0137139205,0.057793967,0.0036224315000000003,1550002881309
6655,99,Accelerometer,0.9792285,0.8750806999999999,9.848549,1550002881309
6656,99,Gyroscope,-0.06136141,0.068178676,0.009731084000000001,1550002881320
6657,99,Accelerometer,1.1109096,0.91219085,10.102333999999999,1550002881320
6658,99,Gyroscope,-0.02409863,0.03824628,0.0030115664,1550002881329
6659,99,Accelerometer,1.0618285,1.1683705,10.08318,1550002881330
6660,99,Gyroscope,-0.051587567,0.05046358,0.0030115664,1550002881339
6661,99,Accelerometer,1.5957354,0.5590460999999999,9.654618,1550002881340
6662,99,Gyroscope,-0.026542092000000003,0.05962656400000001,0.0036224315000000003,1550002881349
6663,99,Accelerometer,1.8064252,1.5155296,10.059238,1550002881349
6664,99,Gyroscope,-0.025931226,0.06451348,0.017672332,1550002881359
6665,99,Accelerometer,2.1811178,1.8602947,10.535685,1550002881360
6666,99,Gyroscope,-0.028374685,0.022974647999999997,0.021337522,1550002881370
6667,99,Accelerometer,1.7537526999999997,0.6955156,9.962274,1550002881370
6668,99,Gyroscope,-0.0014966168,-0.00084909797,0.0066767577,1550002881379
6669,99,Accelerometer,1.4030021000000001,1.8734628,10.201694,1550002881380
6670,99,Gyroscope,-0.00027488545,-0.008790346,0.03416569,1550002881389
6671,99,Accelerometer,1.8579005000000002,1.2761095,9.712079,1550002881390
6672,99,Gyroscope,0.017440207,-0.027116302000000002,0.06776328400000001,1550002881399
6673,99,Accelerometer,0.79248077,1.1552023,10.052056,1550002881399
6674,99,Gyroscope,0.05164866,-0.042387932999999996,0.04760473,1550002881409
6675,99,Accelerometer,0.7038953,1.4030021000000001,10.301053,1550002881410
6676,99,Gyroscope,0.027824916,-0.050329182,0.04760473,1550002881419
6677,99,Accelerometer,0.8726865,1.0785878999999998,9.713275999999999,1550002881420
6678,99,Gyroscope,0.0070554977,-0.034446687000000004,0.05554598,1550002881429
6679,99,Accelerometer,0.7015011,1.1504139,9.848549,1550002881430
6680,99,Gyroscope,0.055924714,-0.02100765,0.05371338,1550002881439
6681,99,Accelerometer,0.40940848,0.81043726,9.272743,1550002881439
6682,99,Gyroscope,0.030879242,-0.0014599635999999999,0.029889636,1550002881450
6683,99,Accelerometer,0.44891283,0.49919105,9.417591999999999,1550002881450
6684,99,Gyroscope,0.020494534,-0.010622941,0.020115793,1550002881459
6685,99,Accelerometer,0.92416185,0.62009823,9.7803135,1550002881460
6686,99,Gyroscope,0.021105397,-0.0020708293,0.014618006999999999,1550002881469
6687,99,Accelerometer,1.0821792,0.700304,10.07121,1550002881470
6688,99,Gyroscope,0.011942419,0.00037263334000000003,0.009120219,1550002881479
6689,99,Accelerometer,0.8870517,0.6775591,9.293094,1550002881479
6690,99,Gyroscope,0.0094989585,-0.033224955,-0.007984008,1550002881489
6691,99,Accelerometer,1.4341268999999999,0.62728083,9.738416,1550002881489
6692,99,Gyroscope,0.027824916,0.019309454,-0.0037079514000000003,1550002881500
6693,99,Accelerometer,1.8471266,0.35793316,9.431957,1550002881500
6694,99,Gyroscope,-0.0045509413,0.046798393,-0.026309965,1550002881510
6695,99,Accelerometer,0.36870706,0.89423436,9.956287,1550002881510
6696,99,Gyroscope,-0.057696215999999995,-0.008790346,-0.050744575,1550002881519
6697,99,Accelerometer,1.5047556999999998,1.055843,12.293028999999999,1550002881520
6698,99,Gyroscope,0.07241808,-0.12424388,-0.011038333999999999,1550002881529
6699,99,Accelerometer,1.9201498,-0.12449849,9.615114,1550002881530
6700,99,Gyroscope,-0.021044305,-0.07232033,-0.053188037,1550002881539
6701,99,Accelerometer,1.3634979,1.6496049,8.929175,1550002881539
6702,99,Gyroscope,-0.13161092,-0.036279282999999996,-0.037916407,1550002881549
6703,99,Accelerometer,1.3934253,0.27174190000000004,9.339781,1550002881550
6704,99,Gyroscope,0.042485684,-0.10225273,0.0011789708,1550002881560
6705,99,Accelerometer,0.08738836,0.2621651,10.977414999999999,1550002881560
6706,99,Gyroscope,0.016218476000000003,-0.07476379,-0.055020634000000006,1550002881569
6707,99,Accelerometer,1.2006921999999998,0.5482722,9.455899,1550002881570
6708,99,Gyroscope,-0.06013968,-0.006957751,-0.055631495999999996,1550002881579
6709,99,Accelerometer,0.29807812,0.70509243,7.5429325,1550002881580
6710,99,Gyroscope,-0.043646313,0.02786157,-0.05257717,1550002881589
6711,99,Accelerometer,-1.3347674999999999,1.4640543,9.937134,1550002881589
6712,99,Gyroscope,-0.02409863,0.009535611,-0.081898704,1550002881599
6713,99,Accelerometer,0.32441434,0.9852139999999999,9.660604,1550002881599
6714,99,Gyroscope,-0.054641888,0.027250702999999998,-0.10572245,1550002881610
6715,99,Accelerometer,-0.20111294,2.3187842,9.348161,1550002881610
6716,99,Gyroscope,-0.033261612,0.03152676,-0.09717034,1550002881619
6717,99,Accelerometer,0.1364695,1.5358804,9.15423,1550002881620
6718,99,Gyroscope,-0.044868045,0.04985272,-0.07701178,1550002881629
6719,99,Accelerometer,0.260968,1.0845733999999998,10.423157000000002,1550002881630
6720,99,Gyroscope,0.032711837,0.021752916,-0.06968139999999999,1550002881639
6721,99,Accelerometer,1.4676456,1.0953473,9.555259,1550002881640
6722,99,Gyroscope,0.05042693,0.022974647999999997,-0.07334659,1550002881649
6723,99,Accelerometer,1.0881646999999999,1.6962918999999999,9.374496,1550002881649
6724,99,Gyroscope,0.00033598019999999995,0.0431332,-0.038527273,1550002881660
6725,99,Accelerometer,1.400608,1.6484078000000002,9.91439,1550002881660
6726,99,Gyroscope,0.0070554977,0.02114205,-0.018368717,1550002881669
6727,99,Accelerometer,0.7338228,1.2785037000000001,9.904813,1550002881670
6728,99,Gyroscope,0.046761736,0.015644263000000002,-0.011038333999999999,1550002881679
6729,99,Accelerometer,1.1312603,1.2054806,10.04607,1550002881680
6730,99,Gyroscope,0.0113315545,0.018698592,0.014618006999999999,1550002881689
6731,99,Accelerometer,1.1384428999999998,2.0482395,9.908403,1550002881690
6732,99,Gyroscope,-0.010659594,0.0040378235,0.062265493,1550002881699
6733,99,Accelerometer,1.2605472,1.7286136000000003,10.308235,1550002881699
6734,99,Gyroscope,0.026603185,-0.03261409,0.053102515999999995,1550002881710
6735,99,Accelerometer,0.6488286999999999,1.352724,9.691728999999999,1550002881710
6736,99,Gyroscope,0.02721405,-0.021618515,0.05126992,1550002881719
6737,99,Accelerometer,1.1599906999999998,1.5753847,9.370906,1550002881720
6738,99,Gyroscope,0.0058337674,-0.025283707000000002,0.07142847,1550002881729
6739,99,Accelerometer,1.1599906999999998,1.1611878,9.36492,1550002881730
6740,99,Gyroscope,0.026603185,-0.030781494,0.05921117,1550002881739
6741,99,Accelerometer,1.1180921999999998,0.9947908000000001,9.653421,1550002881739
6742,99,Gyroscope,0.018661937,-0.047274857999999996,0.056767705999999994,1550002881749
6743,99,Accelerometer,1.0726023999999998,0.91937345,9.78989,1550002881749
6744,99,Gyroscope,0.0094989585,-0.038111877,0.05921117,1550002881760
6745,99,Accelerometer,1.0845733999999998,0.8379706,9.728839,1550002881760
6746,99,Gyroscope,-0.0014966168,-0.017953325,0.030500501,1550002881769
6747,99,Accelerometer,0.06344634,0.9720459000000001,10.151415,1550002881770
6748,99,Gyroscope,0.0027794409999999997,-0.026505437000000003,0.0323331,1550002881779
6749,99,Accelerometer,0.736217,0.40342298,9.003395,1550002881780
6750,99,Gyroscope,-0.02165517,-0.016731594,0.031722232999999996,1550002881790
6751,99,Accelerometer,0.27533320000000006,1.0067618,9.190144,1550002881790
6752,99,Gyroscope,-0.034483336,0.0034269579,0.024391849,1550002881799
6753,99,Accelerometer,0.35194764,0.8846575000000001,9.931149000000001,1550002881800
6754,99,Gyroscope,0.00033598019999999995,0.00037263334000000003,0.031111367,1550002881809
6755,99,Accelerometer,0.9840169,1.2509704,10.103531,1550002881810
6756,99,Gyroscope,0.01316415,0.008924745,0.035387423,1550002881819
6757,99,Accelerometer,0.8607155000000001,1.1492168,9.226056,1550002881819
6758,99,Gyroscope,-0.027152957000000002,0.033970222,0.03416569,1550002881829
6759,99,Accelerometer,0.48841715,1.091756,9.707291,1550002881829
6760,99,Gyroscope,-0.039981127000000005,0.02114205,0.032943964,1550002881840
6761,99,Accelerometer,0.5746084,1.5275006000000002,10.366894,1550002881840
6762,99,Gyroscope,0.010720688999999999,-0.00023823230999999999,0.012174546000000001,1550002881849
6763,99,Accelerometer,0.82001406,1.4891934,10.077195,1550002881850
6764,99,Gyroscope,-0.037537664,0.010146476,0.02317012,1550002881859
6765,99,Accelerometer,0.533907,1.0223241,9.619903,1550002881860
6766,99,Gyroscope,0.021716263,-0.011844671999999999,0.020726658000000002,1550002881869
6767,99,Accelerometer,0.4309563,0.9983820999999999,9.247603999999999,1550002881870
6768,99,Gyroscope,-0.019822573,0.026028972,-0.0030970859999999998,1550002881879
6769,99,Accelerometer,1.0749966,1.7178397,10.08318,1550002881879
6770,99,Gyroscope,-0.03203988,0.06329175,0.03416569,1550002881889
6771,99,Accelerometer,-0.62488663,0.90021986,9.467871,1550002881889
6772,99,Gyroscope,-0.0509767,-0.011844671999999999,0.017061466,1550002881900
6773,99,Accelerometer,-0.19752164,2.385822,12.543222,1550002881900
6774,99,Gyroscope,0.058368175999999994,-0.039333608,0.022559252999999998,1550002881910
6775,99,Accelerometer,1.2270284,0.78529817,9.677363,1550002881910
6776,99,Gyroscope,-0.037537664,0.022974647999999997,0.041496076,1550002881919
6777,99,Accelerometer,0.2861071,2.2541409,9.106346,1550002881920
6778,99,Gyroscope,-0.03937026,0.05168531,0.05371338,1550002881929
6779,99,Accelerometer,0.21308395,0.842759,9.246407000000001,1550002881930
6780,99,Gyroscope,0.08646798,0.01747686,0.05554598,1550002881939
6781,99,Accelerometer,-0.061052144,1.2940661,10.097546000000001,1550002881939
6782,99,Gyroscope,0.014385881000000001,-0.0026816929999999998,0.053102515999999995,1550002881950
6783,99,Accelerometer,0.79726917,1.5981296,9.700109,1550002881950
6784,99,Gyroscope,0.01316415,0.022974647999999997,0.08731097,1550002881960
6785,99,Accelerometer,0.6691794,0.8379706,9.281123,1550002881960
6786,99,Gyroscope,0.038209625,0.028472435,0.08425664,1550002881969
6787,99,Accelerometer,0.25857377,2.1583729,10.2495775,1550002881970
6788,99,Gyroscope,0.016829342,0.023585513,0.10319347,1550002881979
6789,99,Accelerometer,0.5722142,0.9816226999999998,9.876082,1550002881980
6790,99,Gyroscope,0.038209625,-0.010622941,0.12518463,1550002881989
6791,99,Accelerometer,0.17597382,0.8523358,10.57878,1550002881989
6792,99,Gyroscope,0.06630943,-0.01978592,0.106858656,1550002881999
6793,99,Accelerometer,1.0809821000000002,0.19033903,10.228029,1550002882000
6794,99,Gyroscope,-0.0021074805,-0.013677267,0.07814799,1550002882010
6795,99,Accelerometer,0.8523358,0.59735334,9.589975,1550002882010
6796,99,Gyroscope,0.0009468458599999999,-0.022840247,0.027446175,1550002882019
6797,99,Accelerometer,0.6979098000000001,0.20829555,9.51336,1550002882020
6798,99,Gyroscope,0.0094989585,-0.03750101,-0.021423044,1550002882029
6799,99,Accelerometer,0.1364695,-0.09935937,10.229227,1550002882030
6800,99,Gyroscope,-0.015546517,-0.028948900000000003,-0.05929669,1550002882039
6801,99,Accelerometer,-0.11731588,-0.78888947,9.846153999999999,1550002882040
6802,99,Gyroscope,0.0052229017,-0.04422053,-0.09655947,1550002882049
6803,99,Accelerometer,0.32561144,-0.29807812,9.829395,1550002882049
6804,99,Gyroscope,0.029657512999999996,-0.04544226,-0.10816591,1550002882060
6805,99,Accelerometer,1.1563994,0.047884032,8.859743,1550002882060
6806,99,Gyroscope,-0.010659594,-0.035057552,-0.13076791,1550002882070
6807,99,Accelerometer,0.79846627,0.7577648,9.582792,1550002882070
6808,99,Gyroscope,-0.008216133,-0.02100765,-0.12221581,1550002882079
6809,99,Accelerometer,1.2785037000000001,1.2378023,10.177752,1550002882080
6810,99,Gyroscope,-0.00027488545,-0.024061977999999998,-0.10083552400000001,1550002882089
6811,99,Accelerometer,1.5430629999999999,1.8579005000000002,9.908403,1550002882090
6812,99,Gyroscope,-0.014324786,-0.022840247,-0.06357274,1550002882099
6813,99,Accelerometer,1.3587095,2.1428106,10.043676,1550002882099
6814,99,Gyroscope,-0.030818147999999997,-0.030781494,-0.043414194,1550002882109
6815,99,Accelerometer,1.2892777,2.086547,9.696517,1550002882109
6816,99,Gyroscope,0.021716263,-0.032003224,-0.014703525,1550002882120
6817,99,Accelerometer,1.5083469999999999,1.7776948000000001,9.446322,1550002882120
6818,99,Gyroscope,-0.0033292117999999997,-0.02100765,-0.022644775,1550002882129
6819,99,Accelerometer,1.1959038,1.6663644,9.610325999999999,1550002882130
6820,99,Gyroscope,-0.013103055,-0.030170628999999997,-0.016536122,1550002882139
6821,99,Accelerometer,1.6950948000000001,1.2126632,9.706094,1550002882140
6822,99,Gyroscope,0.033322702999999995,-0.022840247,-0.02325564,1550002882149
6823,99,Accelerometer,1.5873556999999998,1.1779473,9.552864999999999,1550002882150
6824,99,Gyroscope,-0.041202857999999995,-0.005125154,-0.02203391,1550002882159
6825,99,Accelerometer,1.5705963,1.1408371000000002,9.440337,1550002882159
6826,99,Gyroscope,-0.017989976,-0.0057360195,-0.032418616000000004,1550002882169
6827,99,Accelerometer,1.1982979999999999,1.1755531000000001,10.484209,1550002882170
6828,99,Gyroscope,0.0009468458599999999,-0.0039034244,-0.04769025,1550002882180
6829,99,Accelerometer,1.3778629999999998,0.9672575000000001,10.09994,1550002882180
6830,99,Gyroscope,-0.00027488545,0.0034269579,-0.058685824000000004,1550002882189
6831,99,Accelerometer,0.760159,0.8786719999999999,9.326611999999999,1550002882190
6832,99,Gyroscope,-0.024709495,0.023585513,-0.066016205,1550002882199
6833,99,Accelerometer,0.6440403,1.1097125,9.665392,1550002882200
6834,99,Gyroscope,-0.0027183462,0.015644263000000002,-0.04280333,1550002882209
6835,99,Accelerometer,0.9888053,0.8786719999999999,9.327810000000001,1550002882209
6836,99,Gyroscope,0.020494534,0.01747686,-0.048301116,1550002882219
6837,99,Accelerometer,0.46208093,0.89303726,9.075222,1550002882219
6838,99,Gyroscope,0.010109824,0.035191953,-0.053798902999999995,1550002882230
6839,99,Accelerometer,-0.10295067,0.49559975,9.465475999999999,1550002882230
6840,99,Gyroscope,0.016218476000000003,0.06634608,-0.013481795,1550002882239
6841,99,Accelerometer,0.7757214,0.8391677,10.04607,1550002882240
6842,99,Gyroscope,0.0015577096,0.052907042,-0.025088236,1550002882249
6843,99,Accelerometer,0.8774749,0.80205756,9.903615,1550002882250
6844,99,Gyroscope,-0.00027488545,0.028472435,-0.018979583,1550002882259
6845,99,Accelerometer,1.7776948000000001,0.8571242,9.812635,1550002882259
6846,99,Gyroscope,0.0113315545,0.032137625,-0.02692083,1550002882269
6847,99,Accelerometer,2.0973208,1.1288661,9.155427,1550002882269
6848,99,Gyroscope,-0.019211708,0.040689737000000004,-0.02203391,1550002882280
6849,99,Accelerometer,1.9656396,0.7721300999999999,9.1350765,1550002882280
6850,99,Gyroscope,0.019883668,0.06573521,-0.031807754,1550002882289
6851,99,Accelerometer,2.5318682,1.9596541,12.196063,1550002882290
6852,99,Gyroscope,-0.057696215999999995,0.028472435,-0.015314391,1550002882299
6853,99,Accelerometer,1.2856863,0.7015011,11.432313,1550002882300
6854,99,Gyroscope,-0.058917947000000005,-0.1169135,-4.2759813000000006e-05,1550002882309
6855,99,Accelerometer,1.3299791,1.5813701999999998,12.443863,1550002882310
6856,99,Gyroscope,0.068752885,-0.12485474,-0.0678488,1550002882319
6857,99,Accelerometer,3.2956185,0.92416185,9.871294,1550002882319
6858,99,Gyroscope,-0.09007207,-0.06010303,-0.008594873000000001,1550002882329
6859,99,Accelerometer,1.4460978999999998,1.2617443000000002,8.544906,1550002882330
6860,99,Gyroscope,-0.05708535,-0.059492163,-0.010427468,1550002882340
6861,99,Accelerometer,0.5482722,0.29568392,9.921572,1550002882340
6862,99,Gyroscope,0.12434163,-0.11385917,-0.071513996,1550002882349
6863,99,Accelerometer,1.1432313,2.100912,11.134235,1550002882350
6864,99,Gyroscope,-0.00027488545,-0.1132483,0.0109528145,1550002882359
6865,99,Accelerometer,0.13168110000000002,1.0570401000000003,9.155427,1550002882360
6866,99,Gyroscope,0.006444632,-0.14990023,0.0885327,1550002882369
6867,99,Accelerometer,-0.094570965,0.92057055,11.481394,1550002882370
6868,99,Gyroscope,0.17015652,-0.19204992,0.062265493,1550002882379
6869,99,Accelerometer,2.753332,0.18555063,10.783484,1550002882379
6870,99,Gyroscope,0.07669414,-0.15478714,0.068985015,1550002882389
6871,99,Accelerometer,1.8602947,1.1563994,7.4974427,1550002882390
6872,99,Gyroscope,-0.09434813,-0.09797667,0.02317012,1550002882400
6873,99,Accelerometer,0.5781997,1.4341268999999999,8.207322999999999,1550002882400
6874,99,Gyroscope,-0.008216133,-0.09370062,-0.07029226400000001,1550002882409
6875,99,Accelerometer,1.0390834999999998,0.61530983,10.29387,1550002882410
6876,99,Gyroscope,0.03210097,-0.0851485,-0.05440977,1550002882419
6877,99,Accelerometer,-0.5662286999999999,-0.7170634,8.939949,1550002882420
6878,99,Gyroscope,-0.025931226,-0.05216177599999999,-0.083120435,1550002882429
6879,99,Accelerometer,0.10414778,0.24061728,8.656236999999999,1550002882430
6880,99,Gyroscope,0.004612036,-0.026505437000000003,-0.097781196,1550002882439
6881,99,Accelerometer,0.78529817,1.1552023,9.64983,1550002882439
6882,99,Gyroscope,-0.0008857511,0.016865995,-0.05013371,1550002882449
6883,99,Accelerometer,-0.664391,0.7637503000000001,9.1590185,1550002882450
6884,99,Gyroscope,-0.0509767,0.03824628,-0.08128784,1550002882460
6885,99,Accelerometer,-0.31244332,1.8698715,9.607930999999999,1550002882460
6886,99,Gyroscope,-0.032650746,0.034581087999999996,-0.07701178,1550002882469
6887,99,Accelerometer,0.8331822,1.8040310000000002,10.135853,1550002882470
6888,99,Gyroscope,-0.017989976,0.013200805,-0.017757852,1550002882479
6889,99,Accelerometer,0.70509243,1.1013328000000002,9.731233,1550002882480
6890,99,Gyroscope,-0.050365835,0.009535611,-0.045246787000000004,1550002882489
6891,99,Accelerometer,1.6519991000000003,1.6747441000000003,9.703699,1550002882490
6892,99,Gyroscope,0.00033598019999999995,-0.00023823230999999999,-0.042192463,1550002882499
6893,99,Accelerometer,1.3575124,1.2545617,9.938332,1550002882499
6894,99,Gyroscope,-0.016768249,-0.0075686146,-0.023866504,1550002882510
6895,99,Accelerometer,1.4772223999999998,1.2737153,10.484209,1550002882510
6896,99,Gyroscope,-0.06380487,-0.029559765,-0.041581597000000005,1550002882519
6897,99,Accelerometer,1.8267759,0.93732995,10.879252000000001,1550002882520
6898,99,Gyroscope,-0.0369268,-0.053994372,-0.03730554,1550002882529
6899,99,Accelerometer,1.2401965,1.0869676000000001,10.619482000000001,1550002882530
6900,99,Gyroscope,0.0009468458599999999,-0.071098596,-0.03730554,1550002882539
6901,99,Accelerometer,1.091756,0.748188,9.496601,1550002882540
6902,99,Gyroscope,0.025992319,-0.07781812,-0.02325564,1550002882549
6903,99,Accelerometer,0.90381116,1.6220716,9.19972,1550002882549
6904,99,Gyroscope,-0.0063835381999999994,-0.055216104,-0.02203391,1550002882560
6905,99,Accelerometer,0.10175357,0.9935937,8.959103,1550002882560
6906,99,Gyroscope,-0.022266036,-0.04849659,0.0048441626,1550002882569
6907,99,Accelerometer,0.39743748,0.93254155,9.876082,1550002882570
6908,99,Gyroscope,0.004612036,-0.05460524,0.017672332,1550002882579
6909,99,Accelerometer,0.48722005,0.8523358,9.824607,1550002882580
6910,99,Gyroscope,0.029046647000000002,-0.05277264,0.012174546000000001,1550002882589
6911,99,Accelerometer,0.32920274,1.2988545,8.918402,1550002882590
6912,99,Gyroscope,-0.01004873,0.008313879,0.007898489,1550002882599
6913,99,Accelerometer,0.29688102,1.6747441000000003,9.175778,1550002882599
6914,99,Gyroscope,-0.018600842,0.029083297,0.0042332970000000004,1550002882609
6915,99,Accelerometer,0.50158525,1.3215994,9.896433,1550002882609
6916,99,Gyroscope,-0.0008857511,0.019309454,0.0042332970000000004,1550002882620
6917,99,Accelerometer,0.5722142,1.5574282,9.907207000000001,1550002882620
6918,99,Gyroscope,-0.036315932999999995,0.01625513,-0.000653625,1550002882630
6919,99,Accelerometer,0.7577648,1.1611878,9.868899,1550002882630
6920,99,Gyroscope,0.01316415,0.0077030174,0.007287623399999999,1550002882639
6921,99,Accelerometer,0.8870517,1.2162545,9.646238,1550002882640
6922,99,Gyroscope,-0.014935651999999999,0.030915894,0.0109528145,1550002882649
6923,99,Accelerometer,1.0630256,1.7537526999999997,11.419145,1550002882650
6924,99,Gyroscope,-0.01004873,0.026639838,-0.007373143,1550002882659
6925,99,Accelerometer,0.21787235,0.20111294,10.267534,1550002882659
6926,99,Gyroscope,-0.03509419999999999,-0.005125154,-0.007373143,1550002882669
6927,99,Accelerometer,0.5590460999999999,1.8231846,10.975019999999999,1550002882669
6928,99,Gyroscope,-0.0509767,-0.038722742000000004,0.018283198,1550002882680
6929,99,Accelerometer,2.5821466,0.9768343,10.432734,1550002882680
6930,99,Gyroscope,0.019883668,-0.1272982,0.024391849,1550002882690
6931,99,Accelerometer,2.7114333999999998,1.0271125,7.912836599999999,1550002882690
6932,99,Gyroscope,0.07608327,-0.08026158,-0.02447737,1550002882699
6933,99,Accelerometer,0.45250413,1.4173675,7.380127000000001,1550002882700
6934,99,Gyroscope,-0.02532036,0.0040378235,0.026835311,1550002882709
6935,99,Accelerometer,0.7577648,1.3778629999999998,9.363723,1550002882710
6936,99,Gyroscope,0.029657512999999996,-0.0026816929999999998,0.056767705999999994,1550002882719
6937,99,Accelerometer,1.0893618,1.1611878,11.180922,1550002882719
6938,99,Gyroscope,0.08402452,-0.061935622,0.032943964,1550002882729
6939,99,Accelerometer,0.8607155000000001,1.447295,9.339781,1550002882729
6940,99,Gyroscope,0.04004222,-0.035668418,0.05921117,1550002882740
6941,99,Accelerometer,1.0522517,1.5298948,7.967903,1550002882740
6942,99,Gyroscope,-0.010659594,0.03274849,0.059822034,1550002882749
6943,99,Accelerometer,-0.5554548,1.6400281000000003,9.069236,1550002882750
6944,99,Gyroscope,0.010720688999999999,0.066956945,0.046382997,1550002882759
6945,99,Accelerometer,0.008379705999999999,1.9069817,10.487801,1550002882760
6946,99,Gyroscope,-0.04670064,0.08345031,0.0744828,1550002882769
6947,99,Accelerometer,1.0534488000000002,0.91458505,10.040085000000001,1550002882770
6948,99,Gyroscope,-0.028374685,0.079785116,0.09708481,1550002882779
6949,99,Accelerometer,-0.30047232,1.4401124,10.5704,1550002882779
6950,99,Gyroscope,-0.0014966168,0.103608854,0.02561358,1550002882790
6951,99,Accelerometer,0.6991069000000001,1.567005,8.955511,1550002882790
6952,99,Gyroscope,-0.030207282000000002,0.12621087,0.06593069,1550002882800
6953,99,Accelerometer,-0.62608373,1.8914193,9.424775,1550002882800
6954,99,Gyroscope,-0.041813724,0.113382705,0.11296731,1550002882809
6955,99,Accelerometer,-0.47405192,1.7753005000000002,10.265139999999999,1550002882810
6956,99,Gyroscope,0.06692029,0.13231954,0.11968683,1550002882819
6957,99,Accelerometer,0.80325466,1.7561468999999996,9.694122,1550002882820
6958,99,Gyroscope,0.096241824,0.14759114,0.20032105,1550002882829
6959,99,Accelerometer,-0.047884032,2.3738509999999997,9.793482000000001,1550002882829
6960,99,Gyroscope,0.07363981,0.15980846,0.24185988,1550002882839
6961,99,Accelerometer,0.2669535,1.316811,9.578004,1550002882839
6962,99,Gyroscope,0.07547241,0.10788492,0.2522446,1550002882850
6963,99,Accelerometer,1.2485761999999998,2.0829554,11.267113,1550002882850
6964,99,Gyroscope,0.112124324,0.07184387,0.24674681,1550002882859
6965,99,Accelerometer,1.6124948000000001,1.7980455000000002,10.236409,1550002882860
6966,99,Gyroscope,0.0076663624,0.073065594,0.23147517,1550002882869
6967,99,Accelerometer,1.365892,1.8986019,9.491813,1550002882870
6968,99,Gyroscope,-0.0027183462,0.07489819,0.21314922,1550002882879
6969,99,Accelerometer,0.8367735000000001,0.9636662,9.861717,1550002882880
6970,99,Gyroscope,0.04615087,0.07062214,0.18566029,1550002882889
6971,99,Accelerometer,0.5422866999999999,0.41180268,9.94312,1550002882889
6972,99,Gyroscope,-0.0014966168,0.07245473,0.15267356,1550002882899
6973,99,Accelerometer,-0.009576807,0.8475474000000001,9.560047,1550002882899
6974,99,Gyroscope,-0.0008857511,0.07367646,0.14351058,1550002882910
6975,99,Accelerometer,-0.1412579,0.7649474,9.817424,1550002882910
6976,99,Gyroscope,0.022937994,0.07917425,0.12396289,1550002882919
6977,99,Accelerometer,-0.39624038,0.60453594,9.929952,1550002882920
6978,99,Gyroscope,-0.017989976,0.08894809,0.11968683,1550002882929
6979,99,Accelerometer,-0.34237084,0.7757214,9.021352,1550002882930
6980,99,Gyroscope,-0.030207282000000002,0.08467203400000001,0.10136087,1550002882939
6981,99,Accelerometer,-0.079008654,0.7637503000000001,9.762358,1550002882940
6982,99,Gyroscope,0.0058337674,0.07062214,0.09708481,1550002882949
6983,99,Accelerometer,0.06703765,0.22625206,10.56681,1550002882949
6984,99,Gyroscope,-0.0045509413,0.054128774000000004,0.07875886,1550002882959
6985,99,Accelerometer,0.59256494,-0.5626374,10.199299,1550002882960
6986,99,Gyroscope,0.004612036,0.040689737000000004,0.021948388,1550002882970
6987,99,Accelerometer,1.0127473,-0.35314476,9.690532000000001,1550002882970
6988,99,Gyroscope,-0.022266036,0.03702455,0.0017898360000000002,1550002882979
6989,99,Accelerometer,2.148796,0.6787562,9.301474,1550002882980
6990,99,Gyroscope,-0.07480045,0.03152676,-0.08006611,1550002882989
6991,99,Accelerometer,1.6112977,0.65242,10.010158,1550002882990
6992,99,Gyroscope,-0.025931226,-0.013066402,-0.09900293,1550002882999
6993,99,Accelerometer,2.0302830000000003,0.7529764,9.737217999999999,1550002883000
6994,99,Gyroscope,-0.021044305,-0.024672844,-0.08495303,1550002883009
6995,99,Accelerometer,1.3922282,1.3503298000000001,9.267955,1550002883009
6996,99,Gyroscope,-0.043646313,-0.0039034244,-0.0678488,1550002883019
6997,99,Accelerometer,0.7302314999999999,1.3694833999999998,9.831789,1550002883020
6998,99,Gyroscope,-0.01004873,0.010146476,-0.025088236,1550002883030
6999,99,Accelerometer,1.0426749,1.8674773,10.401608999999999,1550002883030
7000,99,Gyroscope,-0.0021074805,0.014422532,-0.0061514126,1550002883039
7001,99,Accelerometer,0.760159,2.0278888,9.709685,1550002883040
7002,99,Gyroscope,-0.03203988,0.008313879,0.0017898360000000002,1550002883049
7003,99,Accelerometer,0.6979098000000001,1.7764976000000003,9.504980999999999,1550002883050
7004,99,Gyroscope,-0.008216133,0.008924745,0.0109528145,1550002883059
7005,99,Accelerometer,1.1204863999999999,1.8112136000000003,9.676167,1550002883060
7006,99,Gyroscope,0.020494534,0.015644263000000002,0.009120219,1550002883069
7007,99,Accelerometer,0.9947908000000001,1.352724,9.246407000000001,1550002883069
7008,99,Gyroscope,-0.025931226,0.06756781,0.012174546000000001,1550002883079
7009,99,Accelerometer,0.9696517,1.7561468999999996,11.608286999999999,1550002883080
7010,99,Gyroscope,-0.041202857999999995,0.09505675,0.0054550273,1550002883089
7011,99,Accelerometer,0.93613285,0.6787562,11.218032000000001,1550002883089
7012,99,Gyroscope,-0.10778716,0.068178676,-0.0018753556,1550002883099
7013,99,Accelerometer,1.1049241,1.4173675,12.436681,1550002883100
7014,99,Gyroscope,-0.059528813,-0.061935622,-0.023866504,1550002883109
7015,99,Accelerometer,3.0789435000000003,0.44771573,10.280702,1550002883109
7016,99,Gyroscope,0.04615087,-0.09431147599999999,-0.04769025,1550002883119
7017,99,Accelerometer,2.4265234,1.0809821000000002,7.5189905,1550002883120
7018,99,Gyroscope,-0.061972275,-0.0026816929999999998,-0.04646852,1550002883129
7019,99,Accelerometer,0.9528923,0.6823475,7.9487495,1550002883129
7020,99,Gyroscope,-0.08885034,0.020531185,-0.02203391,1550002883139
7021,99,Accelerometer,1.2258313,0.52073884,10.371682,1550002883139
7022,99,Gyroscope,0.030268377000000003,-0.036890145,-0.03302948,1550002883150
7023,99,Accelerometer,0.9636662,0.81881696,9.995792,1550002883150
7024,99,Gyroscope,-0.024709495,-0.0020708293,-0.050744575,1550002883159
7025,99,Accelerometer,0.6895300999999999,0.81402856,8.645462,1550002883159
7026,99,Gyroscope,-0.058917947000000005,0.05901569999999999,-0.04280333,1550002883169
7027,99,Accelerometer,0.5363011999999999,1.7393875,9.044097,1550002883170
7028,99,Gyroscope,-0.038759395,0.09078069,-0.032418616000000004,1550002883179
7029,99,Accelerometer,-0.260968,1.4796166000000002,9.198523,1550002883180
7030,99,Gyroscope,-0.06930265599999999,0.11826963,-0.045246787000000004,1550002883189
7031,99,Accelerometer,0.34835634,0.93613285,9.485827,1550002883189
7032,99,Gyroscope,-0.06563746,0.12865433,-0.059907555999999994,1550002883199
7033,99,Accelerometer,-0.009576807,1.7860744999999998,10.226832,1550002883200
7034,99,Gyroscope,-0.010659594,0.11521529400000001,-0.033640347,1550002883209
7035,99,Accelerometer,0.45609543,0.92655605,10.012551,1550002883210
7036,99,Gyroscope,-0.030818147999999997,0.104830585,-0.019590449,1550002883219
7037,99,Accelerometer,0.82240826,0.5303157,9.415198,1550002883219
7038,99,Gyroscope,-0.030207282000000002,0.10971751,-0.025088236,1550002883229
7039,99,Accelerometer,1.0163386,1.1468226000000001,9.949105,1550002883230
7040,99,Gyroscope,-0.031429015,0.0871155,-0.039749,1550002883239
7041,99,Accelerometer,1.8339584999999998,0.8559271,9.696517,1550002883240
7042,99,Gyroscope,-0.032650746,0.06451348,-0.02325564,1550002883250
7043,99,Accelerometer,1.5382746,1.1492168,10.187327999999999,1550002883250
7044,99,Gyroscope,-0.035705067,0.044965795999999995,-0.015314391,1550002883259
7045,99,Accelerometer,2.0602105,0.40821138,9.64145,1550002883260
7046,99,Gyroscope,-0.039981127000000005,0.012589939,-0.0043188166,1550002883269
7047,99,Accelerometer,2.693477,0.80205756,10.571598,1550002883269
7048,99,Gyroscope,-0.04425718,-0.01978592,0.0024007012,1550002883279
7049,99,Accelerometer,2.2146366000000004,0.49919105,10.457873,1550002883280
7050,99,Gyroscope,-0.06136141,-0.041777067,-0.02325564,1550002883289
7051,99,Accelerometer,1.8507179,0.8786719999999999,10.477027,1550002883290
7052,99,Gyroscope,-0.0039400775,-0.07537466,-0.04463592,1550002883299
7053,99,Accelerometer,1.5430629999999999,1.1971009,10.478224,1550002883300
7054,99,Gyroscope,-0.006994404,-0.07415293,-0.04891198,1550002883309
7055,99,Accelerometer,1.3000516000000002,1.7118542,9.515755,1550002883310
7056,99,Gyroscope,-0.035705067,-0.039333608,-4.2759813000000006e-05,1550002883319
7057,99,Accelerometer,0.05865794,1.6280571000000001,8.998607000000002,1550002883320
7058,99,Gyroscope,0.021716263,-0.01856419,-0.0037079514000000003,1550002883329
7059,99,Accelerometer,0.1592144,1.1156979999999999,9.144653,1550002883330
7060,99,Gyroscope,0.033322702999999995,-0.019175055,0.026835311,1550002883339
7061,99,Accelerometer,-0.08379706,1.4101848999999997,9.417591999999999,1550002883340
7062,99,Gyroscope,0.018661937,0.015033398,0.04088521,1550002883349
7063,99,Accelerometer,0.23463176,0.9708488000000001,8.887277000000001,1550002883349
7064,99,Gyroscope,0.019883668,0.033359356,0.045161266,1550002883359
7065,99,Accelerometer,0.80205756,1.3096284,9.479841,1550002883360
7066,99,Gyroscope,0.0052229017,0.052296177,0.03416569,1550002883369
7067,99,Accelerometer,0.92296475,1.0354922,9.394848,1550002883370
7068,99,Gyroscope,-0.030818147999999997,0.0431332,0.031111367,1550002883379
7069,99,Accelerometer,0.6991069000000001,1.0319009,10.166978,1550002883380
7070,99,Gyroscope,-0.0027183462,0.0058704205,0.02805704,1550002883389
7071,99,Accelerometer,1.1061212,0.80804306,10.849325,1550002883390
7072,99,Gyroscope,0.004612036,0.010757342,0.022559252999999998,1550002883399
7073,99,Accelerometer,1.8938134999999998,0.5626374,9.933542999999998,1550002883400
7074,99,Gyroscope,-0.020433438999999998,0.009535611,0.016450599999999996,1550002883409
7075,99,Accelerometer,1.6376339,1.282095,9.510966,1550002883410
7076,99,Gyroscope,-0.0076052677,-0.0026816929999999998,-0.004929682,1550002883419
7077,99,Accelerometer,1.8267759,1.0821792,10.218452000000001,1550002883419
7078,99,Gyroscope,-0.030207282000000002,-0.044831395,0.021337522,1550002883429
7079,99,Accelerometer,1.8770541,1.1611878,10.212467,1550002883430
7080,99,Gyroscope,-0.031429015,-0.07903985,-0.012260064499999999,1550002883439
7081,99,Accelerometer,1.5885528,0.8463503000000001,9.853337,1550002883440
7082,99,Gyroscope,0.022327128999999998,-0.09003542,-0.011038333999999999,1550002883449
7083,99,Accelerometer,0.8583213,0.8331822,9.534908,1550002883450
7084,99,Gyroscope,0.0076663624,-0.12485474,-0.007373143,1550002883459
7085,99,Accelerometer,1.2557588,0.6368576,9.284714,1550002883460
7086,99,Gyroscope,0.08402452,-0.13829377,-0.017757852,1550002883469
7087,99,Accelerometer,0.533907,1.043872,8.671799,1550002883470
7088,99,Gyroscope,0.05164866,-0.07232033,-0.0030970859999999998,1550002883479
7089,99,Accelerometer,-0.40342298,2.219425,9.762358,1550002883480
7090,99,Gyroscope,0.0015577096,-0.013677267,0.08181318,1550002883489
7091,99,Accelerometer,0.736217,0.20949265,10.265139999999999,1550002883490
7092,99,Gyroscope,-0.043646313,-0.09980927,0.06043289599999999,1550002883499
7093,99,Accelerometer,0.079008654,1.2940661,10.584764999999999,1550002883499
7094,99,Gyroscope,0.15793921,-0.12974167,0.08547837,1550002883510
7095,99,Accelerometer,1.3024458,1.9476831000000001,8.268375,1550002883510
7096,99,Gyroscope,-0.0076052677,0.0040378235,0.11479991,1550002883519
7097,99,Accelerometer,0.7493850999999999,2.0769699,8.154651,1550002883519
7098,99,Gyroscope,-0.072356984,0.06451348,0.092197895,1550002883530
7099,99,Accelerometer,0.21308395,1.8878279999999998,9.834184,1550002883530
7100,99,Gyroscope,0.01560761,0.033359356,0.080591455,1550002883539
7101,99,Accelerometer,0.46686932,1.7274165000000001,10.642225999999999,1550002883539
7102,99,Gyroscope,-0.03203988,0.006481286,0.07692626,1550002883549
7103,99,Accelerometer,0.36631286,0.093373865,8.882488,1550002883550
7104,99,Gyroscope,-0.07968736400000001,0.04557666,-0.011649198999999999,1550002883559
7105,99,Accelerometer,-0.5770026,1.340753,10.060435,1550002883559
7106,99,Gyroscope,-0.043035455,0.04985272,0.046382997,1550002883569
7107,99,Accelerometer,1.1587936,0.89423436,9.443928999999999,1550002883570
7108,99,Gyroscope,-0.08579602,0.09383502,-0.014703525,1550002883579
7109,99,Accelerometer,0.09816227,1.5598223999999998,9.01776,1550002883580
7110,99,Gyroscope,-0.11450669,0.08406117,-0.048301116,1550002883589
7111,99,Accelerometer,-1.2270284,1.7489643,11.027693,1550002883590
7112,99,Gyroscope,0.02477059,0.022363782000000002,0.013396275,1550002883599
7113,99,Accelerometer,1.1192893,0.9708488000000001,10.685322,1550002883600
7114,99,Gyroscope,0.036987893,-0.0014599635999999999,0.07875886,1550002883609
7115,99,Accelerometer,1.365892,0.9816226999999998,8.963891,1550002883610
7116,99,Gyroscope,-0.0021074805,0.004648689,0.0744828,1550002883619
7117,99,Accelerometer,1.0714053,1.7836802999999999,9.076419,1550002883620
7118,99,Gyroscope,0.059589908,-0.010012077,0.10930212,1550002883629
7119,99,Accelerometer,1.8579005000000002,1.3192052,9.672575,1550002883630
7120,99,Gyroscope,0.059589908,-0.01734246,0.11907596,1550002883639
7121,99,Accelerometer,1.2150573999999998,0.17477672,9.753978,1550002883640
7122,99,Gyroscope,0.036377028,-0.039333608,0.06654155,1550002883649
7123,99,Accelerometer,1.1025299,1.1623849,9.888053,1550002883650
7124,99,Gyroscope,0.02354886,-0.032003224,0.08914357,1550002883659
7125,99,Accelerometer,1.2114661,1.4341268999999999,9.903615,1550002883660
7126,99,Gyroscope,-0.010659594,-0.035057552,0.08486751,1550002883669
7127,99,Accelerometer,0.18794483,0.47524905,10.286688,1550002883669
7128,99,Gyroscope,0.033322702999999995,-0.05216177599999999,0.058600303,1550002883680
7129,99,Accelerometer,0.16879122,1.1420341999999999,10.433931,1550002883680
7130,99,Gyroscope,0.026603185,-0.03139236,0.07814799,1550002883689
7131,99,Accelerometer,0.6691794,0.92895025,8.644264999999999,1550002883689
7132,99,Gyroscope,-0.0076052677,-0.00023823230999999999,0.10197174,1550002883700
7133,99,Accelerometer,0.41180268,0.6607997,8.937555,1550002883700
7134,99,Gyroscope,0.047983468,-0.013066402,0.10197174,1550002883709
7135,99,Accelerometer,0.6440403,1.6567876,9.465475999999999,1550002883710
7136,99,Gyroscope,-0.0057726726,0.028472435,0.09280875,1550002883719
7137,99,Accelerometer,0.7242460000000001,0.9504981,9.455899,1550002883720
7138,99,Gyroscope,-0.05708535,0.021752916,0.12090856,1550002883729
7139,99,Accelerometer,-0.005985504,0.8391677,9.878476,1550002883730
7140,99,Gyroscope,0.0033903066,-0.03139236,0.09341962,1550002883739
7141,99,Accelerometer,0.5734113000000001,1.2976573999999998,10.755951,1550002883740
7142,99,Gyroscope,-0.0014966168,-0.047885723,0.1025826,1550002883749
7143,99,Accelerometer,1.1061212,1.5394716999999998,9.599552000000001,1550002883749
7144,99,Gyroscope,-0.03937026,-0.028948900000000003,0.12946068,1550002883760
7145,99,Accelerometer,0.5518635000000001,1.2425906999999998,9.483433,1550002883760
7146,99,Gyroscope,0.008277228000000001,-0.020396786,0.099528275,1550002883769
7147,99,Accelerometer,1.0654198000000001,1.5574282,9.848549,1550002883770
7148,99,Gyroscope,-0.0033292117999999997,0.004648689,0.121519424,1550002883779
7149,99,Accelerometer,0.8403648000000001,1.3060371000000002,9.635465,1550002883779
7150,99,Gyroscope,-0.056474485,0.008924745,0.11296731,1550002883790
7151,99,Accelerometer,0.4189853,1.364695,9.640253,1550002883790
7152,99,Gyroscope,-0.005161807,0.013200805,0.11907596,1550002883799
7153,99,Accelerometer,0.36391866,1.3383588,10.187327999999999,1550002883800
7154,99,Gyroscope,-0.0027183462,0.03702455,0.11479991,1550002883809
7155,99,Accelerometer,0.6356605,1.0235212,9.636662,1550002883809
7156,99,Gyroscope,-0.018600842,0.048020124000000004,0.12946068,1550002883819
7157,99,Accelerometer,-0.19153613,1.6340426000000001,9.470264,1550002883820
7158,99,Gyroscope,-0.022876898,0.046187527,0.13495846,1550002883829
7159,99,Accelerometer,0.06823475,1.352724,10.243592,1550002883830
7160,99,Gyroscope,-0.034483336,0.07001127,0.11479991,1550002883839
7161,99,Accelerometer,1.4257472,1.567005,11.4119625,1550002883839
7162,99,Gyroscope,-0.0137139205,0.07001127,0.14778663,1550002883850
7163,99,Accelerometer,-0.6871359,0.6847416999999999,9.898827,1550002883850
7164,99,Gyroscope,-0.05830708,0.009535611,0.12823895,1550002883859
7165,99,Accelerometer,-0.21906945,1.0498575,11.328165,1550002883860
7166,99,Gyroscope,-0.0008857511,-0.09553321,0.12884982,1550002883869
7167,99,Accelerometer,1.9321207999999999,0.6823475,11.048044,1550002883869
7168,99,Gyroscope,0.08952231,-0.11752436,0.15328443,1550002883879
7169,99,Accelerometer,1.567005,1.22224,8.067263,1550002883880
7170,99,Gyroscope,-0.030818147999999997,-0.11752436,0.16366914,1550002883889
7171,99,Accelerometer,0.58418524,0.5578489999999999,9.403227000000001,1550002883890
7172,99,Gyroscope,-0.0076052677,-0.041166205,0.17038865,1550002883899
7173,99,Accelerometer,0.42018240000000007,1.0199299000000002,10.257957000000001,1550002883900
7174,99,Gyroscope,0.07363981,-0.047274857999999996,0.14900836,1550002883909
7175,99,Accelerometer,0.736217,0.8391677,8.847773,1550002883910
7176,99,Gyroscope,-0.006994404,-0.022840247,0.14961924,1550002883919
7177,99,Accelerometer,0.7338228,0.8810662,9.570822,1550002883920
7178,99,Gyroscope,0.033322702999999995,-0.02222938,0.12029769,1550002883929
7179,99,Accelerometer,-0.19033903,0.92176765,10.491392,1550002883930
7180,99,Gyroscope,0.03393357,-0.0032925587,0.11846509599999999,1550002883939
7181,99,Accelerometer,0.11372458,-0.075417355,9.021352,1550002883939
7182,99,Gyroscope,-0.040591992,0.022363782000000002,0.094030485,1550002883950
7183,99,Accelerometer,-0.13407529999999998,0.7685388000000001,10.134656,1550002883950
7184,99,Gyroscope,-0.009437865,0.022363782000000002,0.10136087,1550002883959
7185,99,Accelerometer,0.1364695,-0.24181437,8.979453,1550002883960
7186,99,Gyroscope,-0.044868045,0.0431332,0.068985015,1550002883969
7187,99,Accelerometer,-0.1388637,0.62608373,8.512584,1550002883969
7188,99,Gyroscope,-0.123058796,0.06634608,0.054324247,1550002883979
7189,99,Accelerometer,0.010773907,-0.15442601,10.329783,1550002883980
7190,99,Gyroscope,-0.0014966168,0.030305027999999998,0.008509354,1550002883989
7191,99,Accelerometer,0.2669535,0.7326256999999999,10.78947,1550002883990
7192,99,Gyroscope,0.013775015,0.030305027999999998,-0.015314391,1550002883999
7193,99,Accelerometer,0.7062895,0.29807812,9.872491,1550002883999
7194,99,Gyroscope,-0.06747006,0.014422532,-0.015314391,1550002884010
7195,99,Accelerometer,1.1516110000000002,0.82599956,10.399215,1550002884010
7196,99,Gyroscope,0.018051071000000002,0.0009834989999999999,-0.03486208,1550002884019
7197,99,Accelerometer,0.6548142,0.7098808000000001,10.548853,1550002884020
7198,99,Gyroscope,0.008888093,-0.03139236,-0.035472944,1550002884029
7199,99,Accelerometer,0.78410107,0.7433996,9.570822,1550002884029
7200,99,Gyroscope,-0.043035455,-0.025283707000000002,-0.025699101000000002,1550002884040
7201,99,Accelerometer,1.0857705,0.31364042,10.553641,1550002884040
7202,99,Gyroscope,-0.016768249,-0.04422053,-0.004929682,1550002884049
7203,99,Accelerometer,-0.14604631,-1.1252748,10.263943,1550002884050
7204,99,Gyroscope,-0.03509419999999999,-0.025283707000000002,0.05249165,1550002884059
7205,99,Accelerometer,0.59136784,0.23104046,9.637858999999999,1550002884059
7206,99,Gyroscope,-0.050365835,-0.03261409,0.090976164,1550002884070
7207,99,Accelerometer,0.36152446,0.48722005,10.34774,1550002884070
7208,99,Gyroscope,-0.021044305,-0.042998800000000004,0.075093664,1550002884079
7209,99,Accelerometer,-0.34715924,0.25617957,10.350133999999999,1550002884080
7210,99,Gyroscope,-0.035705067,-0.05216177599999999,0.03966348,1550002884089
7211,99,Accelerometer,1.2605472,0.90381116,10.004171000000001,1550002884089
7212,99,Gyroscope,-0.019211708,-0.08026158,-0.047079384,1550002884099
7213,99,Accelerometer,0.6811504,0.62608373,9.8198185,1550002884100
7214,99,Gyroscope,0.0113315545,-0.079650715,-0.125881,1550002884109
7215,99,Accelerometer,-0.17836803,0.91099375,9.849746000000001,1550002884110
7216,99,Gyroscope,-0.07174612,-0.06315735,-0.14298522,1550002884119
7217,99,Accelerometer,-0.079008654,-0.18794483,8.560468,1550002884120
7218,99,Gyroscope,-0.01004873,-0.024672844,-0.1643655,1550002884129
7219,99,Accelerometer,-0.51954174,0.8822633,9.619903,1550002884129
7220,99,Gyroscope,-0.057696215999999995,0.015033398,-0.14787214,1550002884140
7221,99,Accelerometer,-0.23104046,0.48841715,8.768764,1550002884140
7222,99,Gyroscope,-0.046089776,0.020531185,-0.12832445,1550002884149
7223,99,Accelerometer,-0.49440265,1.2629413999999999,9.929952,1550002884150
7224,99,Gyroscope,0.00033598019999999995,0.030915894,-0.14848301,1550002884159
7225,99,Accelerometer,0.581791,1.3204023,9.731233,1550002884160
7226,99,Gyroscope,-0.06136141,0.029083297,-0.11610716,1550002884170
7227,99,Accelerometer,0.23463176,1.9165584999999998,9.987411999999999,1550002884170
7228,99,Gyroscope,-0.025931226,0.024196379,-0.10144639,1550002884179
7229,99,Accelerometer,0.9504981,0.93493575,10.163386000000001,1550002884180
7230,99,Gyroscope,0.025381455,-0.024061977999999998,-0.08678562,1550002884189
7231,99,Accelerometer,1.0642227,1.5011643999999997,10.46745,1550002884189
7232,99,Gyroscope,-0.0021074805,-0.027727167999999996,-0.07517918,1550002884200
7233,99,Accelerometer,1.7082629,0.5793968,9.91439,1550002884200
7234,99,Gyroscope,-0.0039400775,-0.042387932999999996,-0.039138135,1550002884209
7235,99,Accelerometer,1.2808979,0.5746084,10.460267,1550002884210
7236,99,Gyroscope,0.018661937,-0.053994372,-0.041581597000000005,1550002884219
7237,99,Accelerometer,1.8531121,0.142455,10.029311,1550002884219
7238,99,Gyroscope,-0.0033292117999999997,-0.082705036,-0.05257717,1550002884230
7239,99,Accelerometer,2.1763293999999997,1.3874398000000001,10.006566000000001,1550002884230
7240,99,Gyroscope,0.02354886,-0.08331591,-0.04769025,1550002884239
7241,99,Accelerometer,1.9141643,1.0103531,9.651027000000001,1550002884240
7242,99,Gyroscope,0.035766162000000004,-0.07415293,-0.037916407,1550002884249
7243,99,Accelerometer,1.5957354,1.3299791,8.532935,1550002884249
7244,99,Gyroscope,0.044929143,-0.061935622,-0.026309965,1550002884259
7245,99,Accelerometer,1.555034,1.6591818,7.612364299999999,1550002884260
7246,99,Gyroscope,0.09135491,-0.009401211500000001,-0.020201313999999998,1550002884269
7247,99,Accelerometer,1.7082629,1.4748282,7.231686,1550002884270
7248,99,Gyroscope,0.0113315545,0.08161771,-0.022644775,1550002884279
7249,99,Accelerometer,0.7398083000000001,2.3020248,9.569624000000001,1550002884280
7250,99,Gyroscope,-0.044868045,0.13231954,-0.029364292,1550002884289
7251,99,Accelerometer,-0.30645782,0.59855044,10.560823,1550002884290
7252,99,Gyroscope,-0.038759395,0.030305027999999998,-0.043414194,1550002884299
7253,99,Accelerometer,0.22984336,1.3299791,12.204443,1550002884300
7254,99,Gyroscope,0.047983468,0.0022052303,-0.05807496,1550002884309
7255,99,Accelerometer,0.8786719999999999,1.292869,10.012551,1550002884309
7256,99,Gyroscope,-0.08029823,0.0571831,-0.04769025,1550002884320
7257,99,Accelerometer,0.9600749,2.1176715,8.157045,1550002884320
7258,99,Gyroscope,-0.056474485,0.06329175,-0.02692083,1550002884329
7259,99,Accelerometer,0.866701,1.4652513999999999,9.874885,1550002884330
7260,99,Gyroscope,0.036987893,0.02786157,0.015228872,1550002884339
7261,99,Accelerometer,1.3299791,0.91338795,9.61272,1550002884339
7262,99,Gyroscope,-0.032650746,0.029083297,0.01156368,1550002884350
7263,99,Accelerometer,1.1599906999999998,0.700304,10.961852,1550002884350
7264,99,Gyroscope,-0.039981127000000005,0.023585513,0.021337522,1550002884359
7265,99,Accelerometer,1.7298107,1.1623849,10.718841000000001,1550002884360
7266,99,Gyroscope,-0.0045509413,0.0058704205,-0.018368717,1550002884369
7267,99,Accelerometer,1.6065093000000001,1.1707646999999999,9.430760000000001,1550002884369
7268,99,Gyroscope,-0.06319401,-0.030781494,-0.062351014,1550002884379
7269,99,Accelerometer,0.9684546,0.27533320000000006,11.026496,1550002884380
7270,99,Gyroscope,0.08463538400000001,-0.09186802,-0.06296188,1550002884389
7271,99,Accelerometer,1.7812861,0.15322891,10.463859,1550002884390
7272,99,Gyroscope,0.06447683,-0.09003542,-0.015925256999999998,1550002884399
7273,99,Accelerometer,2.135628,1.1575965,8.1402855,1550002884399
7274,99,Gyroscope,-0.06991352,-0.06010303,-0.014703525,1550002884409
7275,99,Accelerometer,1.2880806,1.2294226000000001,8.706514,1550002884410
7276,99,Gyroscope,-0.00027488545,-0.06560081,-0.053188037,1550002884420
7277,99,Accelerometer,-0.110133275,0.60573304,9.509769,1550002884420
7278,99,Gyroscope,0.036987893,-0.044831395,-0.077622645,1550002884429
7279,99,Accelerometer,0.45130703,0.51954174,9.454702000000001,1550002884430
7280,99,Gyroscope,-0.07541131,-0.016731594,-0.09594861,1550002884439
7281,99,Accelerometer,0.019153614,1.0115502,9.400833,1550002884439
7282,99,Gyroscope,-0.018600842,0.008313879,-0.10877677,1550002884450
7283,99,Accelerometer,-0.44532153,0.7529764,9.722853,1550002884450
7284,99,Gyroscope,-0.040591992,0.023585513,-0.10266812,1550002884459
7285,99,Accelerometer,-0.25498247,0.62967503,9.473856,1550002884460
7286,99,Gyroscope,-0.08213083,0.052296177,-0.09900293,1550002884469
7287,99,Accelerometer,-0.051475335,1.0618285,10.494983,1550002884469
7288,99,Gyroscope,0.0058337674,0.039468005,-0.10816591,1550002884480
7289,99,Accelerometer,0.36870706,1.2246342,9.834184,1550002884480
7290,99,Gyroscope,-0.041202857999999995,0.033970222,-0.10877677,1550002884489
7291,99,Accelerometer,0.3878607,1.5682021000000002,9.167398,1550002884490
7292,99,Gyroscope,-0.0137139205,0.03824628,-0.09594861,1550002884499
7293,99,Accelerometer,0.45130703,1.4425066,9.855731,1550002884500
7294,99,Gyroscope,0.032711837,0.03702455,-0.04891198,1550002884510
7295,99,Accelerometer,0.9744401,1.5646108,9.925163000000001,1550002884510
7296,99,Gyroscope,-0.006994404,0.026639838,-0.022644775,1550002884519
7297,99,Accelerometer,0.7170634,1.4640543,10.529699,1550002884520
7298,99,Gyroscope,0.035766162000000004,-0.011844671999999999,-0.007984008,1550002884529
7299,99,Accelerometer,1.4484920000000001,1.1288661,11.049241,1550002884529
7300,99,Gyroscope,0.022937994,-0.061324757,0.0030115664,1550002884540
7301,99,Accelerometer,1.5586253,1.0833763,9.429563499999999,1550002884540
7302,99,Gyroscope,0.030268377000000003,-0.051550914,-0.005540547,1550002884549
7303,99,Accelerometer,0.7218518,1.423353,9.5971575,1550002884550
7304,99,Gyroscope,0.022327128999999998,-0.039333608,-0.018979583,1550002884559
7305,99,Accelerometer,0.45370123,0.8475474000000001,9.977836,1550002884559
7306,99,Gyroscope,0.035766162000000004,-0.038111877,-0.011649198999999999,1550002884570
7307,99,Accelerometer,0.3184288,1.3192052,9.873688000000001,1550002884570
7308,99,Gyroscope,0.04187482,-0.038111877,0.0066767577,1550002884579
7309,99,Accelerometer,0.3866636,1.3982137,9.346964,1550002884580
7310,99,Gyroscope,0.004612036,-0.032003224,0.025002714,1550002884589
7311,99,Accelerometer,0.034715924,1.1779473,9.041702,1550002884589
7312,99,Gyroscope,0.052259527,0.0077030174,0.05126992,1550002884599
7313,99,Accelerometer,-0.21068975,1.2940661,9.160214999999999,1550002884600
7314,99,Gyroscope,0.006444632,0.041300602,0.05554598,1550002884609
7315,99,Accelerometer,0.07062895,1.174356,9.185355,1550002884610
7316,99,Gyroscope,0.011942419,0.041911468,0.06959588,1550002884619
7317,99,Accelerometer,0.22266077,1.2689268999999999,9.745598,1550002884619
7318,99,Gyroscope,0.011942419,0.042522334,0.070817605,1550002884630
7319,99,Accelerometer,0.45489833,1.1540052,9.7803135,1550002884630
7320,99,Gyroscope,-0.0045509413,0.054128774000000004,0.06104376,1550002884639
7321,99,Accelerometer,0.49679685,1.0462662,9.53012,1550002884640
7322,99,Gyroscope,0.004612036,0.054128774000000004,0.06654155,1550002884649
7323,99,Accelerometer,0.272939,1.0354922,10.010158,1550002884649
7324,99,Gyroscope,0.010109824,0.057793967,0.07326107,1550002884660
7325,99,Accelerometer,0.35793316,0.90261406,9.628283,1550002884660
7326,99,Gyroscope,0.020494534,0.041911468,0.07387193,1550002884669
7327,99,Accelerometer,0.61650693,1.3012487,9.679757,1550002884670
7328,99,Gyroscope,0.0632551,0.06634608,0.082424045,1550002884679
7329,99,Accelerometer,0.90381116,1.2354081000000001,8.858546,1550002884679
7330,99,Gyroscope,-0.022266036,0.078563385,0.11052385,1550002884690
7331,99,Accelerometer,-0.5422866999999999,1.9357121,10.82658,1550002884690
7332,99,Gyroscope,-0.055252752999999995,0.030915894,0.11357818,1550002884699
7333,99,Accelerometer,0.6607997,1.2737153,13.427879999999998,1550002884700
7334,99,Gyroscope,0.07547241,-0.07476379,0.13740192,1550002884709
7335,99,Accelerometer,0.8379706,0.7302314999999999,10.765528,1550002884709
7336,99,Gyroscope,0.0052229017,-0.06437908,0.11418904,1550002884719
7337,99,Accelerometer,0.7793127,1.8231846,9.175778,1550002884720
7338,99,Gyroscope,-0.047311507,-0.043609664000000006,0.11357818,1550002884729
7339,99,Accelerometer,0.8451531999999999,0.25378537,9.734824,1550002884730
7340,99,Gyroscope,0.081581056,-0.07720725,0.07814799,1550002884739
7341,99,Accelerometer,0.6799533,-0.7613561,10.571598,1550002884740
7342,99,Gyroscope,0.04370741,-0.092478886,0.03722002,1550002884749
7343,99,Accelerometer,0.092176765,-0.5315128,9.578004,1550002884749
7344,99,Gyroscope,-0.005161807,-0.06498995,-0.027531696,1550002884759
7345,99,Accelerometer,0.22026655,-0.5410896,9.101558,1550002884760
7346,99,Gyroscope,0.014385881000000001,-0.047274857999999996,-0.08434217,1550002884769
7347,99,Accelerometer,0.08020575,-0.17956513,9.404425,1550002884770
7348,99,Gyroscope,-0.027152957000000002,-0.014288133,-0.10755505,1550002884779
7349,99,Accelerometer,-0.07062895,-0.61890113,9.605537,1550002884780
7350,99,Gyroscope,-0.033261612,-0.00817948,-0.15092647,1550002884789
7351,99,Accelerometer,0.5398925,0.15442601,9.751583,1550002884789
7352,99,Gyroscope,-0.03203988,-0.015509863999999998,-0.14237435,1550002884799
7353,99,Accelerometer,1.5442601,0.32202014,8.696938000000001,1550002884800
7354,99,Gyroscope,-0.059528813,0.023585513,-0.14481781,1550002884809
7355,99,Accelerometer,1.4508862,1.6783354,9.617508,1550002884810
7356,99,Gyroscope,-0.06502659599999999,0.04740926,-0.14909387,1550002884819
7357,99,Accelerometer,1.5981296,1.4089876000000001,9.728839,1550002884820
7358,99,Gyroscope,-0.052198432,0.016865995,-0.13321137,1550002884829
7359,99,Accelerometer,0.7589619000000001,1.0295067,10.576386,1550002884830
7360,99,Gyroscope,-0.008826999,-0.008790346,-0.11855062,1550002884839
7361,99,Accelerometer,1.4401124,1.0390834999999998,10.1226845,1550002884839
7362,99,Gyroscope,0.038209625,-0.0075686146,-0.08495303,1550002884850
7363,99,Accelerometer,1.7621324,1.6316483999999998,9.569624000000001,1550002884850
7364,99,Gyroscope,-0.0137139205,-0.006346885,-0.10694418,1550002884859
7365,99,Accelerometer,1.1563994,1.1587936,9.695319999999999,1550002884860
7366,99,Gyroscope,0.022937994,-0.020396786,-0.13565484,1550002884869
7367,99,Accelerometer,0.7110779,1.174356,10.164583,1550002884870
7368,99,Gyroscope,0.0492052,-0.014898999,-0.093505144,1550002884879
7369,99,Accelerometer,1.4604629999999998,1.3587095,10.055647,1550002884879
7370,99,Gyroscope,0.018051071000000002,-0.017953325,-0.07579005,1550002884889
7371,99,Accelerometer,1.0630256,1.1288661,9.883265,1550002884890
7372,99,Gyroscope,0.04554001,-0.025283707000000002,-0.06051842,1550002884899
7373,99,Accelerometer,1.412579,1.3862427,9.957485,1550002884900
7374,99,Gyroscope,0.058979042,-0.029559765,-0.0061514126,1550002884909
7375,99,Accelerometer,2.3690627,0.5434838000000001,9.653421,1550002884910
7376,99,Gyroscope,0.0492052,-0.029559765,0.009731084000000001,1550002884919
7377,99,Accelerometer,2.1739352000000003,0.63206923,10.255563,1550002884920
7378,99,Gyroscope,0.04370741,-0.047885723,-0.009205738,1550002884929
7379,99,Accelerometer,2.0901381999999997,0.08619126,9.8916445,1550002884929
7380,99,Gyroscope,0.031490106000000004,-0.06498995,-0.037916407,1550002884940
7381,99,Accelerometer,2.1440077,0.6512229,8.817844000000001,1550002884940
7382,99,Gyroscope,-0.02165517,-0.050940047999999995,-0.04769025,1550002884949
7383,99,Accelerometer,1.8746599,1.0414777,8.762777999999999,1550002884950
7384,99,Gyroscope,-0.051587567,-0.032003224,-0.07273573,1550002884959
7385,99,Accelerometer,0.59974754,1.0893618,9.655814999999999,1550002884959
7386,99,Gyroscope,-0.013103055,-0.03139236,-0.09289428,1550002884969
7387,99,Accelerometer,0.0035913025,0.7314286,9.582792,1550002884970
7388,99,Gyroscope,-0.019211708,-0.013677267,-0.07945524,1550002884980
7389,99,Accelerometer,0.32321724,0.8631097,9.120711,1550002884980
7390,99,Gyroscope,-0.039981127000000005,0.0077030174,-0.05013371,1550002884989
7391,99,Accelerometer,0.33758244,1.4915876000000001,9.398438,1550002884990
7392,99,Gyroscope,-0.0063835381999999994,0.015033398,-0.039749,1550002884999
7393,99,Accelerometer,0.46806642,1.411382,9.624691,1550002884999
7394,99,Gyroscope,-0.019822573,0.02114205,-0.04402506,1550002885009
7395,99,Accelerometer,0.5578489999999999,1.3239936,9.779117,1550002885010
7396,99,Gyroscope,-0.033261612,0.022974647999999997,-0.04097073,1550002885019
7397,99,Accelerometer,1.1575965,1.0749966,9.76116,1550002885020
7398,99,Gyroscope,-0.043646313,0.026639838,-0.04402506,1550002885029
7399,99,Accelerometer,1.423353,1.2785037000000001,10.032902,1550002885030
7400,99,Gyroscope,-0.06502659599999999,0.013811666499999998,-0.040359866,1550002885039
7401,99,Accelerometer,1.9369092,1.0390834999999998,10.206482000000001,1550002885040
7402,99,Gyroscope,-0.03509419999999999,-0.014898999,-0.01287093,1550002885049
7403,99,Accelerometer,2.5785553,0.89184016,10.890025999999999,1550002885049
7404,99,Gyroscope,-0.022266036,-0.04910745,-0.018979583,1550002885060
7405,99,Accelerometer,2.7832594,0.6823475,10.292672999999999,1550002885060
7406,99,Gyroscope,-0.025931226,-0.06621168,-0.011038333999999999,1550002885069
7407,99,Accelerometer,2.136825,1.0319009,9.959878999999999,1550002885070
7408,99,Gyroscope,0.0027794409999999997,-0.07170947,-0.020201313999999998,1550002885079
7409,99,Accelerometer,1.6101006000000002,1.6172832000000001,9.751583,1550002885080
7410,99,Gyroscope,0.018661937,-0.053383507000000004,-0.02692083,1550002885089
7411,99,Accelerometer,1.4460978999999998,1.5717934,9.087193,1550002885089
7412,99,Gyroscope,-0.041202857999999995,-0.011233807,-0.008594873000000001,1550002885099
7413,99,Accelerometer,0.8379706,2.006341,11.577163,1550002885100
7414,99,Gyroscope,-0.019822573,0.0009834989999999999,0.0017898360000000002,1550002885110
7415,99,Accelerometer,-1.0666169,0.28371290000000005,10.989386,1550002885110
7416,99,Gyroscope,-0.031429015,-0.04605312599999999,-0.018979583,1550002885119
7417,99,Accelerometer,-0.7433996,1.6496049,11.907561999999999,1550002885120
7418,99,Gyroscope,0.022937994,-0.114470035,-0.015925256999999998,1550002885129
7419,99,Accelerometer,0.90620536,0.35673606,10.237606,1550002885129
7420,99,Gyroscope,0.06630943,-0.0729312,-0.039749,1550002885139
7421,99,Accelerometer,1.1935096,0.8487445,7.0006455999999995,1550002885140
7422,99,Gyroscope,-0.07174612,0.014422532,-0.035472944,1550002885149
7423,99,Accelerometer,0.62608373,1.0845733999999998,7.9343843,1550002885150
7424,99,Gyroscope,-0.0008857511,-0.005125154,-0.025699101000000002,1550002885159
7425,99,Accelerometer,0.59256494,-0.35913026,9.933542999999998,1550002885159
7426,99,Gyroscope,0.07119635,-0.057659565999999995,-0.037916407,1550002885170
7427,99,Accelerometer,0.94331545,0.60094464,10.891224000000001,1550002885170
7428,99,Gyroscope,0.010109824,-0.041777067,-0.03608381,1550002885179
7429,99,Accelerometer,1.6208745,-0.26815059999999996,9.248801,1550002885180
7430,99,Gyroscope,0.021716263,-0.043609664000000006,-0.07090313,1550002885189
7431,99,Accelerometer,1.4149733,0.78050977,10.437522,1550002885189
7432,99,Gyroscope,0.08952231,-0.098587535,-0.06540534,1550002885199
7433,99,Accelerometer,1.0151415000000001,1.5298948,10.988189,1550002885200
7434,99,Gyroscope,0.06753115,-0.15600887,-0.036694676,1550002885209
7435,99,Accelerometer,1.9285294999999998,0.6404489000000001,10.359711,1550002885210
7436,99,Gyroscope,0.09868529,-0.14012638,-0.009205738,1550002885219
7437,99,Accelerometer,2.825158,0.6344634,8.945934,1550002885220
7438,99,Gyroscope,-0.01004873,-0.06560081,-0.06174015,1550002885229
7439,99,Accelerometer,1.9057846,2.9364884,7.614758500000001,1550002885229
7440,99,Gyroscope,-0.08640689,-0.027116302000000002,-0.034251212999999996,1550002885239
7441,99,Accelerometer,0.61770403,1.1312603,8.470686,1550002885240
7442,99,Gyroscope,-0.008826999,-0.086981095,-0.10388985,1550002885249
7443,99,Accelerometer,-0.33399114,0.79248077,11.956643,1550002885250
7444,99,Gyroscope,0.025992319,-0.10469619,-0.12710273,1550002885259
7445,99,Accelerometer,0.16519992,1.7549498,8.746018,1550002885260
7446,99,Gyroscope,-0.087017745,-0.04544226,-0.11488543,1550002885269
7447,99,Accelerometer,-0.25617957,0.8858546,10.058042,1550002885269
7448,99,Gyroscope,-0.07724389999999999,-0.02100765,-0.094726875,1550002885279
7449,99,Accelerometer,0.074220255,1.5729905,10.212467,1550002885280
7450,99,Gyroscope,-0.073578715,-0.046663992,-0.08128784,1550002885289
7451,99,Accelerometer,0.7170634,1.4425066,9.3661175,1550002885290
7452,99,Gyroscope,-0.055252752999999995,-0.042387932999999996,-0.08678562,1550002885299
7453,99,Accelerometer,0.93493575,1.3994108,10.194510000000001,1550002885300
7454,99,Gyroscope,-0.0008857511,-0.047274857999999996,-0.059907555999999994,1550002885309
7455,99,Accelerometer,1.1947067,1.1695676000000002,9.518148,1550002885309
7456,99,Gyroscope,-0.043035455,-0.04544226,-0.038527273,1550002885319
7457,99,Accelerometer,1.13964,1.4305356000000002,9.388862,1550002885320
7458,99,Gyroscope,-0.025931226,-0.035668418,-0.040359866,1550002885329
7459,99,Accelerometer,1.0534488000000002,0.93014735,10.718841000000001,1550002885330
7460,99,Gyroscope,0.021716263,-0.042387932999999996,-0.04769025,1550002885339
7461,99,Accelerometer,1.1563994,0.6895300999999999,9.844957,1550002885339
7462,99,Gyroscope,-0.056474485,-0.038111877,-0.05135544,1550002885350
7463,99,Accelerometer,0.94810385,0.81761986,9.92636,1550002885350
7464,99,Gyroscope,-0.03937026,-0.041777067,-0.08556389999999998,1550002885359
7465,99,Accelerometer,0.51595044,0.61530983,10.726024,1550002885360
7466,99,Gyroscope,0.030268377000000003,-0.05277264,-0.06845967,1550002885369
7467,99,Accelerometer,0.61530983,1.4221559,9.6845455,1550002885370
7468,99,Gyroscope,-0.050365835,-0.055216104,-0.06357274,1550002885379
7469,99,Accelerometer,0.2705448,1.3922282,9.035717,1550002885379
7470,99,Gyroscope,-0.016157383,-0.056437835,-0.056853227,1550002885390
7471,99,Accelerometer,0.22505496,1.7405846,9.606734,1550002885390
7472,99,Gyroscope,0.046761736,-0.026505437000000003,-0.02325564,1550002885399
7473,99,Accelerometer,0.2777274,1.5921441,9.216479,1550002885400
7474,99,Gyroscope,0.0021685753,-0.00084909797,0.009120219,1550002885409
7475,99,Accelerometer,0.110133275,1.5765818,9.601946,1550002885409
7476,99,Gyroscope,0.03210097,0.0040378235,0.03599829,1550002885419
7477,99,Accelerometer,0.34955344,1.127669,10.166978,1550002885420
7478,99,Gyroscope,0.040653087000000004,0.0009834989999999999,0.040274344,1550002885430
7479,99,Accelerometer,0.34715924,0.9588778,9.172187,1550002885430
7480,99,Gyroscope,-0.022876898,0.030305027999999998,0.045161266,1550002885439
7481,99,Accelerometer,0.46567222,0.9696517,8.996213000000001,1550002885440
7482,99,Gyroscope,-0.022266036,0.05046358,0.02317012,1550002885449
7483,99,Accelerometer,0.40342298,1.0247183000000002,9.922769,1550002885449
7484,99,Gyroscope,-0.018600842,0.051074445,0.014007141,1550002885459
7485,99,Accelerometer,0.62009823,1.0965444,9.595961,1550002885460
7486,99,Gyroscope,-0.03509419999999999,0.0571831,0.02805704,1550002885469
7487,99,Accelerometer,0.5578489999999999,1.1156979999999999,10.220847000000001,1550002885470
7488,99,Gyroscope,-0.0076052677,0.034581087999999996,0.028667906,1550002885479
7489,99,Accelerometer,0.5506664000000001,1.1516110000000002,9.935937,1550002885480
7490,99,Gyroscope,0.029657512999999996,0.012589939,0.061654627000000004,1550002885489
7491,99,Accelerometer,1.0247183000000002,1.7250223000000002,8.286332000000002,1550002885489
7492,99,Gyroscope,0.039431356,0.046187527,0.10197174,1550002885499
7493,99,Accelerometer,1.3491327,3.0514099999999997,10.092757,1550002885500
7494,99,Gyroscope,-0.030207282000000002,0.07550906,0.16000395,1550002885510
7495,99,Accelerometer,-0.38307226,1.4341268999999999,10.763133999999999,1550002885510
7496,99,Gyroscope,0.0070554977,-0.061324757,0.1746647,1550002885519
7497,99,Accelerometer,1.1061212,1.9416976000000001,13.423092,1550002885519
7498,99,Gyroscope,0.115178645,-0.10164186,0.14900836,1550002885530
7499,99,Accelerometer,2.9388826,0.25019407,9.437942999999999,1550002885530
7500,99,Gyroscope,-0.0076052677,-0.05460524,0.1606148,1550002885539
7501,99,Accelerometer,1.6101006000000002,1.0378863999999999,8.535328999999999,1550002885539
7502,99,Gyroscope,-0.01127046,-0.06621168,0.12029769,1550002885549
7503,99,Accelerometer,1.0462662,0.15801731,10.022128,1550002885550
7504,99,Gyroscope,0.07791587,-0.09370062,0.06593069,1550002885560
7505,99,Accelerometer,1.0307038,0.2777274,9.807847,1550002885560
7506,99,Gyroscope,-0.025931226,-0.06254649,0.054935113,1550002885569
7507,99,Accelerometer,0.59735334,0.60573304,9.258378,1550002885570
7508,99,Gyroscope,-0.0076052677,-0.032003224,0.046993863,1550002885579
7509,99,Accelerometer,-0.45848963,-0.09816227,9.249998,1550002885580
7510,99,Gyroscope,-0.016157383,0.008313879,0.020726658000000002,1550002885589
7511,99,Accelerometer,-0.6823475,-0.34237084,8.875306,1550002885589
7512,99,Gyroscope,-0.07113525,0.03702455,-0.015314391,1550002885599
7513,99,Accelerometer,-0.82360536,-0.4345476,9.062054,1550002885600
7514,99,Gyroscope,-0.07480045,0.06756781,-0.07395746,1550002885610
7515,99,Accelerometer,-0.5650316,-0.8726865,9.758766,1550002885610
7516,99,Gyroscope,-0.09434813,0.0871155,-0.1417635,1550002885619
7517,99,Accelerometer,-0.42257659999999997,-0.08259996,9.995792,1550002885620
7518,99,Gyroscope,-0.073578715,0.093224145,-0.16314377,1550002885629
7519,99,Accelerometer,-0.30166942,0.21787235,9.66659,1550002885629
7520,99,Gyroscope,-0.043035455,0.05473964,-0.16925243,1550002885639
7521,99,Accelerometer,0.5710170999999999,-0.47884035,11.092336999999999,1550002885639
7522,99,Gyroscope,0.02354886,0.02786157,-0.180248,1550002885650
7523,99,Accelerometer,1.0881646999999999,-0.14724341,10.208876,1550002885650
7524,99,Gyroscope,0.0033903066,0.042522334,-0.20590433,1550002885659
7525,99,Accelerometer,0.9588778,0.8655039000000001,9.79827,1550002885660
7526,99,Gyroscope,0.034544434,0.03885714,-0.21201299,1550002885669
7527,99,Accelerometer,0.7350199000000001,0.18076223,10.0341,1550002885670
7528,99,Gyroscope,0.043096546,0.02786157,-0.23950192,1550002885679
7529,99,Accelerometer,0.688333,1.0378863999999999,10.201694,1550002885679
7530,99,Gyroscope,0.010720688999999999,0.024807245,-0.23339328,1550002885689
7531,99,Accelerometer,0.6356605,0.62728083,10.454282000000001,1550002885689
7532,99,Gyroscope,0.03210097,-0.014898999,-0.21079126,1550002885699
7533,99,Accelerometer,0.88944596,0.9983820999999999,10.860099,1550002885700
7534,99,Gyroscope,0.032711837,-0.042998800000000004,-0.21262386,1550002885709
7535,99,Accelerometer,1.4664485,0.7302314999999999,9.92636,1550002885710
7536,99,Gyroscope,0.0052229017,-0.04055534,-0.20895867,1550002885719
7537,99,Accelerometer,1.6101006000000002,1.2078748,9.338583999999999,1550002885719
7538,99,Gyroscope,0.0021685753,-0.028948900000000003,-0.20407175,1550002885729
7539,99,Accelerometer,1.1145009,1.5167267,9.417591999999999,1550002885730
7540,99,Gyroscope,0.02354886,-0.030781494,-0.18941098,1550002885739
7541,99,Accelerometer,1.2485761999999998,1.7848773999999998,9.343372,1550002885740
7542,99,Gyroscope,0.0015577096,-0.011233807,-0.15947857,1550002885749
7543,99,Accelerometer,0.8535328999999999,1.62686,9.416395,1550002885750
7544,99,Gyroscope,0.0021685753,0.009535611,-0.14665042,1550002885759
7545,99,Accelerometer,0.49679685,1.3814543,9.175778,1550002885760
7546,99,Gyroscope,-0.02165517,0.0431332,-0.12221581,1550002885769
7547,99,Accelerometer,0.9852139999999999,1.3611037,9.15423,1550002885769
7548,99,Gyroscope,-0.026542092000000003,0.068178676,-0.11610716,1550002885779
7549,99,Accelerometer,0.61530983,1.0486604,9.97185,1550002885780
7550,99,Gyroscope,-0.051587567,0.06634608,-0.124048404,1550002885789
7551,99,Accelerometer,0.5578489999999999,0.581791,9.683349,1550002885790
7552,99,Gyroscope,-0.037537664,0.07611992,-0.12832445,1550002885799
7553,99,Accelerometer,0.7182605,1.282095,9.532514,1550002885800
7554,99,Gyroscope,-0.06991352,0.09627848,-0.11305283,1550002885809
7555,99,Accelerometer,1.2210428999999998,1.3850456,9.646238,1550002885809
7556,99,Gyroscope,-0.046089776,0.085893765,-0.10755505,1550002885820
7557,99,Accelerometer,1.3012487,1.5873556999999998,9.987411999999999,1550002885820
7558,99,Gyroscope,-0.037537664,0.078563385,-0.10450072,1550002885829
7559,99,Accelerometer,1.4736311000000002,1.5466543,10.151415,1550002885829
7560,99,Gyroscope,-0.03509419999999999,0.06573521,-0.07579005,1550002885839
7561,99,Accelerometer,1.8483237000000001,1.661576,10.29387,1550002885839
7562,99,Gyroscope,-0.010659594,0.052296177,-0.047079384,1550002885850
7563,99,Accelerometer,1.6639702,1.2689268999999999,10.213664,1550002885850
7564,99,Gyroscope,-0.014935651999999999,0.033970222,-0.06296188,1550002885859
7565,99,Accelerometer,1.3826513999999999,1.5107412,9.976639,1550002885860
7566,99,Gyroscope,-0.016768249,0.015644263000000002,-0.032418616000000004,1550002885869
7567,99,Accelerometer,1.9668366999999998,1.3036428999999998,9.894038,1550002885870
7568,99,Gyroscope,0.0009468458599999999,0.0034269579,-0.020201313999999998,1550002885879
7569,99,Accelerometer,1.6256628999999998,0.93613285,9.764750999999999,1550002885879
7570,99,Gyroscope,0.010720688999999999,0.0015943646,-0.02447737,1550002885889
7571,99,Accelerometer,1.0295067,1.1623849,9.973047,1550002885889
7572,99,Gyroscope,0.010720688999999999,0.00037263334000000003,0.0005681054,1550002885900
7573,99,Accelerometer,1.435324,0.8343792999999999,9.551667,1550002885900
7574,99,Gyroscope,0.010109824,0.008924745,-0.0018753556,1550002885909
7575,99,Accelerometer,1.067814,1.3251906999999998,9.532514,1550002885910
7576,99,Gyroscope,0.01316415,0.008924745,0.006065893,1550002885919
7577,99,Accelerometer,1.1911154,1.0510546,9.544485,1550002885920
7578,99,Gyroscope,0.02354886,0.016865995,-0.004929682,1550002885929
7579,99,Accelerometer,0.6560113000000001,1.2066777,9.388862,1550002885930
7580,99,Gyroscope,0.017440207,0.040689737000000004,0.0048441626,1550002885939
7581,99,Accelerometer,1.1599906999999998,0.9768343,9.89763,1550002885939
7582,99,Gyroscope,-0.02898555,0.06329175,-0.017146988000000002,1550002885950
7583,99,Accelerometer,-0.51355624,0.29927522,9.775525,1550002885950
7584,99,Gyroscope,-0.035705067,0.06023743,-0.015925256999999998,1550002885959
7585,99,Accelerometer,-0.2669535,1.055843,11.213243499999999,1550002885960
7586,99,Gyroscope,-0.03387247,0.03274849,-0.04097073,1550002885969
7587,99,Accelerometer,1.6136919,0.6739678000000001,11.963826,1550002885970
7588,99,Gyroscope,0.047983468,-0.08209418,-0.028753427999999998,1550002885979
7589,99,Accelerometer,2.019509,0.521936,8.941146,1550002885980
7590,99,Gyroscope,-0.006994404,-0.012455538,-0.039749,1550002885989
7591,99,Accelerometer,1.4425066,1.2126632,7.973889,1550002885989
7592,99,Gyroscope,-0.058917947000000005,0.004648689,-0.023866504,1550002885999
7593,99,Accelerometer,1.3024458,0.51116204,9.871294,1550002886000
7594,99,Gyroscope,0.0492052,-0.055216104,-0.0140926605,1550002886009
7595,99,Accelerometer,1.4628572,0.23702596,11.201273,1550002886010
7596,99,Gyroscope,0.0058337674,-0.06743341,-0.05929669,1550002886019
7597,99,Accelerometer,2.005144,1.2270284,10.405201,1550002886020
7598,99,Gyroscope,-0.0033292117999999997,-0.07903985,-0.07090313,1550002886029
7599,99,Accelerometer,1.2677298000000001,1.1001357,10.272323,1550002886030
7600,99,Gyroscope,0.055924714,-0.07415293,-0.09167255,1550002886039
7601,99,Accelerometer,0.521936,1.0785878999999998,9.544485,1550002886039
7602,99,Gyroscope,0.013775015,-0.034446687000000004,-0.08556389999999998,1550002886049
7603,99,Accelerometer,0.7170634,1.2401965,9.415198,1550002886049
7604,99,Gyroscope,0.017440207,-0.016731594,-0.07334659,1550002886060
7605,99,Accelerometer,0.7661445,0.91219085,9.217675999999999,1550002886060
7606,99,Gyroscope,-0.0021074805,-0.0039034244,-0.059907555999999994,1550002886069
7607,99,Accelerometer,-0.31004912,2.0530279,9.640253,1550002886070
7608,99,Gyroscope,-0.030818147999999997,0.040689737000000004,-0.05929669,1550002886079
7609,99,Accelerometer,-0.11372458,0.45609543,9.232041,1550002886080
7610,99,Gyroscope,0.0021685753,0.04740926,-0.07701178,1550002886089
7611,99,Accelerometer,-0.4345476,0.5614403,9.610325999999999,1550002886090
7612,99,Gyroscope,-0.010659594,0.03274849,-0.07090313,1550002886099
7613,99,Accelerometer,-0.4345476,1.3790601,9.793482000000001,1550002886099
7614,99,Gyroscope,-0.047311507,0.026639838,-0.09045081599999999,1550002886109
7615,99,Accelerometer,1.423353,0.48602295,9.288305000000001,1550002886110
7616,99,Gyroscope,-0.04670064,0.010146476,-0.09717034,1550002886119
7617,99,Accelerometer,1.0103531,1.0390834999999998,9.949105,1550002886120
7618,99,Gyroscope,-0.08029823,0.005259555,-0.10816591,1550002886129
7619,99,Accelerometer,0.9792285,0.40581718,9.856929,1550002886130
7620,99,Gyroscope,-0.088239476,-0.022840247,-0.13260052,1550002886139
7621,99,Accelerometer,1.541866,0.22385786,10.739192,1550002886140
7622,99,Gyroscope,0.0009468458599999999,-0.07415293,-0.1661981,1550002886149
7623,99,Accelerometer,1.733402,0.35913026,10.651803,1550002886149
7624,99,Gyroscope,-0.026542092000000003,-0.07659639,-0.1784154,1550002886159
7625,99,Accelerometer,1.5346833,0.46327803,9.850943,1550002886159
7626,99,Gyroscope,-0.047922373,-0.05460524,-0.16925243,1550002886170
7627,99,Accelerometer,0.34596214,0.91219085,9.180567,1550002886170
7628,99,Gyroscope,0.01560761,-0.047274857999999996,-0.1680307,1550002886179
7629,99,Accelerometer,0.4405331,1.0606314,9.515755,1550002886180
7630,99,Gyroscope,0.016829342,-0.038111877,-0.15947857,1550002886189
7631,99,Accelerometer,-0.22026655,1.5981296,9.586383999999999,1550002886190
7632,99,Gyroscope,-0.027763822999999997,-0.014288133,-0.112441964,1550002886199
7633,99,Accelerometer,0.34117374,1.3012487,9.949105,1550002886200
7634,99,Gyroscope,0.017440207,-0.01734246,-0.078844376,1550002886210
7635,99,Accelerometer,0.7541734999999999,1.9045875,9.718064,1550002886210
7636,99,Gyroscope,-0.027152957000000002,-0.006957751,-0.08739649,1550002886219
7637,99,Accelerometer,0.1448492,1.7154455000000002,9.734824,1550002886220
7638,99,Gyroscope,-0.025931226,-0.008790346,-0.086174764,1550002886229
7639,99,Accelerometer,0.90620536,1.3563153000000001,10.022128,1550002886230
7640,99,Gyroscope,-0.005161807,-0.017953325,-0.07395746,1550002886239
7641,99,Accelerometer,1.2138603000000001,1.5346833,9.431957,1550002886239
7642,99,Gyroscope,-0.025931226,-0.011844671999999999,-0.06968139999999999,1550002886250
7643,99,Accelerometer,0.7565677,1.0019734,9.192537,1550002886250
7644,99,Gyroscope,-0.032650746,-0.0057360195,-0.07640091,1550002886260
7645,99,Accelerometer,0.7074866,0.748188,9.7958765,1550002886260
7646,99,Gyroscope,0.008277228000000001,-0.0075686146,-0.059907555999999994,1550002886269
7647,99,Accelerometer,1.2773066000000002,1.2366052,10.375273,1550002886270
7648,99,Gyroscope,-0.021044305,0.0009834989999999999,-0.05440977,1550002886279
7649,99,Accelerometer,0.93134445,1.0522517,9.653421,1550002886280
7650,99,Gyroscope,-0.015546517,-0.0032925587,-0.055020634000000006,1550002886289
7651,99,Accelerometer,0.58418524,1.1504139,10.004171000000001,1550002886289
7652,99,Gyroscope,0.018051071000000002,-0.011233807,-0.04280333,1550002886299
7653,99,Accelerometer,0.78170687,1.2605472,10.102333999999999,1550002886300
7654,99,Gyroscope,-0.011881325,-0.025894572999999997,-0.018368717,1550002886310
7655,99,Accelerometer,0.676362,1.3718776000000001,9.431957,1550002886310
7656,99,Gyroscope,-0.011881325,-0.025283707000000002,-0.021423044,1550002886319
7657,99,Accelerometer,0.076614454,1.5897499,9.67018,1550002886320
7658,99,Gyroscope,0.036987893,-0.023451112000000003,0.016450599999999996,1550002886329
7659,99,Accelerometer,0.5255273,1.4520833,9.678560000000001,1550002886330
7660,99,Gyroscope,0.0076663624,-0.009401211500000001,0.026224446000000002,1550002886339
7661,99,Accelerometer,0.20470424,1.3958195,9.902417999999999,1550002886339
7662,99,Gyroscope,0.033322702999999995,-0.03139236,0.04088521,1550002886349
7663,99,Accelerometer,0.32441434,1.0055646999999999,9.510966,1550002886350
7664,99,Gyroscope,0.05470299,-0.014288133,0.032943964,1550002886360
7665,99,Accelerometer,0.015562311,1.2557588,8.851364,1550002886360
7666,99,Gyroscope,0.0076663624,0.013811666499999998,0.05004819,1550002886369
7667,99,Accelerometer,-0.13766660000000003,1.1695676000000002,9.16261,1550002886370
7668,99,Gyroscope,0.049816065,0.049241855999999994,0.039052617000000005,1550002886379
7669,99,Accelerometer,-0.12210429,1.6759412,11.508927,1550002886380
7670,99,Gyroscope,-0.030818147999999997,0.09383502,0.021337522,1550002886389
7671,99,Accelerometer,-1.316811,0.81043726,10.988189,1550002886389
7672,99,Gyroscope,-0.072356984,0.06878954,0.017672332,1550002886399
7673,99,Accelerometer,-0.32561144,1.5466543,12.795811,1550002886399
7674,99,Gyroscope,0.01316415,-0.034446687000000004,0.015228872,1550002886410
7675,99,Accelerometer,1.6819267,0.12090719,10.164583,1550002886410
7676,99,Gyroscope,-0.0076052677,-0.05216177599999999,-0.028753427999999998,1550002886419
7677,99,Accelerometer,1.5131354,0.6548142,8.494628,1550002886420
7678,99,Gyroscope,-0.03387247,-0.036279282999999996,-0.040359866,1550002886429
7679,99,Accelerometer,2.0721814999999997,-0.10055647,10.187327999999999,1550002886430
7680,99,Gyroscope,0.07180721,-0.09980927,-0.05807496,1550002886439
7681,99,Accelerometer,1.9967641999999999,0.11731588,10.739192,1550002886439
7682,99,Gyroscope,0.018051071000000002,-0.12241128,-0.09533774,1550002886449
7683,99,Accelerometer,2.3558946,0.50876784,10.139444000000001,1550002886450
7684,99,Gyroscope,0.030879242,-0.12546559999999998,-0.08250957,1550002886459
7685,99,Accelerometer,1.9752164,0.1352724,9.750386,1550002886460
7686,99,Gyroscope,0.0076663624,-0.08820283,-0.06479447,1550002886469
7687,99,Accelerometer,0.79966336,0.7745243,9.840169,1550002886470
7688,99,Gyroscope,-0.05586362,-0.047885723,-0.10266812,1550002886479
7689,99,Accelerometer,1.0067618,0.62368953,9.02614,1550002886480
7690,99,Gyroscope,-0.018600842,-0.057048699999999994,-0.08250957,1550002886489
7691,99,Accelerometer,-0.50278234,0.79008657,9.752781,1550002886489
7692,99,Gyroscope,-0.038759395,-0.057048699999999994,-0.113663696,1550002886499
7693,99,Accelerometer,-0.14604631,0.37469256,9.812635,1550002886499
7694,99,Gyroscope,-0.06441574,0.0022052303,-0.13504398,1550002886510
7695,99,Accelerometer,1.0103531,0.8619126,9.02614,1550002886510
7696,99,Gyroscope,-0.068080924,0.004648689,-0.13993089,1550002886519
7697,99,Accelerometer,0.92775315,1.2270284,9.500193,1550002886520
7698,99,Gyroscope,-0.03203988,-0.008790346,-0.1661981,1550002886529
7699,99,Accelerometer,1.2653356000000002,0.5494693,9.957485,1550002886530
7700,99,Gyroscope,-0.036315932999999995,0.005259555,-0.18452406,1550002886539
7701,99,Accelerometer,1.210269,0.700304,9.151836,1550002886539
7702,99,Gyroscope,-0.047922373,0.024196379,-0.1661981,1550002886550
7703,99,Accelerometer,0.78170687,1.1180921999999998,9.144653,1550002886550
7704,99,Gyroscope,-0.02165517,0.0431332,-0.1643655,1550002886559
7705,99,Accelerometer,1.3922282,1.2234371000000002,9.720459,1550002886560
7706,99,Gyroscope,-0.0076052677,0.034581087999999996,-0.14298522,1550002886569
7707,99,Accelerometer,1.3730746999999999,1.5358804,10.386047,1550002886570
7708,99,Gyroscope,-0.014935651999999999,0.033970222,-0.113663696,1550002886579
7709,99,Accelerometer,1.6328455,1.5167267,10.086772,1550002886580
7710,99,Gyroscope,-0.019211708,0.01625513,-0.09717034,1550002886589
7711,99,Accelerometer,1.7501613999999999,1.8219875,10.029311,1550002886589
7712,99,Gyroscope,0.008888093,-0.0039034244,-0.09167255,1550002886599
7713,99,Accelerometer,1.9297266,1.1611878,10.018537,1550002886600
7714,99,Gyroscope,0.004612036,-0.01978592,-0.09961379,1550002886609
7715,99,Accelerometer,1.9357121,0.78888947,9.647436,1550002886610
7716,99,Gyroscope,-0.0014966168,-0.014898999,-0.10755505,1550002886619
7717,99,Accelerometer,2.0458453000000003,0.6584055,9.801862,1550002886620
7718,99,Gyroscope,-0.0045509413,-0.027727167999999996,-0.11977235,1550002886629
7719,99,Accelerometer,1.6819267,0.49799395,9.356541,1550002886630
7720,99,Gyroscope,-0.006994404,-0.049718317000000005,-0.13198964,1550002886639
7721,99,Accelerometer,1.411382,1.2773066000000002,9.664195,1550002886640
7722,99,Gyroscope,-0.016768249,-0.041777067,-0.14665042,1550002886649
7723,99,Accelerometer,1.2162545,0.80086046,9.291897,1550002886649
7724,99,Gyroscope,-0.016768249,-0.03261409,-0.12771359,1550002886660
7725,99,Accelerometer,0.7326256999999999,1.5945383,10.232818,1550002886660
7726,99,Gyroscope,-0.01004873,-0.042998800000000004,-0.09106168,1550002886669
7727,99,Accelerometer,1.2665327,1.079785,9.42238,1550002886670
7728,99,Gyroscope,-0.0063835381999999994,-0.038722742000000004,-0.06968139999999999,1550002886679
7729,99,Accelerometer,0.79248077,1.7753005000000002,9.673772,1550002886680
7730,99,Gyroscope,0.0015577096,-0.027727167999999996,-0.05135544,1550002886689
7731,99,Accelerometer,0.59495914,0.9780314,9.222465,1550002886689
7732,99,Gyroscope,-0.033261612,-0.012455538,-0.04402506,1550002886699
7733,99,Accelerometer,1.0079589,1.1815386,9.967062,1550002886700
7734,99,Gyroscope,-0.027152957000000002,-0.013066402,-0.04402506,1550002886709
7735,99,Accelerometer,1.4556746,1.1324573999999998,9.536105000000001,1550002886710
7736,99,Gyroscope,-0.036315932999999995,-0.006957751,-0.074568324,1550002886719
7737,99,Accelerometer,1.0103531,1.5682021000000002,9.161413,1550002886719
7738,99,Gyroscope,-0.07052439,0.0022052303,-0.05257717,1550002886729
7739,99,Accelerometer,1.4915876000000001,1.4413095,9.726444,1550002886729
7740,99,Gyroscope,-0.04242459,-0.014288133,-0.05807496,1550002886740
7741,99,Accelerometer,1.3551182,1.4676456,10.047267,1550002886740
7742,99,Gyroscope,-0.021044305,-0.01978592,-0.05807496,1550002886749
7743,99,Accelerometer,1.258153,0.91817635,9.550469999999999,1550002886750
7744,99,Gyroscope,-0.0014966168,-0.004514288,-0.04402506,1550002886759
7745,99,Accelerometer,1.2294226000000001,0.7721300999999999,9.929952,1550002886760
7746,99,Gyroscope,0.02721405,-0.0020708293,-0.0140926605,1550002886769
7747,99,Accelerometer,1.2797008,1.0785878999999998,9.512163000000001,1550002886769
7748,99,Gyroscope,0.028435782000000003,0.005259555,-0.0061514126,1550002886779
7749,99,Accelerometer,1.0893618,1.1432313,9.490616000000001,1550002886779
7750,99,Gyroscope,0.0040011713,0.01625513,-0.011649198999999999,1550002886790
7751,99,Accelerometer,0.866701,0.79487497,9.852139999999999,1550002886790
7752,99,Gyroscope,0.018051071000000002,0.016865995,-0.012260064499999999,1550002886799
7753,99,Accelerometer,0.5734113000000001,0.9660603999999999,9.744401,1550002886800
7754,99,Gyroscope,0.047983468,0.024807245,-0.014703525,1550002886809
7755,99,Accelerometer,0.45489833,0.81761986,9.489417999999999,1550002886810
7756,99,Gyroscope,0.0070554977,0.024807245,-0.0067622773,1550002886819
7757,99,Accelerometer,-0.33159694,0.7721300999999999,9.835381,1550002886819
7758,99,Gyroscope,-0.017989976,0.046798393,0.0017898360000000002,1550002886829
7759,99,Accelerometer,0.24779987,0.9923966000000001,11.878832000000001,1550002886829
7760,99,Gyroscope,-0.049144104,-0.03750101,-0.011038333999999999,1550002886839
7761,99,Accelerometer,1.5801731,0.015562311,9.991004,1550002886840
7762,99,Gyroscope,0.06936375,-0.081483305,-0.032418616000000004,1550002886849
7763,99,Accelerometer,1.6867151000000002,0.866701,8.423999,1550002886850
7764,99,Gyroscope,-0.0137139205,-0.015509863999999998,-0.06418361,1550002886859
7765,99,Accelerometer,0.7338228,1.1204863999999999,9.793482000000001,1550002886860
7766,99,Gyroscope,-0.008216133,-0.03750101,-0.000653625,1550002886869
7767,99,Accelerometer,2.1883004,-0.49440265,10.359711,1550002886870
7768,99,Gyroscope,0.09135491,-0.091257155,-0.017146988000000002,1550002886879
7769,99,Accelerometer,2.0171148999999997,0.78888947,10.892421,1550002886879
7770,99,Gyroscope,-0.027152957000000002,-0.13401772,0.0011789708,1550002886889
7771,99,Accelerometer,2.695871,0.3184288,8.938752000000001,1550002886889
7772,99,Gyroscope,0.014996746000000002,-0.12485474,-0.045857653,1550002886900
7773,99,Accelerometer,2.5929205,1.0474633,9.859323,1550002886900
7774,99,Gyroscope,0.020494534,-0.12668735,-0.017757852,1550002886909
7775,99,Accelerometer,1.340753,0.29328972,9.368511,1550002886910
7776,99,Gyroscope,-0.0033292117999999997,-0.13279599,-0.050744575,1550002886919
7777,99,Accelerometer,1.5478513999999999,0.93134445,10.500969,1550002886920
7778,99,Gyroscope,0.060200773,-0.11752436,-0.061129287000000004,1550002886929
7779,99,Accelerometer,1.6759412,0.2669535,8.792705999999999,1550002886930
7780,99,Gyroscope,-0.01004873,-0.068044275,-0.037916407,1550002886939
7781,99,Accelerometer,-0.7374141,1.5059528,9.504980999999999,1550002886939
7782,99,Gyroscope,-0.014935651999999999,-0.036279282999999996,-0.057464093,1550002886950
7783,99,Accelerometer,-0.10414778,0.81402856,9.488221000000001,1550002886950
7784,99,Gyroscope,0.05653558,-0.035668418,-0.042192463,1550002886959
7785,99,Accelerometer,-0.05746084,1.1863270000000001,9.3733,1550002886960
7786,99,Gyroscope,-0.006994404,-0.02222938,-0.005540547,1550002886969
7787,99,Accelerometer,-0.18435353,1.4460978999999998,9.312247,1550002886970
7788,99,Gyroscope,-0.010659594,-0.004514288,-0.015314391,1550002886979
7789,99,Accelerometer,0.31004912,1.6711528000000002,9.572019000000001,1550002886980
7790,99,Gyroscope,0.0040011713,-0.009401211500000001,-0.015314391,1550002886989
7791,99,Accelerometer,0.35553896,1.7345991000000003,10.245986,1550002886989
7792,99,Gyroscope,-0.020433438999999998,-0.013066402,0.0054550273,1550002886999
7793,99,Accelerometer,0.37110126,1.0953473,9.378088,1550002887000
7794,99,Gyroscope,-0.009437865,-0.01978592,-0.007373143,1550002887010
7795,99,Accelerometer,0.7565677,1.6915035,9.866506,1550002887010
7796,99,Gyroscope,-0.01737911,-0.011233807,-0.025088236,1550002887019
7797,99,Accelerometer,1.1372458,1.067814,9.624691,1550002887020
7798,99,Gyroscope,-0.027152957000000002,-0.01734246,-0.019590449,1550002887029
7799,99,Accelerometer,1.0019734,1.0929531000000001,9.902417999999999,1550002887030
7800,99,Gyroscope,0.0033903066,-0.016731594,-0.029364292,1550002887039
7801,99,Accelerometer,0.90021986,0.90141696,10.064027000000001,1550002887039
7802,99,Gyroscope,0.0094989585,-0.027116302000000002,-0.045246787000000004,1550002887049
7803,99,Accelerometer,0.8367735000000001,1.1599906999999998,9.866506,1550002887049
7804,99,Gyroscope,-0.0137139205,-0.027727167999999996,-0.034251212999999996,1550002887059
7805,99,Accelerometer,0.736217,1.1085154,10.064027000000001,1550002887060
7806,99,Gyroscope,-0.00027488545,-0.042387932999999996,-0.031807754,1550002887070
7807,99,Accelerometer,0.62728083,1.2030864,9.974244,1550002887070
7808,99,Gyroscope,-0.0057726726,-0.042998800000000004,-0.02447737,1550002887079
7809,99,Accelerometer,0.6332663000000001,1.292869,9.779117,1550002887080
7810,99,Gyroscope,-0.0033292117999999997,-0.030781494,-0.029364292,1550002887089
7811,99,Accelerometer,0.2777274,1.1480197,9.5971575,1550002887090
7812,99,Gyroscope,0.006444632,-0.029559765,-0.020201313999999998,1550002887099
7813,99,Accelerometer,0.4309563,0.7158663000000001,9.283517,1550002887099
7814,99,Gyroscope,0.012553285,-0.03139236,-0.028753427999999998,1550002887109
7815,99,Accelerometer,0.5674258000000001,1.4796166000000002,10.139444000000001,1550002887110
7816,99,Gyroscope,0.010109824,-0.0039034244,-0.036694676,1550002887120
7817,99,Accelerometer,0.42377370000000003,0.6332663000000001,9.582792,1550002887120
7818,99,Gyroscope,-0.02532036,0.008313879,-0.059907555999999994,1550002887129
7819,99,Accelerometer,0.1604115,0.80445176,9.967062,1550002887130
7820,99,Gyroscope,0.025992319,0.0040378235,-0.067237936,1550002887139
7821,99,Accelerometer,0.5746084,0.48722005,9.703699,1550002887140
7822,99,Gyroscope,-0.01004873,0.020531185,-0.07395746,1550002887149
7823,99,Accelerometer,0.37110126,1.3467385,9.5385,1550002887149
7824,99,Gyroscope,-0.034483336,0.037635416,-0.058685824000000004,1550002887159
7825,99,Accelerometer,0.3890578,1.1611878,9.623494,1550002887159
7826,99,Gyroscope,-0.019822573,0.018698592,-0.047079384,1550002887170
7827,99,Accelerometer,0.20350714,1.0354922,10.0508585,1550002887170
7828,99,Gyroscope,-0.024709495,0.01992032,-0.05135544,1550002887179
7829,99,Accelerometer,0.712275,0.748188,10.102333999999999,1550002887180
7830,99,Gyroscope,-0.0063835381999999994,-0.004514288,-0.036694676,1550002887189
7831,99,Accelerometer,1.3467385,0.7182605,9.283517,1550002887190
7832,99,Gyroscope,0.008277228000000001,0.011979073,-0.061129287000000004,1550002887199
7833,99,Accelerometer,0.7206547,1.258153,9.331401,1550002887199
7834,99,Gyroscope,-0.014935651999999999,0.006481286,-0.05440977,1550002887210
7835,99,Accelerometer,1.4425066,0.79966336,9.562441999999999,1550002887210
7836,99,Gyroscope,-0.027763822999999997,-0.014898999,-0.04891198,1550002887219
7837,99,Accelerometer,0.23582886,0.70509243,9.8198185,1550002887220
7838,99,Gyroscope,-0.0509767,0.0040378235,-0.05929669,1550002887229
7839,99,Accelerometer,0.051475335,0.7278373,11.473015,1550002887230
7840,99,Gyroscope,-0.050365835,-0.042998800000000004,-0.06540534,1550002887239
7841,99,Accelerometer,0.8331822,0.92895025,10.812215,1550002887239
7842,99,Gyroscope,0.0094989585,-0.102863595,-0.062351014,1550002887249
7843,99,Accelerometer,0.8834603999999999,1.1300632,9.241617999999999,1550002887250
7844,99,Gyroscope,-0.0063835381999999994,-0.079650715,-0.074568324,1550002887259
7845,99,Accelerometer,0.4213795,0.9780314,8.990228,1550002887260
7846,99,Gyroscope,-0.030818147999999997,-0.05277264,-0.051966306,1550002887269
7847,99,Accelerometer,0.7649474,0.9935937,9.753978,1550002887270
7848,99,Gyroscope,0.031490106000000004,-0.07048774,-0.053188037,1550002887279
7849,99,Accelerometer,0.42736499999999994,1.6316483999999998,10.104728999999999,1550002887280
7850,99,Gyroscope,0.016829342,-0.07720725,-0.040359866,1550002887289
7851,99,Accelerometer,0.06943185,0.80804306,9.390058999999999,1550002887289
7852,99,Gyroscope,0.00033598019999999995,-0.07232033,-0.025699101000000002,1550002887299
7853,99,Accelerometer,-0.017956512,0.6895300999999999,9.694122,1550002887299
7854,99,Gyroscope,0.029046647000000002,-0.06743341,-0.025699101000000002,1550002887310
7855,99,Accelerometer,0.23582886,1.2342110000000002,9.49301,1550002887310
7856,99,Gyroscope,0.02354886,-0.059492163,-0.019590449,1550002887319
7857,99,Accelerometer,1.1360487,1.7513584999999998,8.935161,1550002887320
7858,99,Gyroscope,-0.022876898,-0.034446687000000004,-0.0043188166,1550002887329
7859,99,Accelerometer,0.79008657,2.1092918,10.116699,1550002887330
7860,99,Gyroscope,-0.0021074805,-0.013066402,0.009731084000000001,1550002887339
7861,99,Accelerometer,0.92296475,1.13964,9.858125999999999,1550002887340
7862,99,Gyroscope,-0.027152957000000002,-0.013066402,0.0323331,1550002887349
7863,99,Accelerometer,1.1085154,1.435324,9.797073,1550002887349
7864,99,Gyroscope,-0.013103055,-0.012455538,0.02927877,1550002887359
7865,99,Accelerometer,1.8746599,0.9780314,10.036493,1550002887360
7866,99,Gyroscope,-0.013103055,-0.028338033999999998,0.0066767577,1550002887369
7867,99,Accelerometer,1.9871874,1.0187328000000002,9.64145,1550002887370
7868,99,Gyroscope,-0.008826999,-0.023451112000000003,-0.009816604,1550002887379
7869,99,Accelerometer,1.4532804,0.5722142,9.193734,1550002887380
7870,99,Gyroscope,-0.021044305,-0.014898999,-0.043414194,1550002887389
7871,99,Accelerometer,1.2725182,0.51475334,9.88925,1550002887390
7872,99,Gyroscope,-0.030207282000000002,-0.005125154,-0.07395746,1550002887399
7873,99,Accelerometer,1.2030864,0.60812724,9.710882000000002,1550002887399
7874,99,Gyroscope,-0.04975497,0.0009834989999999999,-0.066016205,1550002887409
7875,99,Accelerometer,0.63206923,0.712275,10.149021000000001,1550002887410
7876,99,Gyroscope,-0.035705067,-0.006957751,-0.05440977,1550002887420
7877,99,Accelerometer,0.6715736,0.760159,10.0748005,1550002887420
7878,99,Gyroscope,-0.030207282000000002,-0.012455538,-0.036694676,1550002887429
7879,99,Accelerometer,0.9624690999999999,1.7094599999999998,9.89763,1550002887430
7880,99,Gyroscope,-0.052198432,-0.011844671999999999,-0.0018753556,1550002887439
7881,99,Accelerometer,1.2964603000000001,1.5442601,9.606734,1550002887440
7882,99,Gyroscope,0.008888093,0.0040378235,0.012174546000000001,1550002887449
7883,99,Accelerometer,1.163582,1.5646108,9.381680000000001,1550002887449
7884,99,Gyroscope,0.01560761,0.029694162000000003,0.014618006999999999,1550002887459
7885,99,Accelerometer,1.1228806,1.5215151000000002,9.356541,1550002887460
7886,99,Gyroscope,0.027824916,0.023585513,0.007898489,1550002887469
7887,99,Accelerometer,1.246182,1.4173675,9.411607,1550002887470
7888,99,Gyroscope,0.014385881000000001,0.015033398,0.014007141,1550002887479
7889,99,Accelerometer,1.6579846999999999,1.5275006000000002,9.861717,1550002887480
7890,99,Gyroscope,0.014385881000000001,0.027250702999999998,0.014007141,1550002887489
7891,99,Accelerometer,1.8986019,1.4580688,9.685742999999999,1550002887490
7892,99,Gyroscope,0.019883668,0.03274849,0.0323331,1550002887499
7893,99,Accelerometer,1.6915035,1.2988545,9.106346,1550002887499
7894,99,Gyroscope,0.008888093,0.03885714,0.03722002,1550002887509
7895,99,Accelerometer,1.7298107,1.5622166000000002,9.555259,1550002887509
7896,99,Gyroscope,0.0009468458599999999,0.034581087999999996,0.049437325,1550002887520
7897,99,Accelerometer,1.9237411,1.1037270000000001,9.726444,1550002887520
7898,99,Gyroscope,0.02354886,0.051074445,0.056156844000000004,1550002887529
7899,99,Accelerometer,1.34195,0.94092125,9.327810000000001,1550002887530
7900,99,Gyroscope,-0.031429015,0.06207002,0.05371338,1550002887539
7901,99,Accelerometer,1.1360487,1.2880806,10.111911,1550002887540
7902,99,Gyroscope,-0.0039400775,0.04435493,0.04577213,1550002887549
7903,99,Accelerometer,1.1695676000000002,1.0019734,9.634267999999999,1550002887550
7904,99,Gyroscope,-0.016768249,0.053517907999999996,0.041496076,1550002887559
7905,99,Accelerometer,0.7553706,0.6955156,9.343372,1550002887559
7906,99,Gyroscope,-0.04425718,0.054128774000000004,0.017672332,1550002887569
7907,99,Accelerometer,0.6919243,0.8403648000000001,10.29387,1550002887569
7908,99,Gyroscope,-0.016768249,0.024196379,0.009120219,1550002887580
7909,99,Accelerometer,0.82001406,0.62009823,10.402806,1550002887580
7910,99,Gyroscope,-0.012492188999999999,0.0040378235,0.009120219,1550002887589
7911,99,Accelerometer,1.0594343000000002,0.7026982,9.791088,1550002887590
7912,99,Gyroscope,-0.024709495,0.0028160921999999997,-0.0067622773,1550002887599
7913,99,Accelerometer,1.3359646,1.3934253,9.956287,1550002887600
7914,99,Gyroscope,-0.039981127000000005,0.0077030174,-0.0067622773,1550002887609
7915,99,Accelerometer,1.4520833,1.2689268999999999,9.740809,1550002887610
7916,99,Gyroscope,-0.047311507,-0.015509863999999998,-0.0018753556,1550002887619
7917,99,Accelerometer,1.6543933000000002,1.2569559,9.811439,1550002887619
7918,99,Gyroscope,-0.011881325,-0.032003224,-0.02325564,1550002887629
7919,99,Accelerometer,1.6867151000000002,1.2617443000000002,9.706094,1550002887630
7920,99,Gyroscope,-0.030207282000000002,-0.041166205,-0.017146988000000002,1550002887640
7921,99,Accelerometer,1.7262194,1.3275848999999997,9.23683,1550002887640
7922,99,Gyroscope,-0.014935651999999999,-0.041166205,-0.0012644903,1550002887649
7923,99,Accelerometer,1.6089035,1.0989386,9.241617999999999,1550002887650
7924,99,Gyroscope,-0.041813724,-0.008790346,0.0042332970000000004,1550002887659
7925,99,Accelerometer,0.7098808000000001,1.4065934,10.492589,1550002887660
7926,99,Gyroscope,0.008888093,-0.016731594,0.0011789708,1550002887669
7927,99,Accelerometer,0.5638345,1.435324,11.089942,1550002887669
7928,99,Gyroscope,0.00033598019999999995,-0.049718317000000005,0.027446175,1550002887679
7929,99,Accelerometer,1.2330139,1.9847932000000001,11.847707000000002,1550002887679
7930,99,Gyroscope,0.018051071000000002,-0.120578684,0.05126992,1550002887689
7931,99,Accelerometer,1.7274165000000001,1.6819267,10.05445,1550002887690
7932,99,Gyroscope,0.14938710000000002,-0.12546559999999998,0.07570453,1550002887699
7933,99,Accelerometer,2.5546130000000002,1.6424223000000002,7.896077,1550002887700
7934,99,Gyroscope,0.020494534,-0.057659565999999995,0.111134715,1550002887709
7935,99,Accelerometer,1.6256628999999998,2.099715,7.754819400000001,1550002887710
7936,99,Gyroscope,0.0009468458599999999,-0.046663992,0.11785423,1550002887719
7937,99,Accelerometer,0.94092125,0.7793127,9.956287,1550002887719
7938,99,Gyroscope,0.10235048,-0.058881298,0.07814799,1550002887730
7939,99,Accelerometer,0.61650693,0.736217,10.278308,1550002887730
7940,99,Gyroscope,0.03882049,-0.03139236,0.07875886,1550002887739
7941,99,Accelerometer,0.82360536,0.32441434,9.045294,1550002887740
7942,99,Gyroscope,-0.030207282000000002,0.0034269579,0.051880784000000006,1550002887749
7943,99,Accelerometer,-0.11851298,0.78050977,10.095152,1550002887750
7944,99,Gyroscope,0.0040011713,0.00037263334000000003,0.04393954,1550002887759
7945,99,Accelerometer,0.43933599999999995,1.1540052,9.982624000000001,1550002887759
7946,99,Gyroscope,-0.035705067,0.0015943646,0.04882646,1550002887769
7947,99,Accelerometer,0.91578215,1.1121067,9.921572,1550002887770
7948,99,Gyroscope,-0.030818147999999997,-0.0039034244,0.021948388,1550002887779
7949,99,Accelerometer,0.62009823,1.283292,9.074024,1550002887780
7950,99,Gyroscope,0.014996746000000002,0.01747686,0.04210694,1550002887789
7951,99,Accelerometer,0.5303157,1.5035586,9.112331,1550002887790
7952,99,Gyroscope,-0.03203988,0.033359356,0.05249165,1550002887799
7953,99,Accelerometer,0.5267244000000001,0.8678981,9.812635,1550002887800
7954,99,Gyroscope,0.054092124000000005,0.032137625,0.050659052999999996,1550002887809
7955,99,Accelerometer,1.2521674999999999,0.92895025,9.654618,1550002887810
7956,99,Gyroscope,0.016218476000000003,0.033970222,0.06287636,1550002887819
7957,99,Accelerometer,0.90261406,0.8870517,9.4774475,1550002887819
7958,99,Gyroscope,-0.009437865,0.010146476,0.049437325,1550002887829
7959,99,Accelerometer,1.2844891999999999,0.90859956,9.856929,1550002887830
7960,99,Gyroscope,0.025992319,0.0015943646,0.03416569,1550002887839
7961,99,Accelerometer,1.5622166000000002,0.7182605,10.3932295,1550002887840
7962,99,Gyroscope,-0.016157383,0.0058704205,0.020726658000000002,1550002887849
7963,99,Accelerometer,1.4999673,0.60453594,9.764750999999999,1550002887850
7964,99,Gyroscope,-0.010659594,-0.010012077,0.0042332970000000004,1550002887859
7965,99,Accelerometer,1.0737995,1.2677298000000001,9.674969,1550002887860
7966,99,Gyroscope,-0.0137139205,-0.012455538,0.006065893,1550002887869
7967,99,Accelerometer,0.7086836999999999,1.0354922,10.328586999999999,1550002887869
7968,99,Gyroscope,-0.016157383,-0.01734246,0.0005681054,1550002887879
7969,99,Accelerometer,0.48602295,1.0773908,9.721656,1550002887879
7970,99,Gyroscope,-0.023487763,-0.014898999,-0.005540547,1550002887889
7971,99,Accelerometer,0.60932434,1.3251906999999998,9.581595,1550002887890
7972,99,Gyroscope,-0.013103055,-0.013677267,-0.0030970859999999998,1550002887899
7973,99,Accelerometer,0.5758055000000001,1.2401965,9.856929,1550002887900
7974,99,Gyroscope,-0.0137139205,-0.025283707000000002,-0.014703525,1550002887909
7975,99,Accelerometer,0.7410054,1.1851299,9.807847,1550002887910
7976,99,Gyroscope,-0.0045509413,-0.015509863999999998,-0.010427468,1550002887919
7977,99,Accelerometer,0.41778820000000005,1.0845733999999998,9.539697,1550002887919
7978,99,Gyroscope,-0.014324786,0.00037263334000000003,-0.008594873000000001,1550002887929
7979,99,Accelerometer,0.45848963,1.1348516000000002,9.7803135,1550002887929
7980,99,Gyroscope,-0.006994404,-0.010012077,-0.0037079514000000003,1550002887939
7981,99,Accelerometer,0.9888053,1.2808979,10.140641,1550002887940
7982,99,Gyroscope,0.006444632,-0.02100765,0.007287623399999999,1550002887949
7983,99,Accelerometer,0.91817635,1.0821792,9.779117,1550002887950
7984,99,Gyroscope,-0.011881325,-0.01734246,0.006065893,1550002887959
7985,99,Accelerometer,0.90261406,1.2797008,9.765948,1550002887960
7986,99,Gyroscope,-0.0057726726,-0.017953325,-0.0043188166,1550002887969
7987,99,Accelerometer,1.1779473,1.1432313,9.737217999999999,1550002887970
7988,99,Gyroscope,-0.0057726726,-0.028338033999999998,0.009120219,1550002887979
7989,99,Accelerometer,0.9504981,1.4257472,10.004171000000001,1550002887979
7990,99,Gyroscope,-0.0014966168,-0.024061977999999998,0.006065893,1550002887989
7991,99,Accelerometer,1.1300632,0.9756372,9.470264,1550002887989
7992,99,Gyroscope,-0.0039400775,-0.02100765,0.012174546000000001,1550002888000
7993,99,Accelerometer,0.82480246,1.4185646,9.768343,1550002888000
7994,99,Gyroscope,-0.0008857511,-0.014288133,0.007287623399999999,1550002888009
7995,99,Accelerometer,0.5374983,1.1360487,9.853337,1550002888010
7996,99,Gyroscope,0.004612036,-0.02100765,0.012174546000000001,1550002888019
7997,99,Accelerometer,0.6464345,0.9756372,9.920375,1550002888020
7998,99,Gyroscope,-0.0033292117999999997,-0.02222938,0.017672332,1550002888029
7999,99,Accelerometer,0.3878607,1.1803415000000002,9.803059,1550002888030
8000,99,Gyroscope,0.00033598019999999995,-0.00817948,0.030500501,1550002888039
8001,99,Accelerometer,0.7326256999999999,1.3180081,9.532514,1550002888039
8002,99,Gyroscope,0.00033598019999999995,-0.0057360195,0.041496076,1550002888049
8003,99,Accelerometer,0.5303157,1.3503298000000001,9.884461,1550002888050
8004,99,Gyroscope,0.0113315545,-0.0075686146,0.034776557,1550002888059
8005,99,Accelerometer,0.47405192,0.8439561,9.504980999999999,1550002888060
8006,99,Gyroscope,0.010720688999999999,-0.004514288,0.04088521,1550002888069
8007,99,Accelerometer,0.6895300999999999,1.3024458,9.451111000000001,1550002888070
8008,99,Gyroscope,-0.01004873,0.005259555,0.05126992,1550002888079
8009,99,Accelerometer,0.62488663,0.9923966000000001,8.9519205,1550002888080
8010,99,Gyroscope,0.011942419,0.041300602,0.04577213,1550002888089
8011,99,Accelerometer,0.11971009,1.8662802,11.634624,1550002888090
8012,99,Gyroscope,-0.036315932999999995,0.06878954,0.027446175,1550002888099
8013,99,Accelerometer,-0.9864110999999999,0.6799533,10.787075999999999,1550002888099
8014,99,Gyroscope,-0.052198432,0.046187527,0.04088521,1550002888109
8015,99,Accelerometer,-0.24540567,2.1787236,11.933898,1550002888110
8016,99,Gyroscope,0.0027794409999999997,-0.014898999,0.050659052999999996,1550002888119
8017,99,Accelerometer,0.78290397,0.9911995000000001,9.768343,1550002888119
8018,99,Gyroscope,-0.031429015,-0.015509863999999998,0.03416569,1550002888129
8019,99,Accelerometer,-0.142455,1.8076223000000002,8.341399000000001,1550002888130
8020,99,Gyroscope,-0.04242459,0.024196379,0.05249165,1550002888139
8021,99,Accelerometer,-0.36870706,1.3000516000000002,9.679757,1550002888139
8022,99,Gyroscope,0.0009468458599999999,0.005259555,0.07387193,1550002888149
8023,99,Accelerometer,0.110133275,0.79367787,10.242394,1550002888150
8024,99,Gyroscope,0.07180721,-0.02100765,0.07998059,1550002888159
8025,99,Accelerometer,0.80325466,0.93852705,10.311827000000001,1550002888159
8026,99,Gyroscope,0.039431356,-0.024061977999999998,0.10075001,1550002888170
8027,99,Accelerometer,1.3778629999999998,0.4369418,9.469068,1550002888170
8028,99,Gyroscope,0.02354886,-0.01734246,0.086700104,1550002888179
8029,99,Accelerometer,1.1480197,0.15203181,9.5732155,1550002888179
8030,99,Gyroscope,0.02721405,-0.024672844,0.036609154,1550002888189
8031,99,Accelerometer,1.7322049,-0.12928689,10.103531,1550002888190
8032,99,Gyroscope,0.025381455,-0.041166205,-0.011038333999999999,1550002888199
8033,99,Accelerometer,1.8375498,0.12210429,10.590752,1550002888199
8034,99,Gyroscope,0.051037795999999996,-0.046663992,-0.058685824000000004,1550002888209
8035,99,Accelerometer,1.8878279999999998,0.23702596,8.820239,1550002888210
8036,99,Gyroscope,-0.010659594,-0.011844671999999999,-0.07945524,1550002888219
8037,99,Accelerometer,0.5327099000000001,0.7194576,8.780735,1550002888220
8038,99,Gyroscope,-0.050365835,0.01747686,-0.08861822,1550002888229
8039,99,Accelerometer,-0.19033903,0.38067806,9.853337,1550002888230
8040,99,Gyroscope,0.010109824,0.024807245,-0.06540534,1550002888239
8041,99,Accelerometer,0.34356794,0.7218518,9.909601,1550002888239
8042,99,Gyroscope,-0.0027183462,0.039468005,-0.04463592,1550002888250
8043,99,Accelerometer,0.93254155,0.8475474000000001,9.582792,1550002888250
8044,99,Gyroscope,0.032711837,0.03824628,-0.028142562000000003,1550002888259
8045,99,Accelerometer,1.5502456,2.2301989,9.485827,1550002888259
8046,99,Gyroscope,0.0070554977,0.052907042,-0.027531696,1550002888270
8047,99,Accelerometer,1.4820108,1.163582,9.157822,1550002888270
8048,99,Gyroscope,-0.0027183462,0.05962656400000001,-0.01287093,1550002888279
8049,99,Accelerometer,0.5734113000000001,0.41180268,9.524135000000001,1550002888279
8050,99,Gyroscope,0.031490106000000004,0.057793967,-0.05013371,1550002888289
8051,99,Accelerometer,1.0474633,0.8631097,10.053253,1550002888290
8052,99,Gyroscope,-0.0014966168,0.056572236,-0.08434217,1550002888299
8053,99,Accelerometer,1.8351556,0.8595184000000001,9.536105000000001,1550002888299
8054,99,Gyroscope,-0.006994404,0.052907042,-0.05807496,1550002888310
8055,99,Accelerometer,1.602918,1.3156139,9.994595,1550002888310
8056,99,Gyroscope,0.00033598019999999995,0.041911468,-0.04769025,1550002888319
8057,99,Accelerometer,1.9393034,0.62847793,10.164583,1550002888319
8058,99,Gyroscope,0.014385881000000001,0.02114205,-0.03730554,1550002888330
8059,99,Accelerometer,2.4253263,0.8439561,10.091560000000001,1550002888330
8060,99,Gyroscope,0.006444632,0.011368208000000001,-0.03302948,1550002888339
8061,99,Accelerometer,2.8263552000000005,0.5674258000000001,10.19092,1550002888339
8062,99,Gyroscope,0.010109824,-0.0039034244,-0.02692083,1550002888350
8063,99,Accelerometer,2.541445,0.6596026,9.855731,1550002888350
8064,99,Gyroscope,-0.0027183462,-0.025283707000000002,-0.07395746,1550002888359
8065,99,Accelerometer,2.6898855999999998,1.0965444,9.655814999999999,1550002888359
8066,99,Gyroscope,-0.0137139205,-0.03139236,-0.10877677,1550002888370
8067,99,Accelerometer,2.7210102000000003,0.62368953,9.702502,1550002888370
8068,99,Gyroscope,-0.0039400775,-0.03750101,-0.12832445,1550002888379
8069,99,Accelerometer,2.100912,0.79966336,9.563639,1550002888379
8070,99,Gyroscope,-0.022876898,-0.01978592,-0.1521482,1550002888390
8071,99,Accelerometer,1.8399439999999998,1.5394716999999998,9.204509,1550002888390
8072,99,Gyroscope,-0.040591992,-0.016120728,-0.14115262,1550002888399
8073,99,Accelerometer,1.3634979,1.8267759,9.763555,1550002888399
8074,99,Gyroscope,-0.02165517,-0.03139236,-0.11305283,1550002888409
8075,99,Accelerometer,1.1575965,1.6424223000000002,10.394426,1550002888410
8076,99,Gyroscope,0.0009468458599999999,-0.016731594,-0.08983995,1550002888419
8077,99,Accelerometer,1.2174516000000002,1.6172832000000001,9.074024,1550002888420
8078,99,Gyroscope,-0.01737911,0.023585513,-0.062351014,1550002888429
8079,99,Accelerometer,0.7338228,2.0937295,8.862138,1550002888430
8080,99,Gyroscope,-0.009437865,0.033359356,-0.029975157000000002,1550002888439
8081,99,Accelerometer,0.59735334,1.8674773,9.606734,1550002888440
8082,99,Gyroscope,-0.009437865,0.043744065,-0.015925256999999998,1550002888449
8083,99,Accelerometer,0.78290397,1.6460136000000003,9.153033,1550002888449
8084,99,Gyroscope,0.00033598019999999995,0.061459154,-0.0018753556,1550002888459
8085,99,Accelerometer,0.58418524,1.3144168,9.13388,1550002888460
8086,99,Gyroscope,0.021105397,0.07673079,-0.005540547,1550002888469
8087,99,Accelerometer,1.1695676000000002,1.9129671999999998,10.029311,1550002888470
8088,99,Gyroscope,-0.0008857511,0.09566761,-0.0140926605,1550002888479
8089,99,Accelerometer,1.5298948,1.3850456,10.114305499999999,1550002888480
8090,99,Gyroscope,-0.04975497,0.08222858,-0.0061514126,1550002888489
8091,99,Accelerometer,1.9632453999999997,1.2354081000000001,10.576386,1550002888490
8092,99,Gyroscope,-0.030207282000000002,0.046798393,0.0054550273,1550002888500
8093,99,Accelerometer,2.5079262000000004,0.7326256999999999,10.505757000000001,1550002888500
8094,99,Gyroscope,0.013775015,0.024807245,0.006065893,1550002888509
8095,99,Accelerometer,2.2720973,0.9672575000000001,9.606734,1550002888510
8096,99,Gyroscope,0.0113315545,0.026028972,0.026835311,1550002888519
8097,99,Accelerometer,2.005144,1.567005,9.719261999999999,1550002888519
8098,99,Gyroscope,-0.016157383,0.02114205,0.048215594,1550002888530
8099,99,Accelerometer,2.0015526,0.9576806999999999,9.738416,1550002888530
8100,99,Gyroscope,-0.0039400775,-0.0020708293,0.07142847,1550002888539
8101,99,Accelerometer,1.9524715,0.9840169,9.762358,1550002888540
8102,99,Gyroscope,0.046761736,-0.010622941,0.06531982,1550002888549
8103,99,Accelerometer,1.3000516000000002,0.8343792999999999,9.326611999999999,1550002888549
8104,99,Gyroscope,0.047372602,0.016865995,0.05737857,1550002888559
8105,99,Accelerometer,0.31244332,0.7302314999999999,9.24521,1550002888560
8106,99,Gyroscope,0.052259527,0.03885714,0.04577213,1550002888569
8107,99,Accelerometer,-0.17956513,0.07062895,8.901641999999999,1550002888570
8108,99,Gyroscope,0.060200773,0.04740926,0.026224446000000002,1550002888579
8109,99,Accelerometer,-0.06344634,0.48841715,8.39886,1550002888579
8110,99,Gyroscope,0.0027794409999999997,0.11093924,0.0048441626,1550002888589
8111,99,Accelerometer,-0.8702923,0.7182605,9.97185,1550002888590
8112,99,Gyroscope,-0.014935651999999999,0.14636943,-0.038527273,1550002888599
8113,99,Accelerometer,-0.82360536,0.50158525,11.173739,1550002888600
8114,99,Gyroscope,-0.019211708,0.10238712,-0.048301116,1550002888609
8115,99,Accelerometer,-0.4357447,0.5506664000000001,10.104728999999999,1550002888610
8116,99,Gyroscope,-0.016157383,0.09750021,-0.0837313,1550002888619
8117,99,Accelerometer,-0.39983168,1.2797008,10.30225,1550002888620
8118,99,Gyroscope,-0.013103055,0.090169825,-0.07579005,1550002888629
8119,99,Accelerometer,1.2497733,1.4544774999999999,10.135853,1550002888630
8120,99,Gyroscope,0.0070554977,0.07001127,-0.047079384,1550002888639
8121,99,Accelerometer,2.005144,0.7733272,9.340978,1550002888640
8122,99,Gyroscope,-0.028374685,0.06940041,-0.08678562,1550002888649
8123,99,Accelerometer,1.4604629999999998,0.8714894,9.800664999999999,1550002888649
8124,99,Gyroscope,-0.012492188999999999,0.03824628,-0.07334659,1550002888660
8125,99,Accelerometer,2.6515784,1.1827357,10.164583,1550002888660
8126,99,Gyroscope,-0.005161807,0.011368208000000001,-0.066016205,1550002888669
8127,99,Accelerometer,2.7437549999999997,0.9720459000000001,10.248381,1550002888670
8128,99,Gyroscope,-0.024709495,-0.01856419,-0.10327899,1550002888679
8129,99,Accelerometer,2.0709844,0.760159,10.119094,1550002888679
8130,99,Gyroscope,0.0009468458599999999,-0.042387932999999996,-0.089229085,1550002888690
8131,99,Accelerometer,2.088941,0.7541734999999999,10.040085000000001,1550002888690
8132,99,Gyroscope,-0.041202857999999995,-0.027116302000000002,-0.09655947,1550002888699
8133,99,Accelerometer,1.4760253,1.353921,10.371682,1550002888700
8134,99,Gyroscope,0.0040011713,-0.03139236,-0.0678488,1550002888709
8135,99,Accelerometer,0.9672575000000001,1.1887212,9.779117,1550002888709
8136,99,Gyroscope,-0.015546517,-0.024672844,-0.06479447,1550002888719
8137,99,Accelerometer,-0.5243302,1.8722657,9.26197,1550002888720
8138,99,Gyroscope,-0.03387247,-0.004514288,-0.08983995,1550002888729
8139,99,Accelerometer,0.5518635000000001,1.7860744999999998,9.336189,1550002888730
8140,99,Gyroscope,-0.0014966168,-0.0026816929999999998,-0.08983995,1550002888739
8141,99,Accelerometer,0.80924016,2.1296425,9.791088,1550002888740
8142,99,Gyroscope,-0.0039400775,0.00037263334000000003,-0.045857653,1550002888749
8143,99,Accelerometer,-0.27892449999999996,1.9500773,9.677363,1550002888750
8144,99,Gyroscope,-0.028374685,0.026639838,-0.06296188,1550002888759
8145,99,Accelerometer,0.49919105,1.0977415000000001,9.569624000000001,1550002888760
8146,99,Gyroscope,0.0027794409999999997,0.008313879,-0.0837313,1550002888769
8147,99,Accelerometer,1.316811,1.745373,9.825804,1550002888770
8148,99,Gyroscope,0.008277228000000001,0.015033398,-0.06907053,1550002888779
8149,99,Accelerometer,1.1192893,1.0151415000000001,9.470264,1550002888780
8150,99,Gyroscope,-0.0033292117999999997,0.0009834989999999999,-0.07212486,1550002888789
8151,99,Accelerometer,1.0857705,1.5131354,9.896433,1550002888790
8152,99,Gyroscope,-0.0008857511,-0.0026816929999999998,-0.07212486,1550002888799
8153,99,Accelerometer,1.4053963,1.0307038,10.295067,1550002888800
8154,99,Gyroscope,0.008277228000000001,0.011368208000000001,-0.06662707,1550002888809
8155,99,Accelerometer,1.0115502,0.7757214,9.555259,1550002888810
8156,99,Gyroscope,-0.010659594,0.006481286,-0.05440977,1550002888820
8157,99,Accelerometer,0.7015011,1.2617443000000002,10.067618,1550002888820
8158,99,Gyroscope,0.0015577096,-0.00817948,-0.056853227,1550002888829
8159,99,Accelerometer,0.9900024,0.9852139999999999,10.455478999999999,1550002888830
8160,99,Gyroscope,-0.0008857511,-0.011844671999999999,-0.05929669,1550002888839
8161,99,Accelerometer,0.5303157,1.13964,9.902417999999999,1550002888839
8162,99,Gyroscope,-0.0076052677,-0.01734246,-0.053798902999999995,1550002888850
8163,99,Accelerometer,0.33877954,1.0127473,10.151415,1550002888850
8164,99,Gyroscope,-0.01004873,-0.024061977999999998,-0.055020634000000006,1550002888859
8165,99,Accelerometer,0.44651863,0.8798690999999998,10.129868,1550002888860
8166,99,Gyroscope,-0.0014966168,-0.02222938,-0.05257717,1550002888869
8167,99,Accelerometer,0.37229836,0.6991069000000001,9.713275999999999,1550002888869
8168,99,Gyroscope,0.0027794409999999997,-0.014288133,-0.061129287000000004,1550002888880
8169,99,Accelerometer,0.31603462,0.78050977,9.575610000000001,1550002888880
8170,99,Gyroscope,0.0076663624,-0.011233807,-0.06296188,1550002888889
8171,99,Accelerometer,0.5506664000000001,0.48243165,9.358934,1550002888890
8172,99,Gyroscope,0.0052229017,-0.0026816929999999998,-0.07090313,1550002888899
8173,99,Accelerometer,0.5542577,0.5482722,9.288305000000001,1550002888900
8174,99,Gyroscope,-0.01127046,0.0022052303,-0.08495303,1550002888909
8175,99,Accelerometer,0.46686932,1.009156,9.448717,1550002888910
8176,99,Gyroscope,-0.013103055,0.019309454,-0.089229085,1550002888919
8177,99,Accelerometer,0.44891283,1.0606314,10.298658,1550002888920
8178,99,Gyroscope,-0.00027488545,0.024196379,-0.081898704,1550002888929
8179,99,Accelerometer,0.47405192,1.0019734,10.159794999999999,1550002888929
8180,99,Gyroscope,-0.020433438999999998,0.033970222,-0.06845967,1550002888939
8181,99,Accelerometer,0.48362875,1.3826513999999999,10.119094,1550002888940
8182,99,Gyroscope,-0.009437865,0.0040378235,-0.06296188,1550002888949
8183,99,Accelerometer,0.81402856,1.6053122,9.654618,1550002888950
8184,99,Gyroscope,-0.0021074805,0.0028160921999999997,-0.045246787000000004,1550002888959
8185,99,Accelerometer,0.9780314,1.7262194,9.49301,1550002888959
8186,99,Gyroscope,-0.016768249,0.01747686,-0.03486208,1550002888969
8187,99,Accelerometer,0.7433996,1.352724,9.935937,1550002888970
8188,99,Gyroscope,0.0040011713,0.0077030174,-0.03730554,1550002888979
8189,99,Accelerometer,0.41180268,1.3323733,10.047267,1550002888980
8190,99,Gyroscope,-0.0027183462,-0.0026816929999999998,-0.015314391,1550002888989
8191,99,Accelerometer,0.62608373,1.2557588,10.00896,1550002888989
8192,99,Gyroscope,0.0052229017,-0.023451112000000003,-0.015925256999999998,1550002888999
8193,99,Accelerometer,0.3866636,1.055843,9.466674000000001,1550002889000
8194,99,Gyroscope,0.025992319,-0.00817948,-0.016536122,1550002889009
8195,99,Accelerometer,0.48243165,1.4161704,10.444705,1550002889010
8196,99,Gyroscope,-0.038759395,0.029694162000000003,-0.031807754,1550002889019
8197,99,Accelerometer,-0.62368953,0.82719666,10.028113000000001,1550002889019
8198,99,Gyroscope,-0.02898555,0.016865995,-0.03302948,1550002889030
8199,99,Accelerometer,-0.93493575,1.9572599,11.623849,1550002889030
8200,99,Gyroscope,-0.012492188999999999,-0.039944474,-0.039749,1550002889039
8201,99,Accelerometer,0.16759412,0.736217,11.105505,1550002889040
8202,99,Gyroscope,0.034544434,-0.10775051,-0.005540547,1550002889049
8203,99,Accelerometer,1.7202339,1.1228806,8.526949,1550002889049
8204,99,Gyroscope,0.025381455,-0.047274857999999996,0.014007141,1550002889060
8205,99,Accelerometer,0.5734113000000001,1.5275006000000002,8.045714,1550002889060
8206,99,Gyroscope,-0.05708535,0.0077030174,-0.007373143,1550002889069
8207,99,Accelerometer,-0.33877954,0.61171854,9.546878999999999,1550002889070
8208,99,Gyroscope,0.03393357,-0.025894572999999997,-0.0037079514000000003,1550002889079
8209,99,Accelerometer,0.6823475,0.6631939,10.759542,1550002889079
8210,99,Gyroscope,0.05470299,-0.055216104,0.0011789708,1550002889090
8211,99,Accelerometer,1.472434,0.80684596,9.126697,1550002889090
8212,99,Gyroscope,-0.0137139205,-0.030170628999999997,0.0024007012,1550002889099
8213,99,Accelerometer,1.2150573999999998,1.4197617,9.109938,1550002889100
8214,99,Gyroscope,0.0070554977,-0.01734246,0.014007141,1550002889109
8215,99,Accelerometer,1.6771383000000002,1.3742718,9.850943,1550002889110
8216,99,Gyroscope,0.010720688999999999,-0.029559765,0.017672332,1550002889119
8217,99,Accelerometer,2.4947581000000003,2.0829554,10.609905,1550002889120
8218,99,Gyroscope,-0.014324786,-0.053994372,0.0127854105,1550002889129
8219,99,Accelerometer,1.6172832000000001,1.340753,10.394426,1550002889130
8220,99,Gyroscope,0.008888093,-0.079650715,0.023780985,1550002889139
8221,99,Accelerometer,1.4544774999999999,1.0307038,10.362105,1550002889140
8222,99,Gyroscope,0.03393357,-0.081483305,0.042717807000000003,1550002889149
8223,99,Accelerometer,1.1025299,0.91458505,10.001778,1550002889149
8224,99,Gyroscope,0.01560761,-0.07781812,0.0109528145,1550002889160
8225,99,Accelerometer,0.37588966,1.0857705,9.448717,1550002889160
8226,99,Gyroscope,0.040653087000000004,-0.058270432000000004,-0.009816604,1550002889169
8227,99,Accelerometer,0.39145198,1.0031705,9.2308445,1550002889170
8228,99,Gyroscope,-0.0137139205,-0.01978592,-0.007984008,1550002889179
8229,99,Accelerometer,1.1001357,1.1133038,9.1350765,1550002889179
8230,99,Gyroscope,-0.016157383,-0.0057360195,0.01156368,1550002889189
8231,99,Accelerometer,0.79128367,0.62009823,9.398438,1550002889190
8232,99,Gyroscope,0.021716263,0.004648689,0.020726658000000002,1550002889199
8233,99,Accelerometer,0.46806642,0.6596026,9.593566000000001,1550002889200
8234,99,Gyroscope,-0.008826999,0.030915894,0.014007141,1550002889209
8235,99,Accelerometer,0.90381116,0.7350199000000001,9.8437605,1550002889209
8236,99,Gyroscope,-0.02532036,0.03152676,0.02561358,1550002889219
8237,99,Accelerometer,1.270124,0.92416185,10.079589,1550002889220
8238,99,Gyroscope,-0.016768249,0.012589939,0.04393954,1550002889229
8239,99,Accelerometer,1.4377182,0.9684546,10.539276,1550002889230
8240,99,Gyroscope,-0.0008857511,-0.012455538,0.021948388,1550002889239
8241,99,Accelerometer,2.1990743,0.80086046,10.156203,1550002889240
8242,99,Gyroscope,0.012553285,-0.012455538,0.007898489,1550002889249
8243,99,Accelerometer,2.0494366000000004,1.1408371000000002,9.355343,1550002889250
8244,99,Gyroscope,-0.009437865,-0.0032925587,-0.007984008,1550002889259
8245,99,Accelerometer,1.9021933000000002,1.067814,9.288305000000001,1550002889260
8246,99,Gyroscope,-0.0063835381999999994,-0.014898999,-0.015314391,1550002889269
8247,99,Accelerometer,1.7908629,1.3431472,10.128671,1550002889270
8248,99,Gyroscope,-0.0008857511,-0.013066402,-0.02447737,1550002889279
8249,99,Accelerometer,1.9967641999999999,1.1659763,9.631872999999999,1550002889279
8250,99,Gyroscope,-0.035705067,0.004648689,-0.010427468,1550002889290
8251,99,Accelerometer,1.0378863999999999,1.1540052,9.495403999999999,1550002889290
8252,99,Gyroscope,-0.011881325,0.019309454,-0.015314391,1550002889299
8253,99,Accelerometer,1.2401965,0.51475334,9.560047,1550002889300
8254,99,Gyroscope,-0.011881325,0.01992032,-0.02692083,1550002889309
8255,99,Accelerometer,1.1540052,0.81881696,9.324219,1550002889309
8256,99,Gyroscope,-0.0509767,0.03702455,-0.02325564,1550002889320
8257,99,Accelerometer,1.0283096,0.8379706,9.575610000000001,1550002889320
8258,99,Gyroscope,-0.046089776,0.054128774000000004,-0.034251212999999996,1550002889329
8259,99,Accelerometer,0.7517793,0.5243302,9.5971575,1550002889330
8260,99,Gyroscope,-0.04242459,0.042522334,-0.045246787000000004,1550002889339
8261,99,Accelerometer,0.6596026,0.9624690999999999,9.779117,1550002889339
8262,99,Gyroscope,-0.04547891,0.04435493,-0.06296188,1550002889350
8263,99,Accelerometer,0.6332663000000001,0.82001406,9.150639,1550002889350
8264,99,Gyroscope,-0.04242459,0.05473964,-0.06479447,1550002889359
8265,99,Accelerometer,0.2621651,1.1061212,9.65821,1550002889360
8266,99,Gyroscope,-0.04242459,0.06451348,-0.06479447,1550002889369
8267,99,Accelerometer,0.5422866999999999,1.2162545,9.80665,1550002889370
8268,99,Gyroscope,-0.043646313,0.05901569999999999,-0.051966306,1550002889379
8269,99,Accelerometer,0.5530606,1.0031705,10.134656,1550002889379
8270,99,Gyroscope,-0.041202857999999995,0.048020124000000004,-0.04280333,1550002889389
8271,99,Accelerometer,1.6795325,1.5729905,10.131064,1550002889390
8272,99,Gyroscope,-0.014935651999999999,0.026639838,-0.04097073,1550002889399
8273,99,Accelerometer,1.9285294999999998,1.4879963,9.683349,1550002889400
8274,99,Gyroscope,-0.07541131,0.030305027999999998,-0.018979583,1550002889409
8275,99,Accelerometer,2.5187001,1.3108255,10.568006500000001,1550002889409
8276,99,Gyroscope,-0.03203988,-0.012455538,-0.017757852,1550002889420
8277,99,Accelerometer,2.5390507999999996,0.94570965,10.171766,1550002889420
8278,99,Gyroscope,-0.014324786,-0.04055534,-0.025699101000000002,1550002889429
8279,99,Accelerometer,2.3798366,0.6859388000000001,9.2308445,1550002889430
8280,99,Gyroscope,-0.039981127000000005,-0.046663992,-0.022644775,1550002889439
8281,99,Accelerometer,2.3702598,0.89902276,9.512163000000001,1550002889439
8282,99,Gyroscope,0.020494534,-0.068044275,-0.013481795,1550002889450
8283,99,Accelerometer,2.0207062,0.51475334,8.905233,1550002889450
8284,99,Gyroscope,0.038209625,-0.041777067,-0.01287093,1550002889459
8285,99,Accelerometer,2.1068976000000004,1.8207904,9.946711,1550002889460
8286,99,Gyroscope,0.036377028,-0.0039034244,-0.004929682,1550002889469
8287,99,Accelerometer,0.48722005,0.9516952,9.7324295,1550002889469
8288,99,Gyroscope,0.0033903066,0.005259555,0.0005681054,1550002889480
8289,99,Accelerometer,-0.581791,1.0642227,11.215638,1550002889480
8290,99,Gyroscope,0.036987893,-0.047885723,0.028667906,1550002889489
8291,99,Accelerometer,0.79726917,0.32321724,9.120711,1550002889490
8292,99,Gyroscope,0.04554001,-0.013066402,0.023780985,1550002889499
8293,99,Accelerometer,0.3890578,2.529474,8.670602,1550002889499
8294,99,Gyroscope,-0.0063835381999999994,0.06878954,0.009120219,1550002889509
8295,99,Accelerometer,-0.47285482,1.1192893,8.993818,1550002889510
8296,99,Gyroscope,-0.036315932999999995,0.09505675,-0.009816604,1550002889519
8297,99,Accelerometer,-0.81043726,0.8750806999999999,10.224439,1550002889520
8298,99,Gyroscope,-0.0021074805,0.06207002,-4.2759813000000006e-05,1550002889529
8299,99,Accelerometer,0.34117374,0.6907272,10.0341,1550002889530
8300,99,Gyroscope,-0.019211708,0.046798393,-0.02692083,1550002889539
8301,99,Accelerometer,0.92416185,0.8774749,10.277111,1550002889540
8302,99,Gyroscope,0.014996746000000002,0.05473964,-0.014703525,1550002889549
8303,99,Accelerometer,1.0570401000000003,1.0402806,9.951499,1550002889549
8304,99,Gyroscope,-0.02165517,0.07245473,0.0030115664,1550002889559
8305,99,Accelerometer,0.8631097,1.0474633,9.763555,1550002889560
8306,99,Gyroscope,-0.017989976,0.054128774000000004,0.0054550273,1550002889569
8307,99,Accelerometer,0.9804255999999999,0.9888053,10.590752,1550002889570
8308,99,Gyroscope,0.038209625,0.008924745,0.017672332,1550002889579
8309,99,Accelerometer,2.3187842,0.5446809,9.369708000000001,1550002889579
8310,99,Gyroscope,0.010720688999999999,0.005259555,0.02561358,1550002889589
8311,99,Accelerometer,2.2601264,1.5753847,8.809465,1550002889590
8312,99,Gyroscope,-0.035705067,0.0022052303,0.03722002,1550002889599
8313,99,Accelerometer,1.7884687,1.1121067,10.044872999999999,1550002889600
8314,99,Gyroscope,0.04187482,-0.016731594,0.017061466,1550002889609
8315,99,Accelerometer,1.1384428999999998,0.5291186,10.240001,1550002889610
8316,99,Gyroscope,0.029657512999999996,-0.01856419,0.021337522,1550002889619
8317,99,Accelerometer,1.6256628999999998,0.8846575000000001,9.16261,1550002889620
8318,99,Gyroscope,-0.017989976,-0.0057360195,0.027446175,1550002889629
8319,99,Accelerometer,0.7757214,0.9600749,9.510966,1550002889629
8320,99,Gyroscope,-0.018600842,0.008924745,0.0005681054,1550002889639
8321,99,Accelerometer,0.23463176,1.2533646,9.913192,1550002889640
8322,99,Gyroscope,-0.044868045,0.010757342,-0.017146988000000002,1550002889649
8323,99,Accelerometer,0.18555063,0.89303726,9.702502,1550002889650
8324,99,Gyroscope,-0.02898555,0.011979073,-0.026309965,1550002889659
8325,99,Accelerometer,0.33518824,0.78410107,9.892841,1550002889659
8326,99,Gyroscope,-0.011881325,0.009535611,-0.008594873000000001,1550002889670
8327,99,Accelerometer,-0.005985504,1.1061212,9.816227,1550002889670
8328,99,Gyroscope,-0.027152957000000002,0.016865995,-0.011649198999999999,1550002889679
8329,99,Accelerometer,0.50757074,1.0450690999999999,9.488221000000001,1550002889680
8330,99,Gyroscope,-0.0137139205,0.015644263000000002,-0.011649198999999999,1550002889689
8331,99,Accelerometer,0.89782566,1.4640543,9.5971575,1550002889689
8332,99,Gyroscope,-0.019822573,0.007092151999999999,-0.008594873000000001,1550002889699
8333,99,Accelerometer,0.8834603999999999,1.483208,9.864111,1550002889700
8334,99,Gyroscope,-0.030818147999999997,0.005259555,-0.016536122,1550002889709
8335,99,Accelerometer,1.2497733,1.0342950999999998,9.868899,1550002889710
8336,99,Gyroscope,-0.0045509413,-0.019175055,-0.008594873000000001,1550002889719
8337,99,Accelerometer,1.0163386,1.0965444,10.362105,1550002889720
8338,99,Gyroscope,-0.0063835381999999994,-0.005125154,-0.030586022999999997,1550002889729
8339,99,Accelerometer,1.6903063999999999,1.0402806,9.66659,1550002889729
8340,99,Gyroscope,0.006444632,-0.009401211500000001,-0.019590449,1550002889740
8341,99,Accelerometer,0.5614403,1.1695676000000002,9.3182335,1550002889740
8342,99,Gyroscope,-0.0033292117999999997,-0.010012077,-0.022644775,1550002889749
8343,99,Accelerometer,0.6751649000000001,0.7517793,10.359711,1550002889750
8344,99,Gyroscope,-0.0008857511,-0.041166205,-0.037916407,1550002889759
8345,99,Accelerometer,1.30484,1.3826513999999999,10.516531,1550002889760
8346,99,Gyroscope,0.029657512999999996,-0.038111877,-0.021423044,1550002889769
8347,99,Accelerometer,1.0666169,0.7565677,9.062054,1550002889769
8348,99,Gyroscope,-0.03387247,-0.00817948,-0.007373143,1550002889780
8349,99,Accelerometer,0.11252748,0.9864110999999999,9.617508,1550002889780
8350,99,Gyroscope,-0.029596416,-0.00084909797,-0.03608381,1550002889789
8351,99,Accelerometer,0.60094464,0.58418524,9.96347,1550002889790
8352,99,Gyroscope,0.029657512999999996,-0.0032925587,-0.04097073,1550002889799
8353,99,Accelerometer,0.46926352,0.7769185000000001,9.346964,1550002889800
8354,99,Gyroscope,-0.021044305,0.01747686,-0.04097073,1550002889809
8355,99,Accelerometer,-0.092176765,0.9828198,9.193734,1550002889809
8356,99,Gyroscope,-0.009437865,0.030305027999999998,-0.051966306,1550002889820
8357,99,Accelerometer,0.42377370000000003,0.7661445,9.648633,1550002889820
8358,99,Gyroscope,-0.022876898,0.03885714,-0.03608381,1550002889829
8359,99,Accelerometer,0.24301147,1.0378863999999999,9.946711,1550002889830
8360,99,Gyroscope,-0.027152957000000002,0.035191953,-0.04097073,1550002889839
8361,99,Accelerometer,0.7745243,0.521936,8.3150625,1550002889840
8362,99,Gyroscope,0.035155296,0.03152676,-0.032418616000000004,1550002889849
8363,99,Accelerometer,0.8846575000000001,2.5019407000000005,10.477027,1550002889849
8364,99,Gyroscope,-0.039981127000000005,0.05962656400000001,-0.03486208,1550002889860
8365,99,Accelerometer,0.38426940000000004,0.92057055,10.988189,1550002889860
8366,99,Gyroscope,-0.09312639999999998,0.05901569999999999,-0.032418616000000004,1550002889869
8367,99,Accelerometer,-0.035913024,1.2258313,12.023681,1550002889870
8368,99,Gyroscope,0.043096546,-0.027116302000000002,-0.028142562000000003,1550002889879
8369,99,Accelerometer,1.7741034,0.90381116,9.991004,1550002889880
8370,99,Gyroscope,0.01560761,-0.006957751,-0.0061514126,1550002889889
8371,99,Accelerometer,1.4736311000000002,2.1092918,8.537724,1550002889889
8372,99,Gyroscope,-0.06930265599999999,0.03580282,-4.2759813000000006e-05,1550002889900
8373,99,Accelerometer,0.18315643,0.9911995000000001,9.601946,1550002889900
8374,99,Gyroscope,0.017440207,0.009535611,-0.008594873000000001,1550002889909
8375,99,Accelerometer,0.37588966,1.2186487,11.051635000000001,1550002889910
8376,99,Gyroscope,0.020494534,-0.028948900000000003,0.01156368,1550002889919
8377,99,Accelerometer,1.4784195,1.043872,9.813833,1550002889920
8378,99,Gyroscope,0.0015577096,-0.027727167999999996,-0.009205738,1550002889929
8379,99,Accelerometer,1.0330979999999998,1.3682863,9.555259,1550002889929
8380,99,Gyroscope,0.039431356,-0.021618515,0.0017898360000000002,1550002889940
8381,99,Accelerometer,0.45968673,1.2162545,9.61272,1550002889940
8382,99,Gyroscope,-0.0014966168,-0.028948900000000003,0.014618006999999999,1550002889949
8383,99,Accelerometer,0.47165772,0.80684596,9.515755,1550002889950
8384,99,Gyroscope,-0.005161807,-0.035057552,0.008509354,1550002889959
8385,99,Accelerometer,0.3890578,0.676362,10.16578,1550002889960
8386,99,Gyroscope,0.052870392999999995,-0.03750101,0.008509354,1550002889969
8387,99,Accelerometer,0.49320555,1.0929531000000001,9.61272,1550002889969
8388,99,Gyroscope,-0.01737911,-0.014898999,0.02317012,1550002889980
8389,99,Accelerometer,0.4381389,1.30484,8.625112,1550002889980
8390,99,Gyroscope,-0.028374685,-0.009401211500000001,0.0323331,1550002889989
8391,99,Accelerometer,0.36391866,1.3491327,9.679757,1550002889990
8392,99,Gyroscope,0.033322702999999995,0.0058704205,0.015839735,1550002889999
8393,99,Accelerometer,0.51355624,1.2258313,9.453505499999999,1550002890000
8394,99,Gyroscope,-0.02532036,0.016865995,0.026224446000000002,1550002890009
8395,99,Accelerometer,0.4285621,1.1971009,9.722853,1550002890009
8396,99,Gyroscope,-0.034483336,0.013811666499999998,0.0017898360000000002,1550002890020
8397,99,Accelerometer,0.38067806,1.0594343000000002,10.477027,1550002890020
8398,99,Gyroscope,-0.014935651999999999,-0.0032925587,0.0017898360000000002,1550002890029
8399,99,Accelerometer,0.676362,0.6823475,9.694122,1550002890030
8400,99,Gyroscope,-0.0369268,-0.009401211500000001,-0.007373143,1550002890039
8401,99,Accelerometer,0.7170634,1.0821792,9.623494,1550002890040
8402,99,Gyroscope,-0.0021074805,-0.011844671999999999,-0.016536122,1550002890049
8403,99,Accelerometer,0.8690952,0.7733272,9.768343,1550002890050
8404,99,Gyroscope,0.00033598019999999995,-0.01978592,-0.012260064499999999,1550002890059
8405,99,Accelerometer,0.8798690999999998,1.2126632,9.888053,1550002890060
8406,99,Gyroscope,-0.005161807,-0.025894572999999997,0.0066767577,1550002890069
8407,99,Accelerometer,1.0582372,0.7589619000000001,9.727641,1550002890070
8408,99,Gyroscope,0.018661937,-0.044831395,0.01034195,1550002890079
8409,99,Accelerometer,0.5530606,1.2042834999999998,9.989806,1550002890080
8410,99,Gyroscope,0.030268377000000003,-0.049718317000000005,0.02927877,1550002890089
8411,99,Accelerometer,0.59256494,1.2162545,9.633071000000001,1550002890089
8412,99,Gyroscope,-0.0033292117999999997,-0.047274857999999996,0.020726658000000002,1550002890099
8413,99,Accelerometer,0.94211835,1.1528081000000001,9.873688000000001,1550002890100
8414,99,Gyroscope,0.018661937,-0.041166205,0.025002714,1550002890110
8415,99,Accelerometer,0.39264908,1.2150573999999998,9.621099000000001,1550002890110
8416,99,Gyroscope,0.0027794409999999997,-0.035057552,0.006065893,1550002890119
8417,99,Accelerometer,0.2765303,0.89662856,9.640253,1550002890120
8418,99,Gyroscope,0.011942419,-0.01856419,-0.009816604,1550002890129
8419,99,Accelerometer,0.019153614,1.0642227,9.349358,1550002890130
8420,99,Gyroscope,-0.017989976,0.0077030174,-0.009205738,1550002890139
8421,99,Accelerometer,-0.50876784,0.9947908000000001,9.941922,1550002890140
8422,99,Gyroscope,0.00033598019999999995,0.028472435,-0.011038333999999999,1550002890149
8423,99,Accelerometer,-0.023942016,0.9900024,9.985018,1550002890150
8424,99,Gyroscope,0.0015577096,0.03274849,-0.0018753556,1550002890159
8425,99,Accelerometer,-0.5518635000000001,0.7613561,9.221267999999998,1550002890160
8426,99,Gyroscope,-0.03509419999999999,0.013811666499999998,-0.004929682,1550002890169
8427,99,Accelerometer,-0.17717093,1.3072342,10.059238,1550002890169
8428,99,Gyroscope,-0.014935651999999999,0.024807245,-0.0067622773,1550002890179
8429,99,Accelerometer,0.688333,1.009156,9.579201,1550002890179
8430,99,Gyroscope,-0.016768249,0.018698592,0.0048441626,1550002890190
8431,99,Accelerometer,1.1097125,1.4520833,9.746795,1550002890190
8432,99,Gyroscope,-0.0033292117999999997,0.008313879,0.0048441626,1550002890199
8433,99,Accelerometer,1.4221559,1.0666169,9.915586,1550002890200
8434,99,Gyroscope,-0.012492188999999999,-0.016120728,0.0011789708,1550002890209
8435,99,Accelerometer,1.8746599,0.94690675,10.089166,1550002890210
8436,99,Gyroscope,0.008888093,-0.05460524,-0.0030970859999999998,1550002890219
8437,99,Accelerometer,2.2732944,0.81402856,9.940725,1550002890219
8438,99,Gyroscope,0.0113315545,-0.058270432000000004,-0.017146988000000002,1550002890230
8439,99,Accelerometer,2.2110453,0.7529764,9.599552000000001,1550002890230
8440,99,Gyroscope,0.02721405,-0.06560081,-0.017757852,1550002890239
8441,99,Accelerometer,1.2258313,1.1109096,9.411607,1550002890240
8442,99,Gyroscope,0.011942419,-0.066822544,-0.011649198999999999,1550002890249
8443,99,Accelerometer,1.163582,0.60812724,9.646238,1550002890250
8444,99,Gyroscope,0.03210097,-0.034446687000000004,-0.0067622773,1550002890259
8445,99,Accelerometer,1.0809821000000002,0.6428431,8.3821,1550002890259
8446,99,Gyroscope,-0.017989976,0.006481286,-0.029364292,1550002890269
8447,99,Accelerometer,0.24301147,1.8483237000000001,9.428367,1550002890270
8448,99,Gyroscope,-0.056474485,0.025418106,-0.011038333999999999,1550002890279
8449,99,Accelerometer,0.021547815,1.6184803,11.013328,1550002890280
8450,99,Gyroscope,-0.013103055,-0.038111877,0.031111367,1550002890289
8451,99,Accelerometer,0.8439561,0.9816226999999998,10.839748,1550002890290
8452,99,Gyroscope,0.024159724,-0.039333608,0.013396275,1550002890299
8453,99,Accelerometer,1.9309237000000001,1.7322049,8.990228,1550002890299
8454,99,Gyroscope,-0.06502659599999999,-0.009401211500000001,0.034776557,1550002890309
8455,99,Accelerometer,1.9153613999999999,0.90261406,9.725247,1550002890310
8456,99,Gyroscope,-0.0039400775,-0.023451112000000003,0.023780985,1550002890319
8457,99,Accelerometer,2.0925324,0.5734113000000001,9.758766,1550002890320
8458,99,Gyroscope,-0.014935651999999999,-0.033224955,-0.02203391,1550002890329
8459,99,Accelerometer,2.3379380000000003,0.32441434,8.981848,1550002890330
8460,99,Gyroscope,-0.013103055,-0.024672844,-0.048301116,1550002890339
8461,99,Accelerometer,1.8447324,0.7110779,9.630676,1550002890340
8462,99,Gyroscope,-0.03937026,-0.034446687000000004,-0.06418361,1550002890349
8463,99,Accelerometer,1.9572599,0.7793127,10.116699,1550002890349
8464,99,Gyroscope,-0.022876898,-0.041166205,-0.0678488,1550002890359
8465,99,Accelerometer,1.5466543,0.7673416999999999,11.052833,1550002890360
8466,99,Gyroscope,-0.013103055,-0.049718317000000005,-0.053798902999999995,1550002890369
8467,99,Accelerometer,1.532289,0.6679823,9.552864999999999,1550002890370
8468,99,Gyroscope,-0.012492188999999999,-0.034446687000000004,-0.047079384,1550002890379
8469,99,Accelerometer,0.7565677,1.3994108,9.216479,1550002890380
8470,99,Gyroscope,0.0027794409999999997,-0.005125154,-0.0043188166,1550002890389
8471,99,Accelerometer,1.484405,1.1121067,9.327810000000001,1550002890389
8472,99,Gyroscope,0.02721405,0.006481286,0.026835311,1550002890399
8473,99,Accelerometer,1.8602947,1.8495207999999999,9.731233,1550002890399
8474,99,Gyroscope,-0.006994404,0.018698592,0.02561358,1550002890410
8475,99,Accelerometer,1.8674773,1.5298948,9.859323,1550002890410
8476,99,Gyroscope,0.010720688999999999,-0.010622941,0.016450599999999996,1550002890419
8477,99,Accelerometer,2.098518,1.2629413999999999,9.461885,1550002890420
8478,99,Gyroscope,0.05653558,-0.0026816929999999998,0.0036224315000000003,1550002890429
8479,99,Accelerometer,1.8854338,1.4951789,9.069236,1550002890430
8480,99,Gyroscope,-0.019822573,0.02786157,0.029889636,1550002890439
8481,99,Accelerometer,1.7884687,1.5693992,9.738416,1550002890439
8482,99,Gyroscope,0.018051071000000002,0.024807245,0.024391849,1550002890449
8483,99,Accelerometer,0.7194576,1.1192893,10.220847000000001,1550002890450
8484,99,Gyroscope,-0.0014966168,0.03274849,0.012174546000000001,1550002890459
8485,99,Accelerometer,1.0594343000000002,1.8543092,9.800664999999999,1550002890460
8486,99,Gyroscope,-0.020433438999999998,0.03580282,0.049437325,1550002890469
8487,99,Accelerometer,1.2653356000000002,1.5969325,8.916007,1550002890470
8488,99,Gyroscope,-0.02409863,0.054128774000000004,0.050659052999999996,1550002890479
8489,99,Accelerometer,0.35434186,1.4568716999999998,9.397242,1550002890479
8490,99,Gyroscope,-0.0008857511,0.071233004,0.06348722400000001,1550002890489
8491,99,Accelerometer,0.13766660000000003,1.2198458,10.25676,1550002890489
8492,99,Gyroscope,-0.02409863,0.08955896,0.07998059,1550002890500
8493,99,Accelerometer,0.11133038,1.7549498,10.55843,1550002890500
8494,99,Gyroscope,-0.041813724,0.06512435,0.08425664,1550002890509
8495,99,Accelerometer,0.5674258000000001,1.2665327,10.468647,1550002890510
8496,99,Gyroscope,-0.026542092000000003,0.029083297,0.045161266,1550002890519
8497,99,Accelerometer,1.0354922,1.2605472,9.653421,1550002890520
8498,99,Gyroscope,-0.0014966168,0.023585513,0.037830885,1550002890529
8499,99,Accelerometer,2.1188686000000003,1.5167267,9.296685,1550002890530
8500,99,Gyroscope,0.0070554977,0.034581087999999996,0.056156844000000004,1550002890539
8501,99,Accelerometer,1.9416976000000001,1.292869,9.323022,1550002890539
8502,99,Gyroscope,-0.0014966168,0.024807245,0.06043289599999999,1550002890549
8503,99,Accelerometer,2.1152773,1.1168951,10.089166,1550002890550
8504,99,Gyroscope,-0.0021074805,0.023585513,0.07692626,1550002890559
8505,99,Accelerometer,2.2337902,0.5722142,10.648212,1550002890560
8506,99,Gyroscope,0.017440207,0.005259555,0.07692626,1550002890569
8507,99,Accelerometer,2.2768857000000002,0.5734113000000001,10.228029,1550002890570
8508,99,Gyroscope,0.017440207,0.009535611,0.06715242,1550002890579
8509,99,Accelerometer,2.1332338,1.0342950999999998,9.788692999999999,1550002890580
8510,99,Gyroscope,-0.033261612,0.018698592,0.056767705999999994,1550002890589
8511,99,Accelerometer,1.8375498,0.90979666,9.334992,1550002890589
8512,99,Gyroscope,0.0033903066,-0.006957751,0.064708956,1550002890599
8513,99,Accelerometer,0.48003745,1.0330979999999998,9.7324295,1550002890599
8514,99,Gyroscope,0.030879242,-0.00817948,0.041496076,1550002890610
8515,99,Accelerometer,0.8738836,0.5363011999999999,9.178172,1550002890610
8516,99,Gyroscope,0.038209625,-0.014288133,0.04210694,1550002890619
8517,99,Accelerometer,0.62368953,1.2425906999999998,7.8865004,1550002890620
8518,99,Gyroscope,0.04004222,0.060848295999999996,0.03599829,1550002890629
8519,99,Accelerometer,1.3072342,1.7645266,10.498574000000001,1550002890630
8520,99,Gyroscope,0.04554001,0.09627848,0.05554598,1550002890639
8521,99,Accelerometer,-1.3958195,0.50278234,10.146626,1550002890640
8522,99,Gyroscope,-0.044868045,-0.028338033999999998,0.09158703,1550002890649
8523,99,Accelerometer,-1.2318168,1.4532804,13.636176,1550002890649
8524,99,Gyroscope,0.11090259,-0.07415293,0.018894061,1550002890659
8525,99,Accelerometer,3.2620997000000003,0.13766660000000003,10.545261,1550002890660
8526,99,Gyroscope,-0.0008857511,-0.011233807,0.02317012,1550002890670
8527,99,Accelerometer,1.7597381999999997,2.7569232000000006,7.393294999999999,1550002890670
8528,99,Gyroscope,-0.098624185,0.036413684,0.05126992,1550002890679
8529,99,Accelerometer,0.24779987,0.26815059999999996,8.280347,1550002890680
8530,99,Gyroscope,0.0632551,-0.030170628999999997,0.018283198,1550002890689
8531,99,Accelerometer,0.8367735000000001,0.6811504,11.935096000000001,1550002890690
8532,99,Gyroscope,0.05164866,-0.06865514,0.026224446000000002,1550002890699
8533,99,Accelerometer,1.9728221999999997,0.90859956,9.981427,1550002890699
8534,99,Gyroscope,-0.027152957000000002,-0.06254649,0.049437325,1550002890709
8535,99,Accelerometer,2.1045034,1.2318168,8.755595,1550002890710
8536,99,Gyroscope,0.010720688999999999,-0.046663992,0.045161266,1550002890719
8537,99,Accelerometer,1.7106571,1.1923125,9.8198185,1550002890720
8538,99,Gyroscope,-0.02165517,-0.03139236,0.020115793,1550002890729
8539,99,Accelerometer,0.89782566,-0.2693477,9.890448,1550002890730
8540,99,Gyroscope,-0.041202857999999995,-0.079650715,-0.015925256999999998,1550002890739
8541,99,Accelerometer,1.1420341999999999,0.9864110999999999,10.426748,1550002890740
8542,99,Gyroscope,0.033322702999999995,-0.061324757,-0.040359866,1550002890749
8543,99,Accelerometer,1.2509704,0.41060558,9.124303,1550002890749
8544,99,Gyroscope,-0.037537664,0.0028160921999999997,-0.02692083,1550002890759
8545,99,Accelerometer,-0.9684546,0.6859388000000001,10.357317,1550002890759
8546,99,Gyroscope,-0.108398035,0.039468005,-0.015314391,1550002890770
8547,99,Accelerometer,-0.29328972,0.6452374,10.872069999999999,1550002890770
8548,99,Gyroscope,0.0052229017,-0.005125154,-0.028753427999999998,1550002890779
8549,99,Accelerometer,0.2896984,1.0043676,8.895657,1550002890780
8550,99,Gyroscope,-0.07724389999999999,-0.0026816929999999998,-0.04769025,1550002890789
8551,99,Accelerometer,0.4285621,1.8471266,8.255207,1550002890790
8552,99,Gyroscope,-0.056474485,0.026639838,-0.018368717,1550002890799
8553,99,Accelerometer,0.34955344,0.8714894,9.522936999999999,1550002890800
8554,99,Gyroscope,0.011942419,0.021752916,-0.04402506,1550002890809
8555,99,Accelerometer,-0.04189853,0.44651863,10.772711,1550002890809
8556,99,Gyroscope,-0.0063835381999999994,0.014422532,-0.0067622773,1550002890819
8557,99,Accelerometer,1.1779473,0.760159,10.699686999999999,1550002890820
8558,99,Gyroscope,-0.030207282000000002,-0.00023823230999999999,0.026224446000000002,1550002890829
8559,99,Accelerometer,1.4867992,1.2138603000000001,10.278308,1550002890830
8560,99,Gyroscope,0.022327128999999998,-0.024672844,0.0011789708,1550002890839
8561,99,Accelerometer,0.9995792,0.7134720999999999,8.792705999999999,1550002890840
8562,99,Gyroscope,-0.037537664,0.00037263334000000003,0.016450599999999996,1550002890849
8563,99,Accelerometer,1.1204863999999999,0.81881696,9.28232,1550002890850
8564,99,Gyroscope,-0.03203988,0.016865995,0.017672332,1550002890859
8565,99,Accelerometer,1.0809821000000002,0.78410107,10.278308,1550002890859
8566,99,Gyroscope,0.004612036,0.0034269579,-0.007373143,1550002890869
8567,99,Accelerometer,0.6655880999999999,1.0869676000000001,9.7958765,1550002890870
8568,99,Gyroscope,-0.049144104,0.016865995,-0.018368717,1550002890880
8569,99,Accelerometer,0.37948096,0.90859956,9.993398,1550002890880
8570,99,Gyroscope,-0.022266036,0.0077030174,0.0005681054,1550002890889
8571,99,Accelerometer,0.5303157,0.9600749,10.426748,1550002890890
8572,99,Gyroscope,-0.00027488545,0.0015943646,0.0024007012,1550002890899
8573,99,Accelerometer,0.45848963,0.8319851,9.7240505,1550002890900
8574,99,Gyroscope,-0.02532036,0.0058704205,0.009120219,1550002890909
8575,99,Accelerometer,0.6572084,0.9648633,9.8916445,1550002890910
8576,99,Gyroscope,-0.0021074805,-0.013066402,0.020726658000000002,1550002890919
8577,99,Accelerometer,1.0965444,0.91578215,9.633071000000001,1550002890919
8578,99,Gyroscope,0.0076663624,-0.01978592,0.034776557,1550002890929
8579,99,Accelerometer,1.1121067,1.0965444,9.150639,1550002890930
8580,99,Gyroscope,-0.033261612,-0.0032925587,0.01156368,1550002890940
8581,99,Accelerometer,0.6428431,0.5793968,9.004593,1550002890940
8582,99,Gyroscope,-0.005161807,0.018087726000000002,-0.0018753556,1550002890949
8583,99,Accelerometer,-0.15562311,1.780089,10.460267,1550002890950
8584,99,Gyroscope,-0.057696215999999995,0.024807245,0.028667906,1550002890959
8585,99,Accelerometer,1.3838485,0.32321724,12.423511999999999,1550002890960
8586,99,Gyroscope,-0.094959,-0.12302215,-0.0030970859999999998,1550002890969
8587,99,Accelerometer,1.2785037000000001,0.45609543,10.721235,1550002890969
8588,99,Gyroscope,0.14266758,-0.15478714,-0.034251212999999996,1550002890979
8589,99,Accelerometer,1.174356,1.9488802,7.5309615,1550002890980
8590,99,Gyroscope,-0.024709495,-0.047274857999999996,0.027446175,1550002890990
8591,99,Accelerometer,2.0697872999999998,1.8339584999999998,7.619547,1550002890990
8592,99,Gyroscope,-0.07052439,-0.03139236,0.05126992,1550002890999
8593,99,Accelerometer,0.7613561,0.80325466,10.243592,1550002891000
8594,99,Gyroscope,0.08280279,-0.08331591,0.026224446000000002,1550002891009
8595,99,Accelerometer,0.5686229,1.4796166000000002,10.785878,1550002891010
8596,99,Gyroscope,-0.0027183462,-0.08759196,-0.02325564,1550002891019
8597,99,Accelerometer,1.8327613999999999,0.7445967,9.674969,1550002891019
8598,99,Gyroscope,0.08952231,-0.07170947,0.051880784000000006,1550002891029
8599,99,Accelerometer,-0.16400282,1.0941502,10.8182,1550002891029
8600,99,Gyroscope,0.08952231,-0.039944474,0.06715242,1550002891040
8601,99,Accelerometer,-0.39743748,1.2521674999999999,9.139864999999999,1550002891040
8602,99,Gyroscope,0.047983468,-0.03750101,0.03966348,1550002891049
8603,99,Accelerometer,1.0881646999999999,1.614889,9.239224,1550002891050
8604,99,Gyroscope,0.10296135,-0.011844671999999999,0.09586308,1550002891059
8605,99,Accelerometer,0.1352724,2.0159178,9.009381,1550002891060
8606,99,Gyroscope,-0.013103055,0.051074445,0.11846509599999999,1550002891069
8607,99,Accelerometer,0.260968,1.8052281000000003,7.6111674,1550002891070
8608,99,Gyroscope,-0.02898555,0.074287325,0.10013914,1550002891079
8609,99,Accelerometer,0.7038953,1.2737153,9.7563715,1550002891079
8610,99,Gyroscope,0.065698564,0.049241855999999994,0.08608924,1550002891090
8611,99,Accelerometer,0.19512744,1.7645266,10.702082,1550002891090
8612,99,Gyroscope,-0.05830708,0.08345031,0.08975443,1550002891099
8613,99,Accelerometer,0.31483752,0.47165772,9.157822,1550002891100
8614,99,Gyroscope,-0.07113525,0.08345031,0.08425664,1550002891109
8615,99,Accelerometer,-0.04309563,0.5518635000000001,9.728839,1550002891110
8616,99,Gyroscope,0.014996746000000002,0.057793967,0.05554598,1550002891119
8617,99,Accelerometer,0.5231331,1.1971009,10.372879,1550002891120
8618,99,Gyroscope,-0.07418958,0.06634608,0.051880784000000006,1550002891129
8619,99,Accelerometer,0.8643068000000002,0.05865794,9.345766000000001,1550002891129
8620,99,Gyroscope,-0.025931226,0.034581087999999996,0.08120232,1550002891139
8621,99,Accelerometer,-0.06344634,0.60094464,10.402806,1550002891140
8622,99,Gyroscope,0.019883668,-0.00023823230999999999,0.056156844000000004,1550002891150
8623,99,Accelerometer,1.3551182,1.340753,10.439917,1550002891150
8624,99,Gyroscope,-0.02898555,0.0028160921999999997,0.068985015,1550002891159
8625,99,Accelerometer,1.7836802999999999,1.283292,9.276335000000001,1550002891160
8626,99,Gyroscope,-0.018600842,-0.00023823230999999999,0.11418904,1550002891169
8627,99,Accelerometer,0.5662286999999999,0.8451531999999999,10.370484,1550002891170
8628,99,Gyroscope,-0.0008857511,-0.024061977999999998,0.08425664,1550002891179
8629,99,Accelerometer,0.700304,0.92416185,10.564414999999999,1550002891180
8630,99,Gyroscope,-0.0076052677,-0.027116302000000002,0.05249165,1550002891189
8631,99,Accelerometer,1.7980455000000002,0.9768343,9.372103,1550002891189
8632,99,Gyroscope,-0.010659594,-0.021618515,0.07387193,1550002891200
8633,99,Accelerometer,0.664391,1.0283096,9.554062,1550002891200
8634,99,Gyroscope,-0.018600842,-0.013677267,0.05554598,1550002891210
8635,99,Accelerometer,0.8750806999999999,0.9588778,9.841366,1550002891210
8636,99,Gyroscope,-0.059528813,-0.0039034244,0.016450599999999996,1550002891219
8637,99,Accelerometer,0.26336220000000005,1.0055646999999999,10.498574000000001,1550002891220
8638,99,Gyroscope,0.004612036,-0.025283707000000002,0.022559252999999998,1550002891229
8639,99,Accelerometer,0.59615624,1.0307038,9.993398,1550002891230
8640,99,Gyroscope,0.014385881000000001,-0.01856419,0.0036224315000000003,1550002891239
8641,99,Accelerometer,0.4345476,1.3623008,9.276335000000001,1550002891239
8642,99,Gyroscope,-0.0008857511,0.016865995,0.021948388,1550002891250
8643,99,Accelerometer,0.45968673,1.3682863,9.719261999999999,1550002891250
8644,99,Gyroscope,0.0094989585,0.013811666499999998,0.017672332,1550002891259
8645,99,Accelerometer,0.35793316,1.1228806,9.617508,1550002891260
8646,99,Gyroscope,0.018051071000000002,0.018698592,0.015228872,1550002891269
8647,99,Accelerometer,0.4249708,1.2880806,9.430760000000001,1550002891270
8648,99,Gyroscope,0.010109824,0.016865995,0.032943964,1550002891279
8649,99,Accelerometer,0.5398925,0.91099375,8.677783999999999,1550002891279
8650,99,Gyroscope,0.05348126,0.034581087999999996,0.04577213,1550002891289
8651,99,Accelerometer,0.9959879,1.5047556999999998,10.007763,1550002891290
8652,99,Gyroscope,0.0040011713,0.082839444,0.030500501,1550002891300
8653,99,Accelerometer,-0.7374141,0.9923966000000001,9.673772,1550002891300
8654,99,Gyroscope,-0.11267409,0.13293039999999998,0.049437325,1550002891310
8655,99,Accelerometer,-0.50278234,1.8758569999999999,12.811374,1550002891310
8656,99,Gyroscope,-0.04853324,0.029694162000000003,0.017672332,1550002891319
8657,99,Accelerometer,0.7086836999999999,0.9876082,11.203667,1550002891320
8658,99,Gyroscope,0.07608327,-0.02222938,-0.007373143,1550002891329
8659,99,Accelerometer,0.50397944,1.9452889,8.571242,1550002891329
8660,99,Gyroscope,-0.07113525,0.026028972,0.032943964,1550002891339
8661,99,Accelerometer,0.45250413,1.0534488000000002,8.823831,1550002891339
8662,99,Gyroscope,0.022937994,0.037635416,0.04882646,1550002891350
8663,99,Accelerometer,0.4405331,1.2557588,10.444705,1550002891350
8664,99,Gyroscope,0.03210097,0.018698592,0.044550404,1550002891359
8665,99,Accelerometer,-0.59615624,1.5933412,10.043676,1550002891360
8666,99,Gyroscope,-0.03937026,0.033970222,0.07387193,1550002891369
8667,99,Accelerometer,0.19752164,-0.09935937,10.014946,1550002891370
8668,99,Gyroscope,0.016218476000000003,0.040689737000000004,0.04210694,1550002891379
8669,99,Accelerometer,0.28371290000000005,1.3934253,10.833763000000001,1550002891380
8670,99,Gyroscope,-0.005161807,0.03702455,0.056156844000000004,1550002891389
8671,99,Accelerometer,1.6053122,0.49081135,8.802282,1550002891389
8672,99,Gyroscope,-0.06624833,0.033970222,0.009120219,1550002891399
8673,99,Accelerometer,1.6364368,1.2449848999999997,10.660183,1550002891400
8674,99,Gyroscope,-0.0057726726,-0.027727167999999996,-4.2759813000000006e-05,1550002891409
8675,99,Accelerometer,2.5198972,0.51595044,10.858902,1550002891410
8676,99,Gyroscope,0.02477059,-0.06621168,-0.038527273,1550002891419
8677,99,Accelerometer,1.8363526999999997,0.78649527,8.810661999999999,1550002891420
8678,99,Gyroscope,-0.06869179,-0.042387932999999996,-0.025088236,1550002891429
8679,99,Accelerometer,1.0773908,0.62129533,9.634267999999999,1550002891430
8680,99,Gyroscope,0.008888093,-0.029559765,-0.018979583,1550002891439
8681,99,Accelerometer,0.9684546,-0.06464344,9.953894,1550002891439
8682,99,Gyroscope,0.052870392999999995,-0.016120728,-0.014703525,1550002891449
8683,99,Accelerometer,0.59735334,1.4987701999999998,10.629059,1550002891449
8684,99,Gyroscope,-0.046089776,-0.01734246,-0.011649198999999999,1550002891460
8685,99,Accelerometer,0.4321534000000001,0.5518635000000001,10.208876,1550002891460
8686,99,Gyroscope,-0.005161807,-0.066822544,-0.011038333999999999,1550002891469
8687,99,Accelerometer,0.47884035,1.5286977,10.232818,1550002891470
8688,99,Gyroscope,-0.046089776,-0.010622941,-0.018368717,1550002891479
8689,99,Accelerometer,0.89902276,0.82121116,8.034941,1550002891480
8690,99,Gyroscope,-0.036315932999999995,0.01625513,-0.027531696,1550002891489
8691,99,Accelerometer,0.8439561,1.376666,9.454702000000001,1550002891490
8692,99,Gyroscope,0.032711837,-0.005125154,-0.022644775,1550002891499
8693,99,Accelerometer,1.1552023,0.7637503000000001,10.189722,1550002891499
8694,99,Gyroscope,-0.01737911,0.0009834989999999999,-0.009205738,1550002891510
8695,99,Accelerometer,1.496376,0.7302314999999999,9.186552,1550002891510
8696,99,Gyroscope,-0.034483336,-0.00817948,-0.013481795,1550002891519
8697,99,Accelerometer,1.9416976000000001,0.62488663,9.872491,1550002891520
8698,99,Gyroscope,0.042485684,-0.033224955,-0.0140926605,1550002891529
8699,99,Accelerometer,2.5474305,0.49200845,10.176555,1550002891530
8700,99,Gyroscope,0.010720688999999999,-0.030781494,-0.007373143,1550002891539
8701,99,Accelerometer,2.2996306,0.40581718,9.238028,1550002891540
8702,99,Gyroscope,0.0027794409999999997,-0.038722742000000004,-0.025699101000000002,1550002891549
8703,99,Accelerometer,2.3020248,0.8571242,9.981427,1550002891549
8704,99,Gyroscope,0.041263953,-0.04605312599999999,-0.035472944,1550002891559
8705,99,Accelerometer,1.9740193,1.2018893,9.299078999999999,1550002891560
8706,99,Gyroscope,-0.023487763,0.0077030174,-0.03486208,1550002891569
8707,99,Accelerometer,1.0450690999999999,1.3790601,8.957906,1550002891570
8708,99,Gyroscope,-0.041202857999999995,0.022363782000000002,-0.037916407,1550002891579
8709,99,Accelerometer,0.44771573,1.5502456,10.0508585,1550002891580
8710,99,Gyroscope,0.032711837,0.018087726000000002,-0.025088236,1550002891589
8711,99,Accelerometer,0.94810385,1.9512744,9.733627,1550002891590
8712,99,Gyroscope,-0.0076052677,0.046798393,-4.2759813000000006e-05,1550002891599
8713,99,Accelerometer,0.6512229,1.8722657,9.1350765,1550002891599
8714,99,Gyroscope,-0.0033292117999999997,0.054128774000000004,0.026224446000000002,1550002891609
8715,99,Accelerometer,0.18076223,1.6376339,9.651027000000001,1550002891609
8716,99,Gyroscope,0.055313855,0.05473964,0.031111367,1550002891620
8717,99,Accelerometer,0.32800564,0.9684546,9.325416,1550002891620
8718,99,Gyroscope,-0.0057726726,0.07673079,0.013396275,1550002891629
8719,99,Accelerometer,0.8882488000000002,0.92775315,8.850166,1550002891630
8720,99,Gyroscope,-0.022876898,0.07611992,0.015839735,1550002891639
8721,99,Accelerometer,0.78649527,0.7673416999999999,9.545682000000001,1550002891640
8722,99,Gyroscope,0.029046647000000002,0.07917425,0.021337522,1550002891649
8723,99,Accelerometer,0.7697359,0.22984336,8.734048,1550002891650
8724,99,Gyroscope,-0.091293804,0.12071309,-0.016536122,1550002891659
8725,99,Accelerometer,1.7381904,1.9764134999999998,10.260351,1550002891659
8726,99,Gyroscope,-0.12794572,0.16041932,0.02805704,1550002891669
8727,99,Accelerometer,1.30484,0.90381116,11.003751,1550002891670
8728,99,Gyroscope,-0.01737911,0.04007887,0.03355483,1550002891680
8729,99,Accelerometer,3.083732,1.7393875,9.085996000000002,1550002891680
8730,99,Gyroscope,-0.07174612,0.036413684,0.046993863,1550002891690
8731,99,Accelerometer,2.267309,0.8702923,9.233239,1550002891690
8732,99,Gyroscope,-0.038759395,0.034581087999999996,0.02561358,1550002891699
8733,99,Accelerometer,1.5119383,0.8463503000000001,10.717644,1550002891700
8734,99,Gyroscope,0.04615087,-0.009401211500000001,0.05249165,1550002891709
8735,99,Accelerometer,2.8909986,1.0522517,9.836577,1550002891710
8736,99,Gyroscope,-0.038759395,-0.039944474,0.053102515999999995,1550002891719
8737,99,Accelerometer,2.2840683,1.4389153000000001,10.496181,1550002891719
8738,99,Gyroscope,0.024159724,-0.09003542,0.036609154,1550002891729
8739,99,Accelerometer,1.6112977,1.0773908,10.742783,1550002891730
8740,99,Gyroscope,0.022327128999999998,-0.11935695,0.06776328400000001,1550002891740
8741,99,Accelerometer,1.7501613999999999,0.9840169,10.329783,1550002891740
8742,99,Gyroscope,0.052259527,-0.093089744,0.075093664,1550002891749
8743,99,Accelerometer,0.8487445,0.5494693,9.391256,1550002891750
8744,99,Gyroscope,0.06814202,-0.050329182,0.068985015,1550002891759
8745,99,Accelerometer,-0.29927522,0.93014735,9.818622,1550002891760
8746,99,Gyroscope,0.0058337674,-0.03750101,0.053102515999999995,1550002891769
8747,99,Accelerometer,0.1364695,-0.062249242999999996,8.742428,1550002891769
8748,99,Gyroscope,0.05348126,-0.021618515,0.030500501,1550002891779
8749,99,Accelerometer,-0.009576807,0.94810385,9.14585,1550002891779
8750,99,Gyroscope,0.014385881000000001,0.008313879,0.023780985,1550002891790
8751,99,Accelerometer,-0.3878607,1.0378863999999999,9.621099000000001,1550002891790
8752,99,Gyroscope,-0.014935651999999999,0.023585513,0.020115793,1550002891799
8753,99,Accelerometer,0.13766660000000003,0.18076223,9.305064999999999,1550002891800
8754,99,Gyroscope,0.018661937,0.01992032,0.009120219,1550002891809
8755,99,Accelerometer,0.039504327,0.7015011,9.919178,1550002891810
8756,99,Gyroscope,0.028435782000000003,0.039468005,0.0127854105,1550002891819
8757,99,Accelerometer,0.9732430000000001,1.3263878,9.130288,1550002891819
8758,99,Gyroscope,-0.04853324,0.061459154,0.01156368,1550002891829
8759,99,Accelerometer,0.9852139999999999,1.127669,9.938332,1550002891829
8760,99,Gyroscope,0.0040011713,0.037635416,-0.005540547,1550002891839
8761,99,Accelerometer,1.2904748,0.91458505,10.728417,1550002891840
8762,99,Gyroscope,0.022327128999999998,0.01747686,-0.011649198999999999,1550002891850
8763,99,Accelerometer,1.5370774999999999,0.7290344,9.738416,1550002891850
8764,99,Gyroscope,-0.022876898,0.029694162000000003,-0.008594873000000001,1550002891859
8765,99,Accelerometer,1.1468226000000001,1.5155296,10.3453455,1550002891860
8766,99,Gyroscope,-0.018600842,0.006481286,0.02927877,1550002891869
8767,99,Accelerometer,1.496376,0.4345476,10.497377,1550002891870
8768,99,Gyroscope,0.025381455,-0.01856419,-0.015314391,1550002891879
8769,99,Accelerometer,0.82001406,1.0726023999999998,9.382876,1550002891879
8770,99,Gyroscope,-0.02532036,-0.02100765,0.0048441626,1550002891889
8771,99,Accelerometer,1.3850456,1.1994951,8.595184,1550002891889
8772,99,Gyroscope,-0.013103055,-0.025283707000000002,0.006065893,1550002891899
8773,99,Accelerometer,1.42455,1.3180081,9.103952,1550002891900
8774,99,Gyroscope,-0.0027183462,-0.017953325,-0.008594873000000001,1550002891910
8775,99,Accelerometer,-0.10654198,0.82480246,9.13388,1550002891910
8776,99,Gyroscope,-0.016157383,-0.014898999,0.0017898360000000002,1550002891919
8777,99,Accelerometer,0.5351041,0.65242,9.895236,1550002891920
8778,99,Gyroscope,0.028435782000000003,-0.013677267,0.015228872,1550002891929
8779,99,Accelerometer,0.44173019999999996,1.1252748,10.08318,1550002891930
8780,99,Gyroscope,0.004612036,-0.010622941,0.012174546000000001,1550002891939
8781,99,Accelerometer,0.5758055000000001,1.1037270000000001,9.31943,1550002891939
8782,99,Gyroscope,-0.0014966168,-0.024672844,0.021337522,1550002891949
8783,99,Accelerometer,0.60693014,1.4628572,9.710882000000002,1550002891949
8784,99,Gyroscope,0.028435782000000003,0.020531185,0.01156368,1550002891960
8785,99,Accelerometer,1.5634137,0.7266402,8.397662,1550002891960
8786,99,Gyroscope,-0.036315932999999995,0.04985272,0.016450599999999996,1550002891969
8787,99,Accelerometer,-0.50876784,1.5275006000000002,10.147824,1550002891970
8788,99,Gyroscope,-0.11328496,-0.06926601,0.03355483,1550002891979
8789,99,Accelerometer,0.5662286999999999,0.8379706,14.115016,1550002891980
8790,99,Gyroscope,0.07730500400000001,-0.14256984,0.028667906,1550002891989
8791,99,Accelerometer,2.1523874,-0.6572084,9.090784,1550002891990
8792,99,Gyroscope,-0.050365835,-0.043609664000000006,-0.0012644903,1550002891999
8793,99,Accelerometer,0.59017074,2.541445,7.619547,1550002891999
8794,99,Gyroscope,-0.08274169,-0.0057360195,0.018283198,1550002892009
8795,99,Accelerometer,0.58777654,1.2401965,8.742428,1550002892009
8796,99,Gyroscope,0.11823297,-0.06743341,0.037830885,1550002892020
8797,99,Accelerometer,1.0163386,1.1791444,11.048044,1550002892020
8798,99,Gyroscope,0.058979042,-0.057048699999999994,0.042717807000000003,1550002892029
8799,99,Accelerometer,1.2413936,1.0043676,8.665813,1550002892030
8800,99,Gyroscope,-0.018600842,-0.0039034244,0.045161266,1550002892039
8801,99,Accelerometer,0.6392518,2.0326772,9.27394,1550002892040
8802,99,Gyroscope,0.016829342,0.01992032,0.06837415,1550002892049
8803,99,Accelerometer,0.2885013,0.7074866,10.362105,1550002892050
8804,99,Gyroscope,-0.06258314,0.00037263334000000003,0.051880784000000006,1550002892059
8805,99,Accelerometer,0.58538234,0.22266077,9.6845455,1550002892059
8806,99,Gyroscope,-0.023487763,-0.01734246,-0.011038333999999999,1550002892069
8807,99,Accelerometer,1.3347674999999999,1.3120226000000001,9.701305,1550002892070
8808,99,Gyroscope,0.00033598019999999995,0.013200805,-0.03302948,1550002892079
8809,99,Accelerometer,0.46208093,1.1252748,8.847773,1550002892080
8810,99,Gyroscope,-0.054641888,0.054128774000000004,-0.0061514126,1550002892089
8811,99,Accelerometer,-0.47524905,0.89902276,8.8645315,1550002892090
8812,99,Gyroscope,-0.008826999,0.07795252,-0.018368717,1550002892099
8813,99,Accelerometer,-0.20231004,0.93134445,10.466252,1550002892100
8814,99,Gyroscope,0.0058337674,0.061459154,0.012174546000000001,1550002892109
8815,99,Accelerometer,-0.062249242999999996,1.0606314,10.579977,1550002892109
8816,99,Gyroscope,-0.035705067,0.039468005,0.014007141,1550002892119
8817,99,Accelerometer,0.6572084,1.0714053,9.858125999999999,1550002892119
8818,99,Gyroscope,0.014385881000000001,0.030305027999999998,0.024391849,1550002892130
8819,99,Accelerometer,1.1228806,1.0714053,8.89446,1550002892130
8820,99,Gyroscope,-0.01004873,0.04985272,0.028667906,1550002892139
8821,99,Accelerometer,0.81283146,1.2749124,9.129091,1550002892140
8822,99,Gyroscope,-0.0045509413,0.04557666,0.03844175,1550002892149
8823,99,Accelerometer,0.93014735,1.2366052,10.461464,1550002892150
8824,99,Gyroscope,0.014385881000000001,0.052296177,0.03966348,1550002892159
8825,99,Accelerometer,0.58418524,1.0929531000000001,10.553641,1550002892160
8826,99,Gyroscope,-0.02165517,0.0571831,0.04760473,1550002892169
8827,99,Accelerometer,0.38426940000000004,1.3239936,11.015722,1550002892169
8828,99,Gyroscope,-0.005161807,0.024196379,0.045161266,1550002892179
8829,99,Accelerometer,1.0642227,1.3623008,9.883265,1550002892180
8830,99,Gyroscope,-0.0008857511,0.005259555,0.03722002,1550002892190
8831,99,Accelerometer,1.246182,1.6950948000000001,9.089587,1550002892190
8832,99,Gyroscope,-0.0076052677,0.010757342,0.02927877,1550002892199
8833,99,Accelerometer,0.90740246,1.1252748,9.416395,1550002892200
8834,99,Gyroscope,-0.014935651999999999,0.006481286,0.02805704,1550002892209
8835,99,Accelerometer,0.31124622,1.0307038,10.151415,1550002892210
8836,99,Gyroscope,-0.020433438999999998,-0.024061977999999998,0.044550404,1550002892219
8837,99,Accelerometer,1.2114661,0.760159,9.956287,1550002892220
8838,99,Gyroscope,0.0027794409999999997,-0.051550914,0.035387423,1550002892229
8839,99,Accelerometer,0.8415619000000001,1.1947067,9.441533999999999,1550002892229
8840,99,Gyroscope,0.01560761,0.0009834989999999999,0.02805704,1550002892239
8841,99,Accelerometer,0.93134445,0.997185,9.489417999999999,1550002892240
8842,99,Gyroscope,-0.020433438999999998,0.006481286,0.03844175,1550002892250
8843,99,Accelerometer,0.5386954,1.0606314,9.613917,1550002892250
8844,99,Gyroscope,0.016218476000000003,-0.019175055,0.02927877,1550002892259
8845,99,Accelerometer,0.5470751,1.2437878,9.038112,1550002892260
8846,99,Gyroscope,0.02477059,-0.0039034244,0.02805704,1550002892269
8847,99,Accelerometer,0.688333,1.685518,8.567651,1550002892270
8848,99,Gyroscope,-0.006994404,0.026028972,0.058600303,1550002892279
8849,99,Accelerometer,1.1994951,1.2521674999999999,8.215703,1550002892279
8850,99,Gyroscope,-0.016768249,0.041911468,0.03416569,1550002892289
8851,99,Accelerometer,-0.9959879,1.5167267,9.384072999999999,1550002892289
8852,99,Gyroscope,-0.05708535,0.093224145,0.03355483,1550002892300
8853,99,Accelerometer,0.008379705999999999,1.6783354,12.998121000000001,1550002892300
8854,99,Gyroscope,-0.050365835,-0.00023823230999999999,0.08181318,1550002892309
8855,99,Accelerometer,2.1308396000000003,0.7170634,10.478224,1550002892310
8856,99,Gyroscope,0.09807442,-0.0039034244,-0.0030970859999999998,1550002892319
8857,99,Accelerometer,-0.08020575,2.906561,9.8198185,1550002892320
8858,99,Gyroscope,0.0052229017,0.03885714,0.043328673,1550002892329
8859,99,Accelerometer,0.60812724,0.61291564,8.9758625,1550002892330
8860,99,Gyroscope,-0.014935651999999999,0.041911468,0.13862365,1550002892339
8861,99,Accelerometer,1.9596541,1.4676456,11.148601,1550002892339
8862,99,Gyroscope,0.073028944,0.011368208000000001,0.08608924,1550002892349
8863,99,Accelerometer,0.4333505,1.8842366999999998,11.204864,1550002892350
8864,99,Gyroscope,-0.0045509413,-0.0039034244,0.079369724,1550002892360
8865,99,Accelerometer,0.5686229,0.2885013,8.304289,1550002892360
8866,99,Gyroscope,-0.09434813,0.025418106,0.05737857,1550002892369
8867,99,Accelerometer,-0.22026655,0.82719666,10.342952,1550002892370
8868,99,Gyroscope,-0.012492188999999999,0.011979073,0.03844175,1550002892379
8869,99,Accelerometer,0.36750996,0.08379706,9.449914,1550002892380
8870,99,Gyroscope,-0.053420155999999996,0.0040378235,0.007898489,1550002892389
8871,99,Accelerometer,0.36391866,1.376666,9.378088,1550002892389
8872,99,Gyroscope,0.018661937,0.0058704205,0.020115793,1550002892399
8873,99,Accelerometer,0.039504327,1.0905589,9.838972,1550002892400
8874,99,Gyroscope,0.029657512999999996,0.01625513,0.036609154,1550002892410
8875,99,Accelerometer,-0.0035913025,1.4856021000000001,8.881291000000001,1550002892410
8876,99,Gyroscope,-0.032650746,0.06329175,0.062265493,1550002892419
8877,99,Accelerometer,-0.20590134,1.4867992,9.011775,1550002892420
8878,99,Gyroscope,0.05775731,0.05596137,0.07570453,1550002892429
8879,99,Accelerometer,0.24660277,1.3347674999999999,10.091560000000001,1550002892430
8880,99,Gyroscope,-0.0014966168,0.06878954,0.070817605,1550002892439
8881,99,Accelerometer,0.415394,1.6663644,9.668983,1550002892439
8882,99,Gyroscope,-0.02532036,0.062680885,0.0903653,1550002892449
8883,99,Accelerometer,0.0035913025,1.3395559,9.240421000000001,1550002892449
8884,99,Gyroscope,0.030879242,0.057793967,0.07814799,1550002892460
8885,99,Accelerometer,0.10534488,1.4856021000000001,10.42196,1550002892460
8886,99,Gyroscope,0.008277228000000001,0.05962656400000001,0.10136087,1550002892469
8887,99,Accelerometer,0.39145198,0.93373865,9.149442,1550002892470
8888,99,Gyroscope,-0.015546517,0.040689737000000004,0.10380433,1550002892479
8889,99,Accelerometer,0.6727706999999999,1.447295,10.217255999999999,1550002892480
8890,99,Gyroscope,0.01560761,0.042522334,0.08303491,1550002892489
8891,99,Accelerometer,1.2078748,0.676362,10.653001,1550002892490
8892,99,Gyroscope,-0.016157383,0.025418106,0.07142847,1550002892499
8893,99,Accelerometer,0.30526072,0.1412579,9.994595,1550002892499
8894,99,Gyroscope,-0.03509419999999999,-0.030170628999999997,0.017672332,1550002892509
8895,99,Accelerometer,1.2940661,0.36631286,11.389217,1550002892509
8896,99,Gyroscope,0.029657512999999996,-0.086981095,-0.032418616000000004,1550002892520
8897,99,Accelerometer,2.5043349999999998,0.33159694,10.389638,1550002892520
8898,99,Gyroscope,-0.043035455,-0.08881369,-0.0067622773,1550002892529
8899,99,Accelerometer,1.4149733,0.5602431999999999,9.762358,1550002892530
8900,99,Gyroscope,-0.015546517,-0.092478886,-0.029975157000000002,1550002892539
8901,99,Accelerometer,1.423353,-0.0047884034,9.884461,1550002892540
8902,99,Gyroscope,0.030268377000000003,-0.09797667,-0.03302948,1550002892549
8903,99,Accelerometer,1.5083469999999999,0.7781156,10.087969000000001,1550002892550
8904,99,Gyroscope,-0.016157383,-0.08087245,-0.007984008,1550002892559
8905,99,Accelerometer,0.62009823,0.7206547,9.469068,1550002892559
8906,99,Gyroscope,-0.019211708,-0.071098596,-0.009205738,1550002892569
8907,99,Accelerometer,0.3890578,1.1145009,10.338163,1550002892569
8908,99,Gyroscope,0.01316415,-0.06621168,-0.009205738,1550002892580
8909,99,Accelerometer,0.45609543,1.1456255,9.879673,1550002892580
8910,99,Gyroscope,-0.033261612,-0.034446687000000004,-0.016536122,1550002892590
8911,99,Accelerometer,0.36631286,1.2808979,10.102333999999999,1550002892590
8912,99,Gyroscope,-0.041202857999999995,-0.028338033999999998,-0.0140926605,1550002892599
8913,99,Accelerometer,0.78170687,0.6631939,9.888053,1550002892600
8914,99,Gyroscope,0.008888093,-0.032003224,-0.03302948,1550002892609
8915,99,Accelerometer,1.1659763,0.61171854,8.244433,1550002892610
8916,99,Gyroscope,0.0076663624,0.007092151999999999,-0.043414194,1550002892619
8917,99,Accelerometer,1.6005238000000002,1.614889,10.427945,1550002892620
8918,99,Gyroscope,-0.06624833,0.052907042,-0.067237936,1550002892629
8919,99,Accelerometer,0.07182605,0.6811504,10.290278,1550002892630
8920,99,Gyroscope,-0.095569864,0.018698592,-0.056853227,1550002892640
8921,99,Accelerometer,1.1372458,1.7824832,10.878055999999999,1550002892640
8922,99,Gyroscope,0.033322702999999995,-0.05460524,-0.045246787000000004,1550002892649
8923,99,Accelerometer,2.4504653999999997,0.31124622,8.802282,1550002892650
8924,99,Gyroscope,0.0027794409999999997,0.008924745,-0.097781196,1550002892659
8925,99,Accelerometer,0.11851298,2.3894134,9.136273,1550002892660
8926,99,Gyroscope,-0.0027183462,0.036413684,-0.03608381,1550002892669
8927,99,Accelerometer,0.90141696,1.1432313,9.742006,1550002892670
8928,99,Gyroscope,0.08768971,-0.013677267,0.024391849,1550002892679
8929,99,Accelerometer,1.9321207999999999,1.4772223999999998,9.859323,1550002892679
8930,99,Gyroscope,0.031490106000000004,-0.013066402,-0.005540547,1550002892689
8931,99,Accelerometer,1.0702082,2.0901381999999997,8.371326,1550002892690
8932,99,Gyroscope,0.00033598019999999995,0.0028160921999999997,0.0011789708,1550002892700
8933,99,Accelerometer,0.81402856,1.8435352999999999,9.64983,1550002892700
8934,99,Gyroscope,0.004612036,0.018087726000000002,0.034776557,1550002892709
8935,99,Accelerometer,0.91338795,0.14844051,9.911995,1550002892710
8936,99,Gyroscope,-0.0045509413,0.028472435,-0.005540547,1550002892719
8937,99,Accelerometer,0.25258827,0.7553706,9.842564,1550002892720
8938,99,Gyroscope,-0.022876898,0.019309454,0.0042332970000000004,1550002892729
8939,99,Accelerometer,1.7693150000000002,1.1192893,10.000581,1550002892730
8940,99,Gyroscope,0.016218476000000003,0.0028160921999999997,0.007287623399999999,1550002892739
8941,99,Accelerometer,1.9201498,1.1803415000000002,8.289924000000001,1550002892739
8942,99,Gyroscope,-0.054031022000000005,0.041911468,0.0042332970000000004,1550002892750
8943,99,Accelerometer,1.2449848999999997,1.436521,8.937555,1550002892750
8944,99,Gyroscope,-0.03387247,0.05901569999999999,0.029889636,1550002892759
8945,99,Accelerometer,1.8507179,0.38187516,10.751163,1550002892760
8946,99,Gyroscope,0.03759876,0.03702455,0.07326107,1550002892769
8947,99,Accelerometer,1.9500773,1.3599066,11.050438,1550002892770
8948,99,Gyroscope,-0.014324786,0.013811666499999998,0.07753713,1550002892779
8949,99,Accelerometer,1.7214310000000002,0.59615624,10.040085000000001,1550002892780
8950,99,Gyroscope,-0.025931226,-0.009401211500000001,0.082424045,1550002892789
8951,99,Accelerometer,2.4193408,1.258153,10.512939,1550002892789
8952,99,Gyroscope,0.026603185,-0.025283707000000002,0.08608924,1550002892799
8953,99,Accelerometer,2.2266076,1.7166426,9.554062,1550002892799
8954,99,Gyroscope,-0.02409863,-0.0014599635999999999,0.07020674,1550002892810
8955,99,Accelerometer,1.4891934,1.2940661,9.546878999999999,1550002892810
8956,99,Gyroscope,-0.017989976,0.005259555,0.05249165,1550002892819
8957,99,Accelerometer,0.79487497,1.7513584999999998,10.311827000000001,1550002892820
8958,99,Gyroscope,0.027824916,-0.005125154,0.06531982,1550002892829
8959,99,Accelerometer,1.1599906999999998,1.5801731,10.301053,1550002892830
8960,99,Gyroscope,-0.03387247,-0.039944474,0.051880784000000006,1550002892839
8961,99,Accelerometer,0.6584055,0.80205756,10.341754,1550002892840
8962,99,Gyroscope,0.068752885,-0.053994372,0.027446175,1550002892849
8963,99,Accelerometer,0.4405331,1.2725182,10.323798,1550002892849
8964,99,Gyroscope,0.020494534,-0.030781494,0.02317012,1550002892859
8965,99,Accelerometer,1.1552023,0.8858546,8.953117,1550002892860
8966,99,Gyroscope,-0.0014966168,-0.022840247,0.058600303,1550002892870
8967,99,Accelerometer,0.23942018,0.9528923,9.817424,1550002892870
8968,99,Gyroscope,0.0009468458599999999,-0.021618515,0.02805704,1550002892879
8969,99,Accelerometer,0.61770403,0.89184016,10.990582,1550002892880
8970,99,Gyroscope,-0.0033292117999999997,-0.021618515,-0.012260064499999999,1550002892889
8971,99,Accelerometer,1.1013328000000002,0.59495914,8.935161,1550002892890
8972,99,Gyroscope,-0.01127046,-0.00084909797,-0.012260064499999999,1550002892899
8973,99,Accelerometer,-0.005985504,1.8602947,10.279505,1550002892899
8974,99,Gyroscope,-0.010659594,0.011368208000000001,-0.018979583,1550002892909
8975,99,Accelerometer,0.7637503000000001,0.33518824,9.93474,1550002892910
8976,99,Gyroscope,-0.0045509413,-0.006346885,-0.023866504,1550002892920
8977,99,Accelerometer,0.9780314,0.79487497,9.3421755,1550002892920
8978,99,Gyroscope,-0.0021074805,0.005259555,-0.049522847,1550002892929
8979,99,Accelerometer,0.9804255999999999,1.2497733,8.8884735,1550002892930
8980,99,Gyroscope,0.029046647000000002,0.06390262,-0.057464093,1550002892939
8981,99,Accelerometer,0.7410054,0.24540567,7.2340803,1550002892940
8982,99,Gyroscope,-0.07785477,0.12560001,-0.07090313,1550002892949
8983,99,Accelerometer,-0.7757214,1.780089,10.672153999999999,1550002892949
8984,99,Gyroscope,-0.07480045,0.0028160921999999997,-0.047079384,1550002892959
8985,99,Accelerometer,0.8451531999999999,-0.1352724,12.859258,1550002892959
8986,99,Gyroscope,0.07608327,-0.066822544,-0.05807496,1550002892970
8987,99,Accelerometer,1.6543933000000002,0.1604115,8.672996000000001,1550002892970
8988,99,Gyroscope,-0.12794572,0.020531185,-0.074568324,1550002892979
8989,99,Accelerometer,0.78290397,1.340753,8.049306,1550002892980
8990,99,Gyroscope,-0.088239476,0.027250702999999998,-0.057464093,1550002892989
8991,99,Accelerometer,0.37229836,0.9624690999999999,10.493786,1550002892990
8992,99,Gyroscope,0.059589908,-0.053994372,-0.028142562000000003,1550002892999
8993,99,Accelerometer,0.39384618,1.6484078000000002,11.620258,1550002893000
8994,99,Gyroscope,-0.040591992,-0.08026158,-0.036694676,1550002893009
8995,99,Accelerometer,2.1871033,0.93373865,10.360908,1550002893009
8996,99,Gyroscope,0.016829342,-0.12974167,-0.011038333999999999,1550002893019
8997,99,Accelerometer,2.2026656000000004,2.2230163,10.392033,1550002893019
8998,99,Gyroscope,0.07180721,-0.13768291,0.028667906,1550002893030
8999,99,Accelerometer,1.8124107,0.5542577,9.141062,1550002893030
9000,99,Gyroscope,0.08463538400000001,-0.14012638,0.027446175,1550002893040
9001,99,Accelerometer,1.7824832,1.5526398000000001,9.436746000000001,1550002893040
9002,99,Gyroscope,0.058979042,-0.07781812,-0.025088236,1550002893049
9003,99,Accelerometer,-0.11252748,1.7405846,9.689333999999999,1550002893050
9004,99,Gyroscope,0.07547241,-0.05582697,0.06287636,1550002893059
9005,99,Accelerometer,0.27533320000000006,0.6967127,8.792705999999999,1550002893060
9006,99,Gyroscope,-0.0045509413,-0.05582697,0.06043289599999999,1550002893069
9007,99,Accelerometer,0.58538234,2.5115175,9.988609,1550002893069
9008,99,Gyroscope,0.0033903066,-0.055216104,0.059822034,1550002893079
9009,99,Accelerometer,0.63087213,1.9560628,9.81503,1550002893080
9010,99,Gyroscope,0.017440207,-0.059492163,0.05126992,1550002893089
9011,99,Accelerometer,0.6584055,1.5813701999999998,9.617508,1550002893090
9012,99,Gyroscope,-0.0076052677,-0.04910745,0.06959588,1550002893100
9013,99,Accelerometer,0.61171854,1.3934253,9.208099,1550002893100
9014,99,Gyroscope,-0.0039400775,-0.06071389,0.11235645,1550002893109
9015,99,Accelerometer,0.8714894,0.9624690999999999,8.956709,1550002893109
9016,99,Gyroscope,0.03759876,-0.04605312599999999,0.08547837,1550002893119
9017,99,Accelerometer,0.17238252,1.1552023,9.5385,1550002893120
9018,99,Gyroscope,-0.008826999,-0.024061977999999998,0.09830654400000001,1550002893129
9019,99,Accelerometer,0.79248077,0.1604115,9.868899,1550002893130
9020,99,Gyroscope,-0.019822573,-0.033224955,0.10197174,1550002893139
9021,99,Accelerometer,1.2186487,1.1252748,10.334572,1550002893139
9022,99,Gyroscope,0.051037795999999996,-0.055216104,0.08608924,1550002893149
9023,99,Accelerometer,1.0067618,0.39624038,9.414000999999999,1550002893150
9024,99,Gyroscope,0.010109824,-0.05277264,0.07692626,1550002893159
9025,99,Accelerometer,0.5518635000000001,0.59735334,9.313444,1550002893160
9026,99,Gyroscope,-0.010659594,-0.02100765,0.09830654400000001,1550002893169
9027,99,Accelerometer,0.8295909,1.3299791,10.116699,1550002893170
9028,99,Gyroscope,-0.0039400775,-0.016120728,0.10197174,1550002893179
9029,99,Accelerometer,0.31244332,0.7302314999999999,9.818622,1550002893180
9030,99,Gyroscope,-0.030818147999999997,-0.0039034244,0.05554598,1550002893189
9031,99,Accelerometer,-0.47046062,0.9983820999999999,9.773131,1550002893190
9032,99,Gyroscope,-0.024709495,0.0034269579,0.06593069,1550002893199
9033,99,Accelerometer,0.14724341,1.2988545,9.485827,1550002893199
9034,99,Gyroscope,-0.0063835381999999994,0.007092151999999999,0.075093664,1550002893210
9035,99,Accelerometer,-0.073023155,1.0905589,8.99741,1550002893210
9036,99,Gyroscope,-0.030207282000000002,0.020531185,0.046993863,1550002893219
9037,99,Accelerometer,-0.022744916,0.9636662,9.580399,1550002893219
9038,99,Gyroscope,0.022327128999999998,-0.0026816929999999998,0.06715242,1550002893230
9039,99,Accelerometer,0.9672575000000001,0.80445176,9.689333999999999,1550002893230
9040,99,Gyroscope,-0.07846563,-0.0020708293,0.050659052999999996,1550002893239
9041,99,Accelerometer,-0.6476316,0.37828386,10.109517,1550002893239
9042,99,Gyroscope,-0.107176304,-0.006346885,0.06593069,1550002893250
9043,99,Accelerometer,0.7553706,1.292869,13.943830499999999,1550002893250
9044,99,Gyroscope,-0.0008857511,-0.1413481,0.06776328400000001,1550002893259
9045,99,Accelerometer,3.1088709999999997,0.25857377,8.859743,1550002893259
9046,99,Gyroscope,0.07669414,-0.11874609,-0.007373143,1550002893270
9047,99,Accelerometer,0.79846627,1.7645266,6.4404025,1550002893270
9048,99,Gyroscope,-0.09740246,-0.023451112000000003,0.041496076,1550002893279
9049,99,Accelerometer,0.5374983,0.19632454,8.583213,1550002893279
9050,99,Gyroscope,-0.0008857511,-0.035668418,0.064708956,1550002893290
9051,99,Accelerometer,1.4939818,0.80804306,11.389217,1550002893290
9052,99,Gyroscope,0.0632551,-0.09919839999999999,0.06593069,1550002893299
9053,99,Accelerometer,1.0283096,1.1192893,9.483433,1550002893299
9054,99,Gyroscope,-0.055252752999999995,-0.06437908,0.07387193,1550002893309
9055,99,Accelerometer,0.16160862,0.4405331,9.604341,1550002893310
9056,99,Gyroscope,0.03759876,-0.036279282999999996,0.031111367,1550002893319
9057,99,Accelerometer,0.6572084,1.2497733,9.519346,1550002893319
9058,99,Gyroscope,-0.009437865,-0.04605312599999999,0.03722002,1550002893330
9059,99,Accelerometer,0.4321534000000001,1.6543933000000002,8.9758625,1550002893330
9060,99,Gyroscope,-0.038759395,-0.017953325,0.025002714,1550002893339
9061,99,Accelerometer,-0.0011971008,1.0749966,10.1226845,1550002893339
9062,99,Gyroscope,-0.0137139205,-0.016120728,0.03599829,1550002893350
9063,99,Accelerometer,-0.06344634,1.5083469999999999,10.510546000000001,1550002893350
9064,99,Gyroscope,-0.008216133,-0.0039034244,0.054935113,1550002893360
9065,99,Accelerometer,-0.19153613,0.7757214,9.148245,1550002893359
9066,99,Gyroscope,0.016218476000000003,0.022974647999999997,0.04088521,1550002893370
9067,99,Accelerometer,-0.21787235,1.4101848999999997,10.097546000000001,1550002893370
9068,99,Gyroscope,-0.027763822999999997,0.0571831,0.06409809,1550002893379
9069,99,Accelerometer,-0.45609543,0.545878,9.618706,1550002893380
9070,99,Gyroscope,-0.041813724,0.057793967,0.051880784000000006,1550002893389
9071,99,Accelerometer,-0.39384618,1.6065093000000001,9.8198185,1550002893390
9072,99,Gyroscope,0.0027794409999999997,0.051074445,0.087921835,1550002893399
9073,99,Accelerometer,-0.12808979,0.92775315,9.712079,1550002893400
9074,99,Gyroscope,-0.015546517,0.053517907999999996,0.09586308,1550002893409
9075,99,Accelerometer,-0.40821138,1.4760253,9.53012,1550002893410
9076,99,Gyroscope,-0.026542092000000003,0.046187527,0.08608924,1550002893419
9077,99,Accelerometer,0.4249708,1.4317327,9.980229,1550002893420
9078,99,Gyroscope,0.033322702999999995,0.02114205,0.08364577599999999,1550002893429
9079,99,Accelerometer,0.40222588,0.78529817,10.753557,1550002893430
9080,99,Gyroscope,0.022937994,0.015033398,0.07570453,1550002893439
9081,99,Accelerometer,0.15801731,0.30286652,10.457873,1550002893440
9082,99,Gyroscope,0.027824916,-0.011844671999999999,0.019504927,1550002893449
9083,99,Accelerometer,1.1168951,-0.39624038,9.810242,1550002893450
9084,99,Gyroscope,0.033322702999999995,-0.01856419,-0.018979583,1550002893459
9085,99,Accelerometer,1.6891093000000001,-0.13766660000000003,9.803059,1550002893460
9086,99,Gyroscope,-0.025931226,-0.032003224,-0.04769025,1550002893469
9087,99,Accelerometer,1.5957354,0.41060558,9.964667,1550002893470
9088,99,Gyroscope,-0.050365835,-0.032003224,-0.0678488,1550002893479
9089,99,Accelerometer,1.472434,0.23343466,9.977836,1550002893480
9090,99,Gyroscope,-0.02409863,-0.033224955,-0.05135544,1550002893489
9091,99,Accelerometer,1.0546459,0.94570965,10.600328,1550002893489
9092,99,Gyroscope,-0.02532036,-0.03261409,-0.048301116,1550002893500
9093,99,Accelerometer,0.7062895,1.3156139,9.950302,1550002893500
9094,99,Gyroscope,-0.021044305,-0.029559765,-0.03302948,1550002893509
9095,99,Accelerometer,0.39983168,0.8403648000000001,9.767146,1550002893509
9096,99,Gyroscope,-0.014324786,-0.039333608,-0.043414194,1550002893520
9097,99,Accelerometer,0.8535328999999999,0.8846575000000001,9.862914,1550002893520
9098,99,Gyroscope,-0.01737911,-0.041777067,-0.04097073,1550002893530
9099,99,Accelerometer,0.82480246,0.7242460000000001,9.284714,1550002893530
9100,99,Gyroscope,0.02477059,-0.025894572999999997,-0.0837313,1550002893540
9101,99,Accelerometer,0.49320555,1.2282255,9.379285000000001,1550002893540
9102,99,Gyroscope,-0.0027183462,0.022363782000000002,-0.09533774,1550002893549
9103,99,Accelerometer,0.3890578,1.0989386,9.639056,1550002893550
9104,99,Gyroscope,0.0052229017,0.02786157,-0.08556389999999998,1550002893560
9105,99,Accelerometer,0.641646,0.94451255,9.831789,1550002893560
9106,99,Gyroscope,0.05348126,-0.008790346,-0.08983995,1550002893569
9107,99,Accelerometer,1.6124948000000001,1.3922282,9.471461999999999,1550002893570
9108,99,Gyroscope,-0.005161807,0.020531185,-0.10022466,1550002893580
9109,99,Accelerometer,0.5542577,0.8379706,8.39886,1550002893580
9110,99,Gyroscope,-0.072356984,0.10666319,-0.08250957,1550002893589
9111,99,Accelerometer,1.353921,2.2158337,12.569559,1550002893590
9112,99,Gyroscope,-0.0039400775,0.024807245,-0.05807496,1550002893599
9113,99,Accelerometer,2.3666685000000003,0.36631286,9.941922,1550002893600
9114,99,Gyroscope,-0.0039400775,0.019309454,-0.125881,1550002893610
9115,99,Accelerometer,0.44532153,1.3144168,9.082403999999999,1550002893609
9116,99,Gyroscope,-0.10167851,0.052907042,-0.10388985,1550002893619
9117,99,Accelerometer,1.3012487,1.0414777,9.866506,1550002893620
9118,99,Gyroscope,0.052870392999999995,0.009535611,-0.07273573,1550002893629
9119,99,Accelerometer,1.3359646,1.3934253,9.394848,1550002893630
9120,99,Gyroscope,0.058979042,0.026639838,-0.066016205,1550002893639
9121,99,Accelerometer,0.5255273,1.6771383000000002,9.307459,1550002893639
9122,99,Gyroscope,-0.052198432,0.07550906,-0.02203391,1550002893650
9123,99,Accelerometer,1.0378863999999999,0.8343792999999999,8.289924000000001,1550002893650
9124,99,Gyroscope,-0.027152957000000002,0.0993328,-0.018979583,1550002893659
9125,99,Accelerometer,0.41060558,2.5546130000000002,10.032902,1550002893660
9126,99,Gyroscope,-0.01737911,0.0993328,-0.007373143,1550002893669
9127,99,Accelerometer,0.92176765,0.16519992,9.779117,1550002893669
9128,99,Gyroscope,-0.017989976,0.10971751,-0.022644775,1550002893680
9129,99,Accelerometer,1.7130512999999998,1.6208745,9.537302,1550002893680
9130,99,Gyroscope,-0.030818147999999997,0.09261329,-0.009816604,1550002893689
9131,99,Accelerometer,1.5263035,1.6352396999999999,8.969876,1550002893690
9132,99,Gyroscope,-0.07052439,0.09627848,-0.008594873000000001,1550002893699
9133,99,Accelerometer,2.1751322999999996,0.90859956,9.743203999999999,1550002893699
9134,99,Gyroscope,-0.025931226,0.10116539,0.015839735,1550002893710
9135,99,Accelerometer,1.5047556999999998,1.2617443000000002,10.340557,1550002893710
9136,99,Gyroscope,-0.010659594,0.12254568,0.019504927,1550002893719
9137,99,Accelerometer,0.9852139999999999,0.33638534,9.54209,1550002893720
9138,99,Gyroscope,-0.043646313,0.1310978,-0.0037079514000000003,1550002893729
9139,99,Accelerometer,0.9959879,0.5781997,10.54167,1550002893729
9140,99,Gyroscope,0.011942419,0.10910665,-0.005540547,1550002893740
9141,99,Accelerometer,1.1372458,0.30047232,9.81503,1550002893740
9142,99,Gyroscope,-0.049144104,0.10849578,-0.030586022999999997,1550002893749
9143,99,Accelerometer,0.81402856,0.9696517,9.93474,1550002893750
9144,99,Gyroscope,0.0094989585,0.07734165,-0.02447737,1550002893759
9145,99,Accelerometer,1.2509704,0.4321534000000001,10.551247,1550002893760
9146,99,Gyroscope,0.055924714,0.0431332,-0.009816604,1550002893769
9147,99,Accelerometer,0.9923966000000001,0.92535895,10.30225,1550002893770
9148,99,Gyroscope,-0.010659594,0.06512435,0.0054550273,1550002893779
9149,99,Accelerometer,1.1420341999999999,1.4137761999999998,9.890448,1550002893779
9150,99,Gyroscope,0.021105397,0.06512435,-0.011649198999999999,1550002893789
9151,99,Accelerometer,1.2282255,1.0522517,10.657789,1550002893790
9152,99,Gyroscope,0.00033598019999999995,0.023585513,0.018894061,1550002893799
9153,99,Accelerometer,0.6955156,1.0055646999999999,10.9426985,1550002893800
9154,99,Gyroscope,-0.031429015,-0.00023823230999999999,-0.031807754,1550002893809
9155,99,Accelerometer,1.4077905000000002,0.24779987,9.970653,1550002893809
9156,99,Gyroscope,0.031490106000000004,-0.0020708293,-0.042192463,1550002893820
9157,99,Accelerometer,0.93373865,0.7769185000000001,9.692925,1550002893820
9158,99,Gyroscope,-0.0063835381999999994,0.03152676,-0.050744575,1550002893829
9159,99,Accelerometer,0.6727706999999999,0.47524905,9.309854,1550002893830
9160,99,Gyroscope,-0.0027183462,0.026028972,-0.06845967,1550002893839
9161,99,Accelerometer,1.0127473,0.61890113,9.211691,1550002893839
9162,99,Gyroscope,0.017440207,0.01747686,-0.06662707,1550002893850
9163,99,Accelerometer,0.7649474,0.6895300999999999,9.575610000000001,1550002893850
9164,99,Gyroscope,0.0027794409999999997,0.052296177,-0.051966306,1550002893859
9165,99,Accelerometer,0.5255273,0.18076223,9.192537,1550002893860
9166,99,Gyroscope,0.0015577096,0.061459154,-0.06174015,1550002893869
9167,99,Accelerometer,0.7398083000000001,0.89303726,8.787917,1550002893870
9168,99,Gyroscope,-0.023487763,0.06756781,-0.08128784,1550002893879
9169,99,Accelerometer,1.3275848999999997,0.59855044,9.552864999999999,1550002893880
9170,99,Gyroscope,-0.010659594,0.058404832999999996,-0.08495303,1550002893889
9171,99,Accelerometer,0.62009823,0.9648633,9.738416,1550002893889
9172,99,Gyroscope,-0.009437865,0.08100685,-0.10144639,1550002893900
9173,99,Accelerometer,0.8511386999999999,0.6799533,9.458294,1550002893900
9174,99,Gyroscope,-0.034483336,0.14698029,-0.10511158400000001,1550002893909
9175,99,Accelerometer,1.3036428999999998,0.6619968,9.80665,1550002893910
9176,99,Gyroscope,-0.041813724,0.14453682,-0.083120435,1550002893919
9177,99,Accelerometer,-1.1887212,0.50158525,10.216059,1550002893920
9178,99,Gyroscope,-0.13833043,0.14453682,-0.093505144,1550002893929
9179,99,Accelerometer,0.59136784,1.7130512999999998,13.634978,1550002893930
9180,99,Gyroscope,0.06936375,-0.068044275,-0.097781196,1550002893939
9181,99,Accelerometer,2.4720132,0.05746084,8.64666,1550002893940
9182,99,Gyroscope,-0.07113525,0.037635416,-0.10877677,1550002893949
9183,99,Accelerometer,0.8487445,1.6903063999999999,7.973889,1550002893949
9184,99,Gyroscope,-0.053420155999999996,0.03824628,-0.05135544,1550002893960
9185,99,Accelerometer,-0.3866636,1.1468226000000001,12.108675,1550002893960
9186,99,Gyroscope,0.09868529,-0.039333608,-0.038527273,1550002893969
9187,99,Accelerometer,2.3738509999999997,0.9552864999999999,9.484630000000001,1550002893970
9188,99,Gyroscope,0.060200773,-0.024672844,-0.020812178,1550002893979
9189,99,Accelerometer,0.22744916,1.7010802999999999,8.889671,1550002893979
9190,99,Gyroscope,-0.013103055,0.026028972,-0.055020634000000006,1550002893990
9191,99,Accelerometer,0.18555063,1.1468226000000001,9.878476,1550002893990
9192,99,Gyroscope,-0.0045509413,0.025418106,-0.014703525,1550002893999
9193,99,Accelerometer,1.1444284,0.6847416999999999,10.448297,1550002894000
9194,99,Gyroscope,-0.0045509413,-0.016120728,-0.05929669,1550002894009
9195,99,Accelerometer,0.37110126,0.24420857,8.760384,1550002894009
9196,99,Gyroscope,0.030879242,-0.025894572999999997,-0.07273573,1550002894020
9197,99,Accelerometer,0.9648633,2.244564,8.695741,1550002894020
9198,99,Gyroscope,0.022937994,0.022363782000000002,-0.004929682,1550002894029
9199,99,Accelerometer,1.1145009,1.5490485,8.963891,1550002894030
9200,99,Gyroscope,0.006444632,0.057793967,-0.009205738,1550002894039
9201,99,Accelerometer,0.031124622,1.4185646,11.154586,1550002894040
9202,99,Gyroscope,0.0009468458599999999,0.028472435,0.0048441626,1550002894049
9203,99,Accelerometer,0.6847416999999999,1.1923125,10.9426985,1550002894050
9204,99,Gyroscope,-0.008216133,-0.022840247,0.0323331,1550002894059
9205,99,Accelerometer,2.0530279,1.5167267,10.043676,1550002894059
9206,99,Gyroscope,-0.0008857511,-0.03261409,0.018894061,1550002894069
9207,99,Accelerometer,1.4341268999999999,1.4580688,9.130288,1550002894070
9208,99,Gyroscope,-0.029596416,-0.004514288,0.018894061,1550002894079
9209,99,Accelerometer,0.59974754,1.4820108,9.289502,1550002894080
9210,99,Gyroscope,-0.02532036,-0.017953325,0.021948388,1550002894089
9211,99,Accelerometer,1.3275848999999997,1.2677298000000001,10.16578,1550002894089
9212,99,Gyroscope,0.0076663624,-0.06010303,0.03722002,1550002894100
9213,99,Accelerometer,1.1168951,0.4333505,10.13705,1550002894100
9214,99,Gyroscope,0.028435782000000003,-0.061935622,0.007287623399999999,1550002894109
9215,99,Accelerometer,0.65242,1.270124,9.757569,1550002894110
9216,99,Gyroscope,-0.018600842,-0.041166205,0.043328673,1550002894119
9217,99,Accelerometer,1.2294226000000001,0.61530983,9.107543,1550002894119
9218,99,Gyroscope,-0.0045509413,-0.025283707000000002,0.02317012,1550002894130
9219,99,Accelerometer,0.4357447,1.0666169,10.557233,1550002894130
9220,99,Gyroscope,0.029046647000000002,-0.038722742000000004,0.018283198,1550002894139
9221,99,Accelerometer,0.6703765,1.127669,10.316614999999999,1550002894140
9222,99,Gyroscope,-0.011881325,-0.029559765,0.020726658000000002,1550002894149
9223,99,Accelerometer,0.79008657,1.13964,9.421184,1550002894149
9224,99,Gyroscope,-0.024709495,-0.025894572999999997,0.031722232999999996,1550002894160
9225,99,Accelerometer,0.4249708,1.13964,9.797073,1550002894160
9226,99,Gyroscope,-0.0076052677,-0.011844671999999999,0.01034195,1550002894170
9227,99,Accelerometer,0.10175357,0.82480246,9.190144,1550002894170
9228,99,Gyroscope,-0.043035455,0.005259555,0.024391849,1550002894179
9229,99,Accelerometer,0.42377370000000003,1.8148049,10.146626,1550002894179
9230,99,Gyroscope,-0.009437865,0.0028160921999999997,0.04088521,1550002894190
9231,99,Accelerometer,0.545878,0.712275,9.404425,1550002894190
9232,99,Gyroscope,-0.013103055,0.008313879,0.009731084000000001,1550002894199
9233,99,Accelerometer,0.23223756,1.1599906999999998,8.48984,1550002894200
9234,99,Gyroscope,-0.006994404,0.026028972,0.014618006999999999,1550002894209
9235,99,Accelerometer,0.78170687,1.5897499,8.889671,1550002894209
9236,99,Gyroscope,0.10296135,0.009535611,0.03966348,1550002894220
9237,99,Accelerometer,0.6835446,0.5770026,7.738060000000001,1550002894220
9238,99,Gyroscope,-0.0039400775,0.15614328,0.03722002,1550002894229
9239,99,Accelerometer,1.1599906999999998,2.4863784,10.650606,1550002894230
9240,99,Gyroscope,-0.09373727,0.20928854,0.07753713,1550002894239
9241,99,Accelerometer,-1.685518,0.5650316,10.831368,1550002894240
9242,99,Gyroscope,-0.058917947000000005,-0.0075686146,0.050659052999999996,1550002894249
9243,99,Accelerometer,0.108936176,2.1499932,14.73272,1550002894250
9244,99,Gyroscope,0.124952495,-0.07170947,0.019504927,1550002894260
9245,99,Accelerometer,2.0470424,1.555034,10.30225,1550002894260
9246,99,Gyroscope,-0.07541131,-0.016120728,0.080591455,1550002894269
9247,99,Accelerometer,1.1875241,3.2106244999999998,8.455123,1550002894270
9248,99,Gyroscope,-0.0039400775,-0.0075686146,0.11296731,1550002894279
9249,99,Accelerometer,1.9835961,1.1204863999999999,10.192117,1550002894280
9250,99,Gyroscope,0.09379836,-0.081483305,0.14473231,1550002894289
9251,99,Accelerometer,1.3503298000000001,1.7956512999999998,11.348516,1550002894290
9252,99,Gyroscope,0.0009468458599999999,-0.098587535,0.14167799,1550002894299
9253,99,Accelerometer,1.2162545,0.6811504,9.821015,1550002894300
9254,99,Gyroscope,0.0058337674,-0.11263744,0.11174558,1550002894309
9255,99,Accelerometer,1.1324573999999998,0.59855044,10.181343,1550002894309
9256,99,Gyroscope,0.07058548,-0.10713965,0.10319347,1550002894320
9257,99,Accelerometer,1.0977415000000001,1.1480197,8.561666,1550002894320
9258,99,Gyroscope,-0.01004873,-0.06621168,0.08303491,1550002894329
9259,99,Accelerometer,0.11133038,0.9588778,8.577228,1550002894330
9260,99,Gyroscope,0.039431356,-0.09492235,0.08547837,1550002894339
9261,99,Accelerometer,0.07182605,1.7585411,10.590752,1550002894339
9262,99,Gyroscope,0.1054048,-0.07659639,0.09830654400000001,1550002894350
9263,99,Accelerometer,0.01316811,1.5394716999999998,9.519346,1550002894350
9264,99,Gyroscope,0.0113315545,-0.010622941,0.17099951,1550002894359
9265,99,Accelerometer,-1.0594343000000002,2.4672248,8.419210000000001,1550002894360
9266,99,Gyroscope,-0.014935651999999999,-0.0026816929999999998,0.20337537,1550002894369
9267,99,Accelerometer,-0.09696517,1.7345991000000003,9.67018,1550002894369
9268,99,Gyroscope,0.051037795999999996,-0.035668418,0.20520797,1550002894379
9269,99,Accelerometer,0.40701428,2.7617116000000004,10.411186,1550002894380
9270,99,Gyroscope,-0.032650746,0.0040378235,0.20215364,1550002894389
9271,99,Accelerometer,0.6847416999999999,1.9033904,9.415198,1550002894390
9272,99,Gyroscope,0.021105397,-0.010622941,0.2045971,1550002894399
9273,99,Accelerometer,0.48123455,1.0414777,9.799467,1550002894400
9274,99,Gyroscope,0.039431356,-0.010622941,0.18260595,1550002894409
9275,99,Accelerometer,0.7338228,0.82599956,10.480618,1550002894409
9276,99,Gyroscope,-0.022266036,-0.015509863999999998,0.15756048,1550002894420
9277,99,Accelerometer,0.9768343,-0.33039984,10.650606,1550002894420
9278,99,Gyroscope,0.028435782000000003,-0.06498995,0.13984539,1550002894429
9279,99,Accelerometer,1.34195,0.06464344,9.768343,1550002894429
9280,99,Gyroscope,-0.016157383,-0.06254649,0.06287636,1550002894439
9281,99,Accelerometer,0.5243302,0.33039984,9.414000999999999,1550002894440
9282,99,Gyroscope,-0.027152957000000002,-0.039944474,0.016450599999999996,1550002894449
9283,99,Accelerometer,-0.25977087,0.3890578,10.720038,1550002894449
9284,99,Gyroscope,0.0009468458599999999,-0.057048699999999994,0.009120219,1550002894460
9285,99,Accelerometer,-0.14963761,0.70509243,9.846153999999999,1550002894460
9286,99,Gyroscope,-0.034483336,-0.047274857999999996,0.029889636,1550002894469
9287,99,Accelerometer,-0.260968,0.52073884,9.904813,1550002894470
9288,99,Gyroscope,-0.0045509413,-0.058270432000000004,0.015228872,1550002894479
9289,99,Accelerometer,0.16639702,0.51595044,10.326192,1550002894479
9290,99,Gyroscope,0.044929143,-0.06071389,0.008509354,1550002894489
9291,99,Accelerometer,0.7673416999999999,0.2645593,9.396044999999999,1550002894490
9292,99,Gyroscope,-0.0039400775,-0.046663992,-0.018979583,1550002894499
9293,99,Accelerometer,0.91578215,0.33518824,9.719261999999999,1550002894500
9294,99,Gyroscope,0.0058337674,-0.055216104,-0.048301116,1550002894509
9295,99,Accelerometer,0.91458505,-0.41299978,9.578004,1550002894509
9296,99,Gyroscope,0.0021685753,0.006481286,-0.077622645,1550002894519
9297,99,Accelerometer,0.9516952,1.5981296,13.874398999999999,1550002894520
9298,99,Gyroscope,-0.085185155,0.03580282,-0.10083552400000001,1550002894530
9299,99,Accelerometer,0.6619968,0.034715924,15.254655999999999,1550002894530
9300,99,Gyroscope,-0.10106765,-0.18594128,-0.10572245,1550002894539
9301,99,Accelerometer,2.3678656000000005,-0.32321724,10.451887,1550002894540
9302,99,Gyroscope,0.088911444,-0.2329779,-0.16925243,1550002894549
9303,99,Accelerometer,2.4744074,0.7517793,6.472724400000001,1550002894549
9304,99,Gyroscope,-0.14016302,-0.12546559999999998,-0.17291762,1550002894560
9305,99,Accelerometer,0.4213795,0.9516952,7.824250999999999,1550002894560
9306,99,Gyroscope,0.014385881000000001,-0.11813522,-0.15886772,1550002894569
9307,99,Accelerometer,0.6703765,0.7781156,11.693280999999999,1550002894570
9308,99,Gyroscope,0.15610662,-0.20793241,-0.11977235,1550002894579
9309,99,Accelerometer,0.9828198,0.34356794,10.33098,1550002894579
9310,99,Gyroscope,0.0052229017,-0.21098673,-0.077622645,1550002894590
9311,99,Accelerometer,1.8100165000000001,1.6448165000000001,8.204929,1550002894590
9312,99,Gyroscope,-0.04425718,-0.17066965,-0.0678488,1550002894599
9313,99,Accelerometer,1.6591818,2.4492682999999995,8.318653999999999,1550002894600
9314,99,Gyroscope,-0.0014966168,-0.13768291,-0.09900293,1550002894609
9315,99,Accelerometer,0.47285482,1.1827357,8.874108,1550002894609
9316,99,Gyroscope,-0.02898555,-0.12607647,-0.12771359,1550002894620
9317,99,Accelerometer,-0.044292733,1.0103531,11.206061,1550002894620
9318,99,Gyroscope,0.034544434,-0.16761532,-0.05257717,1550002894629
9319,99,Accelerometer,1.2282255,0.93493575,9.307459,1550002894630
9320,99,Gyroscope,0.030879242,-0.10897224400000001,-0.055020634000000006,1550002894639
9321,99,Accelerometer,0.49559975,1.3096284,7.983465700000001,1550002894640
9322,99,Gyroscope,-0.054031022000000005,-0.038722742000000004,-0.050744575,1550002894649
9323,99,Accelerometer,0.61530983,1.0809821000000002,8.157045,1550002894649
9324,99,Gyroscope,-0.06624833,0.018698592,-0.062351014,1550002894659
9325,99,Accelerometer,0.6847416999999999,1.353921,10.070012,1550002894660
9326,99,Gyroscope,-0.1108415,0.035191953,-0.09106168,1550002894670
9327,99,Accelerometer,0.051475335,1.2294226000000001,11.192893,1550002894670
9328,99,Gyroscope,0.0076663624,0.00037263334000000003,-0.06540534,1550002894679
9329,99,Accelerometer,0.6967127,-0.82240826,10.559627,1550002894680
9330,99,Gyroscope,0.05653558,0.020531185,-0.04463592,1550002894689
9331,99,Accelerometer,0.8726865,1.2126632,9.253589999999999,1550002894689
9332,99,Gyroscope,-0.060750544000000004,0.057793967,-0.0061514126,1550002894699
9333,99,Accelerometer,1.5298948,0.21068975,9.382876,1550002894700
9334,99,Gyroscope,0.021716263,0.025418106,0.014007141,1550002894710
9335,99,Accelerometer,1.0905589,0.6655880999999999,11.024101,1550002894710
9336,99,Gyroscope,0.041263953,-0.0014599635999999999,-0.0043188166,1550002894719
9337,99,Accelerometer,1.5837643999999997,0.32920274,9.9550905,1550002894720
9338,99,Gyroscope,-0.0014966168,0.007092151999999999,-0.017757852,1550002894729
9339,99,Accelerometer,1.8160020000000001,0.6572084,9.391256,1550002894730
9340,99,Gyroscope,0.05348126,0.0034269579,0.0017898360000000002,1550002894739
9341,99,Accelerometer,1.532289,0.7422025,9.92636,1550002894739
9342,99,Gyroscope,0.07608327,-0.015509863999999998,0.006065893,1550002894750
9343,99,Accelerometer,1.1863270000000001,0.4213795,9.8198185,1550002894750
9344,99,Gyroscope,0.04554001,-0.022840247,-0.007373143,1550002894759
9345,99,Accelerometer,1.1145009,1.1528081000000001,9.695319999999999,1550002894760
9346,99,Gyroscope,0.07058548,-0.028338033999999998,0.0005681054,1550002894769
9347,99,Accelerometer,0.7338228,1.127669,9.497798,1550002894769
9348,99,Gyroscope,0.05348126,-0.028338033999999998,0.021337522,1550002894779
9349,99,Accelerometer,1.0127473,1.435324,9.694122,1550002894780
9350,99,Gyroscope,0.07791587,-0.024672844,0.0066767577,1550002894789
9351,99,Accelerometer,1.6938977,1.2138603000000001,8.905233,1550002894790
9352,99,Gyroscope,0.058979042,-0.014288133,-0.0061514126,1550002894799
9353,99,Accelerometer,1.0582372,1.8016368000000003,9.338583999999999,1550002894799
9354,99,Gyroscope,0.041263953,0.015033398,-0.000653625,1550002894809
9355,99,Accelerometer,0.5446809,1.4173675,9.015367,1550002894809
9356,99,Gyroscope,0.0070554977,0.053517907999999996,-0.02692083,1550002894820
9357,99,Accelerometer,0.78410107,0.47644615,8.617929,1550002894820
9358,99,Gyroscope,0.0015577096,0.03824628,-0.049522847,1550002894829
9359,99,Accelerometer,0.79966336,1.1647792,9.539697,1550002894830
9360,99,Gyroscope,-0.03203988,0.02114205,-0.07823351,1550002894839
9361,99,Accelerometer,0.80205756,2.2625206,12.399569999999999,1550002894840
9362,99,Gyroscope,-0.09984591599999999,0.030305027999999998,-0.040359866,1550002894849
9363,99,Accelerometer,0.044292733,0.24540567,13.273454999999998,1550002894849
9364,99,Gyroscope,0.0094989585,-0.14195897,-0.031196889,1550002894859
9365,99,Accelerometer,1.2018893,0.9923966000000001,10.601525,1550002894860
9366,99,Gyroscope,0.13594806,-0.09370062,-0.10999849999999999,1550002894870
9367,99,Accelerometer,3.0154970000000003,2.111686,6.2392898,1550002894870
9368,99,Gyroscope,-0.16154331,0.053517907999999996,-0.05624236,1550002894879
9369,99,Accelerometer,-0.12449849,1.0869676000000001,11.113883999999999,1550002894880
9370,99,Gyroscope,0.0040011713,0.013200805,-0.05807496,1550002894889
9371,99,Accelerometer,0.9636662,1.3467385,12.085930000000001,1550002894890
9372,99,Gyroscope,0.11945470400000001,-0.06621168,-0.043414194,1550002894899
9373,99,Accelerometer,0.48722005,-0.8798690999999998,8.561666,1550002894899
9374,99,Gyroscope,-0.02532036,0.016865995,-0.11549629,1550002894910
9375,99,Accelerometer,-0.12808979,1.1121067,8.882488,1550002894910
9376,99,Gyroscope,-0.008216133,0.06878954,-0.08434217,1550002894919
9377,99,Accelerometer,-0.35913026,2.4432828,9.566033000000001,1550002894920
9378,99,Gyroscope,-0.014324786,0.08894809,-0.08678562,1550002894929
9379,99,Accelerometer,0.51355624,-0.3866636,8.579621000000001,1550002894930
9380,99,Gyroscope,-0.036315932999999995,0.056572236,-0.14298522,1550002894939
9381,99,Accelerometer,-1.5406688,2.1883004,10.368091,1550002894939
9382,99,Gyroscope,0.091965765,0.07795252,-0.093505144,1550002894949
9383,99,Accelerometer,0.31004912,0.6667852,8.385692,1550002894950
9384,99,Gyroscope,0.016218476000000003,0.12743261,-0.02692083,1550002894960
9385,99,Accelerometer,0.15442601,1.8830396,9.018958,1550002894960
9386,99,Gyroscope,-0.016768249,0.1414825,0.012174546000000001,1550002894969
9387,99,Accelerometer,0.31364042,0.6332663000000001,10.704475,1550002894970
9388,99,Gyroscope,0.06936375,0.10238712,-0.028753427999999998,1550002894979
9389,99,Accelerometer,1.2090718999999999,0.60333884,9.484630000000001,1550002894980
9390,99,Gyroscope,-0.04242459,0.104830585,-0.0067622773,1550002894989
9391,99,Accelerometer,1.5490485,1.1204863999999999,9.485827,1550002894989
9392,99,Gyroscope,-0.039981127000000005,0.09811107,-0.048301116,1550002895000
9393,99,Accelerometer,1.6496049,0.8810662,10.334572,1550002895000
9394,99,Gyroscope,-0.014324786,0.07917425,-0.06296188,1550002895009
9395,99,Accelerometer,1.1049241,1.1623849,10.064027000000001,1550002895010
9396,99,Gyroscope,-0.038759395,0.04557666,-0.04463592,1550002895019
9397,99,Accelerometer,1.7573439999999998,0.81642276,10.195708,1550002895020
9398,99,Gyroscope,0.021716263,0.0015943646,-0.042192463,1550002895029
9399,99,Accelerometer,1.3670892,1.3455413999999999,10.582372,1550002895029
9400,99,Gyroscope,0.026603185,-0.0020708293,-0.025699101000000002,1550002895039
9401,99,Accelerometer,1.0726023999999998,1.0031705,9.442732000000001,1550002895040
9402,99,Gyroscope,-0.059528813,0.00037263334000000003,-0.029364292,1550002895050
9403,99,Accelerometer,0.78290397,1.2737153,10.368091,1550002895050
9404,99,Gyroscope,0.029046647000000002,-0.035057552,-0.023866504,1550002895059
9405,99,Accelerometer,0.9648633,1.1839328000000002,9.683349,1550002895060
9406,99,Gyroscope,0.035766162000000004,-0.01856419,-0.040359866,1550002895069
9407,99,Accelerometer,0.6332663000000001,1.6484078000000002,8.5473,1550002895070
9408,99,Gyroscope,-0.041813724,-0.0039034244,-0.02203391,1550002895079
9409,99,Accelerometer,0.37469256,1.0354922,9.094375999999999,1550002895079
9410,99,Gyroscope,0.055313855,-0.0057360195,-0.028753427999999998,1550002895089
9411,99,Accelerometer,0.6691794,1.30484,10.123882,1550002895090
9412,99,Gyroscope,0.054092124000000005,0.01747686,-0.018979583,1550002895099
9413,99,Accelerometer,0.49799395,1.3575124,9.012972,1550002895100
9414,99,Gyroscope,-0.043646313,0.061459154,-0.013481795,1550002895109
9415,99,Accelerometer,-0.20709845,1.5753847,10.408792,1550002895110
9416,99,Gyroscope,-0.019822573,0.0431332,-0.01287093,1550002895119
9417,99,Accelerometer,0.533907,1.271321,10.437522,1550002895120
9418,99,Gyroscope,-0.019822573,0.044965795999999995,-0.04646852,1550002895129
9419,99,Accelerometer,0.866701,1.6424223000000002,8.858546,1550002895129
9420,99,Gyroscope,-0.041813724,0.06878954,-0.030586022999999997,1550002895140
9421,99,Accelerometer,0.36152446,1.5227122,9.288305000000001,1550002895140
9422,99,Gyroscope,0.006444632,0.08894809,-0.011038333999999999,1550002895149
9423,99,Accelerometer,-0.02873042,1.1827357,9.799467,1550002895150
9424,99,Gyroscope,-0.032650746,0.10849578,-0.03302948,1550002895159
9425,99,Accelerometer,-1.0127473,2.0937295,10.515334,1550002895160
9426,99,Gyroscope,-0.1108415,0.04985272,-0.010427468,1550002895169
9427,99,Accelerometer,0.23223756,1.4077905000000002,13.102269,1550002895169
9428,99,Gyroscope,0.029046647000000002,-0.11996782,0.05737857,1550002895179
9429,99,Accelerometer,1.0953473,0.7422025,11.810597,1550002895180
9430,99,Gyroscope,0.10112875,-0.10713965,0.029889636,1550002895190
9431,99,Accelerometer,2.3511062000000003,1.3371617,6.878541499999999,1550002895190
9432,99,Gyroscope,-0.009437865,0.0034269579,0.053102515999999995,1550002895199
9433,99,Accelerometer,1.3587095,2.2984335,6.447585,1550002895200
9434,99,Gyroscope,-0.00027488545,0.032137625,0.10075001,1550002895209
9435,99,Accelerometer,0.062249242999999996,1.5837643999999997,8.857349000000001,1550002895210
9436,99,Gyroscope,0.080359325,-0.0014599635999999999,0.105636925,1550002895219
9437,99,Accelerometer,0.18555063,1.13964,11.166556,1550002895220
9438,99,Gyroscope,0.06386597,0.028472435,0.10808039,1550002895229
9439,99,Accelerometer,-0.30526072,0.9935937,11.117475500000001,1550002895229
9440,99,Gyroscope,-0.020433438999999998,0.12315654,0.0903653,1550002895239
9441,99,Accelerometer,-0.20231004,0.45370123,8.250419,1550002895239
9442,99,Gyroscope,-0.09801333,0.17446923,0.10502606,1550002895250
9443,99,Accelerometer,-2.3942018,1.2186487,9.143456,1550002895250
9444,99,Gyroscope,-0.10228938,0.15614328,-0.009205738,1550002895259
9445,99,Accelerometer,-0.7290344,1.2401965,9.3026705,1550002895260
9446,99,Gyroscope,-0.080909096,0.11277183,-0.0140926605,1550002895269
9447,99,Accelerometer,-0.07182605,1.3120226000000001,10.517728,1550002895270
9448,99,Gyroscope,-0.06258314,0.09627848,0.034776557,1550002895279
9449,99,Accelerometer,0.017956512,0.7134720999999999,9.526527999999999,1550002895279
9450,99,Gyroscope,-0.058917947000000005,0.071233004,0.02927877,1550002895289
9451,99,Accelerometer,0.79726917,0.019153614,10.049662,1550002895290
9452,99,Gyroscope,0.032711837,0.024807245,0.0127854105,1550002895300
9453,99,Accelerometer,2.0015526,-0.48123455,11.160571000000001,1550002895300
9454,99,Gyroscope,-0.012492188999999999,-0.012455538,-0.04646852,1550002895310
9455,99,Accelerometer,1.9847932000000001,-0.010773907,10.840945,1550002895310
9456,99,Gyroscope,-0.068080924,-0.041777067,-0.08556389999999998,1550002895319
9457,99,Accelerometer,2.2960392999999995,0.16759412,10.21965,1550002895320
9458,99,Gyroscope,-0.018600842,-0.07842898,-0.117939755,1550002895329
9459,99,Accelerometer,1.9752164,-0.02873042,10.629059,1550002895329
9460,99,Gyroscope,-0.037537664,-0.10469619,-0.09655947,1550002895340
9461,99,Accelerometer,1.6388310000000001,0.40581718,9.446322,1550002895340
9462,99,Gyroscope,-0.027763822999999997,-0.11935695,-0.10144639,1550002895349
9463,99,Accelerometer,1.0283096,0.91458505,10.022128,1550002895350
9464,99,Gyroscope,0.020494534,-0.10408532599999999,-0.07517918,1550002895359
9465,99,Accelerometer,0.56982,0.7493850999999999,9.300277000000001,1550002895360
9466,99,Gyroscope,-0.01004873,-0.08392677,-0.06051842,1550002895369
9467,99,Accelerometer,0.7733272,1.520318,9.394848,1550002895369
9468,99,Gyroscope,-0.037537664,-0.09370062,-0.051966306,1550002895379
9469,99,Accelerometer,0.8583213,1.3251906999999998,9.996989,1550002895380
9470,99,Gyroscope,0.026603185,-0.08942456,-0.08800735,1550002895390
9471,99,Accelerometer,0.9732430000000001,1.1480197,8.9124155,1550002895390
9472,99,Gyroscope,-0.01127046,-0.030170628999999997,-0.10511158400000001,1550002895399
9473,99,Accelerometer,0.077811554,1.6711528000000002,8.942344,1550002895400
9474,99,Gyroscope,-0.054641888,-0.00084909797,-0.11183110000000002,1550002895409
9475,99,Accelerometer,0.094570965,1.3479356000000002,9.497798,1550002895410
9476,99,Gyroscope,0.0009468458599999999,0.008313879,-0.12038321,1550002895419
9477,99,Accelerometer,0.32680854,1.246182,9.707291,1550002895419
9478,99,Gyroscope,-0.031429015,0.029694162000000003,-0.12038321,1550002895430
9479,99,Accelerometer,0.31603462,1.1791444,9.148245,1550002895430
9480,99,Gyroscope,-0.06502659599999999,0.04985272,-0.10511158400000001,1550002895439
9481,99,Accelerometer,0.6440403,0.9684546,9.787497,1550002895440
9482,99,Gyroscope,-0.02898555,0.041911468,-0.09839206,1550002895449
9483,99,Accelerometer,1.2258313,0.8379706,10.123882,1550002895449
9484,99,Gyroscope,-0.041813724,0.04007887,-0.09533774,1550002895459
9485,99,Accelerometer,1.6136919,0.7302314999999999,9.470264,1550002895459
9486,99,Gyroscope,-0.055252752999999995,0.048020124000000004,-0.10388985,1550002895470
9487,99,Accelerometer,1.2797008,0.92895025,10.011353999999999,1550002895470
9488,99,Gyroscope,-0.019822573,0.043744065,-0.08495303,1550002895479
9489,99,Accelerometer,1.365892,0.8547299999999999,9.965864,1550002895480
9490,99,Gyroscope,-0.02409863,0.048020124000000004,-0.081898704,1550002895489
9491,99,Accelerometer,1.1037270000000001,1.1839328000000002,9.654618,1550002895490
9492,99,Gyroscope,-0.005161807,0.042522334,-0.05807496,1550002895499
9493,99,Accelerometer,1.0522517,1.2174516000000002,9.312247,1550002895500
9494,99,Gyroscope,0.036377028,0.018698592,-0.035472944,1550002895509
9495,99,Accelerometer,1.1887212,1.9021933000000002,9.030928999999999,1550002895509
9496,99,Gyroscope,0.08097019,0.057793967,0.034776557,1550002895519
9497,99,Accelerometer,2.3080103,2.5953147,9.995792,1550002895520
9498,99,Gyroscope,0.01560761,0.14209336,0.0323331,1550002895530
9499,99,Accelerometer,0.23942018,2.0506337,10.688913000000001,1550002895530
9500,99,Gyroscope,-0.06563746,0.14026079,0.079369724,1550002895539
9501,99,Accelerometer,0.9600749,1.9153613999999999,13.0759325,1550002895540
9502,99,Gyroscope,0.031490106000000004,0.010146476,0.07753713,1550002895549
9503,99,Accelerometer,2.5689783,1.4161704,11.198878,1550002895550
9504,99,Gyroscope,0.08341365,-0.03750101,0.06043289599999999,1550002895559
9505,99,Accelerometer,1.541866,1.0498575,8.773552,1550002895560
9506,99,Gyroscope,-0.038759395,-0.016120728,0.11052385,1550002895569
9507,99,Accelerometer,2.4887726000000003,0.59735334,8.884883,1550002895569
9508,99,Gyroscope,-0.038759395,-0.025894572999999997,0.124573745,1550002895580
9509,99,Accelerometer,2.0422540000000002,1.9057846,10.265139999999999,1550002895580
9510,99,Gyroscope,-0.047922373,-0.01856419,0.10930212,1550002895590
9511,99,Accelerometer,1.4449007999999999,-0.21428105,9.991004,1550002895590
9512,99,Gyroscope,-0.05586362,-0.033224955,0.1025826,1550002895599
9513,99,Accelerometer,0.092176765,-0.027533319,10.892421,1550002895600
9514,99,Gyroscope,-0.052198432,-0.010012077,0.021337522,1550002895609
9515,99,Accelerometer,1.7393875,0.32202014,8.617929,1550002895610
9516,99,Gyroscope,-0.092515536,-0.04544226,0.014618006999999999,1550002895619
9517,99,Accelerometer,0.80325466,0.9516952,9.358934,1550002895619
9518,99,Gyroscope,-0.016768249,-0.09492235,0.036609154,1550002895629
9519,99,Accelerometer,0.3890578,0.7194576,10.465055,1550002895630
9520,99,Gyroscope,-0.012492188999999999,-0.091257155,0.0024007012,1550002895640
9521,99,Accelerometer,1.1300632,0.90381116,9.532514,1550002895640
9522,99,Gyroscope,0.057146445,-0.06865514,0.024391849,1550002895649
9523,99,Accelerometer,0.9995792,0.8619126,9.305064999999999,1550002895650
9524,99,Gyroscope,0.025992319,-0.04605312599999999,0.020726658000000002,1550002895659
9525,99,Accelerometer,0.7649474,0.641646,10.254366000000001,1550002895659
9526,99,Gyroscope,0.042485684,-0.07842898,0.056156844000000004,1550002895670
9527,99,Accelerometer,0.33997664,0.107739076,10.095152,1550002895670
9528,99,Gyroscope,0.05042693,-0.06987687,0.0005681054,1550002895679
9529,99,Accelerometer,1.7094599999999998,-0.24779987,9.340978,1550002895680
9530,99,Gyroscope,0.0009468458599999999,-0.04910745,-0.0037079514000000003,1550002895689
9531,99,Accelerometer,1.0642227,1.292869,8.943541,1550002895690
9532,99,Gyroscope,-0.037537664,-0.022840247,-0.0018753556,1550002895699
9533,99,Accelerometer,0.30406362,0.6380547,8.944737,1550002895699
9534,99,Gyroscope,-0.00027488545,-0.04849659,-0.042192463,1550002895709
9535,99,Accelerometer,0.94570965,0.90021986,10.855310000000001,1550002895710
9536,99,Gyroscope,0.0040011713,-0.058881298,-0.053188037,1550002895720
9537,99,Accelerometer,0.9648633,1.292869,10.172963000000001,1550002895720
9538,99,Gyroscope,-0.035705067,-0.07170947,-0.029975157000000002,1550002895729
9539,99,Accelerometer,0.5710170999999999,1.3599066,9.824607,1550002895730
9540,99,Gyroscope,0.032711837,-0.06560081,-0.04463592,1550002895739
9541,99,Accelerometer,0.7398083000000001,1.4401124,9.500193,1550002895740
9542,99,Gyroscope,0.006444632,-0.034446687000000004,-0.04646852,1550002895749
9543,99,Accelerometer,1.0737995,1.7465701,8.826224,1550002895749
9544,99,Gyroscope,-0.015546517,-0.017953325,-0.02325564,1550002895759
9545,99,Accelerometer,0.62847793,0.78050977,8.713697,1550002895759
9546,99,Gyroscope,-0.01004873,-0.0020708293,-0.041581597000000005,1550002895770
9547,99,Accelerometer,0.21308395,1.3706805,10.912771000000001,1550002895770
9548,99,Gyroscope,-0.04242459,0.010146476,-0.042192463,1550002895779
9549,99,Accelerometer,0.36272156,0.7410054,9.832987,1550002895780
9550,99,Gyroscope,-0.037537664,0.0058704205,-0.033640347,1550002895789
9551,99,Accelerometer,0.088585466,0.91219085,9.242816,1550002895790
9552,99,Gyroscope,-0.0045509413,0.015033398,-0.045857653,1550002895799
9553,99,Accelerometer,0.8595184000000001,1.5370774999999999,8.882488,1550002895799
9554,99,Gyroscope,-0.038759395,0.029083297,-0.022644775,1550002895809
9555,99,Accelerometer,0.62488663,1.5993267,10.166978,1550002895810
9556,99,Gyroscope,0.026603185,0.010146476,-0.017146988000000002,1550002895820
9557,99,Accelerometer,1.2186487,1.043872,9.950302,1550002895820
9558,99,Gyroscope,0.07180721,0.0028160921999999997,0.018283198,1550002895829
9559,99,Accelerometer,1.6807296000000003,2.5785553,11.773487,1550002895830
9560,99,Gyroscope,-0.087017745,0.051074445,0.013396275,1550002895839
9561,99,Accelerometer,0.29448682,1.4401124,11.999739,1550002895840
9562,99,Gyroscope,-0.10473284,-0.06926601,0.039052617000000005,1550002895849
9563,99,Accelerometer,1.2270284,1.163582,11.81778,1550002895849
9564,99,Gyroscope,0.07974846,-0.16150665,0.0127854105,1550002895859
9565,99,Accelerometer,2.7401638,1.4293385,8.604761,1550002895859
9566,99,Gyroscope,-0.059528813,-0.10225273,0.020115793,1550002895870
9567,99,Accelerometer,1.436521,1.8710686,7.965509,1550002895870
9568,99,Gyroscope,-0.054031022000000005,-0.08575937,0.015228872,1550002895880
9569,99,Accelerometer,0.30286652,0.26336220000000005,10.678139999999999,1550002895880
9570,99,Gyroscope,0.12556335,-0.13096339,0.02927877,1550002895889
9571,99,Accelerometer,2.0422540000000002,0.62009823,9.8677025,1550002895890
9572,99,Gyroscope,-0.013103055,-0.12363301,0.05921117,1550002895899
9573,99,Accelerometer,2.0422540000000002,1.412579,8.829816000000001,1550002895900
9574,99,Gyroscope,0.019883668,-0.13462860000000001,0.0048441626,1550002895909
9575,99,Accelerometer,0.4429273,1.0833763,9.8437605,1550002895909
9576,99,Gyroscope,0.048594332999999997,-0.10958311,0.0323331,1550002895919
9577,99,Accelerometer,0.7218518,1.2437878,10.819398,1550002895920
9578,99,Gyroscope,-0.02532036,-0.092478886,0.05004819,1550002895930
9579,99,Accelerometer,1.0941502,0.7038953,9.53012,1550002895930
9580,99,Gyroscope,0.10296135,-0.08942456,0.035387423,1550002895939
9581,99,Accelerometer,-0.16400282,1.6220716,9.384072999999999,1550002895940
9582,99,Gyroscope,0.021716263,-0.039944474,0.03844175,1550002895949
9583,99,Accelerometer,-0.016759411999999998,0.79846627,7.669825,1550002895950
9584,99,Gyroscope,-0.030818147999999997,0.01747686,0.046993863,1550002895959
9585,99,Accelerometer,-0.5518635000000001,1.8411411,9.730036,1550002895959
9586,99,Gyroscope,0.011942419,0.01747686,0.07142847,1550002895969
9587,99,Accelerometer,-0.19512744,1.2521674999999999,10.257957000000001,1550002895969
9588,99,Gyroscope,-0.03203988,0.014422532,0.054324247,1550002895980
9589,99,Accelerometer,0.5662286999999999,1.5131354,9.248801,1550002895980
9590,99,Gyroscope,-0.01737911,0.013200805,0.07387193,1550002895989
9591,99,Accelerometer,0.12090719,1.0737995,9.81503,1550002895990
9592,99,Gyroscope,0.02354886,0.03580282,0.054324247,1550002895999
9593,99,Accelerometer,0.7230489,1.5502456,9.349358,1550002896000
9594,99,Gyroscope,-0.019211708,0.034581087999999996,0.07020674,1550002896009
9595,99,Accelerometer,0.108936176,1.6340426000000001,9.648633,1550002896010
9596,99,Gyroscope,-0.0033292117999999997,0.044965795999999995,0.062265493,1550002896019
9597,99,Accelerometer,0.997185,1.5526398000000001,11.518504,1550002896019
9598,99,Gyroscope,0.057146445,0.005259555,0.07692626,1550002896029
9599,99,Accelerometer,1.2976573999999998,1.0977415000000001,9.331401,1550002896030
9600,99,Gyroscope,-0.033261612,0.011979073,0.07998059,1550002896040
9601,99,Accelerometer,0.80564886,1.8519150000000002,10.198102,1550002896040
9602,99,Gyroscope,0.06814202,-0.02100765,0.08120232,1550002896049
9603,99,Accelerometer,1.1145009,0.7086836999999999,9.925163000000001,1550002896050
9604,99,Gyroscope,0.035766162000000004,-0.01856419,0.086700104,1550002896059
9605,99,Accelerometer,0.60812724,1.8519150000000002,9.721656,1550002896060
9606,99,Gyroscope,-0.027763822999999997,-0.011233807,0.1025826,1550002896069
9607,99,Accelerometer,0.8511386999999999,1.1767502,9.695319999999999,1550002896069
9608,99,Gyroscope,0.05775731,-0.038111877,0.09586308,1550002896079
9609,99,Accelerometer,0.91099375,1.7681179,10.483011999999999,1550002896079
9610,99,Gyroscope,0.03393357,-0.024061977999999998,0.094030485,1550002896090
9611,99,Accelerometer,0.8690952,1.0953473,8.892064999999999,1550002896090
9612,99,Gyroscope,0.0113315545,-0.025283707000000002,0.1025826,1550002896099
9613,99,Accelerometer,0.18315643,1.0151415000000001,9.731233,1550002896100
9614,99,Gyroscope,0.046761736,-0.02100765,0.082424045,1550002896109
9615,99,Accelerometer,0.6536171,0.9600749,10.123882,1550002896110
9616,99,Gyroscope,-0.015546517,-0.015509863999999998,0.09280875,1550002896119
9617,99,Accelerometer,0.3866636,0.7158663000000001,9.466674000000001,1550002896120
9618,99,Gyroscope,0.01560761,-0.019175055,0.07020674,1550002896129
9619,99,Accelerometer,0.35553896,0.45609543,9.886856,1550002896129
9620,99,Gyroscope,0.05470299,-0.017953325,0.054324247,1550002896139
9621,99,Accelerometer,0.34715924,0.9516952,9.270349000000001,1550002896140
9622,99,Gyroscope,0.017440207,0.0009834989999999999,0.06531982,1550002896150
9623,99,Accelerometer,0.17717093,1.0474633,8.1402855,1550002896150
9624,99,Gyroscope,-0.011881325,0.08833723,0.06776328400000001,1550002896159
9625,99,Accelerometer,0.35673606,1.5131354,11.653777,1550002896160
9626,99,Gyroscope,-0.0063835381999999994,0.055350505,0.09647395,1550002896169
9627,99,Accelerometer,-1.0043676,1.0055646999999999,11.542446,1550002896169
9628,99,Gyroscope,-0.056474485,-0.05582697,0.068985015,1550002896180
9629,99,Accelerometer,0.7661445,1.6783354,11.370064,1550002896180
9630,99,Gyroscope,0.035155296,-0.024672844,0.06959588,1550002896189
9631,99,Accelerometer,1.0498575,0.36631286,9.010578,1550002896190
9632,99,Gyroscope,-0.06319401,0.033970222,0.06654155,1550002896199
9633,99,Accelerometer,0.36511576,0.9648633,8.252813,1550002896200
9634,99,Gyroscope,-0.0076052677,0.018698592,0.045161266,1550002896209
9635,99,Accelerometer,-0.17836803,1.7130512999999998,10.323798,1550002896209
9636,99,Gyroscope,0.07180721,-0.010012077,0.05249165,1550002896219
9637,99,Accelerometer,-0.0047884034,1.4628572,10.737994,1550002896220
9638,99,Gyroscope,0.010109824,-0.030170628999999997,0.11174558,1550002896230
9639,99,Accelerometer,-0.027533319,0.18794483,10.0987425,1550002896230
9640,99,Gyroscope,0.021105397,-0.029559765,0.10624779,1550002896239
9641,99,Accelerometer,0.58418524,0.7721300999999999,10.739192,1550002896240
9642,99,Gyroscope,0.011942419,-0.013677267,0.023780985,1550002896249
9643,99,Accelerometer,0.15203181,-0.08499416,10.333375,1550002896250
9644,99,Gyroscope,-0.06136141,-0.016120728,0.025002714,1550002896259
9645,99,Accelerometer,0.9756372,-0.545878,10.266336,1550002896259
9646,99,Gyroscope,-0.016157383,-0.038722742000000004,-0.045857653,1550002896269
9647,99,Accelerometer,1.2593501,1.0378863999999999,8.6095495,1550002896269
9648,99,Gyroscope,-0.040591992,-0.016731594,-0.10144639,1550002896280
9649,99,Accelerometer,0.23104046,0.31124622,8.852561,1550002896280
9650,99,Gyroscope,-0.017989976,0.024196379,-0.124048404,1550002896289
9651,99,Accelerometer,-0.24181437,1.4257472,10.53329,1550002896290
9652,99,Gyroscope,0.041263953,0.024196379,-0.06540534,1550002896299
9653,99,Accelerometer,0.61171854,1.0414777,9.448717,1550002896300
9654,99,Gyroscope,-0.02898555,0.048020124000000004,-0.04402506,1550002896309
9655,99,Accelerometer,0.32441434,1.7226281000000003,10.129868,1550002896310
9656,99,Gyroscope,-0.0014966168,0.037635416,-0.029975157000000002,1550002896319
9657,99,Accelerometer,0.8702923,1.3072342,9.871294,1550002896319
9658,99,Gyroscope,-0.005161807,0.036413684,-0.018368717,1550002896329
9659,99,Accelerometer,1.4305356000000002,1.3970166000000002,9.753978,1550002896330
9660,99,Gyroscope,-0.04547891,0.03885714,-0.025088236,1550002896340
9661,99,Accelerometer,1.7441759,0.9504981,10.3453455,1550002896340
9662,99,Gyroscope,0.013775015,0.0015943646,-0.05624236,1550002896349
9663,99,Accelerometer,1.3551182,0.62967503,9.964667,1550002896350
9664,99,Gyroscope,-0.010659594,-0.0039034244,-0.071513996,1550002896359
9665,99,Accelerometer,1.5646108,0.8738836,9.913192,1550002896360
9666,99,Gyroscope,-0.014935651999999999,-0.015509863999999998,-0.07395746,1550002896369
9667,99,Accelerometer,1.5466543,0.60812724,9.868899,1550002896369
9668,99,Gyroscope,-0.0076052677,-0.024672844,-0.08861822,1550002896379
9669,99,Accelerometer,1.0809821000000002,1.0211270000000001,10.123882,1550002896379
9670,99,Gyroscope,-0.028374685,-0.03261409,-0.06907053,1550002896390
9671,99,Accelerometer,1.7046716,0.94211835,10.206482000000001,1550002896390
9672,99,Gyroscope,-0.0063835381999999994,-0.043609664000000006,-0.08250957,1550002896399
9673,99,Accelerometer,1.3754688999999998,1.1073183000000002,9.841366,1550002896400
9674,99,Gyroscope,0.0040011713,-0.058881298,-0.08556389999999998,1550002896409
9675,99,Accelerometer,1.0869676000000001,1.5071499,8.88608,1550002896410
9676,99,Gyroscope,-0.0008857511,-0.036279282999999996,-0.07395746,1550002896419
9677,99,Accelerometer,0.9768343,1.483208,8.836999,1550002896420
9678,99,Gyroscope,-0.012492188999999999,-0.012455538,-0.05440977,1550002896429
9679,99,Accelerometer,0.82480246,1.6316483999999998,9.23683,1550002896429
9680,99,Gyroscope,0.038209625,0.009535611,-0.04463592,1550002896440
9681,99,Accelerometer,1.1695676000000002,1.34195,9.995792,1550002896440
9682,99,Gyroscope,0.0015577096,0.024807245,-0.059907555999999994,1550002896449
9683,99,Accelerometer,0.2885013,1.0833763,9.715671,1550002896450
9684,99,Gyroscope,-0.0021074805,0.030915894,-0.04280333,1550002896459
9685,99,Accelerometer,0.78170687,1.5143325,10.234015,1550002896460
9686,99,Gyroscope,-0.01127046,0.015644263000000002,-0.028753427999999998,1550002896469
9687,99,Accelerometer,0.93613285,1.0845733999999998,9.326611999999999,1550002896470
9688,99,Gyroscope,-0.0137139205,0.01992032,-0.034251212999999996,1550002896479
9689,99,Accelerometer,0.8547299999999999,1.5562311000000002,9.105149,1550002896479
9690,99,Gyroscope,-0.034483336,0.04740926,-0.02692083,1550002896489
9691,99,Accelerometer,1.0402806,1.2904748,9.266758,1550002896490
9692,99,Gyroscope,-0.036315932999999995,0.05596137,-0.0037079514000000003,1550002896499
9693,99,Accelerometer,1.7932571,1.1097125,9.716867,1550002896500
9694,99,Gyroscope,-0.00027488545,0.0431332,0.022559252999999998,1550002896509
9695,99,Accelerometer,1.5191208999999999,1.0977415000000001,9.8437605,1550002896510
9696,99,Gyroscope,0.0027794409999999997,0.018087726000000002,0.04882646,1550002896519
9697,99,Accelerometer,1.7034745,1.0905589,9.185355,1550002896520
9698,99,Gyroscope,0.05042693,0.05046358,0.046382997,1550002896529
9699,99,Accelerometer,3.3638535000000003,1.2306197,7.912836599999999,1550002896529
9700,99,Gyroscope,0.008277228000000001,0.11216097,0.075093664,1550002896539
9701,99,Accelerometer,1.1192893,2.087744,9.639056,1550002896539
9702,99,Gyroscope,-0.10778716,0.10971751,0.041496076,1550002896549
9703,99,Accelerometer,1.246182,0.34596214,11.641805999999999,1550002896550
9704,99,Gyroscope,0.024159724,-0.047885723,0.057989437000000005,1550002896559
9705,99,Accelerometer,1.4077905000000002,0.08379706,12.156559,1550002896560
9706,99,Gyroscope,0.08646798,-0.05460524,-0.007984008,1550002896569
9707,99,Accelerometer,1.6639702,1.1073183000000002,8.796297000000001,1550002896570
9708,99,Gyroscope,-0.055252752999999995,-0.0032925587,0.008509354,1550002896579
9709,99,Accelerometer,0.62847793,2.147599,7.983465700000001,1550002896580
9710,99,Gyroscope,0.061422504,-0.039944474,0.075093664,1550002896589
9711,99,Accelerometer,0.062249242999999996,0.61291564,11.085154,1550002896589
9712,99,Gyroscope,0.12373076400000001,-0.06926601,0.046993863,1550002896599
9713,99,Accelerometer,1.6340426000000001,0.5291186,10.568006500000001,1550002896599
9714,99,Gyroscope,0.028435782000000003,-0.05460524,0.07814799,1550002896610
9715,99,Accelerometer,1.0127473,1.2569559,8.311471000000001,1550002896610
9716,99,Gyroscope,0.04004222,-0.042387932999999996,0.06776328400000001,1550002896619
9717,99,Accelerometer,0.736217,0.7374141,9.811439,1550002896620
9718,99,Gyroscope,0.07363981,-0.022840247,0.056767705999999994,1550002896629
9719,99,Accelerometer,0.79008657,-0.50637364,9.554062,1550002896630
9720,99,Gyroscope,-0.031429015,-0.028338033999999998,0.028667906,1550002896639
9721,99,Accelerometer,0.34237084,0.6512229,9.599552000000001,1550002896640
9722,99,Gyroscope,-0.016157383,-0.043609664000000006,-0.000653625,1550002896649
9723,99,Accelerometer,0.9684546,0.70509243,9.979032499999999,1550002896649
9724,99,Gyroscope,-0.025931226,-0.04605312599999999,-0.066016205,1550002896659
9725,99,Accelerometer,1.1911154,1.4664485,10.284293,1550002896659
9726,99,Gyroscope,-0.05708535,-0.021618515,-0.06479447,1550002896670
9727,99,Accelerometer,0.36511576,0.36391866,9.217675999999999,1550002896670
9728,99,Gyroscope,-0.03509419999999999,-0.03750101,-0.10266812,1550002896679
9729,99,Accelerometer,0.5398925,1.0414777,10.235211999999999,1550002896680
9730,99,Gyroscope,-0.0137139205,-0.058270432000000004,-0.11183110000000002,1550002896689
9731,99,Accelerometer,0.8786719999999999,0.82121116,10.351331,1550002896689
9732,99,Gyroscope,-0.034483336,-0.051550914,-0.10144639,1550002896699
9733,99,Accelerometer,1.1264718999999999,0.6404489000000001,9.378088,1550002896700
9734,99,Gyroscope,-0.03814853,-0.053994372,-0.074568324,1550002896709
9735,99,Accelerometer,0.9935937,0.4333505,9.351752000000001,1550002896710
9736,99,Gyroscope,0.0040011713,-0.046663992,-0.0837313,1550002896719
9737,99,Accelerometer,1.1504139,1.3838485,9.398438,1550002896720
9738,99,Gyroscope,-0.028374685,-0.039333608,-0.09289428,1550002896729
9739,99,Accelerometer,0.6955156,1.3072342,9.858125999999999,1550002896729
9740,99,Gyroscope,-0.030207282000000002,-0.042998800000000004,-0.09289428,1550002896739
9741,99,Accelerometer,0.7505821999999999,1.4460978999999998,10.564414999999999,1550002896739
9742,99,Gyroscope,0.0015577096,-0.057659565999999995,-0.08250957,1550002896750
9743,99,Accelerometer,1.0199299000000002,1.2186487,9.388862,1550002896750
9744,99,Gyroscope,-0.044868045,-0.050940047999999995,-0.08128784,1550002896759
9745,99,Accelerometer,0.3184288,1.7669207999999998,9.479841,1550002896760
9746,99,Gyroscope,-0.011881325,-0.026505437000000003,-0.083120435,1550002896769
9747,99,Accelerometer,0.81163436,1.3563153000000001,9.776722999999999,1550002896770
9748,99,Gyroscope,-0.0021074805,-0.03261409,-0.06845967,1550002896779
9749,99,Accelerometer,0.9804255999999999,1.3634979,9.246407000000001,1550002896780
9750,99,Gyroscope,-0.024709495,-0.024672844,-0.066016205,1550002896789
9751,99,Accelerometer,0.61052144,1.4508862,9.742006,1550002896789
9752,99,Gyroscope,-0.02165517,-0.02100765,-0.053798902999999995,1550002896799
9753,99,Accelerometer,0.90381116,1.174356,10.474632000000001,1550002896799
9754,99,Gyroscope,-0.008826999,-0.027727167999999996,-0.05257717,1550002896810
9755,99,Accelerometer,1.3634979,1.2940661,9.846153999999999,1550002896810
9756,99,Gyroscope,-0.021044305,-0.028338033999999998,-0.040359866,1550002896819
9757,99,Accelerometer,0.59615624,1.2521674999999999,9.41041,1550002896820
9758,99,Gyroscope,-0.018600842,-0.011844671999999999,-0.05257717,1550002896829
9759,99,Accelerometer,0.2813187,1.0690111,9.858125999999999,1550002896830
9760,99,Gyroscope,0.0076663624,-0.014288133,-0.017146988000000002,1550002896839
9761,99,Accelerometer,0.91817635,1.2689268999999999,9.856929,1550002896840
9762,99,Gyroscope,-0.0014966168,-0.005125154,-0.010427468,1550002896849
9763,99,Accelerometer,0.49320555,1.3383588,9.595961,1550002896849
9764,99,Gyroscope,-0.022876898,0.014422532,-0.010427468,1550002896859
9765,99,Accelerometer,0.700304,1.0618285,9.53012,1550002896860
9766,99,Gyroscope,0.010720688999999999,-0.0014599635999999999,-0.004929682,1550002896870
9767,99,Accelerometer,0.4405331,0.92416185,9.479841,1550002896870
9768,99,Gyroscope,0.02477059,-0.006346885,0.019504927,1550002896879
9769,99,Accelerometer,1.210269,1.0941502,9.497798,1550002896880
9770,99,Gyroscope,-0.010659594,0.022974647999999997,0.015839735,1550002896889
9771,99,Accelerometer,0.2741361,0.79367787,8.456321,1550002896890
9772,99,Gyroscope,-0.04425718,0.057793967,0.015228872,1550002896899
9773,99,Accelerometer,0.047884032,1.4915876000000001,10.115502000000001,1550002896899
9774,99,Gyroscope,-0.052809298,0.019309454,-0.007984008,1550002896909
9775,99,Accelerometer,0.93972415,1.4616601,10.020931,1550002896909
9776,99,Gyroscope,0.052259527,-0.020396786,0.017061466,1550002896920
9777,99,Accelerometer,1.0163386,2.0111293999999997,9.605537,1550002896920
9778,99,Gyroscope,0.014385881000000001,0.0040378235,0.043328673,1550002896929
9779,99,Accelerometer,0.50876784,0.7254431,9.880871,1550002896930
9780,99,Gyroscope,0.07180721,0.0040378235,0.07570453,1550002896939
9781,99,Accelerometer,2.0901381999999997,1.3718776000000001,9.642648,1550002896940
9782,99,Gyroscope,0.06692029,-0.00817948,0.13373673,1550002896949
9783,99,Accelerometer,2.1392192999999997,2.1751322999999996,8.911219000000001,1550002896950
9784,99,Gyroscope,-0.03814853,-0.00817948,0.087921835,1550002896959
9785,99,Accelerometer,0.81283146,0.9564835999999999,9.909601,1550002896959
9786,99,Gyroscope,0.029046647000000002,-0.035057552,0.068985015,1550002896970
9787,99,Accelerometer,0.30406362,0.81642276,10.150217999999999,1550002896970
9788,99,Gyroscope,0.021716263,-0.039944474,0.070817605,1550002896980
9789,99,Accelerometer,0.78649527,0.8762778,8.649054,1550002896980
9790,99,Gyroscope,0.03882049,-0.02100765,0.09464135,1550002896989
9791,99,Accelerometer,0.664391,2.0961237,10.097546000000001,1550002896990
9792,99,Gyroscope,0.017440207,0.023585513,0.11174558,1550002896999
9793,99,Accelerometer,0.3866636,1.7178397,9.288305000000001,1550002897000
9794,99,Gyroscope,-0.025931226,0.05473964,0.15084097,1550002897009
9795,99,Accelerometer,-1.0079589,1.5945383,9.506178,1550002897009
9796,99,Gyroscope,-0.01004873,0.06451348,0.11968683,1550002897019
9797,99,Accelerometer,0.02873042,1.5801731,10.194510000000001,1550002897019
9798,99,Gyroscope,0.004612036,0.08161771,0.13007155,1550002897030
9799,99,Accelerometer,-0.01316811,2.054225,8.9519205,1550002897030
9800,99,Gyroscope,-0.01004873,0.116437025,0.15694961,1550002897039
9801,99,Accelerometer,-0.2885013,2.0578163000000003,9.707291,1550002897040
9802,99,Gyroscope,0.01560761,0.11277183,0.18077336,1550002897049
9803,99,Accelerometer,0.050278235,1.4149733,9.992201,1550002897050
9804,99,Gyroscope,-0.0137139205,0.09627848,0.19421239,1550002897059
9805,99,Accelerometer,0.5255273,1.7525556,10.42196,1550002897059
9806,99,Gyroscope,-0.0008857511,0.073065594,0.18810374,1550002897069
9807,99,Accelerometer,1.3215994,0.37588966,10.840945,1550002897070
9808,99,Gyroscope,0.03759876,0.046798393,0.14289970000000002,1550002897080
9809,99,Accelerometer,1.8219875,0.21308395,10.2735195,1550002897080
9810,99,Gyroscope,0.00033598019999999995,0.029694162000000003,0.090976164,1550002897089
9811,99,Accelerometer,1.3826513999999999,0.4213795,9.821015,1550002897090
9812,99,Gyroscope,0.004612036,0.021752916,0.03416569,1550002897099
9813,99,Accelerometer,1.1575965,-0.06344634,10.163386000000001,1550002897100
9814,99,Gyroscope,0.024159724,0.010146476,0.012174546000000001,1550002897109
9815,99,Accelerometer,0.25977087,0.07062895,10.102333999999999,1550002897110
9816,99,Gyroscope,-0.0039400775,0.027250702999999998,-0.000653625,1550002897119
9817,99,Accelerometer,-0.12090719,0.0023942017,9.5013895,1550002897119
9818,99,Gyroscope,0.0015577096,0.036413684,-0.009205738,1550002897129
9819,99,Accelerometer,-0.34715924,0.130484,9.855731,1550002897130
9820,99,Gyroscope,0.018661937,0.04007887,-0.007373143,1550002897140
9821,99,Accelerometer,-0.48123455,0.22505496,9.949105,1550002897140
9822,99,Gyroscope,-0.0076052677,0.057793967,-0.021423044,1550002897149
9823,99,Accelerometer,-0.20829555,0.10534488,9.526527999999999,1550002897150
9824,99,Gyroscope,0.0033903066,0.06512435,-0.035472944,1550002897159
9825,99,Accelerometer,0.008379705999999999,0.5279215,9.526527999999999,1550002897160
9826,99,Gyroscope,-0.018600842,0.08222858,-0.05257717,1550002897169
9827,99,Accelerometer,0.45250413,0.16759412,9.619903,1550002897170
9828,99,Gyroscope,-0.026542092000000003,0.08345031,-0.07212486,1550002897179
9829,99,Accelerometer,0.7433996,-0.33758244,9.545682000000001,1550002897179
9830,99,Gyroscope,0.0015577096,0.09688934,-0.12649186,1550002897189
9831,99,Accelerometer,0.9935937,-0.007182605,9.391256,1550002897190
9832,99,Gyroscope,-0.043646313,0.11399356,-0.17169589,1550002897200
9833,99,Accelerometer,0.62129533,-0.27892449999999996,10.117896,1550002897200
9834,99,Gyroscope,-0.04975497,0.099943675,-0.21262386,1550002897209
9835,99,Accelerometer,0.8283938,-0.34715924,10.358514,1550002897210
9836,99,Gyroscope,-0.050365835,0.082839444,-0.24805404,1550002897219
9837,99,Accelerometer,1.0989386,-0.20111294,10.189722,1550002897219
9838,99,Gyroscope,-0.09190467,0.057793967,-0.2810408,1550002897229
9839,99,Accelerometer,1.1815386,-0.05267244,10.206482000000001,1550002897230
9840,99,Gyroscope,-0.051587567,0.04007887,-0.29936674,1550002897239
9841,99,Accelerometer,1.3479356000000002,0.49081135,10.030508,1550002897240
9842,99,Gyroscope,-0.03387247,0.022363782000000002,-0.30669713,1550002897249
9843,99,Accelerometer,1.2186487,0.8882488000000002,9.539697,1550002897250
9844,99,Gyroscope,-0.027763822999999997,0.014422532,-0.3036428,1550002897259
9845,99,Accelerometer,1.5861586,1.4389153000000001,9.7958765,1550002897259
9846,99,Gyroscope,-0.019822573,0.00037263334000000003,-0.28653857,1550002897269
9847,99,Accelerometer,1.6484078000000002,2.1559787,9.631872999999999,1550002897269
9848,99,Gyroscope,-0.006994404,0.0022052303,-0.2541627,1550002897280
9849,99,Accelerometer,1.9177556,2.1667526,9.220071,1550002897280
9850,99,Gyroscope,-0.021044305,0.0058704205,-0.21079126,1550002897289
9851,99,Accelerometer,1.8590976000000001,1.6687585999999999,8.941146,1550002897290
9852,99,Gyroscope,-0.0057726726,0.042522334,-0.19918482,1550002897299
9853,99,Accelerometer,1.2330139,2.432509,10.320207,1550002897300
9854,99,Gyroscope,0.0070554977,0.051074445,-0.18085887,1550002897309
9855,99,Accelerometer,1.0821792,1.4532804,10.488997,1550002897310
9856,99,Gyroscope,-0.08579602,0.05168531,-0.1942979,1550002897319
9857,99,Accelerometer,0.9528923,1.5861586,10.78947,1550002897319
9858,99,Gyroscope,-0.03387247,-0.0032925587,-0.17536108,1550002897329
9859,99,Accelerometer,2.5366566,1.6543933000000002,9.326611999999999,1550002897329
9860,99,Gyroscope,-0.02409863,0.016865995,-0.17169589,1550002897340
9861,99,Accelerometer,1.6843209,2.0362685000000003,8.718486,1550002897340
9862,99,Gyroscope,-0.08213083,0.052907042,-0.1643655,1550002897349
9863,99,Accelerometer,0.80445176,0.9648633,9.677363,1550002897350
9864,99,Gyroscope,-0.0045509413,0.044965795999999995,-0.10511158400000001,1550002897359
9865,99,Accelerometer,1.8794483,0.8822633,10.468647,1550002897360
9866,99,Gyroscope,0.008888093,0.030915894,-0.109387636,1550002897369
9867,99,Accelerometer,1.352724,1.401805,9.67018,1550002897370
9868,99,Gyroscope,-0.012492188999999999,0.024196379,-0.11610716,1550002897379
9869,99,Accelerometer,1.4305356000000002,1.3359646,9.403227000000001,1550002897379
9870,99,Gyroscope,0.014385881000000001,0.02786157,-0.10266812,1550002897389
9871,99,Accelerometer,1.2246342,0.9816226999999998,9.115923,1550002897389
9872,99,Gyroscope,0.024159724,0.04985272,-0.10327899,1550002897400
9873,99,Accelerometer,0.15682021,1.8794483,10.073604,1550002897400
9874,99,Gyroscope,0.010109824,0.05901569999999999,-0.051966306,1550002897409
9875,99,Accelerometer,0.5351041,0.79966336,9.92636,1550002897410
9876,99,Gyroscope,0.07241808,0.053517907999999996,-0.02692083,1550002897419
9877,99,Accelerometer,0.37588966,1.6089035,10.019734,1550002897420
9878,99,Gyroscope,0.029046647000000002,0.05596137,0.02317012,1550002897429
9879,99,Accelerometer,1.1803415000000002,1.1731589,9.385271000000001,1550002897430
9880,99,Gyroscope,0.022937994,0.04863099,0.035387423,1550002897439
9881,99,Accelerometer,1.8471266,1.7788918999999999,9.484630000000001,1550002897439
9882,99,Gyroscope,0.030268377000000003,0.03702455,0.0726502,1550002897449
9883,99,Accelerometer,1.5442601,0.9576806999999999,10.230424000000001,1550002897449
9884,99,Gyroscope,0.027824916,0.024807245,0.057989437000000005,1550002897460
9885,99,Accelerometer,1.7824832,0.61770403,10.206482000000001,1550002897460
9886,99,Gyroscope,0.028435782000000003,-0.0014599635999999999,0.042717807000000003,1550002897469
9887,99,Accelerometer,2.4349031,1.62686,10.568006500000001,1550002897470
9888,99,Gyroscope,0.0040011713,-0.027116302000000002,0.04760473,1550002897479
9889,99,Accelerometer,2.657564,1.0498575,10.193313999999999,1550002897480
9890,99,Gyroscope,0.025992319,-0.06010303,0.036609154,1550002897489
9891,99,Accelerometer,2.5354595,1.2066777,9.611523,1550002897490
9892,99,Gyroscope,0.02721405,-0.04422053,0.06348722400000001,1550002897499
9893,99,Accelerometer,1.1935096,0.7769185000000001,9.828198,1550002897499
9894,99,Gyroscope,-0.0063835381999999994,0.006481286,0.01156368,1550002897510
9895,99,Accelerometer,1.2593501,1.1492168,8.876503,1550002897510
9896,99,Gyroscope,-0.023487763,0.0040378235,0.009731084000000001,1550002897519
9897,99,Accelerometer,0.7098808000000001,1.3790601,10.103531,1550002897520
9898,99,Gyroscope,-0.02532036,0.009535611,-0.01287093,1550002897529
9899,99,Accelerometer,0.008379705999999999,1.0127473,10.401608999999999,1550002897530
9900,99,Gyroscope,-0.04975497,0.022363782000000002,-0.034251212999999996,1550002897539
9901,99,Accelerometer,-0.8331822,1.2797008,9.8677025,1550002897540
9902,99,Gyroscope,-0.041813724,0.03824628,-0.047079384,1550002897549
9903,99,Accelerometer,-0.5602431999999999,0.5614403,10.298658,1550002897549
9904,99,Gyroscope,-0.0014966168,0.016865995,-0.05807496,1550002897559
9905,99,Accelerometer,-0.22744916,1.1480197,10.018537,1550002897559
9906,99,Gyroscope,-0.030818147999999997,0.013811666499999998,-0.04891198,1550002897570
9907,99,Accelerometer,0.15682021,1.2593501,9.416395,1550002897570
9908,99,Gyroscope,-0.0045509413,0.01625513,-0.05807496,1550002897579
9909,99,Accelerometer,0.90500826,1.2916718999999999,9.387665,1550002897580
9910,99,Gyroscope,0.0015577096,0.021752916,-0.039749,1550002897589
9911,99,Accelerometer,1.2797008,1.3515268999999999,10.596737,1550002897590
9912,99,Gyroscope,-0.04242459,0.013200805,-0.03302948,1550002897599
9913,99,Accelerometer,0.94451255,0.19033903,10.036493,1550002897600
9914,99,Gyroscope,-0.043035455,-0.03261409,-0.06357274,1550002897609
9915,99,Accelerometer,1.7693150000000002,1.1755531000000001,11.714828500000001,1550002897609
9916,99,Gyroscope,0.012553285,-0.082705036,-0.07395746,1550002897619
9917,99,Accelerometer,2.1703438999999998,0.59855044,10.59554,1550002897619
9918,99,Gyroscope,-0.030207282000000002,-0.07048774,-0.081898704,1550002897630
9919,99,Accelerometer,1.745373,1.0773908,9.381680000000001,1550002897630
9920,99,Gyroscope,-0.06991352,-0.061324757,-0.09411601,1550002897639
9921,99,Accelerometer,1.6891093000000001,0.51355624,9.485827,1550002897640
9922,99,Gyroscope,-0.01737911,-0.06926601,-0.102057256,1550002897649
9923,99,Accelerometer,0.60693014,1.0354922,9.294291000000001,1550002897650
9924,99,Gyroscope,-0.044868045,-0.097365804,-0.09411601,1550002897659
9925,99,Accelerometer,1.2306197,0.23942018,8.030152000000001,1550002897660
9926,99,Gyroscope,-0.047922373,-0.06926601,-0.11427456,1550002897669
9927,99,Accelerometer,-0.45010993,1.5957354,9.662998,1550002897669
9928,99,Gyroscope,-0.0790765,-0.0026816929999999998,-0.09839206,1550002897679
9929,99,Accelerometer,-0.092176765,0.9684546,12.40795,1550002897679
9930,99,Gyroscope,-0.03814853,-0.09431147599999999,-0.11488543,1550002897690
9931,99,Accelerometer,0.32920274,0.6596026,10.893618,1550002897690
9932,99,Gyroscope,0.12922855,-0.09431147599999999,-0.112441964,1550002897700
9933,99,Accelerometer,0.90620536,1.7274165000000001,9.19972,1550002897700
9934,99,Gyroscope,-0.008826999,-0.04055534,-0.050744575,1550002897709
9935,99,Accelerometer,1.1168951,1.0929531000000001,8.328231,1550002897710
9936,99,Gyroscope,-0.043646313,-0.020396786,-0.03302948,1550002897719
9937,99,Accelerometer,0.45130703,2.1332338,10.344149,1550002897720
9938,99,Gyroscope,0.041263953,-0.049718317000000005,-0.045857653,1550002897729
9939,99,Accelerometer,0.7410054,0.60573304,10.376471,1550002897729
9940,99,Gyroscope,-0.041202857999999995,-0.0729312,-0.050744575,1550002897739
9941,99,Accelerometer,1.6388310000000001,0.533907,9.67018,1550002897739
9942,99,Gyroscope,-0.029596416,-0.06498995,-0.066016205,1550002897750
9943,99,Accelerometer,1.0366893,1.7753005000000002,10.09994,1550002897750
9944,99,Gyroscope,-0.034483336,-0.053994372,-0.066016205,1550002897759
9945,99,Accelerometer,0.9900024,0.25977087,10.286688,1550002897760
9946,99,Gyroscope,-0.0014966168,-0.08331591,-0.08800735,1550002897769
9947,99,Accelerometer,0.6955156,0.2741361,9.619903,1550002897769
9948,99,Gyroscope,0.0632551,-0.06437908,-0.07640091,1550002897779
9949,99,Accelerometer,0.5590460999999999,1.8016368000000003,9.056067,1550002897779
9950,99,Gyroscope,-0.008826999,-0.00023823230999999999,-0.05624236,1550002897789
9951,99,Accelerometer,-0.10175357,0.4249708,8.413225,1550002897790
9952,99,Gyroscope,-0.0076052677,0.030305027999999998,-0.04769025,1550002897799
9953,99,Accelerometer,-0.142455,1.5083469999999999,9.835381,1550002897800
9954,99,Gyroscope,0.0009468458599999999,0.011979073,-0.02325564,1550002897809
9955,99,Accelerometer,0.6572084,1.2186487,8.981848,1550002897810
9956,99,Gyroscope,-0.018600842,0.03152676,-0.011649198999999999,1550002897819
9957,99,Accelerometer,0.2621651,1.6424223000000002,9.722853,1550002897819
9958,99,Gyroscope,-0.005161807,0.052296177,-0.029364292,1550002897830
9959,99,Accelerometer,0.17477672,1.4760253,10.040085000000001,1550002897830
9960,99,Gyroscope,-0.006994404,0.048020124000000004,-0.0030970859999999998,1550002897840
9961,99,Accelerometer,0.3854665,1.3611037,9.862914,1550002897840
9962,99,Gyroscope,-0.029596416,0.04557666,0.0017898360000000002,1550002897849
9963,99,Accelerometer,0.8798690999999998,1.5610195,11.020511,1550002897850
9964,99,Gyroscope,0.011942419,0.014422532,0.0017898360000000002,1550002897859
9965,99,Accelerometer,0.8391677,0.7218518,10.56681,1550002897860
9966,99,Gyroscope,0.02354886,-0.010622941,0.0048441626,1550002897869
9967,99,Accelerometer,1.4341268999999999,1.4281414,9.703699,1550002897869
9968,99,Gyroscope,-0.008826999,-0.016120728,0.0048441626,1550002897879
9969,99,Accelerometer,1.1552023,1.0737995,9.825804,1550002897879
9970,99,Gyroscope,-0.0057726726,-0.028338033999999998,-0.019590449,1550002897890
9971,99,Accelerometer,1.0785878999999998,0.89064306,10.326192,1550002897890
9972,99,Gyroscope,-0.0033292117999999997,-0.035057552,0.0017898360000000002,1550002897899
9973,99,Accelerometer,0.3878607,0.89782566,10.116699,1550002897900
9974,99,Gyroscope,0.010720688999999999,-0.058270432000000004,-0.015314391,1550002897909
9975,99,Accelerometer,0.6344634,0.9744401,9.8198185,1550002897910
9976,99,Gyroscope,0.011942419,-0.050329182,-0.0030970859999999998,1550002897919
9977,99,Accelerometer,0.59855044,1.6903063999999999,9.65821,1550002897920
9978,99,Gyroscope,-0.016157383,-0.038111877,0.012174546000000001,1550002897929
9979,99,Accelerometer,0.4333505,1.5059528,9.414000999999999,1550002897929
9980,99,Gyroscope,0.039431356,-0.04544226,0.026224446000000002,1550002897939
9981,99,Accelerometer,0.29209262,1.7477672,9.882067999999999,1550002897939
9982,99,Gyroscope,0.020494534,-0.035057552,0.02927877,1550002897950
9983,99,Accelerometer,0.5518635000000001,1.4712370000000001,9.7084875,1550002897950
9984,99,Gyroscope,-0.0027183462,-0.028338033999999998,0.045161266,1550002897959
9985,99,Accelerometer,0.51235914,1.7405846,9.855731,1550002897960
9986,99,Gyroscope,0.033322702999999995,-0.03139236,0.07020674,1550002897969
9987,99,Accelerometer,0.18674773,1.5227122,9.909601,1550002897970
9988,99,Gyroscope,0.024159724,-0.017953325,0.06776328400000001,1550002897979
9989,99,Accelerometer,0.78649527,1.2330139,9.470264,1550002897980
9990,99,Gyroscope,0.0070554977,0.004648689,0.064708956,1550002897989
9991,99,Accelerometer,0.39145198,1.4867992,9.299078999999999,1550002897989
9992,99,Gyroscope,0.032711837,0.013811666499999998,0.07020674,1550002897999
9993,99,Accelerometer,0.021547815,1.2054806,9.618706,1550002898000
9994,99,Gyroscope,0.021105397,0.02114205,0.06287636,1550002898009
9995,99,Accelerometer,0.019153614,0.80564886,9.454702000000001,1550002898010
9996,99,Gyroscope,0.05042693,0.037635416,0.064708956,1550002898019
9997,99,Accelerometer,0.019153614,1.0283096,8.694544,1550002898020
9998,99,Gyroscope,-0.012492188999999999,0.07550906,0.056156844000000004,1550002898029
9999,99,Accelerometer,-0.7015011,1.5298948,10.401608999999999,1550002898030
10000,99,Gyroscope,-0.09312639999999998,0.062680885,0.06837415,1550002898039
10001,99,Accelerometer,-0.06703765,-0.15322891,11.9374895,1550002898039
10002,99,Gyroscope,0.052870392999999995,-0.066822544,0.062265493,1550002898050
10003,99,Accelerometer,-0.047884032,0.6739678000000001,11.669339,1550002898050
10004,99,Gyroscope,0.0492052,-0.058270432000000004,0.0066767577,1550002898059
10005,99,Accelerometer,1.3491327,0.6667852,8.829816000000001,1550002898060
10006,99,Gyroscope,-0.035705067,-0.028338033999999998,0.05249165,1550002898069
10007,99,Accelerometer,0.7266402,-0.108936176,8.798691,1550002898070
10008,99,Gyroscope,0.051037795999999996,-0.04910745,0.040274344,1550002898079
10009,99,Accelerometer,0.47046062,-0.2669535,10.041282,1550002898080
10010,99,Gyroscope,0.019883668,-0.06926601,-0.05135544,1550002898089
10011,99,Accelerometer,0.9672575000000001,0.020350715,9.202114,1550002898090
10012,99,Gyroscope,-0.05708535,-0.038722742000000004,-0.09961379,1550002898099
10013,99,Accelerometer,0.11851298,-0.6607997,9.26197,1550002898100
10014,99,Gyroscope,-0.023487763,-0.010012077,-0.18452406,1550002898109
10015,99,Accelerometer,-0.5518635000000001,0.18435353,9.205706,1550002898110
10016,99,Gyroscope,-0.06930265599999999,0.024807245,-0.13137878,1550002898120
10017,99,Accelerometer,1.1109096,0.91338795,9.433155000000001,1550002898120
10018,99,Gyroscope,-0.049144104,0.033359356,-0.14481781,1550002898129
10019,99,Accelerometer,-0.25498247,1.4784195,10.352528999999999,1550002898129
10020,99,Gyroscope,0.0040011713,0.049241855999999994,-0.16008945,1550002898140
10021,99,Accelerometer,-0.35194764,0.79367787,9.358934,1550002898140
10022,99,Gyroscope,-0.019822573,0.06451348,-0.09411601,1550002898149
10023,99,Accelerometer,0.9600749,1.5490485,9.204509,1550002898149
10024,99,Gyroscope,-0.01004873,0.06512435,-0.055631495999999996,1550002898160
10025,99,Accelerometer,1.5095441,1.6077063999999999,10.038888,1550002898160
10026,99,Gyroscope,0.008888093,0.03885714,-0.07640091,1550002898169
10027,99,Accelerometer,1.6807296000000003,1.2904748,9.613917,1550002898169
10028,99,Gyroscope,-0.016157383,0.030915894,-0.07640091,1550002898179
10029,99,Accelerometer,2.0769699,0.90620536,9.793482000000001,1550002898180
10030,99,Gyroscope,-0.01004873,0.02786157,-0.10999849999999999,1550002898189
10031,99,Accelerometer,1.8698715,1.1156979999999999,10.614694,1550002898189
10032,99,Gyroscope,-0.012492188999999999,0.013811666499999998,-0.12954618,1550002898199
10033,99,Accelerometer,1.8339584999999998,0.5781997,10.257957000000001,1550002898200
10034,99,Gyroscope,-0.039981127000000005,-0.010622941,-0.14481781,1550002898209
10035,99,Accelerometer,1.8686744,1.0833763,10.742783,1550002898210
10036,99,Gyroscope,-0.008826999,-0.04544226,-0.13993089,1550002898219
10037,99,Accelerometer,1.8710686,0.8499416,9.572019000000001,1550002898220
10038,99,Gyroscope,-0.0039400775,-0.049718317000000005,-0.13748743,1550002898229
10039,99,Accelerometer,1.423353,1.4281414,9.027337,1550002898230
10040,99,Gyroscope,-0.029596416,-0.03750101,-0.12038321,1550002898239
10041,99,Accelerometer,1.1587936,0.8762778,9.294291000000001,1550002898239
10042,99,Gyroscope,0.02477059,-0.038111877,-0.124048404,1550002898250
10043,99,Accelerometer,1.1444284,1.4197617,9.534908,1550002898250
10044,99,Gyroscope,-0.0033292117999999997,-0.027727167999999996,-0.12710273,1550002898259
10045,99,Accelerometer,0.8475474000000001,1.0809821000000002,8.614338,1550002898259
10046,99,Gyroscope,-0.03814853,-0.0020708293,-0.13687657,1550002898270
10047,99,Accelerometer,0.50158525,1.5538370000000001,9.7563715,1550002898270
10048,99,Gyroscope,0.017440207,0.011979073,-0.10877677,1550002898279
10049,99,Accelerometer,0.9804255999999999,0.94331545,9.623494,1550002898280
10050,99,Gyroscope,-0.019211708,0.026028972,-0.11610716,1550002898289
10051,99,Accelerometer,0.32920274,1.0702082,9.17099,1550002898290
10052,99,Gyroscope,-0.0063835381999999994,0.051074445,-0.09900293,1550002898299
10053,99,Accelerometer,0.8439561,1.6316483999999998,9.508572000000001,1550002898300
10054,99,Gyroscope,-0.014324786,0.06207002,-0.07701178,1550002898309
10055,99,Accelerometer,1.3718776000000001,1.2761095,9.351752000000001,1550002898309
10056,99,Gyroscope,-0.039981127000000005,0.06940041,-0.078844376,1550002898319
10057,99,Accelerometer,0.9636662,1.7058687,10.267534,1550002898320
10058,99,Gyroscope,-0.0369268,0.06390262,-0.08128784,1550002898329
10059,99,Accelerometer,1.484405,2.0314799999999997,10.504559500000001,1550002898330
10060,99,Gyroscope,-0.04670064,0.046798393,-0.04891198,1550002898339
10061,99,Accelerometer,1.9165584999999998,1.5969325,9.956287,1550002898340
10062,99,Gyroscope,-0.02409863,0.041300602,-0.015925256999999998,1550002898349
10063,99,Accelerometer,1.389834,1.1839328000000002,9.441533999999999,1550002898350
10064,99,Gyroscope,-0.011881325,0.010757342,0.0030115664,1550002898359
10065,99,Accelerometer,1.6531962,1.5825673,10.077195,1550002898360
10066,99,Gyroscope,-0.011881325,-0.0026816929999999998,0.014618006999999999,1550002898369
10067,99,Accelerometer,2.4540567,1.1647792,9.340978,1550002898370
10068,99,Gyroscope,-0.0063835381999999994,0.019309454,0.024391849,1550002898380
10069,99,Accelerometer,1.9237411,0.93373865,9.484630000000001,1550002898380
10070,99,Gyroscope,0.0070554977,0.014422532,0.007898489,1550002898389
10071,99,Accelerometer,1.2665327,0.80564886,9.384072999999999,1550002898390
10072,99,Gyroscope,-0.06624833,0.054128774000000004,-0.0067622773,1550002898399
10073,99,Accelerometer,1.3515268999999999,0.7326256999999999,10.875661000000001,1550002898400
10074,99,Gyroscope,-0.027763822999999997,0.061459154,-0.027531696,1550002898409
10075,99,Accelerometer,-0.79846627,0.37469256,10.540473,1550002898409
10076,99,Gyroscope,-0.061972275,-0.024061977999999998,-0.05807496,1550002898419
10077,99,Accelerometer,0.06823475,2.1571757999999996,13.001713,1550002898420
10078,99,Gyroscope,0.08097019,-0.06987687,-0.0140926605,1550002898429
10079,99,Accelerometer,1.2174516000000002,0.073023155,9.396044999999999,1550002898430
10080,99,Gyroscope,0.014996746000000002,-0.015509863999999998,-0.007984008,1550002898439
10081,99,Accelerometer,0.94930094,1.4496891,8.595184,1550002898440
10082,99,Gyroscope,0.0052229017,-0.0075686146,0.016450599999999996,1550002898449
10083,99,Accelerometer,0.9828198,1.0163386,9.293094,1550002898450
10084,99,Gyroscope,0.11273519,-0.036279282999999996,0.026835311,1550002898459
10085,99,Accelerometer,1.3215994,0.5650316,10.226832,1550002898460
10086,99,Gyroscope,0.019883668,-0.041166205,0.015228872,1550002898469
10087,99,Accelerometer,1.5538370000000001,1.0666169,9.574411999999999,1550002898469
10088,99,Gyroscope,-0.0137139205,-0.039944474,-0.02447737,1550002898480
10089,99,Accelerometer,2.067393,0.5363011999999999,9.7479925,1550002898480
10090,99,Gyroscope,0.05653558,-0.058881298,-0.04402506,1550002898489
10091,99,Accelerometer,0.8774749,0.8607155000000001,11.230003,1550002898490
10092,99,Gyroscope,-0.0039400775,-0.058270432000000004,-0.048301116,1550002898499
10093,99,Accelerometer,0.94930094,-0.91099375,9.566033000000001,1550002898499
10094,99,Gyroscope,0.029657512999999996,-0.09003542,-0.0678488,1550002898509
10095,99,Accelerometer,0.6464345,0.91219085,9.7084875,1550002898510
10096,99,Gyroscope,0.036377028,-0.061935622,-0.074568324,1550002898519
10097,99,Accelerometer,1.578976,1.1228806,9.058461999999999,1550002898520
10098,99,Gyroscope,-0.02165517,-0.014288133,-0.020201313999999998,1550002898529
10099,99,Accelerometer,0.92775315,0.7170634,8.058883,1550002898530
10100,99,Gyroscope,0.010109824,0.008313879,-0.013481795,1550002898539
10101,99,Accelerometer,-0.01436521,1.1755531000000001,9.739613,1550002898539
10102,99,Gyroscope,0.038209625,0.026028972,-0.05929669,1550002898550
10103,99,Accelerometer,-0.14844051,2.4863784,9.925163000000001,1550002898550
10104,99,Gyroscope,-0.047922373,0.01747686,-0.020201313999999998,1550002898559
10105,99,Accelerometer,0.27174190000000004,1.0809821000000002,10.272323,1550002898560
10106,99,Gyroscope,-0.047922373,0.010146476,-0.04280333,1550002898569
10107,99,Accelerometer,0.533907,1.6400281000000003,9.864111,1550002898569
10108,99,Gyroscope,-0.033261612,0.026028972,-0.034251212999999996,1550002898580
10109,99,Accelerometer,0.13407529999999998,1.3958195,9.124303,1550002898580
10110,99,Gyroscope,-0.04853324,0.034581087999999996,-0.05013371,1550002898589
10111,99,Accelerometer,0.45729253,1.2904748,10.645817999999998,1550002898590
10112,99,Gyroscope,0.03393357,0.0015943646,-0.04463592,1550002898599
10113,99,Accelerometer,0.8367735000000001,1.0977415000000001,9.564836,1550002898600
10114,99,Gyroscope,-0.0057726726,0.014422532,-0.04891198,1550002898609
10115,99,Accelerometer,1.0582372,1.9081788,9.894038,1550002898610
10116,99,Gyroscope,-0.014935651999999999,0.019309454,-0.028753427999999998,1550002898619
10117,99,Accelerometer,1.0486604,1.174356,10.545261,1550002898619
10118,99,Gyroscope,0.03393357,0.016865995,-0.025699101000000002,1550002898629
10119,99,Accelerometer,0.2896984,1.1432313,10.3226,1550002898630
10120,99,Gyroscope,-0.022876898,0.0040378235,-0.025699101000000002,1550002898639
10121,99,Accelerometer,0.842759,0.7278373,9.791088,1550002898640
10122,99,Gyroscope,-0.006994404,-0.016120728,0.0011789708,1550002898649
10123,99,Accelerometer,1.1013328000000002,1.2210428999999998,9.767146,1550002898650
10124,99,Gyroscope,-0.006994404,0.006481286,0.008509354,1550002898659
10125,99,Accelerometer,0.79008657,0.9852139999999999,9.015367,1550002898660
10126,99,Gyroscope,-0.054641888,0.032137625,-0.021423044,1550002898669
10127,99,Accelerometer,-0.20350714,0.79607207,9.725247,1550002898670
10128,99,Gyroscope,-0.02409863,0.026639838,-0.028142562000000003,1550002898679
10129,99,Accelerometer,0.5374983,0.92416185,10.259153999999999,1550002898680
10130,99,Gyroscope,0.008277228000000001,0.024196379,-0.029364292,1550002898689
10131,99,Accelerometer,0.89303726,1.1180921999999998,9.376891,1550002898689
10132,99,Gyroscope,-0.040591992,0.03702455,-0.04463592,1550002898700
10133,99,Accelerometer,0.089782566,0.7038953,9.52174,1550002898700
10134,99,Gyroscope,-0.03814853,0.034581087999999996,-0.058685824000000004,1550002898709
10135,99,Accelerometer,0.46926352,0.748188,10.405201,1550002898710
10136,99,Gyroscope,0.0113315545,0.008313879,-0.043414194,1550002898719
10137,99,Accelerometer,1.5346833,1.0606314,9.350553999999999,1550002898719
10138,99,Gyroscope,-0.011881325,0.005259555,-0.057464093,1550002898729
10139,99,Accelerometer,1.5334862,1.043872,8.190564,1550002898730
10140,99,Gyroscope,0.05653558,0.039468005,-0.07212486,1550002898739
10141,99,Accelerometer,1.270124,2.4372973,12.023681,1550002898740
10142,99,Gyroscope,0.0070554977,0.098721944,-0.07029226400000001,1550002898749
10143,99,Accelerometer,-0.79966336,-0.15083471,11.720815,1550002898749
10144,99,Gyroscope,-0.10228938,0.04557666,-0.016536122,1550002898759
10145,99,Accelerometer,0.94570965,1.5011643999999997,12.34211,1550002898760
10146,99,Gyroscope,0.039431356,-0.10042013,0.0054550273,1550002898769
10147,99,Accelerometer,3.2704793999999997,1.2677298000000001,9.65821,1550002898770
10148,99,Gyroscope,0.020494534,-0.08759196,-0.061129287000000004,1550002898779
10149,99,Accelerometer,0.79008657,1.423353,8.268375,1550002898779
10150,99,Gyroscope,-0.11450669,-0.036279282999999996,-0.05013371,1550002898790
10151,99,Accelerometer,0.40222588,0.06703765,10.237606,1550002898790
10152,99,Gyroscope,0.09074404,-0.11630263,-0.013481795,1550002898799
10153,99,Accelerometer,1.5167267,0.7146691999999999,10.362105,1550002898800
10154,99,Gyroscope,-0.014324786,-0.092478886,-0.020812178,1550002898809
10155,99,Accelerometer,0.81642276,1.352724,10.105926,1550002898809
10156,99,Gyroscope,-0.026542092000000003,-0.055216104,-0.020201313999999998,1550002898819
10157,99,Accelerometer,0.9744401,-0.2693477,9.203311,1550002898820
10158,99,Gyroscope,0.03393357,-0.027727167999999996,0.017061466,1550002898829
10159,99,Accelerometer,-0.8295909,0.9684546,10.206482000000001,1550002898830
10160,99,Gyroscope,-0.014935651999999999,-0.0020708293,-0.03486208,1550002898839
10161,99,Accelerometer,0.42377370000000003,0.37229836,8.793902000000001,1550002898840
10162,99,Gyroscope,-0.016768249,-0.043609664000000006,-0.021423044,1550002898849
10163,99,Accelerometer,0.62728083,1.7525556,9.920375,1550002898850
10164,99,Gyroscope,0.021105397,-0.022840247,0.0109528145,1550002898859
10165,99,Accelerometer,0.20350714,2.0458453000000003,9.557653,1550002898860
10166,99,Gyroscope,-0.055252752999999995,0.039468005,0.020726658000000002,1550002898869
10167,99,Accelerometer,-0.06344634,1.0354922,8.882488,1550002898870
10168,99,Gyroscope,-0.01004873,0.033970222,0.026224446000000002,1550002898879
10169,99,Accelerometer,-0.34955344,1.6496049,10.866083999999999,1550002898879
10170,99,Gyroscope,0.014996746000000002,-0.006346885,0.03416569,1550002898889
10171,99,Accelerometer,0.45609543,1.0594343000000002,10.351331,1550002898890
10172,99,Gyroscope,-0.022876898,-0.006346885,0.031722232999999996,1550002898899
10173,99,Accelerometer,0.7721300999999999,1.2988545,8.801085,1550002898900
10174,99,Gyroscope,-0.03814853,0.013200805,0.01156368,1550002898909
10175,99,Accelerometer,1.1851299,1.4257472,9.655814999999999,1550002898910
10176,99,Gyroscope,-0.019822573,-0.0014599635999999999,0.021948388,1550002898919
10177,99,Accelerometer,1.0510546,0.7721300999999999,9.233239,1550002898920
10178,99,Gyroscope,-0.026542092000000003,-0.028948900000000003,0.0323331,1550002898929
10179,99,Accelerometer,0.6799533,1.1563994,10.260351,1550002898929
10180,99,Gyroscope,-0.0014966168,-0.05216177599999999,0.0036224315000000003,1550002898939
10181,99,Accelerometer,1.4329298000000001,0.8367735000000001,10.527305,1550002898940
10182,99,Gyroscope,-0.00027488545,-0.056437835,0.031111367,1550002898949
10183,99,Accelerometer,0.7445967,1.6675615000000001,10.170568,1550002898950
10184,99,Gyroscope,-0.021044305,-0.042387932999999996,0.05126992,1550002898959
10185,99,Accelerometer,0.5542577,0.6428431,9.184157,1550002898959
10186,99,Gyroscope,0.03210097,-0.050329182,0.02561358,1550002898969
10187,99,Accelerometer,0.61890113,1.4496891,9.7958765,1550002898970
10188,99,Gyroscope,-0.0045509413,-0.033224955,0.021337522,1550002898979
10189,99,Accelerometer,0.61890113,1.1408371000000002,9.148245,1550002898980
10190,99,Gyroscope,-0.030818147999999997,0.0028160921999999997,0.032943964,1550002898989
10191,99,Accelerometer,0.27533320000000006,1.1480197,9.461885,1550002898989
10192,99,Gyroscope,0.022937994,-0.006957751,0.035387423,1550002898999
10193,99,Accelerometer,0.12928689,1.4975731,10.133459,1550002899000
10194,99,Gyroscope,-0.019211708,-0.016731594,0.0054550273,1550002899009
10195,99,Accelerometer,0.5231331,0.81642276,9.41041,1550002899010
10196,99,Gyroscope,-0.0057726726,-0.0014599635999999999,0.015839735,1550002899019
10197,99,Accelerometer,-0.10295067,1.2880806,10.128671,1550002899020
10198,99,Gyroscope,-0.0027183462,0.013200805,0.029889636,1550002899029
10199,99,Accelerometer,0.62488663,1.0414777,10.086772,1550002899029
10200,99,Gyroscope,-0.04547891,0.010757342,0.020726658000000002,1550002899040
10201,99,Accelerometer,0.33638534,0.90021986,10.052056,1550002899040
10202,99,Gyroscope,0.0052229017,-0.027116302000000002,0.017672332,1550002899049
10203,99,Accelerometer,0.6548142,1.0295067,9.105149,1550002899050
10204,99,Gyroscope,0.01316415,-0.00023823230999999999,0.019504927,1550002899059
10205,99,Accelerometer,0.89303726,0.59974754,8.724471000000001,1550002899060
10206,99,Gyroscope,-0.08640689,0.0015943646,-0.012260064499999999,1550002899069
10207,99,Accelerometer,-1.4377182,0.9935937,9.921572,1550002899070
10208,99,Gyroscope,-0.039981127000000005,0.006481286,0.008509354,1550002899079
10209,99,Accelerometer,0.079008654,1.4101848999999997,14.058751999999998,1550002899079
10210,99,Gyroscope,0.017440207,-0.13768291,0.064708956,1550002899089
10211,99,Accelerometer,2.3379380000000003,-0.36870706,10.243592,1550002899090
10212,99,Gyroscope,0.11823297,-0.13890465,0.01034195,1550002899099
10213,99,Accelerometer,1.2282255,1.9704279999999998,8.206126,1550002899100
10214,99,Gyroscope,-0.022876898,-0.06560081,0.036609154,1550002899109
10215,99,Accelerometer,1.2916718999999999,0.688333,8.434772500000001,1550002899109
10216,99,Gyroscope,-0.006994404,-0.07415293,0.05371338,1550002899119
10217,99,Accelerometer,1.2138603000000001,0.12808979,10.903194000000001,1550002899120
10218,99,Gyroscope,0.06692029,-0.09980927,-0.036694676,1550002899129
10219,99,Accelerometer,0.5770026,0.15562311,10.581175,1550002899130
10220,99,Gyroscope,0.029046647000000002,-0.09492235,-0.067237936,1550002899139
10221,99,Accelerometer,0.35673606,0.031124622,9.027337,1550002899140
10222,99,Gyroscope,-0.0057726726,-0.058270432000000004,-0.08128784,1550002899149
10223,99,Accelerometer,-0.24540567,1.0546459,10.018537,1550002899150
10224,99,Gyroscope,0.00033598019999999995,-0.030781494,-0.07640091,1550002899160
10225,99,Accelerometer,-0.30286652,-0.18914193,9.489417999999999,1550002899160
10226,99,Gyroscope,0.02354886,-0.016120728,-0.102057256,1550002899169
10227,99,Accelerometer,-0.36990416,0.80325466,9.39365,1550002899170
10228,99,Gyroscope,-0.009437865,0.010146476,-0.07273573,1550002899179
10229,99,Accelerometer,0.8798690999999998,1.9931729,8.883685,1550002899179
10230,99,Gyroscope,-0.029596416,0.04435493,-0.05807496,1550002899189
10231,99,Accelerometer,0.8319851,1.4257472,8.848969,1550002899190
10232,99,Gyroscope,-0.053420155999999996,0.058404832999999996,-0.05013371,1550002899199
10233,99,Accelerometer,0.6404489000000001,1.1468226000000001,9.357738000000001,1550002899199
10234,99,Gyroscope,-0.04670064,0.08772636,-0.0837313,1550002899210
10235,99,Accelerometer,0.7015011,1.2497733,9.8042555,1550002899210
10236,99,Gyroscope,-0.016768249,0.074287325,-0.056853227,1550002899219
10237,99,Accelerometer,1.9847932000000001,1.2641385,9.440337,1550002899220
10238,99,Gyroscope,-0.04975497,0.078563385,-0.083120435,1550002899229
10239,99,Accelerometer,1.1444284,1.5167267,10.378864,1550002899230
10240,99,Gyroscope,-0.02165517,0.06390262,-0.08678562,1550002899240
10241,99,Accelerometer,1.0642227,0.7637503000000001,10.121488000000001,1550002899240
10242,99,Gyroscope,-0.030818147999999997,0.05596137,-0.07823351,1550002899249
10243,99,Accelerometer,1.5682021000000002,1.4425066,10.468647,1550002899250
10244,99,Gyroscope,0.014385881000000001,0.01992032,-0.06357274,1550002899259
10245,99,Accelerometer,1.4341268999999999,0.7326256999999999,9.925163000000001,1550002899260
10246,99,Gyroscope,0.0033903066,0.0058704205,-0.06051842,1550002899270
10247,99,Accelerometer,1.0295067,1.6041151000000002,9.569624000000001,1550002899270
10248,99,Gyroscope,-0.018600842,-0.03261409,-0.045246787000000004,1550002899279
10249,99,Accelerometer,1.4999673,1.578976,9.998186,1550002899280
10250,99,Gyroscope,0.016829342,-0.053994372,-0.031807754,1550002899289
10251,99,Accelerometer,1.8590976000000001,1.4556746,10.577583,1550002899289
10252,99,Gyroscope,-0.008216133,-0.025894572999999997,0.012174546000000001,1550002899300
10253,99,Accelerometer,1.2306197,1.0594343000000002,9.753978,1550002899300
10254,99,Gyroscope,-0.056474485,-0.025894572999999997,0.0127854105,1550002899309
10255,99,Accelerometer,1.3706805,1.5765818,10.012551,1550002899310
10256,99,Gyroscope,0.013775015,-0.044831395,-4.2759813000000006e-05,1550002899319
10257,99,Accelerometer,2.0649989,1.1121067,9.989806,1550002899319
10258,99,Gyroscope,0.029046647000000002,-0.03261409,0.009120219,1550002899330
10259,99,Accelerometer,1.8076223000000002,0.89184016,8.664616,1550002899330
10260,99,Gyroscope,-0.049144104,-0.00023823230999999999,0.031111367,1550002899339
10261,99,Accelerometer,0.81642276,1.163582,8.713697,1550002899340
10262,99,Gyroscope,-0.0137139205,0.022363782000000002,-0.0043188166,1550002899349
10263,99,Accelerometer,1.3036428999999998,0.7338228,9.545682000000001,1550002899349
10264,99,Gyroscope,-0.0008857511,0.02114205,-0.01287093,1550002899360
10265,99,Accelerometer,0.94810385,1.1001357,10.17416,1550002899360
10266,99,Gyroscope,-0.027763822999999997,0.015033398,-0.0061514126,1550002899369
10267,99,Accelerometer,0.9828198,0.90021986,9.849746000000001,1550002899370
10268,99,Gyroscope,0.008888093,-0.00084909797,-4.2759813000000006e-05,1550002899379
10269,99,Accelerometer,1.4389153000000001,0.94690675,9.776722999999999,1550002899379
10270,99,Gyroscope,0.013775015,0.019309454,0.0054550273,1550002899390
10271,99,Accelerometer,1.1815386,1.0295067,9.297882000000001,1550002899390
10272,99,Gyroscope,-0.04425718,0.03580282,0.0005681054,1550002899399
10273,99,Accelerometer,0.700304,1.2318168,9.447519999999999,1550002899400
10274,99,Gyroscope,-0.01004873,0.01992032,0.0005681054,1550002899409
10275,99,Accelerometer,0.8619126,1.1815386,10.488997,1550002899410
10276,99,Gyroscope,0.03882049,0.022974647999999997,-0.025088236,1550002899419
10277,99,Accelerometer,1.2737153,0.40462008,9.7479925,1550002899420
10278,99,Gyroscope,0.011942419,0.049241855999999994,-0.018979583,1550002899430
10279,99,Accelerometer,-0.40102878,1.1540052,9.770736999999999,1550002899430
10280,99,Gyroscope,-0.040591992,0.015644263000000002,0.017672332,1550002899439
10281,99,Accelerometer,-0.05746084,0.01436521,11.948263,1550002899440
10282,99,Gyroscope,0.05348126,-0.10347446,0.0127854105,1550002899449
10283,99,Accelerometer,2.0482395,0.38187516,10.8229885,1550002899449
10284,99,Gyroscope,0.085857116,-0.08942456,-0.016536122,1550002899460
10285,99,Accelerometer,0.7565677,1.0690111,7.586028,1550002899460
10286,99,Gyroscope,-0.039981127000000005,-0.019175055,0.029889636,1550002899469
10287,99,Accelerometer,1.2174516000000002,0.7110779,9.957485,1550002899470
10288,99,Gyroscope,0.05653558,-0.051550914,0.03966348,1550002899479
10289,99,Accelerometer,1.364695,0.6799533,9.809045,1550002899479
10290,99,Gyroscope,-0.0063835381999999994,-0.042998800000000004,-0.000653625,1550002899489
10291,99,Accelerometer,1.2916718999999999,0.89303726,9.5971575,1550002899490
10292,99,Gyroscope,-0.03937026,-0.028338033999999998,0.0054550273,1550002899499
10293,99,Accelerometer,0.6727706999999999,-0.0023942017,9.276335000000001,1550002899500
10294,99,Gyroscope,0.0058337674,0.009535611,-0.08067697,1550002899509
10295,99,Accelerometer,-0.7338228,0.7110779,8.821436,1550002899509
10296,99,Gyroscope,-0.06380487,0.05473964,-0.07029226400000001,1550002899520
10297,99,Accelerometer,-0.7338228,0.4309563,9.629479,1550002899520
10298,99,Gyroscope,-0.01737911,0.06512435,-0.0678488,1550002899529
10299,99,Accelerometer,0.4285621,1.2797008,10.127473,1550002899530
10300,99,Gyroscope,-0.016157383,0.04557666,-0.06357274,1550002899539
10301,99,Accelerometer,-0.37588966,1.6938977,9.054871,1550002899540
10302,99,Gyroscope,-0.09068294,0.058404832999999996,-0.03302948,1550002899550
10303,99,Accelerometer,0.82719666,1.5969325,10.782288000000001,1550002899550
10304,99,Gyroscope,-0.01004873,0.028472435,0.0017898360000000002,1550002899559
10305,99,Accelerometer,0.93613285,1.7693150000000002,10.912771000000001,1550002899560
10306,99,Gyroscope,-0.0076052677,0.013200805,0.0005681054,1550002899569
10307,99,Accelerometer,1.258153,1.5143325,10.226832,1550002899569
10308,99,Gyroscope,-0.068080924,-0.023451112000000003,0.015839735,1550002899580
10309,99,Accelerometer,2.3618799999999998,1.2773066000000002,9.832987,1550002899580
10310,99,Gyroscope,-0.0057726726,-0.05277264,0.012174546000000001,1550002899589
10311,99,Accelerometer,1.8782511999999998,0.91458505,9.841366,1550002899590
10312,99,Gyroscope,0.004612036,-0.042998800000000004,-0.011649198999999999,1550002899599
10313,99,Accelerometer,1.2198458,0.7038953,9.470264,1550002899599
10314,99,Gyroscope,-0.01127046,-0.04910745,-0.015925256999999998,1550002899609
10315,99,Accelerometer,1.0630256,0.82360536,9.879673,1550002899610
10316,99,Gyroscope,0.041263953,-0.07170947,-4.2759813000000006e-05,1550002899619
10317,99,Accelerometer,1.1647792,1.0414777,9.992201,1550002899620
10318,99,Gyroscope,0.029046647000000002,-0.07659639,-0.0043188166,1550002899629
10319,99,Accelerometer,0.6356605,1.2018893,9.203311,1550002899630
10320,99,Gyroscope,0.035766162000000004,-0.06498995,0.0109528145,1550002899639
10321,99,Accelerometer,0.7733272,1.7357962,10.237606,1550002899639
10322,99,Gyroscope,0.0650877,-0.049718317000000005,0.02805704,1550002899650
10323,99,Accelerometer,0.676362,1.1863270000000001,9.782708,1550002899650
10324,99,Gyroscope,0.0113315545,-0.024672844,0.023780985,1550002899659
10325,99,Accelerometer,0.21906945,1.6065093000000001,9.443928999999999,1550002899660
10326,99,Gyroscope,-0.014324786,-0.015509863999999998,0.030500501,1550002899669
10327,99,Accelerometer,0.89423436,1.4269443000000002,9.5385,1550002899670
10328,99,Gyroscope,0.02477059,-0.0039034244,0.006065893,1550002899679
10329,99,Accelerometer,0.025139118,1.5251063999999999,9.156625,1550002899679
10330,99,Gyroscope,-0.030207282000000002,0.024196379,-0.005540547,1550002899690
10331,99,Accelerometer,0.017956512,1.0570401000000003,9.294291000000001,1550002899690
10332,99,Gyroscope,-0.018600842,0.02114205,-0.010427468,1550002899699
10333,99,Accelerometer,0.2885013,0.8319851,9.884461,1550002899700
10334,99,Gyroscope,0.021716263,0.019309454,0.0127854105,1550002899709
10335,99,Accelerometer,0.6739678000000001,1.6519991000000003,9.803059,1550002899710
10336,99,Gyroscope,-0.019822573,0.023585513,0.04577213,1550002899719
10337,99,Accelerometer,1.1575965,0.9852139999999999,9.5492735,1550002899720
10338,99,Gyroscope,0.039431356,0.015644263000000002,0.054324247,1550002899729
10339,99,Accelerometer,0.93014735,1.2138603000000001,9.490616000000001,1550002899730
10340,99,Gyroscope,-0.03387247,0.041911468,0.040274344,1550002899740
10341,99,Accelerometer,1.2318168,1.2138603000000001,8.954314,1550002899740
10342,99,Gyroscope,-0.07418958,0.043744065,0.07570453,1550002899749
10343,99,Accelerometer,0.6691794,0.40462008,8.487445,1550002899750
10344,99,Gyroscope,-0.008826999,0.056572236,-0.011649198999999999,1550002899759
10345,99,Accelerometer,0.36032736,1.1875241,10.869676,1550002899760
10346,99,Gyroscope,-0.06136141,0.06451348,-0.0061514126,1550002899769
10347,99,Accelerometer,-0.0035913025,0.48602295,11.039664,1550002899769
10348,99,Gyroscope,-0.06563746,-0.049718317000000005,0.031722232999999996,1550002899779
10349,99,Accelerometer,-0.14963761,0.033518825,11.304223,1550002899780
10350,99,Gyroscope,0.05653558,-0.05216177599999999,-0.04769025,1550002899789
10351,99,Accelerometer,1.8447324,1.412579,9.836577,1550002899790
10352,99,Gyroscope,-0.06930265599999999,0.0015943646,0.0030115664,1550002899799
10353,99,Accelerometer,0.32202014,1.6388310000000001,8.377312,1550002899800
10354,99,Gyroscope,-0.054641888,-0.02222938,0.020115793,1550002899809
10355,99,Accelerometer,-0.02633622,0.5614403,10.753557,1550002899810
10356,99,Gyroscope,0.068752885,-0.06498995,-0.017146988000000002,1550002899819
10357,99,Accelerometer,1.7010802999999999,1.3371617,10.941502,1550002899819
10358,99,Gyroscope,-0.0369268,-0.06498995,0.007898489,1550002899830
10359,99,Accelerometer,0.7469909,1.0283096,8.9602995,1550002899830
10360,99,Gyroscope,-0.068080924,-0.009401211500000001,0.007898489,1550002899839
10361,99,Accelerometer,0.077811554,0.47046062,9.850943,1550002899840
10362,99,Gyroscope,0.020494534,-0.04055534,-0.033640347,1550002899849
10363,99,Accelerometer,0.2669535,1.0941502,10.267534,1550002899849
10364,99,Gyroscope,-0.043646313,-0.011233807,-0.059907555999999994,1550002899859
10365,99,Accelerometer,0.7206547,0.5793968,8.793902000000001,1550002899860
10366,99,Gyroscope,-0.04242459,-0.0020708293,-0.029364292,1550002899869
10367,99,Accelerometer,-0.1604115,1.2940661,8.809465,1550002899870
10368,99,Gyroscope,0.010720688999999999,0.020531185,-0.02325564,1550002899879
10369,99,Accelerometer,-0.18674773,1.401805,8.963891,1550002899880
10370,99,Gyroscope,0.035155296,0.027250702999999998,-0.015314391,1550002899889
10371,99,Accelerometer,0.46447513,1.0666169,9.269152,1550002899889
10372,99,Gyroscope,0.047372602,0.037635416,0.03966348,1550002899899
10373,99,Accelerometer,0.046686932,1.2473791,9.752781,1550002899900
10374,99,Gyroscope,-0.006994404,0.03274849,0.056767705999999994,1550002899909
10375,99,Accelerometer,0.5279215,1.7669207999999998,10.433931,1550002899910
10376,99,Gyroscope,-0.02898555,0.0034269579,0.062265493,1550002899919
10377,99,Accelerometer,0.92416185,1.5502456,10.606314,1550002899920
10378,99,Gyroscope,0.0113315545,-0.015509863999999998,0.06409809,1550002899929
10379,99,Accelerometer,0.90740246,1.2437878,9.5013895,1550002899930
10380,99,Gyroscope,-0.016768249,-0.025283707000000002,0.06593069,1550002899939
10381,99,Accelerometer,1.0845733999999998,1.0390834999999998,9.733627,1550002899939
10382,99,Gyroscope,0.014996746000000002,-0.024672844,0.06776328400000001,1550002899950
10383,99,Accelerometer,0.43933599999999995,0.7637503000000001,9.588778,1550002899950
10384,99,Gyroscope,0.0040011713,-0.013066402,0.06348722400000001,1550002899959
10385,99,Accelerometer,-0.12090719,0.9552864999999999,10.222044,1550002899960
10386,99,Gyroscope,0.0021685753,0.0022052303,0.054935113,1550002899969
10387,99,Accelerometer,-0.48722005,0.44651863,9.8198185,1550002899970
10388,99,Gyroscope,-0.019211708,0.020531185,0.046382997,1550002899979
10389,99,Accelerometer,-0.40222588,1.5622166000000002,10.71525,1550002899979
10390,99,Gyroscope,-0.0137139205,0.0034269579,0.046382997,1550002899989
10391,99,Accelerometer,0.5674258000000001,0.38307226,9.585187,1550002899989
10392,99,Gyroscope,-0.0027183462,-0.010622941,0.0323331,1550002900000
10393,99,Accelerometer,-0.0023942017,0.6667852,9.269152,1550002900000
10394,99,Gyroscope,-0.032650746,0.015033398,0.014618006999999999,1550002900009
10395,99,Accelerometer,-0.022744916,0.075417355,9.5492735,1550002900010
10396,99,Gyroscope,-0.01127046,0.013811666499999998,0.015839735,1550002900019
10397,99,Accelerometer,0.7541734999999999,0.5386954,9.999383,1550002900020
10398,99,Gyroscope,-0.008826999,0.0028160921999999997,0.009731084000000001,1550002900029
10399,99,Accelerometer,1.1971009,0.91697925,9.636662,1550002900029
10400,99,Gyroscope,-0.016768249,-0.0014599635999999999,0.009120219,1550002900039
10401,99,Accelerometer,1.163582,0.8786719999999999,9.707291,1550002900040
10402,99,Gyroscope,-0.033261612,0.010146476,0.0127854105,1550002900049
10403,99,Accelerometer,1.1025299,0.6895300999999999,10.57878,1550002900050
10404,99,Gyroscope,-0.016768249,-0.005125154,-0.016536122,1550002900059
10405,99,Accelerometer,1.2006921999999998,0.6380547,10.070012,1550002900060
10406,99,Gyroscope,-0.0076052677,-0.03261409,-0.020812178,1550002900069
10407,99,Accelerometer,1.4460978999999998,0.7242460000000001,9.498994999999999,1550002900069
10408,99,Gyroscope,-0.034483336,-0.030781494,-0.036694676,1550002900079
10409,99,Accelerometer,1.6675615000000001,0.7625531999999999,9.800664999999999,1550002900080
10410,99,Gyroscope,-0.0014966168,-0.04055534,-0.049522847,1550002900089
10411,99,Accelerometer,1.4317327,0.4357447,9.306262,1550002900090
10412,99,Gyroscope,-0.041202857999999995,-0.029559765,-0.058685824000000004,1550002900099
10413,99,Accelerometer,0.9552864999999999,0.48961425,10.103531,1550002900100
10414,99,Gyroscope,-0.020433438999999998,-0.006346885,-0.10022466,1550002900109
10415,99,Accelerometer,-0.4345476,2.0374656000000004,12.873623,1550002900110
10416,99,Gyroscope,0.031490106000000004,-0.028338033999999998,-0.06907053,1550002900119
10417,99,Accelerometer,0.6655880999999999,-0.17956513,11.641805999999999,1550002900119
10418,99,Gyroscope,-0.08274169,-0.10713965,-0.042192463,1550002900130
10419,99,Accelerometer,1.1827357,1.5358804,10.317812,1550002900130
10420,99,Gyroscope,0.0027794409999999997,-0.17738914,-0.03608381,1550002900139
10421,99,Accelerometer,1.9153613999999999,1.3036428999999998,7.3897038,1550002900140
10422,99,Gyroscope,0.025381455,-0.10530706,-0.04891198,1550002900149
10423,99,Accelerometer,0.6703765,1.4987701999999998,6.878541499999999,1550002900150
10424,99,Gyroscope,-0.09190467,-0.010622941,-0.025699101000000002,1550002900159
10425,99,Accelerometer,-0.49440265,0.8738836,9.710882000000002,1550002900159
10426,99,Gyroscope,0.12250903,-0.07232033,-0.018368717,1550002900169
10427,99,Accelerometer,0.6751649000000001,0.90500826,10.461464,1550002900170
10428,99,Gyroscope,-0.02165517,-0.036890145,-0.02203391,1550002900180
10429,99,Accelerometer,1.3634979,1.1875241,8.152257,1550002900180
10430,99,Gyroscope,-0.04547891,0.0022052303,-0.03608381,1550002900189
10431,99,Accelerometer,1.0498575,1.4915876000000001,8.810661999999999,1550002900190
10432,99,Gyroscope,0.0492052,0.006481286,-0.028753427999999998,1550002900199
10433,99,Accelerometer,0.7565677,1.2078748,9.859323,1550002900200
10434,99,Gyroscope,-0.021044305,0.011979073,-0.031196889,1550002900209
10435,99,Accelerometer,1.1540052,0.91697925,8.965088,1550002900209
10436,99,Gyroscope,0.022327128999999998,0.025418106,-0.0030970859999999998,1550002900220
10437,99,Accelerometer,0.94211835,1.7130512999999998,10.077195,1550002900220
10438,99,Gyroscope,-0.0008857511,0.046798393,0.03722002,1550002900229
10439,99,Accelerometer,1.1851299,1.6412252,10.131064,1550002900230
10440,99,Gyroscope,-0.054641888,0.08100685,0.07020674,1550002900239
10441,99,Accelerometer,1.0630256,0.9780314,8.985439,1550002900240
10442,99,Gyroscope,-0.0014966168,0.06512435,0.08914357,1550002900249
10443,99,Accelerometer,0.8631097,1.3263878,10.281899000000001,1550002900249
10444,99,Gyroscope,0.013775015,0.037635416,0.06654155,1550002900259
10445,99,Accelerometer,1.8686744,1.5658079,10.048465,1550002900260
10446,99,Gyroscope,-0.022876898,0.046187527,0.07753713,1550002900270
10447,99,Accelerometer,1.6567876,1.2174516000000002,9.421184,1550002900270
10448,99,Gyroscope,-0.008216133,0.019309454,0.09891741,1550002900279
10449,99,Accelerometer,0.6751649000000001,1.0319009,11.009736,1550002900280
10450,99,Gyroscope,0.05042693,-0.014898999,0.09464135,1550002900289
10451,99,Accelerometer,1.0737995,0.59017074,10.590752,1550002900289
10452,99,Gyroscope,0.006444632,-0.017953325,0.08181318,1550002900300
10453,99,Accelerometer,1.6699557,1.0247183000000002,9.677363,1550002900300
10454,99,Gyroscope,0.030268377000000003,-0.01978592,0.08486751,1550002900309
10455,99,Accelerometer,1.4221559,0.63087213,9.269152,1550002900310
10456,99,Gyroscope,0.04187482,-0.006957751,0.09341962,1550002900319
10457,99,Accelerometer,0.688333,0.9804255999999999,9.257181,1550002900319
10458,99,Gyroscope,-0.011881325,0.023585513,0.07998059,1550002900329
10459,99,Accelerometer,0.7493850999999999,0.41060558,8.724471000000001,1550002900330
10460,99,Gyroscope,-0.01737911,0.037635416,0.05249165,1550002900339
10461,99,Accelerometer,0.4429273,1.1097125,9.866506,1550002900340
10462,99,Gyroscope,-0.0063835381999999994,0.04863099,0.04882646,1550002900349
10463,99,Accelerometer,0.15322891,0.8295909,10.103531,1550002900350
10464,99,Gyroscope,-0.041202857999999995,0.058404832999999996,0.03599829,1550002900359
10465,99,Accelerometer,0.17357962,0.6895300999999999,9.956287,1550002900359
10466,99,Gyroscope,-0.03203988,0.044965795999999995,0.009120219,1550002900369
10467,99,Accelerometer,0.6775591,1.1611878,9.54209,1550002900369
10468,99,Gyroscope,-0.010659594,0.04985272,0.014007141,1550002900380
10469,99,Accelerometer,1.0199299000000002,1.3790601,9.518148,1550002900380
10470,99,Gyroscope,-0.03814853,0.06023743,0.0030115664,1550002900389
10471,99,Accelerometer,1.2449848999999997,0.90859956,9.962274,1550002900390
10472,99,Gyroscope,-0.0137139205,0.05046358,0.0042332970000000004,1550002900399
10473,99,Accelerometer,1.0330979999999998,1.0211270000000001,10.526108,1550002900400
10474,99,Gyroscope,-0.02409863,0.033970222,0.017672332,1550002900409
10475,99,Accelerometer,1.3251906999999998,0.7649474,10.104728999999999,1550002900409
10476,99,Gyroscope,-0.02532036,0.010146476,0.017672332,1550002900419
10477,99,Accelerometer,1.3623008,1.1384428999999998,9.873688000000001,1550002900420
10478,99,Gyroscope,-0.016157383,-0.014898999,0.020115793,1550002900430
10479,99,Accelerometer,1.2773066000000002,0.89064306,9.879673,1550002900430
10480,99,Gyroscope,-0.025931226,-0.03139236,0.015839735,1550002900439
10481,99,Accelerometer,1.5478513999999999,0.9720459000000001,9.528922999999999,1550002900440
10482,99,Gyroscope,0.0058337674,-0.039944474,0.017061466,1550002900449
10483,99,Accelerometer,0.93732995,1.2342110000000002,9.563639,1550002900450
10484,99,Gyroscope,-0.0033292117999999997,-0.01734246,0.014618006999999999,1550002900459
10485,99,Accelerometer,0.5363011999999999,0.7769185000000001,9.3182335,1550002900459
10486,99,Gyroscope,0.0052229017,-0.0039034244,0.009120219,1550002900469
10487,99,Accelerometer,0.21906945,1.079785,9.032125,1550002900470
10488,99,Gyroscope,0.016829342,0.0077030174,0.015228872,1550002900480
10489,99,Accelerometer,0.93613285,0.6667852,8.364142999999999,1550002900480
10490,99,Gyroscope,-0.01127046,0.024807245,-0.020201313999999998,1550002900489
10491,99,Accelerometer,-0.8738836,1.5047556999999998,9.555259,1550002900490
10492,99,Gyroscope,-0.0039400775,0.08345031,-0.020201313999999998,1550002900499
10493,99,Accelerometer,-0.46926352,0.51475334,11.192893,1550002900499
10494,99,Gyroscope,-0.06319401,0.026028972,0.032943964,1550002900510
10495,99,Accelerometer,1.5035586,0.4213795,10.613496000000001,1550002900510
10496,99,Gyroscope,0.05042693,-0.010012077,-0.000653625,1550002900519
10497,99,Accelerometer,0.79966336,1.8806453999999997,9.424775,1550002900519
10498,99,Gyroscope,-0.033261612,0.025418106,-0.012260064499999999,1550002900529
10499,99,Accelerometer,0.842759,0.60932434,8.153454,1550002900529
10500,99,Gyroscope,-0.07846563,0.039468005,0.0323331,1550002900540
10501,99,Accelerometer,1.4281414,1.2162545,10.462662,1550002900540
10502,99,Gyroscope,0.0492052,0.008924745,0.007898489,1550002900549
10503,99,Accelerometer,1.0043676,1.2306197,10.435128,1550002900550
10504,99,Gyroscope,0.008277228000000001,0.005259555,0.036609154,1550002900559
10505,99,Accelerometer,0.5363011999999999,0.1448492,8.647857,1550002900560
10506,99,Gyroscope,-0.08213083,0.04740926,0.0011789708,1550002900569
10507,99,Accelerometer,-0.6392518,1.2066777,10.609905,1550002900570
10508,99,Gyroscope,0.0058337674,0.024807245,0.03844175,1550002900579
10509,99,Accelerometer,0.89543146,0.34476504,10.323798,1550002900579
10510,99,Gyroscope,0.0094989585,0.033970222,0.014618006999999999,1550002900590
10511,99,Accelerometer,0.9876082,1.0749966,8.467094,1550002900590
10512,99,Gyroscope,-0.06624833,0.040689737000000004,-0.007373143,1550002900599
10513,99,Accelerometer,0.30526072,1.1384428999999998,9.093178,1550002900600
10514,99,Gyroscope,-0.0014966168,0.026028972,0.022559252999999998,1550002900609
10515,99,Accelerometer,1.2306197,1.1204863999999999,9.7084875,1550002900610
10516,99,Gyroscope,-0.01004873,0.042522334,0.043328673,1550002900619
10517,99,Accelerometer,0.5626374,1.0546459,9.630676,1550002900619
10518,99,Gyroscope,-0.020433438999999998,0.024807245,0.05737857,1550002900629
10519,99,Accelerometer,0.80086046,1.1420341999999999,10.34774,1550002900629
10520,99,Gyroscope,0.032711837,-0.0014599635999999999,0.0323331,1550002900640
10521,99,Accelerometer,1.602918,1.4508862,10.061633,1550002900640
10522,99,Gyroscope,-0.029596416,0.016865995,0.041496076,1550002900650
10523,99,Accelerometer,1.3706805,1.2485761999999998,9.755175,1550002900650
10524,99,Gyroscope,-0.02898555,0.020531185,0.040274344,1550002900659
10525,99,Accelerometer,0.9684546,0.62488663,9.730036,1550002900660
10526,99,Gyroscope,0.021716263,0.0040378235,0.036609154,1550002900669
10527,99,Accelerometer,1.127669,1.0127473,10.262746,1550002900670
10528,99,Gyroscope,-0.0057726726,-0.027116302000000002,0.035387423,1550002900679
10529,99,Accelerometer,1.436521,0.65242,9.751583,1550002900679
10530,99,Gyroscope,-0.009437865,-0.055216104,0.046382997,1550002900689
10531,99,Accelerometer,1.352724,1.34195,10.526108,1550002900690
10532,99,Gyroscope,-0.009437865,-0.05582697,0.058600303,1550002900700
10533,99,Accelerometer,1.1779473,1.0151415000000001,9.882067999999999,1550002900700
10534,99,Gyroscope,-0.01004873,-0.050329182,0.043328673,1550002900709
10535,99,Accelerometer,1.0570401000000003,0.82360536,9.202114,1550002900710
10536,99,Gyroscope,-0.0027183462,-0.043609664000000006,0.04088521,1550002900719
10537,99,Accelerometer,0.5578489999999999,1.0498575,10.241197999999999,1550002900719
10538,99,Gyroscope,-0.0014966168,-0.04849659,0.02927877,1550002900729
10539,99,Accelerometer,0.7314286,0.89303726,9.861717,1550002900729
10540,99,Gyroscope,-0.028374685,-0.057659565999999995,0.025002714,1550002900740
10541,99,Accelerometer,0.6835446,1.2533646,9.835381,1550002900740
10542,99,Gyroscope,-0.012492188999999999,-0.050940047999999995,0.032943964,1550002900749
10543,99,Accelerometer,0.32680854,1.1659763,9.910798,1550002900750
10544,99,Gyroscope,0.010109824,-0.041777067,0.03599829,1550002900759
10545,99,Accelerometer,0.35434186,0.8655039000000001,9.775525,1550002900760
10546,99,Gyroscope,-0.01127046,-0.01978592,0.032943964,1550002900769
10547,99,Accelerometer,0.58657944,0.78769237,9.132683,1550002900769
10548,99,Gyroscope,0.016829342,-0.021618515,0.04882646,1550002900779
10549,99,Accelerometer,0.41060558,1.3694833999999998,9.846153999999999,1550002900779
10550,99,Gyroscope,0.016829342,-0.0014599635999999999,0.04577213,1550002900790
10551,99,Accelerometer,0.39863458,0.8343792999999999,9.331401,1550002900790
10552,99,Gyroscope,-0.037537664,0.018698592,0.05249165,1550002900799
10553,99,Accelerometer,0.36152446,0.79248077,9.53012,1550002900800
10554,99,Gyroscope,-0.016157383,0.022974647999999997,0.04882646,1550002900809
10555,99,Accelerometer,0.1592144,1.0498575,10.061633,1550002900810
10556,99,Gyroscope,0.025992319,0.021752916,0.02805704,1550002900819
10557,99,Accelerometer,0.56982,0.9624690999999999,9.655814999999999,1550002900820
10558,99,Gyroscope,-0.0045509413,0.043744065,0.05126992,1550002900829
10559,99,Accelerometer,0.03232172,1.174356,9.5971575,1550002900829
10560,99,Gyroscope,0.0021685753,0.046187527,0.06287636,1550002900839
10561,99,Accelerometer,0.29448682,0.9744401,8.655039,1550002900840
10562,99,Gyroscope,0.042485684,0.036413684,0.07020674,1550002900849
10563,99,Accelerometer,0.9552864999999999,1.9524715,10.169372000000001,1550002900850
10564,99,Gyroscope,0.011942419,0.104830585,0.056156844000000004,1550002900859
10565,99,Accelerometer,-0.92416185,1.4065934,10.929530999999999,1550002900860
10566,99,Gyroscope,-0.04547891,0.11704790000000001,0.07020674,1550002900869
10567,99,Accelerometer,-0.6512229,1.2449848999999997,13.31655,1550002900870
10568,99,Gyroscope,0.07119635,-0.026505437000000003,0.11052385,1550002900879
10569,99,Accelerometer,2.3930047,0.16519992,10.448297,1550002900879
10570,99,Gyroscope,0.03882049,-0.032003224,0.10380433,1550002900889
10571,99,Accelerometer,1.2018893,2.0614076,8.536526,1550002900889
10572,99,Gyroscope,-0.07296785,-0.0032925587,0.080591455,1550002900900
10573,99,Accelerometer,-0.06464344,0.5542577,8.725667999999999,1550002900900
10574,99,Gyroscope,0.029046647000000002,-0.011233807,0.07692626,1550002900909
10575,99,Accelerometer,0.62847793,0.8355764000000001,10.439917,1550002900910
10576,99,Gyroscope,0.03759876,-0.02222938,0.09769568,1550002900919
10577,99,Accelerometer,1.0845733999999998,0.5494693,9.533711,1550002900920
10578,99,Gyroscope,-0.016768249,-0.02222938,0.059822034,1550002900929
10579,99,Accelerometer,0.07062895,0.664391,9.709685,1550002900930
10580,99,Gyroscope,0.004612036,-0.036279282999999996,0.054935113,1550002900939
10581,99,Accelerometer,0.42018240000000007,0.45848963,10.007763,1550002900939
10582,99,Gyroscope,-0.01127046,-0.027116302000000002,0.05004819,1550002900949
10583,99,Accelerometer,0.7457938000000001,0.5554548,9.5492735,1550002900950
10584,99,Gyroscope,0.02477059,-0.027727167999999996,0.017061466,1550002900960
10585,99,Accelerometer,0.04309563,0.80684596,9.394848,1550002900960
10586,99,Gyroscope,-0.022876898,-0.011233807,0.016450599999999996,1550002900969
10587,99,Accelerometer,0.009576807,0.8523358,9.105149,1550002900970
10588,99,Gyroscope,-0.014324786,0.009535611,0.03599829,1550002900979
10589,99,Accelerometer,0.23223756,0.7661445,9.824607,1550002900980
10590,99,Gyroscope,0.0058337674,0.029083297,0.017061466,1550002900989
10591,99,Accelerometer,0.14963761,1.5011643999999997,9.967062,1550002900989
10592,99,Gyroscope,-0.027763822999999997,0.01992032,0.04210694,1550002900999
10593,99,Accelerometer,0.82360536,1.3551182,9.974244,1550002901000
10594,99,Gyroscope,-0.0014966168,0.011368208000000001,0.049437325,1550002901010
10595,99,Accelerometer,1.0079589,1.7238252,10.96664,1550002901010
10596,99,Gyroscope,-0.01737911,0.008313879,0.05554598,1550002901019
10597,99,Accelerometer,1.1444284,1.0737995,9.951499,1550002901020
10598,99,Gyroscope,-0.029596416,-0.006346885,0.056767705999999994,1550002901029
10599,99,Accelerometer,1.271321,1.5035586,10.016143,1550002901030
10600,99,Gyroscope,-0.0045509413,-0.039333608,0.057989437000000005,1550002901039
10601,99,Accelerometer,1.3036428999999998,1.3682863,10.097546000000001,1550002901039
10602,99,Gyroscope,0.022327128999999998,-0.058270432000000004,0.06043289599999999,1550002901049
10603,99,Accelerometer,1.0642227,1.0929531000000001,9.338583999999999,1550002901049
10604,99,Gyroscope,0.0027794409999999997,-0.03261409,0.06531982,1550002901060
10605,99,Accelerometer,0.60094464,1.2473791,9.639056,1550002901060
10606,99,Gyroscope,-0.0039400775,-0.016120728,0.05737857,1550002901069
10607,99,Accelerometer,0.35075054,1.0929531000000001,10.023325,1550002901070
10608,99,Gyroscope,0.03210097,-0.028948900000000003,0.062265493,1550002901079
10609,99,Accelerometer,0.50637364,1.376666,9.94312,1550002901080
10610,99,Gyroscope,0.0021685753,0.0028160921999999997,0.051880784000000006,1550002901089
10611,99,Accelerometer,0.4345476,0.8643068000000002,9.361329,1550002901090
10612,99,Gyroscope,0.017440207,0.0040378235,0.05554598,1550002901099
10613,99,Accelerometer,0.15682021,1.0067618,9.397242,1550002901099
10614,99,Gyroscope,-0.028374685,0.026028972,0.039052617000000005,1550002901109
10615,99,Accelerometer,0.6488286999999999,1.3479356000000002,9.5385,1550002901110
10616,99,Gyroscope,-0.010659594,0.033970222,0.03966348,1550002901120
10617,99,Accelerometer,0.50757074,1.0163386,9.690532000000001,1550002901120
10618,99,Gyroscope,0.014385881000000001,0.046187527,0.050659052999999996,1550002901129
10619,99,Accelerometer,0.25977087,1.2413936,9.937134,1550002901130
10620,99,Gyroscope,0.0033903066,0.048020124000000004,0.04577213,1550002901139
10621,99,Accelerometer,1.0642227,0.9528923,9.55885,1550002901140
10622,99,Gyroscope,0.0021685753,0.053517907999999996,0.058600303,1550002901149
10623,99,Accelerometer,1.1611878,1.1300632,9.733627,1550002901149
10624,99,Gyroscope,-0.015546517,0.04740926,0.06593069,1550002901159
10625,99,Accelerometer,0.93732995,1.3156139,10.1621895,1550002901159
10626,99,Gyroscope,-0.008826999,0.030915894,0.06531982,1550002901170
10627,99,Accelerometer,1.1887212,0.89184016,9.900024,1550002901170
10628,99,Gyroscope,0.0009468458599999999,0.008313879,0.059822034,1550002901179
10629,99,Accelerometer,1.4101848999999997,1.4101848999999997,10.070012,1550002901180
10630,99,Gyroscope,0.0076663624,0.0040378235,0.07814799,1550002901189
10631,99,Accelerometer,1.3778629999999998,1.0486604,9.892841,1550002901190
10632,99,Gyroscope,0.0094989585,-0.009401211500000001,0.08731097,1550002901199
10633,99,Accelerometer,1.3192052,0.9935937,9.979032499999999,1550002901200
10634,99,Gyroscope,0.014996746000000002,-0.01734246,0.08975443,1550002901209
10635,99,Accelerometer,1.4209588,0.9780314,9.82341,1550002901209
10636,99,Gyroscope,0.011942419,-0.006957751,0.08303491,1550002901219
10637,99,Accelerometer,1.0055646999999999,0.7338228,9.344569,1550002901220
10638,99,Gyroscope,0.014996746000000002,0.0040378235,0.075093664,1550002901229
10639,99,Accelerometer,0.81881696,1.0127473,9.622296,1550002901230
10640,99,Gyroscope,0.022937994,0.007092151999999999,0.08120232,1550002901239
10641,99,Accelerometer,0.82121116,0.6823475,9.045294,1550002901240
10642,99,Gyroscope,0.02721405,0.019309454,0.0885327,1550002901249
10643,99,Accelerometer,0.8798690999999998,0.8343792999999999,8.231264999999999,1550002901249
10644,99,Gyroscope,-0.028374685,0.05596137,0.05737857,1550002901259
10645,99,Accelerometer,0.6488286999999999,2.1033063,9.994595,1550002901259
10646,99,Gyroscope,-0.088239476,0.08650463,0.06593069,1550002901270
10647,99,Accelerometer,0.47884035,0.45968673,10.546458,1550002901270
10648,99,Gyroscope,-0.054031022000000005,0.013811666499999998,0.07692626,1550002901279
10649,99,Accelerometer,0.49559975,0.59017074,11.131841,1550002901280
10650,99,Gyroscope,0.0015577096,-0.0026816929999999998,-0.000653625,1550002901289
10651,99,Accelerometer,1.2449848999999997,1.7513584999999998,8.750807,1550002901290
10652,99,Gyroscope,-0.08335256,0.04007887,0.012174546000000001,1550002901299
10653,99,Accelerometer,0.4429273,1.2294226000000001,11.262324000000001,1550002901299
10654,99,Gyroscope,-0.036315932999999995,0.0034269579,0.061654627000000004,1550002901309
10655,99,Accelerometer,1.4676456,0.7445967,10.875661000000001,1550002901310
10656,99,Gyroscope,0.047372602,-0.04544226,0.0885327,1550002901320
10657,99,Accelerometer,2.6312277,1.7022773999999998,9.370906,1550002901320
10658,99,Gyroscope,-0.03814853,-0.042387932999999996,0.095252216,1550002901329
10659,99,Accelerometer,1.7896657999999999,1.3706805,10.498574000000001,1550002901330
10660,99,Gyroscope,0.055313855,-0.08209418,0.08120232,1550002901339
10661,99,Accelerometer,1.4975731,0.7206547,10.036493,1550002901340
10662,99,Gyroscope,0.033322702999999995,-0.11202657,0.08425664,1550002901349
10663,99,Accelerometer,1.4820108,1.2665327,9.659407,1550002901349
10664,99,Gyroscope,0.0015577096,-0.14562416,0.09464135,1550002901359
10665,99,Accelerometer,1.2617443000000002,0.59495914,8.840589999999999,1550002901359
10666,99,Gyroscope,0.052870392999999995,-0.11874609,0.07326107,1550002901370
10667,99,Accelerometer,0.21906945,1.0654198000000001,8.807071,1550002901370
10668,99,Gyroscope,-0.016157383,-0.06315735,0.08547837,1550002901379
10669,99,Accelerometer,0.15682021,0.79128367,8.872911,1550002901380
10670,99,Gyroscope,0.04004222,-0.035057552,0.07326107,1550002901389
10671,99,Accelerometer,0.320823,1.0761937,9.739613,1550002901390
10672,99,Gyroscope,0.07241808,-0.030781494,0.062265493,1550002901399
10673,99,Accelerometer,-0.25737667,1.22224,8.896853,1550002901400
10674,99,Gyroscope,-0.012492188999999999,0.0034269579,0.070817605,1550002901409
10675,99,Accelerometer,0.15682021,1.4879963,9.226056,1550002901409
10676,99,Gyroscope,-0.006994404,0.021752916,0.10808039,1550002901419
10677,99,Accelerometer,0.6619968,1.7824832,10.505757000000001,1550002901420
10678,99,Gyroscope,0.036987893,0.018698592,0.10502606,1550002901429
10679,99,Accelerometer,0.27533320000000006,1.2366052,9.40203,1550002901430
10680,99,Gyroscope,-0.016768249,0.03824628,0.10319347,1550002901439
10681,99,Accelerometer,0.6715736,1.7058687,10.032902,1550002901440
10682,99,Gyroscope,-0.008826999,0.02786157,0.11846509599999999,1550002901449
10683,99,Accelerometer,1.2078748,1.1959038,10.3932295,1550002901449
10684,99,Gyroscope,0.02721405,0.008313879,0.1166325,1550002901459
10685,99,Accelerometer,1.1408371000000002,1.4484920000000001,10.07121,1550002901459
10686,99,Gyroscope,-0.014324786,0.0040378235,0.11296731,1550002901470
10687,99,Accelerometer,1.2246342,1.174356,10.398017999999999,1550002901470
10688,99,Gyroscope,0.030268377000000003,-0.022840247,0.12640636,1550002901479
10689,99,Accelerometer,1.4987701999999998,1.2294226000000001,10.383653,1550002901480
10690,99,Gyroscope,0.04554001,-0.030781494,0.12701721,1550002901489
10691,99,Accelerometer,1.0630256,0.8463503000000001,9.951499,1550002901490
10692,99,Gyroscope,-0.0045509413,-0.04849659,0.11602163,1550002901499
10693,99,Accelerometer,0.94570965,1.1025299,10.126275999999999,1550002901500
10694,99,Gyroscope,0.044318277,-0.07537466,0.12701721,1550002901509
10695,99,Accelerometer,1.0905589,0.94211835,9.568427,1550002901510
10696,99,Gyroscope,0.04615087,-0.06621168,0.12213029,1550002901519
10697,99,Accelerometer,0.5686229,1.4209588,8.683769,1550002901520
10698,99,Gyroscope,0.0058337674,-0.029559765,0.13190414,1550002901529
10699,99,Accelerometer,0.12210429,1.2892777,9.249998,1550002901530
10700,99,Gyroscope,0.039431356,-0.011844671999999999,0.12335201,1550002901539
10701,99,Accelerometer,-0.029927522,1.2473791,9.633071000000001,1550002901539
10702,99,Gyroscope,-0.019211708,0.019309454,0.109912984,1550002901549
10703,99,Accelerometer,0.095768064,1.3575124,9.408014999999999,1550002901549
10704,99,Gyroscope,-0.008826999,0.029694162000000003,0.11296731,1550002901559
10705,99,Accelerometer,0.031124622,1.0977415000000001,10.064027000000001,1550002901560
10706,99,Gyroscope,0.018051071000000002,0.033359356,0.09647395,1550002901569
10707,99,Accelerometer,0.06823475,1.2126632,9.749189,1550002901570
10708,99,Gyroscope,-0.04547891,0.040689737000000004,0.10013914,1550002901579
10709,99,Accelerometer,0.5518635000000001,1.0869676000000001,9.176975,1550002901580
10710,99,Gyroscope,-0.012492188999999999,0.041911468,0.09464135,1550002901589
10711,99,Accelerometer,1.0378863999999999,1.0127473,9.973047,1550002901590
10712,99,Gyroscope,0.026603185,0.041911468,0.105636925,1550002901599
10713,99,Accelerometer,0.92655605,0.8655039000000001,9.394848,1550002901599
10714,99,Gyroscope,-0.030207282000000002,0.048020124000000004,0.10075001,1550002901609
10715,99,Accelerometer,0.9864110999999999,0.8547299999999999,9.446322,1550002901609
10716,99,Gyroscope,0.018661937,0.022974647999999997,0.09464135,1550002901620
10717,99,Accelerometer,1.3575124,0.7398083000000001,10.210073,1550002901620
10718,99,Gyroscope,0.06447683,-0.00817948,0.10746952,1550002901629
10719,99,Accelerometer,1.1552023,0.5518635000000001,8.967483,1550002901630
10720,99,Gyroscope,-0.054641888,0.009535611,0.0903653,1550002901639
10721,99,Accelerometer,1.210269,1.9692308999999997,11.347319,1550002901640
10722,99,Gyroscope,-0.029596416,0.01747686,0.0903653,1550002901649
10723,99,Accelerometer,0.45370123,0.4141969,11.508927,1550002901650
10724,99,Gyroscope,-0.019211708,-0.07720725,0.10624779,1550002901659
10725,99,Accelerometer,0.008379705999999999,1.5346833,12.524069,1550002901659
10726,99,Gyroscope,0.043096546,-0.098587535,0.0726502,1550002901669
10727,99,Accelerometer,1.6065093000000001,0.40701428,9.19134,1550002901669
10728,99,Gyroscope,0.0076663624,-0.050329182,0.068985015,1550002901680
10729,99,Accelerometer,1.2198458,1.7585411,8.522161,1550002901680
10730,99,Gyroscope,0.022937994,-0.046663992,0.1166325,1550002901689
10731,99,Accelerometer,-0.02873042,1.1875241,9.325416,1550002901690
10732,99,Gyroscope,0.091965765,-0.06926601,0.1166325,1550002901699
10733,99,Accelerometer,0.6943185000000001,1.0965444,10.151415,1550002901700
10734,99,Gyroscope,0.058979042,-0.06621168,0.121519424,1550002901709
10735,99,Accelerometer,1.6735470000000001,1.1228806,9.5013895,1550002901710
10736,99,Gyroscope,0.019883668,-0.044831395,0.12335201,1550002901719
10737,99,Accelerometer,1.2665327,0.7649474,8.695741,1550002901719
10738,99,Gyroscope,0.0015577096,-0.030781494,0.10075001,1550002901729
10739,99,Accelerometer,0.60094464,1.4820108,9.7803135,1550002901729
10740,99,Gyroscope,0.02477059,-0.027116302000000002,0.08486751,1550002901740
10741,99,Accelerometer,0.56982,0.545878,9.862914,1550002901740
10742,99,Gyroscope,0.0015577096,0.007092151999999999,0.07142847,1550002901749
10743,99,Accelerometer,-0.33039984,1.0007763,9.458294,1550002901750
10744,99,Gyroscope,-0.02165517,0.015033398,0.0903653,1550002901759
10745,99,Accelerometer,0.0047884034,0.93972415,9.64145,1550002901760
10746,99,Gyroscope,-0.019211708,0.023585513,0.08547837,1550002901769
10747,99,Accelerometer,0.5315128,1.5382746,10.07121,1550002901769
10748,99,Gyroscope,-0.030818147999999997,0.061459154,0.051880784000000006,1550002901779
10749,99,Accelerometer,-0.13407529999999998,1.1252748,9.853337,1550002901780
10750,99,Gyroscope,-0.014935651999999999,0.057793967,0.046382997,1550002901789
10751,99,Accelerometer,0.18555063,1.6089035,9.911995,1550002901790
10752,99,Gyroscope,-0.02532036,0.05962656400000001,0.07570453,1550002901799
10753,99,Accelerometer,0.59615624,1.1971009,9.828198,1550002901800
10754,99,Gyroscope,-0.0027183462,0.04863099,0.08120232,1550002901809
10755,99,Accelerometer,0.47884035,1.3335704,10.691308,1550002901810
10756,99,Gyroscope,0.032711837,0.022974647999999997,0.08975443,1550002901819
10757,99,Accelerometer,0.78050977,0.8607155000000001,9.764750999999999,1550002901819
10758,99,Gyroscope,0.0027794409999999997,0.02786157,0.10869125,1550002901829
10759,99,Accelerometer,1.4053963,1.4951789,10.075998,1550002901829
10760,99,Gyroscope,0.02721405,0.009535611,0.11357818,1550002901840
10761,99,Accelerometer,1.5526398000000001,0.9552864999999999,9.949105,1550002901840
10762,99,Gyroscope,0.05042693,-0.0057360195,0.0903653,1550002901849
10763,99,Accelerometer,1.1611878,1.2856863,9.664195,1550002901850
10764,99,Gyroscope,0.013775015,-0.0014599635999999999,0.10075001,1550002901859
10765,99,Accelerometer,0.89303726,0.866701,9.947908,1550002901860
10766,99,Gyroscope,0.034544434,0.0015943646,0.10502606,1550002901869
10767,99,Accelerometer,0.6739678000000001,1.0139444,9.828198,1550002901870
10768,99,Gyroscope,0.019883668,0.015033398,0.094030485,1550002901879
10769,99,Accelerometer,-0.015562311,0.90859956,9.185355,1550002901879
10770,99,Gyroscope,-0.01737911,0.022974647999999997,0.08731097,1550002901889
10771,99,Accelerometer,0.22984336,1.0833763,9.637858999999999,1550002901890
10772,99,Gyroscope,0.028435782000000003,0.030915894,0.08303491,1550002901899
10773,99,Accelerometer,0.40222588,0.997185,9.561244,1550002901900
10774,99,Gyroscope,-0.01004873,0.061459154,0.06715242,1550002901909
10775,99,Accelerometer,0.12928689,1.1911154,9.1255,1550002901910
10776,99,Gyroscope,-0.029596416,0.066956945,0.056156844000000004,1550002901919
10777,99,Accelerometer,0.23942018,1.1192893,9.560047,1550002901920
10778,99,Gyroscope,-0.010659594,0.055350505,0.07326107,1550002901929
10779,99,Accelerometer,0.61052144,0.8690952,9.527725,1550002901929
10780,99,Gyroscope,-0.0039400775,0.0571831,0.06531982,1550002901939
10781,99,Accelerometer,1.0115502,1.3251906999999998,9.791088,1550002901939
10782,99,Gyroscope,-0.011881325,0.06390262,0.07753713,1550002901950
10783,99,Accelerometer,1.2773066000000002,1.1803415000000002,10.164583,1550002901950
10784,99,Gyroscope,-0.0063835381999999994,0.057793967,0.08120232,1550002901959
10785,99,Accelerometer,1.1611878,0.92535895,10.101137,1550002901960
10786,99,Gyroscope,0.010720688999999999,0.043744065,0.06409809,1550002901969
10787,99,Accelerometer,0.78649527,0.7098808000000001,10.140641,1550002901970
10788,99,Gyroscope,-0.0021074805,0.029694162000000003,0.07570453,1550002901979
10789,99,Accelerometer,1.4065934,1.1875241,10.272323,1550002901980
10790,99,Gyroscope,-0.0021074805,0.0058704205,0.09158703,1550002901989
10791,99,Accelerometer,1.3275848999999997,0.9624690999999999,9.683349,1550002901989
10792,99,Gyroscope,0.026603185,0.018087726000000002,0.10380433,1550002901999
10793,99,Accelerometer,0.46088383,0.7098808000000001,9.520543,1550002901999
10794,99,Gyroscope,0.014996746000000002,0.018087726000000002,0.0903653,1550002902010
10795,99,Accelerometer,0.9636662,1.0235212,10.044872999999999,1550002902010
10796,99,Gyroscope,0.03759876,-0.0032925587,0.086700104,1550002902019
10797,99,Accelerometer,1.1875241,0.80564886,9.566033000000001,1550002902020
10798,99,Gyroscope,0.041263953,-0.024672844,0.10502606,1550002902029
10799,99,Accelerometer,0.51116204,1.2665327,9.791088,1550002902030
10800,99,Gyroscope,0.026603185,-0.0020708293,0.07875886,1550002902039
10801,99,Accelerometer,1.2234371000000002,0.760159,9.176975,1550002902040
10802,99,Gyroscope,0.027824916,-0.0014599635999999999,0.0903653,1550002902049
10803,99,Accelerometer,0.51954174,1.6400281000000003,9.424775,1550002902049
10804,99,Gyroscope,-0.023487763,-0.009401211500000001,0.082424045,1550002902059
10805,99,Accelerometer,0.47644615,2.255338,12.034455,1550002902060
10806,99,Gyroscope,-0.01737911,-0.012455538,0.10136087,1550002902070
10807,99,Accelerometer,0.2741361,0.14604631,10.882844,1550002902070
10808,99,Gyroscope,-0.04853324,-0.04422053,0.10013914,1550002902079
10809,99,Accelerometer,0.82480246,1.1288661,10.486604,1550002902080
10810,99,Gyroscope,0.017440207,-0.047274857999999996,0.082424045,1550002902089
10811,99,Accelerometer,1.5849615,0.700304,8.805874000000001,1550002902090
10812,99,Gyroscope,0.022327128999999998,-0.019175055,0.07814799,1550002902099
10813,99,Accelerometer,0.9768343,1.3479356000000002,8.663419000000001,1550002902100
10814,99,Gyroscope,-0.01737911,-0.012455538,0.09464135,1550002902109
10815,99,Accelerometer,0.6967127,1.2437878,9.707291,1550002902109
10816,99,Gyroscope,0.044318277,-0.036279282999999996,0.09708481,1550002902120
10817,99,Accelerometer,1.1599906999999998,0.89184016,10.128671,1550002902120
10818,99,Gyroscope,0.018051071000000002,-0.033224955,0.106858656,1550002902129
10819,99,Accelerometer,0.6835446,0.9876082,9.461885,1550002902130
10820,99,Gyroscope,-0.037537664,-0.009401211500000001,0.082424045,1550002902139
10821,99,Accelerometer,0.8475474000000001,0.6703765,9.337387,1550002902140
10822,99,Gyroscope,0.016218476000000003,-0.013677267,0.06531982,1550002902149
10823,99,Accelerometer,0.5650316,0.49440265,10.114305499999999,1550002902150
10824,99,Gyroscope,0.018051071000000002,-0.014288133,0.054324247,1550002902159
10825,99,Accelerometer,-0.038307227,1.3479356000000002,10.058042,1550002902159
10826,99,Gyroscope,-0.02165517,0.007092151999999999,0.039052617000000005,1550002902169
10827,99,Accelerometer,0.44651863,1.3347674999999999,9.471461999999999,1550002902170
10828,99,Gyroscope,0.029046647000000002,0.011979073,0.07570453,1550002902180
10829,99,Accelerometer,0.051475335,1.0055646999999999,9.846153999999999,1550002902180
10830,99,Gyroscope,0.030268377000000003,0.022974647999999997,0.07998059,1550002902189
10831,99,Accelerometer,0.4369418,1.0247183000000002,9.583989,1550002902190
10832,99,Gyroscope,0.0033903066,0.03580282,0.0744828,1550002902199
10833,99,Accelerometer,0.8511386999999999,1.352724,9.946711,1550002902200
10834,99,Gyroscope,-0.0063835381999999994,0.030915894,0.08914357,1550002902209
10835,99,Accelerometer,0.49799395,0.9900024,10.08318,1550002902210
10836,99,Gyroscope,0.012553285,0.02786157,0.092197895,1550002902219
10837,99,Accelerometer,0.9564835999999999,0.93972415,9.627085000000001,1550002902219
10838,99,Gyroscope,0.016218476000000003,0.03580282,0.07387193,1550002902229
10839,99,Accelerometer,0.4249708,1.0666169,9.613917,1550002902230
10840,99,Gyroscope,0.026603185,0.05046358,0.07326107,1550002902240
10841,99,Accelerometer,0.23582886,1.1288661,9.569624000000001,1550002902240
10842,99,Gyroscope,-0.0137139205,0.05901569999999999,0.08120232,1550002902249
10843,99,Accelerometer,0.33518824,1.2258313,9.812635,1550002902250
10844,99,Gyroscope,0.011942419,0.048020124000000004,0.06531982,1550002902259
10845,99,Accelerometer,0.12689269,1.2162545,10.00896,1550002902260
10846,99,Gyroscope,0.021716263,0.05168531,0.061654627000000004,1550002902269
10847,99,Accelerometer,0.35434186,1.2892777,9.580399,1550002902269
10848,99,Gyroscope,-0.0021074805,0.061459154,0.08547837,1550002902279
10849,99,Accelerometer,0.60812724,1.5107412,9.964667,1550002902279
10850,99,Gyroscope,0.017440207,0.05596137,0.10319347,1550002902290
10851,99,Accelerometer,0.7757214,1.4305356000000002,10.366894,1550002902290
10852,99,Gyroscope,0.0058337674,0.035191953,0.10624779,1550002902299
10853,99,Accelerometer,0.7541734999999999,1.3204023,9.743203999999999,1550002902300
10854,99,Gyroscope,-0.0033292117999999997,0.027250702999999998,0.106858656,1550002902309
10855,99,Accelerometer,1.0366893,1.5167267,9.992201,1550002902310
10856,99,Gyroscope,0.017440207,0.0077030174,0.111134715,1550002902319
10857,99,Accelerometer,1.423353,1.0977415000000001,10.006566000000001,1550002902319
10858,99,Gyroscope,0.0040011713,0.0028160921999999997,0.10197174,1550002902329
10859,99,Accelerometer,0.90021986,1.1288661,9.78989,1550002902329
10860,99,Gyroscope,-0.0076052677,-0.0014599635999999999,0.09891741,1550002902340
10861,99,Accelerometer,0.9852139999999999,0.8499416,10.123882,1550002902340
10862,99,Gyroscope,0.0009468458599999999,-0.006346885,0.08975443,1550002902349
10863,99,Accelerometer,0.90021986,0.9995792,10.296265,1550002902350
10864,99,Gyroscope,-0.0057726726,-0.033224955,0.08303491,1550002902359
10865,99,Accelerometer,0.5530606,1.0151415000000001,9.916783,1550002902360
10866,99,Gyroscope,0.010109824,-0.046663992,0.06715242,1550002902369
10867,99,Accelerometer,0.47764325,0.9564835999999999,9.5253315,1550002902369
10868,99,Gyroscope,0.006444632,-0.036890145,0.076315396,1550002902379
10869,99,Accelerometer,0.3196259,1.2258313,9.465475999999999,1550002902379
10870,99,Gyroscope,0.0040011713,-0.009401211500000001,0.08181318,1550002902389
10871,99,Accelerometer,-0.035913024,1.5215151000000002,10.07121,1550002902390
10872,99,Gyroscope,0.021105397,-0.011233807,0.07998059,1550002902400
10873,99,Accelerometer,-0.04309563,1.3371617,9.993398,1550002902400
10874,99,Gyroscope,0.008277228000000001,-0.022840247,0.0903653,1550002902409
10875,99,Accelerometer,0.17118542,1.3599066,9.791088,1550002902410
10876,99,Gyroscope,0.014996746000000002,-0.022840247,0.08914357,1550002902419
10877,99,Accelerometer,0.095768064,1.2054806,9.545682000000001,1550002902420
10878,99,Gyroscope,0.010109824,-0.014898999,0.095252216,1550002902429
10879,99,Accelerometer,0.5398925,1.5239093000000001,9.518148,1550002902429
10880,99,Gyroscope,0.0040011713,-0.012455538,0.10380433,1550002902439
10881,99,Accelerometer,1.0079589,1.6747441000000003,9.657013000000001,1550002902439
10882,99,Gyroscope,0.00033598019999999995,-0.02222938,0.09708481,1550002902450
10883,99,Accelerometer,0.94211835,2.1499932,9.610325999999999,1550002902450
10884,99,Gyroscope,-0.0021074805,-0.021618515,0.092197895,1550002902459
10885,99,Accelerometer,1.2773066000000002,1.7070657999999999,9.53012,1550002902460
10886,99,Gyroscope,0.0027794409999999997,-0.032003224,0.10319347,1550002902469
10887,99,Accelerometer,1.3611037,1.8746599,9.805453,1550002902470
10888,99,Gyroscope,0.0027794409999999997,-0.025894572999999997,0.11235645,1550002902479
10889,99,Accelerometer,0.90021986,1.6891093000000001,9.793482000000001,1550002902480
10890,99,Gyroscope,-0.025931226,-0.012455538,0.14351058,1550002902489
10891,99,Accelerometer,0.6500258000000001,1.1863270000000001,9.482236,1550002902490
10892,99,Gyroscope,0.014385881000000001,-0.00023823230999999999,0.1465649,1550002902499
10893,99,Accelerometer,0.5554548,1.4712370000000001,9.81503,1550002902499
10894,99,Gyroscope,0.01316415,0.008313879,0.17955163,1550002902510
10895,99,Accelerometer,0.260968,1.4185646,9.788692999999999,1550002902510
10896,99,Gyroscope,-0.0033292117999999997,0.01747686,0.17771903,1550002902519
10897,99,Accelerometer,0.31364042,1.401805,9.056067,1550002902520
10898,99,Gyroscope,-0.012492188999999999,0.06451348,0.18749288,1550002902529
10899,99,Accelerometer,0.44891283,2.1679497000000003,10.45907,1550002902530
10900,99,Gyroscope,-0.035705067,0.090169825,0.21314922,1550002902539
10901,99,Accelerometer,-0.35673606,1.1001357,9.973047,1550002902540
10902,99,Gyroscope,-0.04670064,0.053517907999999996,0.23025344,1550002902549
10903,99,Accelerometer,-0.25498247,1.6675615000000001,11.048044,1550002902549
10904,99,Gyroscope,-0.0021074805,0.0022052303,0.23147517,1550002902560
10905,99,Accelerometer,1.1779473,1.4341268999999999,10.147824,1550002902560
10906,99,Gyroscope,0.055313855,-0.010012077,0.24919026,1550002902569
10907,99,Accelerometer,1.0809821000000002,2.088941,9.360130999999999,1550002902570
10908,99,Gyroscope,0.07119635,0.013200805,0.24369247,1550002902579
10909,99,Accelerometer,0.997185,2.244564,9.1590185,1550002902580
10910,99,Gyroscope,0.04004222,0.022974647999999997,0.29867035,1550002902589
10911,99,Accelerometer,0.39863458,1.5586253,9.264363000000001,1550002902589
10912,99,Gyroscope,0.055924714,0.008313879,0.31027678,1550002902599
10913,99,Accelerometer,0.9911995000000001,2.0937295,9.957485,1550002902599
10914,99,Gyroscope,0.07730500400000001,0.015644263000000002,0.32982448,1550002902610
10915,99,Accelerometer,1.3323733,2.4756044999999998,9.821015,1550002902610
10916,99,Gyroscope,0.028435782000000003,0.026639838,0.3780828,1550002902619
10917,99,Accelerometer,0.8475474000000001,1.8782511999999998,9.209297,1550002902620
10918,99,Gyroscope,0.03210097,0.028472435,0.37747195,1550002902629
10919,99,Accelerometer,1.2940661,2.3822308,9.5385,1550002902630
10920,99,Gyroscope,0.048594332999999997,0.01747686,0.41045868,1550002902639
10921,99,Accelerometer,1.1180921999999998,2.2709002000000003,9.846153999999999,1550002902639
10922,99,Gyroscope,0.01560761,0.005259555,0.44527799999999995,1550002902649
10923,99,Accelerometer,0.48482585,1.8279729999999998,9.965864,1550002902649
10924,99,Gyroscope,0.018661937,0.024807245,0.41717818,1550002902659
10925,99,Accelerometer,1.1480197,2.1918917,9.770736999999999,1550002902660
10926,99,Gyroscope,0.011942419,0.040689737000000004,0.44588885,1550002902669
10927,99,Accelerometer,0.11133038,1.6591818,9.704897,1550002902670
10928,99,Gyroscope,-0.005161807,0.04435493,0.46054962,1550002902679
10929,99,Accelerometer,0.46806642,1.7525556,9.781511,1550002902680
10930,99,Gyroscope,0.052870392999999995,0.046798393,0.46177137,1550002902689
10931,99,Accelerometer,0.05746084,1.6555905,9.090784,1550002902690
10932,99,Gyroscope,0.016829342,0.06023743,0.44405627,1550002902699
10933,99,Accelerometer,-0.10175357,1.3718776000000001,9.333796000000001,1550002902700
10934,99,Gyroscope,0.020494534,0.07062214,0.45260838,1550002902709
10935,99,Accelerometer,0.093373865,1.4808137,10.113108,1550002902709
10936,99,Gyroscope,0.05470299,0.06634608,0.43428242,1550002902719
10937,99,Accelerometer,-0.32800564,1.2078748,9.911995,1550002902720
10938,99,Gyroscope,-0.005161807,0.07489819,0.42328686,1550002902729
10939,99,Accelerometer,0.14604631,1.3311761999999998,10.061633,1550002902730
10940,99,Gyroscope,0.0094989585,0.07489819,0.43428242,1550002902739
10941,99,Accelerometer,0.736217,1.4161704,10.499771,1550002902740
10942,99,Gyroscope,0.013775015,0.0571831,0.42817378,1550002902749
10943,99,Accelerometer,1.2342110000000002,2.0386627,10.305841000000001,1550002902750
10944,99,Gyroscope,0.03393357,0.037635416,0.45321923,1550002902759
10945,99,Accelerometer,1.7681179,2.2637177000000004,9.907207000000001,1550002902760
10946,99,Gyroscope,0.029657512999999996,0.024807245,0.47826472,1550002902769
10947,99,Accelerometer,1.9476831000000001,2.4863784,9.885659,1550002902769
10948,99,Gyroscope,0.04187482,0.013200805,0.48987114,1550002902780
10949,99,Accelerometer,1.270124,2.1966799999999997,9.788692999999999,1550002902780
10950,99,Gyroscope,0.07608327,-0.0014599635999999999,0.51491666,1550002902789
10951,99,Accelerometer,1.4209588,2.1655555,9.848549,1550002902790
10952,99,Gyroscope,0.06814202,-0.00817948,0.5393511999999999,1550002902799
10953,99,Accelerometer,1.2282255,2.1320367,9.552864999999999,1550002902800
10954,99,Gyroscope,0.06203337,-0.0032925587,0.5552336999999999,1550002902809
10955,99,Accelerometer,0.8702923,1.7238252,10.329783,1550002902810
10956,99,Gyroscope,0.08952231,-0.02222938,0.5472925000000001,1550002902819
10957,99,Accelerometer,0.5446809,2.492364,9.510966,1550002902819
10958,99,Gyroscope,0.05348126,-0.00817948,0.5839444,1550002902829
10959,99,Accelerometer,1.079785,2.6683377999999998,8.945934,1550002902829
10960,99,Gyroscope,0.029046647000000002,0.009535611,0.58333355,1550002902840
10961,99,Accelerometer,0.7074866,2.4684220000000003,9.443928999999999,1550002902840
10962,99,Gyroscope,0.068752885,0.030305027999999998,0.56317496,1550002902849
10963,99,Accelerometer,0.090979666,2.100912,9.412804,1550002902850
10964,99,Gyroscope,0.044318277,0.05168531,0.59738344,1550002902859
10965,99,Accelerometer,0.90500826,1.661576,9.503783,1550002902860
10966,99,Gyroscope,0.019883668,0.06390262,0.585777,1550002902869
10967,99,Accelerometer,0.11611878,1.4796166000000002,9.859323,1550002902869
10968,99,Gyroscope,0.030879242,0.068178676,0.58699876,1550002902879
10969,99,Accelerometer,-0.02873042,1.365892,9.743203999999999,1550002902879
10970,99,Gyroscope,0.017440207,0.068178676,0.6096007,1550002902890
10971,99,Accelerometer,0.48961425,1.3204023,9.88925,1550002902890
10972,99,Gyroscope,0.035155296,0.06329175,0.61876374,1550002902899
10973,99,Accelerometer,0.9672575000000001,1.2976573999999998,10.427945,1550002902900
10974,99,Gyroscope,0.025992319,0.043744065,0.61876374,1550002902909
10975,99,Accelerometer,0.80804306,1.0857705,9.66659,1550002902910
10976,99,Gyroscope,0.029046647000000002,0.04740926,0.6315919,1550002902919
10977,99,Accelerometer,0.9732430000000001,1.1575965,10.195708,1550002902919
10978,99,Gyroscope,0.030268377000000003,0.01992032,0.6254831999999999,1550002902929
10979,99,Accelerometer,1.2844891999999999,0.92655605,10.091560000000001,1550002902929
10980,99,Gyroscope,0.046761736,-0.016731594,0.63586795,1550002902940
10981,99,Accelerometer,0.9792285,1.472434,9.959878999999999,1550002902940
10982,99,Gyroscope,0.04554001,-0.019175055,0.61693114,1550002902949
10983,99,Accelerometer,1.2677298000000001,1.3239936,9.8042555,1550002902950
10984,99,Gyroscope,0.060200773,-0.011233807,0.6248724,1550002902959
10985,99,Accelerometer,0.50397944,1.1049241,9.476251,1550002902960
10986,99,Gyroscope,0.058979042,-0.0026816929999999998,0.6242615,1550002902969
10987,99,Accelerometer,-0.16280572,1.4891934,9.617508,1550002902970
10988,99,Gyroscope,0.06264423599999999,0.02114205,0.60410297,1550002902979
10989,99,Accelerometer,0.09935937,1.0390834999999998,9.239224,1550002902979
10990,99,Gyroscope,0.029657512999999996,0.046187527,0.61326593,1550002902989
10991,99,Accelerometer,-0.78050977,1.4628572,9.414000999999999,1550002902989
10992,99,Gyroscope,0.027824916,0.07184387,0.5888313000000001,1550002903000
10993,99,Accelerometer,-0.5758055000000001,1.0546459,9.569624000000001,1550002903000
10994,99,Gyroscope,0.030268377000000003,0.07489819,0.58455527,1550002903009
10995,99,Accelerometer,-0.9672575000000001,0.91338795,9.710882000000002,1550002903010
10996,99,Gyroscope,0.027824916,0.079785116,0.56500757,1550002903019
10997,99,Accelerometer,-0.7302314999999999,0.91817635,9.662998,1550002903020
10998,99,Gyroscope,0.012553285,0.09627848,0.554012,1550002903029
10999,99,Accelerometer,-0.34356794,1.0498575,9.451111000000001,1550002903030
11000,99,Gyroscope,0.018051071000000002,0.098721944,0.5503468,1550002903039
11001,99,Accelerometer,-0.36511576,1.0450690999999999,9.556455999999999,1550002903039
11002,99,Gyroscope,0.036987893,0.10544146,0.5393511999999999,1550002903049
11003,99,Accelerometer,-0.20350714,0.90261406,9.7324295,1550002903049
11004,99,Gyroscope,0.03210097,0.10238712,0.53141,1550002903060
11005,99,Accelerometer,0.0035913025,0.59136784,9.785102,1550002903060
11006,99,Gyroscope,0.052870392999999995,0.08161771,0.5277448,1550002903069
11007,99,Accelerometer,-0.0011971008,0.82240826,10.040085000000001,1550002903070
11008,99,Gyroscope,0.07669414,0.07734165,0.5002559,1550002903079
11009,99,Accelerometer,0.51116204,0.79248077,9.467871,1550002903080
11010,99,Gyroscope,0.021716263,0.06329175,0.50880796,1550002903089
11011,99,Accelerometer,-0.2693477,1.067814,10.261548,1550002903089
11012,99,Gyroscope,-0.028374685,0.058404832999999996,0.46054962,1550002903099
11013,99,Accelerometer,-0.045489833,0.13766660000000003,11.243171,1550002903100
11014,99,Gyroscope,0.0058337674,0.035191953,0.45627356,1550002903109
11015,99,Accelerometer,-0.22026655,0.12330139,11.763910000000001,1550002903109
11016,99,Gyroscope,0.027824916,-0.010012077,0.42023253,1550002903119
11017,99,Accelerometer,1.5011643999999997,1.5023615,9.120711,1550002903119
11018,99,Gyroscope,0.055313855,-0.012455538,0.41534560000000004,1550002903130
11019,99,Accelerometer,1.389834,2.0566192,9.091981,1550002903130
11020,99,Gyroscope,0.022327128999999998,-0.00084909797,0.45871702,1550002903139
11021,99,Accelerometer,1.6340426000000001,1.9680338,9.800664999999999,1550002903140
11022,99,Gyroscope,0.0492052,-0.024672844,0.5118623,1550002903149
11023,99,Accelerometer,1.8734628,2.1176715,9.927557,1550002903150
11024,99,Gyroscope,0.06386597,-0.024672844,0.5332425999999999,1550002903159
11025,99,Accelerometer,1.2389994,1.5921441,9.561244,1550002903160
11026,99,Gyroscope,0.06997461599999999,0.0015943646,0.5350752,1550002903169
11027,99,Accelerometer,0.92895025,1.4101848999999997,9.16261,1550002903170
11028,99,Gyroscope,0.03882049,0.022974647999999997,0.54668164,1550002903179
11029,99,Accelerometer,0.31004912,1.4891934,9.249998,1550002903180
11030,99,Gyroscope,0.025992319,0.033970222,0.5277448,1550002903189
11031,99,Accelerometer,0.31004912,1.435324,9.216479,1550002903190
11032,99,Gyroscope,0.016218476000000003,0.051074445,0.52346873,1550002903199
11033,99,Accelerometer,0.23942018,2.1739352000000003,9.253589999999999,1550002903200
11034,99,Gyroscope,-0.0014966168,0.07673079,0.5381295,1550002903209
11035,99,Accelerometer,0.581791,2.1404164,9.332599,1550002903210
11036,99,Gyroscope,-0.0027183462,0.09261329,0.54301643,1550002903219
11037,99,Accelerometer,0.33279404,2.0470424,9.400833,1550002903220
11038,99,Gyroscope,0.0033903066,0.104830585,0.56256413,1550002903229
11039,99,Accelerometer,0.5590460999999999,1.99437,9.873688000000001,1550002903229
11040,99,Gyroscope,0.01316415,0.10421973,0.59738344,1550002903240
11041,99,Accelerometer,0.93134445,1.3886370000000001,9.896433,1550002903240
11042,99,Gyroscope,0.0040011713,0.102997996,0.60227036,1550002903249
11043,99,Accelerometer,1.0378863999999999,1.6352396999999999,9.730036,1550002903249
11044,99,Gyroscope,0.0052229017,0.10544146,0.63586795,1550002903260
11045,99,Accelerometer,1.7681179,1.650802,10.116699,1550002903260
11046,99,Gyroscope,0.0113315545,0.08650463,0.65175045,1550002903269
11047,99,Accelerometer,1.9045875,1.9476831000000001,9.8677025,1550002903270
11048,99,Gyroscope,0.025992319,0.079785116,0.6639676999999999,1550002903279
11049,99,Accelerometer,1.7274165000000001,2.1643584,10.047267,1550002903280
11050,99,Gyroscope,0.047372602,0.05901569999999999,0.66763294,1550002903289
11051,99,Accelerometer,1.6496049,2.2421699,10.149021000000001,1550002903290
11052,99,Gyroscope,0.07058548,0.036413684,0.68534803,1550002903299
11053,99,Accelerometer,1.6567876,2.5127146000000002,9.949105,1550002903300
11054,99,Gyroscope,0.07852673,0.030915894,0.6993979,1550002903309
11055,99,Accelerometer,1.2389994,2.4528596,10.020931,1550002903310
11056,99,Gyroscope,0.080359325,0.033970222,0.70856094,1550002903319
11057,99,Accelerometer,0.9528923,2.6635494,9.985018,1550002903320
11058,99,Gyroscope,0.085857116,0.035191953,0.7311629,1550002903329
11059,99,Accelerometer,0.7769185000000001,2.621651,9.822212,1550002903329
11060,99,Gyroscope,0.08280279,0.043744065,0.7513215,1550002903339
11061,99,Accelerometer,0.60812724,2.5629928,9.661800999999999,1550002903340
11062,99,Gyroscope,0.07547241,0.053517907999999996,0.7849191,1550002903349
11063,99,Accelerometer,0.60693014,2.1823148999999997,9.217675999999999,1550002903349
11064,99,Gyroscope,0.0650877,0.066956945,0.8056885,1550002903359
11065,99,Accelerometer,0.48722005,2.1559787,9.337387,1550002903360
11066,99,Gyroscope,0.06814202,0.07734165,0.8191275,1550002903370
11067,99,Accelerometer,0.7266402,1.9189526999999997,9.427169000000001,1550002903370
11068,99,Gyroscope,0.0492052,0.10055453,0.82706875,1550002903379
11069,99,Accelerometer,0.7745243,1.8351556,9.394848,1550002903379
11070,99,Gyroscope,0.022327128999999998,0.113382705,0.8282905,1550002903389
11071,99,Accelerometer,0.7433996,1.8171991000000003,9.42238,1550002903390
11072,99,Gyroscope,0.008277228000000001,0.110328384,0.8234036,1550002903399
11073,99,Accelerometer,0.9672575000000001,1.685518,9.165004,1550002903400
11074,99,Gyroscope,0.042485684,0.09627848,0.82951224,1550002903409
11075,99,Accelerometer,0.9684546,1.7561468999999996,10.090363499999999,1550002903410
11076,99,Gyroscope,0.047983468,0.102997996,0.82767963,1550002903419
11077,99,Accelerometer,1.1528081000000001,1.6867151000000002,9.783905,1550002903420
11078,99,Gyroscope,0.02721405,0.104830585,0.84539473,1550002903429
11079,99,Accelerometer,0.7278373,2.0817582999999997,9.487024,1550002903430
11080,99,Gyroscope,0.04615087,0.09811107,0.83623177,1550002903439
11081,99,Accelerometer,0.92895025,2.146402,9.81503,1550002903440
11082,99,Gyroscope,0.059589908,0.091391556,0.84844905,1550002903449
11083,99,Accelerometer,0.59017074,2.12246,9.672575,1550002903450
11084,99,Gyroscope,0.06386597,0.101776265,0.8527251,1550002903459
11085,99,Accelerometer,0.5781997,1.9871874,9.738416,1550002903460
11086,99,Gyroscope,0.088911444,0.09566761,0.86860764,1550002903469
11087,99,Accelerometer,0.3890578,1.7070657999999999,9.7084875,1550002903470
11088,99,Gyroscope,0.09074404,0.08894809,0.87838143,1550002903480
11089,99,Accelerometer,0.4345476,1.6328455,9.8916445,1550002903480
11090,99,Gyroscope,0.07058548,0.091391556,0.8808249,1550002903489
11091,99,Accelerometer,0.6907272,1.5574282,9.797073,1550002903489
11092,99,Gyroscope,0.07241808,0.08222858,0.8918205,1550002903500
11093,99,Accelerometer,0.45250413,1.353921,10.052056,1550002903500
11094,99,Gyroscope,0.08402452,0.08039598,0.8728836999999999,1550002903509
11095,99,Accelerometer,0.7673416999999999,1.7549498,10.290278,1550002903509
11096,99,Gyroscope,0.0632551,0.07367646,0.8765489,1550002903520
11097,99,Accelerometer,0.47285482,1.1887212,9.695319999999999,1550002903520
11098,99,Gyroscope,0.100517884,0.0571831,0.88021404,1550002903529
11099,99,Accelerometer,0.4189853,1.9261352999999999,9.646238,1550002903529
11100,99,Gyroscope,0.16404787,0.099943675,0.86555326,1550002903540
11101,99,Accelerometer,1.1360487,1.6280571000000001,7.8517847000000005,1550002903540
11102,99,Gyroscope,0.035155296,0.13293039999999998,0.9162551,1550002903549
11103,99,Accelerometer,-0.51834464,1.1839328000000002,9.01417,1550002903550
11104,99,Gyroscope,-0.038759395,0.17141491,0.8392860999999999,1550002903559
11105,99,Accelerometer,0.7422025,0.6428431,11.123461,1550002903559
11106,99,Gyroscope,0.12800682,0.07673079,0.9040378000000001,1550002903570
11107,99,Accelerometer,-0.033518825,0.9744401,11.519701,1550002903570
11108,99,Gyroscope,0.13472633,0.061459154,0.8570011999999999,1550002903579
11109,99,Accelerometer,1.8997990000000002,2.8574797999999997,8.359355,1550002903579
11110,99,Gyroscope,-0.020433438999999998,0.10788492,0.8515033999999999,1550002903590
11111,99,Accelerometer,0.4309563,2.349909,9.932345,1550002903590
11112,99,Gyroscope,0.044318277,0.10666319,0.9272507,1550002903599
11113,99,Accelerometer,1.6124948000000001,2.0913353,10.228029,1550002903599
11114,99,Gyroscope,0.05164866,0.08100685,0.9290833000000001,1550002903609
11115,99,Accelerometer,1.42455,2.1057005,9.623494,1550002903610
11116,99,Gyroscope,0.04554001,0.071233004,0.9180877000000001,1550002903619
11117,99,Accelerometer,1.0211270000000001,2.0111293999999997,9.775525,1550002903619
11118,99,Gyroscope,0.11456778,0.06878954,0.95657223,1550002903630
11119,99,Accelerometer,0.9672575000000001,2.5210943,9.600749,1550002903630
11120,99,Gyroscope,0.08097019,0.08650463,0.9816176999999999,1550002903639
11121,99,Accelerometer,0.81163436,2.0350714,9.228451,1550002903639
11122,99,Gyroscope,0.042485684,0.09811107,0.97856337,1550002903650
11123,99,Accelerometer,0.30526072,2.6288335,10.552444,1550002903650
11124,99,Gyroscope,0.07547241,0.07184387,1.0139935,1550002903659
11125,99,Accelerometer,1.13964,2.2589292999999997,9.946711,1550002903660
11126,99,Gyroscope,0.081581056,0.060848295999999996,1.0170479,1550002903669
11127,99,Accelerometer,-0.2669535,1.7872716,9.23683,1550002903669
11128,99,Gyroscope,0.018661937,0.090169825,1.0152153,1550002903680
11129,99,Accelerometer,0.16519992,1.9668366999999998,9.813833,1550002903680
11130,99,Gyroscope,0.06264423599999999,0.08161771,1.0506455,1550002903689
11131,99,Accelerometer,0.6895300999999999,1.602918,9.764750999999999,1550002903690
11132,99,Gyroscope,0.1212873,0.08955896,1.0017762,1550002903699
11133,99,Accelerometer,0.21906945,2.3415293999999998,9.3421755,1550002903699
11134,99,Gyroscope,0.06386597,0.11704790000000001,1.0463694,1550002903710
11135,99,Accelerometer,0.90500826,1.5921441,8.736442,1550002903710
11136,99,Gyroscope,0.04615087,0.12010222,1.0408716,1550002903719
11137,99,Accelerometer,-0.10055647,1.4137761999999998,10.20289,1550002903720
11138,99,Gyroscope,0.08646798,0.10421973,1.0353738000000001,1550002903729
11139,99,Accelerometer,0.7433996,1.5131354,10.477027,1550002903729
11140,99,Gyroscope,0.06814202,0.09750021,1.0530888999999999,1550002903739
11141,99,Accelerometer,0.8475474000000001,1.3335704,9.276335000000001,1550002903740
11142,99,Gyroscope,0.06814202,0.12560001,1.0011654,1550002903749
11143,99,Accelerometer,-0.39983168,1.6531962,9.967062,1550002903750
11144,99,Gyroscope,0.035766162000000004,0.10910665,1.0384282,1550002903759
11145,99,Accelerometer,0.45489833,0.7218518,10.091560000000001,1550002903759
11146,99,Gyroscope,0.07486154,0.093224145,1.0091066,1550002903769
11147,99,Accelerometer,-0.4321534000000001,1.2988545,10.195708,1550002903770
11148,99,Gyroscope,0.08280279,0.09261329,1.0170479,1550002903779
11149,99,Accelerometer,0.48362875,0.9660603999999999,9.609129,1550002903780
11150,99,Gyroscope,0.05653558,0.0871155,1.0225457,1550002903789
11151,99,Accelerometer,0.17357962,1.3443443000000002,9.959878999999999,1550002903790
11152,99,Gyroscope,0.07669414,0.06940041,0.98955894,1550002903799
11153,99,Accelerometer,0.05626374,1.0402806,10.143036,1550002903800
11154,99,Gyroscope,0.11090259,0.05901569999999999,0.9816176999999999,1550002903809
11155,99,Accelerometer,0.60573304,1.7106571,9.452309,1550002903810
11156,99,Gyroscope,0.07730500400000001,0.068178676,0.97856337,1550002903819
11157,99,Accelerometer,0.12330139,1.2198458,9.903615,1550002903819
11158,99,Gyroscope,0.06814202,0.062680885,0.9584048000000001,1550002903830
11159,99,Accelerometer,-0.20829555,0.9852139999999999,9.854534,1550002903830
11160,99,Gyroscope,0.046761736,0.055350505,0.9425223,1550002903839
11161,99,Accelerometer,-0.32321724,1.4185646,10.166978,1550002903840
11162,99,Gyroscope,0.04554001,0.055350505,0.9089246999999999,1550002903849
11163,99,Accelerometer,-0.12449849,0.89543146,9.856929,1550002903849
11164,99,Gyroscope,0.10968086,0.071233004,0.9095356,1550002903859
11165,99,Accelerometer,-0.6739678000000001,1.2174516000000002,9.285912,1550002903860
11166,99,Gyroscope,0.06386597,0.09750021,0.90159434,1550002903869
11167,99,Accelerometer,-0.075417355,1.4377182,9.097966,1550002903870
11168,99,Gyroscope,0.04004222,0.12132395,0.8918205,1550002903879
11169,99,Accelerometer,-0.027533319,1.3682863,9.253589999999999,1550002903880
11170,99,Gyroscope,0.07119635,0.10788492,0.9180877000000001,1550002903889
11171,99,Accelerometer,-0.7493850999999999,1.5071499,10.754754,1550002903889
11172,99,Gyroscope,0.08524625,0.092002414,0.86677504,1550002903900
11173,99,Accelerometer,0.08738836,0.676362,9.969456,1550002903900
11174,99,Gyroscope,0.03759876,0.101776265,0.86555326,1550002903909
11175,99,Accelerometer,0.023942016,1.2425906999999998,9.871294,1550002903910
11176,99,Gyroscope,0.06203337,0.09750021,0.8515033999999999,1550002903919
11177,99,Accelerometer,0.04189853,0.581791,9.616311,1550002903919
11178,99,Gyroscope,0.091965765,0.0871155,0.83623177,1550002903930
11179,99,Accelerometer,0.0047884034,1.0929531000000001,9.894038,1550002903930
11180,99,Gyroscope,0.08280279,0.09078069,0.8337882999999999,1550002903939
11181,99,Accelerometer,0.1412579,0.92895025,8.998607000000002,1550002903940
11182,99,Gyroscope,0.11762211,0.14820203,0.844173,1550002903949
11183,99,Accelerometer,0.04309563,1.1767502,8.918402,1550002903949
11184,99,Gyroscope,0.043096546,0.17019317,0.85028166,1550002903960
11185,99,Accelerometer,-1.2725182,-0.90620536,9.878476,1550002903960
11186,99,Gyroscope,-0.008216133,0.08100685,0.7885843000000001,1550002903969
11187,99,Accelerometer,0.04189853,1.0893618,12.069171,1550002903970
11188,99,Gyroscope,0.120676436,0.02786157,0.77270174,1550002903979
11189,99,Accelerometer,0.62967503,-0.5410896,10.594342,1550002903979
11190,99,Gyroscope,0.043096546,0.049241855999999994,0.7635388000000001,1550002903989
11191,99,Accelerometer,-0.8331822,0.65242,9.242816,1550002903990
11192,99,Gyroscope,-0.022876898,0.07245473,0.7323847,1550002903999
11193,99,Accelerometer,0.049081136,1.0857705,9.295488,1550002904000
11194,99,Gyroscope,0.08646798,0.041300602,0.7476563,1550002904009
11195,99,Accelerometer,0.17597382,0.5279215,10.494983,1550002904010
11196,99,Gyroscope,0.11456778,0.007092151999999999,0.7287195,1550002904019
11197,99,Accelerometer,0.7086836999999999,1.436521,9.782708,1550002904020
11198,99,Gyroscope,0.014385881000000001,0.018698592,0.7354390000000001,1550002904029
11199,99,Accelerometer,1.5358804,1.7142484,9.467871,1550002904030
11200,99,Gyroscope,0.054092124000000005,0.023585513,0.7708691999999999,1550002904039
11201,99,Accelerometer,1.4173675,1.9931729,10.042479,1550002904040
11202,99,Gyroscope,0.07241808,0.02114205,0.7873625,1550002904049
11203,99,Accelerometer,1.520318,1.7310078000000002,9.208099,1550002904050
11204,99,Gyroscope,0.031490106000000004,0.052296177,0.81301886,1550002904059
11205,99,Accelerometer,0.5446809,1.9009962,9.595961,1550002904060
11206,99,Gyroscope,0.07180721,0.06878954,0.8227926999999999,1550002904069
11207,99,Accelerometer,0.22385786,2.0374656000000004,9.619903,1550002904069
11208,99,Gyroscope,0.042485684,0.09383502,0.8356209000000001,1550002904079
11209,99,Accelerometer,0.4261679,2.44448,9.185355,1550002904080
11210,99,Gyroscope,-0.0021074805,0.101776265,0.83256656,1550002904089
11211,99,Accelerometer,-0.4213795,2.146402,10.053253,1550002904090
11212,99,Gyroscope,0.020494534,0.09444588,0.8227926999999999,1550002904099
11213,99,Accelerometer,0.1388637,2.1775265,10.096349,1550002904099
11214,99,Gyroscope,0.05042693,0.08345031,0.8527251,1550002904110
11215,99,Accelerometer,0.27892449999999996,2.0446482,9.451111000000001,1550002904110
11216,99,Gyroscope,0.02477059,0.103608854,0.84905994,1550002904119
11217,99,Accelerometer,0.38187516,2.0242975,9.520543,1550002904120
11218,99,Gyroscope,0.055924714,0.11460443599999999,0.88693357,1550002904129
11219,99,Accelerometer,0.9528923,1.9632453999999997,9.983821,1550002904129
11220,99,Gyroscope,0.08219192,0.10910665,0.90281606,1550002904139
11221,99,Accelerometer,1.2318168,1.8914193,9.811439,1550002904140
11222,99,Gyroscope,0.05653558,0.10727405,0.92297465,1550002904149
11223,99,Accelerometer,1.4736311000000002,1.6496049,9.842564,1550002904150
11224,99,Gyroscope,0.052870392999999995,0.12193482,0.93946797,1550002904159
11225,99,Accelerometer,1.5610195,1.6555905,10.17416,1550002904160
11226,99,Gyroscope,0.055924714,0.11582617,0.9461875,1550002904169
11227,99,Accelerometer,1.541866,1.5286977,10.097546000000001,1550002904170
11228,99,Gyroscope,0.0650877,0.079785116,0.9455766,1550002904180
11229,99,Accelerometer,1.0211270000000001,1.6962918999999999,9.64145,1550002904180
11230,99,Gyroscope,0.07363981,0.07245473,0.9406896999999999,1550002904189
11231,99,Accelerometer,1.0989386,2.2278047,9.821015,1550002904190
11232,99,Gyroscope,0.06814202,0.06756781,0.9675678,1550002904199
11233,99,Accelerometer,1.1575965,2.634819,9.8437605,1550002904199
11234,99,Gyroscope,0.06753115,0.06756781,0.9675678,1550002904210
11235,99,Accelerometer,0.6452374,2.7461493,9.483433,1550002904210
11236,99,Gyroscope,0.08952231,0.06573521,0.9803959999999999,1550002904219
11237,99,Accelerometer,1.0079589,2.9089549999999997,9.504980999999999,1550002904220
11238,99,Gyroscope,0.07974846,0.07245473,1.0139935,1550002904229
11239,99,Accelerometer,0.8487445,2.657564,8.979453,1550002904230
11240,99,Gyroscope,0.07058548,0.08222858,1.0237674,1550002904239
11241,99,Accelerometer,0.19632454,2.3822308,9.113529,1550002904240
11242,99,Gyroscope,0.06081164,0.099943675,1.0475911,1550002904249
11243,99,Accelerometer,0.5279215,2.3582888,9.611523,1550002904249
11244,99,Gyroscope,0.073028944,0.10727405,1.0744692,1550002904259
11245,99,Accelerometer,0.830788,2.2517467,9.163807,1550002904260
11246,99,Gyroscope,0.08219192,0.12682173,1.0628628,1550002904269
11247,99,Accelerometer,-0.09935937,2.4588451,9.257181,1550002904270
11248,99,Gyroscope,0.047983468,0.1433151,1.0738584,1550002904279
11249,99,Accelerometer,-0.25258827,1.2366052,9.312247,1550002904280
11250,99,Gyroscope,0.07241808,0.14087164,1.0787452,1550002904289
11251,99,Accelerometer,0.21547815,0.9959879,10.366894,1550002904290
11252,99,Gyroscope,0.112124324,0.12682173,1.0732473999999999,1550002904299
11253,99,Accelerometer,0.40581718,1.3778629999999998,10.125079,1550002904300
11254,99,Gyroscope,0.06447683,0.14209336,1.084243,1550002904309
11255,99,Accelerometer,0.48602295,1.1468226000000001,9.428367,1550002904309
11256,99,Gyroscope,0.04554001,0.1433151,1.0726366000000003,1550002904319
11257,99,Accelerometer,0.39384618,1.067814,9.619903,1550002904320
11258,99,Gyroscope,0.06753115,0.13842818,1.0573649999999999,1550002904329
11259,99,Accelerometer,0.50517654,0.9804255999999999,10.110714,1550002904330
11260,99,Gyroscope,0.06447683,0.12804347,1.0463694,1550002904339
11261,99,Accelerometer,0.4429273,1.1875241,10.018537,1550002904340
11262,99,Gyroscope,0.06203337,0.11704790000000001,1.0353738000000001,1550002904349
11263,99,Accelerometer,0.51235914,0.8295909,9.752781,1550002904350
11264,99,Gyroscope,0.09379836,0.11093924,1.0152153,1550002904359
11265,99,Accelerometer,0.7697359,1.3682863,9.719261999999999,1550002904360
11266,99,Gyroscope,0.08341365,0.10605232,1.0262108,1550002904369
11267,99,Accelerometer,1.0546459,1.8291701,9.387665,1550002904369
11268,99,Gyroscope,0.10235048,0.090169825,1.0427042,1550002904380
11269,99,Accelerometer,1.091756,1.9847932000000001,9.13388,1550002904380
11270,99,Gyroscope,0.18176296,0.08894809,1.0549215,1550002904389
11271,99,Accelerometer,1.4891934,2.420538,8.458714500000001,1550002904390
11272,99,Gyroscope,0.07241808,0.07184387,1.1166188999999997,1550002904399
11273,99,Accelerometer,0.19153613,3.0095115000000003,9.595961,1550002904400
11274,99,Gyroscope,-0.080909096,0.1414825,1.0494237,1550002904409
11275,99,Accelerometer,1.2389994,1.9788077000000002,10.913967999999999,1550002904410
11276,99,Gyroscope,0.07363981,0.039468005,1.1868683999999998,1550002904419
11277,99,Accelerometer,-1.0187328000000002,1.4856021000000001,11.841722,1550002904419
11278,99,Gyroscope,0.20680843,0.049241855999999994,1.061641,1550002904429
11279,99,Accelerometer,1.8267759,2.6994624,9.8437605,1550002904430
11280,99,Gyroscope,0.01316415,0.1414825,1.1465513,1550002904439
11281,99,Accelerometer,0.9983820999999999,3.027468,7.3549875999999985,1550002904440
11282,99,Gyroscope,0.036377028,0.15675414,1.2400136999999998,1550002904449
11283,99,Accelerometer,-1.5454572,2.837129,9.4774475,1550002904449
11284,99,Gyroscope,0.15244143,0.10605232,1.1422752,1550002904459
11285,99,Accelerometer,1.8746599,2.4480712000000002,11.280281,1550002904460
11286,99,Gyroscope,0.096241824,0.09627848,1.2277963,1550002904469
11287,99,Accelerometer,0.2645593,1.9273324,9.627085000000001,1550002904470
11288,99,Gyroscope,0.022937994,0.10849578,1.1966423000000002,1550002904479
11289,99,Accelerometer,0.24899697,1.3084313,9.352949,1550002904480
11290,99,Gyroscope,0.12311989999999999,0.074287325,1.1874793,1550002904489
11291,99,Accelerometer,1.1109096,1.555034,9.356541,1550002904490
11292,99,Gyroscope,0.14144585,0.06940041,1.1862575,1550002904499
11293,99,Accelerometer,0.32800564,1.9800048,8.769960000000001,1550002904500
11294,99,Gyroscope,0.08097019,0.07795252,1.1941986999999998,1550002904509
11295,99,Accelerometer,0.10654198,0.9540894,9.376891,1550002904509
11296,99,Gyroscope,0.107848264,0.08772636,1.1917553,1550002904519
11297,99,Accelerometer,-0.25498247,1.5562311000000002,9.704897,1550002904520
11298,99,Gyroscope,0.06081164,0.09078069,1.224742,1550002904529
11299,99,Accelerometer,-0.32202014,0.48602295,9.363723,1550002904530
11300,99,Gyroscope,0.034544434,0.0993328,1.1612121000000002,1550002904539
11301,99,Accelerometer,-0.760159,1.5239093000000001,9.654618,1550002904539
11302,99,Gyroscope,0.07974846,0.11460443599999999,1.1825923999999999,1550002904549
11303,99,Accelerometer,0.06464344,2.1703438999999998,10.077195,1550002904550
11304,99,Gyroscope,0.093187496,0.12682173,1.1777053999999998,1550002904559
11305,99,Accelerometer,0.1436521,1.4449007999999999,8.965088,1550002904560
11306,99,Gyroscope,0.043096546,0.15553242,1.1563251,1550002904569
11307,99,Accelerometer,-0.7110779,1.7034745,9.070433,1550002904569
11308,99,Gyroscope,0.031490106000000004,0.16897145,1.1642663,1550002904580
11309,99,Accelerometer,0.1364695,1.4700398000000001,10.480618,1550002904580
11310,99,Gyroscope,0.088911444,0.13170865,1.175262,1550002904589
11311,99,Accelerometer,0.521936,1.3455413999999999,9.959878999999999,1550002904590
11312,99,Gyroscope,0.08830058,0.11888049,1.1398318,1550002904599
11313,99,Accelerometer,0.14006079999999999,1.4760253,8.9040365,1550002904599
11314,99,Gyroscope,0.09563096,0.11399356,1.1544925,1550002904609
11315,99,Accelerometer,0.6679823,1.7046716,8.7532015,1550002904610
11316,99,Gyroscope,0.091965765,0.15125635,1.1587687,1550002904619
11317,99,Accelerometer,-0.26815059999999996,0.12449849,10.006566000000001,1550002904620
11318,99,Gyroscope,0.017440207,0.17019317,1.1300579,1550002904629
11319,99,Accelerometer,0.415394,0.61291564,11.264719,1550002904629
11320,99,Gyroscope,0.006444632,0.074287325,1.1379992,1550002904639
11321,99,Accelerometer,-0.39504328,0.58418524,11.107899,1550002904640
11322,99,Gyroscope,0.16588046,0.01992032,1.0805778999999998,1550002904649
11323,99,Accelerometer,0.4249708,0.60214174,8.89446,1550002904650
11324,99,Gyroscope,0.07241808,0.06207002,1.1300579,1550002904659
11325,99,Accelerometer,0.9744401,2.4648306,8.148665,1550002904660
11326,99,Gyroscope,0.07241808,0.09750021,1.1239493,1550002904669
11327,99,Accelerometer,-0.8822633,1.5765818,10.976217,1550002904670
11328,99,Gyroscope,0.13411547,0.046187527,1.0872973,1550002904679
11329,99,Accelerometer,0.50278234,0.9672575000000001,10.611102,1550002904679
11330,99,Gyroscope,0.12250903,0.04557666,1.1105102,1550002904689
11331,99,Accelerometer,-0.33159694,1.9213468999999996,9.36492,1550002904690
11332,99,Gyroscope,0.025992319,0.07673079,1.0585867,1550002904699
11333,99,Accelerometer,-0.095768064,1.1420341999999999,9.463082,1550002904700
11334,99,Gyroscope,0.12678508,0.068178676,1.0891298999999999,1550002904709
11335,99,Accelerometer,0.5303157,1.6567876,10.341754,1550002904709
11336,99,Gyroscope,0.11762211,0.08345031,1.0500346,1550002904719
11337,99,Accelerometer,-0.46926352,0.59615624,9.015367,1550002904720
11338,99,Gyroscope,0.03210097,0.10849578,1.007274,1550002904729
11339,99,Accelerometer,-0.39863458,1.0390834999999998,9.731233,1550002904730
11340,99,Gyroscope,0.040653087000000004,0.10055453,1.029876,1550002904739
11341,99,Accelerometer,0.5279215,1.1037270000000001,10.423157000000002,1550002904739
11342,99,Gyroscope,0.1072374,0.08222858,1.0060523000000001,1550002904749
11343,99,Accelerometer,-0.545878,1.0163386,9.503783,1550002904750
11344,99,Gyroscope,-0.01004873,0.113382705,0.97550905,1550002904759
11345,99,Accelerometer,-0.08259996,1.0295067,9.51336,1550002904760
11346,99,Gyroscope,0.049816065,0.11093924,0.9852829,1550002904769
11347,99,Accelerometer,-0.4381389,1.0498575,10.41358,1550002904769
11348,99,Gyroscope,0.09135491,0.08894809,0.9724546999999999,1550002904779
11349,99,Accelerometer,-0.1328782,1.009156,9.865308,1550002904780
11350,99,Gyroscope,0.047372602,0.09688934,0.96940035,1550002904789
11351,99,Accelerometer,-0.021547815,1.5526398000000001,9.147048,1550002904790
11352,99,Gyroscope,0.05775731,0.092002414,0.9687895000000001,1550002904799
11353,99,Accelerometer,-0.01316811,0.9684546,9.387665,1550002904800
11354,99,Gyroscope,0.1054048,0.08039598,0.96940035,1550002904809
11355,99,Accelerometer,-0.21308395,1.9093759,10.376471,1550002904809
11356,99,Gyroscope,0.057146445,0.099943675,0.9474091999999998,1550002904820
11357,99,Accelerometer,0.051475335,0.7757214,9.246407000000001,1550002904820
11358,99,Gyroscope,0.05775731,0.093224145,0.9516853000000001,1550002904829
11359,99,Accelerometer,-0.7254431,1.2437878,9.767146,1550002904830
11360,99,Gyroscope,0.0650877,0.07795252,0.91686594,1550002904839
11361,99,Accelerometer,0.074220255,0.37110126,10.309433,1550002904840
11362,99,Gyroscope,0.049816065,0.09078069,0.91869855,1550002904849
11363,99,Accelerometer,-0.50517654,0.65242,9.850943,1550002904849
11364,99,Gyroscope,0.018661937,0.098721944,0.9070921000000001,1550002904860
11365,99,Accelerometer,-0.34117374,0.44173019999999996,10.160992,1550002904860
11366,99,Gyroscope,0.052259527,0.09505675,0.88387924,1550002904869
11367,99,Accelerometer,-0.23942018,0.78410107,10.023325,1550002904870
11368,99,Gyroscope,0.039431356,0.10788492,0.88571185,1550002904879
11369,99,Accelerometer,-0.088585466,0.7242460000000001,9.803059,1550002904880
11370,99,Gyroscope,0.039431356,0.0993328,0.8753271,1550002904889
11371,99,Accelerometer,0.15562311,0.6943185000000001,9.799467,1550002904890
11372,99,Gyroscope,0.06814202,0.085893765,0.86555326,1550002904899
11373,99,Accelerometer,0.641646,1.0486604,10.178948,1550002904899
11374,99,Gyroscope,0.04004222,0.09261329,0.86921847,1550002904910
11375,99,Accelerometer,0.7769185000000001,1.2425906999999998,9.647436,1550002904910
11376,99,Gyroscope,0.0070554977,0.09811107,0.8710511000000001,1550002904919
11377,99,Accelerometer,0.7517793,1.3802572,9.537302,1550002904920
11378,99,Gyroscope,0.038209625,0.06390262,0.8765489,1550002904929
11379,99,Accelerometer,0.62728083,1.2844891999999999,10.45907,1550002904930
11380,99,Gyroscope,0.07913759,0.046798393,0.8765489,1550002904939
11381,99,Accelerometer,1.0115502,1.4975731,10.593145,1550002904939
11382,99,Gyroscope,0.06386597,0.04007887,0.8808249,1550002904949
11383,99,Accelerometer,0.7350199000000001,2.3810337,10.354922,1550002904950
11384,99,Gyroscope,0.05653558,0.027250702999999998,0.8881553,1550002904959
11385,99,Accelerometer,1.2665327,1.7944542,9.764750999999999,1550002904960
11386,99,Gyroscope,0.08463538400000001,0.03580282,0.8808249,1550002904969
11387,99,Accelerometer,0.29688102,1.5526398000000001,8.98903,1550002904970
11388,99,Gyroscope,0.08707885,0.01992032,0.8881553,1550002904979
11389,99,Accelerometer,0.5662286999999999,1.5406688,9.52174,1550002904979
11390,99,Gyroscope,0.090133175,0.043744065,0.90464866,1550002904990
11391,99,Accelerometer,1.0570401000000003,1.9692308999999997,9.855731,1550002904990
11392,99,Gyroscope,0.093187496,0.060848295999999996,0.9125899,1550002904999
11393,99,Accelerometer,0.92895025,1.8052281000000003,9.701305,1550002905000
11394,99,Gyroscope,0.048594332999999997,0.05168531,0.92114204,1550002905009
11395,99,Accelerometer,1.2198458,1.9608511999999998,9.459491,1550002905010
11396,99,Gyroscope,0.08219192,0.046798393,0.93641365,1550002905019
11397,99,Accelerometer,1.0307038,2.2613235,9.305064999999999,1550002905019
11398,99,Gyroscope,0.090133175,0.0852829,0.95046353,1550002905029
11399,99,Accelerometer,0.7637503000000001,2.6072857000000003,9.580399,1550002905030
11400,99,Gyroscope,0.085857116,0.101776265,0.9724546999999999,1550002905040
11401,99,Accelerometer,0.5758055000000001,1.4305356000000002,9.137471000000001,1550002905040
11402,99,Gyroscope,0.07974846,0.10666319,0.95657223,1550002905049
11403,99,Accelerometer,-0.36511576,1.5993267,9.907207000000001,1550002905050
11404,99,Gyroscope,0.060200773,0.09627848,0.9675678,1550002905059
11405,99,Accelerometer,0.6512229,1.5047556999999998,9.557653,1550002905060
11406,99,Gyroscope,0.07363981,0.08772636,0.9706220999999999,1550002905069
11407,99,Accelerometer,0.688333,1.7477672,9.799467,1550002905069
11408,99,Gyroscope,0.07669414,0.08650463,0.9413005999999999,1550002905080
11409,99,Accelerometer,0.5578489999999999,1.8351556,9.507375,1550002905080
11410,99,Gyroscope,0.08463538400000001,0.07489819,0.9651243,1550002905089
11411,99,Accelerometer,0.9600749,1.1959038,8.9124155,1550002905090
11412,99,Gyroscope,0.1335046,0.07734165,0.93763536,1550002905099
11413,99,Accelerometer,0.47046062,1.7776948000000001,8.546103,1550002905100
11414,99,Gyroscope,0.13716979999999998,0.15675414,0.95657223,1550002905109
11415,99,Accelerometer,0.39863458,1.496376,9.991004,1550002905109
11416,99,Gyroscope,0.0033903066,0.18913001,0.9663459999999999,1550002905119
11417,99,Accelerometer,1.1180921999999998,0.29448682,11.520899,1550002905119
11418,99,Gyroscope,0.029657512999999996,0.06207002,0.93702453,1550002905130
11419,99,Accelerometer,-0.2861071,0.35673606,11.568783,1550002905130
11420,99,Gyroscope,0.19642372,0.0015943646,0.8710511000000001,1550002905139
11421,99,Accelerometer,0.90740246,0.8331822,9.052477,1550002905140
11422,99,Gyroscope,0.035766162000000004,0.048020124000000004,0.9125899,1550002905149
11423,99,Accelerometer,1.1899183,1.7238252,8.003817,1550002905150
11424,99,Gyroscope,0.0113315545,0.08650463,0.88326836,1550002905159
11425,99,Accelerometer,-0.22026655,1.3970166000000002,10.048465,1550002905159
11426,99,Gyroscope,0.12556335,0.071233004,0.8618880999999999,1550002905169
11427,99,Accelerometer,0.9804255999999999,0.89184016,10.540473,1550002905170
11428,99,Gyroscope,0.08952231,0.053517907999999996,0.86555326,1550002905179
11429,99,Accelerometer,0.9588778,1.2234371000000002,9.192537,1550002905180
11430,99,Gyroscope,0.057146445,0.060848295999999996,0.82951224,1550002905189
11431,99,Accelerometer,0.6751649000000001,1.067814,9.7084875,1550002905190
11432,99,Gyroscope,0.07119635,0.06512435,0.83439916,1550002905199
11433,99,Accelerometer,1.4796166000000002,0.7745243,9.647436,1550002905199
11434,99,Gyroscope,0.043096546,0.079785116,0.8142406,1550002905209
11435,99,Accelerometer,1.163582,0.93613285,9.570822,1550002905210
11436,99,Gyroscope,0.058979042,0.07001127,0.79957986,1550002905220
11437,99,Accelerometer,1.0965444,1.3455413999999999,10.465055,1550002905220
11438,99,Gyroscope,0.09807442,0.053517907999999996,0.7989689999999999,1550002905229
11439,99,Accelerometer,1.6819267,1.8890251,9.657013000000001,1550002905230
11440,99,Gyroscope,0.05348126,0.074287325,0.8319556999999999,1550002905239
11441,99,Accelerometer,0.82121116,2.111686,8.796297000000001,1550002905240
11442,99,Gyroscope,0.044318277,0.08894809,0.8411187,1550002905249
11443,99,Accelerometer,0.7673416999999999,2.3451207000000003,9.828198,1550002905249
11444,99,Gyroscope,0.08768971,0.085893765,0.85089254,1550002905260
11445,99,Accelerometer,0.47644615,1.6783354,10.2974615,1550002905260
11446,99,Gyroscope,0.060200773,0.09566761,0.8631098,1550002905269
11447,99,Accelerometer,-0.031124622,1.9309237000000001,10.044872999999999,1550002905270
11448,99,Gyroscope,0.044929143,0.08650463,0.85089254,1550002905279
11449,99,Accelerometer,0.24301147,1.0929531000000001,9.66659,1550002905280
11450,99,Gyroscope,0.088911444,0.07001127,0.8582228999999999,1550002905289
11451,99,Accelerometer,0.19512744,1.4867992,10.007763,1550002905289
11452,99,Gyroscope,0.051037795999999996,0.08039598,0.8417295,1550002905299
11453,99,Accelerometer,0.49559975,0.81163436,9.1829605,1550002905299
11454,99,Gyroscope,0.039431356,0.09688934,0.8234036,1550002905310
11455,99,Accelerometer,0.25617957,1.1408371000000002,9.539697,1550002905310
11456,99,Gyroscope,0.059589908,0.08222858,0.8069102,1550002905319
11457,99,Accelerometer,0.33997664,1.3120226000000001,10.242394,1550002905320
11458,99,Gyroscope,0.0492052,0.09261329,0.7830865,1550002905329
11459,99,Accelerometer,0.7314286,0.7757214,10.031705,1550002905330
11460,99,Gyroscope,0.022937994,0.07611992,0.77881044,1550002905339
11461,99,Accelerometer,0.12928689,1.0330979999999998,10.085575,1550002905339
11462,99,Gyroscope,0.046761736,0.07673079,0.7519323,1550002905349
11463,99,Accelerometer,0.89303726,0.8786719999999999,9.848549,1550002905350
11464,99,Gyroscope,0.049816065,0.052907042,0.7617062,1550002905359
11465,99,Accelerometer,0.62728083,0.52073884,9.65821,1550002905360
11466,99,Gyroscope,0.042485684,0.07489819,0.7384933000000001,1550002905369
11467,99,Accelerometer,0.7266402,0.8810662,9.124303,1550002905370
11468,99,Gyroscope,0.040653087000000004,0.06878954,0.76292795,1550002905379
11469,99,Accelerometer,0.36990416,0.8559271,9.998186,1550002905379
11470,99,Gyroscope,0.07913759,0.06329175,0.74643457,1550002905389
11471,99,Accelerometer,0.45370123,0.8439561,9.753978,1550002905389
11472,99,Gyroscope,0.06692029,0.058404832999999996,0.74338025,1550002905400
11473,99,Accelerometer,0.52073884,1.2078748,9.475052999999999,1550002905400
11474,99,Gyroscope,0.04187482,0.07184387,0.7348281,1550002905409
11475,99,Accelerometer,0.06344634,0.9720459000000001,9.904813,1550002905410
11476,99,Gyroscope,0.027824916,0.090169825,0.72749776,1550002905419
11477,99,Accelerometer,-0.30047232,1.1587936,10.553641,1550002905419
11478,99,Gyroscope,0.031490106000000004,0.0571831,0.72383255,1550002905429
11479,99,Accelerometer,0.51355624,1.270124,9.932345,1550002905430
11480,99,Gyroscope,0.06264423599999999,0.06207002,0.717113,1550002905440
11481,99,Accelerometer,-0.03232172,1.2449848999999997,9.384072999999999,1550002905440
11482,99,Gyroscope,0.033322702999999995,0.08406117,0.70856094,1550002905449
11483,99,Accelerometer,0.13766660000000003,1.4185646,9.911995,1550002905450
11484,99,Gyroscope,0.04370741,0.07489819,0.73604983,1550002905459
11485,99,Accelerometer,0.7733272,1.1109096,10.376471,1550002905459
11486,99,Gyroscope,0.080359325,0.05596137,0.70550656,1550002905469
11487,99,Accelerometer,0.24899697,1.4496891,10.236409,1550002905469
11488,99,Gyroscope,0.08341365,0.04863099,0.7110044,1550002905480
11489,99,Accelerometer,0.7194576,1.1587936,9.390058999999999,1550002905480
11490,99,Gyroscope,0.0492052,0.05046358,0.70978266,1550002905489
11491,99,Accelerometer,0.20350714,1.2497733,9.676167,1550002905490
11492,99,Gyroscope,0.09257663,0.053517907999999996,0.6951219,1550002905499
11493,99,Accelerometer,0.46686932,1.2880806,9.986216,1550002905500
11494,99,Gyroscope,0.090133175,0.03824628,0.6975653,1550002905509
11495,99,Accelerometer,0.37588966,0.89423436,8.962694,1550002905509
11496,99,Gyroscope,0.0632551,0.066956945,0.66946554,1550002905520
11497,99,Accelerometer,-0.48602295,1.2413936,9.665392,1550002905520
11498,99,Gyroscope,0.051037795999999996,0.07001127,0.68840235,1550002905530
11499,99,Accelerometer,0.32680854,0.7182605,9.702502,1550002905530
11500,99,Gyroscope,0.08341365,0.06940041,0.6798502,1550002905539
11501,99,Accelerometer,-0.1604115,1.2449848999999997,9.030928999999999,1550002905540
11502,99,Gyroscope,0.11884384,0.10116539,0.65297216,1550002905549
11503,99,Accelerometer,0.20111294,2.0003555,9.885659,1550002905549
11504,99,Gyroscope,0.0027794409999999997,0.13293039999999998,0.6926784,1550002905559
11505,99,Accelerometer,-0.48961425,0.91099375,10.498574000000001,1550002905559
11506,99,Gyroscope,-0.037537664,0.09811107,0.65113956,1550002905570
11507,99,Accelerometer,-0.7038953,1.1109096,11.155783,1550002905570
11508,99,Gyroscope,0.109069996,0.039468005,0.6639676999999999,1550002905579
11509,99,Accelerometer,0.9624690999999999,1.0043676,10.163386000000001,1550002905580
11510,99,Gyroscope,0.035766162000000004,0.057793967,0.6212072,1550002905589
11511,99,Accelerometer,0.05267244,0.94570965,9.443928999999999,1550002905590
11512,99,Gyroscope,-0.010659594,0.07184387,0.6077682,1550002905599
11513,99,Accelerometer,0.6631939,0.8798690999999998,10.260351,1550002905599
11514,99,Gyroscope,0.05775731,0.029694162000000003,0.6114333000000001,1550002905609
11515,99,Accelerometer,1.483208,0.7661445,10.84334,1550002905610
11516,99,Gyroscope,0.073028944,-0.0020708293,0.57600313,1550002905620
11517,99,Accelerometer,1.1611878,0.9852139999999999,10.000581,1550002905620
11518,99,Gyroscope,0.05775731,-0.004514288,0.58272266,1550002905629
11519,99,Accelerometer,1.7609352999999999,1.1731589,9.435549,1550002905630
11520,99,Gyroscope,0.017440207,0.009535611,0.57783574,1550002905639
11521,99,Accelerometer,0.94211835,1.2976573999999998,9.915586,1550002905640
11522,99,Gyroscope,0.028435782000000003,-0.012455538,0.56378585,1550002905650
11523,99,Accelerometer,1.5358804,1.3862427,10.19092,1550002905650
11524,99,Gyroscope,0.052259527,-0.035668418,0.5613424,1550002905659
11525,99,Accelerometer,1.1133038,2.135628,9.5492735,1550002905659
11526,99,Gyroscope,0.018051071000000002,-0.0020708293,0.5839444,1550002905669
11527,99,Accelerometer,0.45370123,2.2146366000000004,9.156625,1550002905669
11528,99,Gyroscope,0.012553285,0.024196379,0.5705054,1550002905680
11529,99,Accelerometer,0.533907,1.7310078000000002,9.382876,1550002905680
11530,99,Gyroscope,0.047372602,0.018698592,0.59921604,1550002905690
11531,99,Accelerometer,-0.074220255,1.3706805,9.992201,1550002905690
11532,99,Gyroscope,0.06203337,0.020531185,0.5595098000000001,1550002905699
11533,99,Accelerometer,0.5267244000000001,0.8810662,9.16261,1550002905700
11534,99,Gyroscope,0.032711837,0.042522334,0.54484904,1550002905709
11535,99,Accelerometer,0.6488286999999999,1.602918,9.167398,1550002905709
11536,99,Gyroscope,0.021105397,0.06756781,0.54301643,1550002905719
11537,99,Accelerometer,0.7565677,1.3551182,8.919599,1550002905719
11538,99,Gyroscope,0.021105397,0.08222858,0.5387404,1550002905730
11539,99,Accelerometer,1.2533646,1.1528081000000001,9.338583999999999,1550002905730
11540,99,Gyroscope,0.0015577096,0.092002414,0.5259121999999999,1550002905739
11541,99,Accelerometer,1.6089035,1.353921,9.830592,1550002905740
11542,99,Gyroscope,0.00033598019999999995,0.09383502,0.5350752,1550002905749
11543,99,Accelerometer,1.3970166000000002,1.2042834999999998,9.848549,1550002905750
11544,99,Gyroscope,0.008888093,0.06878954,0.5491251,1550002905759
11545,99,Accelerometer,1.0390834999999998,1.2569559,10.187327999999999,1550002905760
11546,99,Gyroscope,0.02354886,0.066956945,0.5472925000000001,1550002905769
11547,99,Accelerometer,1.6160861,1.2066777,9.5385,1550002905769
11548,99,Gyroscope,0.013775015,0.06634608,0.585777,1550002905780
11549,99,Accelerometer,1.1707646999999999,1.6723499,9.862914,1550002905780
11550,99,Gyroscope,0.035766162000000004,0.05596137,0.5906639,1550002905789
11551,99,Accelerometer,1.4221559,1.2234371000000002,10.103531,1550002905790
11552,99,Gyroscope,0.0650877,0.022974647999999997,0.57966834,1550002905799
11553,99,Accelerometer,1.8028339,1.7298107,10.316614999999999,1550002905800
11554,99,Gyroscope,0.065698564,0.008924745,0.5772248999999999,1550002905809
11555,99,Accelerometer,1.9847932000000001,1.5933412,9.8042555,1550002905810
11556,99,Gyroscope,0.05042693,-0.0020708293,0.5698945,1550002905819
11557,99,Accelerometer,1.7896657999999999,1.7776948000000001,9.606734,1550002905819
11558,99,Gyroscope,0.058368175999999994,-0.014288133,0.5595098000000001,1550002905829
11559,99,Accelerometer,1.7202339,1.6496049,9.739613,1550002905830
11560,99,Gyroscope,0.073028944,-0.028338033999999998,0.5766140000000001,1550002905839
11561,99,Accelerometer,1.6759412,0.9983820999999999,10.155006,1550002905840
11562,99,Gyroscope,0.09990702,-0.029559765,0.5888313000000001,1550002905849
11563,99,Accelerometer,1.6184803,1.3227965,9.685742999999999,1550002905850
11564,99,Gyroscope,0.08341365,-0.010012077,0.6059356,1550002905859
11565,99,Accelerometer,1.7322049,1.7190368000000003,9.016563,1550002905860
11566,99,Gyroscope,0.06386597,0.0040378235,0.6315919,1550002905869
11567,99,Accelerometer,1.1037270000000001,1.6519991000000003,9.691728999999999,1550002905869
11568,99,Gyroscope,0.06814202,0.0040378235,0.6419766,1550002905880
11569,99,Accelerometer,0.80684596,1.8770541,9.896433,1550002905880
11570,99,Gyroscope,0.07363981,0.01625513,0.6389223,1550002905889
11571,99,Accelerometer,1.2389994,1.328782,9.247603999999999,1550002905890
11572,99,Gyroscope,0.05775731,0.04740926,0.6193746,1550002905899
11573,99,Accelerometer,0.41180268,1.5167267,9.615114,1550002905900
11574,99,Gyroscope,0.030268377000000003,0.05168531,0.63525707,1550002905909
11575,99,Accelerometer,1.2389994,1.1240777,9.408014999999999,1550002905909
11576,99,Gyroscope,0.046761736,0.049241855999999994,0.61876374,1550002905919
11577,99,Accelerometer,0.5363011999999999,1.292869,9.67018,1550002905919
11578,99,Gyroscope,0.06447683,0.062680885,0.5888313000000001,1550002905930
11579,99,Accelerometer,0.34237084,0.6967127,9.424775,1550002905930
11580,99,Gyroscope,0.025992319,0.07001127,0.5912748000000001,1550002905939
11581,99,Accelerometer,0.47285482,0.7062895,9.386467999999999,1550002905940
11582,99,Gyroscope,0.06692029,0.078563385,0.5686728,1550002905949
11583,99,Accelerometer,0.8595184000000001,1.0821792,9.901221000000001,1550002905950
11584,99,Gyroscope,0.054092124000000005,0.092002414,0.5576772,1550002905959
11585,99,Accelerometer,0.78529817,0.7015011,9.531317,1550002905959
11586,99,Gyroscope,0.029046647000000002,0.10116539,0.52896655,1550002905969
11587,99,Accelerometer,0.50757074,1.1587936,10.044872999999999,1550002905970
11588,99,Gyroscope,0.03210097,0.08833723,0.5356860999999999,1550002905980
11589,99,Accelerometer,1.0055646999999999,0.9588778,10.554838,1550002905980
11590,99,Gyroscope,0.03393357,0.062680885,0.50575364,1550002905989
11591,99,Accelerometer,0.9804255999999999,1.2318168,10.087969000000001,1550002905990
11592,99,Gyroscope,0.054092124000000005,0.03824628,0.5002559,1550002905999
11593,99,Accelerometer,1.6639702,1.3323733,8.92319,1550002906000
11594,99,Gyroscope,0.09929615,0.05962656400000001,0.4923146,1550002906009
11595,99,Accelerometer,2.0661959999999997,2.871845,10.697293,1550002906009
11596,99,Gyroscope,0.022327128999999998,0.066956945,0.51125145,1550002906019
11597,99,Accelerometer,1.2138603000000001,0.59735334,9.033323,1550002906019
11598,99,Gyroscope,-0.030818147999999997,0.08222858,0.46360394,1550002906030
11599,99,Accelerometer,0.33638534,2.385822,11.370064,1550002906030
11600,99,Gyroscope,0.0058337674,-0.00023823230999999999,0.5161384,1550002906039
11601,99,Accelerometer,2.5246856,0.8774749,9.903615,1550002906040
11602,99,Gyroscope,0.055924714,-0.01734246,0.45199752,1550002906049
11603,99,Accelerometer,0.676362,2.0398598000000003,8.321048,1550002906050
11604,99,Gyroscope,0.014385881000000001,0.06573521,0.46543655,1550002906059
11605,99,Accelerometer,0.90979666,1.8076223000000002,8.494628,1550002906060
11606,99,Gyroscope,-0.03387247,0.0852829,0.522247,1550002906069
11607,99,Accelerometer,0.37828386,0.9911995000000001,9.884461,1550002906069
11608,99,Gyroscope,0.03882049,0.056572236,0.48987114,1550002906079
11609,99,Accelerometer,0.34835634,1.0606314,10.316614999999999,1550002906080
11610,99,Gyroscope,0.03882049,0.037635416,0.4929255,1550002906090
11611,99,Accelerometer,1.1516110000000002,1.3467385,9.264363000000001,1550002906090
11612,99,Gyroscope,-0.015546517,0.054128774000000004,0.4923146,1550002906099
11613,99,Accelerometer,0.8391677,1.733402,9.258378,1550002906100
11614,99,Gyroscope,0.022327128999999998,0.06878954,0.4855951,1550002906109
11615,99,Accelerometer,0.8607155000000001,1.7956512999999998,10.196905000000001,1550002906110
11616,99,Gyroscope,0.05042693,0.061459154,0.5198036,1550002906119
11617,99,Accelerometer,1.2976573999999998,0.9888053,9.24521,1550002906120
11618,99,Gyroscope,0.016829342,0.08406117,0.5240796,1550002906129
11619,99,Accelerometer,0.18555063,1.4676456,9.616311,1550002906129
11620,99,Gyroscope,0.040653087000000004,0.09261329,0.48070818,1550002906140
11621,99,Accelerometer,1.389834,1.4999673,9.975441,1550002906140
11622,99,Gyroscope,0.024159724,0.08955896,0.5155274999999999,1550002906149
11623,99,Accelerometer,0.59256494,1.6891093000000001,9.7324295,1550002906150
11624,99,Gyroscope,0.0094989585,0.09505675,0.49414719999999995,1550002906159
11625,99,Accelerometer,0.80684596,1.7693150000000002,9.763555,1550002906160
11626,99,Gyroscope,0.008888093,0.08039598,0.49903417,1550002906169
11627,99,Accelerometer,1.258153,1.411382,10.54167,1550002906170
11628,99,Gyroscope,0.05348126,0.052907042,0.51064056,1550002906179
11629,99,Accelerometer,0.50517654,1.30484,10.114305499999999,1550002906179
11630,99,Gyroscope,0.035155296,0.049241855999999994,0.51064056,1550002906189
11631,99,Accelerometer,0.82001406,1.3814543,9.619903,1550002906190
11632,99,Gyroscope,0.03393357,0.048020124000000004,0.499645,1550002906200
11633,99,Accelerometer,1.1097125,0.94930094,9.368511,1550002906200
11634,99,Gyroscope,0.065698564,0.035191953,0.51125145,1550002906209
11635,99,Accelerometer,0.8391677,1.0498575,9.673772,1550002906210
11636,99,Gyroscope,0.034544434,0.03580282,0.4855951,1550002906219
11637,99,Accelerometer,1.2413936,0.58897364,9.753978,1550002906220
11638,99,Gyroscope,0.036987893,0.036413684,0.48620597,1550002906229
11639,99,Accelerometer,0.7158663000000001,0.29568392,9.548077000000001,1550002906230
11640,99,Gyroscope,0.049816065,0.049241855999999994,0.45810616,1550002906239
11641,99,Accelerometer,0.5578489999999999,0.6607997,9.731233,1550002906239
11642,99,Gyroscope,0.022937994,0.060848295999999996,0.43672588,1550002906250
11643,99,Accelerometer,0.45848963,0.52073884,9.624691,1550002906250
11644,99,Gyroscope,0.014996746000000002,0.06207002,0.42573032,1550002906259
11645,99,Accelerometer,0.24061728,0.4141969,9.78989,1550002906260
11646,99,Gyroscope,0.035155296,0.06940041,0.39335445,1550002906269
11647,99,Accelerometer,0.45489833,0.6392518,9.860519,1550002906270
11648,99,Gyroscope,-0.0014966168,0.08161771,0.3854132,1550002906279
11649,99,Accelerometer,0.320823,0.60094464,9.673772,1550002906280
11650,99,Gyroscope,0.0113315545,0.0852829,0.36953070000000005,1550002906289
11651,99,Accelerometer,0.39624038,0.700304,9.841366,1550002906289
11652,99,Gyroscope,0.030268377000000003,0.07245473,0.3518156,1550002906299
11653,99,Accelerometer,0.47884035,0.8678981,9.787497,1550002906300
11654,99,Gyroscope,0.006444632,0.07489819,0.34570697,1550002906310
11655,99,Accelerometer,0.48123455,1.174356,10.006566000000001,1550002906310
11656,99,Gyroscope,-0.0014966168,0.06390262,0.3328788,1550002906319
11657,99,Accelerometer,0.34117374,0.58538234,10.17416,1550002906320
11658,99,Gyroscope,0.0033903066,0.03824628,0.30294640000000006,1550002906329
11659,99,Accelerometer,0.7062895,0.42257659999999997,10.125079,1550002906330
11660,99,Gyroscope,0.0033903066,0.034581087999999996,0.29378343,1550002906339
11661,99,Accelerometer,0.58657944,0.9600749,10.128671,1550002906339
11662,99,Gyroscope,-0.01004873,0.022363782000000002,0.28217697,1550002906349
11663,99,Accelerometer,1.1001357,0.7745243,9.504980999999999,1550002906349
11664,99,Gyroscope,0.034544434,0.013811666499999998,0.27179226,1550002906360
11665,99,Accelerometer,0.60453594,1.2533646,9.787497,1550002906360
11666,99,Gyroscope,0.010720688999999999,0.01747686,0.28095526,1550002906369
11667,99,Accelerometer,0.47644615,1.0630256,9.360130999999999,1550002906370
11668,99,Gyroscope,0.01316415,0.030305027999999998,0.29378343,1550002906379
11669,99,Accelerometer,0.7242460000000001,1.352724,9.785102,1550002906380
11670,99,Gyroscope,0.036377028,0.04435493,0.29133996,1550002906389
11671,99,Accelerometer,0.49320555,1.2354081000000001,9.578004,1550002906389
11672,99,Gyroscope,0.022327128999999998,0.05901569999999999,0.27545747,1550002906399
11673,99,Accelerometer,0.2896984,1.3874398000000001,9.508572000000001,1550002906400
11674,99,Gyroscope,0.01560761,0.054128774000000004,0.2785118,1550002906410
11675,99,Accelerometer,0.48841715,1.1863270000000001,9.470264,1550002906410
11676,99,Gyroscope,0.016829342,0.0571831,0.26507276,1550002906419
11677,99,Accelerometer,0.32321724,1.1683705,9.417591999999999,1550002906420
11678,99,Gyroscope,-0.014324786,0.06390262,0.26140755,1550002906429
11679,99,Accelerometer,0.48482585,1.0079589,9.417591999999999,1550002906430
11680,99,Gyroscope,-0.01127046,0.07673079,0.24124902,1550002906439
11681,99,Accelerometer,-0.035913024,1.5346833,10.059238,1550002906439
11682,99,Gyroscope,0.033322702999999995,0.07917425,0.25652063,1550002906449
11683,99,Accelerometer,0.45729253,1.2533646,9.745598,1550002906450
11684,99,Gyroscope,0.022937994,0.066956945,0.2552989,1550002906460
11685,99,Accelerometer,0.37229836,1.352724,9.244013,1550002906460
11686,99,Gyroscope,0.010720688999999999,0.07184387,0.26568362,1550002906469
11687,99,Accelerometer,0.19752164,1.1575965,9.992201,1550002906470
11688,99,Gyroscope,0.016829342,0.07734165,0.28767475,1550002906479
11689,99,Accelerometer,0.48003745,1.1504139,10.5919485,1550002906480
11690,99,Gyroscope,0.0058337674,0.062680885,0.28584218,1550002906489
11691,99,Accelerometer,0.15801731,1.389834,10.985794,1550002906489
11692,99,Gyroscope,-0.0057726726,0.025418106,0.26018584,1550002906499
11693,99,Accelerometer,-0.019153614,1.1444284,10.552444,1550002906499
11694,99,Gyroscope,0.029657512999999996,0.0034269579,0.2797335,1550002906510
11695,99,Accelerometer,0.59495914,1.3311761999999998,9.619903,1550002906510
11696,99,Gyroscope,0.0058337674,0.013200805,0.27423573,1550002906520
11697,99,Accelerometer,-0.29688102,1.4664485,9.671378,1550002906520
11698,99,Gyroscope,-0.0014966168,0.014422532,0.2785118,1550002906529
11699,99,Accelerometer,0.037110128,0.8822633,10.08318,1550002906530
11700,99,Gyroscope,0.04004222,-0.011233807,0.28278783,1550002906539
11701,99,Accelerometer,0.28012159999999997,0.93972415,9.915586,1550002906539
11702,99,Gyroscope,0.035155296,-0.004514288,0.2882856,1550002906549
11703,99,Accelerometer,0.79128367,0.7649474,9.592369,1550002906549
11704,99,Gyroscope,0.0094989585,-0.0014599635999999999,0.27484658,1550002906560
11705,99,Accelerometer,1.0055646999999999,1.2401965,9.856929,1550002906560
11706,99,Gyroscope,-0.0014966168,-0.013677267,0.29011822,1550002906569
11707,99,Accelerometer,2.1296425,1.1168951,10.102333999999999,1550002906570
11708,99,Gyroscope,0.022937994,-0.05216177599999999,0.25407717,1550002906579
11709,99,Accelerometer,2.5139117000000004,1.4221559,9.940725,1550002906580
11710,99,Gyroscope,0.030268377000000003,-0.063768215,0.2516337,1550002906589
11711,99,Accelerometer,2.1272482999999998,1.6579846999999999,9.343372,1550002906590
11712,99,Gyroscope,0.030268377000000003,-0.05582697,0.24674681,1550002906599
11713,99,Accelerometer,2.134431,1.2509704,9.416395,1550002906599
11714,99,Gyroscope,0.04004222,-0.047885723,0.27484658,1550002906609
11715,99,Accelerometer,1.1815386,0.47285482,9.299078999999999,1550002906610
11716,99,Gyroscope,0.030879242,-0.027727167999999996,0.2345295,1550002906620
11717,99,Accelerometer,0.8523358,0.9624690999999999,9.64983,1550002906620
11718,99,Gyroscope,0.0015577096,-0.013066402,0.22536652,1550002906629
11719,99,Accelerometer,0.8343792999999999,1.4185646,9.560047,1550002906630
11720,99,Gyroscope,0.0076663624,-0.0032925587,0.22903171,1550002906639
11721,99,Accelerometer,0.12808979,1.1899183,9.54209,1550002906640
11722,99,Gyroscope,-0.0033292117999999997,0.020531185,0.21070576,1550002906649
11723,99,Accelerometer,0.6631939,1.5167267,9.572019000000001,1550002906650
11724,99,Gyroscope,-0.014935651999999999,0.04007887,0.22170132,1550002906660
11725,99,Accelerometer,0.5291186,1.2210428999999998,9.546878999999999,1550002906660
11726,99,Gyroscope,-0.0027183462,0.051074445,0.23819469,1550002906669
11727,99,Accelerometer,-0.007182605,0.9552864999999999,10.115502000000001,1550002906670
11728,99,Gyroscope,0.014385881000000001,0.044965795999999995,0.20276451,1550002906679
11729,99,Accelerometer,1.2006921999999998,1.0007763,9.738416,1550002906680
11730,99,Gyroscope,-0.0027183462,0.041300602,0.21131662,1550002906689
11731,99,Accelerometer,1.0103531,1.1204863999999999,9.652225,1550002906689
11732,99,Gyroscope,-0.011881325,0.03885714,0.18993634,1550002906699
11733,99,Accelerometer,1.5705963,1.0690111,10.03769,1550002906699
11734,99,Gyroscope,0.010720688999999999,0.023585513,0.17710817,1550002906710
11735,99,Accelerometer,2.1823148999999997,1.0486604,10.086772,1550002906710
11736,99,Gyroscope,0.014385881000000001,0.01747686,0.18077336,1550002906719
11737,99,Accelerometer,1.9369092,0.92176765,9.645041,1550002906720
11738,99,Gyroscope,-0.0033292117999999997,0.021752916,0.16855605,1550002906729
11739,99,Accelerometer,2.267309,0.9540894,9.788692999999999,1550002906730
11740,99,Gyroscope,0.030879242,0.026028972,0.17283212,1550002906739
11741,99,Accelerometer,2.1176715,0.81761986,9.634267999999999,1550002906740
11742,99,Gyroscope,0.010720688999999999,0.022363782000000002,0.18749288,1550002906749
11743,99,Accelerometer,1.8040310000000002,1.0307038,9.920375,1550002906749
11744,99,Gyroscope,-0.00027488545,0.008924745,0.18260595,1550002906759
11745,99,Accelerometer,2.1727380000000003,1.2725182,10.247183,1550002906760
11746,99,Gyroscope,0.048594332999999997,-0.0026816929999999998,0.19909932,1550002906769
11747,99,Accelerometer,1.7812861,0.8798690999999998,10.0987425,1550002906770
11748,99,Gyroscope,0.022937994,0.005259555,0.19482327,1550002906779
11749,99,Accelerometer,1.7585411,0.9888053,9.325416,1550002906780
11750,99,Gyroscope,0.0076663624,0.008924745,0.17832989999999999,1550002906789
11751,99,Accelerometer,1.3730746999999999,1.2976573999999998,9.582792,1550002906790
11752,99,Gyroscope,0.0070554977,0.005259555,0.16366914,1550002906799
11753,99,Accelerometer,1.0402806,0.81761986,9.2787285,1550002906799
11754,99,Gyroscope,-0.018600842,0.026639838,0.12701721,1550002906809
11755,99,Accelerometer,1.0654198000000001,1.2725182,9.763555,1550002906809
11756,99,Gyroscope,-0.005161807,0.021752916,0.121519424,1550002906820
11757,99,Accelerometer,0.8439561,1.1432313,9.174581,1550002906820
11758,99,Gyroscope,-0.0057726726,0.03885714,0.10869125,1550002906829
11759,99,Accelerometer,0.48362875,1.5993267,9.173384,1550002906830
11760,99,Gyroscope,-0.02532036,0.06023743,0.13984539,1550002906839
11761,99,Accelerometer,0.6991069000000001,1.5921441,9.449914,1550002906840
11762,99,Gyroscope,-0.01127046,0.07001127,0.14289970000000002,1550002906849
11763,99,Accelerometer,0.49200845,1.8207904,9.91798,1550002906850
11764,99,Gyroscope,0.0076663624,0.06573521,0.15572788,1550002906859
11765,99,Accelerometer,0.81283146,1.484405,9.528922999999999,1550002906859
11766,99,Gyroscope,-0.006994404,0.07001127,0.16366914,1550002906869
11767,99,Accelerometer,0.8523358,1.7393875,9.707291,1550002906870
11768,99,Gyroscope,0.0009468458599999999,0.06878954,0.16550173,1550002906880
11769,99,Accelerometer,0.80684596,1.5993267,9.792285000000001,1550002906880
11770,99,Gyroscope,0.010109824,0.06023743,0.1819951,1550002906889
11771,99,Accelerometer,0.8619126,1.6843209,9.76116,1550002906890
11772,99,Gyroscope,0.0009468458599999999,0.06390262,0.19482327,1550002906899
11773,99,Accelerometer,1.3144168,1.1468226000000001,9.773131,1550002906900
11774,99,Gyroscope,0.012553285,0.048020124000000004,0.19726673,1550002906909
11775,99,Accelerometer,1.4879963,1.4030021000000001,10.026916499999999,1550002906909
11776,99,Gyroscope,0.02477059,0.055350505,0.19482327,1550002906919
11777,99,Accelerometer,2.2146366000000004,1.5227122,10.113108,1550002906920
11778,99,Gyroscope,-0.0063835381999999994,0.042522334,0.19909932,1550002906930
11779,99,Accelerometer,2.0781669999999997,1.1827357,9.925163000000001,1550002906930
11780,99,Gyroscope,0.0033903066,0.011979073,0.18810374,1550002906939
11781,99,Accelerometer,2.1679497000000003,0.6871359,9.317036,1550002906940
11782,99,Gyroscope,0.052870392999999995,0.006481286,0.18260595,1550002906949
11783,99,Accelerometer,3.004723,1.6915035,11.043256,1550002906950
11784,99,Gyroscope,-0.013103055,0.011368208000000001,0.17588644,1550002906959
11785,99,Accelerometer,1.0175357,0.16519992,9.648633,1550002906959
11786,99,Gyroscope,-0.06380487,0.018698592,0.14778663,1550002906969
11787,99,Accelerometer,0.6751649000000001,1.4568716999999998,12.726379,1550002906970
11788,99,Gyroscope,0.029046647000000002,-0.081483305,0.18993634,1550002906980
11789,99,Accelerometer,2.694674,0.17717093,9.464279,1550002906980
11790,99,Gyroscope,0.09807442,-0.071098596,0.13007155,1550002906989
11791,99,Accelerometer,0.28491,1.7226281000000003,8.293514,1550002906990
11792,99,Gyroscope,-0.035705067,0.0077030174,0.15756048,1550002906999
11793,99,Accelerometer,0.10534488,0.79607207,8.961497,1550002907000
11794,99,Gyroscope,-0.029596416,0.007092151999999999,0.19299066,1550002907009
11795,99,Accelerometer,0.4381389,0.49081135,10.510546000000001,1550002907010
11796,99,Gyroscope,0.049816065,-0.011844671999999999,0.117243364,1550002907019
11797,99,Accelerometer,-0.0023942017,1.2952632,10.006566000000001,1550002907019
11798,99,Gyroscope,0.010720688999999999,-0.010622941,0.13556933,1550002907029
11799,99,Accelerometer,0.51595044,0.9528923,8.584411,1550002907030
11800,99,Gyroscope,0.021105397,0.024196379,0.14534317,1550002907039
11801,99,Accelerometer,0.033518825,1.0211270000000001,10.075998,1550002907040
11802,99,Gyroscope,0.07730500400000001,0.010146476,0.13007155,1550002907049
11803,99,Accelerometer,1.3156139,0.46926352,10.126275999999999,1550002907050
11804,99,Gyroscope,0.0070554977,0.014422532,0.11296731,1550002907059
11805,99,Accelerometer,1.6316483999999998,1.7094599999999998,8.983044999999999,1550002907059
11806,99,Gyroscope,-0.030207282000000002,0.027250702999999998,0.13373673,1550002907069
11807,99,Accelerometer,0.63087213,1.1851299,9.834184,1550002907070
11808,99,Gyroscope,0.020494534,0.027250702999999998,0.1025826,1550002907079
11809,99,Accelerometer,1.1456255,0.8678981,10.132261,1550002907080
11810,99,Gyroscope,-0.019211708,0.027250702999999998,0.11541077,1550002907089
11811,99,Accelerometer,0.9636662,1.1204863999999999,10.292672999999999,1550002907090
11812,99,Gyroscope,-0.016768249,-0.008790346,0.11296731,1550002907099
11813,99,Accelerometer,1.1563994,0.94331545,10.253169,1550002907099
11814,99,Gyroscope,0.018051071000000002,-0.028338033999999998,0.09586308,1550002907110
11815,99,Accelerometer,1.6807296000000003,1.0055646999999999,10.317812,1550002907110
11816,99,Gyroscope,-0.041813724,-0.014898999,0.105636925,1550002907119
11817,99,Accelerometer,1.0498575,1.3227965,10.081984,1550002907120
11818,99,Gyroscope,-0.041813724,-0.0032925587,0.10013914,1550002907129
11819,99,Accelerometer,0.7074866,0.41180268,9.7240505,1550002907130
11820,99,Gyroscope,0.044318277,-0.04055534,0.07814799,1550002907139
11821,99,Accelerometer,0.94331545,1.2808979,10.412383,1550002907139
11822,99,Gyroscope,0.03393357,-0.03139236,0.08547837,1550002907149
11823,99,Accelerometer,0.9876082,0.9780314,9.267955,1550002907150
11824,99,Gyroscope,-0.04670064,0.009535611,0.09341962,1550002907159
11825,99,Accelerometer,0.35553896,0.9780314,9.188946000000001,1550002907160
11826,99,Gyroscope,-0.030818147999999997,-0.0032925587,0.07570453,1550002907169
11827,99,Accelerometer,0.33039984,1.2641385,10.931925,1550002907170
11828,99,Gyroscope,0.032711837,-0.036890145,0.08120232,1550002907179
11829,99,Accelerometer,0.2908955,0.79008657,10.590752,1550002907180
11830,99,Gyroscope,-0.0008857511,-0.024672844,0.05554598,1550002907189
11831,99,Accelerometer,0.5590460999999999,1.3108255,9.156625,1550002907189
11832,99,Gyroscope,-0.025931226,0.011368208000000001,0.056767705999999994,1550002907199
11833,99,Accelerometer,0.7769185000000001,1.3886370000000001,8.925583999999999,1550002907200
11834,99,Gyroscope,0.011942419,0.004648689,0.06959588,1550002907210
11835,99,Accelerometer,0.35673606,1.0378863999999999,9.713275999999999,1550002907210
11836,99,Gyroscope,0.030879242,-0.009401211500000001,0.059822034,1550002907219
11837,99,Accelerometer,0.760159,1.1025299,9.892841,1550002907220
11838,99,Gyroscope,0.010720688999999999,-0.008790346,0.056767705999999994,1550002907229
11839,99,Accelerometer,1.0905589,1.3335704,9.714474000000001,1550002907230
11840,99,Gyroscope,-0.008216133,-0.00023823230999999999,0.06776328400000001,1550002907239
11841,99,Accelerometer,0.7398083000000001,1.2677298000000001,9.877279,1550002907239
11842,99,Gyroscope,-0.0039400775,-0.0075686146,0.06348722400000001,1550002907249
11843,99,Accelerometer,1.1659763,1.435324,10.109517,1550002907250
11844,99,Gyroscope,-0.0045509413,-0.02100765,0.058600303,1550002907260
11845,99,Accelerometer,0.93972415,1.2844891999999999,9.76954,1550002907260
11846,99,Gyroscope,0.014385881000000001,-0.028948900000000003,0.06348722400000001,1550002907269
11847,99,Accelerometer,0.9696517,1.5011643999999997,9.716867,1550002907270
11848,99,Gyroscope,-0.0008857511,-0.032003224,0.079369724,1550002907279
11849,99,Accelerometer,1.0330979999999998,1.4927847,9.652225,1550002907280
11850,99,Gyroscope,-0.0014966168,-0.035668418,0.08731097,1550002907289
11851,99,Accelerometer,0.7529764,1.2066777,9.76116,1550002907289
11852,99,Gyroscope,0.022937994,-0.027727167999999996,0.090976164,1550002907299
11853,99,Accelerometer,0.81642276,1.2437878,9.672575,1550002907299
11854,99,Gyroscope,0.012553285,-0.025283707000000002,0.09586308,1550002907310
11855,99,Accelerometer,0.7613561,0.997185,8.959103,1550002907310
11856,99,Gyroscope,0.014996746000000002,-0.014898999,0.080591455,1550002907319
11857,99,Accelerometer,0.7469909,1.3180081,9.640253,1550002907320
11858,99,Gyroscope,0.0070554977,-0.0032925587,0.082424045,1550002907329
11859,99,Accelerometer,0.521936,1.0630256,9.276335000000001,1550002907330
11860,99,Gyroscope,-0.00027488545,0.0040378235,0.07692626,1550002907339
11861,99,Accelerometer,0.25019407,1.0845733999999998,9.939528,1550002907339
11862,99,Gyroscope,0.0076663624,0.0009834989999999999,0.08547837,1550002907349
11863,99,Accelerometer,0.7553706,0.94331545,9.785102,1550002907349
11864,99,Gyroscope,-0.008826999,0.033970222,0.08608924,1550002907360
11865,99,Accelerometer,0.36870706,2.2840683,10.851719000000001,1550002907360
11866,99,Gyroscope,-0.016157383,0.044965795999999995,0.09586308,1550002907369
11867,99,Accelerometer,0.700304,0.830788,11.071986,1550002907370
11868,99,Gyroscope,-0.073578715,-0.009401211500000001,0.072039336,1550002907379
11869,99,Accelerometer,0.6739678000000001,1.365892,11.238382000000001,1550002907379
11870,99,Gyroscope,0.025381455,-0.08820283,0.082424045,1550002907389
11871,99,Accelerometer,1.8902221999999997,1.34195,9.202114,1550002907390
11872,99,Gyroscope,0.04004222,-0.06254649,0.075093664,1550002907399
11873,99,Accelerometer,0.91458505,1.1839328000000002,7.824250999999999,1550002907400
11874,99,Gyroscope,-0.06319401,-0.0020708293,0.06654155,1550002907409
11875,99,Accelerometer,0.021547815,1.2856863,9.765948,1550002907410
11876,99,Gyroscope,0.0015577096,-0.008790346,0.09341962,1550002907419
11877,99,Accelerometer,1.1791444,0.82121116,11.416751,1550002907420
11878,99,Gyroscope,0.05653558,-0.06071389,0.068985015,1550002907429
11879,99,Accelerometer,0.32321724,0.5614403,9.832987,1550002907429
11880,99,Gyroscope,-0.01004873,-0.05460524,0.037830885,1550002907440
11881,99,Accelerometer,0.009576807,1.4137761999999998,9.603143,1550002907440
11882,99,Gyroscope,0.019883668,-0.051550914,0.095252216,1550002907449
11883,99,Accelerometer,1.1791444,1.1683705,9.23683,1550002907450
11884,99,Gyroscope,0.034544434,-0.038111877,0.070817605,1550002907459
11885,99,Accelerometer,0.108936176,1.4520833,8.863335000000001,1550002907460
11886,99,Gyroscope,-0.008826999,-0.0075686146,0.07326107,1550002907469
11887,99,Accelerometer,0.60573304,1.7980455000000002,9.858125999999999,1550002907469
11888,99,Gyroscope,0.0094989585,-0.032003224,0.117243364,1550002907479
11889,99,Accelerometer,-0.16160862,0.7015011,9.235633,1550002907479
11890,99,Gyroscope,0.027824916,0.0040378235,0.11846509599999999,1550002907490
11891,99,Accelerometer,-0.93732995,1.328782,10.010158,1550002907490
11892,99,Gyroscope,0.014385881000000001,0.04985272,0.075093664,1550002907499
11893,99,Accelerometer,1.0366893,0.7529764,9.13388,1550002907500
11894,99,Gyroscope,0.010720688999999999,0.06207002,0.10502606,1550002907509
11895,99,Accelerometer,-0.32441434,1.5227122,9.489417999999999,1550002907510
11896,99,Gyroscope,-0.04975497,0.066956945,0.0744828,1550002907519
11897,99,Accelerometer,-0.44651863,0.8511386999999999,9.691728999999999,1550002907520
11898,99,Gyroscope,-0.029596416,0.029083297,0.04760473,1550002907529
11899,99,Accelerometer,0.35314476,1.0235212,10.504559500000001,1550002907529
11900,99,Gyroscope,0.022937994,0.02786157,0.079369724,1550002907539
11901,99,Accelerometer,-0.22625206,0.5805939,10.352528999999999,1550002907540
11902,99,Gyroscope,-0.010659594,0.015033398,0.076315396,1550002907550
11903,99,Accelerometer,0.5327099000000001,1.0857705,9.660604,1550002907550
11904,99,Gyroscope,-0.0039400775,0.015033398,0.07570453,1550002907559
11905,99,Accelerometer,1.353921,0.8726865,9.770736999999999,1550002907560
11906,99,Gyroscope,0.013775015,-0.019175055,0.10197174,1550002907569
11907,99,Accelerometer,1.0642227,0.9864110999999999,10.342952,1550002907570
11908,99,Gyroscope,0.01316415,-0.050329182,0.062265493,1550002907579
11909,99,Accelerometer,2.0973208,0.9900024,10.272323,1550002907579
11910,99,Gyroscope,0.018051071000000002,-0.07598552,0.07875886,1550002907589
11911,99,Accelerometer,2.4899697,0.7242460000000001,10.400413,1550002907589
11912,99,Gyroscope,0.038209625,-0.091257155,0.06348722400000001,1550002907600
11913,99,Accelerometer,2.3211784,1.0570401000000003,10.271125,1550002907600
11914,99,Gyroscope,0.0052229017,-0.093089744,0.049437325,1550002907609
11915,99,Accelerometer,2.0099323,1.5921441,9.992201,1550002907610
11916,99,Gyroscope,-0.0063835381999999994,-0.121800415,0.046382997,1550002907619
11917,99,Accelerometer,1.5167267,1.5873556999999998,10.327389,1550002907620
11918,99,Gyroscope,0.025992319,-0.1132483,0.06409809,1550002907629
11919,99,Accelerometer,1.1935096,0.9564835999999999,9.999383,1550002907629
11920,99,Gyroscope,0.044318277,-0.08820283,0.057989437000000005,1550002907639
11921,99,Accelerometer,0.8439561,0.830788,9.052477,1550002907640
11922,99,Gyroscope,-0.008216133,-0.08392677,0.046993863,1550002907650
11923,99,Accelerometer,0.6368576,1.7262194,9.374496,1550002907650
11924,99,Gyroscope,-0.01004873,-0.05582697,0.03599829,1550002907659
11925,99,Accelerometer,0.82240826,1.4496891,8.921992,1550002907660
11926,99,Gyroscope,-0.011881325,-0.04055534,0.051880784000000006,1550002907669
11927,99,Accelerometer,1.0019734,1.436521,9.084799,1550002907670
11928,99,Gyroscope,-0.012492188999999999,-0.009401211500000001,0.050659052999999996,1550002907679
11929,99,Accelerometer,1.685518,1.3251906999999998,9.870096,1550002907680
11930,99,Gyroscope,0.018661937,0.007092151999999999,0.07753713,1550002907689
11931,99,Accelerometer,1.2497733,1.6316483999999998,9.548077000000001,1550002907689
11932,99,Gyroscope,-0.01004873,0.020531185,0.06776328400000001,1550002907700
11933,99,Accelerometer,1.8291701,1.2198458,9.774328,1550002907700
11934,99,Gyroscope,-0.017989976,0.024807245,0.072039336,1550002907709
11935,99,Accelerometer,1.8112136000000003,1.5023615,9.399636,1550002907710
11936,99,Gyroscope,0.010720688999999999,0.01992032,0.07692626,1550002907719
11937,99,Accelerometer,2.0913353,1.5071499,9.495403999999999,1550002907720
11938,99,Gyroscope,-0.023487763,0.0015943646,0.082424045,1550002907729
11939,99,Accelerometer,2.1823148999999997,1.5215151000000002,9.481038999999999,1550002907730
11940,99,Gyroscope,0.022937994,0.00037263334000000003,0.08303491,1550002907739
11941,99,Accelerometer,2.2086509999999997,1.1360487,9.834184,1550002907739
11942,99,Gyroscope,0.02354886,-0.0057360195,0.070817605,1550002907750
11943,99,Accelerometer,2.3965959999999997,1.34195,9.690532000000001,1550002907750
11944,99,Gyroscope,0.0076663624,-0.006957751,0.08425664,1550002907759
11945,99,Accelerometer,2.3259668,1.1647792,9.716867,1550002907759
11946,99,Gyroscope,0.026603185,-0.0057360195,0.07814799,1550002907769
11947,99,Accelerometer,2.12246,1.3395559,9.78989,1550002907769
11948,99,Gyroscope,0.014385881000000001,-0.00084909797,0.08303491,1550002907780
11949,99,Accelerometer,1.5454572,1.3072342,9.56723,1550002907780
11950,99,Gyroscope,-0.008826999,0.021752916,0.099528275,1550002907790
11951,99,Accelerometer,1.4580688,1.0067618,9.691728999999999,1550002907790
11952,99,Gyroscope,0.0070554977,0.0028160921999999997,0.10319347,1550002907799
11953,99,Accelerometer,1.3299791,0.8822633,9.277532,1550002907800
11954,99,Gyroscope,0.07058548,-0.010012077,0.08731097,1550002907809
11955,99,Accelerometer,1.2401965,0.6655880999999999,7.6794020000000005,1550002907810
11956,99,Gyroscope,-0.024709495,0.025418106,0.07387193,1550002907819
11957,99,Accelerometer,-0.5434838000000001,0.91099375,8.911219000000001,1550002907819
11958,99,Gyroscope,-0.052198432,0.08772636,0.086700104,1550002907829
11959,99,Accelerometer,0.0023942017,1.2090718999999999,11.909956,1550002907830
11960,99,Gyroscope,-0.04242459,-0.013066402,0.090976164,1550002907839
11961,99,Accelerometer,0.49679685,0.08499416,9.874885,1550002907840
11962,99,Gyroscope,0.030268377000000003,0.006481286,0.024391849,1550002907849
11963,99,Accelerometer,0.074220255,2.1847090000000002,8.333019,1550002907850
11964,99,Gyroscope,-0.03937026,0.10544146,0.08364577599999999,1550002907859
11965,99,Accelerometer,0.29568392,2.110489,8.875306,1550002907860
11966,99,Gyroscope,-0.088239476,0.13293039999999998,0.070817605,1550002907869
11967,99,Accelerometer,0.11611878,1.6915035,10.433931,1550002907869
11968,99,Gyroscope,0.031490106000000004,0.099943675,0.06776328400000001,1550002907880
11969,99,Accelerometer,1.3730746999999999,1.7561468999999996,10.523713,1550002907880
11970,99,Gyroscope,-0.018600842,0.08833723,0.09341962,1550002907890
11971,99,Accelerometer,2.0135236,0.61052144,8.838196,1550002907890
11972,99,Gyroscope,-0.06319401,0.09750021,0.039052617000000005,1550002907899
11973,99,Accelerometer,1.3634979,1.3551182,10.031705,1550002907900
11974,99,Gyroscope,0.0027794409999999997,0.07917425,0.08975443,1550002907909
11975,99,Accelerometer,3.3123782,0.5363011999999999,10.374075999999999,1550002907910
11976,99,Gyroscope,0.0015577096,0.052296177,0.05126992,1550002907919
11977,99,Accelerometer,2.1404164,0.5770026,9.331401,1550002907919
11978,99,Gyroscope,-0.07052439,0.07734165,0.02805704,1550002907929
11979,99,Accelerometer,2.7617116000000004,0.79726917,9.974244,1550002907930
11980,99,Gyroscope,-0.037537664,0.06207002,0.034776557,1550002907940
11981,99,Accelerometer,1.8926164,1.9057846,10.691308,1550002907940
11982,99,Gyroscope,-0.01127046,0.030305027999999998,0.05921117,1550002907949
11983,99,Accelerometer,0.33159694,1.0163386,10.597934,1550002907950
11984,99,Gyroscope,0.011942419,-0.0020708293,0.06593069,1550002907959
11985,99,Accelerometer,0.8738836,0.7733272,10.577583,1550002907960
11986,99,Gyroscope,0.06630943,-0.015509863999999998,0.08425664,1550002907969
11987,99,Accelerometer,1.0330979999999998,1.3347674999999999,9.937134,1550002907970
11988,99,Gyroscope,0.03393357,0.0040378235,0.086700104,1550002907979
11989,99,Accelerometer,0.91697925,2.1751322999999996,8.069656,1550002907979
11990,99,Gyroscope,-0.0033292117999999997,0.007092151999999999,0.10746952,1550002907989
11991,99,Accelerometer,0.34596214,1.4425066,9.374496,1550002907990
11992,99,Gyroscope,0.096241824,-0.027727167999999996,0.11418904,1550002908000
11993,99,Accelerometer,0.5374983,0.7733272,10.196905000000001,1550002908000
11994,99,Gyroscope,0.065698564,-0.04910745,0.12090856,1550002908009
11995,99,Accelerometer,1.376666,1.2150573999999998,10.0748005,1550002908010
11996,99,Gyroscope,-0.0045509413,-0.039333608,0.13312587,1550002908019
11997,99,Accelerometer,1.7645266,1.0187328000000002,9.633071000000001,1550002908020
11998,99,Gyroscope,0.04615087,-0.03139236,0.079369724,1550002908029
11999,99,Accelerometer,1.62686,1.541866,10.176555,1550002908029
12000,99,Gyroscope,0.02721405,-0.01978592,0.079369724,1550002908039
12001,99,Accelerometer,0.94690675,0.6356605,9.3661175,1550002908039
12002,99,Gyroscope,-0.05708535,-0.00817948,0.05371338,1550002908050
12003,99,Accelerometer,1.1863270000000001,0.9696517,9.084799,1550002908050
12004,99,Gyroscope,-0.009437865,-0.0075686146,0.03844175,1550002908059
12005,99,Accelerometer,1.5095441,1.1348516000000002,10.00896,1550002908060
12006,99,Gyroscope,0.033322702999999995,-0.010012077,0.076315396,1550002908069
12007,99,Accelerometer,0.5422866999999999,1.009156,9.788692999999999,1550002908070
12008,99,Gyroscope,-0.06380487,0.039468005,0.05249165,1550002908079
12009,99,Accelerometer,0.79487497,0.8846575000000001,8.747216,1550002908080
12010,99,Gyroscope,-0.032650746,0.034581087999999996,0.059822034,1550002908089
12011,99,Accelerometer,0.50397944,1.1049241,9.870096,1550002908089
12012,99,Gyroscope,0.018661937,0.023585513,0.05126992,1550002908100
12013,99,Accelerometer,0.6667852,1.1671733999999998,10.336966,1550002908099
12014,99,Gyroscope,-0.033261612,0.0431332,0.06043289599999999,1550002908109
12015,99,Accelerometer,0.62967503,1.1707646999999999,9.227253,1550002908110
12016,99,Gyroscope,-0.0509767,0.024807245,0.07692626,1550002908119
12017,99,Accelerometer,0.5722142,0.9696517,10.496181,1550002908120
12018,99,Gyroscope,0.03393357,-0.015509863999999998,0.05004819,1550002908129
12019,99,Accelerometer,1.1959038,1.3120226000000001,10.742783,1550002908130
12020,99,Gyroscope,0.01560761,-0.0020708293,0.06654155,1550002908139
12021,99,Accelerometer,0.5770026,1.1683705,8.781932000000001,1550002908140
12022,99,Gyroscope,-0.04853324,0.040689737000000004,0.05004819,1550002908149
12023,99,Accelerometer,0.45489833,0.91697925,10.2495775,1550002908150
12024,99,Gyroscope,0.01560761,0.04435493,0.031111367,1550002908159
12025,99,Accelerometer,0.075417355,0.5554548,9.878476,1550002908160
12026,99,Gyroscope,0.025381455,0.046187527,0.032943964,1550002908169
12027,99,Accelerometer,0.073023155,0.9540894,9.148245,1550002908170
12028,99,Gyroscope,-0.0137139205,0.057793967,0.02317012,1550002908179
12029,99,Accelerometer,0.6404489000000001,1.0007763,9.691728999999999,1550002908180
12030,99,Gyroscope,0.012553285,0.06573521,0.006065893,1550002908189
12031,99,Accelerometer,0.2873042,0.7015011,9.692925,1550002908190
12032,99,Gyroscope,0.0040011713,0.058404832999999996,0.0011789708,1550002908199
12033,99,Accelerometer,0.6979098000000001,1.1097125,9.084799,1550002908200
12034,99,Gyroscope,0.011942419,0.07734165,0.022559252999999998,1550002908209
12035,99,Accelerometer,1.5945383,1.6412252,10.760739,1550002908210
12036,99,Gyroscope,-0.014935651999999999,0.085893765,0.0011789708,1550002908220
12037,99,Accelerometer,-0.29328972,0.5530606,9.653421,1550002908220
12038,99,Gyroscope,-0.06685919,0.09688934,0.017672332,1550002908229
12039,99,Accelerometer,0.676362,1.6256628999999998,11.839328,1550002908230
12040,99,Gyroscope,-0.0039400775,0.022363782000000002,0.046382997,1550002908239
12041,99,Accelerometer,2.3032220000000003,0.39145198,9.967062,1550002908240
12042,99,Gyroscope,0.05348126,0.011368208000000001,-0.025088236,1550002908249
12043,99,Accelerometer,0.5374983,1.5251063999999999,9.390058999999999,1550002908250
12044,99,Gyroscope,-0.054641888,0.048020124000000004,0.009731084000000001,1550002908259
12045,99,Accelerometer,0.7302314999999999,1.0941502,9.746795,1550002908260
12046,99,Gyroscope,-0.049144104,0.008924745,0.044550404,1550002908269
12047,99,Accelerometer,0.94690675,0.4189853,10.632649,1550002908269
12048,99,Gyroscope,0.036377028,-0.05216177599999999,0.0048441626,1550002908279
12049,99,Accelerometer,0.94331545,1.2964603000000001,10.066421499999999,1550002908280
12050,99,Gyroscope,0.029046647000000002,-0.07598552,0.036609154,1550002908289
12051,99,Accelerometer,1.8614918000000003,1.1180921999999998,9.038112,1550002908289
12052,99,Gyroscope,-0.005161807,-0.07720725,0.0323331,1550002908300
12053,99,Accelerometer,1.0342950999999998,1.1935096,9.209297,1550002908300
12054,99,Gyroscope,0.06386597,-0.068044275,0.042717807000000003,1550002908309
12055,99,Accelerometer,1.3239936,1.3012487,9.755175,1550002908309
12056,99,Gyroscope,0.09990702,-0.057659565999999995,0.07142847,1550002908320
12057,99,Accelerometer,1.8339584999999998,1.614889,8.377312,1550002908320
12058,99,Gyroscope,0.01560761,-0.011233807,0.07753713,1550002908329
12059,99,Accelerometer,0.770933,1.4915876000000001,9.578004,1550002908329
12060,99,Gyroscope,0.04554001,-0.0039034244,0.04882646,1550002908340
12061,99,Accelerometer,0.40581718,0.93014735,10.113108,1550002908340
12062,99,Gyroscope,0.07547241,0.04007887,0.053102515999999995,1550002908349
12063,99,Accelerometer,0.6548142,2.0326772,10.8624935,1550002908350
12064,99,Gyroscope,-0.06502659599999999,0.029083297,0.0744828,1550002908359
12065,99,Accelerometer,0.10654198,0.30885202,10.581175,1550002908359
12066,99,Gyroscope,-0.0057726726,0.008313879,0.01156368,1550002908370
12067,99,Accelerometer,-0.35673606,1.3395559,10.512939,1550002908370
12068,99,Gyroscope,0.049816065,0.01992032,0.015228872,1550002908379
12069,99,Accelerometer,0.5243302,1.5933412,9.569624000000001,1550002908379
12070,99,Gyroscope,-0.08457429,0.040689737000000004,0.04577213,1550002908390
12071,99,Accelerometer,-0.2765303,1.7345991000000003,10.329783,1550002908390
12072,99,Gyroscope,-0.047311507,-0.00084909797,0.029889636,1550002908399
12073,99,Accelerometer,0.02873042,1.2078748,11.167753999999999,1550002908399
12074,99,Gyroscope,-0.0045509413,-0.047274857999999996,0.037830885,1550002908410
12075,99,Accelerometer,1.2940661,1.1264718999999999,9.598353999999999,1550002908410
12076,99,Gyroscope,-0.08579602,-0.043609664000000006,0.058600303,1550002908419
12077,99,Accelerometer,0.9564835999999999,0.91338795,9.390058999999999,1550002908419
12078,99,Gyroscope,0.0021685753,-0.06926601,0.03599829,1550002908430
12079,99,Accelerometer,1.34195,0.8571242,10.55843,1550002908430
12080,99,Gyroscope,0.01560761,-0.06315735,0.027446175,1550002908439
12081,99,Accelerometer,1.4030021000000001,0.6715736,9.755175,1550002908439
12082,99,Gyroscope,-0.031429015,-0.06743341,0.027446175,1550002908449
12083,99,Accelerometer,0.7685388000000001,0.7493850999999999,9.222465,1550002908450
12084,99,Gyroscope,-0.0076052677,-0.047274857999999996,-0.004929682,1550002908459
12085,99,Accelerometer,1.1420341999999999,0.6919243,9.540894,1550002908459
12086,99,Gyroscope,-0.0027183462,-0.034446687000000004,0.009731084000000001,1550002908469
12087,99,Accelerometer,0.2657564,1.4149733,9.647436,1550002908470
12088,99,Gyroscope,0.025381455,-0.016731594,0.015839735,1550002908479
12089,99,Accelerometer,-0.14724341,1.0055646999999999,9.3421755,1550002908479
12090,99,Gyroscope,0.024159724,-0.00817948,0.028667906,1550002908489
12091,99,Accelerometer,0.15682021,1.4652513999999999,9.646238,1550002908490
12092,99,Gyroscope,0.0094989585,-0.0039034244,0.079369724,1550002908499
12093,99,Accelerometer,-0.39145198,1.7812861,9.555259,1550002908499
12094,99,Gyroscope,0.016829342,0.013811666499999998,0.051880784000000006,1550002908509
12095,99,Accelerometer,0.36990416,2.0817582999999997,9.289502,1550002908510
12096,99,Gyroscope,-0.017989976,0.041911468,0.068985015,1550002908519
12097,99,Accelerometer,0.37828386,1.8483237000000001,9.846153999999999,1550002908520
12098,99,Gyroscope,-0.012492188999999999,0.036413684,0.08181318,1550002908529
12099,99,Accelerometer,0.23223756,1.4628572,9.873688000000001,1550002908529
12100,99,Gyroscope,0.016829342,0.019309454,0.07326107,1550002908540
12101,99,Accelerometer,0.9504981,1.0726023999999998,10.216059,1550002908540
12102,99,Gyroscope,0.0076663624,0.028472435,0.08364577599999999,1550002908549
12103,99,Accelerometer,0.7733272,1.079785,9.728839,1550002908549
12104,99,Gyroscope,-0.018600842,0.024196379,0.082424045,1550002908559
12105,99,Accelerometer,0.8559271,1.3551182,9.692925,1550002908560
12106,99,Gyroscope,0.0027794409999999997,0.011368208000000001,0.09280875,1550002908569
12107,99,Accelerometer,1.1121067,1.1959038,10.320207,1550002908569
12108,99,Gyroscope,0.031490106000000004,-0.0075686146,0.10013914,1550002908579
12109,99,Accelerometer,0.80086046,1.043872,9.81503,1550002908580
12110,99,Gyroscope,-0.005161807,-0.011844671999999999,0.094030485,1550002908589
12111,99,Accelerometer,0.91219085,1.5801731,9.7084875,1550002908590
12112,99,Gyroscope,0.025992319,-0.016120728,0.111134715,1550002908600
12113,99,Accelerometer,0.47046062,1.567005,10.004171000000001,1550002908600
12114,99,Gyroscope,0.058368175999999994,-0.026505437000000003,0.12884982,1550002908609
12115,99,Accelerometer,0.107739076,1.5478513999999999,9.56723,1550002908610
12116,99,Gyroscope,0.046761736,-0.030170628999999997,0.12946068,1550002908619
12117,99,Accelerometer,0.80445176,0.9816226999999998,9.346964,1550002908619
12118,99,Gyroscope,0.048594332999999997,0.041300602,0.12823895,1550002908629
12119,99,Accelerometer,-0.58657944,0.30286652,9.813833,1550002908630
12120,99,Gyroscope,0.05348126,0.06940041,0.09464135,1550002908639
12121,99,Accelerometer,-0.095768064,0.21308395,11.390414,1550002908640
12122,99,Gyroscope,-0.043646313,-0.049718317000000005,0.09464135,1550002908649
12123,99,Accelerometer,1.0414777,-0.130484,10.670957000000001,1550002908650
12124,99,Gyroscope,0.057146445,-0.07537466,0.01156368,1550002908659
12125,99,Accelerometer,1.3515268999999999,0.44771573,9.572019000000001,1550002908660
12126,99,Gyroscope,-0.012492188999999999,-0.027116302000000002,-0.0012644903,1550002908669
12127,99,Accelerometer,1.6735470000000001,0.78050977,9.01417,1550002908670
12128,99,Gyroscope,-0.10106765,-0.019175055,0.01156368,1550002908679
12129,99,Accelerometer,1.8399439999999998,0.6596026,9.713275999999999,1550002908680
12130,99,Gyroscope,-0.011881325,-0.05460524,-0.03302948,1550002908689
12131,99,Accelerometer,2.0075380000000003,0.48961425,11.380837,1550002908689
12132,99,Gyroscope,0.032711837,-0.093089744,-0.02325564,1550002908700
12133,99,Accelerometer,2.2852653999999997,0.38307226,9.53012,1550002908700
12134,99,Gyroscope,-0.009437865,-0.09003542,-0.033640347,1550002908709
12135,99,Accelerometer,1.5035586,1.0570401000000003,8.973467999999999,1550002908710
12136,99,Gyroscope,-0.033261612,-0.059492163,-0.028142562000000003,1550002908719
12137,99,Accelerometer,1.3718776000000001,0.90381116,10.437522,1550002908720
12138,99,Gyroscope,0.0052229017,-0.08087245,0.0048441626,1550002908729
12139,99,Accelerometer,1.483208,0.80325466,9.452309,1550002908730
12140,99,Gyroscope,-0.019822573,-0.058881298,-0.04769025,1550002908740
12141,99,Accelerometer,0.09696517,1.4209588,9.427169000000001,1550002908740
12142,99,Gyroscope,-0.049144104,-0.046663992,-0.028142562000000003,1550002908749
12143,99,Accelerometer,0.78769237,2.0973208,9.494206,1550002908750
12144,99,Gyroscope,-0.0039400775,-0.023451112000000003,-0.022644775,1550002908759
12145,99,Accelerometer,0.7589619000000001,1.2330139,10.109517,1550002908759
12146,99,Gyroscope,-0.040591992,0.0058704205,-0.032418616000000004,1550002908770
12147,99,Accelerometer,0.049081136,0.8798690999999998,9.132683,1550002908770
12148,99,Gyroscope,-0.1248914,0.060848295999999996,0.016450599999999996,1550002908779
12149,99,Accelerometer,1.7369933000000002,0.4321534000000001,9.876082,1550002908780
12150,99,Gyroscope,-0.05708535,0.03152676,0.031111367,1550002908789
12151,99,Accelerometer,1.0702082,0.37229836,10.284293,1550002908789
12152,99,Gyroscope,-0.0014966168,0.036413684,0.034776557,1550002908800
12153,99,Accelerometer,2.1499932,-0.1412579,9.792285000000001,1550002908800
12154,99,Gyroscope,-0.037537664,0.039468005,0.08975443,1550002908809
12155,99,Accelerometer,2.7473464,1.1959038,8.804677,1550002908810
12156,99,Gyroscope,-0.05708535,0.07611992,0.02317012,1550002908819
12157,99,Accelerometer,2.1188686000000003,1.1755531000000001,9.721656,1550002908819
12158,99,Gyroscope,-0.04975497,0.05046358,0.01034195,1550002908829
12159,99,Accelerometer,2.918532,0.6691794,10.194510000000001,1550002908830
12160,99,Gyroscope,-0.0369268,0.021752916,-0.06540534,1550002908840
12161,99,Accelerometer,2.6084828,1.0450690999999999,9.825804,1550002908840
12162,99,Gyroscope,-0.016157383,0.011368208000000001,-0.12954618,1550002908849
12163,99,Accelerometer,2.4229321,0.94451255,9.598353999999999,1550002908850
12164,99,Gyroscope,-0.016157383,0.007092151999999999,-0.14481781,1550002908859
12165,99,Accelerometer,1.3503298000000001,0.8367735000000001,9.132683,1550002908860
12166,99,Gyroscope,0.0027794409999999997,0.022974647999999997,-0.11183110000000002,1550002908869
12167,99,Accelerometer,0.7266402,1.5825673,9.5492735,1550002908870
12168,99,Gyroscope,0.008888093,0.03274849,-0.08434217,1550002908879
12169,99,Accelerometer,0.78050977,1.2330139,9.181764,1550002908880
12170,99,Gyroscope,0.040653087000000004,0.06573521,-0.051966306,1550002908889
12171,99,Accelerometer,0.2861071,1.3922282,9.680955,1550002908889
12172,99,Gyroscope,0.013775015,0.06940041,-0.031807754,1550002908899
12173,99,Accelerometer,0.055066638,1.2318168,9.852139999999999,1550002908900
12174,99,Gyroscope,-0.019822573,0.04007887,-0.032418616000000004,1550002908909
12175,99,Accelerometer,0.770933,1.0953473,10.409989,1550002908910
12176,99,Gyroscope,0.014385881000000001,0.032137625,-0.036694676,1550002908919
12177,99,Accelerometer,0.91458505,0.5674258000000001,9.853337,1550002908919
12178,99,Gyroscope,-0.028374685,0.04557666,-0.038527273,1550002908930
12179,99,Accelerometer,0.866701,1.0462662,9.301474,1550002908930
12180,99,Gyroscope,-0.043646313,0.040689737000000004,-0.029364292,1550002908939
12181,99,Accelerometer,1.1360487,1.459266,9.330204,1550002908940
12182,99,Gyroscope,-0.005161807,0.013811666499999998,-0.038527273,1550002908949
12183,99,Accelerometer,2.005144,1.9764134999999998,10.123882,1550002908949
12184,99,Gyroscope,-0.01004873,0.0077030174,0.0024007012,1550002908959
12185,99,Accelerometer,1.7322049,1.4628572,9.424775,1550002908960
12186,99,Gyroscope,-0.022266036,-0.0032925587,0.017061466,1550002908969
12187,99,Accelerometer,2.4480712000000002,1.6807296000000003,9.568427,1550002908970
12188,99,Gyroscope,0.030879242,-0.020396786,0.0066767577,1550002908979
12189,99,Accelerometer,3.2860417,2.1296425,9.762358,1550002908980
12190,99,Gyroscope,0.019883668,-0.043609664000000006,0.014618006999999999,1550002908989
12191,99,Accelerometer,3.1830912000000002,1.3335704,9.457097000000001,1550002908989
12192,99,Gyroscope,-0.017989976,-0.057659565999999995,0.020115793,1550002908999
12193,99,Accelerometer,2.7724855,1.7465701,10.776301,1550002909000
12194,99,Gyroscope,-0.012492188999999999,-0.04910745,0.0017898360000000002,1550002909009
12195,99,Accelerometer,2.706645,0.5530606,9.508572000000001,1550002909010
12196,99,Gyroscope,-0.040591992,-0.022840247,-0.0037079514000000003,1550002909019
12197,99,Accelerometer,0.92416185,0.45968673,9.3182335,1550002909019
12198,99,Gyroscope,0.011942419,-0.028338033999999998,-0.02447737,1550002909029
12199,99,Accelerometer,0.049081136,-0.11611878,8.955511,1550002909030
12200,99,Gyroscope,-0.006994404,0.05596137,-0.07395746,1550002909039
12201,99,Accelerometer,0.33279404,0.736217,9.528922999999999,1550002909040
12202,99,Gyroscope,-0.09312639999999998,0.10910665,-0.051966306,1550002909049
12203,99,Accelerometer,-2.2840683,0.7278373,9.830592,1550002909049
12204,99,Gyroscope,-0.08396342400000001,0.025418106,-0.05135544,1550002909059
12205,99,Accelerometer,-1.5466543,1.0761937,12.373235000000001,1550002909060
12206,99,Gyroscope,0.061422504,-0.027116302000000002,-0.10511158400000001,1550002909069
12207,99,Accelerometer,0.40940848,1.2413936,9.982624000000001,1550002909070
12208,99,Gyroscope,-0.041813724,0.010757342,-0.027531696,1550002909079
12209,99,Accelerometer,0.58657944,1.1037270000000001,9.076419,1550002909080
12210,99,Gyroscope,-0.017989976,0.02114205,-0.021423044,1550002909089
12211,99,Accelerometer,1.5275006000000002,1.6053122,9.902417999999999,1550002909090
12212,99,Gyroscope,0.0492052,-0.011844671999999999,-0.025088236,1550002909099
12213,99,Accelerometer,2.1033063,0.6476316,9.987411999999999,1550002909100
12214,99,Gyroscope,0.012553285,-0.025283707000000002,-0.04097073,1550002909109
12215,99,Accelerometer,2.0781669999999997,0.36152446,10.290278,1550002909110
12216,99,Gyroscope,0.036987893,-0.025283707000000002,-0.045246787000000004,1550002909119
12217,99,Accelerometer,2.087744,0.90381116,11.042058,1550002909119
12218,99,Gyroscope,0.060200773,-0.038722742000000004,-0.011038333999999999,1550002909129
12219,99,Accelerometer,3.2333694,0.2861071,8.956709,1550002909130
12220,99,Gyroscope,-0.017989976,-0.042387932999999996,-0.02692083,1550002909139
12221,99,Accelerometer,1.3826513999999999,0.7505821999999999,8.811859,1550002909140
12222,99,Gyroscope,-0.019822573,-0.025894572999999997,-0.051966306,1550002909149
12223,99,Accelerometer,1.0965444,-0.044292733,8.771158,1550002909149
12224,99,Gyroscope,-0.047311507,0.015033398,-0.05929669,1550002909160
12225,99,Accelerometer,1.043872,1.5514427,8.89446,1550002909160
12226,99,Gyroscope,-0.04853324,0.018087726000000002,-0.07273573,1550002909169
12227,99,Accelerometer,-0.029927522,1.7262194,9.677363,1550002909170
12228,99,Gyroscope,-0.029596416,0.02114205,-0.081898704,1550002909179
12229,99,Accelerometer,-0.8738836,0.82480246,10.505757000000001,1550002909179
12230,99,Gyroscope,-0.0027183462,0.043744065,-0.040359866,1550002909189
12231,99,Accelerometer,0.5303157,1.5370774999999999,11.0695915,1550002909190
12232,99,Gyroscope,0.014996746000000002,0.03824628,-0.0012644903,1550002909199
12233,99,Accelerometer,0.59735334,2.541445,9.986216,1550002909200
12234,99,Gyroscope,-0.055252752999999995,0.009535611,-0.007373143,1550002909209
12235,99,Accelerometer,0.7541734999999999,1.7717092,10.03769,1550002909209
12236,99,Gyroscope,-0.057696215999999995,-0.025894572999999997,-0.026309965,1550002909219
12237,99,Accelerometer,1.5059528,1.3467385,10.022128,1550002909220
12238,99,Gyroscope,0.07974846,-0.043609664000000006,0.0048441626,1550002909229
12239,99,Accelerometer,1.7202339,0.34476504,9.084799,1550002909230
12240,99,Gyroscope,-0.00027488545,-0.016731594,-0.038527273,1550002909239
12241,99,Accelerometer,1.1025299,1.3263878,9.828198,1550002909240
12242,99,Gyroscope,0.028435782000000003,-0.021618515,0.0042332970000000004,1550002909249
12243,99,Accelerometer,2.0482395,0.22146365,10.8948145,1550002909250
12244,99,Gyroscope,0.08341365,-0.06437908,-0.008594873000000001,1550002909259
12245,99,Accelerometer,1.0342950999999998,1.3012487,10.630256,1550002909260
12246,99,Gyroscope,0.025992319,-0.07537466,-0.005540547,1550002909269
12247,99,Accelerometer,1.6543933000000002,1.0235212,9.710882000000002,1550002909270
12248,99,Gyroscope,0.036987893,-0.09431147599999999,0.036609154,1550002909279
12249,99,Accelerometer,1.7130512999999998,1.1468226000000001,9.854534,1550002909279
12250,99,Gyroscope,0.0492052,-0.08026158,0.01156368,1550002909290
12251,99,Accelerometer,0.18555063,1.3251906999999998,9.235633,1550002909290
12252,99,Gyroscope,-0.008826999,-0.066822544,0.0042332970000000004,1550002909299
12253,99,Accelerometer,0.29448682,1.246182,9.082403999999999,1550002909300
12254,99,Gyroscope,-0.015546517,-0.04910745,0.0127854105,1550002909309
12255,99,Accelerometer,-0.142455,0.9947908000000001,9.791088,1550002909310
12256,99,Gyroscope,0.03393357,-0.021618515,-0.031807754,1550002909319
12257,99,Accelerometer,-0.79607207,0.62009823,9.035717,1550002909320
12258,99,Gyroscope,-0.05586362,0.02786157,-0.039749,1550002909329
12259,99,Accelerometer,-0.6811504,0.9804255999999999,9.002198,1550002909330
12260,99,Gyroscope,-0.0021074805,0.05596137,-0.06907053,1550002909339
12261,99,Accelerometer,-0.34476504,0.50637364,9.360130999999999,1550002909339
12262,99,Gyroscope,-0.028374685,0.07184387,-0.056853227,1550002909350
12263,99,Accelerometer,-0.46567222,1.2306197,9.8042555,1550002909350
12264,99,Gyroscope,-0.09312639999999998,0.07734165,-0.045857653,1550002909359
12265,99,Accelerometer,0.05267244,0.94690675,9.429563499999999,1550002909360
12266,99,Gyroscope,-0.034483336,0.04557666,-0.04463592,1550002909369
12267,99,Accelerometer,0.5805939,1.7046716,10.817003,1550002909369
12268,99,Gyroscope,-0.023487763,0.04007887,-0.03730554,1550002909380
12269,99,Accelerometer,1.2318168,1.1683705,9.877279,1550002909380
12270,99,Gyroscope,-0.041813724,0.030305027999999998,-0.012260064499999999,1550002909389
12271,99,Accelerometer,0.91099375,1.2785037000000001,8.7053175,1550002909390
12272,99,Gyroscope,0.03882049,0.01625513,-0.016536122,1550002909399
12273,99,Accelerometer,1.4975731,1.0630256,8.554482,1550002909399
12274,99,Gyroscope,0.07608327,0.09627848,-0.020812178,1550002909409
12275,99,Accelerometer,1.8734628,0.79248077,7.271190600000001,1550002909410
12276,99,Gyroscope,-0.038759395,0.14575857,-0.0140926605,1550002909419
12277,99,Accelerometer,-0.5267244000000001,1.2258313,9.557653,1550002909420
12278,99,Gyroscope,-0.095569864,0.06940041,-0.03730554,1550002909429
12279,99,Accelerometer,0.39983168,0.415394,14.4609785,1550002909430
12280,99,Gyroscope,0.051037795999999996,-0.06621168,-0.053188037,1550002909439
12281,99,Accelerometer,1.733402,0.48482585,11.583148,1550002909440
12282,99,Gyroscope,-0.0045509413,-0.058270432000000004,-0.04769025,1550002909449
12283,99,Accelerometer,0.47165772,1.9668366999999998,9.532514,1550002909450
12284,99,Gyroscope,-0.07113525,-0.020396786,-0.07945524,1550002909459
12285,99,Accelerometer,1.4772223999999998,1.9357121,9.112331,1550002909460
12286,99,Gyroscope,0.02721405,-0.03750101,0.0030115664,1550002909469
12287,99,Accelerometer,0.51355624,1.3383588,10.020931,1550002909469
12288,99,Gyroscope,0.052259527,-0.068044275,0.0030115664,1550002909480
12289,99,Accelerometer,0.8439561,1.4305356000000002,10.064027000000001,1550002909480
12290,99,Gyroscope,0.025992319,-0.07781812,-0.0067622773,1550002909489
12291,99,Accelerometer,1.8722657,1.2306197,9.528922999999999,1550002909490
12292,99,Gyroscope,0.010720688999999999,-0.057048699999999994,0.039052617000000005,1550002909499
12293,99,Accelerometer,0.5279215,1.5514427,10.601525,1550002909499
12294,99,Gyroscope,0.040653087000000004,-0.020396786,0.01034195,1550002909510
12295,99,Accelerometer,0.41299978,-0.037110128,9.090784,1550002909510
12296,99,Gyroscope,-0.0027183462,-0.013677267,-0.014703525,1550002909520
12297,99,Accelerometer,0.39983168,0.37110126,9.296685,1550002909520
12298,99,Gyroscope,-0.06380487,0.0009834989999999999,-0.06051842,1550002909529
12299,99,Accelerometer,-0.5626374,1.4712370000000001,9.569624000000001,1550002909529
12300,99,Gyroscope,-0.022876898,0.0040378235,-0.074568324,1550002909539
12301,99,Accelerometer,-0.17597382,2.2266076,10.985794,1550002909540
12302,99,Gyroscope,-0.0369268,-0.01856419,-0.11549629,1550002909549
12303,99,Accelerometer,0.3890578,0.6871359,9.878476,1550002909550
12304,99,Gyroscope,-0.0137139205,0.005259555,-0.09228341,1550002909559
12305,99,Accelerometer,-0.39025488,1.6783354,9.7563715,1550002909560
12306,99,Gyroscope,-0.041813724,0.0034269579,-0.08250957,1550002909569
12307,99,Accelerometer,0.29448682,0.89064306,9.827001,1550002909569
12308,99,Gyroscope,-0.043646313,-0.014288133,-0.039749,1550002909580
12309,99,Accelerometer,0.31244332,0.7553706,10.292672999999999,1550002909580
12310,99,Gyroscope,-0.033261612,-0.011233807,-0.06540534,1550002909589
12311,99,Accelerometer,-0.011971008,1.3730746999999999,11.086350999999999,1550002909590
12312,99,Gyroscope,0.0076663624,-0.06621168,-0.038527273,1550002909599
12313,99,Accelerometer,1.3431472,1.0594343000000002,10.486604,1550002909599
12314,99,Gyroscope,-0.02409863,-0.08637023,-0.05929669,1550002909610
12315,99,Accelerometer,0.94331545,1.1180921999999998,9.750386,1550002909610
12316,99,Gyroscope,-0.041202857999999995,-0.08637023,-0.043414194,1550002909620
12317,99,Accelerometer,1.3814543,0.9876082,9.624691,1550002909620
12318,99,Gyroscope,-0.02165517,-0.08942456,-0.047079384,1550002909629
12319,99,Accelerometer,0.8822633,1.079785,9.890448,1550002909629
12320,99,Gyroscope,0.0076663624,-0.08209418,-0.061129287000000004,1550002909639
12321,99,Accelerometer,1.1587936,1.2198458,9.595961,1550002909640
12322,99,Gyroscope,0.025992319,-0.09797667,-0.027531696,1550002909649
12323,99,Accelerometer,1.5957354,2.5713725,9.1255,1550002909650
12324,99,Gyroscope,-0.022876898,-0.081483305,0.021337522,1550002909659
12325,99,Accelerometer,1.3922282,2.823961,9.375694000000001,1550002909659
12326,99,Gyroscope,-0.02409863,-0.06987687,0.06959588,1550002909669
12327,99,Accelerometer,1.2078748,1.7226281000000003,9.442732000000001,1550002909670
12328,99,Gyroscope,0.036987893,-0.04422053,0.075093664,1550002909679
12329,99,Accelerometer,0.6536171,1.5430629999999999,9.276335000000001,1550002909680
12330,99,Gyroscope,-0.012492188999999999,-0.025283707000000002,0.06837415,1550002909689
12331,99,Accelerometer,0.5566519,0.93373865,9.038112,1550002909689
12332,99,Gyroscope,-0.043646313,-0.014898999,0.056156844000000004,1550002909699
12333,99,Accelerometer,1.1552023,1.0654198000000001,9.927557,1550002909700
12334,99,Gyroscope,-0.01737911,-0.035057552,0.02561358,1550002909709
12335,99,Accelerometer,0.8690952,0.82360536,9.202114,1550002909710
12336,99,Gyroscope,-0.044868045,-0.023451112000000003,0.021337522,1550002909719
12337,99,Accelerometer,0.94930094,0.59855044,9.16261,1550002909720
12338,99,Gyroscope,-0.05586362,-0.016120728,0.017672332,1550002909729
12339,99,Accelerometer,1.0857705,0.29448682,9.920375,1550002909730
12340,99,Gyroscope,0.012553285,-0.02100765,-0.0037079514000000003,1550002909739
12341,99,Accelerometer,1.4796166000000002,0.45729253,9.835381,1550002909739
12342,99,Gyroscope,-0.0045509413,-0.0020708293,-0.0037079514000000003,1550002909750
12343,99,Accelerometer,1.5119383,0.78170687,9.506178,1550002909750
12344,99,Gyroscope,-0.057696215999999995,0.007092151999999999,-0.017146988000000002,1550002909759
12345,99,Accelerometer,1.1611878,1.055843,10.316614999999999,1550002909760
12346,99,Gyroscope,0.014996746000000002,-0.008790346,-0.020201313999999998,1550002909769
12347,99,Accelerometer,1.0319009,1.2389994,10.0341,1550002909770
12348,99,Gyroscope,0.0070554977,-0.010622941,-0.0067622773,1550002909779
12349,99,Accelerometer,1.2844891999999999,1.7956512999999998,9.080010000000001,1550002909779
12350,99,Gyroscope,0.021716263,0.0028160921999999997,0.03416569,1550002909789
12351,99,Accelerometer,1.3862427,1.7944542,9.435549,1550002909790
12352,99,Gyroscope,0.08707885,0.0015943646,0.06776328400000001,1550002909800
12353,99,Accelerometer,1.1923125,1.4520833,8.902839,1550002909800
12354,99,Gyroscope,0.1054048,0.011979073,0.075093664,1550002909809
12355,99,Accelerometer,1.6747441000000003,1.1468226000000001,8.052897,1550002909810
12356,99,Gyroscope,0.044929143,0.10788492,0.05921117,1550002909819
12357,99,Accelerometer,2.2074540000000002,1.8219875,9.998186,1550002909820
12358,99,Gyroscope,-0.019211708,0.12376741,0.075093664,1550002909829
12359,99,Accelerometer,0.6811504,1.0115502,10.776301,1550002909829
12360,99,Gyroscope,-0.023487763,0.013811666499999998,0.05371338,1550002909839
12361,99,Accelerometer,1.6472107,1.4077905000000002,11.850100999999999,1550002909840
12362,99,Gyroscope,0.048594332999999997,-0.013066402,0.028667906,1550002909849
12363,99,Accelerometer,2.267309,1.3922282,9.866506,1550002909850
12364,99,Gyroscope,-0.03203988,0.03824628,0.057989437000000005,1550002909859
12365,99,Accelerometer,1.3347674999999999,1.3682863,8.330625,1550002909860
12366,99,Gyroscope,-0.028374685,0.055350505,0.10746952,1550002909869
12367,99,Accelerometer,0.15801731,1.3251906999999998,9.155427,1550002909869
12368,99,Gyroscope,0.029657512999999996,0.033359356,0.105636925,1550002909879
12369,99,Accelerometer,0.5686229,1.3108255,10.0987425,1550002909879
12370,99,Gyroscope,0.025381455,0.018698592,0.08608924,1550002909889
12371,99,Accelerometer,1.2006921999999998,1.401805,9.773131,1550002909890
12372,99,Gyroscope,0.008277228000000001,0.0058704205,0.08975443,1550002909899
12373,99,Accelerometer,0.62847793,1.411382,9.411607,1550002909899
12374,99,Gyroscope,0.04554001,-0.0032925587,0.08486751,1550002909909
12375,99,Accelerometer,1.283292,0.9588778,9.932345,1550002909910
12376,99,Gyroscope,0.034544434,-0.0026816929999999998,0.08303491,1550002909919
12377,99,Accelerometer,1.6998832,1.0007763,10.156203,1550002909920
12378,99,Gyroscope,-0.00027488545,-0.00023823230999999999,0.09891741,1550002909929
12379,99,Accelerometer,1.8435352999999999,0.23942018,9.129091,1550002909929
12380,99,Gyroscope,-0.027152957000000002,0.0034269579,0.054324247,1550002909939
12381,99,Accelerometer,1.8579005000000002,0.8415619000000001,10.193313999999999,1550002909940
12382,99,Gyroscope,-0.021044305,-0.0020708293,0.026835311,1550002909949
12383,99,Accelerometer,2.2421699,0.47764325,9.55885,1550002909950
12384,99,Gyroscope,-0.046089776,-0.027727167999999996,0.04088521,1550002909959
12385,99,Accelerometer,1.5298948,0.033518825,10.108319,1550002909960
12386,99,Gyroscope,0.017440207,-0.03750101,0.007898489,1550002909969
12387,99,Accelerometer,1.6819267,0.78769237,10.314221,1550002909969
12388,99,Gyroscope,-0.040591992,-0.04849659,-0.01287093,1550002909979
12389,99,Accelerometer,2.2984335,1.578976,9.742006,1550002909979
12390,99,Gyroscope,-0.07418958,-0.035057552,0.042717807000000003,1550002909990
12391,99,Accelerometer,0.9612719999999999,0.78410107,10.887632,1550002909990
12392,99,Gyroscope,-0.014324786,-0.038722742000000004,0.0109528145,1550002909999
12393,99,Accelerometer,0.82121116,1.0235212,9.481038999999999,1550002910000
12394,99,Gyroscope,0.030879242,-0.030781494,0.01034195,1550002910009
12395,99,Accelerometer,0.3890578,0.9840169,9.188946000000001,1550002910010
12396,99,Gyroscope,-0.06624833,-0.02100765,0.039052617000000005,1550002910019
12397,99,Accelerometer,1.1168951,0.79846627,9.8198185,1550002910019
12398,99,Gyroscope,0.032711837,-0.02100765,0.0109528145,1550002910029
12399,99,Accelerometer,0.59735334,1.1504139,9.634267999999999,1550002910029
12400,99,Gyroscope,0.021105397,0.0058704205,0.0042332970000000004,1550002910040
12401,99,Accelerometer,0.6679823,1.1360487,9.297882000000001,1550002910040
12402,99,Gyroscope,-0.03814853,0.01625513,0.020726658000000002,1550002910049
12403,99,Accelerometer,0.45250413,0.81642276,9.97185,1550002910050
12404,99,Gyroscope,0.06203337,0.00037263334000000003,0.0011789708,1550002910059
12405,99,Accelerometer,0.33758244,0.5650316,9.911995,1550002910060
12406,99,Gyroscope,0.028435782000000003,0.00037263334000000003,0.03416569,1550002910069
12407,99,Accelerometer,1.3910311000000002,1.6579846999999999,9.137471000000001,1550002910069
12408,99,Gyroscope,-0.01004873,0.0058704205,0.05371338,1550002910080
12409,99,Accelerometer,1.1384428999999998,1.5466543,9.473856,1550002910080
12410,99,Gyroscope,0.02721405,0.008313879,0.040274344,1550002910089
12411,99,Accelerometer,1.2749124,1.6220716,9.902417999999999,1550002910090
12412,99,Gyroscope,0.03393357,-0.016120728,0.053102515999999995,1550002910099
12413,99,Accelerometer,1.3754688999999998,1.4161704,8.811859,1550002910100
12414,99,Gyroscope,-0.01737911,0.0009834989999999999,0.059822034,1550002910109
12415,99,Accelerometer,1.1192893,1.0402806,9.642648,1550002910109
12416,99,Gyroscope,0.018661937,-0.005125154,0.045161266,1550002910119
12417,99,Accelerometer,0.9648633,0.7793127,10.085575,1550002910120
12418,99,Gyroscope,0.019883668,-0.004514288,0.06043289599999999,1550002910130
12419,99,Accelerometer,1.1133038,1.0953473,10.091560000000001,1550002910130
12420,99,Gyroscope,-0.014935651999999999,0.010146476,0.035387423,1550002910139
12421,99,Accelerometer,0.8714894,0.59136784,9.919178,1550002910140
12422,99,Gyroscope,0.0058337674,-0.00084909797,0.017061466,1550002910149
12423,99,Accelerometer,0.5530606,0.8511386999999999,9.520543,1550002910150
12424,99,Gyroscope,-0.010659594,-0.006346885,0.019504927,1550002910159
12425,99,Accelerometer,0.9804255999999999,0.8559271,9.029732000000001,1550002910159
12426,99,Gyroscope,0.0021685753,-0.005125154,0.017061466,1550002910170
12427,99,Accelerometer,0.8319851,0.6931214,9.232041,1550002910170
12428,99,Gyroscope,0.05164866,-0.004514288,0.014007141,1550002910179
12429,99,Accelerometer,0.866701,1.0845733999999998,8.668207,1550002910180
12430,99,Gyroscope,0.022327128999999998,0.060848295999999996,0.023780985,1550002910189
12431,99,Accelerometer,0.42377370000000003,2.7605145,10.696096,1550002910190
12432,99,Gyroscope,-0.018600842,0.09688934,0.043328673,1550002910199
12433,99,Accelerometer,-0.108936176,0.49919105,11.877635,1550002910199
12434,99,Gyroscope,-0.094959,0.014422532,0.031722232999999996,1550002910209
12435,99,Accelerometer,0.712275,0.8367735000000001,11.749545,1550002910209
12436,99,Gyroscope,0.05164866,-0.08575937,0.03416569,1550002910220
12437,99,Accelerometer,1.6579846999999999,0.7314286,8.887277000000001,1550002910220
12438,99,Gyroscope,-0.0045509413,-0.033224955,0.0054550273,1550002910229
12439,99,Accelerometer,0.5434838000000001,1.2318168,7.850587400000001,1550002910230
12440,99,Gyroscope,-0.10106765,0.033359356,0.013396275,1550002910239
12441,99,Accelerometer,0.50996494,1.4149733,9.479841,1550002910240
12442,99,Gyroscope,-0.10106765,-0.0039034244,-0.0140926605,1550002910249
12443,99,Accelerometer,1.5227122,1.3455413999999999,10.268730999999999,1550002910249
12444,99,Gyroscope,0.013775015,-0.022840247,0.015228872,1550002910259
12445,99,Accelerometer,0.45729253,1.0737995,9.406818,1550002910260
12446,99,Gyroscope,0.0058337674,-0.0075686146,-0.011649198999999999,1550002910269
12447,99,Accelerometer,1.2270284,1.5071499,9.653421,1550002910270
12448,99,Gyroscope,-0.00027488545,0.0034269579,0.04210694,1550002910279
12449,99,Accelerometer,0.6512229,1.6160861,10.664971000000001,1550002910280
12450,99,Gyroscope,-0.014935651999999999,-0.011844671999999999,0.025002714,1550002910289
12451,99,Accelerometer,1.0654198000000001,0.9816226999999998,9.920375,1550002910290
12452,99,Gyroscope,0.0027794409999999997,-0.023451112000000003,0.019504927,1550002910299
12453,99,Accelerometer,0.9708488000000001,1.9680338,9.951499,1550002910299
12454,99,Gyroscope,-0.02409863,0.010757342,0.022559252999999998,1550002910310
12455,99,Accelerometer,0.58777654,1.0534488000000002,9.0476885,1550002910310
12456,99,Gyroscope,-0.06013968,0.025418106,0.036609154,1550002910319
12457,99,Accelerometer,0.24899697,1.0127473,8.910022,1550002910320
12458,99,Gyroscope,-0.017989976,0.051074445,-0.009205738,1550002910329
12459,99,Accelerometer,0.7433996,1.2629413999999999,9.540894,1550002910330
12460,99,Gyroscope,-0.0027183462,0.05046358,0.01156368,1550002910339
12461,99,Accelerometer,0.3172317,1.7549498,9.624691,1550002910340
12462,99,Gyroscope,-0.0369268,0.055350505,0.04088521,1550002910349
12463,99,Accelerometer,0.022744916,0.24420857,9.382876,1550002910349
12464,99,Gyroscope,0.010720688999999999,0.03885714,0.016450599999999996,1550002910359
12465,99,Accelerometer,1.0414777,1.2114661,10.486604,1550002910360
12466,99,Gyroscope,-0.0033292117999999997,0.025418106,0.018894061,1550002910370
12467,99,Accelerometer,1.4221559,1.6041151000000002,9.894038,1550002910370
12468,99,Gyroscope,-0.055252752999999995,0.008313879,0.037830885,1550002910379
12469,99,Accelerometer,0.90620536,1.1575965,9.630676,1550002910380
12470,99,Gyroscope,-0.009437865,-0.0032925587,0.009120219,1550002910389
12471,99,Accelerometer,1.2342110000000002,1.3886370000000001,10.589554,1550002910390
12472,99,Gyroscope,0.0076663624,-0.010012077,0.014618006999999999,1550002910399
12473,99,Accelerometer,0.9732430000000001,1.1420341999999999,10.145430000000001,1550002910399
12474,99,Gyroscope,-0.0008857511,-0.011233807,0.022559252999999998,1550002910410
12475,99,Accelerometer,0.34476504,0.7158663000000001,10.448297,1550002910410
12476,99,Gyroscope,0.035766162000000004,-0.027116302000000002,0.0017898360000000002,1550002910419
12477,99,Accelerometer,1.0079589,0.47405192,10.717644,1550002910420
12478,99,Gyroscope,0.026603185,-0.036279282999999996,0.015839735,1550002910429
12479,99,Accelerometer,0.5781997,1.1875241,9.508572000000001,1550002910430
12480,99,Gyroscope,0.01560761,-0.017953325,0.01034195,1550002910439
12481,99,Accelerometer,0.5805939,0.94092125,9.557653,1550002910439
12482,99,Gyroscope,0.043096546,-0.0014599635999999999,0.025002714,1550002910449
12483,99,Accelerometer,0.30047232,1.3359646,9.595961,1550002910450
12484,99,Gyroscope,-0.01127046,-0.015509863999999998,0.051880784000000006,1550002910459
12485,99,Accelerometer,0.61890113,0.8571242,9.660604,1550002910460
12486,99,Gyroscope,-0.01127046,-0.01856419,0.041496076,1550002910469
12487,99,Accelerometer,0.60094464,1.4532804,9.485827,1550002910470
12488,99,Gyroscope,0.019883668,-0.01734246,0.051880784000000006,1550002910479
12489,99,Accelerometer,0.6607997,1.2952632,8.649054,1550002910479
12490,99,Gyroscope,-0.0039400775,0.004648689,0.044550404,1550002910489
12491,99,Accelerometer,0.49559975,1.1623849,9.411607,1550002910490
12492,99,Gyroscope,0.022327128999999998,0.0058704205,0.040274344,1550002910500
12493,99,Accelerometer,0.5566519,1.4891934,9.679757,1550002910500
12494,99,Gyroscope,0.018661937,0.015033398,0.059822034,1550002910509
12495,99,Accelerometer,0.6895300999999999,1.365892,9.434352,1550002910510
12496,99,Gyroscope,-0.0014966168,0.023585513,0.05921117,1550002910519
12497,99,Accelerometer,0.5566519,1.3084313,10.048465,1550002910520
12498,99,Gyroscope,0.035766162000000004,0.016865995,0.06104376,1550002910530
12499,99,Accelerometer,0.6380547,1.5011643999999997,10.0748005,1550002910530
12500,99,Gyroscope,0.022327128999999998,0.030915894,0.07814799,1550002910539
12501,99,Accelerometer,0.59017074,1.4460978999999998,9.757569,1550002910540
12502,99,Gyroscope,-0.0039400775,0.02114205,0.07570453,1550002910549
12503,99,Accelerometer,0.46208093,1.3096284,9.774328,1550002910549
12504,99,Gyroscope,0.031490106000000004,0.0058704205,0.08303491,1550002910560
12505,99,Accelerometer,0.62728083,1.3970166000000002,9.679757,1550002910560
12506,99,Gyroscope,0.010720688999999999,0.01747686,0.086700104,1550002910570
12507,99,Accelerometer,0.23702596,1.3395559,9.488221000000001,1550002910570
12508,99,Gyroscope,0.008888093,0.022974647999999997,0.08425664,1550002910579
12509,99,Accelerometer,-0.0023942017,0.9720459000000001,9.655814999999999,1550002910580
12510,99,Gyroscope,0.019883668,0.05901569999999999,0.08120232,1550002910589
12511,99,Accelerometer,-0.005985504,1.9919758,11.622652,1550002910590
12512,99,Gyroscope,0.016218476000000003,0.08406117,0.072039336,1550002910599
12513,99,Accelerometer,-0.61291564,0.3890578,11.374852,1550002910599
12514,99,Gyroscope,-0.03814853,0.030305027999999998,0.054324247,1550002910609
12515,99,Accelerometer,-0.50876784,1.0594343000000002,11.320983,1550002910610
12516,99,Gyroscope,-0.014935651999999999,-0.056437835,0.08486751,1550002910620
12517,99,Accelerometer,1.9428947,0.81881696,10.134656,1550002910620
12518,99,Gyroscope,0.035766162000000004,-0.092478886,0.07753713,1550002910629
12519,99,Accelerometer,2.2361843999999995,0.997185,8.063671000000001,1550002910630
12520,99,Gyroscope,0.0052229017,-0.038722742000000004,0.062265493,1550002910639
12521,99,Accelerometer,1.9620483,1.0378863999999999,8.479065,1550002910640
12522,99,Gyroscope,-0.0033292117999999997,-0.025283707000000002,0.0726502,1550002910649
12523,99,Accelerometer,2.3558946,0.19752164,9.740809,1550002910650
12524,99,Gyroscope,0.018661937,-0.047885723,0.02317012,1550002910659
12525,99,Accelerometer,2.005144,-0.022744916,10.29387,1550002910659
12526,99,Gyroscope,-0.020433438999999998,-0.036279282999999996,-0.020201313999999998,1550002910670
12527,99,Accelerometer,0.59376204,0.48243165,10.747571,1550002910670
12528,99,Gyroscope,-0.012492188999999999,-0.005125154,-0.032418616000000004,1550002910679
12529,99,Accelerometer,0.6488286999999999,0.31603462,9.495403999999999,1550002910680
12530,99,Gyroscope,-0.05586362,0.049241855999999994,-0.07517918,1550002910689
12531,99,Accelerometer,-1.0989386,2.1571757999999996,10.700885000000001,1550002910690
12532,99,Gyroscope,-0.05708535,0.014422532,-0.045857653,1550002910699
12533,99,Accelerometer,-0.20590134,0.5231331,10.066421499999999,1550002910700
12534,99,Gyroscope,-0.03814853,0.025418106,-0.038527273,1550002910709
12535,99,Accelerometer,-0.051475335,2.134431,9.653421,1550002910709
12536,99,Gyroscope,-0.049144104,0.040689737000000004,-0.022644775,1550002910719
12537,99,Accelerometer,0.45250413,1.5634137,9.208099,1550002910720
12538,99,Gyroscope,-0.005161807,0.039468005,-0.023866504,1550002910730
12539,99,Accelerometer,0.5746084,1.697489,9.92636,1550002910730
12540,99,Gyroscope,0.024159724,0.012589939,-0.02447737,1550002910739
12541,99,Accelerometer,0.94451255,1.2785037000000001,9.779117,1550002910739
12542,99,Gyroscope,0.0058337674,0.012589939,-0.025699101000000002,1550002910749
12543,99,Accelerometer,1.4161704,1.0271125,9.387665,1550002910750
12544,99,Gyroscope,-0.03814853,0.030915894,-0.021423044,1550002910759
12545,99,Accelerometer,1.8531121,0.9684546,9.312247,1550002910760
12546,99,Gyroscope,-0.018600842,0.019309454,-0.038527273,1550002910769
12547,99,Accelerometer,1.9405005000000002,0.93254155,10.178948,1550002910770
12548,99,Gyroscope,0.014996746000000002,-0.0039034244,-0.038527273,1550002910779
12549,99,Accelerometer,2.348712,0.48602295,10.569203,1550002910779
12550,99,Gyroscope,0.016218476000000003,-0.017953325,-0.039138135,1550002910789
12551,99,Accelerometer,2.8634652999999997,0.32680854,10.171766,1550002910789
12552,99,Gyroscope,0.011942419,-0.04055534,-0.026309965,1550002910800
12553,99,Accelerometer,2.8646624,1.1420341999999999,9.692925,1550002910800
12554,99,Gyroscope,-0.01004873,-0.038111877,-0.028142562000000003,1550002910809
12555,99,Accelerometer,3.0418332,1.8004397,9.491813,1550002910810
12556,99,Gyroscope,-0.026542092000000003,-0.035668418,0.0030115664,1550002910819
12557,99,Accelerometer,2.3678656000000005,1.0378863999999999,9.980229,1550002910820
12558,99,Gyroscope,0.032711837,-0.055216104,0.020726658000000002,1550002910829
12559,99,Accelerometer,1.9309237000000001,0.93613285,10.073604,1550002910829
12560,99,Gyroscope,0.0076663624,-0.06987687,0.012174546000000001,1550002910839
12561,99,Accelerometer,2.3666685000000003,1.411382,9.173384,1550002910839
12562,99,Gyroscope,-0.028374685,-0.066822544,0.018894061,1550002910850
12563,99,Accelerometer,2.3247697,1.3730746999999999,9.119514,1550002910850
12564,99,Gyroscope,-0.016157383,-0.059492163,-0.011649198999999999,1550002910859
12565,99,Accelerometer,1.8363526999999997,1.2509704,9.901221000000001,1550002910860
12566,99,Gyroscope,0.0113315545,-0.056437835,-0.017146988000000002,1550002910869
12567,99,Accelerometer,0.89662856,0.5291186,9.461885,1550002910870
12568,99,Gyroscope,-0.033261612,-0.038722742000000004,-0.02447737,1550002910879
12569,99,Accelerometer,0.37110126,0.9911995000000001,9.363723,1550002910880
12570,99,Gyroscope,-0.014935651999999999,-0.008790346,-0.049522847,1550002910889
12571,99,Accelerometer,1.0821792,1.0259154000000001,9.147048,1550002910890
12572,99,Gyroscope,-0.019822573,0.026028972,-0.007984008,1550002910899
12573,99,Accelerometer,0.076614454,1.3515268999999999,9.376891,1550002910900
12574,99,Gyroscope,-0.04242459,0.040689737000000004,-0.0067622773,1550002910909
12575,99,Accelerometer,0.7493850999999999,1.3096284,8.986636,1550002910910
12576,99,Gyroscope,-0.0076052677,0.048020124000000004,-0.004929682,1550002910919
12577,99,Accelerometer,0.79966336,1.3634979,9.67018,1550002910920
12578,99,Gyroscope,-0.041813724,0.09444588,-0.015925256999999998,1550002910930
12579,99,Accelerometer,0.6667852,1.4101848999999997,9.7084875,1550002910930
12580,99,Gyroscope,-0.037537664,0.091391556,-0.028142562000000003,1550002910939
12581,99,Accelerometer,0.6332663000000001,1.6304513,10.295067,1550002910940
12582,99,Gyroscope,-0.0369268,0.06940041,-0.013481795,1550002910949
12583,99,Accelerometer,1.4496891,0.89543146,10.265139999999999,1550002910949
12584,99,Gyroscope,-0.033261612,0.04985272,-0.015314391,1550002910959
12585,99,Accelerometer,1.4688427,1.1599906999999998,9.827001,1550002910960
12586,99,Gyroscope,0.010720688999999999,0.043744065,-0.026309965,1550002910970
12587,99,Accelerometer,1.5729905,1.4401124,9.575610000000001,1550002910970
12588,99,Gyroscope,-0.01737911,0.046187527,-0.021423044,1550002910979
12589,99,Accelerometer,1.8650831,1.1324573999999998,9.323022,1550002910980
12590,99,Gyroscope,-0.011881325,0.03274849,-0.012260064499999999,1550002910989
12591,99,Accelerometer,1.9464860000000002,1.292869,9.884461,1550002910990
12592,99,Gyroscope,0.030879242,0.025418106,-0.012260064499999999,1550002910999
12593,99,Accelerometer,1.9165584999999998,0.9911995000000001,9.707291,1550002910999
12594,99,Gyroscope,0.028435782000000003,0.026028972,-0.0012644903,1550002911010
12595,99,Accelerometer,1.9680338,1.0737995,8.585608,1550002911010
12596,99,Gyroscope,0.01560761,0.08100685,0.021948388,1550002911019
12597,99,Accelerometer,2.2110453,2.2840683,11.121067,1550002911020
12598,99,Gyroscope,0.030879242,0.102997996,0.007287623399999999,1550002911029
12599,99,Accelerometer,0.39384618,0.7613561,10.855310000000001,1550002911029
12600,99,Gyroscope,-0.0509767,0.06023743,-0.0043188166,1550002911039
12601,99,Accelerometer,0.4321534000000001,1.1456255,11.477803,1550002911040
12602,99,Gyroscope,0.0076663624,-0.035668418,0.02927877,1550002911049
12603,99,Accelerometer,2.4073699,1.0342950999999998,10.236409,1550002911050
12604,99,Gyroscope,0.04004222,-0.04422053,0.03416569,1550002911059
12605,99,Accelerometer,1.0450690999999999,1.4808137,8.942344,1550002911060
12606,99,Gyroscope,-0.047311507,-0.0039034244,0.025002714,1550002911069
12607,99,Accelerometer,0.5530606,0.78290397,9.773131,1550002911069
12608,99,Gyroscope,-0.047311507,-0.035668418,0.051880784000000006,1550002911079
12609,99,Accelerometer,1.3012487,1.1731589,10.875661000000001,1550002911079
12610,99,Gyroscope,0.05653558,-0.03750101,0.04210694,1550002911090
12611,99,Accelerometer,0.51475334,1.0259154000000001,10.415975,1550002911090
12612,99,Gyroscope,-0.02409863,-0.016120728,0.035387423,1550002911099
12613,99,Accelerometer,0.8403648000000001,0.44651863,9.3182335,1550002911100
12614,99,Gyroscope,-0.028374685,-0.016731594,0.04088521,1550002911109
12615,99,Accelerometer,0.60453594,0.866701,10.095152,1550002911110
12616,99,Gyroscope,-0.028374685,-0.025894572999999997,0.016450599999999996,1550002911119
12617,99,Accelerometer,1.055843,0.077811554,9.337387,1550002911119
12618,99,Gyroscope,-0.020433438999999998,-0.01978592,-0.0012644903,1550002911129
12619,99,Accelerometer,1.0821792,0.9552864999999999,9.1350765,1550002911130
12620,99,Gyroscope,-0.025931226,-0.022840247,-0.000653625,1550002911139
12621,99,Accelerometer,1.0965444,0.37588966,10.192117,1550002911140
12622,99,Gyroscope,0.04370741,-0.043609664000000006,-0.021423044,1550002911149
12623,99,Accelerometer,0.33997664,0.7062895,10.356119,1550002911149
12624,99,Gyroscope,0.052870392999999995,-0.04910745,0.03355483,1550002911159
12625,99,Accelerometer,1.9117701,1.7884687,10.876859,1550002911160
12626,99,Gyroscope,0.06386597,-0.06743341,0.080591455,1550002911169
12627,99,Accelerometer,1.7597381999999997,0.8355764000000001,9.697714,1550002911170
12628,99,Gyroscope,0.03882049,-0.04849659,0.05004819,1550002911179
12629,99,Accelerometer,1.6783354,2.1296425,9.050082000000002,1550002911179
12630,99,Gyroscope,-0.017989976,-0.061935622,0.041496076,1550002911189
12631,99,Accelerometer,1.6436194,1.4329298000000001,9.209297,1550002911190
12632,99,Gyroscope,0.0040011713,-0.07354206,0.023780985,1550002911199
12633,99,Accelerometer,1.9608511999999998,0.91937345,9.800664999999999,1550002911200
12634,99,Gyroscope,-0.0076052677,-0.056437835,0.028667906,1550002911209
12635,99,Accelerometer,0.7314286,0.45489833,9.572019000000001,1550002911210
12636,99,Gyroscope,-0.03509419999999999,-0.07476379,0.01034195,1550002911219
12637,99,Accelerometer,0.9995792,1.7657237000000001,10.172963000000001,1550002911220
12638,99,Gyroscope,0.0094989585,-0.09980927,-0.0037079514000000003,1550002911229
12639,99,Accelerometer,1.3084313,1.1228806,9.831789,1550002911229
12640,99,Gyroscope,0.033322702999999995,-0.08392677,0.012174546000000001,1550002911240
12641,99,Accelerometer,0.11851298,1.6484078000000002,9.720459,1550002911240
12642,99,Gyroscope,-0.054641888,-0.05582697,-0.000653625,1550002911249
12643,99,Accelerometer,0.16879122,1.7022773999999998,9.387665,1550002911250
12644,99,Gyroscope,0.0015577096,-0.049718317000000005,0.017672332,1550002911259
12645,99,Accelerometer,0.5422866999999999,1.5047556999999998,10.388441,1550002911260
12646,99,Gyroscope,0.055313855,-0.028338033999999998,0.051880784000000006,1550002911269
12647,99,Accelerometer,0.16280572,0.7565677,9.512163000000001,1550002911269
12648,99,Gyroscope,-0.07846563,0.023585513,0.016450599999999996,1550002911279
12649,99,Accelerometer,-0.010773907,0.8355764000000001,8.409634,1550002911279
12650,99,Gyroscope,-0.06747006,0.03274849,-4.2759813000000006e-05,1550002911290
12651,99,Accelerometer,0.073023155,1.0630256,9.840169,1550002911290
12652,99,Gyroscope,-0.01004873,0.041911468,-0.025699101000000002,1550002911299
12653,99,Accelerometer,-0.2669535,0.51954174,10.21965,1550002911300
12654,99,Gyroscope,-0.035705067,0.0431332,-0.05929669,1550002911309
12655,99,Accelerometer,0.7505821999999999,1.3335704,8.889671,1550002911310
12656,99,Gyroscope,-0.06258314,0.062680885,-0.040359866,1550002911319
12657,99,Accelerometer,0.6943185000000001,1.0714053,9.433155000000001,1550002911319
12658,99,Gyroscope,-0.00027488545,0.058404832999999996,-0.04891198,1550002911329
12659,99,Accelerometer,0.6464345,0.760159,9.910798,1550002911329
12660,99,Gyroscope,-0.0033292117999999997,0.03274849,-0.049522847,1550002911340
12661,99,Accelerometer,0.59855044,1.4341268999999999,10.235211999999999,1550002911340
12662,99,Gyroscope,-0.03387247,0.007092151999999999,-0.04402506,1550002911349
12663,99,Accelerometer,1.4676456,1.2186487,10.601525,1550002911350
12664,99,Gyroscope,0.0113315545,-0.033224955,-0.02325564,1550002911359
12665,99,Accelerometer,1.532289,0.9864110999999999,9.267955,1550002911360
12666,99,Gyroscope,0.01316415,-0.042998800000000004,-0.0018753556,1550002911369
12667,99,Accelerometer,1.7824832,1.1288661,8.268375,1550002911369
12668,99,Gyroscope,0.0076663624,-0.038722742000000004,-0.026309965,1550002911380
12669,99,Accelerometer,1.3383588,0.60214174,7.445967,1550002911380
12670,99,Gyroscope,0.11395692,0.03274849,-0.026309965,1550002911389
12671,99,Accelerometer,0.7625531999999999,2.0638018,9.600749,1550002911390
12672,99,Gyroscope,0.0113315545,0.090169825,-0.0012644903,1550002911399
12673,99,Accelerometer,-0.11731588,0.8343792999999999,9.673772,1550002911399
12674,99,Gyroscope,-0.06563746,0.07062214,0.015228872,1550002911409
12675,99,Accelerometer,0.40102878,1.3934253,11.318588,1550002911409
12676,99,Gyroscope,0.07486154,-0.027116302000000002,0.009120219,1550002911420
12677,99,Accelerometer,1.1480197,0.58538234,9.615114,1550002911420
12678,99,Gyroscope,0.025992319,0.01992032,-0.030586022999999997,1550002911429
12679,99,Accelerometer,0.31244332,1.8650831,8.201338,1550002911430
12680,99,Gyroscope,-0.06930265599999999,0.08222858,0.01156368,1550002911439
12681,99,Accelerometer,0.46447513,0.8810662,9.384072999999999,1550002911440
12682,99,Gyroscope,0.041263953,0.04740926,-0.007984008,1550002911449
12683,99,Accelerometer,0.50278234,1.0462662,10.747571,1550002911450
12684,99,Gyroscope,0.07119635,0.020531185,0.0054550273,1550002911459
12685,99,Accelerometer,1.6795325,1.3036428999999998,9.455899,1550002911459
12686,99,Gyroscope,0.0058337674,0.03274849,0.049437325,1550002911469
12687,99,Accelerometer,1.5370774999999999,1.7034745,10.790668,1550002911470
12688,99,Gyroscope,0.036377028,0.028472435,0.068985015,1550002911480
12689,99,Accelerometer,1.4508862,0.866701,10.21965,1550002911480
12690,99,Gyroscope,0.044929143,0.024196379,0.054935113,1550002911489
12691,99,Accelerometer,0.8487445,0.8631097,10.494983,1550002911490
12692,99,Gyroscope,-0.005161807,0.013811666499999998,0.041496076,1550002911499
12693,99,Accelerometer,1.0726023999999998,0.5770026,10.230424000000001,1550002911499
12694,99,Gyroscope,-0.00027488545,0.0077030174,0.026224446000000002,1550002911509
12695,99,Accelerometer,0.676362,1.1887212,9.516952,1550002911510
12696,99,Gyroscope,-0.040591992,0.012589939,-0.0012644903,1550002911519
12697,99,Accelerometer,-0.08499416,0.46088383,8.3390045,1550002911520
12698,99,Gyroscope,-0.11511755,0.06207002,-0.028753427999999998,1550002911529
12699,99,Accelerometer,0.074220255,0.3854665,9.898827,1550002911529
12700,99,Gyroscope,-0.047922373,0.057793967,-0.07334659,1550002911539
12701,99,Accelerometer,-1.1097125,1.0378863999999999,10.114305499999999,1550002911539
12702,99,Gyroscope,-0.050365835,0.07062214,-0.10999849999999999,1550002911549
12703,99,Accelerometer,-1.4317327,0.82360536,9.024942999999999,1550002911550
12704,99,Gyroscope,-0.06930265599999999,0.08955896,-0.055020634000000006,1550002911559
12705,99,Accelerometer,-0.17477672,1.5083469999999999,10.658986,1550002911560
12706,99,Gyroscope,0.04554001,0.073065594,-0.031807754,1550002911569
12707,99,Accelerometer,0.48243165,0.47764325,9.1829605,1550002911569
12708,99,Gyroscope,-0.006994404,0.085893765,-0.029364292,1550002911579
12709,99,Accelerometer,0.8463503000000001,1.9237411,8.6813755,1550002911580
12710,99,Gyroscope,-0.08457429,0.11521529400000001,-0.009205738,1550002911589
12711,99,Accelerometer,1.0881646999999999,0.94331545,9.92636,1550002911590
12712,99,Gyroscope,-0.0033292117999999997,0.09261329,-0.04463592,1550002911599
12713,99,Accelerometer,1.2258313,1.5921441,11.186908,1550002911599
12714,99,Gyroscope,0.05348126,0.062680885,-0.048301116,1550002911609
12715,99,Accelerometer,1.091756,0.38426940000000004,9.222465,1550002911609
12716,99,Gyroscope,-0.025931226,0.07489819,-0.04769025,1550002911619
12717,99,Accelerometer,0.6667852,1.3491327,10.231621,1550002911620
12718,99,Gyroscope,0.05470299,0.05596137,-0.05257717,1550002911629
12719,99,Accelerometer,0.93373865,0.78410107,10.213664,1550002911630
12720,99,Gyroscope,0.036377028,0.034581087999999996,-0.030586022999999997,1550002911639
12721,99,Accelerometer,0.8451531999999999,1.4341268999999999,9.8198185,1550002911640
12722,99,Gyroscope,-0.01127046,0.029694162000000003,-0.009816604,1550002911649
12723,99,Accelerometer,0.5578489999999999,1.6388310000000001,9.712079,1550002911649
12724,99,Gyroscope,0.05470299,0.04007887,-0.007984008,1550002911659
12725,99,Accelerometer,0.6392518,1.4293385,9.716867,1550002911659
12726,99,Gyroscope,0.01560761,0.044965795999999995,0.02317012,1550002911669
12727,99,Accelerometer,0.093373865,1.6927006000000002,9.374496,1550002911670
12728,99,Gyroscope,0.0052229017,0.06329175,0.04210694,1550002911679
12729,99,Accelerometer,-0.16879122,1.4484920000000001,9.368511,1550002911680
12730,99,Gyroscope,0.047983468,0.06023743,0.056156844000000004,1550002911689
12731,99,Accelerometer,-0.24660277,1.6232687,10.348937,1550002911690
12732,99,Gyroscope,0.022937994,0.07184387,0.06104376,1550002911699
12733,99,Accelerometer,-0.02633622,0.93014735,9.520543,1550002911700
12734,99,Gyroscope,-0.020433438999999998,0.07550906,0.05921117,1550002911709
12735,99,Accelerometer,-0.04309563,1.2437878,9.813833,1550002911709
12736,99,Gyroscope,0.02354886,0.06329175,0.024391849,1550002911719
12737,99,Accelerometer,0.45370123,0.65242,10.116699,1550002911719
12738,99,Gyroscope,0.0094989585,0.06390262,0.016450599999999996,1550002911730
12739,99,Accelerometer,0.094570965,0.6572084,9.617508,1550002911730
12740,99,Gyroscope,-0.03509419999999999,0.07550906,0.0030115664,1550002911740
12741,99,Accelerometer,0.5243302,0.27892449999999996,9.877279,1550002911740
12742,99,Gyroscope,0.01316415,0.05962656400000001,-0.018368717,1550002911749
12743,99,Accelerometer,0.6979098000000001,0.06584055,10.43034,1550002911750
12744,99,Gyroscope,0.016829342,0.04007887,-0.047079384,1550002911759
12745,99,Accelerometer,1.3132197,0.1364695,9.697714,1550002911760
12746,99,Gyroscope,-0.036315932999999995,0.040689737000000004,-0.066016205,1550002911769
12747,99,Accelerometer,1.3575124,0.079008654,9.937134,1550002911769
12748,99,Gyroscope,-0.008216133,0.025418106,-0.11488543,1550002911779
12749,99,Accelerometer,1.6771383000000002,0.40581718,10.066421499999999,1550002911779
12750,99,Gyroscope,-0.01737911,0.018087726000000002,-0.11977235,1550002911790
12751,99,Accelerometer,1.3383588,0.50397944,9.633071000000001,1550002911790
12752,99,Gyroscope,-0.039981127000000005,0.01625513,-0.12649186,1550002911799
12753,99,Accelerometer,0.8822633,0.7745243,9.307459,1550002911800
12754,99,Gyroscope,-0.011881325,0.071233004,-0.13015705,1550002911809
12755,99,Accelerometer,1.2342110000000002,1.1707646999999999,10.327389,1550002911810
12756,99,Gyroscope,-0.030207282000000002,0.08955896,-0.09228341,1550002911819
12757,99,Accelerometer,-0.4441244000000001,1.6531962,11.291056,1550002911820
12758,99,Gyroscope,-0.053420155999999996,-0.01978592,-0.08495303,1550002911829
12759,99,Accelerometer,1.3790601,0.90141696,8.92319,1550002911829
12760,99,Gyroscope,0.07241808,-0.028948900000000003,-0.10022466,1550002911839
12761,99,Accelerometer,0.016759411999999998,1.7633294999999998,8.449138,1550002911840
12762,99,Gyroscope,-0.073578715,0.06756781,-0.09228341,1550002911849
12763,99,Accelerometer,-0.015562311,0.5470751,9.634267999999999,1550002911850
12764,99,Gyroscope,0.010720688999999999,0.03702455,-0.10755505,1550002911859
12765,99,Accelerometer,0.60693014,1.2018893,10.526108,1550002911860
12766,99,Gyroscope,0.032711837,0.019309454,-0.11916149,1550002911869
12767,99,Accelerometer,1.4604629999999998,0.7745243,9.331401,1550002911870
12768,99,Gyroscope,-0.039981127000000005,0.033970222,-0.1503156,1550002911879
12769,99,Accelerometer,0.9696517,0.9935937,9.324219,1550002911880
12770,99,Gyroscope,-0.0137139205,0.037635416,-0.12099407599999999,1550002911889
12771,99,Accelerometer,2.0290859,0.90261406,10.052056,1550002911889
12772,99,Gyroscope,0.0070554977,0.02114205,-0.10450072,1550002911899
12773,99,Accelerometer,2.4851813,0.90859956,10.31901,1550002911900
12774,99,Gyroscope,0.011942419,0.0015943646,-0.102057256,1550002911909
12775,99,Accelerometer,2.5438392000000003,1.2473791,10.34774,1550002911910
12776,99,Gyroscope,0.035155296,-0.02100765,-0.06845967,1550002911919
12777,99,Accelerometer,2.633622,1.2234371000000002,10.129868,1550002911920
12778,99,Gyroscope,0.022327128999999998,-0.024672844,-0.040359866,1550002911929
12779,99,Accelerometer,2.6755204,1.3239936,9.099164,1550002911930
12780,99,Gyroscope,-0.0027183462,-0.017953325,-0.039138135,1550002911939
12781,99,Accelerometer,1.9428947,1.5933412,9.880871,1550002911939
12782,99,Gyroscope,0.055313855,-0.014288133,-0.074568324,1550002911949
12783,99,Accelerometer,1.4089876000000001,1.2521674999999999,10.967838,1550002911949
12784,99,Gyroscope,0.055313855,-0.01734246,-0.077622645,1550002911960
12785,99,Accelerometer,0.6392518,0.45489833,9.622296,1550002911960
12786,99,Gyroscope,0.03210097,-0.036890145,-0.047079384,1550002911969
12787,99,Accelerometer,1.7154455000000002,0.866701,9.141062,1550002911970
12788,99,Gyroscope,0.036987893,-0.02222938,-0.038527273,1550002911979
12789,99,Accelerometer,1.3431472,1.8722657,8.561666,1550002911980
12790,99,Gyroscope,0.008277228000000001,-0.0039034244,-0.05929669,1550002911989
12791,99,Accelerometer,0.07062895,1.1982979999999999,8.711303,1550002911990
12792,99,Gyroscope,0.00033598019999999995,0.018087726000000002,-0.037916407,1550002911999
12793,99,Accelerometer,0.29807812,0.8762778,10.110714,1550002911999
12794,99,Gyroscope,0.06447683,0.024807245,-0.016536122,1550002912009
12795,99,Accelerometer,1.2246342,1.4041992,9.976639,1550002912009
12796,99,Gyroscope,0.025381455,0.041911468,-0.0067622773,1550002912020
12797,99,Accelerometer,0.7350199000000001,1.5370774999999999,9.4774475,1550002912020
12798,99,Gyroscope,-0.051587567,0.052296177,0.007287623399999999,1550002912029
12799,99,Accelerometer,1.0929531000000001,1.2785037000000001,10.181343,1550002912030
12800,99,Gyroscope,-0.034483336,0.026028972,0.02561358,1550002912039
12801,99,Accelerometer,1.8698715,1.3335704,10.257957000000001,1550002912040
12802,99,Gyroscope,-0.03937026,-0.00023823230999999999,0.0048441626,1550002912049
12803,99,Accelerometer,1.7417817,1.2246342,9.691728999999999,1550002912050
12804,99,Gyroscope,-0.025931226,0.0015943646,-0.04402506,1550002912059
12805,99,Accelerometer,0.8559271,0.60333884,9.716867,1550002912059
12806,99,Gyroscope,-0.0137139205,0.0009834989999999999,-0.028142562000000003,1550002912069
12807,99,Accelerometer,1.6364368,1.5957354,9.953894,1550002912070
12808,99,Gyroscope,-0.033261612,-0.03261409,-0.032418616000000004,1550002912079
12809,99,Accelerometer,1.7561468999999996,1.0881646999999999,9.688137,1550002912080
12810,99,Gyroscope,0.021105397,-0.04849659,-0.023866504,1550002912089
12811,99,Accelerometer,1.9261352999999999,0.8571242,9.652225,1550002912090
12812,99,Gyroscope,-0.035705067,-0.038722742000000004,-0.049522847,1550002912099
12813,99,Accelerometer,2.4361002,1.3982137,9.773131,1550002912100
12814,99,Gyroscope,-0.012492188999999999,-0.034446687000000004,-0.027531696,1550002912109
12815,99,Accelerometer,1.62686,0.49440265,9.964667,1550002912110
12816,99,Gyroscope,-0.0014966168,-0.047885723,-0.036694676,1550002912119
12817,99,Accelerometer,1.365892,0.79008657,10.605117,1550002912120
12818,99,Gyroscope,-0.0045509413,-0.042998800000000004,-0.06540534,1550002912129
12819,99,Accelerometer,1.8435352999999999,1.0007763,9.579201,1550002912129
12820,99,Gyroscope,-0.02409863,-0.036890145,-0.053798902999999995,1550002912139
12821,99,Accelerometer,1.2246342,1.0726023999999998,9.348161,1550002912139
12822,99,Gyroscope,-0.006994404,-0.032003224,-0.039749,1550002912149
12823,99,Accelerometer,-0.11372458,0.9720459000000001,9.818622,1550002912150
12824,99,Gyroscope,-0.013103055,-0.021618515,-0.06357274,1550002912159
12825,99,Accelerometer,0.28371290000000005,1.0115502,9.76116,1550002912160
12826,99,Gyroscope,-0.0039400775,-0.013677267,-0.06357274,1550002912169
12827,99,Accelerometer,0.033518825,0.7182605,9.627085000000001,1550002912170
12828,99,Gyroscope,0.012553285,-0.0039034244,-0.059907555999999994,1550002912179
12829,99,Accelerometer,-0.107739076,1.1540052,9.534908,1550002912180
12830,99,Gyroscope,-0.03387247,0.033970222,-0.08128784,1550002912189
12831,99,Accelerometer,0.81642276,0.78529817,8.954314,1550002912189
12832,99,Gyroscope,-0.014324786,0.052907042,-0.10572245,1550002912199
12833,99,Accelerometer,-0.5626374,1.6101006000000002,10.303447,1550002912199
12834,99,Gyroscope,-0.0509767,0.021752916,-0.089229085,1550002912210
12835,99,Accelerometer,0.008379705999999999,0.48123455,12.084733,1550002912210
12836,99,Gyroscope,-0.03937026,-0.11141571,-0.066016205,1550002912219
12837,99,Accelerometer,2.0159178,0.24540567,10.68652,1550002912220
12838,99,Gyroscope,0.08707885,-0.12790906,-0.10877677,1550002912229
12839,99,Accelerometer,2.9759927000000004,1.3239936,7.7320743,1550002912230
12840,99,Gyroscope,-0.02409863,-0.017953325,-0.08800735,1550002912239
12841,99,Accelerometer,1.8243817,1.352724,7.6171527,1550002912239
12842,99,Gyroscope,-0.054031022000000005,-0.022840247,-0.05929669,1550002912249
12843,99,Accelerometer,0.92895025,0.9923966000000001,10.1226845,1550002912249
12844,99,Gyroscope,0.090133175,-0.07598552,-0.08983995,1550002912260
12845,99,Accelerometer,1.5394716999999998,1.2258313,11.6442,1550002912260
12846,99,Gyroscope,0.02721405,-0.07354206,-0.09900293,1550002912269
12847,99,Accelerometer,2.134431,0.676362,9.609129,1550002912270
12848,99,Gyroscope,-0.0039400775,-0.06071389,-0.07029226400000001,1550002912279
12849,99,Accelerometer,0.79008657,2.0614076,9.908403,1550002912280
12850,99,Gyroscope,-0.031429015,-0.035668418,-0.11488543,1550002912289
12851,99,Accelerometer,0.46088383,1.0043676,9.077616,1550002912290
12852,99,Gyroscope,-0.09312639999999998,0.007092151999999999,-0.12832445,1550002912299
12853,99,Accelerometer,-0.39863458,1.9009962,10.986991999999999,1550002912299
12854,99,Gyroscope,-0.01004873,-0.020396786,-0.14787214,1550002912309
12855,99,Accelerometer,0.15682021,1.4879963,10.243592,1550002912309
12856,99,Gyroscope,-0.0063835381999999994,-0.024061977999999998,-0.11122023,1550002912320
12857,99,Accelerometer,0.37828386,0.6631939,9.1590185,1550002912320
12858,99,Gyroscope,-0.07052439,0.021752916,-0.083120435,1550002912329
12859,99,Accelerometer,0.59974754,1.9919758,10.588357,1550002912330
12860,99,Gyroscope,-0.0057726726,-0.010012077,-0.05440977,1550002912339
12861,99,Accelerometer,0.9792285,1.6759412,10.066421499999999,1550002912340
12862,99,Gyroscope,0.0040011713,-0.043609664000000006,-0.0678488,1550002912349
12863,99,Accelerometer,1.5011643999999997,0.93254155,9.358934,1550002912350
12864,99,Gyroscope,-0.051587567,-0.049718317000000005,-0.053798902999999995,1550002912359
12865,99,Accelerometer,1.8016368000000003,1.1109096,9.238028,1550002912359
12866,99,Gyroscope,0.012553285,-0.03750101,-0.066016205,1550002912369
12867,99,Accelerometer,1.0211270000000001,0.8834603999999999,9.460688000000001,1550002912370
12868,99,Gyroscope,0.031490106000000004,-0.04422053,-0.07334659,1550002912379
12869,99,Accelerometer,0.8882488000000002,0.9923966000000001,10.394426,1550002912380
12870,99,Gyroscope,0.0027794409999999997,-0.050329182,-0.031196889,1550002912389
12871,99,Accelerometer,1.1767502,1.3120226000000001,10.716447,1550002912390
12872,99,Gyroscope,0.11090259,-0.068044275,-0.023866504,1550002912399
12873,99,Accelerometer,1.043872,1.1001357,9.610325999999999,1550002912400
12874,99,Gyroscope,0.011942419,-0.05216177599999999,-0.017146988000000002,1550002912409
12875,99,Accelerometer,1.353921,2.56419,8.7951,1550002912409
12876,99,Gyroscope,-0.054031022000000005,-0.030781494,0.018283198,1550002912419
12877,99,Accelerometer,1.1887212,1.1049241,10.059238,1550002912419
12878,99,Gyroscope,-0.0063835381999999994,-0.049718317000000005,-0.017146988000000002,1550002912430
12879,99,Accelerometer,0.5650316,1.5981296,10.101137,1550002912430
12880,99,Gyroscope,-0.0021074805,-0.032003224,-0.017757852,1550002912439
12881,99,Accelerometer,0.48961425,1.400608,8.717288,1550002912440
12882,99,Gyroscope,-0.057696215999999995,0.010146476,-0.015314391,1550002912449
12883,99,Accelerometer,0.14963761,0.90620536,9.709685,1550002912450
12884,99,Gyroscope,-0.047922373,0.025418106,-0.015314391,1550002912459
12885,99,Accelerometer,0.11252748,1.0151415000000001,10.375273,1550002912460
12886,99,Gyroscope,-0.030818147999999997,0.03274849,-0.02447737,1550002912469
12887,99,Accelerometer,0.25139117,0.59615624,9.676167,1550002912469
12888,99,Gyroscope,-0.09373727,0.035191953,-0.053798902999999995,1550002912479
12889,99,Accelerometer,0.33399114,0.641646,9.736021000000001,1550002912479
12890,99,Gyroscope,-0.035705067,0.021752916,-0.06907053,1550002912490
12891,99,Accelerometer,0.61530983,1.2282255,9.515755,1550002912490
12892,99,Gyroscope,-0.03814853,0.022363782000000002,-0.071513996,1550002912499
12893,99,Accelerometer,0.79966336,0.7493850999999999,8.487445,1550002912500
12894,99,Gyroscope,-0.054031022000000005,0.041911468,-0.08556389999999998,1550002912509
12895,99,Accelerometer,0.14604631,1.3670892,9.537302,1550002912510
12896,99,Gyroscope,0.018661937,0.035191953,-0.055020634000000006,1550002912519
12897,99,Accelerometer,1.0211270000000001,1.2629413999999999,10.271125,1550002912520
12898,99,Gyroscope,0.016218476000000003,0.02786157,-0.018368717,1550002912529
12899,99,Accelerometer,1.174356,0.89184016,9.755175,1550002912529
12900,99,Gyroscope,0.046761736,-0.02222938,-0.0043188166,1550002912539
12901,99,Accelerometer,1.3323733,0.6464345,8.647857,1550002912539
12902,99,Gyroscope,0.09929615,0.07245473,-0.041581597000000005,1550002912550
12903,99,Accelerometer,2.2493525,1.2880806,7.7643960000000005,1550002912550
12904,99,Gyroscope,-0.029596416,0.14881289,-0.025088236,1550002912559
12905,99,Accelerometer,-0.760159,1.6077063999999999,9.107543,1550002912560
12906,99,Gyroscope,-0.0790765,0.00037263334000000003,0.006065893,1550002912569
12907,99,Accelerometer,0.06584055,0.997185,14.239514000000002,1550002912570
12908,99,Gyroscope,0.14511104,-0.07415293,-0.031807754,1550002912579
12909,99,Accelerometer,2.067393,-0.46567222,10.749966,1550002912580
12910,99,Gyroscope,-0.05708535,-0.015509863999999998,-0.004929682,1550002912589
12911,99,Accelerometer,0.51954174,2.6060886,8.9758625,1550002912589
12912,99,Gyroscope,-0.07480045,0.024807245,0.014618006999999999,1550002912599
12913,99,Accelerometer,0.08499416,0.3196259,8.852561,1550002912600
12914,99,Gyroscope,0.04187482,-0.013677267,0.018894061,1550002912609
12915,99,Accelerometer,0.18315643,1.6160861,11.769896000000001,1550002912610
12916,99,Gyroscope,-0.0057726726,-0.009401211500000001,-0.0043188166,1550002912619
12917,99,Accelerometer,0.842759,0.7074866,8.431181,1550002912620
12918,99,Gyroscope,-0.047922373,0.034581087999999996,0.009731084000000001,1550002912629
12919,99,Accelerometer,0.1604115,1.3311761999999998,8.356961,1550002912629
12920,99,Gyroscope,-0.058917947000000005,0.07489819,0.008509354,1550002912639
12921,99,Accelerometer,0.24301147,0.50158525,9.062054,1550002912640
12922,99,Gyroscope,-0.058917947000000005,0.05901569999999999,-0.029364292,1550002912649
12923,99,Accelerometer,0.050278235,1.2366052,9.618706,1550002912650
12924,99,Gyroscope,-0.034483336,0.012589939,-0.020201313999999998,1550002912659
12925,99,Accelerometer,0.2896984,1.5717934,10.781089999999999,1550002912660
12926,99,Gyroscope,0.02354886,-0.039944474,0.0054550273,1550002912669
12927,99,Accelerometer,1.1552023,0.45370123,10.817003,1550002912669
12928,99,Gyroscope,0.031490106000000004,-0.01734246,0.021948388,1550002912679
12929,99,Accelerometer,1.2473791,1.3467385,8.98903,1550002912680
12930,99,Gyroscope,-0.035705067,0.0058704205,0.03966348,1550002912689
12931,99,Accelerometer,0.90500826,2.3582888,9.508572000000001,1550002912690
12932,99,Gyroscope,0.010720688999999999,-0.0075686146,0.0323331,1550002912699
12933,99,Accelerometer,1.0809821000000002,1.067814,10.692505,1550002912700
12934,99,Gyroscope,0.03210097,-0.030781494,0.02317012,1550002912709
12935,99,Accelerometer,1.2677298000000001,2.3247697,10.226832,1550002912710
12936,99,Gyroscope,-0.011881325,-0.025894572999999997,0.04577213,1550002912719
12937,99,Accelerometer,0.60453594,1.5526398000000001,9.625888,1550002912719
12938,99,Gyroscope,0.022327128999999998,-0.016120728,0.031111367,1550002912729
12939,99,Accelerometer,0.48003745,1.4209588,10.199299,1550002912729
12940,99,Gyroscope,0.061422504,-0.010012077,0.07387193,1550002912740
12941,99,Accelerometer,-0.39264908,1.2785037000000001,9.8677025,1550002912740
12942,99,Gyroscope,-0.008216133,-0.014898999,0.062265493,1550002912749
12943,99,Accelerometer,0.2908955,1.4377182,9.5971575,1550002912750
12944,99,Gyroscope,0.02721405,-0.039944474,0.061654627000000004,1550002912759
12945,99,Accelerometer,-0.20350714,0.9624690999999999,9.339781,1550002912760
12946,99,Gyroscope,0.0021685753,0.021752916,0.032943964,1550002912769
12947,99,Accelerometer,-0.36391866,0.7194576,9.700109,1550002912769
12948,99,Gyroscope,0.00033598019999999995,0.016865995,0.03722002,1550002912779
12949,99,Accelerometer,-0.18435353,0.3866636,9.634267999999999,1550002912779
12950,99,Gyroscope,0.021105397,0.023585513,0.0036224315000000003,1550002912789
12951,99,Accelerometer,-0.31483752,0.39743748,10.110714,1550002912790
12952,99,Gyroscope,-0.0033292117999999997,0.022974647999999997,-0.013481795,1550002912799
12953,99,Accelerometer,0.7110779,0.25737667,9.7084875,1550002912800
12954,99,Gyroscope,-0.012492188999999999,0.026028972,-0.025699101000000002,1550002912809
12955,99,Accelerometer,1.0283096,1.0666169,10.207678999999999,1550002912810
12956,99,Gyroscope,-0.0057726726,0.009535611,-0.031196889,1550002912819
12957,99,Accelerometer,1.5885528,0.44891283,10.061633,1550002912820
12958,99,Gyroscope,-0.016157383,-0.013066402,-0.04891198,1550002912829
12959,99,Accelerometer,1.5658079,0.5482722,10.038888,1550002912829
12960,99,Gyroscope,-0.0076052677,-0.039333608,-0.05013371,1550002912839
12961,99,Accelerometer,1.7286136000000003,0.6823475,9.951499,1550002912839
12962,99,Gyroscope,-0.0076052677,-0.05277264,-0.048301116,1550002912849
12963,99,Accelerometer,1.8782511999999998,0.33159694,10.139444000000001,1550002912850
12964,99,Gyroscope,0.011942419,-0.05582697,-0.047079384,1550002912860
12965,99,Accelerometer,1.4784195,0.2825158,9.578004,1550002912860
12966,99,Gyroscope,-0.0014966168,-0.042998800000000004,-0.06968139999999999,1550002912869
12967,99,Accelerometer,1.4185646,1.0031705,10.334572,1550002912870
12968,99,Gyroscope,0.004612036,-0.057048699999999994,-0.04769025,1550002912879
12969,99,Accelerometer,1.2569559,1.1420341999999999,10.150217999999999,1550002912880
12970,99,Gyroscope,-0.012492188999999999,-0.057659565999999995,-0.06845967,1550002912889
12971,99,Accelerometer,0.2621651,1.0043676,8.985439,1550002912889
12972,99,Gyroscope,0.026603185,-0.066822544,-0.0678488,1550002912899
12973,99,Accelerometer,0.6572084,0.9959879,6.9743094,1550002912899
12974,99,Gyroscope,0.090133175,0.03885714,-0.07090313,1550002912910
12975,99,Accelerometer,0.5530606,2.598906,10.070012,1550002912910
12976,99,Gyroscope,-0.08396342400000001,0.11826963,-0.07029226400000001,1550002912919
12977,99,Accelerometer,-1.2785037000000001,0.7541734999999999,12.460623,1550002912920
12978,99,Gyroscope,-0.016768249,0.0034269579,-0.056853227,1550002912929
12979,99,Accelerometer,1.7681179,2.1763293999999997,12.053609,1550002912930
12980,99,Gyroscope,0.08402452,-0.07048774,-0.035472944,1550002912939
12981,99,Accelerometer,2.4301147000000003,1.4053963,8.354567,1550002912940
12982,99,Gyroscope,-0.055252752999999995,-0.017953325,-0.062351014,1550002912949
12983,99,Accelerometer,1.2378023,1.5502456,8.911219000000001,1550002912949
12984,99,Gyroscope,0.020494534,0.0034269579,-0.035472944,1550002912959
12985,99,Accelerometer,1.8519150000000002,0.9816226999999998,10.070012,1550002912960
12986,99,Gyroscope,0.0076663624,-0.025283707000000002,-0.017757852,1550002912970
12987,99,Accelerometer,2.3690627,0.22266077,10.007763,1550002912970
12988,99,Gyroscope,-0.031429015,-0.07598552,-0.05257717,1550002912979
12989,99,Accelerometer,3.1028854999999997,1.127669,10.092757,1550002912980
12990,99,Gyroscope,0.008277228000000001,-0.09492235,-0.06845967,1550002912989
12991,99,Accelerometer,2.8299465,0.30286652,9.491813,1550002912990
12992,99,Gyroscope,-0.019822573,-0.10164186,-0.055631495999999996,1550002912999
12993,99,Accelerometer,1.5047556999999998,1.8626889,10.431536999999999,1550002912999
12994,99,Gyroscope,0.021716263,-0.098587535,-0.05013371,1550002913009
12995,99,Accelerometer,2.2158337,0.9959879,9.779117,1550002913009
12996,99,Gyroscope,0.019883668,-0.08881369,-0.019590449,1550002913019
12997,99,Accelerometer,1.1599906999999998,1.5286977,9.768343,1550002913020
12998,99,Gyroscope,-0.0137139205,0.014422532,-0.012260064499999999,1550002913030
12999,99,Accelerometer,0.6955156,1.3910311000000002,8.987833,1550002913030
13000,99,Gyroscope,-0.094959,0.008313879,-0.045246787000000004,1550002913039
13001,99,Accelerometer,-0.4141969,2.2397757,9.601946,1550002913040
13002,99,Gyroscope,0.0052229017,-0.011844671999999999,-0.04646852,1550002913049
13003,99,Accelerometer,-0.48362875,1.3563153000000001,10.988189,1550002913050
13004,99,Gyroscope,-0.0014966168,-0.01978592,-0.02447737,1550002913059
13005,99,Accelerometer,-0.35913026,1.1719618,8.931569,1550002913060
13006,99,Gyroscope,-0.07541131,0.027250702999999998,-0.071513996,1550002913069
13007,99,Accelerometer,0.7314286,2.6719291000000003,9.251195,1550002913069
13008,99,Gyroscope,-0.04547891,0.043744065,-0.007984008,1550002913079
13009,99,Accelerometer,0.9612719999999999,0.58418524,9.965864,1550002913080
13010,99,Gyroscope,-0.03814853,-0.0032925587,0.0024007012,1550002913090
13011,99,Accelerometer,0.47405192,1.3144168,11.04565,1550002913090
13012,99,Gyroscope,-0.016768249,-0.012455538,-0.021423044,1550002913099
13013,99,Accelerometer,2.15957,0.46088383,9.386467999999999,1550002913100
13014,99,Gyroscope,-0.038759395,-0.025894572999999997,-0.01287093,1550002913110
13015,99,Accelerometer,2.8850130000000003,1.6903063999999999,9.682152,1550002913110
13016,99,Gyroscope,-0.005161807,-0.025894572999999997,0.028667906,1550002913119
13017,99,Accelerometer,2.5091232999999997,1.3563153000000001,9.500193,1550002913120
13018,99,Gyroscope,0.0033903066,-0.05216177599999999,0.0005681054,1550002913129
13019,99,Accelerometer,3.2860417,0.9864110999999999,9.836577,1550002913130
13020,99,Gyroscope,0.026603185,-0.058881298,-0.014703525,1550002913139
13021,99,Accelerometer,2.4648306,1.2617443000000002,9.827001,1550002913140
13022,99,Gyroscope,0.008277228000000001,-0.05460524,0.014007141,1550002913149
13023,99,Accelerometer,1.0702082,0.9840169,9.933542999999998,1550002913150
13024,99,Gyroscope,-0.035705067,-0.038111877,-0.02325564,1550002913159
13025,99,Accelerometer,1.3060371000000002,1.1791444,10.657789,1550002913160
13026,99,Gyroscope,0.018051071000000002,-0.068044275,-0.005540547,1550002913169
13027,99,Accelerometer,0.93613285,0.80564886,10.176555,1550002913170
13028,99,Gyroscope,0.02354886,-0.08209418,-0.022644775,1550002913179
13029,99,Accelerometer,0.4285621,0.7589619000000001,9.479841,1550002913180
13030,99,Gyroscope,0.038209625,-0.061324757,-0.022644775,1550002913189
13031,99,Accelerometer,0.14724341,1.1288661,9.033323,1550002913189
13032,99,Gyroscope,0.060200773,-0.053994372,-0.009205738,1550002913199
13033,99,Accelerometer,0.48123455,0.7110779,9.508572000000001,1550002913200
13034,99,Gyroscope,0.03882049,-0.028338033999999998,0.008509354,1550002913210
13035,99,Accelerometer,0.4357447,1.1300632,9.372103,1550002913210
13036,99,Gyroscope,0.042485684,0.01747686,-0.017146988000000002,1550002913219
13037,99,Accelerometer,-0.9911995000000001,1.7441759,10.984597,1550002913219
13038,99,Gyroscope,-0.06563746,0.022974647999999997,-0.015925256999999998,1550002913229
13039,99,Accelerometer,0.45250413,0.18794483,13.700819000000001,1550002913230
13040,99,Gyroscope,-0.06319401,-0.16333926,-0.04402506,1550002913239
13041,99,Accelerometer,2.1404164,-0.22505496,9.467871,1550002913240
13042,99,Gyroscope,0.09868529,-0.15051109,-0.10694418,1550002913249
13043,99,Accelerometer,2.0362685000000003,2.9724014,7.042544400000001,1550002913249
13044,99,Gyroscope,-0.11450669,-0.026505437000000003,-0.06051842,1550002913259
13045,99,Accelerometer,1.1947067,0.9732430000000001,8.169016000000001,1550002913260
13046,99,Gyroscope,-0.13833043,-0.025894572999999997,-0.06662707,1550002913269
13047,99,Accelerometer,0.6955156,0.8678981,11.784261,1550002913269
13048,99,Gyroscope,0.08280279,-0.11752436,-0.07823351,1550002913279
13049,99,Accelerometer,2.0685901999999996,1.1815386,11.043256,1550002913280
13050,99,Gyroscope,0.008888093,-0.13768291,-0.07334659,1550002913289
13051,99,Accelerometer,1.9273324,0.22385786,7.6734165999999995,1550002913290
13052,99,Gyroscope,-0.05830708,-0.09431147599999999,-0.11183110000000002,1550002913299
13053,99,Accelerometer,0.6847416999999999,1.5310919,9.583989,1550002913299
13054,99,Gyroscope,0.06081164,-0.1169135,-0.0837313,1550002913310
13055,99,Accelerometer,1.1755531000000001,1.8459294999999998,10.748769,1550002913310
13056,99,Gyroscope,0.060200773,-0.1150809,-0.009816604,1550002913319
13057,99,Accelerometer,1.5765818,-0.30406362,8.643068,1550002913319
13058,99,Gyroscope,-0.06136141,-0.058270432000000004,-0.08983995,1550002913330
13059,99,Accelerometer,-0.8810662,1.8004397,10.295067,1550002913330
13060,99,Gyroscope,-0.01127046,-0.025894572999999997,-0.018979583,1550002913339
13061,99,Accelerometer,1.6998832,1.3634979,9.574411999999999,1550002913339
13062,99,Gyroscope,-0.06991352,-0.05216177599999999,-0.06296188,1550002913350
13063,99,Accelerometer,-0.6512229,1.4580688,9.100361,1550002913350
13064,99,Gyroscope,-0.07724389999999999,-0.047885723,-0.11488543,1550002913359
13065,99,Accelerometer,-0.33399114,0.51116204,9.621099000000001,1550002913360
13066,99,Gyroscope,-0.01127046,-0.021618515,-0.09594861,1550002913369
13067,99,Accelerometer,0.45609543,1.6484078000000002,9.922769,1550002913370
13068,99,Gyroscope,-0.008216133,0.013811666499999998,-0.055020634000000006,1550002913379
13069,99,Accelerometer,-0.06823475,0.8487445,9.628283,1550002913379
13070,99,Gyroscope,-0.046089776,0.0034269579,-0.078844376,1550002913390
13071,99,Accelerometer,-0.038307227,1.4544774999999999,10.380061,1550002913390
13072,99,Gyroscope,0.036987893,-0.008790346,-0.026309965,1550002913399
13073,99,Accelerometer,1.484405,0.9576806999999999,9.738416,1550002913399
13074,99,Gyroscope,-0.026542092000000003,-0.008790346,-0.015314391,1550002913409
13075,99,Accelerometer,0.9864110999999999,1.2413936,9.382876,1550002913410
13076,99,Gyroscope,-0.052198432,-0.02100765,-0.013481795,1550002913419
13077,99,Accelerometer,1.258153,1.1264718999999999,9.975441,1550002913420
13078,99,Gyroscope,0.06692029,-0.047885723,0.028667906,1550002913429
13079,99,Accelerometer,2.0841526999999997,1.1228806,9.908403,1550002913430
13080,99,Gyroscope,0.04615087,-0.047274857999999996,0.026835311,1550002913439
13081,99,Accelerometer,1.3551182,1.3156139,8.92319,1550002913440
13082,99,Gyroscope,0.010720688999999999,-0.035057552,0.05126992,1550002913449
13083,99,Accelerometer,1.2042834999999998,1.6089035,10.151415,1550002913450
13084,99,Gyroscope,0.047372602,-0.06865514,0.046993863,1550002913460
13085,99,Accelerometer,1.292869,1.1324573999999998,10.590752,1550002913460
13086,99,Gyroscope,0.018661937,-0.07048774,0.053102515999999995,1550002913469
13087,99,Accelerometer,0.91578215,0.8367735000000001,9.539697,1550002913470
13088,99,Gyroscope,-0.01127046,-0.038722742000000004,0.02317012,1550002913480
13089,99,Accelerometer,1.2366052,1.079785,9.308656,1550002913480
13090,99,Gyroscope,0.02721405,-0.010622941,0.02927877,1550002913489
13091,99,Accelerometer,0.037110128,1.1168951,9.181764,1550002913489
13092,99,Gyroscope,-0.02165517,-0.005125154,0.018283198,1550002913500
13093,99,Accelerometer,-0.077811554,1.3611037,9.859323,1550002913500
13094,99,Gyroscope,0.018661937,-0.02222938,0.015839735,1550002913510
13095,99,Accelerometer,0.79607207,1.2066777,9.944317,1550002913510
13096,99,Gyroscope,0.011942419,-0.013066402,0.044550404,1550002913519
13097,99,Accelerometer,-0.11492168,1.2425906999999998,9.2069025,1550002913519
13098,99,Gyroscope,-0.13283265,-0.021618515,-0.004929682,1550002913530
13099,99,Accelerometer,0.019153614,3.2441432,14.174871,1550002913530
13100,99,Gyroscope,-0.094959,-0.032003224,0.042717807000000003,1550002913539
13101,99,Accelerometer,-1.1372458,-0.12449849,13.356054,1550002913540
13102,99,Gyroscope,-0.08274169,-0.20182377,0.05249165,1550002913549
13103,99,Accelerometer,-0.415394,2.1894975,12.656947,1550002913550
13104,99,Gyroscope,0.07974846,-0.19876945,-0.03486208,1550002913559
13105,99,Accelerometer,4.3742065000000006,0.79008657,7.1155677,1550002913560
13106,99,Gyroscope,0.03210097,-0.021618515,0.030500501,1550002913569
13107,99,Accelerometer,0.8726865,2.0266917,4.546589,1550002913570
13108,99,Gyroscope,-0.03937026,0.10910665,0.04760473,1550002913579
13109,99,Accelerometer,-0.7182605,0.7182605,7.012616599999999,1550002913580
13110,99,Gyroscope,0.0650877,0.0431332,0.03844175,1550002913589
13111,99,Accelerometer,0.1412579,1.0522517,11.771092,1550002913589
13112,99,Gyroscope,0.021105397,-0.00023823230999999999,0.05554598,1550002913600
13113,99,Accelerometer,0.0035913025,1.1049241,11.723208,1550002913600
13114,99,Gyroscope,-0.012492188999999999,0.028472435,0.015228872,1550002913609
13115,99,Accelerometer,-0.05865794,0.8678981,8.948329,1550002913610
13116,99,Gyroscope,-0.032650746,0.09444588,0.05004819,1550002913619
13117,99,Accelerometer,-1.7405846,1.9416976000000001,8.427589999999999,1550002913620
13118,99,Gyroscope,-0.085185155,0.17263663,0.050659052999999996,1550002913630
13119,99,Accelerometer,-0.8643068000000002,1.5478513999999999,7.9810715,1550002913630
13120,99,Gyroscope,-0.11450669,0.19340605,0.01156368,1550002913639
13121,99,Accelerometer,-0.2896984,2.64679,9.052477,1550002913640
13122,99,Gyroscope,0.008277228000000001,0.14087164,0.08547837,1550002913649
13123,99,Accelerometer,-0.736217,2.4875755,10.351331,1550002913649
13124,99,Gyroscope,-0.017989976,0.13903904,0.06043289599999999,1550002913659
13125,99,Accelerometer,1.30484,1.5610195,10.28549,1550002913660
13126,99,Gyroscope,-0.026542092000000003,0.12193482,0.080591455,1550002913669
13127,99,Accelerometer,1.3204023,1.1552023,10.480618,1550002913670
13128,99,Gyroscope,0.016218476000000003,0.09444588,0.062265493,1550002913679
13129,99,Accelerometer,1.9608511999999998,0.81881696,9.696517,1550002913679
13130,99,Gyroscope,-0.03387247,0.034581087999999996,0.09586308,1550002913690
13131,99,Accelerometer,2.2816741,1.2234371000000002,9.855731,1550002913690
13132,99,Gyroscope,-0.024709495,-0.0014599635999999999,0.09586308,1550002913699
13133,99,Accelerometer,1.7537526999999997,0.93972415,9.399636,1550002913700
13134,99,Gyroscope,0.018661937,-0.006346885,0.09341962,1550002913709
13135,99,Accelerometer,1.1288661,0.6560113000000001,9.709685,1550002913710
13136,99,Gyroscope,0.033322702999999995,0.0058704205,0.10197174,1550002913719
13137,99,Accelerometer,1.0905589,1.1156979999999999,10.488997,1550002913720
13138,99,Gyroscope,0.004612036,0.004648689,0.10319347,1550002913729
13139,99,Accelerometer,0.41180268,0.7158663000000001,10.456676,1550002913730
13140,99,Gyroscope,0.02721405,-0.022840247,0.06409809,1550002913739
13141,99,Accelerometer,0.9756372,0.4381389,9.919178,1550002913740
13142,99,Gyroscope,0.036377028,-0.005125154,0.053102515999999995,1550002913749
13143,99,Accelerometer,1.2054806,0.5351041,8.949525999999999,1550002913750
13144,99,Gyroscope,-0.015546517,0.0571831,0.043328673,1550002913759
13145,99,Accelerometer,-0.41299978,-0.12689269,9.665392,1550002913760
13146,99,Gyroscope,-0.06441574,0.07734165,0.021337522,1550002913769
13147,99,Accelerometer,0.19512744,0.50637364,10.19092,1550002913770
13148,99,Gyroscope,0.025992319,0.033970222,-0.04402506,1550002913779
13149,99,Accelerometer,0.45968673,0.8367735000000001,9.491813,1550002913779
13150,99,Gyroscope,-0.033261612,0.05168531,-0.08006611,1550002913790
13151,99,Accelerometer,0.3878607,0.023942016,8.882488,1550002913790
13152,99,Gyroscope,-0.09007207,0.085893765,-0.116718024,1550002913799
13153,99,Accelerometer,-0.01316811,0.12928689,10.287885000000001,1550002913800
13154,99,Gyroscope,-0.018600842,0.07917425,-0.13321137,1550002913809
13155,99,Accelerometer,0.6715736,-0.17717093,10.155006,1550002913809
13156,99,Gyroscope,-0.07480045,0.07245473,-0.16131118,1550002913820
13157,99,Accelerometer,0.9600749,0.038307227,10.217255999999999,1550002913820
13158,99,Gyroscope,-0.046089776,0.057793967,-0.20162828,1550002913829
13159,99,Accelerometer,1.1288661,0.17238252,10.150217999999999,1550002913830
13160,99,Gyroscope,-0.01004873,0.041300602,-0.21140213,1550002913839
13161,99,Accelerometer,1.3994108,0.6584055,9.490616000000001,1550002913839
13162,99,Gyroscope,-0.059528813,0.05046358,-0.22789548,1550002913850
13163,99,Accelerometer,1.3251906999999998,0.36152446,9.64145,1550002913850
13164,99,Gyroscope,-0.014324786,0.030305027999999998,-0.24683231,1550002913859
13165,99,Accelerometer,1.3431472,0.89902276,10.075998,1550002913860
13166,99,Gyroscope,0.016829342,0.021752916,-0.23461501,1550002913869
13167,99,Accelerometer,1.6603789,0.9588778,9.415198,1550002913869
13168,99,Gyroscope,-0.033261612,0.020531185,-0.22484116,1550002913880
13169,99,Accelerometer,1.6280571000000001,1.2282255,9.623494,1550002913880
13170,99,Gyroscope,-0.0137139205,0.013200805,-0.23156068,1550002913889
13171,99,Accelerometer,1.2150573999999998,1.3599066,10.055647,1550002913890
13172,99,Gyroscope,0.0040011713,0.004648689,-0.21018040000000002,1550002913899
13173,99,Accelerometer,1.0809821000000002,1.246182,9.281123,1550002913899
13174,99,Gyroscope,0.03210097,0.014422532,-0.16497637,1550002913910
13175,99,Accelerometer,1.3072342,1.2916718999999999,7.6267295,1550002913910
13176,99,Gyroscope,0.08707885,0.06329175,-0.14420696,1550002913919
13177,99,Accelerometer,1.1109096,1.2797008,6.0226144999999995,1550002913920
13178,99,Gyroscope,-0.07052439,0.19707125,-0.14481781,1550002913929
13179,99,Accelerometer,0.46088383,3.0322563999999996,10.261548,1550002913929
13180,99,Gyroscope,-0.057696215999999995,0.25876862,-0.09045081599999999,1550002913939
13181,99,Accelerometer,-1.3431472,-0.027533319,10.765528,1550002913940
13182,99,Gyroscope,-0.0027183462,0.12010222,-0.10327899,1550002913949
13183,99,Accelerometer,-0.32202014,1.7741034,13.287820000000002,1550002913950
13184,99,Gyroscope,0.0492052,0.07489819,-0.13748743,1550002913959
13185,99,Accelerometer,2.4277205000000004,0.6799533,9.400833,1550002913959
13186,99,Gyroscope,-0.11817187,0.116437025,-0.051966306,1550002913969
13187,99,Accelerometer,0.092176765,2.1535845,9.678560000000001,1550002913970
13188,99,Gyroscope,-0.06747006,0.17141491,-0.0678488,1550002913979
13189,99,Accelerometer,1.2641385,-0.5566519,9.0476885,1550002913980
13190,99,Gyroscope,-0.044868045,0.16408452,-0.055631495999999996,1550002913989
13191,99,Accelerometer,0.6596026,0.25737667,11.316195,1550002913990
13192,99,Gyroscope,-0.094959,0.1500346,-0.13870916,1550002913999
13193,99,Accelerometer,2.1440077,-0.36391866,9.765948,1550002913999
13194,99,Gyroscope,-0.056474485,0.07367646,-0.1643655,1550002914010
13195,99,Accelerometer,1.6735470000000001,1.0378863999999999,10.670957000000001,1550002914010
13196,99,Gyroscope,0.047983468,0.024807245,-0.097781196,1550002914019
13197,99,Accelerometer,1.6603789,-0.8595184000000001,10.131064,1550002914020
13198,99,Gyroscope,0.014385881000000001,0.011368208000000001,-0.08678562,1550002914029
13199,99,Accelerometer,2.4229321,-0.45609543,10.070012,1550002914030
13200,99,Gyroscope,0.06753115,-0.038111877,-0.06357274,1550002914040
13201,99,Accelerometer,2.2577322,1.4341268999999999,10.359711,1550002914040
13202,99,Gyroscope,0.059589908,-0.044831395,-0.045857653,1550002914049
13203,99,Accelerometer,1.8531121,0.47764325,10.016143,1550002914050
13204,99,Gyroscope,-0.027152957000000002,-0.036279282999999996,-0.053798902999999995,1550002914059
13205,99,Accelerometer,1.1911154,1.0378863999999999,10.152613,1550002914059
13206,99,Gyroscope,-0.022876898,-0.058270432000000004,-0.06357274,1550002914069
13207,99,Accelerometer,1.5131354,0.79846627,9.933542999999998,1550002914070
13208,99,Gyroscope,0.010109824,-0.06865514,-0.116718024,1550002914079
13209,99,Accelerometer,1.3730746999999999,1.541866,10.109517,1550002914080
13210,99,Gyroscope,-0.014935651999999999,-0.039333608,-0.12832445,1550002914089
13211,99,Accelerometer,0.03232172,0.7350199000000001,8.331821000000001,1550002914090
13212,99,Gyroscope,-0.02898555,-0.009401211500000001,-0.15336993,1550002914099
13213,99,Accelerometer,-0.44771573,1.3551182,9.674969,1550002914100
13214,99,Gyroscope,0.008277228000000001,0.008924745,-0.1643655,1550002914109
13215,99,Accelerometer,0.25857377,1.7214310000000002,9.870096,1550002914110
13216,99,Gyroscope,-0.040591992,-0.0014599635999999999,-0.16008945,1550002914119
13217,99,Accelerometer,0.5566519,0.8595184000000001,9.271546,1550002914120
13218,99,Gyroscope,-0.034483336,0.0028160921999999997,-0.13748743,1550002914129
13219,99,Accelerometer,0.44891283,1.6304513,10.357317,1550002914129
13220,99,Gyroscope,-0.00027488545,0.0034269579,-0.13015705,1550002914140
13221,99,Accelerometer,1.5346833,0.62847793,8.720880000000001,1550002914140
13222,99,Gyroscope,-0.025931226,0.005259555,-0.17169589,1550002914149
13223,99,Accelerometer,0.4165911,1.6591818,9.765948,1550002914150
13224,99,Gyroscope,-0.016768249,-0.00023823230999999999,-0.16497637,1550002914159
13225,99,Accelerometer,1.1587936,0.5602431999999999,9.828198,1550002914159
13226,99,Gyroscope,-0.03509419999999999,-0.005125154,-0.14787214,1550002914169
13227,99,Accelerometer,1.4077905000000002,1.3730746999999999,10.437522,1550002914170
13228,99,Gyroscope,-0.01127046,-0.030170628999999997,-0.17230675,1550002914179
13229,99,Accelerometer,0.61052144,0.4345476,9.852139999999999,1550002914180
13230,99,Gyroscope,-0.035705067,-0.02222938,-0.18513492,1550002914189
13231,99,Accelerometer,1.1300632,1.0534488000000002,10.117896,1550002914190
13232,99,Gyroscope,0.041263953,-0.05460524,-0.16131118,1550002914199
13233,99,Accelerometer,1.4820108,1.0486604,9.027337,1550002914200
13234,99,Gyroscope,0.02477059,-0.027727167999999996,-0.18146972,1550002914209
13235,99,Accelerometer,0.272939,1.5622166000000002,9.829395,1550002914210
13236,99,Gyroscope,-0.032650746,-0.035668418,-0.1503156,1550002914219
13237,99,Accelerometer,0.2873042,0.7781156,10.637438000000001,1550002914220
13238,99,Gyroscope,-0.0063835381999999994,-0.06498995,-0.12160494,1550002914229
13239,99,Accelerometer,0.82480246,1.0773908,10.456676,1550002914230
13240,99,Gyroscope,0.024159724,-0.07232033,-0.13504398,1550002914239
13241,99,Accelerometer,0.80086046,1.411382,9.244013,1550002914240
13242,99,Gyroscope,-0.030207282000000002,-0.04849659,-0.13932003,1550002914249
13243,99,Accelerometer,0.2657564,1.1647792,9.120711,1550002914250
13244,99,Gyroscope,0.0052229017,-0.03750101,-0.13015705,1550002914259
13245,99,Accelerometer,0.7745243,1.2366052,11.030087,1550002914260
13246,99,Gyroscope,-0.11328496,-0.049718317000000005,-0.12832445,1550002914269
13247,99,Accelerometer,-0.33039984,0.9732430000000001,11.713632,1550002914270
13248,99,Gyroscope,-0.009437865,-0.13829377,-0.07823351,1550002914279
13249,99,Accelerometer,2.005144,-0.16519992,9.842564,1550002914279
13250,99,Gyroscope,0.05348126,-0.12851994,-0.12160494,1550002914289
13251,99,Accelerometer,0.5554548,1.0977415000000001,7.5800424,1550002914290
13252,99,Gyroscope,-0.10961977,-0.030781494,-0.08983995,1550002914299
13253,99,Accelerometer,0.5386954,1.0055646999999999,9.187749,1550002914300
13254,99,Gyroscope,-0.076633036,-0.049718317000000005,-0.07517918,1550002914309
13255,99,Accelerometer,-0.061052144,0.6799533,11.176133,1550002914310
13256,99,Gyroscope,0.028435782000000003,-0.09003542,-0.12343754,1550002914319
13257,99,Accelerometer,-0.14604631,0.8319851,10.251971000000001,1550002914319
13258,99,Gyroscope,0.0009468458599999999,-0.08881369,-0.11305283,1550002914330
13259,99,Accelerometer,0.6452374,1.0007763,9.355343,1550002914330
13260,99,Gyroscope,-0.029596416,-0.079650715,-0.078844376,1550002914339
13261,99,Accelerometer,1.2186487,1.3012487,10.240001,1550002914340
13262,99,Gyroscope,0.0650877,-0.10408532599999999,-0.06968139999999999,1550002914349
13263,99,Accelerometer,1.3862427,1.6053122,9.712079,1550002914349
13264,99,Gyroscope,0.074250676,-0.12668735,-0.035472944,1550002914360
13265,99,Accelerometer,1.4999673,1.6543933000000002,9.64145,1550002914360
13266,99,Gyroscope,0.103572205,-0.15967405,0.04760473,1550002914369
13267,99,Accelerometer,1.4760253,1.8363526999999997,10.658986,1550002914370
13268,99,Gyroscope,0.0632551,-0.17311311,0.1380128,1550002914379
13269,99,Accelerometer,1.1504139,1.3934253,11.142614,1550002914379
13270,99,Gyroscope,-0.0008857511,-0.17861089,0.06959588,1550002914389
13271,99,Accelerometer,2.1260512,1.8064252,9.764750999999999,1550002914390
13272,99,Gyroscope,0.11029173,-0.17861089,0.09647395,1550002914399
13273,99,Accelerometer,0.0023942017,1.7753005000000002,9.508572000000001,1550002914400
13274,99,Gyroscope,-0.00027488545,-0.10836138,-0.015314391,1550002914409
13275,99,Accelerometer,-0.20111294,0.6943185000000001,7.7248917,1550002914410
13276,99,Gyroscope,-0.008826999,-0.09797667,-0.026309965,1550002914419
13277,99,Accelerometer,-1.2605472,1.6388310000000001,8.852561,1550002914420
13278,99,Gyroscope,0.08952231,-0.07476379,-0.04891198,1550002914429
13279,99,Accelerometer,-1.0295067,-0.13407529999999998,9.883265,1550002914430
13280,99,Gyroscope,0.0076663624,-0.06926601,-0.049522847,1550002914439
13281,99,Accelerometer,-1.4556746,1.7369933000000002,8.907627,1550002914440
13282,99,Gyroscope,-0.06319401,-0.059492163,-0.038527273,1550002914449
13283,99,Accelerometer,-0.36032736,1.210269,9.76954,1550002914449
13284,99,Gyroscope,0.058368175999999994,-0.055216104,-0.010427468,1550002914460
13285,99,Accelerometer,-0.5315128,1.0319009,10.535685,1550002914460
13286,99,Gyroscope,-0.0021074805,-0.034446687000000004,0.0054550273,1550002914469
13287,99,Accelerometer,0.30645782,1.4939818,8.841787,1550002914470
13288,99,Gyroscope,-0.043035455,-0.005125154,0.020726658000000002,1550002914479
13289,99,Accelerometer,1.3634979,1.8830396,9.42238,1550002914479
13290,99,Gyroscope,0.006444632,-0.030781494,0.06531982,1550002914490
13291,99,Accelerometer,1.6591818,1.8136078000000002,11.131841,1550002914490
13292,99,Gyroscope,0.022327128999999998,-0.07354206,0.07814799,1550002914499
13293,99,Accelerometer,1.8447324,1.8435352999999999,10.672153999999999,1550002914500
13294,99,Gyroscope,-0.014324786,-0.09370062,0.07326107,1550002914509
13295,99,Accelerometer,2.220622,1.5861586,10.984597,1550002914509
13296,99,Gyroscope,0.035766162000000004,-0.13340685,0.06654155,1550002914519
13297,99,Accelerometer,1.8854338,0.5614403,10.339360000000001,1550002914520
13298,99,Gyroscope,0.038209625,-0.14684589,0.041496076,1550002914529
13299,99,Accelerometer,1.4903905000000002,0.41299978,9.727641,1550002914530
13300,99,Gyroscope,0.043096546,-0.16517186,-0.005540547,1550002914539
13301,99,Accelerometer,1.6280571000000001,0.26336220000000005,9.217675999999999,1550002914540
13302,99,Gyroscope,0.058368175999999994,-0.17555657,-0.04769025,1550002914549
13303,99,Accelerometer,1.2892777,0.6715736,9.715671,1550002914550
13304,99,Gyroscope,0.016218476000000003,-0.15661973,-0.06540534,1550002914559
13305,99,Accelerometer,1.0881646999999999,0.5590460999999999,9.325416,1550002914560
13306,99,Gyroscope,-0.0027183462,-0.14990023,-0.051966306,1550002914569
13307,99,Accelerometer,0.8726865,0.82480246,9.637858999999999,1550002914570
13308,99,Gyroscope,0.031490106000000004,-0.13096339,-0.04463592,1550002914579
13309,99,Accelerometer,0.5614403,0.79367787,8.592789999999999,1550002914580
13310,99,Gyroscope,0.021105397,-0.1150809,-0.018979583,1550002914589
13311,99,Accelerometer,0.7338228,1.1156979999999999,8.371326,1550002914590
13312,99,Gyroscope,-0.041813724,-0.043609664000000006,-0.013481795,1550002914599
13313,99,Accelerometer,-0.39983168,0.9672575000000001,10.426748,1550002914600
13314,99,Gyroscope,-0.07541131,-0.06987687,-0.000653625,1550002914609
13315,99,Accelerometer,0.688333,0.8786719999999999,11.09473,1550002914610
13316,99,Gyroscope,0.047372602,-0.14806762,-0.009205738,1550002914620
13317,99,Accelerometer,2.3642743,0.5662286999999999,7.3178773,1550002914620
13318,99,Gyroscope,-0.005161807,-0.056437835,-0.051966306,1550002914629
13319,99,Accelerometer,0.7589619000000001,1.7489643,8.012196000000001,1550002914630
13320,99,Gyroscope,-0.08151996,0.028472435,-0.057464093,1550002914639
13321,99,Accelerometer,0.59855044,0.866701,9.995792,1550002914639
13322,99,Gyroscope,0.0058337674,0.016865995,-0.07273573,1550002914650
13323,99,Accelerometer,1.5227122,1.2294226000000001,11.529278999999999,1550002914650
13324,99,Gyroscope,0.021105397,-0.068044275,-0.055020634000000006,1550002914659
13325,99,Accelerometer,2.2266076,0.80325466,9.739613,1550002914660
13326,99,Gyroscope,-0.012492188999999999,-0.07842898,-0.071513996,1550002914669
13327,99,Accelerometer,1.9788077000000002,0.40102878,9.181764,1550002914669
13328,99,Gyroscope,0.035155296,-0.053383507000000004,-0.06968139999999999,1550002914679
13329,99,Accelerometer,1.352724,1.4999673,9.179369,1550002914680
13330,99,Gyroscope,0.0040011713,0.015033398,-0.03608381,1550002914689
13331,99,Accelerometer,1.3862427,0.70509243,8.169016000000001,1550002914690
13332,99,Gyroscope,-0.08762861,0.040689737000000004,-0.06662707,1550002914699
13333,99,Accelerometer,0.47884035,1.2366052,10.618284,1550002914699
13334,99,Gyroscope,0.026603185,0.009535611,-0.10572245,1550002914709
13335,99,Accelerometer,-0.009576807,0.21308395,9.0716305,1550002914710
13336,99,Gyroscope,0.0094989585,0.053517907999999996,-0.08739649,1550002914719
13337,99,Accelerometer,0.5494693,2.2505496,9.048885,1550002914720
13338,99,Gyroscope,-0.05586362,0.08650463,-0.036694676,1550002914729
13339,99,Accelerometer,0.30526072,1.4329298000000001,9.609129,1550002914730
13340,99,Gyroscope,0.013775015,0.074287325,-0.05013371,1550002914739
13341,99,Accelerometer,0.51954174,2.1703438999999998,10.696096,1550002914740
13342,99,Gyroscope,0.036377028,0.04863099,0.009120219,1550002914749
13343,99,Accelerometer,2.2026656000000004,1.8638860000000002,9.659407,1550002914750
13344,99,Gyroscope,-0.041813724,0.039468005,0.031722232999999996,1550002914759
13345,99,Accelerometer,1.9704279999999998,2.112883,9.524135000000001,1550002914760
13346,99,Gyroscope,-0.0063835381999999994,0.030915894,0.017672332,1550002914769
13347,99,Accelerometer,2.3463178,1.4616601,10.465055,1550002914769
13348,99,Gyroscope,-0.0057726726,0.015644263000000002,0.0030115664,1550002914780
13349,99,Accelerometer,2.6300306,1.1994951,9.958682000000001,1550002914780
13350,99,Gyroscope,-0.039981127000000005,0.0034269579,-0.0037079514000000003,1550002914789
13351,99,Accelerometer,2.3403322999999996,1.2378023,10.529699,1550002914790
13352,99,Gyroscope,0.013775015,-0.030781494,-0.019590449,1550002914799
13353,99,Accelerometer,1.6627731,0.23822308,10.474632000000001,1550002914799
13354,99,Gyroscope,0.02354886,-0.053383507000000004,-0.0061514126,1550002914809
13355,99,Accelerometer,1.6891093000000001,0.58298814,9.209297,1550002914810
13356,99,Gyroscope,0.016829342,-0.038722742000000004,0.0017898360000000002,1550002914819
13357,99,Accelerometer,1.4532804,1.127669,9.288305000000001,1550002914819
13358,99,Gyroscope,0.014385881000000001,-0.026505437000000003,0.007898489,1550002914830
13359,99,Accelerometer,1.1839328000000002,0.842759,9.550469999999999,1550002914830
13360,99,Gyroscope,0.02721405,-0.024061977999999998,-0.011649198999999999,1550002914839
13361,99,Accelerometer,0.6440403,0.8846575000000001,9.446322,1550002914840
13362,99,Gyroscope,-0.0057726726,-0.019175055,-0.0043188166,1550002914849
13363,99,Accelerometer,-0.11252748,0.9911995000000001,10.313024,1550002914849
13364,99,Gyroscope,0.014385881000000001,-0.010012077,-0.011649198999999999,1550002914859
13365,99,Accelerometer,0.27174190000000004,0.32680854,9.858125999999999,1550002914860
13366,99,Gyroscope,0.035766162000000004,0.010146476,-0.010427468,1550002914869
13367,99,Accelerometer,-0.0047884034,1.0450690999999999,9.601946,1550002914870
13368,99,Gyroscope,0.035766162000000004,0.02786157,-0.014703525,1550002914879
13369,99,Accelerometer,0.35075054,1.0342950999999998,9.293094,1550002914880
13370,99,Gyroscope,-0.02532036,0.056572236,-0.0140926605,1550002914889
13371,99,Accelerometer,0.31124622,1.1432313,9.589975,1550002914889
13372,99,Gyroscope,-0.031429015,0.049241855999999994,-0.02203391,1550002914900
13373,99,Accelerometer,0.40462008,1.2773066000000002,10.085575,1550002914900
13374,99,Gyroscope,-0.00027488545,0.055350505,-0.038527273,1550002914909
13375,99,Accelerometer,0.7350199000000001,0.1412579,9.441533999999999,1550002914910
13376,99,Gyroscope,-0.037537664,0.046798393,-0.05807496,1550002914919
13377,99,Accelerometer,0.7110779,1.4077905000000002,9.725247,1550002914919
13378,99,Gyroscope,-0.022876898,0.008313879,-0.06845967,1550002914929
13379,99,Accelerometer,1.7501613999999999,0.7661445,10.089166,1550002914930
13380,99,Gyroscope,0.036987893,0.015644263000000002,-0.028142562000000003,1550002914939
13381,99,Accelerometer,2.148796,0.6404489000000001,9.726444,1550002914940
13382,99,Gyroscope,0.013775015,0.051074445,-0.02447737,1550002914949
13383,99,Accelerometer,0.5686229,0.3878607,8.403648,1550002914950
13384,99,Gyroscope,-0.07602217,0.024807245,-0.062351014,1550002914959
13385,99,Accelerometer,1.6891093000000001,1.3275848999999997,10.663774499999999,1550002914959
13386,99,Gyroscope,0.049816065,-0.050329182,-0.051966306,1550002914970
13387,99,Accelerometer,1.9931729,0.30406362,9.096769,1550002914970
13388,99,Gyroscope,0.02354886,0.010146476,-0.06357274,1550002914979
13389,99,Accelerometer,0.3890578,1.2006921999999998,7.6746134999999995,1550002914980
13390,99,Gyroscope,-0.07785477,0.07367646,-0.10877677,1550002914989
13391,99,Accelerometer,0.17717093,1.2497733,8.822633,1550002914990
13392,99,Gyroscope,0.02354886,0.046187527,-0.09106168,1550002914999
13393,99,Accelerometer,-0.39504328,1.614889,10.423157000000002,1550002914999
13394,99,Gyroscope,0.004612036,0.020531185,-0.042192463,1550002915009
13395,99,Accelerometer,-0.16879122,0.6452374,10.232818,1550002915010
13396,99,Gyroscope,-0.02165517,0.020531185,-0.08434217,1550002915019
13397,99,Accelerometer,0.94211835,1.4413095,9.944317,1550002915020
13398,99,Gyroscope,0.0021685753,0.036413684,-0.03730554,1550002915029
13399,99,Accelerometer,0.6500258000000001,1.0642227,8.50181,1550002915029
13400,99,Gyroscope,-0.03203988,0.054128774000000004,-0.04463592,1550002915039
13401,99,Accelerometer,0.61291564,1.4712370000000001,9.783905,1550002915040
13402,99,Gyroscope,-0.047311507,0.08650463,-0.058685824000000004,1550002915049
13403,99,Accelerometer,1.0450690999999999,0.80804306,10.426748,1550002915050
13404,99,Gyroscope,-0.033261612,0.07795252,-0.08067697,1550002915059
13405,99,Accelerometer,1.2856863,0.9708488000000001,10.583569,1550002915060
13406,99,Gyroscope,-0.027763822999999997,0.04557666,-0.05440977,1550002915069
13407,99,Accelerometer,1.5215151000000002,0.43933599999999995,10.512939,1550002915069
13408,99,Gyroscope,-0.013103055,0.013811666499999998,-0.09961379,1550002915080
13409,99,Accelerometer,1.2533646,0.6356605,9.485827,1550002915080
13410,99,Gyroscope,0.025381455,0.009535611,-0.0837313,1550002915089
13411,99,Accelerometer,1.4161704,1.3371617,9.396044999999999,1550002915090
13412,99,Gyroscope,-0.021044305,0.01747686,-0.048301116,1550002915099
13413,99,Accelerometer,1.3311761999999998,0.8858546,10.362105,1550002915099
13414,99,Gyroscope,-0.030207282000000002,-0.019175055,-0.056853227,1550002915109
13415,99,Accelerometer,1.1947067,1.258153,10.575189,1550002915110
13416,99,Gyroscope,0.046761736,-0.059492163,-0.057464093,1550002915120
13417,99,Accelerometer,1.5215151000000002,1.2114661,9.5732155,1550002915120
13418,99,Gyroscope,-0.0063835381999999994,-0.027116302000000002,-0.06662707,1550002915129
13419,99,Accelerometer,0.8631097,1.5298948,9.210494,1550002915130
13420,99,Gyroscope,0.014385881000000001,-0.0014599635999999999,-0.08067697,1550002915139
13421,99,Accelerometer,-0.12808979,0.89902276,9.65821,1550002915139
13422,99,Gyroscope,0.022327128999999998,0.0015943646,-0.07090313,1550002915149
13423,99,Accelerometer,0.39863458,1.271321,9.874885,1550002915150
13424,99,Gyroscope,0.048594332999999997,-0.006346885,-0.051966306,1550002915160
13425,99,Accelerometer,0.41299978,0.8331822,9.14585,1550002915160
13426,99,Gyroscope,0.035766162000000004,0.033359356,-0.055020634000000006,1550002915169
13427,99,Accelerometer,0.02873042,1.0989386,9.443928999999999,1550002915170
13428,99,Gyroscope,-0.010659594,0.05962656400000001,-0.047079384,1550002915179
13429,99,Accelerometer,0.5805939,1.2737153,9.770736999999999,1550002915179
13430,99,Gyroscope,0.010109824,0.06207002,-0.037916407,1550002915189
13431,99,Accelerometer,0.90381116,1.4808137,10.600328,1550002915190
13432,99,Gyroscope,-0.011881325,0.05473964,-0.055020634000000006,1550002915199
13433,99,Accelerometer,0.32202014,1.282095,10.237606,1550002915200
13434,99,Gyroscope,-0.02532036,0.04985272,-0.036694676,1550002915209
13435,99,Accelerometer,0.94810385,1.4867992,10.183736999999999,1550002915210
13436,99,Gyroscope,-0.047311507,0.036413684,-0.016536122,1550002915219
13437,99,Accelerometer,0.90979666,1.1875241,9.868899,1550002915219
13438,99,Gyroscope,0.008888093,0.03885714,-0.045857653,1550002915229
13439,99,Accelerometer,0.51834464,1.2617443000000002,9.568427,1550002915230
13440,99,Gyroscope,-0.014935651999999999,0.06329175,-0.040359866,1550002915240
13441,99,Accelerometer,0.2705448,0.82121116,9.313444,1550002915240
13442,99,Gyroscope,-0.022876898,0.068178676,-0.055631495999999996,1550002915249
13443,99,Accelerometer,-0.2885013,0.90381116,9.661800999999999,1550002915250
13444,99,Gyroscope,0.0040011713,0.07917425,-0.06907053,1550002915259
13445,99,Accelerometer,-0.36032736,1.1348516000000002,10.119094,1550002915259
13446,99,Gyroscope,0.008277228000000001,0.08100685,-0.04769025,1550002915270
13447,99,Accelerometer,0.12569559,0.82360536,9.657013000000001,1550002915270
13448,99,Gyroscope,-0.025931226,0.06512435,-0.023866504,1550002915279
13449,99,Accelerometer,-0.11851298,1.6831238000000002,10.067618,1550002915280
13450,99,Gyroscope,0.029046647000000002,0.046187527,-0.023866504,1550002915289
13451,99,Accelerometer,0.48482585,0.92296475,9.581595,1550002915290
13452,99,Gyroscope,0.04615087,0.04557666,-0.015314391,1550002915299
13453,99,Accelerometer,0.6476316,1.4568716999999998,8.333019,1550002915299
13454,99,Gyroscope,-0.03509419999999999,0.08833723,-0.004929682,1550002915310
13455,99,Accelerometer,0.6811504,2.067393,10.396821000000001,1550002915310
13456,99,Gyroscope,0.0033903066,0.102997996,0.0054550273,1550002915319
13457,99,Accelerometer,-0.06823475,0.5398925,10.447099,1550002915320
13458,99,Gyroscope,0.010109824,0.01747686,0.01156368,1550002915329
13459,99,Accelerometer,-0.009576807,1.5466543,11.128249,1550002915330
13460,99,Gyroscope,0.010109824,0.060848295999999996,-0.022644775,1550002915339
13461,99,Accelerometer,1.4269443000000002,0.45370123,8.967483,1550002915339
13462,99,Gyroscope,-0.07846563,0.11093924,-0.017146988000000002,1550002915350
13463,99,Accelerometer,0.079008654,1.4041992,9.0237465,1550002915350
13464,99,Gyroscope,-0.06380487,0.07795252,-0.009205738,1550002915359
13465,99,Accelerometer,-1.0295067,1.3742718,10.882844,1550002915360
13466,99,Gyroscope,-0.027152957000000002,0.01992032,-0.051966306,1550002915369
13467,99,Accelerometer,0.15203181,1.3120226000000001,11.714828500000001,1550002915370
13468,99,Gyroscope,0.017440207,-0.0075686146,-0.026309965,1550002915379
13469,99,Accelerometer,0.5231331,1.0175357,9.952697,1550002915379
13470,99,Gyroscope,0.03210097,0.0009834989999999999,0.014618006999999999,1550002915390
13471,99,Accelerometer,0.08259996,1.270124,9.350553999999999,1550002915390
13472,99,Gyroscope,-0.027763822999999997,-0.013677267,0.006065893,1550002915399
13473,99,Accelerometer,1.4532804,1.6903063999999999,10.216059,1550002915400
13474,99,Gyroscope,0.0027794409999999997,-0.047274857999999996,0.009731084000000001,1550002915409
13475,99,Accelerometer,1.99437,0.33758244,10.189722,1550002915410
13476,99,Gyroscope,0.01560761,-0.07415293,0.0048441626,1550002915419
13477,99,Accelerometer,1.4652513999999999,1.1504139,10.412383,1550002915419
13478,99,Gyroscope,0.0033903066,-0.071098596,-0.043414194,1550002915429
13479,99,Accelerometer,2.516306,0.7098808000000001,9.726444,1550002915430
13480,99,Gyroscope,0.02354886,-0.08942456,-0.029364292,1550002915439
13481,99,Accelerometer,2.110489,0.8774749,9.859323,1550002915440
13482,99,Gyroscope,-0.03387247,-0.08026158,-0.035472944,1550002915449
13483,99,Accelerometer,1.8399439999999998,0.700304,9.3733,1550002915450
13484,99,Gyroscope,-0.013103055,-0.0729312,-0.053798902999999995,1550002915459
13485,99,Accelerometer,0.8822633,1.459266,9.436746000000001,1550002915459
13486,99,Gyroscope,-0.0008857511,-0.030170628999999997,-0.057464093,1550002915470
13487,99,Accelerometer,0.48841715,0.6332663000000001,9.534908,1550002915470
13488,99,Gyroscope,0.0009468458599999999,-0.014288133,-0.036694676,1550002915479
13489,99,Accelerometer,0.06703765,0.8439561,9.7084875,1550002915480
13490,99,Gyroscope,-0.04547891,-0.0020708293,-0.04097073,1550002915489
13491,99,Accelerometer,0.33039984,1.6555905,9.763555,1550002915490
13492,99,Gyroscope,-0.034483336,0.011368208000000001,-0.053188037,1550002915499
13493,99,Accelerometer,0.06464344,0.9732430000000001,9.441533999999999,1550002915499
13494,99,Gyroscope,-0.052198432,0.036413684,-0.05929669,1550002915509
13495,99,Accelerometer,0.47764325,1.0175357,9.664195,1550002915510
13496,99,Gyroscope,-0.02898555,0.04007887,-0.031196889,1550002915520
13497,99,Accelerometer,1.1145009,0.60693014,9.919178,1550002915520
13498,99,Gyroscope,-0.019211708,0.030305027999999998,-0.03486208,1550002915529
13499,99,Accelerometer,1.5370774999999999,1.1360487,9.968259,1550002915530
13500,99,Gyroscope,-0.009437865,0.01625513,-0.034251212999999996,1550002915539
13501,99,Accelerometer,1.9153613999999999,0.9516952,9.861717,1550002915540
13502,99,Gyroscope,-0.0014966168,-0.00023823230999999999,-0.039749,1550002915549
13503,99,Accelerometer,2.2505496,0.5482722,9.637858999999999,1550002915549
13504,99,Gyroscope,-0.0039400775,-0.0020708293,-0.04891198,1550002915560
13505,99,Accelerometer,2.1619642000000003,1.2282255,9.852139999999999,1550002915560
13506,99,Gyroscope,0.010109824,-0.014898999,-0.04769025,1550002915569
13507,99,Accelerometer,2.267309,1.0773908,9.610325999999999,1550002915570
13508,99,Gyroscope,0.018661937,-0.026505437000000003,-0.058685824000000004,1550002915579
13509,99,Accelerometer,1.5837643999999997,1.4867992,9.657013000000001,1550002915580
13510,99,Gyroscope,0.0070554977,-0.013066402,-0.04402506,1550002915589
13511,99,Accelerometer,1.4616601,1.7968484,9.846153999999999,1550002915590
13512,99,Gyroscope,-0.0021074805,-0.011844671999999999,-0.022644775,1550002915599
13513,99,Accelerometer,0.79846627,1.5478513999999999,9.540894,1550002915599
13514,99,Gyroscope,-0.0021074805,-0.014288133,-0.02203391,1550002915610
13515,99,Accelerometer,0.7517793,1.6699557,9.793482000000001,1550002915610
13516,99,Gyroscope,0.008888093,-0.01856419,0.0109528145,1550002915619
13517,99,Accelerometer,1.2569559,1.1312603,8.365341,1550002915620
13518,99,Gyroscope,-0.0014966168,0.027250702999999998,0.0030115664,1550002915629
13519,99,Accelerometer,1.1013328000000002,2.3127987,9.381680000000001,1550002915630
13520,99,Gyroscope,0.0058337674,0.041300602,0.014618006999999999,1550002915639
13521,99,Accelerometer,0.39384618,0.79008657,9.26556,1550002915640
13522,99,Gyroscope,-0.027763822999999997,0.05962656400000001,0.0005681054,1550002915649
13523,99,Accelerometer,0.39504328,1.3599066,10.415975,1550002915649
13524,99,Gyroscope,-0.03387247,0.058404832999999996,0.018894061,1550002915660
13525,99,Accelerometer,1.3587095,1.0055646999999999,10.705672999999999,1550002915660
13526,99,Gyroscope,-0.01004873,0.026028972,0.007898489,1550002915669
13527,99,Accelerometer,1.1312603,1.1312603,10.119094,1550002915670
13528,99,Gyroscope,-0.043646313,0.010146476,0.0005681054,1550002915679
13529,99,Accelerometer,1.0175357,0.700304,9.583989,1550002915680
13530,99,Gyroscope,0.008888093,-0.01856419,0.013396275,1550002915689
13531,99,Accelerometer,2.7126305,1.3323733,9.776722999999999,1550002915690
13532,99,Gyroscope,0.028435782000000003,-0.014898999,0.007287623399999999,1550002915699
13533,99,Accelerometer,0.9888053,1.0785878999999998,8.269572,1550002915699
13534,99,Gyroscope,-0.068080924,0.015033398,0.0042332970000000004,1550002915710
13535,99,Accelerometer,0.7254431,0.5506664000000001,9.738416,1550002915710
13536,99,Gyroscope,-0.04547891,-0.042998800000000004,0.031722232999999996,1550002915719
13537,99,Accelerometer,2.5929205,-0.10175357,10.104728999999999,1550002915720
13538,99,Gyroscope,0.049816065,-0.09797667,0.017061466,1550002915729
13539,99,Accelerometer,2.7760768,0.51714754,8.414422,1550002915730
13540,99,Gyroscope,-0.06136141,-0.004514288,-0.0012644903,1550002915739
13541,99,Accelerometer,0.60693014,0.9540894,9.326611999999999,1550002915740
13542,99,Gyroscope,0.0040011713,-0.016731594,0.015839735,1550002915749
13543,99,Accelerometer,1.1109096,0.6392518,11.026496,1550002915749
13544,99,Gyroscope,0.024159724,-0.028948900000000003,0.013396275,1550002915760
13545,99,Accelerometer,1.2090718999999999,0.78529817,11.042058,1550002915760
13546,99,Gyroscope,0.01316415,-0.027727167999999996,-0.0140926605,1550002915769
13547,99,Accelerometer,1.271321,2.0733786,9.338583999999999,1550002915770
13548,99,Gyroscope,0.031490106000000004,-0.04849659,0.027446175,1550002915779
13549,99,Accelerometer,0.89184016,1.8686744,9.676167,1550002915780
13550,99,Gyroscope,0.038209625,-0.06071389,0.05249165,1550002915789
13551,99,Accelerometer,0.6787562,1.2880806,9.785102,1550002915790
13552,99,Gyroscope,0.0094989585,-0.039333608,0.05737857,1550002915799
13553,99,Accelerometer,1.5514427,0.9516952,9.496601,1550002915799
13554,99,Gyroscope,0.0094989585,-0.05277264,0.08364577599999999,1550002915809
13555,99,Accelerometer,0.6392518,1.0247183000000002,10.313024,1550002915810
13556,99,Gyroscope,0.046761736,-0.06926601,0.03844175,1550002915819
13557,99,Accelerometer,1.5095441,-0.08140286,10.040085000000001,1550002915820
13558,99,Gyroscope,-0.01004873,-0.027727167999999996,-0.02447737,1550002915829
13559,99,Accelerometer,1.270124,0.24660277,8.917204,1550002915830
13560,99,Gyroscope,-0.07174612,0.0022052303,-0.03608381,1550002915839
13561,99,Accelerometer,0.01316811,-0.13766660000000003,8.973467999999999,1550002915840
13562,99,Gyroscope,-0.016768249,0.0009834989999999999,-0.10388985,1550002915849
13563,99,Accelerometer,-0.02633622,0.6871359,9.892841,1550002915849
13564,99,Gyroscope,-0.041202857999999995,0.008313879,-0.08067697,1550002915859
13565,99,Accelerometer,0.25977087,0.7493850999999999,9.424775,1550002915860
13566,99,Gyroscope,-0.07602217,0.015033398,-0.08434217,1550002915869
13567,99,Accelerometer,0.38426940000000004,1.5574282,9.339781,1550002915870
13568,99,Gyroscope,-0.044868045,0.024807245,-0.045857653,1550002915879
13569,99,Accelerometer,0.24660277,1.555034,9.996989,1550002915880
13570,99,Gyroscope,-0.026542092000000003,-0.0014599635999999999,-0.059907555999999994,1550002915889
13571,99,Accelerometer,1.1504139,1.3802572,9.810242,1550002915890
13572,99,Gyroscope,-0.06319401,-0.005125154,-0.049522847,1550002915899
13573,99,Accelerometer,1.435324,1.4808137,9.657013000000001,1550002915899
13574,99,Gyroscope,-0.040591992,-0.0026816929999999998,-0.05807496,1550002915909
13575,99,Accelerometer,1.5849615,1.4568716999999998,9.386467999999999,1550002915910
13576,99,Gyroscope,-0.04547891,0.0009834989999999999,-0.05440977,1550002915919
13577,99,Accelerometer,1.532289,0.7158663000000001,9.817424,1550002915920
13578,99,Gyroscope,-0.046089776,-0.016731594,-0.04891198,1550002915929
13579,99,Accelerometer,1.3862427,0.92655605,10.087969000000001,1550002915930
13580,99,Gyroscope,-0.023487763,-0.04055534,-0.058685824000000004,1550002915939
13581,99,Accelerometer,1.6759412,1.0905589,10.265139999999999,1550002915940
13582,99,Gyroscope,-0.020433438999999998,-0.059492163,-0.058685824000000004,1550002915949
13583,99,Accelerometer,1.163582,1.1611878,10.41358,1550002915949
13584,99,Gyroscope,-0.052198432,-0.08453764,-0.04280333,1550002915959
13585,99,Accelerometer,1.6591818,1.1192893,9.938332,1550002915960
13586,99,Gyroscope,-0.022266036,-0.10164186,-0.05440977,1550002915969
13587,99,Accelerometer,0.8331822,1.3850456,9.163807,1550002915970
13588,99,Gyroscope,-0.01004873,-0.08392677,-0.056853227,1550002915979
13589,99,Accelerometer,0.45968673,1.1875241,9.49301,1550002915980
13590,99,Gyroscope,-0.0057726726,-0.06743341,-0.036694676,1550002915989
13591,99,Accelerometer,0.2669535,0.9696517,9.572019000000001,1550002915990
13592,99,Gyroscope,0.017440207,-0.050329182,-0.04402506,1550002915999
13593,99,Accelerometer,-0.10055647,1.0522517,9.8437605,1550002915999
13594,99,Gyroscope,-0.040591992,-0.041166205,-0.047079384,1550002916009
13595,99,Accelerometer,0.15203181,0.89782566,9.429563499999999,1550002916010
13596,99,Gyroscope,-0.0063835381999999994,-0.047274857999999996,-0.05440977,1550002916019
13597,99,Accelerometer,0.61291564,1.0857705,8.465898,1550002916020
13598,99,Gyroscope,0.051037795999999996,-0.039333608,-0.06479447,1550002916029
13599,99,Accelerometer,0.38067806,0.8846575000000001,6.7061589999999995,1550002916030
13600,99,Gyroscope,0.073028944,0.028472435,-0.05929669,1550002916039
13601,99,Accelerometer,0.9852139999999999,1.0761937,6.811503999999999,1550002916040
13602,99,Gyroscope,-0.10656543,0.13048694,-0.05013371,1550002916049
13603,99,Accelerometer,-2.0219033,1.1240777,10.3453455,1550002916049
13604,99,Gyroscope,-0.13955216,0.11949136,-0.051966306,1550002916059
13605,99,Accelerometer,-0.51954174,0.8595184000000001,14.269442999999999,1550002916060
13606,99,Gyroscope,0.036377028,-0.012455538,-0.05624236,1550002916070
13607,99,Accelerometer,1.7633294999999998,1.5598223999999998,10.685322,1550002916070
13608,99,Gyroscope,-0.035705067,0.0022052303,-0.045246787000000004,1550002916079
13609,99,Accelerometer,0.9684546,2.4504653999999997,9.604341,1550002916080
13610,99,Gyroscope,-0.09984591599999999,0.026639838,-0.05135544,1550002916089
13611,99,Accelerometer,0.6955156,0.7410054,9.561244,1550002916090
13612,99,Gyroscope,0.014996746000000002,0.0022052303,0.009731084000000001,1550002916099
13613,99,Accelerometer,2.0410569,2.2050598,10.144233,1550002916099
13614,99,Gyroscope,0.010109824,-0.041166205,0.015839735,1550002916109
13615,99,Accelerometer,1.9548656999999998,0.62488663,9.783905,1550002916110
13616,99,Gyroscope,-0.0137139205,-0.068044275,0.0005681054,1550002916119
13617,99,Accelerometer,0.9876082,1.0330979999999998,10.128671,1550002916120
13618,99,Gyroscope,0.041263953,-0.057048699999999994,0.007898489,1550002916129
13619,99,Accelerometer,1.4616601,1.1180921999999998,9.981427,1550002916130
13620,99,Gyroscope,-0.04242459,-0.04422053,0.026835311,1550002916139
13621,99,Accelerometer,1.2880806,0.7278373,10.395624,1550002916139
13622,99,Gyroscope,-0.018600842,-0.07598552,-0.042192463,1550002916149
13623,99,Accelerometer,-0.2873042,0.58777654,10.441113,1550002916150
13624,99,Gyroscope,0.0027794409999999997,-0.10408532599999999,-0.0678488,1550002916159
13625,99,Accelerometer,0.23582886,1.5849615,9.226056,1550002916160
13626,99,Gyroscope,-0.051587567,-0.07659639,-0.023866504,1550002916169
13627,99,Accelerometer,0.2813187,1.1073183000000002,9.2069025,1550002916170
13628,99,Gyroscope,0.047372602,-0.051550914,-0.05624236,1550002916179
13629,99,Accelerometer,-1.1982979999999999,0.94331545,9.576807,1550002916180
13630,99,Gyroscope,0.019883668,-0.023451112000000003,-0.018368717,1550002916189
13631,99,Accelerometer,-0.12689269,1.447295,8.726865,1550002916189
13632,99,Gyroscope,-0.0137139205,0.0077030174,-0.018368717,1550002916200
13633,99,Accelerometer,0.18076223,1.4676456,9.767146,1550002916200
13634,99,Gyroscope,0.02477059,0.0034269579,0.015839735,1550002916209
13635,99,Accelerometer,-0.46447513,1.5382746,10.251971000000001,1550002916210
13636,99,Gyroscope,-0.04670064,0.025418106,-0.0043188166,1550002916219
13637,99,Accelerometer,0.20470424,0.9636662,9.172187,1550002916220
13638,99,Gyroscope,-0.02532036,0.009535611,-0.018979583,1550002916229
13639,99,Accelerometer,0.80086046,1.2785037000000001,10.260351,1550002916230
13640,99,Gyroscope,0.025381455,0.0040378235,-0.0043188166,1550002916239
13641,99,Accelerometer,0.35434186,0.92775315,9.91798,1550002916239
13642,99,Gyroscope,-0.030207282000000002,-0.00817948,-0.010427468,1550002916249
13643,99,Accelerometer,0.43933599999999995,1.0402806,9.522936999999999,1550002916250
13644,99,Gyroscope,-0.006994404,-0.005125154,-0.029364292,1550002916260
13645,99,Accelerometer,0.7015011,0.79726917,9.622296,1550002916260
13646,99,Gyroscope,-0.006994404,-0.024061977999999998,-0.015314391,1550002916269
13647,99,Accelerometer,0.075417355,1.6124948000000001,9.872491,1550002916270
13648,99,Gyroscope,-0.02165517,-0.017953325,-0.0030970859999999998,1550002916279
13649,99,Accelerometer,0.24660277,1.2593501,9.496601,1550002916280
13650,99,Gyroscope,-0.01004873,-0.01978592,0.01156368,1550002916289
13651,99,Accelerometer,1.0211270000000001,1.2330139,10.45907,1550002916289
13652,99,Gyroscope,0.0058337674,-0.050940047999999995,0.035387423,1550002916299
13653,99,Accelerometer,0.92296475,1.5227122,10.552444,1550002916299
13654,99,Gyroscope,-0.039981127000000005,-0.053994372,0.031722232999999996,1550002916310
13655,99,Accelerometer,1.484405,1.0330979999999998,10.178948,1550002916310
13656,99,Gyroscope,-0.0063835381999999994,-0.06743341,0.022559252999999998,1550002916319
13657,99,Accelerometer,1.4927847,0.7242460000000001,9.821015,1550002916320
13658,99,Gyroscope,-0.0057726726,-0.07048774,-0.008594873000000001,1550002916329
13659,99,Accelerometer,1.8902221999999997,0.9540894,9.973047,1550002916330
13660,99,Gyroscope,0.004612036,-0.058270432000000004,-0.016536122,1550002916339
13661,99,Accelerometer,1.2018893,0.5279215,9.129091,1550002916340
13662,99,Gyroscope,0.0015577096,-0.058270432000000004,-0.034251212999999996,1550002916349
13663,99,Accelerometer,0.7230489,0.92416185,9.17099,1550002916349
13664,99,Gyroscope,0.017440207,-0.016731594,-0.043414194,1550002916359
13665,99,Accelerometer,0.6667852,0.7338228,9.076419,1550002916361
13666,99,Gyroscope,-0.00027488545,-0.005125154,-0.037916407,1550002916369
13667,99,Accelerometer,0.8391677,1.1408371000000002,9.540894,1550002916370
13668,99,Gyroscope,-0.011881325,-0.005125154,-0.030586022999999997,1550002916379
13669,99,Accelerometer,1.1073183000000002,0.56982,9.830592,1550002916380
13670,99,Gyroscope,0.016218476000000003,-0.016120728,-0.02203391,1550002916389
13671,99,Accelerometer,0.8798690999999998,1.2940661,9.372103,1550002916390
13672,99,Gyroscope,0.0040011713,0.012589939,-0.027531696,1550002916399
13673,99,Accelerometer,1.1300632,0.700304,6.9767036,1550002916399
13674,99,Gyroscope,0.035155296,0.101776265,-0.018979583,1550002916410
13675,99,Accelerometer,-0.47285482,1.8842366999999998,10.678139999999999,1550002916410
13676,99,Gyroscope,-0.06319401,0.15797585,-0.020812178,1550002916419
13677,99,Accelerometer,0.92176765,1.5610195,12.8209505,1550002916420
13678,99,Gyroscope,0.028435782000000003,0.0058704205,-0.0018753556,1550002916429
13679,99,Accelerometer,2.1799207000000003,1.650802,10.831368,1550002916430
13680,99,Gyroscope,0.029046647000000002,-0.00023823230999999999,-0.008594873000000001,1550002916439
13681,99,Accelerometer,1.9309237000000001,1.0043676,8.851364,1550002916440
13682,99,Gyroscope,-0.03814853,0.033970222,0.0066767577,1550002916449
13683,99,Accelerometer,2.018312,1.8411411,9.628283,1550002916449
13684,99,Gyroscope,0.01560761,0.021752916,0.04577213,1550002916459
13685,99,Accelerometer,2.6048915,2.4827871,9.994595,1550002916460
13686,99,Gyroscope,0.026603185,-0.010622941,0.035387423,1550002916470
13687,99,Accelerometer,2.1033063,0.93134445,9.831789,1550002916470
13688,99,Gyroscope,0.029046647000000002,-0.03750101,0.023780985,1550002916479
13689,99,Accelerometer,2.4384943999999997,1.1061212,9.932345,1550002916480
13690,99,Gyroscope,0.06203337,-0.05582697,0.036609154,1550002916489
13691,99,Accelerometer,2.4851813,1.1061212,8.990228,1550002916489
13692,99,Gyroscope,0.014385881000000001,-0.056437835,0.009120219,1550002916499
13693,99,Accelerometer,1.6065093000000001,1.3455413999999999,9.554062,1550002916500
13694,99,Gyroscope,0.014385881000000001,-0.07476379,0.009120219,1550002916510
13695,99,Accelerometer,1.9919758,0.6859388000000001,10.536881,1550002916510
13696,99,Gyroscope,0.06936375,-0.098587535,0.042717807000000003,1550002916519
13697,99,Accelerometer,1.3263878,0.47285482,9.572019000000001,1550002916520
13698,99,Gyroscope,0.006444632,-0.04055534,0.0109528145,1550002916529
13699,99,Accelerometer,0.027533319,1.1994951,9.118317999999999,1550002916530
13700,99,Gyroscope,-0.013103055,0.011979073,0.068985015,1550002916539
13701,99,Accelerometer,1.7046716,1.7932571,9.259575,1550002916540
13702,99,Gyroscope,0.019883668,0.025418106,0.045161266,1550002916549
13703,99,Accelerometer,0.22146365,1.5083469999999999,9.259575,1550002916549
13704,99,Gyroscope,-0.08213083,0.013811666499999998,0.0030115664,1550002916559
13705,99,Accelerometer,-0.31483752,1.5430629999999999,9.588778,1550002916560
13706,99,Gyroscope,-0.028374685,0.01747686,0.0011789708,1550002916570
13707,99,Accelerometer,0.48722005,0.6727706999999999,9.642648,1550002916570
13708,99,Gyroscope,-0.022266036,0.021752916,-0.017757852,1550002916579
13709,99,Accelerometer,0.5303157,1.4915876000000001,9.0716305,1550002916580
13710,99,Gyroscope,-0.06136141,0.0571831,-0.026309965,1550002916589
13711,99,Accelerometer,0.8379706,0.9720459000000001,9.908403,1550002916590
13712,99,Gyroscope,-0.06258314,0.05046358,-0.036694676,1550002916599
13713,99,Accelerometer,1.4532804,1.0414777,10.544064500000001,1550002916600
13714,99,Gyroscope,-0.024709495,0.019309454,-0.04280333,1550002916609
13715,99,Accelerometer,1.5610195,1.2054806,9.605537,1550002916609
13716,99,Gyroscope,-0.06869179,0.030305027999999998,-0.037916407,1550002916620
13717,99,Accelerometer,1.6891093000000001,0.5638345,9.702502,1550002916620
13718,99,Gyroscope,-0.023487763,0.03885714,-0.022644775,1550002916629
13719,99,Accelerometer,1.8351556,1.2629413999999999,10.990582,1550002916630
13720,99,Gyroscope,0.0052229017,0.014422532,-0.012260064499999999,1550002916639
13721,99,Accelerometer,2.086547,1.1456255,10.031705,1550002916640
13722,99,Gyroscope,-0.027152957000000002,0.00037263334000000003,-0.013481795,1550002916649
13723,99,Accelerometer,1.340753,1.1121067,9.803059,1550002916649
13724,99,Gyroscope,0.016218476000000003,0.0022052303,-0.0067622773,1550002916659
13725,99,Accelerometer,1.0378863999999999,1.3587095,10.251971000000001,1550002916660
13726,99,Gyroscope,-0.02165517,0.0009834989999999999,0.0066767577,1550002916669
13727,99,Accelerometer,0.81402856,1.2330139,10.436325,1550002916670
13728,99,Gyroscope,0.03393357,-0.030781494,0.021948388,1550002916679
13729,99,Accelerometer,0.2621651,0.6679823,10.732009,1550002916679
13730,99,Gyroscope,0.07241808,-0.039333608,0.0036224315000000003,1550002916689
13731,99,Accelerometer,0.7505821999999999,1.3563153000000001,9.812635,1550002916689
13732,99,Gyroscope,0.0015577096,-0.013677267,0.017672332,1550002916700
13733,99,Accelerometer,0.5781997,1.3694833999999998,8.7771435,1550002916700
13734,99,Gyroscope,0.033322702999999995,0.009535611,-0.000653625,1550002916709
13735,99,Accelerometer,0.6943185000000001,0.92775315,9.163807,1550002916710
13736,99,Gyroscope,0.028435782000000003,0.028472435,0.0109528145,1550002916719
13737,99,Accelerometer,0.5566519,0.6631939,8.972271000000001,1550002916720
13738,99,Gyroscope,-0.0369268,0.051074445,0.01156368,1550002916729
13739,99,Accelerometer,0.4213795,0.9624690999999999,8.828619,1550002916730
13740,99,Gyroscope,-0.024709495,0.04435493,-0.029364292,1550002916739
13741,99,Accelerometer,1.4640543,0.7326256999999999,9.7958765,1550002916739
13742,99,Gyroscope,0.01316415,0.018698592,-0.020201313999999998,1550002916749
13743,99,Accelerometer,0.7589619000000001,0.7410054,9.165004,1550002916749
13744,99,Gyroscope,-0.12672399,0.053517907999999996,-0.053798902999999995,1550002916760
13745,99,Accelerometer,1.1779473,1.9452889,11.536461,1550002916760
13746,99,Gyroscope,-0.058917947000000005,0.053517907999999996,-0.023866504,1550002916769
13747,99,Accelerometer,0.47764325,0.24660277,11.11149,1550002916770
13748,99,Gyroscope,-0.053420155999999996,-0.043609664000000006,-0.029364292,1550002916779
13749,99,Accelerometer,1.0618285,1.22224,11.915942,1550002916780
13750,99,Gyroscope,0.0076663624,-0.032003224,-0.07334659,1550002916789
13751,99,Accelerometer,2.80361,0.6787562,8.820239,1550002916790
13752,99,Gyroscope,-0.06624833,-0.004514288,-0.021423044,1550002916799
13753,99,Accelerometer,0.5518635000000001,1.8938134999999998,9.434352,1550002916799
13754,99,Gyroscope,0.011942419,-0.044831395,-0.019590449,1550002916809
13755,99,Accelerometer,1.3958195,0.29209262,10.17416,1550002916809
13756,99,Gyroscope,0.057146445,-0.079650715,-0.007984008,1550002916820
13757,99,Accelerometer,2.5091232999999997,1.614889,10.766725,1550002916820
13758,99,Gyroscope,-0.03203988,-0.07232033,0.018894061,1550002916829
13759,99,Accelerometer,1.2749124,0.78050977,8.878897,1550002916830
13760,99,Gyroscope,0.0113315545,-0.07048774,-0.021423044,1550002916839
13761,99,Accelerometer,1.328782,1.2030864,10.336966,1550002916840
13762,99,Gyroscope,0.10662653,-0.11996782,-0.030586022999999997,1550002916849
13763,99,Accelerometer,1.4173675,1.5813701999999998,9.7084875,1550002916849
13764,99,Gyroscope,0.047372602,-0.08087245,0.007898489,1550002916859
13765,99,Accelerometer,0.3184288,1.5646108,9.435549,1550002916859
13766,99,Gyroscope,0.01560761,-0.044831395,0.017672332,1550002916869
13767,99,Accelerometer,-0.6835446,0.8774749,9.727641,1550002916870
13768,99,Gyroscope,0.06936375,0.0015943646,0.030500501,1550002916879
13769,99,Accelerometer,-0.29568392,1.5765818,9.021352,1550002916880
13770,99,Gyroscope,-0.04547891,0.03702455,0.012174546000000001,1550002916889
13771,99,Accelerometer,-0.22984336,1.7681179,9.111135,1550002916890
13772,99,Gyroscope,-0.00027488545,0.037635416,0.020115793,1550002916899
13773,99,Accelerometer,0.36631286,1.8100165000000001,9.765948,1550002916900
13774,99,Gyroscope,-0.008216133,0.07611992,0.020726658000000002,1550002916909
13775,99,Accelerometer,0.22385786,2.0099323,8.968679,1550002916909
13776,99,Gyroscope,-0.057696215999999995,0.103608854,0.035387423,1550002916919
13777,99,Accelerometer,0.16759412,1.6819267,9.775525,1550002916920
13778,99,Gyroscope,-0.0033292117999999997,0.092002414,0.059822034,1550002916930
13779,99,Accelerometer,0.79008657,1.4760253,11.311406,1550002916930
13780,99,Gyroscope,0.027824916,0.058404832999999996,0.0744828,1550002916939
13781,99,Accelerometer,1.365892,1.0414777,9.860519,1550002916940
13782,99,Gyroscope,-0.0137139205,0.051074445,0.07570453,1550002916949
13783,99,Accelerometer,1.3156139,1.3036428999999998,9.892841,1550002916950
13784,99,Gyroscope,0.0027794409999999997,0.034581087999999996,0.0903653,1550002916959
13785,99,Accelerometer,2.0841526999999997,0.91817635,10.326192,1550002916959
13786,99,Gyroscope,0.04370741,0.012589939,0.09891741,1550002916969
13787,99,Accelerometer,1.5251063999999999,1.0079589,9.679757,1550002916969
13788,99,Gyroscope,-0.01004873,0.018087726000000002,0.08608924,1550002916980
13789,99,Accelerometer,0.7757214,0.30885202,9.52174,1550002916980
13790,99,Gyroscope,0.031490106000000004,0.0058704205,0.06531982,1550002916989
13791,99,Accelerometer,0.842759,1.1516110000000002,10.123882,1550002916990
13792,99,Gyroscope,0.06814202,0.005259555,0.09280875,1550002916999
13793,99,Accelerometer,0.82001406,1.0570401000000003,9.630676,1550002917000
13794,99,Gyroscope,-0.00027488545,0.027250702999999998,0.07875886,1550002917009
13795,99,Accelerometer,-0.015562311,1.055843,9.952697,1550002917010
13796,99,Gyroscope,0.0094989585,0.009535611,0.08547837,1550002917019
13797,99,Accelerometer,0.2765303,0.91697925,9.872491,1550002917019
13798,99,Gyroscope,0.0094989585,0.008313879,0.079369724,1550002917029
13799,99,Accelerometer,0.009576807,0.9684546,9.226056,1550002917029
13800,99,Gyroscope,-0.01127046,0.030915894,0.06959588,1550002917040
13801,99,Accelerometer,-0.21428105,0.9804255999999999,9.831789,1550002917040
13802,99,Gyroscope,0.006444632,0.044965795999999995,0.06715242,1550002917049
13803,99,Accelerometer,0.27174190000000004,0.7134720999999999,9.466674000000001,1550002917050
13804,99,Gyroscope,-0.0045509413,0.04435493,0.06959588,1550002917059
13805,99,Accelerometer,0.5446809,1.5406688,9.484630000000001,1550002917060
13806,99,Gyroscope,-0.014935651999999999,0.05473964,0.050659052999999996,1550002917069
13807,99,Accelerometer,0.415394,0.81761986,9.5732155,1550002917070
13808,99,Gyroscope,0.0021685753,0.051074445,0.042717807000000003,1550002917079
13809,99,Accelerometer,0.108936176,1.1336545,10.418368,1550002917079
13810,99,Gyroscope,-0.030818147999999997,0.03702455,0.050659052999999996,1550002917089
13811,99,Accelerometer,0.8451531999999999,0.6655880999999999,10.478224,1550002917090
13812,99,Gyroscope,-0.0021074805,0.04863099,0.056767705999999994,1550002917099
13813,99,Accelerometer,1.0187328000000002,2.2002714,12.150574,1550002917100
13814,99,Gyroscope,0.02721405,0.06451348,0.03722002,1550002917109
13815,99,Accelerometer,0.61052144,1.2665327,11.756727,1550002917110
13816,99,Gyroscope,-0.04975497,-0.086981095,0.051880784000000006,1550002917119
13817,99,Accelerometer,0.81163436,1.7058687,11.234792,1550002917120
13818,99,Gyroscope,0.0492052,-0.09553321,0.04393954,1550002917129
13819,99,Accelerometer,1.650802,0.7793127,8.596381,1550002917129
13820,99,Gyroscope,-0.041202857999999995,-0.006346885,0.03844175,1550002917139
13821,99,Accelerometer,0.5279215,0.82480246,7.5213847000000005,1550002917139
13822,99,Gyroscope,-0.026542092000000003,0.008313879,0.0054550273,1550002917150
13823,99,Accelerometer,-0.051475335,1.472434,9.728839,1550002917150
13824,99,Gyroscope,0.11273519,-0.014288133,-0.0037079514000000003,1550002917160
13825,99,Accelerometer,0.08140286,1.4269443000000002,10.356119,1550002917160
13826,99,Gyroscope,-0.02409863,-0.02100765,0.023780985,1550002917169
13827,99,Accelerometer,-0.20350714,0.9576806999999999,9.879673,1550002917170
13828,99,Gyroscope,0.00033598019999999995,0.0022052303,0.0036224315000000003,1550002917179
13829,99,Accelerometer,0.5422866999999999,0.82719666,10.004171000000001,1550002917180
13830,99,Gyroscope,0.041263953,0.023585513,0.017672332,1550002917189
13831,99,Accelerometer,-0.11851298,2.0925324,10.156203,1550002917190
13832,99,Gyroscope,-0.038759395,0.054128774000000004,0.031111367,1550002917199
13833,99,Accelerometer,-0.2825158,0.51235914,8.603564,1550002917200
13834,99,Gyroscope,-0.022266036,0.04007887,0.0127854105,1550002917209
13835,99,Accelerometer,-0.47764325,1.5885528,10.187327999999999,1550002917209
13836,99,Gyroscope,0.0052229017,0.049241855999999994,-0.0067622773,1550002917219
13837,99,Accelerometer,0.09935937,1.1085154,10.019734,1550002917220
13838,99,Gyroscope,-0.05830708,0.061459154,0.0024007012,1550002917230
13839,99,Accelerometer,-0.34356794,0.92416185,9.640253,1550002917230
13840,99,Gyroscope,-0.047311507,0.06756781,-0.02692083,1550002917239
13841,99,Accelerometer,0.60333884,1.0702082,10.324995,1550002917240
13842,99,Gyroscope,0.0015577096,0.027250702999999998,-0.018368717,1550002917249
13843,99,Accelerometer,1.0175357,1.9500773,10.267534,1550002917250
13844,99,Gyroscope,-0.014935651999999999,0.015033398,0.024391849,1550002917259
13845,99,Accelerometer,1.6041151000000002,1.4389153000000001,9.476251,1550002917259
13846,99,Gyroscope,0.02354886,0.008924745,0.070817605,1550002917269
13847,99,Accelerometer,2.1751322999999996,1.3491327,9.598353999999999,1550002917270
13848,99,Gyroscope,0.04615087,-0.032003224,0.10013914,1550002917280
13849,99,Accelerometer,2.136825,1.2258313,9.056067,1550002917280
13850,99,Gyroscope,0.022937994,-0.03139236,0.10075001,1550002917289
13851,99,Accelerometer,2.0422540000000002,0.9756372,9.853337,1550002917290
13852,99,Gyroscope,0.032711837,-0.033224955,0.07020674,1550002917299
13853,99,Accelerometer,1.8710686,-0.03232172,10.070012,1550002917300
13854,99,Gyroscope,0.040653087000000004,-0.061324757,0.030500501,1550002917309
13855,99,Accelerometer,0.88944596,0.7254431,9.698911,1550002917309
13856,99,Gyroscope,-0.037537664,-0.057048699999999994,-0.026309965,1550002917319
13857,99,Accelerometer,1.5801731,0.40940848,9.475052999999999,1550002917319
13858,99,Gyroscope,-0.0027183462,-0.057659565999999995,-0.06968139999999999,1550002917330
13859,99,Accelerometer,0.4165911,0.90261406,9.326611999999999,1550002917330
13860,99,Gyroscope,-0.008826999,-0.047274857999999996,-0.07823351,1550002917339
13861,99,Accelerometer,0.62249243,0.5374983,9.26556,1550002917340
13862,99,Gyroscope,-0.034483336,-0.01734246,-0.05624236,1550002917349
13863,99,Accelerometer,0.8283938,1.1408371000000002,10.114305499999999,1550002917350
13864,99,Gyroscope,-0.018600842,-0.019175055,-0.050744575,1550002917359
13865,99,Accelerometer,0.7326256999999999,0.59256494,9.721656,1550002917360
13866,99,Gyroscope,-0.006994404,-0.013066402,-0.055020634000000006,1550002917369
13867,99,Accelerometer,0.9756372,1.2258313,9.249998,1550002917369
13868,99,Gyroscope,-0.027152957000000002,0.0034269579,-0.033640347,1550002917379
13869,99,Accelerometer,1.2497733,1.1719618,9.307459,1550002917380
13870,99,Gyroscope,-0.008826999,0.026639838,-0.036694676,1550002917389
13871,99,Accelerometer,1.0594343000000002,1.3132197,10.022128,1550002917390
13872,99,Gyroscope,-0.025931226,0.029083297,-0.036694676,1550002917399
13873,99,Accelerometer,1.3670892,1.5059528,9.919178,1550002917400
13874,99,Gyroscope,-0.024709495,0.01625513,-0.0140926605,1550002917409
13875,99,Accelerometer,2.1918917,2.110489,10.864887,1550002917410
13876,99,Gyroscope,0.0070554977,-0.008790346,0.0109528145,1550002917419
13877,99,Accelerometer,2.5450362999999996,1.3970166000000002,9.7863,1550002917419
13878,99,Gyroscope,-0.0039400775,-0.022840247,0.0127854105,1550002917429
13879,99,Accelerometer,2.3810337,1.6831238000000002,9.491813,1550002917429
13880,99,Gyroscope,0.018051071000000002,-0.057659565999999995,0.03416569,1550002917440
13881,99,Accelerometer,3.0585926,1.1228806,8.9363575,1550002917440
13882,99,Gyroscope,0.05653558,-0.05277264,0.021337522,1550002917449
13883,99,Accelerometer,2.328361,1.7310078000000002,9.455899,1550002917450
13884,99,Gyroscope,0.020494534,-0.04055534,0.017061466,1550002917459
13885,99,Accelerometer,1.5957354,1.1264718999999999,9.698911,1550002917460
13886,99,Gyroscope,0.016829342,-0.049718317000000005,0.025002714,1550002917469
13887,99,Accelerometer,1.6843209,1.4089876000000001,9.490616000000001,1550002917470
13888,99,Gyroscope,0.0492052,-0.033224955,0.023780985,1550002917479
13889,99,Accelerometer,0.7445967,1.2916718999999999,8.091205,1550002917479
13890,99,Gyroscope,0.04370741,0.016865995,0.02317012,1550002917489
13891,99,Accelerometer,0.79726917,0.8511386999999999,7.371747,1550002917489
13892,99,Gyroscope,-0.02532036,0.06023743,0.028667906,1550002917500
13893,99,Accelerometer,-0.8714894,1.4556746,9.855731,1550002917500
13894,99,Gyroscope,-0.060750544000000004,0.052296177,0.054324247,1550002917509
13895,99,Accelerometer,0.8583213,0.7158663000000001,11.498154,1550002917510
13896,99,Gyroscope,0.036987893,-0.00084909797,0.064708956,1550002917519
13897,99,Accelerometer,1.590947,0.037110128,8.378509,1550002917520
13898,99,Gyroscope,-0.030207282000000002,0.09444588,-0.009816604,1550002917529
13899,99,Accelerometer,-0.2741361,2.2625206,9.566033000000001,1550002917530
13900,99,Gyroscope,-0.07113525,0.104830585,0.03722002,1550002917539
13901,99,Accelerometer,0.36511576,0.61890113,10.700885000000001,1550002917539
13902,99,Gyroscope,0.02721405,0.046187527,0.03722002,1550002917549
13903,99,Accelerometer,1.2976573999999998,0.61890113,11.972205,1550002917550
13904,99,Gyroscope,0.02477059,-0.0039034244,0.014007141,1550002917560
13905,99,Accelerometer,2.1583729,1.0067618,9.386467999999999,1550002917560
13906,99,Gyroscope,-0.029596416,0.016865995,0.0726502,1550002917569
13907,99,Accelerometer,1.8782511999999998,1.9764134999999998,9.877279,1550002917570
13908,99,Gyroscope,-0.01004873,0.019309454,0.05737857,1550002917579
13909,99,Accelerometer,1.697489,1.1348516000000002,9.883265,1550002917580
13910,99,Gyroscope,-0.016157383,0.023585513,0.0726502,1550002917589
13911,99,Accelerometer,1.7561468999999996,1.4760253,9.633071000000001,1550002917589
13912,99,Gyroscope,-0.06991352,0.0077030174,0.040274344,1550002917599
13913,99,Accelerometer,2.9508536,1.1492168,9.783905,1550002917599
13914,99,Gyroscope,-0.01737911,-0.035668418,0.019504927,1550002917610
13915,99,Accelerometer,2.327164,1.4293385,10.043676,1550002917610
13916,99,Gyroscope,0.0052229017,-0.051550914,-0.011649198999999999,1550002917619
13917,99,Accelerometer,1.4389153000000001,1.0857705,9.718064,1550002917620
13918,99,Gyroscope,-0.034483336,-0.053994372,-0.035472944,1550002917629
13919,99,Accelerometer,1.483208,0.6751649000000001,10.402806,1550002917630
13920,99,Gyroscope,0.047372602,-0.06010303,-0.01287093,1550002917639
13921,99,Accelerometer,1.0330979999999998,0.9624690999999999,9.557653,1550002917640
13922,99,Gyroscope,0.018051071000000002,-0.03261409,0.015839735,1550002917649
13923,99,Accelerometer,0.50996494,0.47524905,9.40203,1550002917649
13924,99,Gyroscope,-0.02898555,0.009535611,0.019504927,1550002917659
13925,99,Accelerometer,0.39504328,0.6943185000000001,9.551667,1550002917660
13926,99,Gyroscope,0.0070554977,-0.0057360195,0.034776557,1550002917670
13927,99,Accelerometer,0.093373865,1.0881646999999999,10.032902,1550002917670
13928,99,Gyroscope,0.010720688999999999,0.0040378235,0.037830885,1550002917680
13929,99,Accelerometer,0.29328972,0.8846575000000001,9.981427,1550002917680
13930,99,Gyroscope,-0.022876898,0.009535611,0.028667906,1550002917689
13931,99,Accelerometer,0.6979098000000001,1.3922282,9.3661175,1550002917690
13932,99,Gyroscope,0.004612036,0.0040378235,0.026835311,1550002917699
13933,99,Accelerometer,1.0151415000000001,1.091756,9.491813,1550002917699
13934,99,Gyroscope,0.05164866,-0.0039034244,0.021948388,1550002917709
13935,99,Accelerometer,1.1216834999999998,1.0295067,9.775525,1550002917710
13936,99,Gyroscope,0.044929143,0.0034269579,0.009120219,1550002917719
13937,99,Accelerometer,1.6400281000000003,1.0737995,8.730456,1550002917720
13938,99,Gyroscope,0.012553285,-0.0026816929999999998,0.034776557,1550002917729
13939,99,Accelerometer,1.0881646999999999,1.340753,9.277532,1550002917729
13940,99,Gyroscope,0.028435782000000003,0.007092151999999999,0.02317012,1550002917739
13941,99,Accelerometer,1.6232687,1.2737153,10.18254,1550002917739
13942,99,Gyroscope,0.025381455,0.0077030174,0.015839735,1550002917750
13943,99,Accelerometer,1.22224,1.1480197,9.61272,1550002917750
13944,99,Gyroscope,-0.0137139205,-0.012455538,0.014007141,1550002917759
13945,99,Accelerometer,1.0223241,1.1504139,9.979032499999999,1550002917760
13946,99,Gyroscope,0.025381455,-0.017953325,0.009120219,1550002917769
13947,99,Accelerometer,1.1468226000000001,1.3982137,9.392453,1550002917770
13948,99,Gyroscope,-0.03387247,0.005259555,0.007898489,1550002917779
13949,99,Accelerometer,0.6835446,0.90141696,10.17416,1550002917780
13950,99,Gyroscope,-0.04242459,0.013811666499999998,0.018894061,1550002917789
13951,99,Accelerometer,0.48123455,1.2797008,9.907207000000001,1550002917789
13952,99,Gyroscope,0.006444632,-0.013066402,0.0042332970000000004,1550002917799
13953,99,Accelerometer,0.92535895,1.1037270000000001,9.718064,1550002917800
13954,99,Gyroscope,-0.031429015,-0.0032925587,-0.017757852,1550002917810
13955,99,Accelerometer,0.09696517,0.89064306,9.217675999999999,1550002917810
13956,99,Gyroscope,-0.047311507,0.06634608,-0.022644775,1550002917819
13957,99,Accelerometer,-0.24779987,2.421735,11.079168,1550002917820
13958,99,Gyroscope,-0.020433438999999998,0.034581087999999996,0.007287623399999999,1550002917829
13959,99,Accelerometer,1.2653356000000002,0.5327099000000001,11.960235,1550002917830
13960,99,Gyroscope,-0.07113525,-0.11996782,-0.0018753556,1550002917839
13961,99,Accelerometer,1.3718776000000001,0.17238252,9.431957,1550002917839
13962,99,Gyroscope,0.09135491,-0.11935695,-0.04280333,1550002917849
13963,99,Accelerometer,1.3431472,1.9201498,6.739678,1550002917849
13964,99,Gyroscope,-0.030818147999999997,0.024807245,0.0054550273,1550002917859
13965,99,Accelerometer,0.91099375,1.3479356000000002,7.2352777,1550002917860
13966,99,Gyroscope,-0.12733485,0.08650463,-0.02692083,1550002917870
13967,99,Accelerometer,-0.34117374,1.8004397,11.304223,1550002917870
13968,99,Gyroscope,0.07913759,0.005259555,-0.042192463,1550002917879
13969,99,Accelerometer,0.36391866,1.3108255,11.645397,1550002917880
13970,99,Gyroscope,0.0009468458599999999,-0.032003224,-0.018979583,1550002917889
13971,99,Accelerometer,1.364695,0.48362875,9.147048,1550002917890
13972,99,Gyroscope,-0.023487763,-0.032003224,-0.016536122,1550002917899
13973,99,Accelerometer,0.8822633,1.7633294999999998,9.668983,1550002917900
13974,99,Gyroscope,0.05042693,-0.03261409,0.018283198,1550002917909
13975,99,Accelerometer,1.5598223999999998,2.1547816,9.029732000000001,1550002917909
13976,99,Gyroscope,-0.0057726726,-0.036890145,0.03355483,1550002917919
13977,99,Accelerometer,1.6591818,1.5406688,10.703279,1550002917920
13978,99,Gyroscope,-0.0021074805,-0.07170947,0.06776328400000001,1550002917930
13979,99,Accelerometer,2.1140802000000005,0.92416185,10.289082,1550002917930
13980,99,Gyroscope,0.029046647000000002,-0.056437835,0.017672332,1550002917939
13981,99,Accelerometer,0.49799395,0.89782566,10.023325,1550002917940
13982,99,Gyroscope,-0.0076052677,-0.053383507000000004,0.042717807000000003,1550002917949
13983,99,Accelerometer,1.3096284,-0.4285621,9.522936999999999,1550002917950
13984,99,Gyroscope,0.021716263,-0.07659639,0.015839735,1550002917959
13985,99,Accelerometer,0.6619968,0.8750806999999999,10.092757,1550002917959
13986,99,Gyroscope,0.07180721,-0.08209418,-0.016536122,1550002917969
13987,99,Accelerometer,-0.130484,0.8331822,8.918402,1550002917970
13988,99,Gyroscope,0.010720688999999999,-0.028948900000000003,0.027446175,1550002917980
13989,99,Accelerometer,0.5410896,0.9935937,8.880094999999999,1550002917980
13990,99,Gyroscope,-0.0057726726,-0.015509863999999998,0.056156844000000004,1550002917989
13991,99,Accelerometer,0.18914193,1.5885528,10.449492999999999,1550002917990
13992,99,Gyroscope,0.03882049,-0.022840247,0.06837415,1550002917999
13993,99,Accelerometer,0.39384618,0.7086836999999999,9.871294,1550002918000
13994,99,Gyroscope,-0.013103055,-0.0039034244,0.064708956,1550002918009
13995,99,Accelerometer,0.2885013,1.2282255,9.333796000000001,1550002918010
13996,99,Gyroscope,-0.008216133,0.013811666499999998,0.072039336,1550002918019
13997,99,Accelerometer,0.2885013,1.3706805,9.467871,1550002918019
13998,99,Gyroscope,-0.016157383,0.01747686,0.070817605,1550002918029
13999,99,Accelerometer,0.36870706,1.1252748,9.544485,1550002918030
14000,99,Gyroscope,0.008277228000000001,0.035191953,0.068985015,1550002918040
14001,99,Accelerometer,0.5386954,1.0474633,9.259575,1550002918040
14002,99,Gyroscope,0.0070554977,0.03274849,0.08303491,1550002918049
14003,99,Accelerometer,0.13168110000000002,1.1049241,9.657013000000001,1550002918050
14004,99,Gyroscope,0.006444632,0.025418106,0.08364577599999999,1550002918059
14005,99,Accelerometer,0.6500258000000001,1.1168951,10.359711,1550002918060
14006,99,Gyroscope,0.011942419,0.027250702999999998,0.07998059,1550002918069
14007,99,Accelerometer,0.700304,0.81283146,10.048465,1550002918069
14008,99,Gyroscope,-0.016157383,0.026028972,0.08486751,1550002918079
14009,99,Accelerometer,0.33877954,1.1300632,10.381259,1550002918079
14010,99,Gyroscope,-0.0137139205,0.022974647999999997,0.0744828,1550002918090
14011,99,Accelerometer,0.6967127,0.8834603999999999,10.3214035,1550002918090
14012,99,Gyroscope,-0.010659594,0.023585513,0.06531982,1550002918099
14013,99,Accelerometer,0.40701428,0.8367735000000001,9.385271000000001,1550002918100
14014,99,Gyroscope,-0.016157383,0.022363782000000002,0.05371338,1550002918109
14015,99,Accelerometer,0.4345476,1.2437878,9.16261,1550002918110
14016,99,Gyroscope,0.0033903066,0.03580282,0.04760473,1550002918119
14017,99,Accelerometer,0.1364695,1.0067618,9.309854,1550002918120
14018,99,Gyroscope,0.01316415,0.029083297,0.031111367,1550002918129
14019,99,Accelerometer,0.008379705999999999,1.3132197,9.922769,1550002918130
14020,99,Gyroscope,0.0076663624,0.02786157,0.04393954,1550002918139
14021,99,Accelerometer,0.18315643,1.2425906999999998,9.856929,1550002918139
14022,99,Gyroscope,0.011942419,0.018698592,0.044550404,1550002918150
14023,99,Accelerometer,0.1436521,1.1994951,9.643844999999999,1550002918150
14024,99,Gyroscope,0.05653558,-0.0020708293,0.048215594,1550002918159
14025,99,Accelerometer,0.45968673,0.78170687,8.585608,1550002918159
14026,99,Gyroscope,0.09563096,0.01625513,0.046382997,1550002918169
14027,99,Accelerometer,1.091756,1.0115502,7.237672,1550002918169
14028,99,Gyroscope,-0.015546517,0.073065594,0.046993863,1550002918180
14029,99,Accelerometer,0.32920274,2.707842,10.254366000000001,1550002918180
14030,99,Gyroscope,-0.05708535,0.11888049,0.053102515999999995,1550002918189
14031,99,Accelerometer,-0.34715924,0.088585466,11.043256,1550002918190
14032,99,Gyroscope,-0.029596416,0.04985272,0.057989437000000005,1550002918200
14033,99,Accelerometer,-1.0283096,1.2306197,11.899182000000001,1550002918200
14034,99,Gyroscope,0.008277228000000001,0.025418106,-0.031807754,1550002918209
14035,99,Accelerometer,1.0690111,0.997185,10.972627000000001,1550002918209
14036,99,Gyroscope,-0.017989976,0.027250702999999998,0.02317012,1550002918220
14037,99,Accelerometer,-0.49559975,1.7992426,10.135853,1550002918220
14038,99,Gyroscope,-0.028374685,0.0077030174,0.06348722400000001,1550002918229
14039,99,Accelerometer,-0.19393034,1.0618285,11.21444,1550002918229
14040,99,Gyroscope,0.008888093,-0.013066402,0.049437325,1550002918239
14041,99,Accelerometer,2.1583729,1.3838485,9.056067,1550002918240
14042,99,Gyroscope,0.008888093,-0.035668418,0.023780985,1550002918249
14043,99,Accelerometer,1.0642227,0.842759,10.020931,1550002918250
14044,99,Gyroscope,-0.05830708,-0.061935622,0.014618006999999999,1550002918259
14045,99,Accelerometer,3.1423897999999997,-0.010773907,10.7990465,1550002918260
14046,99,Gyroscope,0.014996746000000002,-0.09919839999999999,-0.017757852,1550002918269
14047,99,Accelerometer,2.6312277,1.0390834999999998,9.831789,1550002918270
14048,99,Gyroscope,-0.07541131,-0.10591792,-0.056853227,1550002918279
14049,99,Accelerometer,1.6208745,0.03232172,9.886856,1550002918280
14050,99,Gyroscope,-0.041202857999999995,-0.1272982,-0.043414194,1550002918289
14051,99,Accelerometer,1.5646108,-0.18794483,10.380061,1550002918290
14052,99,Gyroscope,0.011942419,-0.13707206,-0.028142562000000003,1550002918299
14053,99,Accelerometer,0.9983820999999999,0.37588966,8.956709,1550002918300
14054,99,Gyroscope,-0.07541131,-0.10225273,-0.074568324,1550002918309
14055,99,Accelerometer,0.31364042,0.5518635000000001,8.736442,1550002918310
14056,99,Gyroscope,-0.027763822999999997,-0.06010303,-0.08006611,1550002918319
14057,99,Accelerometer,0.5781997,0.5327099000000001,10.002974499999999,1550002918320
14058,99,Gyroscope,-0.005161807,-0.041166205,-0.11610716,1550002918329
14059,99,Accelerometer,-0.053869538,0.8283938,9.320627,1550002918330
14060,99,Gyroscope,-0.08579602,0.0022052303,-0.117939755,1550002918339
14061,99,Accelerometer,0.59974754,0.9576806999999999,9.668983,1550002918340
14062,99,Gyroscope,-0.0063835381999999994,0.0009834989999999999,-0.106333315,1550002918349
14063,99,Accelerometer,-0.06584055,1.1803415000000002,9.601946,1550002918350
14064,99,Gyroscope,-0.0076052677,0.033359356,-0.11977235,1550002918360
14065,99,Accelerometer,0.0023942017,1.3144168,8.23366,1550002918360
14066,99,Gyroscope,-0.06624833,0.078563385,-0.097781196,1550002918369
14067,99,Accelerometer,0.272939,1.0283096,9.179369,1550002918369
14068,99,Gyroscope,-0.0063835381999999994,0.090169825,-0.10816591,1550002918380
14069,99,Accelerometer,1.1192893,1.4700398000000001,10.831368,1550002918380
14070,99,Gyroscope,0.016829342,0.06329175,-0.08067697,1550002918389
14071,99,Accelerometer,2.5234885,1.0402806,9.827001,1550002918390
14072,99,Gyroscope,-0.055252752999999995,0.05596137,-0.09900293,1550002918399
14073,99,Accelerometer,2.267309,1.2318168,10.1382475,1550002918399
14074,99,Gyroscope,0.017440207,0.030305027999999998,-0.10327899,1550002918409
14075,99,Accelerometer,2.731784,0.91578215,9.702502,1550002918410
14076,99,Gyroscope,0.01316415,0.02114205,-0.083120435,1550002918419
14077,99,Accelerometer,2.6072857000000003,0.997185,9.479841,1550002918419
14078,99,Gyroscope,-0.0027183462,0.007092151999999999,-0.081898704,1550002918430
14079,99,Accelerometer,2.3953989,0.7469909,10.187327999999999,1550002918430
14080,99,Gyroscope,0.022327128999999998,-0.028338033999999998,-0.086174764,1550002918439
14081,99,Accelerometer,1.9476831000000001,0.91937345,9.890448,1550002918439
14082,99,Gyroscope,-0.019822573,-0.03139236,-0.07579005,1550002918449
14083,99,Accelerometer,1.4089876000000001,1.4748282,9.640253,1550002918450
14084,99,Gyroscope,-0.026542092000000003,-0.046663992,-0.04646852,1550002918459
14085,99,Accelerometer,1.9740193,1.0295067,10.128671,1550002918460
14086,99,Gyroscope,0.029046647000000002,-0.06560081,-0.05013371,1550002918470
14087,99,Accelerometer,0.91697925,0.6823475,8.841787,1550002918470
14088,99,Gyroscope,-0.008216133,-0.02222938,-0.06968139999999999,1550002918479
14089,99,Accelerometer,0.5662286999999999,1.3024458,8.998607000000002,1550002918480
14090,99,Gyroscope,-0.006994404,0.0077030174,-0.0678488,1550002918489
14091,99,Accelerometer,0.8607155000000001,1.1480197,9.727641,1550002918490
14092,99,Gyroscope,-0.030818147999999997,-0.0032925587,-0.06357274,1550002918499
14093,99,Accelerometer,0.16400282,1.3299791,10.637438000000001,1550002918499
14094,99,Gyroscope,-0.038759395,0.0034269579,-0.083120435,1550002918510
14095,99,Accelerometer,0.45370123,0.58298814,10.1382475,1550002918510
14096,99,Gyroscope,-0.019211708,-0.0057360195,-0.07823351,1550002918519
14097,99,Accelerometer,1.0043676,1.1468226000000001,8.7125,1550002918520
14098,99,Gyroscope,-0.06991352,0.057793967,-0.049522847,1550002918529
14099,99,Accelerometer,1.5729905,1.8746599,10.449492999999999,1550002918529
14100,99,Gyroscope,-0.034483336,0.06878954,-0.010427468,1550002918540
14101,99,Accelerometer,0.7553706,0.43933599999999995,9.550469999999999,1550002918540
14102,99,Gyroscope,-0.04242459,-0.061324757,0.01156368,1550002918549
14103,99,Accelerometer,1.2437878,2.0099323,11.148601,1550002918550
14104,99,Gyroscope,0.034544434,-0.061324757,0.0005681054,1550002918559
14105,99,Accelerometer,3.4608185,0.049081136,7.277176,1550002918559
14106,99,Gyroscope,-0.12550226,0.068178676,-0.004929682,1550002918569
14107,99,Accelerometer,2.291251,1.0486604,6.7719994,1550002918570
14108,99,Gyroscope,-0.15909985,0.07795252,-0.05624236,1550002918579
14109,99,Accelerometer,1.5047556999999998,0.30406362,10.432734,1550002918580
14110,99,Gyroscope,0.038209625,0.0022052303,-0.13382225,1550002918589
14111,99,Accelerometer,0.81283146,1.2569559,12.283452,1550002918589
14112,99,Gyroscope,-0.038759395,-0.0039034244,-0.10144639,1550002918599
14113,99,Accelerometer,-0.25139117,0.7745243,10.223241,1550002918600
14114,99,Gyroscope,-0.047922373,0.012589939,-0.06968139999999999,1550002918609
14115,99,Accelerometer,1.5586253,0.7733272,10.611102,1550002918610
14116,99,Gyroscope,0.12617421,-0.016731594,0.0005681054,1550002918619
14117,99,Accelerometer,1.5095441,1.271321,9.755175,1550002918620
14118,99,Gyroscope,0.08402452,-0.010622941,0.007898489,1550002918629
14119,99,Accelerometer,1.5741876000000001,2.1679497000000003,8.941146,1550002918630
14120,99,Gyroscope,0.020494534,-0.00023823230999999999,0.06654155,1550002918639
14121,99,Accelerometer,1.2042834999999998,1.352724,10.717644,1550002918640
14122,99,Gyroscope,0.09929615,0.02786157,0.08181318,1550002918649
14123,99,Accelerometer,0.20829555,1.0570401000000003,10.418368,1550002918649
14124,99,Gyroscope,0.058979042,0.015644263000000002,0.106858656,1550002918659
14125,99,Accelerometer,0.5398925,0.8858546,10.275913000000001,1550002918660
14126,99,Gyroscope,0.032711837,0.018087726000000002,0.029889636,1550002918669
14127,99,Accelerometer,1.7537526999999997,0.6440403,9.350553999999999,1550002918670
14128,99,Gyroscope,0.03759876,0.0034269579,0.053102515999999995,1550002918679
14129,99,Accelerometer,0.6560113000000001,1.8938134999999998,9.575610000000001,1550002918679
14130,99,Gyroscope,-0.0039400775,0.007092151999999999,-0.000653625,1550002918689
14131,99,Accelerometer,0.6991069000000001,1.9129671999999998,10.466252,1550002918690
14132,99,Gyroscope,0.010109824,0.014422532,-0.012260064499999999,1550002918699
14133,99,Accelerometer,1.0749966,0.90740246,9.953894,1550002918700
14134,99,Gyroscope,-0.0076052677,0.0015943646,-0.019590449,1550002918709
14135,99,Accelerometer,0.7218518,1.1145009,9.61272,1550002918710
14136,99,Gyroscope,-0.0021074805,0.0022052303,0.0030115664,1550002918719
14137,99,Accelerometer,1.2605472,1.5071499,9.746795,1550002918719
14138,99,Gyroscope,-0.019211708,0.011979073,0.006065893,1550002918729
14139,99,Accelerometer,1.043872,0.93613285,9.920375,1550002918730
14140,99,Gyroscope,-0.036315932999999995,0.006481286,-0.017757852,1550002918739
14141,99,Accelerometer,0.8834603999999999,1.0043676,9.739613,1550002918740
14142,99,Gyroscope,-0.019211708,-0.017953325,-0.011649198999999999,1550002918749
14143,99,Accelerometer,1.4101848999999997,1.2042834999999998,9.448717,1550002918749
14144,99,Gyroscope,-0.018600842,-0.012455538,-0.009205738,1550002918760
14145,99,Accelerometer,1.0534488000000002,0.8882488000000002,9.554062,1550002918760
14146,99,Gyroscope,-0.036315932999999995,0.0040378235,-0.012260064499999999,1550002918769
14147,99,Accelerometer,0.8319851,1.3024458,10.477027,1550002918770
14148,99,Gyroscope,-0.022876898,-0.01856419,0.0048441626,1550002918779
14149,99,Accelerometer,0.8750806999999999,1.1695676000000002,10.387244,1550002918779
14150,99,Gyroscope,-0.018600842,-0.03139236,-0.015925256999999998,1550002918790
14151,99,Accelerometer,1.1073183000000002,1.2605472,9.575610000000001,1550002918790
14152,99,Gyroscope,-0.030207282000000002,-0.036890145,-0.0030970859999999998,1550002918799
14153,99,Accelerometer,1.376666,2.384625,9.576807,1550002918800
14154,99,Gyroscope,0.04370741,-0.038111877,0.0017898360000000002,1550002918809
14155,99,Accelerometer,0.533907,1.0127473,9.403227000000001,1550002918809
14156,99,Gyroscope,0.01560761,-0.016731594,-4.2759813000000006e-05,1550002918819
14157,99,Accelerometer,0.5243302,1.3503298000000001,9.309854,1550002918820
14158,99,Gyroscope,0.0052229017,-0.024061977999999998,0.018894061,1550002918829
14159,99,Accelerometer,0.33039984,1.9464860000000002,9.181764,1550002918830
14160,99,Gyroscope,0.008888093,-0.00023823230999999999,0.024391849,1550002918839
14161,99,Accelerometer,0.4141969,1.8339584999999998,10.277111,1550002918840
14162,99,Gyroscope,0.04615087,-0.011844671999999999,0.044550404,1550002918849
14163,99,Accelerometer,1.1468226000000001,0.3878607,8.285135,1550002918850
14164,99,Gyroscope,-0.023487763,0.03885714,-0.0012644903,1550002918860
14165,99,Accelerometer,-1.2437878,2.7461493,9.828198,1550002918860
14166,99,Gyroscope,-0.022266036,0.0852829,0.02561358,1550002918869
14167,99,Accelerometer,0.19153613,0.46567222,11.894394,1550002918870
14168,99,Gyroscope,-0.05830708,-0.016120728,0.032943964,1550002918879
14169,99,Accelerometer,0.7302314999999999,0.415394,9.53012,1550002918879
14170,99,Gyroscope,-0.021044305,0.004648689,-0.028753427999999998,1550002918890
14171,99,Accelerometer,0.58298814,2.730587,10.016143,1550002918890
14172,99,Gyroscope,0.004612036,0.018698592,0.017061466,1550002918899
14173,99,Accelerometer,1.3910311000000002,1.3431472,9.679757,1550002918900
14174,99,Gyroscope,0.038209625,0.0022052303,0.02927877,1550002918909
14175,99,Accelerometer,0.44771573,0.92296475,10.545261,1550002918909
14176,99,Gyroscope,0.05348126,-0.034446687000000004,0.03355483,1550002918919
14177,99,Accelerometer,1.4053963,0.41299978,9.1350765,1550002918920
14178,99,Gyroscope,0.03393357,-0.030781494,0.06715242,1550002918929
14179,99,Accelerometer,1.6448165000000001,1.3814543,8.627506,1550002918930
14180,99,Gyroscope,-0.0039400775,0.007092151999999999,0.037830885,1550002918939
14181,99,Accelerometer,0.31603462,0.5793968,9.091981,1550002918939
14182,99,Gyroscope,-0.016768249,0.01747686,0.014007141,1550002918949
14183,99,Accelerometer,0.42377370000000003,0.9780314,10.552444,1550002918950
14184,99,Gyroscope,-0.046089776,-0.015509863999999998,-0.025088236,1550002918959
14185,99,Accelerometer,1.2066777,0.8391677,9.885659,1550002918960
14186,99,Gyroscope,-0.050365835,-0.042387932999999996,-0.0018753556,1550002918969
14187,99,Accelerometer,0.5374983,1.1647792,10.133459,1550002918969
14188,99,Gyroscope,-0.06685919,-0.06498995,-0.020201313999999998,1550002918980
14189,99,Accelerometer,0.7110779,1.2342110000000002,9.561244,1550002918980
14190,99,Gyroscope,-0.096791595,-0.06437908,-0.06174015,1550002918989
14191,99,Accelerometer,1.2557588,1.5873556999999998,9.500193,1550002918990
14192,99,Gyroscope,0.014385881000000001,-0.08026158,-0.06296188,1550002918999
14193,99,Accelerometer,0.63087213,0.7505821999999999,10.127473,1550002918999
14194,99,Gyroscope,-0.019211708,-0.053383507000000004,-0.09594861,1550002919009
14195,99,Accelerometer,0.94810385,0.23104046,9.628283,1550002919010
14196,99,Gyroscope,-0.04975497,-0.059492163,-0.051966306,1550002919019
14197,99,Accelerometer,-0.14006079999999999,0.89782566,9.406818,1550002919020
14198,99,Gyroscope,0.010720688999999999,-0.042387932999999996,-0.09045081599999999,1550002919029
14199,99,Accelerometer,0.9959879,0.02873042,9.76116,1550002919030
14200,99,Gyroscope,-0.030818147999999997,-0.028948900000000003,-0.06662707,1550002919039
14201,99,Accelerometer,0.2741361,1.7764976000000003,9.648633,1550002919039
14202,99,Gyroscope,-0.06869179,-0.006346885,-0.057464093,1550002919049
14203,99,Accelerometer,0.1388637,0.7026982,10.012551,1550002919050
14204,99,Gyroscope,0.0021685753,-0.047274857999999996,-0.0678488,1550002919060
14205,99,Accelerometer,1.1037270000000001,1.0211270000000001,10.363302000000001,1550002919060
14206,99,Gyroscope,-0.0021074805,-0.043609664000000006,-0.05013371,1550002919069
14207,99,Accelerometer,0.6931214,1.6579846999999999,9.520543,1550002919070
14208,99,Gyroscope,-0.022266036,-0.033224955,-0.04891198,1550002919079
14209,99,Accelerometer,0.91817635,1.0342950999999998,8.738836000000001,1550002919080
14210,99,Gyroscope,0.033322702999999995,-0.042387932999999996,-0.05257717,1550002919089
14211,99,Accelerometer,0.40462008,1.8124107,9.763555,1550002919090
14212,99,Gyroscope,-0.01737911,-0.03139236,-0.029364292,1550002919099
14213,99,Accelerometer,0.5542577,0.51475334,9.870096,1550002919099
14214,99,Gyroscope,-0.01004873,-0.05460524,-0.031807754,1550002919109
14215,99,Accelerometer,0.6488286999999999,1.0247183000000002,10.200497,1550002919110
14216,99,Gyroscope,0.036987893,-0.05460524,-0.06479447,1550002919119
14217,99,Accelerometer,1.1671733999999998,0.59017074,9.267955,1550002919120
14218,99,Gyroscope,-0.01737911,-0.03750101,-0.04646852,1550002919129
14219,99,Accelerometer,0.034715924,1.1504139,8.760384,1550002919129
14220,99,Gyroscope,-0.02532036,0.0077030174,-0.06540534,1550002919140
14221,99,Accelerometer,0.14844051,0.6404489000000001,9.358934,1550002919140
14222,99,Gyroscope,0.04187482,0.02114205,-0.05257717,1550002919149
14223,99,Accelerometer,-0.03232172,0.9528923,9.244013,1550002919150
14224,99,Gyroscope,-0.029596416,0.03702455,-0.025088236,1550002919159
14225,99,Accelerometer,0.25378537,1.3946223999999998,10.181343,1550002919159
14226,99,Gyroscope,-0.030207282000000002,0.036413684,-0.011038333999999999,1550002919170
14227,99,Accelerometer,0.521936,1.0139444,10.433931,1550002919170
14228,99,Gyroscope,0.022327128999999998,0.006481286,-0.004929682,1550002919179
14229,99,Accelerometer,0.49799395,0.93493575,8.655039,1550002919180
14230,99,Gyroscope,-0.014935651999999999,0.071233004,0.0005681054,1550002919189
14231,99,Accelerometer,0.6488286999999999,2.2230163,10.8182,1550002919190
14232,99,Gyroscope,-0.0045509413,0.08406117,0.032943964,1550002919199
14233,99,Accelerometer,0.8619126,0.6919243,11.056422999999999,1550002919200
14234,99,Gyroscope,-0.043035455,-0.00817948,0.017672332,1550002919209
14235,99,Accelerometer,0.2908955,1.3072342,9.599552000000001,1550002919209
14236,99,Gyroscope,0.07119635,-0.013066402,0.009731084000000001,1550002919220
14237,99,Accelerometer,0.58298814,1.6101006000000002,8.825027,1550002919220
14238,99,Gyroscope,-0.0014966168,0.033970222,0.025002714,1550002919229
14239,99,Accelerometer,0.47405192,1.4269443000000002,9.375694000000001,1550002919230
14240,99,Gyroscope,0.027824916,0.018087726000000002,0.06837415,1550002919239
14241,99,Accelerometer,0.62608373,0.9900024,10.625467,1550002919239
14242,99,Gyroscope,0.036987893,-0.011233807,0.031722232999999996,1550002919250
14243,99,Accelerometer,0.7170634,0.92416185,10.431536999999999,1550002919250
14244,99,Gyroscope,-0.0027183462,-0.039333608,0.032943964,1550002919259
14245,99,Accelerometer,0.7529764,1.2366052,9.576807,1550002919260
14246,99,Gyroscope,0.0009468458599999999,-0.051550914,0.020115793,1550002919269
14247,99,Accelerometer,0.05865794,0.6775591,8.815451,1550002919270
14248,99,Gyroscope,0.0052229017,-0.024061977999999998,0.007898489,1550002919280
14249,99,Accelerometer,0.6727706999999999,0.9959879,9.745598,1550002919280
14250,99,Gyroscope,-0.02532036,-0.01856419,0.029889636,1550002919289
14251,99,Accelerometer,1.3934253,0.6560113000000001,9.3182335,1550002919289
14252,99,Gyroscope,-0.006994404,-0.005125154,0.006065893,1550002919299
14253,99,Accelerometer,0.81761986,1.9045875,10.995371,1550002919300
14254,99,Gyroscope,0.0015577096,-0.026505437000000003,0.009731084000000001,1550002919309
14255,99,Accelerometer,1.5933412,0.008379705999999999,9.540894,1550002919310
14256,99,Gyroscope,-0.016768249,-0.014898999,0.0066767577,1550002919319
14257,99,Accelerometer,1.9847932000000001,2.1200657000000005,9.659407,1550002919319
14258,99,Gyroscope,-0.044868045,-0.011844671999999999,0.0127854105,1550002919330
14259,99,Accelerometer,1.2880806,0.92057055,9.959878999999999,1550002919330
14260,99,Gyroscope,-0.0021074805,-0.02222938,0.009120219,1550002919339
14261,99,Accelerometer,1.1683705,1.5179238000000002,10.800244000000001,1550002919340
14262,99,Gyroscope,0.03759876,-0.046663992,0.04760473,1550002919349
14263,99,Accelerometer,1.8028339,0.94331545,9.367314,1550002919349
14264,99,Gyroscope,0.008888093,-0.06254649,0.032943964,1550002919360
14265,99,Accelerometer,0.6428431,0.6907272,8.785523,1550002919360
14266,99,Gyroscope,0.006444632,-0.036279282999999996,0.02561358,1550002919369
14267,99,Accelerometer,0.7673416999999999,1.1025299,9.864111,1550002919369
14268,99,Gyroscope,0.018661937,-0.03261409,0.043328673,1550002919379
14269,99,Accelerometer,1.3371617,0.29209262,9.24521,1550002919380
14270,99,Gyroscope,-0.022876898,-0.008790346,-0.000653625,1550002919389
14271,99,Accelerometer,0.90141696,1.0223241,10.4171715,1550002919390
14272,99,Gyroscope,0.021105397,-0.026505437000000003,-0.016536122,1550002919399
14273,99,Accelerometer,1.0486604,0.034715924,9.704897,1550002919399
14274,99,Gyroscope,0.004612036,0.0028160921999999997,-0.02447737,1550002919409
14275,99,Accelerometer,0.78170687,0.6775591,9.065644,1550002919410
14276,99,Gyroscope,0.0052229017,0.03274849,-0.023866504,1550002919419
14277,99,Accelerometer,0.9588778,0.19752164,9.0716305,1550002919420
14278,99,Gyroscope,0.013775015,0.055350505,-0.031807754,1550002919429
14279,99,Accelerometer,1.411382,0.24779987,9.3733,1550002919430
14280,99,Gyroscope,-0.021044305,0.058404832999999996,-0.03608381,1550002919439
14281,99,Accelerometer,1.5215151000000002,0.700304,9.721656,1550002919440
14282,99,Gyroscope,0.017440207,0.039468005,-0.042192463,1550002919449
14283,99,Accelerometer,1.8255788,0.70509243,9.947908,1550002919449
14284,99,Gyroscope,-0.016157383,0.049241855999999994,-0.039749,1550002919460
14285,99,Accelerometer,1.6328455,0.79846627,9.697714,1550002919460
14286,99,Gyroscope,-0.043035455,0.06940041,-0.04280333,1550002919469
14287,99,Accelerometer,1.5310919,1.091756,9.931149000000001,1550002919470
14288,99,Gyroscope,0.029046647000000002,0.020531185,-0.018368717,1550002919479
14289,99,Accelerometer,1.3934253,1.3682863,10.189722,1550002919479
14290,99,Gyroscope,0.021105397,0.030305027999999998,0.0030115664,1550002919489
14291,99,Accelerometer,1.1599906999999998,1.1827357,9.605537,1550002919490
14292,99,Gyroscope,-0.012492188999999999,0.06329175,-0.011038333999999999,1550002919499
14293,99,Accelerometer,1.3263878,1.1659763,8.580819,1550002919499
14294,99,Gyroscope,0.019883668,0.05596137,0.007898489,1550002919509
14295,99,Accelerometer,0.79846627,1.7645266,9.816227,1550002919510
14296,99,Gyroscope,-0.0021074805,0.05596137,0.01034195,1550002919519
14297,99,Accelerometer,0.6739678000000001,0.90620536,9.837775,1550002919520
14298,99,Gyroscope,-0.0057726726,0.060848295999999996,-0.0018753556,1550002919529
14299,99,Accelerometer,0.7038953,1.3275848999999997,8.730456,1550002919529
14300,99,Gyroscope,0.008277228000000001,0.066956945,0.0048441626,1550002919540
14301,99,Accelerometer,0.46208093,1.6699557,9.180567,1550002919540
14302,99,Gyroscope,0.010109824,0.04435493,0.018283198,1550002919549
14303,99,Accelerometer,1.1516110000000002,1.1336545,8.7771435,1550002919550
14304,99,Gyroscope,0.01316415,0.09505675,0.030500501,1550002919559
14305,99,Accelerometer,2.5605986,1.9800048,10.484209,1550002919559
14306,99,Gyroscope,0.010720688999999999,0.11460443599999999,0.07020674,1550002919570
14307,99,Accelerometer,0.6979098000000001,1.0486604,8.585608,1550002919570
14308,99,Gyroscope,-0.12428053,0.06756781,0.072039336,1550002919579
14309,99,Accelerometer,1.2844891999999999,2.8443117,12.073959,1550002919580
14310,99,Gyroscope,-0.032650746,0.03580282,0.06348722400000001,1550002919589
14311,99,Accelerometer,3.3399115,0.50996494,9.832987,1550002919589
14312,99,Gyroscope,-0.06013968,0.07550906,0.04210694,1550002919600
14313,99,Accelerometer,0.7613561,1.5131354,10.512939,1550002919600
14314,99,Gyroscope,-0.09007207,0.06207002,0.050659052999999996,1550002919609
14315,99,Accelerometer,2.315193,-0.04189853,10.626664,1550002919610
14316,99,Gyroscope,-0.0021074805,-0.021618515,0.028667906,1550002919619
14317,99,Accelerometer,2.6252422,1.2162545,10.328586999999999,1550002919619
14318,99,Gyroscope,0.05470299,-0.07598552,0.043328673,1550002919630
14319,99,Accelerometer,2.1954830000000003,1.5346833,9.502586,1550002919630
14320,99,Gyroscope,-0.0076052677,-0.063768215,0.086700104,1550002919639
14321,99,Accelerometer,2.4025814999999997,0.32441434,9.221267999999998,1550002919640
14322,99,Gyroscope,0.06203337,-0.047274857999999996,0.041496076,1550002919649
14323,99,Accelerometer,-0.37708676,-0.38067806,10.612299,1550002919649
14324,99,Gyroscope,0.07241808,-0.04910745,0.009731084000000001,1550002919660
14325,99,Accelerometer,0.2657564,0.5650316,9.667786999999999,1550002919660
14326,99,Gyroscope,0.022327128999999998,-0.038111877,0.03416569,1550002919669
14327,99,Accelerometer,0.59974754,1.1647792,9.859323,1550002919670
14328,99,Gyroscope,0.07913759,-0.039333608,0.020726658000000002,1550002919679
14329,99,Accelerometer,-0.79966336,0.7769185000000001,9.718064,1550002919680
14330,99,Gyroscope,0.032711837,-0.014898999,0.012174546000000001,1550002919689
14331,99,Accelerometer,-0.19991584,1.3084313,9.296685,1550002919689
14332,99,Gyroscope,0.013775015,-0.01734246,0.042717807000000003,1550002919700
14333,99,Accelerometer,0.38307226,1.5813701999999998,9.485827,1550002919700
14334,99,Gyroscope,0.02721405,-0.008790346,0.03966348,1550002919709
14335,99,Accelerometer,0.8547299999999999,0.82719666,8.9842415,1550002919710
14336,99,Gyroscope,-0.0033292117999999997,0.005259555,-0.015925256999999998,1550002919719
14337,99,Accelerometer,0.4381389,2.2505496,9.976639,1550002919720
14338,99,Gyroscope,-0.053420155999999996,0.041300602,0.037830885,1550002919729
14339,99,Accelerometer,1.6711528000000002,0.6679823,10.0508585,1550002919729
14340,99,Gyroscope,-0.039981127000000005,0.024196379,-0.005540547,1550002919740
14341,99,Accelerometer,0.47165772,0.6895300999999999,10.02572,1550002919740
14342,99,Gyroscope,-0.036315932999999995,0.008313879,-0.031196889,1550002919749
14343,99,Accelerometer,0.6715736,0.25617957,9.455899,1550002919749
14344,99,Gyroscope,-0.07418958,0.028472435,-0.02692083,1550002919760
14345,99,Accelerometer,2.0147207,0.37110126,9.544485,1550002919760
14346,99,Gyroscope,-0.043646313,0.022363782000000002,-0.058685824000000004,1550002919769
14347,99,Accelerometer,0.48841715,1.0486604,9.757569,1550002919770
14348,99,Gyroscope,-0.035705067,0.03580282,-0.0837313,1550002919779
14349,99,Accelerometer,0.2765303,0.6823475,9.575610000000001,1550002919780
14350,99,Gyroscope,-0.07846563,0.02786157,-0.04097073,1550002919789
14351,99,Accelerometer,1.1671733999999998,1.5083469999999999,10.15381,1550002919789
14352,99,Gyroscope,-0.024709495,0.0034269579,-0.02325564,1550002919800
14353,99,Accelerometer,0.80684596,1.3455413999999999,10.149021000000001,1550002919800
14354,99,Gyroscope,-0.013103055,0.0009834989999999999,-0.035472944,1550002919809
14355,99,Accelerometer,1.0235212,1.3455413999999999,9.7084875,1550002919810
14356,99,Gyroscope,-0.058917947000000005,-0.00084909797,-0.020812178,1550002919819
14357,99,Accelerometer,0.9947908000000001,1.6879122,9.903615,1550002919820
14358,99,Gyroscope,-0.008216133,-0.030781494,-0.029975157000000002,1550002919829
14359,99,Accelerometer,1.1085154,0.8798690999999998,9.944317,1550002919829
14360,99,Gyroscope,-0.015546517,-0.058881298,-0.02203391,1550002919840
14361,99,Accelerometer,1.411382,1.3012487,9.078813,1550002919840
14362,99,Gyroscope,-0.031429015,-0.04422053,-0.025088236,1550002919849
14363,99,Accelerometer,0.82001406,0.9911995000000001,9.500193,1550002919850
14364,99,Gyroscope,-0.015546517,-0.028948900000000003,-0.02447737,1550002919859
14365,99,Accelerometer,0.7170634,0.9600749,10.108319,1550002919860
14366,99,Gyroscope,0.034544434,-0.068044275,-0.043414194,1550002919869
14367,99,Accelerometer,1.3778629999999998,0.8702923,8.687361,1550002919869
14368,99,Gyroscope,-0.005161807,-0.04910745,-0.037916407,1550002919879
14369,99,Accelerometer,1.3036428999999998,2.3259668,10.435128,1550002919880
14370,99,Gyroscope,-0.030207282000000002,0.022363782000000002,-0.004929682,1550002919889
14371,99,Accelerometer,0.08020575,0.62249243,10.049662,1550002919890
14372,99,Gyroscope,-0.019822573,-0.02100765,0.007287623399999999,1550002919899
14373,99,Accelerometer,0.1352724,1.1863270000000001,10.060435,1550002919900
14374,99,Gyroscope,0.012553285,0.0077030174,-0.05135544,1550002919909
14375,99,Accelerometer,2.2397757,1.0630256,8.884883,1550002919910
14376,99,Gyroscope,-0.04975497,0.056572236,-0.017146988000000002,1550002919919
14377,99,Accelerometer,0.08619126,1.4269443000000002,8.379706,1550002919919
14378,99,Gyroscope,-0.032650746,0.05473964,-0.0061514126,1550002919930
14379,99,Accelerometer,-0.40821138,1.0462662,10.2495775,1550002919930
14380,99,Gyroscope,0.042485684,0.025418106,-0.011649198999999999,1550002919939
14381,99,Accelerometer,1.258153,0.63206923,10.382456,1550002919940
14382,99,Gyroscope,0.042485684,0.018698592,0.019504927,1550002919949
14383,99,Accelerometer,0.52073884,1.2282255,9.267955,1550002919950
14384,99,Gyroscope,-0.014324786,0.029694162000000003,0.028667906,1550002919959
14385,99,Accelerometer,1.1492168,1.389834,9.817424,1550002919959
14386,99,Gyroscope,0.0040011713,0.028472435,0.058600303,1550002919970
14387,99,Accelerometer,1.5801731,0.45250413,10.047267,1550002919970
14388,99,Gyroscope,-0.043035455,0.015644263000000002,0.053102515999999995,1550002919979
14389,99,Accelerometer,1.0821792,1.2054806,9.617508,1550002919980
14390,99,Gyroscope,-0.0790765,0.004648689,0.042717807000000003,1550002919989
14391,99,Accelerometer,1.5275006000000002,1.2186487,10.936713000000001,1550002919990
14392,99,Gyroscope,0.03759876,-0.019175055,-0.018368717,1550002919999
14393,99,Accelerometer,1.5310919,0.8858546,9.849746000000001,1550002919999
14394,99,Gyroscope,-0.019822573,-0.02222938,-0.0030970859999999998,1550002920009
14395,99,Accelerometer,0.7278373,0.90859956,9.419986999999999,1550002920010
14396,99,Gyroscope,-0.04242459,-0.012455538,-0.021423044,1550002920019
14397,99,Accelerometer,0.50876784,1.2042834999999998,9.822212,1550002920020
14398,99,Gyroscope,0.049816065,-0.0039034244,-0.009205738,1550002920029
14399,99,Accelerometer,0.26336220000000005,0.33877954,9.661800999999999,1550002920030
14400,99,Gyroscope,-0.026542092000000003,0.011368208000000001,-0.016536122,1550002920039
14401,99,Accelerometer,0.32800564,0.748188,9.411607,1550002920040
14402,99,Gyroscope,-0.012492188999999999,0.015644263000000002,-0.007373143,1550002920049
14403,99,Accelerometer,0.04309563,1.0582372,9.490616000000001,1550002920049
14404,99,Gyroscope,0.02477059,0.012589939,-0.009816604,1550002920059
14405,99,Accelerometer,0.5746084,0.8499416,9.803059,1550002920060
14406,99,Gyroscope,-0.0021074805,0.009535611,0.0024007012,1550002920069
14407,99,Accelerometer,1.1085154,1.2892777,9.029732000000001,1550002920070
14408,99,Gyroscope,0.0027794409999999997,0.035191953,0.018894061,1550002920079
14409,99,Accelerometer,0.04070143,1.3958195,9.989806,1550002920080
14410,99,Gyroscope,0.013775015,0.05168531,0.03966348,1550002920089
14411,99,Accelerometer,0.7433996,1.0079589,9.283517,1550002920089
14412,99,Gyroscope,-0.037537664,0.037635416,0.021337522,1550002920099
14413,99,Accelerometer,0.50757074,1.5047556999999998,10.745177,1550002920099
14414,99,Gyroscope,0.022327128999999998,0.014422532,0.01034195,1550002920110
14415,99,Accelerometer,1.0546459,0.6799533,10.139444000000001,1550002920110
14416,99,Gyroscope,-0.041813724,0.008924745,0.0066767577,1550002920119
14417,99,Accelerometer,0.81402856,1.8399439999999998,10.075998,1550002920120
14418,99,Gyroscope,-0.02532036,-0.00817948,0.034776557,1550002920129
14419,99,Accelerometer,1.4808137,0.9804255999999999,10.314221,1550002920130
14420,99,Gyroscope,0.059589908,-0.057048699999999994,0.020115793,1550002920139
14421,99,Accelerometer,1.3778629999999998,1.401805,9.575610000000001,1550002920139
14422,99,Gyroscope,0.021716263,-0.042387932999999996,0.04577213,1550002920149
14423,99,Accelerometer,0.7769185000000001,1.1671733999999998,9.221267999999998,1550002920150
14424,99,Gyroscope,0.019883668,-0.028948900000000003,0.06715242,1550002920160
14425,99,Accelerometer,0.8583213,1.0390834999999998,9.896433,1550002920160
14426,99,Gyroscope,0.05775731,-0.039944474,0.06287636,1550002920169
14427,99,Accelerometer,0.39145198,0.51235914,9.188946000000001,1550002920170
14428,99,Gyroscope,0.04615087,-0.013677267,0.045161266,1550002920179
14429,99,Accelerometer,0.20231004,1.0414777,8.785523,1550002920179
14430,99,Gyroscope,-0.04242459,0.032137625,0.04393954,1550002920189
14431,99,Accelerometer,-0.4261679,0.60453594,9.332599,1550002920189
14432,99,Gyroscope,-0.0033292117999999997,0.03702455,0.019504927,1550002920200
14433,99,Accelerometer,-0.5770026,0.4357447,8.707711,1550002920200
14434,99,Gyroscope,0.02721405,0.10421973,-0.0067622773,1550002920209
14435,99,Accelerometer,-0.22026655,1.5837643999999997,10.280702,1550002920210
14436,99,Gyroscope,-0.09740246,0.10910665,0.007898489,1550002920219
14437,99,Accelerometer,-0.6548142,0.4249708,10.9582615,1550002920220
14438,99,Gyroscope,0.017440207,0.01747686,0.016450599999999996,1550002920229
14439,99,Accelerometer,0.51834464,0.94451255,8.913613,1550002920229
14440,99,Gyroscope,0.01316415,0.090169825,0.018283198,1550002920240
14441,99,Accelerometer,0.47405192,2.183512,8.856152999999999,1550002920240
14442,99,Gyroscope,-0.087017745,0.14026079,0.03966348,1550002920249
14443,99,Accelerometer,0.027533319,1.5801731,9.96347,1550002920250
14444,99,Gyroscope,0.0027794409999999997,0.10116539,0.04882646,1550002920259
14445,99,Accelerometer,-0.19871874,0.90979666,12.196063,1550002920260
14446,99,Gyroscope,0.055924714,0.015033398,0.062265493,1550002920269
14447,99,Accelerometer,2.1571757999999996,-0.1448492,9.31943,1550002920269
14448,99,Gyroscope,0.046761736,0.052907042,0.07875886,1550002920279
14449,99,Accelerometer,0.9672575000000001,2.7593174,10.030508,1550002920280
14450,99,Gyroscope,-0.026542092000000003,0.11399356,0.072039336,1550002920290
14451,99,Accelerometer,0.8678981,0.6655880999999999,9.544485,1550002920290
14452,99,Gyroscope,-0.03203988,0.07673079,0.058600303,1550002920299
14453,99,Accelerometer,-0.107739076,1.1133038,10.787075999999999,1550002920300
14454,99,Gyroscope,0.016218476000000003,0.03274849,-4.2759813000000006e-05,1550002920309
14455,99,Accelerometer,0.4441244000000001,0.81283146,11.081563000000001,1550002920309
14456,99,Gyroscope,0.0021685753,0.01625513,-0.02692083,1550002920319
14457,99,Accelerometer,0.60693014,1.1324573999999998,9.103952,1550002920319
14458,99,Gyroscope,0.0058337674,0.03152676,0.009731084000000001,1550002920330
14459,99,Accelerometer,-0.8283938,1.3754688999999998,9.064447,1550002920330
14460,99,Gyroscope,0.032711837,0.04557666,0.015228872,1550002920339
14461,99,Accelerometer,-0.7733272,0.7410054,9.153033,1550002920340
14462,99,Gyroscope,0.036377028,0.042522334,0.021948388,1550002920349
14463,99,Accelerometer,0.18315643,1.2964603000000001,9.947908,1550002920350
14464,99,Gyroscope,0.013775015,0.033359356,0.06104376,1550002920359
14465,99,Accelerometer,0.8367735000000001,1.3156139,9.572019000000001,1550002920359
14466,99,Gyroscope,0.010720688999999999,0.028472435,0.062265493,1550002920369
14467,99,Accelerometer,1.412579,1.6759412,9.764750999999999,1550002920370
14468,99,Gyroscope,-0.005161807,0.02786157,0.06043289599999999,1550002920380
14469,99,Accelerometer,1.8974048,1.2114661,9.77792,1550002920380
14470,99,Gyroscope,-0.025931226,0.026639838,0.07142847,1550002920389
14471,99,Accelerometer,1.9907787000000001,0.7350199000000001,10.131064,1550002920390
14472,99,Gyroscope,-0.00027488545,-0.008790346,0.05249165,1550002920399
14473,99,Accelerometer,2.0171148999999997,0.26336220000000005,10.250774,1550002920400
14474,99,Gyroscope,-0.013103055,-0.026505437000000003,0.015228872,1550002920409
14475,99,Accelerometer,2.0638018,0.6452374,10.0987425,1550002920409
14476,99,Gyroscope,-0.0033292117999999997,-0.028948900000000003,-0.0043188166,1550002920420
14477,99,Accelerometer,1.5490485,0.077811554,9.015367,1550002920420
14478,99,Gyroscope,-0.014935651999999999,-0.015509863999999998,-0.029364292,1550002920429
14479,99,Accelerometer,0.6895300999999999,0.22864626,9.866506,1550002920430
14480,99,Gyroscope,0.0094989585,-0.034446687000000004,-0.043414194,1550002920439
14481,99,Accelerometer,0.6679823,0.79846627,9.801862,1550002920440
14482,99,Gyroscope,0.0027794409999999997,-0.020396786,-0.04280333,1550002920449
14483,99,Accelerometer,0.7074866,1.1013328000000002,9.301474,1550002920449
14484,99,Gyroscope,-0.0057726726,0.0077030174,-0.02447737,1550002920460
14485,99,Accelerometer,0.010773907,1.292869,9.338583999999999,1550002920460
14486,99,Gyroscope,-0.01737911,0.03274849,-0.014703525,1550002920469
14487,99,Accelerometer,-0.17238252,1.0833763,9.550469999999999,1550002920470
14488,99,Gyroscope,0.01316415,0.0431332,0.0017898360000000002,1550002920479
14489,99,Accelerometer,-0.019153614,0.9732430000000001,9.834184,1550002920480
14490,99,Gyroscope,0.036377028,0.04863099,-0.0018753556,1550002920489
14491,99,Accelerometer,0.6380547,0.9756372,9.7240505,1550002920489
14492,99,Gyroscope,0.026603185,0.04557666,0.0005681054,1550002920500
14493,99,Accelerometer,1.4604629999999998,1.365892,9.305064999999999,1550002920500
14494,99,Gyroscope,0.014996746000000002,0.05473964,0.0048441626,1550002920509
14495,99,Accelerometer,1.3096284,1.5454572,9.196128999999999,1550002920510
14496,99,Gyroscope,0.025381455,0.061459154,-4.2759813000000006e-05,1550002920519
14497,99,Accelerometer,1.3227965,1.5310919,9.560047,1550002920520
14498,99,Gyroscope,0.0070554977,0.071233004,-0.004929682,1550002920529
14499,99,Accelerometer,1.5765818,1.423353,10.427945,1550002920529
14500,99,Gyroscope,-0.023487763,0.085893765,0.0036224315000000003,1550002920539
14501,99,Accelerometer,1.2318168,1.6065093000000001,10.260351,1550002920540
14502,99,Gyroscope,0.055313855,0.033970222,0.018283198,1550002920550
14503,99,Accelerometer,1.4305356000000002,1.4317327,8.552089,1550002920550
14504,99,Gyroscope,0.085857116,0.04007887,0.0109528145,1550002920559
14505,99,Accelerometer,1.163582,0.91937345,6.7109475000000005,1550002920560
14506,99,Gyroscope,0.15671748,0.093224145,0.02805704,1550002920569
14507,99,Accelerometer,0.61650693,1.270124,4.940435400000001,1550002920570
14508,99,Gyroscope,-0.01127046,0.26365554,0.040274344,1550002920579
14509,99,Accelerometer,-1.1192893,1.7130512999999998,11.271901,1550002920580
14510,99,Gyroscope,-0.06991352,0.157365,0.08486751,1550002920590
14511,99,Accelerometer,1.0522517,-1.0139444,13.905523,1550002920590
14512,99,Gyroscope,0.06936375,-0.012455538,0.025002714,1550002920599
14513,99,Accelerometer,1.7262194,0.8738836,9.866506,1550002920600
14514,99,Gyroscope,0.0076663624,0.06512435,-0.0030970859999999998,1550002920609
14515,99,Accelerometer,0.94092125,2.1284454,8.406042,1550002920609
14516,99,Gyroscope,-0.15299119,0.12193482,0.021948388,1550002920619
14517,99,Accelerometer,0.5674258000000001,1.5107412,9.938332,1550002920619
14518,99,Gyroscope,0.047983468,0.06573521,0.062265493,1550002920630
14519,99,Accelerometer,1.9405005000000002,1.2282255,11.240777,1550002920630
14520,99,Gyroscope,0.04615087,0.013200805,0.06531982,1550002920639
14521,99,Accelerometer,2.3702598,1.6136919,10.687716499999999,1550002920640
14522,99,Gyroscope,0.019883668,-0.016120728,0.111134715,1550002920649
14523,99,Accelerometer,3.1399956,1.8806453999999997,10.206482000000001,1550002920650
14524,99,Gyroscope,0.022327128999999998,0.008313879,0.10319347,1550002920659
14525,99,Accelerometer,1.6962918999999999,1.5346833,10.395624,1550002920660
14526,99,Gyroscope,-0.026542092000000003,0.0040378235,0.095252216,1550002920669
14527,99,Accelerometer,2.1751322999999996,0.79128367,10.933122000000001,1550002920670
14528,99,Gyroscope,-0.020433438999999998,-0.058270432000000004,0.07142847,1550002920679
14529,99,Accelerometer,2.280477,0.8487445,11.522096000000001,1550002920680
14530,99,Gyroscope,0.06081164,-0.10591792,0.04577213,1550002920689
14531,99,Accelerometer,1.3479356000000002,1.043872,9.890448,1550002920690
14532,99,Gyroscope,0.012553285,-0.058270432000000004,0.0054550273,1550002920699
14533,99,Accelerometer,0.45250413,0.59136784,8.781932000000001,1550002920699
14534,99,Gyroscope,-0.03509419999999999,-0.041166205,0.031722232999999996,1550002920710
14535,99,Accelerometer,0.47285482,0.5734113000000001,9.514558000000001,1550002920710
14536,99,Gyroscope,0.028435782000000003,-0.053383507000000004,0.026835311,1550002920719
14537,99,Accelerometer,0.664391,0.90859956,9.733627,1550002920720
14538,99,Gyroscope,0.039431356,-0.047274857999999996,0.012174546000000001,1550002920729
14539,99,Accelerometer,0.46926352,0.9768343,9.093178,1550002920730
14540,99,Gyroscope,-0.014935651999999999,-0.010012077,0.039052617000000005,1550002920739
14541,99,Accelerometer,0.08379706,0.93732995,9.580399,1550002920740
14542,99,Gyroscope,0.022327128999999998,0.018698592,0.020726658000000002,1550002920749
14543,99,Accelerometer,0.037110128,0.5793968,9.582792,1550002920749
14544,99,Gyroscope,-0.0076052677,0.03152676,0.0048441626,1550002920760
14545,99,Accelerometer,0.044292733,1.1420341999999999,9.23683,1550002920760
14546,99,Gyroscope,-0.013103055,0.03152676,-0.009205738,1550002920769
14547,99,Accelerometer,0.8882488000000002,0.59735334,8.908825,1550002920770
14548,99,Gyroscope,0.01560761,0.085893765,-0.0067622773,1550002920779
14549,99,Accelerometer,0.10534488,1.0881646999999999,9.032125,1550002920780
14550,99,Gyroscope,-0.07418958,0.08955896,-0.022644775,1550002920789
14551,99,Accelerometer,0.6679823,1.3551182,10.815806,1550002920790
14552,99,Gyroscope,-0.010659594,0.02114205,-0.01287093,1550002920799
14553,99,Accelerometer,1.365892,0.94690675,10.603919,1550002920799
14554,99,Gyroscope,0.036987893,-0.011844671999999999,0.0036224315000000003,1550002920810
14555,99,Accelerometer,0.6871359,1.4604629999999998,9.913192,1550002920810
14556,99,Gyroscope,-0.04242459,0.010146476,-0.000653625,1550002920819
14557,99,Accelerometer,1.4329298000000001,0.7529764,8.537724,1550002920820
14558,99,Gyroscope,0.00033598019999999995,0.004648689,-0.010427468,1550002920829
14559,99,Accelerometer,1.8842366999999998,1.5873556999999998,9.399636,1550002920830
14560,99,Gyroscope,0.030879242,0.008313879,0.016450599999999996,1550002920839
14561,99,Accelerometer,1.1911154,0.34835634,9.916783,1550002920840
14562,99,Gyroscope,-0.0027183462,-0.009401211500000001,-4.2759813000000006e-05,1550002920849
14563,99,Accelerometer,0.89303726,0.5363011999999999,9.089587,1550002920849
14564,99,Gyroscope,-0.023487763,-0.027727167999999996,-0.012260064499999999,1550002920860
14565,99,Accelerometer,1.4137761999999998,1.3060371000000002,10.204087,1550002920860
14566,99,Gyroscope,0.044929143,-0.027727167999999996,-0.010427468,1550002920869
14567,99,Accelerometer,0.7721300999999999,0.1412579,8.801085,1550002920870
14568,99,Gyroscope,-0.044868045,-0.028338033999999998,-0.017757852,1550002920879
14569,99,Accelerometer,0.2861071,2.1763293999999997,10.603919,1550002920880
14570,99,Gyroscope,-0.11206323,0.007092151999999999,-0.039749,1550002920889
14571,99,Accelerometer,1.2090718999999999,0.866701,12.1840925,1550002920890
14572,99,Gyroscope,0.016218476000000003,-0.08942456,0.007898489,1550002920899
14573,99,Accelerometer,0.5303157,0.5267244000000001,9.788692999999999,1550002920899
14574,99,Gyroscope,-0.050365835,-0.041166205,-0.033640347,1550002920909
14575,99,Accelerometer,0.23223756,1.3838485,9.333796000000001,1550002920910
14576,99,Gyroscope,-0.08213083,-0.030781494,-0.071513996,1550002920920
14577,99,Accelerometer,1.1180921999999998,1.8255788,9.677363,1550002920920
14578,99,Gyroscope,0.04615087,-0.05277264,-0.028753427999999998,1550002920929
14579,99,Accelerometer,0.93852705,1.8710686,11.130644,1550002920930
14580,99,Gyroscope,0.04615087,-0.08209418,0.02317012,1550002920939
14581,99,Accelerometer,0.28491,0.19033903,9.712079,1550002920940
14582,99,Gyroscope,0.0040011713,-0.09553321,-0.0067622773,1550002920949
14583,99,Accelerometer,1.5562311000000002,1.3599066,9.564836,1550002920949
14584,99,Gyroscope,0.08219192,-0.12790906,0.015228872,1550002920960
14585,99,Accelerometer,1.9788077000000002,1.6017209,9.386467999999999,1550002920960
14586,99,Gyroscope,0.107848264,-0.14684589,0.04760473,1550002920969
14587,99,Accelerometer,1.3599066,0.7278373,9.202114,1550002920970
14588,99,Gyroscope,0.04187482,-0.1694479,0.11174558,1550002920979
14589,99,Accelerometer,2.6503813,1.8854338,8.881291000000001,1550002920980
14590,99,Gyroscope,0.0015577096,-0.08820283,0.015228872,1550002920989
14591,99,Accelerometer,0.19033903,1.4616601,8.698134,1550002920989
14592,99,Gyroscope,-0.024709495,-0.035057552,-0.035472944,1550002920999
14593,99,Accelerometer,-1.0546459,0.6823475,10.078392,1550002921000
14594,99,Gyroscope,-0.041813724,-0.022840247,-0.030586022999999997,1550002921010
14595,99,Accelerometer,-0.07062895,1.5741876000000001,10.340557,1550002921010
14596,99,Gyroscope,0.0113315545,-0.015509863999999998,-0.030586022999999997,1550002921019
14597,99,Accelerometer,-0.7266402,0.60573304,8.985439,1550002921020
14598,99,Gyroscope,-0.018600842,0.01747686,-0.06051842,1550002921029
14599,99,Accelerometer,-1.1360487,2.1751322999999996,8.920795,1550002921030
14600,99,Gyroscope,-0.0137139205,0.055350505,0.026224446000000002,1550002921039
14601,99,Accelerometer,-0.45370123,1.8267759,9.755175,1550002921039
14602,99,Gyroscope,-0.05708535,0.06756781,0.043328673,1550002921050
14603,99,Accelerometer,0.29448682,0.9528923,9.580399,1550002921050
14604,99,Gyroscope,-0.0137139205,0.06023743,0.0030115664,1550002921059
14605,99,Accelerometer,-0.1388637,1.4065934,10.038888,1550002921060
14606,99,Gyroscope,-0.024709495,0.052296177,0.032943964,1550002921069
14607,99,Accelerometer,1.5358804,0.59495914,9.03452,1550002921070
14608,99,Gyroscope,-0.0008857511,0.0431332,0.044550404,1550002921079
14609,99,Accelerometer,1.3084313,1.270124,9.103952,1550002921079
14610,99,Gyroscope,0.012553285,0.06390262,0.04393954,1550002921089
14611,99,Accelerometer,0.5363011999999999,0.8750806999999999,10.04607,1550002921089
14612,99,Gyroscope,0.0070554977,0.03274849,0.056767705999999994,1550002921100
14613,99,Accelerometer,1.2725182,0.9995792,10.9834,1550002921100
14614,99,Gyroscope,-0.019822573,-0.009401211500000001,0.0744828,1550002921109
14615,99,Accelerometer,2.349909,1.1947067,10.679337,1550002921110
14616,99,Gyroscope,0.0650877,-0.030781494,0.03355483,1550002921119
14617,99,Accelerometer,1.7166426,0.92296475,9.594764,1550002921120
14618,99,Gyroscope,0.0033903066,0.0009834989999999999,0.020726658000000002,1550002921129
14619,99,Accelerometer,0.8583213,1.401805,8.933964,1550002921129
14620,99,Gyroscope,-0.03814853,0.011368208000000001,0.046993863,1550002921139
14621,99,Accelerometer,0.6871359,1.3670892,10.648212,1550002921139
14622,99,Gyroscope,0.044929143,-0.030781494,0.037830885,1550002921150
14623,99,Accelerometer,0.35434186,0.58298814,10.304644999999999,1550002921150
14624,99,Gyroscope,0.030268377000000003,-0.04849659,0.018894061,1550002921159
14625,99,Accelerometer,0.29927522,0.94930094,7.945158500000001,1550002921160
14626,99,Gyroscope,-0.060750544000000004,-0.028948900000000003,0.031111367,1550002921169
14627,99,Accelerometer,-0.7697359,1.9357121,8.817844000000001,1550002921170
14628,99,Gyroscope,-0.037537664,0.057793967,0.05004819,1550002921179
14629,99,Accelerometer,0.15801731,1.7872716,12.838906,1550002921180
14630,99,Gyroscope,0.019883668,-0.04422053,0.06348722400000001,1550002921189
14631,99,Accelerometer,1.4449007999999999,0.42018240000000007,9.147048,1550002921189
14632,99,Gyroscope,0.04004222,-0.008790346,-0.012260064499999999,1550002921200
14633,99,Accelerometer,-0.28371290000000005,2.4109612,8.659827,1550002921200
14634,99,Gyroscope,-0.11267409,0.062680885,0.039052617000000005,1550002921209
14635,99,Accelerometer,1.1923125,1.0247183000000002,9.618706,1550002921210
14636,99,Gyroscope,-0.038759395,0.018087726000000002,0.02561358,1550002921219
14637,99,Accelerometer,0.0011971008,1.7812861,10.901997999999999,1550002921220
14638,99,Gyroscope,0.07363981,-0.016120728,-0.007984008,1550002921229
14639,99,Accelerometer,0.9959879,0.46806642,9.97185,1550002921229
14640,99,Gyroscope,-0.023487763,-0.015509863999999998,0.019504927,1550002921239
14641,99,Accelerometer,1.6759412,1.5729905,10.326192,1550002921240
14642,99,Gyroscope,0.05653558,0.010757342,0.044550404,1550002921249
14643,99,Accelerometer,0.8858546,1.3778629999999998,9.704897,1550002921250
14644,99,Gyroscope,-0.04425718,0.03824628,0.053102515999999995,1550002921259
14645,99,Accelerometer,0.37588966,0.62368953,10.386047,1550002921260
14646,99,Gyroscope,-0.056474485,-0.015509863999999998,0.0036224315000000003,1550002921269
14647,99,Accelerometer,1.2509704,0.40462008,10.342952,1550002921269
14648,99,Gyroscope,0.051037795999999996,-0.046663992,0.0042332970000000004,1550002921279
14649,99,Accelerometer,0.19871874,1.3335704,10.439917,1550002921280
14650,99,Gyroscope,-0.030818147999999997,0.007092151999999999,-0.02203391,1550002921289
14651,99,Accelerometer,0.31124622,0.4285621,8.604761,1550002921290
14652,99,Gyroscope,0.0058337674,0.009535611,0.0024007012,1550002921299
14653,99,Accelerometer,-0.38426940000000004,1.1288661,9.876082,1550002921300
14654,99,Gyroscope,0.10662653,-0.005125154,0.026835311,1550002921309
14655,99,Accelerometer,-0.21428105,0.1352724,9.873688000000001,1550002921310
14656,99,Gyroscope,0.028435782000000003,0.0009834989999999999,0.037830885,1550002921319
14657,99,Accelerometer,0.107739076,1.3670892,9.436746000000001,1550002921319
14658,99,Gyroscope,0.018051071000000002,-0.009401211500000001,0.039052617000000005,1550002921330
14659,99,Accelerometer,1.1384428999999998,1.3467385,9.959878999999999,1550002921330
14660,99,Gyroscope,0.051037795999999996,-0.03261409,0.053102515999999995,1550002921339
14661,99,Accelerometer,0.59376204,1.7405846,9.91798,1550002921340
14662,99,Gyroscope,-0.03937026,-0.012455538,0.053102515999999995,1550002921349
14663,99,Accelerometer,0.62368953,1.1791444,9.534908,1550002921350
14664,99,Gyroscope,-0.012492188999999999,-0.04055534,0.037830885,1550002921359
14665,99,Accelerometer,1.1109096,1.127669,9.605537,1550002921360
14666,99,Gyroscope,0.010720688999999999,-0.04422053,0.043328673,1550002921369
14667,99,Accelerometer,0.6488286999999999,1.2761095,9.361329,1550002921369
14668,99,Gyroscope,-0.0369268,-0.04422053,0.025002714,1550002921380
14669,99,Accelerometer,0.78769237,1.2641385,9.390058999999999,1550002921380
14670,99,Gyroscope,-0.00027488545,-0.027727167999999996,0.019504927,1550002921389
14671,99,Accelerometer,0.61530983,1.9297266,10.901997999999999,1550002921390
14672,99,Gyroscope,-0.017989976,-0.039333608,0.054324247,1550002921399
14673,99,Accelerometer,-0.095768064,1.2378023,10.639832499999999,1550002921400
14674,99,Gyroscope,-0.06136141,-0.06010303,0.05554598,1550002921409
14675,99,Accelerometer,0.3184288,1.0486604,10.220847000000001,1550002921410
14676,99,Gyroscope,-0.009437865,-0.06315735,0.04210694,1550002921419
14677,99,Accelerometer,0.7266402,0.9995792,9.716867,1550002921419
14678,99,Gyroscope,-0.0021074805,-0.050329182,0.064708956,1550002921429
14679,99,Accelerometer,-0.4345476,1.2126632,9.31943,1550002921430
14680,99,Gyroscope,-0.010659594,-0.050329182,0.04088521,1550002921440
14681,99,Accelerometer,0.7649474,0.6607997,9.853337,1550002921440
14682,99,Gyroscope,0.05348126,-0.057048699999999994,0.029889636,1550002921449
14683,99,Accelerometer,0.25498247,-0.23582886,9.108741,1550002921450
14684,99,Gyroscope,0.029657512999999996,-0.058881298,-0.005540547,1550002921459
14685,99,Accelerometer,1.0809821000000002,0.020350715,8.400057,1550002921460
14686,99,Gyroscope,-0.022266036,-0.04849659,-0.034251212999999996,1550002921469
14687,99,Accelerometer,-0.34356794,0.1436521,10.061633,1550002921469
14688,99,Gyroscope,-0.050365835,-0.010622941,-0.039138135,1550002921479
14689,99,Accelerometer,1.0821792,0.91458505,12.388797,1550002921479
14690,99,Gyroscope,-0.014324786,-0.10713965,-0.039749,1550002921490
14691,99,Accelerometer,2.1799207000000003,-0.053869538,9.380483,1550002921490
14692,99,Gyroscope,-0.01004873,-0.066822544,-0.094726875,1550002921500
14693,99,Accelerometer,0.45729253,1.6184803,9.6845455,1550002921500
14694,99,Gyroscope,-0.14016302,-0.025894572999999997,-0.067237936,1550002921509
14695,99,Accelerometer,0.7493850999999999,0.6332663000000001,9.965864,1550002921510
14696,99,Gyroscope,-0.14016302,-0.07842898,-0.067237936,1550002921519
14697,99,Accelerometer,0.33877954,2.1033063,11.21085,1550002921519
14698,99,Gyroscope,0.031490106000000004,-0.11141571,-0.051966306,1550002921529
14699,99,Accelerometer,1.483208,0.21906945,9.112331,1550002921529
14700,99,Gyroscope,-0.00027488545,-0.09186802,-0.030586022999999997,1550002921540
14701,99,Accelerometer,0.40222588,1.8519150000000002,8.895657,1550002921540
14702,99,Gyroscope,0.018661937,-0.028948900000000003,-0.029364292,1550002921549
14703,99,Accelerometer,0.9804255999999999,2.2086509999999997,9.222465,1550002921550
14704,99,Gyroscope,-0.019822573,-0.028338033999999998,0.0036224315000000003,1550002921559
14705,99,Accelerometer,1.0295067,1.2892777,8.821436,1550002921560
14706,99,Gyroscope,-0.06013968,-0.027727167999999996,-0.048301116,1550002921569
14707,99,Accelerometer,-0.061052144,1.3922282,10.660183,1550002921569
14708,99,Gyroscope,-0.008826999,-0.05460524,-0.06418361,1550002921579
14709,99,Accelerometer,1.484405,0.9720459000000001,9.384072999999999,1550002921579
14710,99,Gyroscope,-0.022266036,-0.022840247,-0.05929669,1550002921590
14711,99,Accelerometer,0.7613561,2.0326772,9.232041,1550002921590
14712,99,Gyroscope,-0.027763822999999997,-0.008790346,-0.08250957,1550002921599
14713,99,Accelerometer,-0.17118542,1.1444284,9.285912,1550002921600
14714,99,Gyroscope,0.00033598019999999995,0.022974647999999997,-0.08983995,1550002921609
14715,99,Accelerometer,0.15442601,1.7513584999999998,9.805453,1550002921610
14716,99,Gyroscope,0.020494534,0.041300602,-0.03302948,1550002921619
14717,99,Accelerometer,0.82599956,1.0402806,10.073604,1550002921619
14718,99,Gyroscope,-0.046089776,0.013200805,-0.055020634000000006,1550002921629
14719,99,Accelerometer,0.17118542,1.4496891,9.961076,1550002921629
14720,99,Gyroscope,0.010720688999999999,-0.0039034244,-0.055020634000000006,1550002921640
14721,99,Accelerometer,1.496376,0.9768343,9.289502,1550002921640
14722,99,Gyroscope,-0.028374685,-0.016120728,-0.02692083,1550002921649
14723,99,Accelerometer,1.7992426,1.6304513,8.768764,1550002921650
14724,99,Gyroscope,-0.038759395,-0.012455538,-0.007373143,1550002921659
14725,99,Accelerometer,1.4580688,0.9636662,10.012551,1550002921660
14726,99,Gyroscope,0.004612036,-0.028948900000000003,0.0030115664,1550002921669
14727,99,Accelerometer,1.8040310000000002,0.61530983,10.551247,1550002921670
14728,99,Gyroscope,0.03393357,-0.06437908,0.02927877,1550002921679
14729,99,Accelerometer,2.822764,0.39145198,10.095152,1550002921679
14730,99,Gyroscope,0.008888093,-0.04910745,0.012174546000000001,1550002921689
14731,99,Accelerometer,2.2840683,0.5530606,9.260772,1550002921690
14732,99,Gyroscope,0.020494534,-0.059492163,-0.02692083,1550002921700
14733,99,Accelerometer,2.0925324,1.258153,9.533711,1550002921700
14734,99,Gyroscope,-0.012492188999999999,-0.053383507000000004,-0.036694676,1550002921709
14735,99,Accelerometer,1.7693150000000002,0.93134445,9.865308,1550002921710
14736,99,Gyroscope,0.02721405,-0.057659565999999995,-0.007984008,1550002921719
14737,99,Accelerometer,0.130484,0.61650693,9.639056,1550002921720
14738,99,Gyroscope,0.0492052,-0.04849659,-0.037916407,1550002921729
14739,99,Accelerometer,0.36032736,1.3371617,9.372103,1550002921729
14740,99,Gyroscope,0.022937994,-0.012455538,-0.03730554,1550002921739
14741,99,Accelerometer,0.90381116,1.5298948,9.203311,1550002921740
14742,99,Gyroscope,-0.0039400775,0.0077030174,0.006065893,1550002921750
14743,99,Accelerometer,0.051475335,1.1982979999999999,9.998186,1550002921750
14744,99,Gyroscope,-0.012492188999999999,-0.00817948,0.007898489,1550002921759
14745,99,Accelerometer,0.16160862,1.2952632,10.878055999999999,1550002921760
14746,99,Gyroscope,0.02721405,0.0028160921999999997,-0.0012644903,1550002921769
14747,99,Accelerometer,0.8786719999999999,0.712275,8.918402,1550002921770
14748,99,Gyroscope,-0.034483336,0.026028972,-0.007373143,1550002921779
14749,99,Accelerometer,-0.15562311,1.8148049,9.92636,1550002921779
14750,99,Gyroscope,-0.10656543,0.052907042,-0.014703525,1550002921789
14751,99,Accelerometer,1.6723499,0.7038953,12.679692,1550002921790
14752,99,Gyroscope,0.09135491,-0.055216104,0.03966348,1550002921799
14753,99,Accelerometer,1.1695676000000002,-0.38067806,8.517372,1550002921800
14754,99,Gyroscope,0.025381455,0.027250702999999998,-0.036694676,1550002921809
14755,99,Accelerometer,1.4185646,2.123657,7.4016747,1550002921810
14756,99,Gyroscope,-0.12672399,0.05168531,-0.022644775,1550002921819
14757,99,Accelerometer,1.6903063999999999,0.6368576,8.841787,1550002921820
14758,99,Gyroscope,0.07547241,-0.006346885,-0.0067622773,1550002921829
14759,99,Accelerometer,0.25139117,1.6112977,11.700463000000001,1550002921829
14760,99,Gyroscope,0.010720688999999999,-0.08087245,-0.008594873000000001,1550002921839
14761,99,Accelerometer,1.271321,0.21308395,11.058817999999999,1550002921839
14762,99,Gyroscope,0.0076663624,-0.08820283,-0.05135544,1550002921850
14763,99,Accelerometer,3.229778,0.09935937,8.821436,1550002921850
14764,99,Gyroscope,0.0033903066,-0.10469619,0.024391849,1550002921859
14765,99,Accelerometer,0.93852705,1.9823990000000002,10.959458,1550002921860
14766,99,Gyroscope,-0.0045509413,-0.07232033,-0.027531696,1550002921869
14767,99,Accelerometer,1.0342950999999998,-0.34596214,9.0429,1550002921870
14768,99,Gyroscope,-0.068080924,-0.09186802,-0.03486208,1550002921879
14769,99,Accelerometer,0.8343792999999999,1.4137761999999998,11.121067,1550002921879
14770,99,Gyroscope,0.016218476000000003,-0.102863595,-0.042192463,1550002921889
14771,99,Accelerometer,0.8690952,0.051475335,9.228451,1550002921889
14772,99,Gyroscope,0.0076663624,-0.07354206,-0.08556389999999998,1550002921899
14773,99,Accelerometer,-0.2621651,0.8547299999999999,9.592369,1550002921900
14774,99,Gyroscope,-0.02532036,-0.057048699999999994,-0.059907555999999994,1550002921909
14775,99,Accelerometer,0.13766660000000003,1.1001357,10.472239,1550002921910
14776,99,Gyroscope,0.055924714,-0.058881298,-0.03730554,1550002921919
14777,99,Accelerometer,0.12569559,1.1851299,9.552864999999999,1550002921920
14778,99,Gyroscope,-0.0008857511,-0.019175055,-0.029364292,1550002921929
14779,99,Accelerometer,0.50278234,1.0127473,9.5013895,1550002921930
14780,99,Gyroscope,-0.03937026,-0.010012077,-0.02447737,1550002921939
14781,99,Accelerometer,0.49200845,1.4736311000000002,9.588778,1550002921939
14782,99,Gyroscope,-0.020433438999999998,-0.014898999,-0.021423044,1550002921949
14783,99,Accelerometer,0.90979666,1.1216834999999998,8.959103,1550002921950
14784,99,Gyroscope,-0.028374685,-0.0032925587,-0.03608381,1550002921959
14785,99,Accelerometer,0.40462008,1.5502456,9.084799,1550002921960
14786,99,Gyroscope,-0.02165517,0.023585513,-0.033640347,1550002921969
14787,99,Accelerometer,0.46088383,1.4149733,9.745598,1550002921970
14788,99,Gyroscope,-0.016157383,0.032137625,-4.2759813000000006e-05,1550002921979
14789,99,Accelerometer,1.0390834999999998,1.1001357,9.938332,1550002921980
14790,99,Gyroscope,-0.039981127000000005,0.015033398,-0.009816604,1550002921989
14791,99,Accelerometer,0.5710170999999999,1.4173675,10.457873,1550002921989
14792,99,Gyroscope,-0.024709495,-0.0075686146,-0.017146988000000002,1550002921999
14793,99,Accelerometer,1.2665327,1.1013328000000002,10.140641,1550002922000
14794,99,Gyroscope,0.008888093,-0.02100765,-0.011649198999999999,1550002922010
14795,99,Accelerometer,1.2066777,1.1516110000000002,9.4774475,1550002922010
14796,99,Gyroscope,-0.005161807,-0.02100765,-0.0067622773,1550002922019
14797,99,Accelerometer,0.80086046,0.89782566,9.059659,1550002922020
14798,99,Gyroscope,0.046761736,-0.012455538,-0.0030970859999999998,1550002922029
14799,99,Accelerometer,0.80325466,1.389834,9.3026705,1550002922030
14800,99,Gyroscope,0.04554001,0.013811666499999998,0.009120219,1550002922039
14801,99,Accelerometer,0.79607207,0.8595184000000001,8.809465,1550002922039
14802,99,Gyroscope,0.006444632,0.01992032,0.022559252999999998,1550002922049
14803,99,Accelerometer,0.6751649000000001,1.9608511999999998,9.888053,1550002922049
14804,99,Gyroscope,-0.0076052677,0.005259555,0.024391849,1550002922060
14805,99,Accelerometer,0.7170634,0.5315128,9.998186,1550002922060
14806,99,Gyroscope,-0.054031022000000005,-0.005125154,-0.014703525,1550002922069
14807,99,Accelerometer,-0.81283146,0.9804255999999999,10.329783,1550002922070
14808,99,Gyroscope,-0.08640689,0.015033398,0.025002714,1550002922079
14809,99,Accelerometer,1.3180081,2.2290018,13.582305999999999,1550002922080
14810,99,Gyroscope,-0.016768249,-0.13035253,0.03722002,1550002922089
14811,99,Accelerometer,2.327164,-0.61770403,7.9092455,1550002922090
14812,99,Gyroscope,0.10418307,-0.07842898,-0.04646852,1550002922099
14813,99,Accelerometer,0.4285621,2.4361002,6.9371996,1550002922099
14814,99,Gyroscope,-0.11328496,0.073065594,0.03416569,1550002922109
14815,99,Accelerometer,1.353921,0.92296475,9.5013895,1550002922110
14816,99,Gyroscope,-0.013103055,0.011979073,0.023780985,1550002922120
14817,99,Accelerometer,0.42975920000000006,1.5658079,12.854469,1550002922120
14818,99,Gyroscope,0.17321084,-0.092478886,-0.005540547,1550002922129
14819,99,Accelerometer,1.1372458,-0.10175357,10.1226845,1550002922130
14820,99,Gyroscope,0.013775015,-0.11080484,0.046382997,1550002922139
14821,99,Accelerometer,2.3906104999999997,0.8319851,7.055712,1550002922140
14822,99,Gyroscope,0.048594332999999997,-0.021618515,0.06715242,1550002922149
14823,99,Accelerometer,0.35553896,2.1535845,9.361329,1550002922149
14824,99,Gyroscope,0.0113315545,0.0040378235,0.02805704,1550002922159
14825,99,Accelerometer,0.7505821999999999,-0.18794483,9.636662,1550002922159
14826,99,Gyroscope,-0.056474485,-0.013677267,0.040274344,1550002922170
14827,99,Accelerometer,0.14724341,1.270124,10.924743,1550002922170
14828,99,Gyroscope,-0.044868045,-0.025283707000000002,-0.013481795,1550002922179
14829,99,Accelerometer,1.1037270000000001,1.3515268999999999,9.522936999999999,1550002922180
14830,99,Gyroscope,0.016218476000000003,-0.012455538,-0.013481795,1550002922189
14831,99,Accelerometer,0.077811554,1.4257472,9.003395,1550002922190
14832,99,Gyroscope,0.010720688999999999,0.052296177,-0.010427468,1550002922199
14833,99,Accelerometer,-0.47046062,0.39384618,8.317456,1550002922200
14834,99,Gyroscope,-0.020433438999999998,0.06940041,-0.010427468,1550002922209
14835,99,Accelerometer,-0.46806642,2.147599,10.193313999999999,1550002922209
14836,99,Gyroscope,0.020494534,0.071233004,0.021337522,1550002922219
14837,99,Accelerometer,-0.29927522,1.0618285,10.639832499999999,1550002922220
14838,99,Gyroscope,0.0015577096,0.06207002,0.03722002,1550002922230
14839,99,Accelerometer,0.22146365,1.3192052,10.637438000000001,1550002922230
14840,99,Gyroscope,-0.019822573,0.068178676,0.043328673,1550002922239
14841,99,Accelerometer,-0.02633622,1.483208,8.892064999999999,1550002922240
14842,99,Gyroscope,-0.06869179,0.0871155,0.018894061,1550002922249
14843,99,Accelerometer,0.59615624,1.8614918000000003,10.097546000000001,1550002922250
14844,99,Gyroscope,-0.0057726726,0.07734165,0.02561358,1550002922259
14845,99,Accelerometer,-0.06943185,1.2557588,9.545682000000001,1550002922260
14846,99,Gyroscope,-0.024709495,0.082839444,0.013396275,1550002922269
14847,99,Accelerometer,-0.17956513,1.7537526999999997,9.985018,1550002922269
14848,99,Gyroscope,-0.0008857511,0.06329175,0.034776557,1550002922280
14849,99,Accelerometer,0.18674773,0.78290397,9.352949,1550002922280
14850,99,Gyroscope,0.025992319,0.07367646,0.02805704,1550002922290
14851,99,Accelerometer,0.5291186,0.91817635,9.56723,1550002922290
14852,99,Gyroscope,-0.0027183462,0.07795252,0.032943964,1550002922299
14853,99,Accelerometer,0.16639702,1.1121067,10.105926,1550002922300
14854,99,Gyroscope,-0.008826999,0.06207002,0.0109528145,1550002922309
14855,99,Accelerometer,0.60333884,1.0019734,10.687716499999999,1550002922310
14856,99,Gyroscope,0.029046647000000002,0.033359356,0.008509354,1550002922319
14857,99,Accelerometer,0.78050977,0.9576806999999999,10.488997,1550002922319
14858,99,Gyroscope,0.0033903066,0.053517907999999996,0.0048441626,1550002922330
14859,99,Accelerometer,0.40940848,0.7158663000000001,9.136273,1550002922330
14860,99,Gyroscope,-0.054641888,0.06573521,-0.0140926605,1550002922339
14861,99,Accelerometer,0.44532153,1.3383588,9.876082,1550002922340
14862,99,Gyroscope,-0.0008857511,0.04740926,-0.007373143,1550002922349
14863,99,Accelerometer,0.23104046,0.25498247,10.329783,1550002922350
14864,99,Gyroscope,-0.0014966168,0.010146476,-0.028142562000000003,1550002922359
14865,99,Accelerometer,0.49320555,0.8331822,9.4774475,1550002922360
14866,99,Gyroscope,-0.041202857999999995,0.021752916,-0.03486208,1550002922369
14867,99,Accelerometer,0.14963761,1.0390834999999998,9.773131,1550002922369
14868,99,Gyroscope,-0.020433438999999998,0.03152676,-0.031807754,1550002922379
14869,99,Accelerometer,0.29688102,0.6368576,9.14585,1550002922380
14870,99,Gyroscope,0.03882049,-0.00023823230999999999,-0.036694676,1550002922390
14871,99,Accelerometer,0.92775315,0.7278373,7.878121000000001,1550002922390
14872,99,Gyroscope,0.1054048,0.010757342,-0.021423044,1550002922399
14873,99,Accelerometer,1.1001357,0.6859388000000001,5.8825536,1550002922400
14874,99,Gyroscope,0.052259527,0.21784064,-0.034251212999999996,1550002922409
14875,99,Accelerometer,0.36870706,3.1256304,11.586739999999999,1550002922410
14876,99,Gyroscope,-0.09618073,0.22578189,0.009120219,1550002922419
14877,99,Accelerometer,0.6859388000000001,-0.33997664,14.369998999999998,1550002922419
14878,99,Gyroscope,0.022327128999999998,-0.017953325,-0.015925256999999998,1550002922429
14879,99,Accelerometer,2.2218192,0.39863458,11.457452,1550002922429
14880,99,Gyroscope,0.018661937,-0.026505437000000003,-0.06418361,1550002922440
14881,99,Accelerometer,1.8938134999999998,0.9840169,8.367735,1550002922440
14882,99,Gyroscope,-0.18597792,0.05901569999999999,-0.071513996,1550002922449
14883,99,Accelerometer,-0.50996494,1.9548656999999998,9.792285000000001,1550002922450
14884,99,Gyroscope,-0.014935651999999999,0.090169825,-0.06479447,1550002922459
14885,99,Accelerometer,-0.29807812,0.7697359,10.544064500000001,1550002922460
14886,99,Gyroscope,-0.02165517,0.055350505,-0.07701178,1550002922469
14887,99,Accelerometer,-0.22864626,1.5478513999999999,10.333375,1550002922470
14888,99,Gyroscope,-0.068080924,0.028472435,-0.053188037,1550002922479
14889,99,Accelerometer,1.7836802999999999,1.174356,10.615890499999999,1550002922479
14890,99,Gyroscope,-0.01004873,-0.008790346,-0.053188037,1550002922490
14891,99,Accelerometer,1.4520833,1.4748282,8.548497,1550002922490
14892,99,Gyroscope,-0.04242459,0.027250702999999998,-0.06540534,1550002922499
14893,99,Accelerometer,0.8678981,0.5746084,8.080430999999999,1550002922500
14894,99,Gyroscope,-0.09068294,0.04007887,-0.06968139999999999,1550002922509
14895,99,Accelerometer,1.1121067,0.6991069000000001,11.71842,1550002922510
14896,99,Gyroscope,0.088911444,-0.019175055,-0.06296188,1550002922519
14897,99,Accelerometer,1.4676456,0.60932434,10.783484,1550002922520
14898,99,Gyroscope,0.035155296,-0.039333608,-0.08250957,1550002922529
14899,99,Accelerometer,0.6536171,0.8822633,8.9758625,1550002922529
14900,99,Gyroscope,-0.03203988,-0.02222938,-0.06174015,1550002922539
14901,99,Accelerometer,1.1360487,1.2054806,9.417591999999999,1550002922540
14902,99,Gyroscope,0.04370741,-0.01856419,-0.02325564,1550002922549
14903,99,Accelerometer,0.79008657,1.055843,9.4774475,1550002922550
14904,99,Gyroscope,-0.0137139205,-0.005125154,-0.034251212999999996,1550002922559
14905,99,Accelerometer,0.35553896,1.1971009,9.557653,1550002922560
14906,99,Gyroscope,0.020494534,-0.025894572999999997,-0.015314391,1550002922569
14907,99,Accelerometer,1.5286977,1.174356,9.636662,1550002922570
14908,99,Gyroscope,0.046761736,-0.01734246,-0.012260064499999999,1550002922579
14909,99,Accelerometer,0.8319851,1.5011643999999997,9.269152,1550002922579
14910,99,Gyroscope,-0.04670064,0.008924745,-0.028142562000000003,1550002922589
14911,99,Accelerometer,0.78888947,0.58657944,9.429563499999999,1550002922590
14912,99,Gyroscope,-0.019822573,-0.006957751,-0.008594873000000001,1550002922599
14913,99,Accelerometer,1.8519150000000002,0.9672575000000001,10.606314,1550002922600
14914,99,Gyroscope,0.04615087,-0.025894572999999997,-0.027531696,1550002922609
14915,99,Accelerometer,1.9979613,0.45250413,9.481038999999999,1550002922610
14916,99,Gyroscope,-0.036315932999999995,-0.013066402,-0.008594873000000001,1550002922619
14917,99,Accelerometer,0.91099375,0.5243302,9.045294,1550002922620
14918,99,Gyroscope,-0.011881325,-0.020396786,-0.04402506,1550002922629
14919,99,Accelerometer,1.4927847,0.94570965,10.119094,1550002922629
14920,99,Gyroscope,-0.008826999,-0.022840247,-0.04280333,1550002922639
14921,99,Accelerometer,1.6879122,0.94810385,10.231621,1550002922640
14922,99,Gyroscope,-0.046089776,-0.035057552,-0.0061514126,1550002922650
14923,99,Accelerometer,0.6703765,0.6679823,10.206482000000001,1550002922650
14924,99,Gyroscope,0.016829342,-0.063768215,-0.0140926605,1550002922659
14925,99,Accelerometer,0.6751649000000001,0.7242460000000001,10.03769,1550002922660
14926,99,Gyroscope,0.016829342,-0.06437908,-0.020201313999999998,1550002922669
14927,99,Accelerometer,1.364695,1.5107412,9.7803135,1550002922670
14928,99,Gyroscope,-0.0033292117999999997,-0.03139236,0.007287623399999999,1550002922679
14929,99,Accelerometer,0.5279215,1.4053963,9.063251,1550002922679
14930,99,Gyroscope,-0.03937026,-0.028338033999999998,0.018283198,1550002922689
14931,99,Accelerometer,0.50996494,1.4413095,10.465055,1550002922689
14932,99,Gyroscope,0.0040011713,-0.06926601,0.0017898360000000002,1550002922700
14933,99,Accelerometer,1.5813701999999998,1.0929531000000001,10.454282000000001,1550002922700
14934,99,Gyroscope,0.016218476000000003,-0.06254649,-0.009205738,1550002922709
14935,99,Accelerometer,1.6077063999999999,1.1300632,9.557653,1550002922710
14936,99,Gyroscope,0.0052229017,-0.035057552,-0.009205738,1550002922719
14937,99,Accelerometer,1.0965444,0.8762778,8.579621000000001,1550002922720
14938,99,Gyroscope,-0.056474485,-0.005125154,-0.023866504,1550002922729
14939,99,Accelerometer,0.6584055,1.958457,10.976217,1550002922730
14940,99,Gyroscope,-0.06319401,0.016865995,-0.028142562000000003,1550002922739
14941,99,Accelerometer,0.4189853,0.58538234,11.60709,1550002922739
14942,99,Gyroscope,0.024159724,-0.08820283,-0.005540547,1550002922750
14943,99,Accelerometer,0.08619126,1.1540052,10.742783,1550002922750
14944,99,Gyroscope,0.06203337,-0.030781494,-0.057464093,1550002922759
14945,99,Accelerometer,1.7788918999999999,0.9923966000000001,7.274781699999999,1550002922760
14946,99,Gyroscope,-0.08457429,0.026028972,-0.017757852,1550002922769
14947,99,Accelerometer,0.9660603999999999,1.1887212,8.042124000000001,1550002922770
14948,99,Gyroscope,0.036377028,-0.013066402,0.014007141,1550002922779
14949,99,Accelerometer,0.035913024,2.1452047999999997,10.955867,1550002922779
14950,99,Gyroscope,0.04370741,-0.059492163,0.026835311,1550002922789
14951,99,Accelerometer,1.1971009,0.997185,10.900801,1550002922789
14952,99,Gyroscope,0.0070554977,-0.081483305,0.031111367,1550002922800
14953,99,Accelerometer,2.055422,0.8379706,9.858125999999999,1550002922800
14954,99,Gyroscope,0.08341365,-0.10225273,0.028667906,1550002922809
14955,99,Accelerometer,1.5598223999999998,1.1228806,9.072827,1550002922810
14956,99,Gyroscope,0.04370741,-0.10225273,0.051880784000000006,1550002922819
14957,99,Accelerometer,1.7621324,0.31364042,9.991004,1550002922820
14958,99,Gyroscope,0.08280279,-0.15539801,0.05249165,1550002922829
14959,99,Accelerometer,2.2062569,1.780089,11.206061,1550002922829
14960,99,Gyroscope,0.017440207,-0.21098673,0.13618019,1550002922839
14961,99,Accelerometer,1.8219875,-0.93493575,7.501034,1550002922840
14962,99,Gyroscope,-0.11633928,-0.10958311,0.015228872,1550002922849
14963,99,Accelerometer,0.94810385,1.661576,9.692925,1550002922850
14964,99,Gyroscope,0.061422504,-0.12241128,0.08608924,1550002922859
14965,99,Accelerometer,1.9069817,0.61650693,9.028535,1550002922860
14966,99,Gyroscope,-0.053420155999999996,-0.11263744,-0.07090313,1550002922869
14967,99,Accelerometer,-1.5442601,1.7214310000000002,7.880514999999999,1550002922870
14968,99,Gyroscope,-0.07602217,-0.036279282999999996,-0.078844376,1550002922879
14969,99,Accelerometer,-1.2940661,0.10295067,9.659407,1550002922879
14970,99,Gyroscope,0.0015577096,-0.019175055,-0.038527273,1550002922890
14971,99,Accelerometer,-0.037110128,1.8267759,10.0341,1550002922890
14972,99,Gyroscope,-0.056474485,-0.04544226,-0.019590449,1550002922899
14973,99,Accelerometer,-1.8710686,1.472434,9.522936999999999,1550002922900
14974,99,Gyroscope,-0.027763822999999997,-0.012455538,-0.020812178,1550002922909
14975,99,Accelerometer,-0.055066638,0.4357447,10.642225999999999,1550002922910
14976,99,Gyroscope,-0.017989976,-0.034446687000000004,0.020726658000000002,1550002922919
14977,99,Accelerometer,1.5873556999999998,1.8160020000000001,8.588001,1550002922919
14978,99,Gyroscope,-0.046089776,-0.011844671999999999,0.0005681054,1550002922929
14979,99,Accelerometer,1.0127473,1.9847932000000001,8.762777999999999,1550002922930
14980,99,Gyroscope,-0.038759395,0.0028160921999999997,-0.03302948,1550002922940
14981,99,Accelerometer,1.4437037,0.81881696,10.204087,1550002922940
14982,99,Gyroscope,0.043096546,-0.014898999,0.007898489,1550002922949
14983,99,Accelerometer,1.6555905,0.92416185,10.234015,1550002922950
14984,99,Gyroscope,-0.011881325,-0.01978592,-0.015314391,1550002922959
14985,99,Accelerometer,1.0462662,0.641646,10.21965,1550002922960
14986,99,Gyroscope,-0.01737911,-0.04849659,-0.02325564,1550002922969
14987,99,Accelerometer,1.6627731,0.89303726,10.368091,1550002922969
14988,99,Gyroscope,0.03882049,-0.055216104,-0.025699101000000002,1550002922979
14989,99,Accelerometer,1.5765818,1.3874398000000001,9.151836,1550002922979
14990,99,Gyroscope,-0.01127046,-0.009401211500000001,-0.04097073,1550002922990
14991,99,Accelerometer,0.5255273,1.685518,9.287108,1550002922990
14992,99,Gyroscope,-0.03814853,0.015644263000000002,-0.034251212999999996,1550002922999
14993,99,Accelerometer,0.29209262,1.1815386,10.576386,1550002923000
14994,99,Gyroscope,0.027824916,-0.016731594,-0.028142562000000003,1550002923009
14995,99,Accelerometer,0.15801731,1.8423381999999997,10.544064500000001,1550002923010
14996,99,Gyroscope,0.010109824,-0.016731594,-0.018979583,1550002923019
14997,99,Accelerometer,0.5351041,1.5191208999999999,9.139864999999999,1550002923019
14998,99,Gyroscope,-0.008826999,-0.021618515,-0.017146988000000002,1550002923029
14999,99,Accelerometer,0.22266077,1.2557588,9.041702,1550002923029
15000,99,Gyroscope,0.07608327,-0.028338033999999998,0.0036224315000000003,1550002923040
15001,99,Accelerometer,0.78170687,0.6991069000000001,7.100005,1550002923040
15002,99,Gyroscope,0.15549575,0.022363782000000002,-0.008594873000000001,1550002923049
15003,99,Accelerometer,1.6543933000000002,1.8136078000000002,8.346188,1550002923050
15004,99,Gyroscope,-0.051587567,0.09566761,-0.0012644903,1550002923059
15005,99,Accelerometer,-1.411382,0.21308395,9.010578,1550002923060
15006,99,Gyroscope,0.01560761,0.016865995,0.01034195,1550002923069
15007,99,Accelerometer,-0.090979666,1.8471266,13.842077,1550002923070
15008,99,Gyroscope,0.12373076400000001,0.00037263334000000003,-0.035472944,1550002923079
15009,99,Accelerometer,2.705448,1.0414777,9.028535,1550002923079
15010,99,Gyroscope,-0.057696215999999995,0.021752916,0.054324247,1550002923089
15011,99,Accelerometer,0.6751649000000001,2.7641058,9.040505,1550002923090
15012,99,Gyroscope,-0.0137139205,0.005259555,0.075093664,1550002923099
15013,99,Accelerometer,1.5454572,0.33758244,10.791864,1550002923100
15014,99,Gyroscope,-0.0033292117999999997,-0.030170628999999997,0.008509354,1550002923109
15015,99,Accelerometer,2.4145525,1.4748282,10.602722,1550002923110
15016,99,Gyroscope,-0.054641888,-0.043609664000000006,-0.007373143,1550002923119
15017,99,Accelerometer,0.40701428,0.45489833,9.258378,1550002923119
15018,99,Gyroscope,-0.035705067,-0.04422053,-0.057464093,1550002923129
15019,99,Accelerometer,0.10055647,0.26336220000000005,10.158598,1550002923130
15020,99,Gyroscope,-0.04242459,-0.013066402,-0.053188037,1550002923139
15021,99,Accelerometer,0.23942018,-0.059855044,9.453505499999999,1550002923140
15022,99,Gyroscope,-0.055252752999999995,-0.006957751,-0.09045081599999999,1550002923149
15023,99,Accelerometer,0.074220255,0.41060558,9.313444,1550002923150
15024,99,Gyroscope,0.0094989585,-0.06987687,-0.08800735,1550002923159
15025,99,Accelerometer,-0.58298814,1.1348516000000002,10.957064,1550002923160
15026,99,Gyroscope,0.025381455,-0.042998800000000004,-0.11060937,1550002923169
15027,99,Accelerometer,0.08738836,0.8511386999999999,9.624691,1550002923169
15028,99,Gyroscope,0.004612036,0.0058704205,-0.050744575,1550002923180
15029,99,Accelerometer,-0.8367735000000001,1.0390834999999998,8.60117,1550002923180
15030,99,Gyroscope,0.020494534,0.013811666499999998,-0.027531696,1550002923189
15031,99,Accelerometer,-0.016759411999999998,1.6472107,9.379285000000001,1550002923190
15032,99,Gyroscope,0.030268377000000003,0.020531185,-0.029975157000000002,1550002923199
15033,99,Accelerometer,0.6979098000000001,2.135628,9.691728999999999,1550002923200
15034,99,Gyroscope,0.0052229017,0.032137625,-0.010427468,1550002923209
15035,99,Accelerometer,0.49320555,1.0366893,9.634267999999999,1550002923210
15036,99,Gyroscope,0.00033598019999999995,0.013200805,0.0030115664,1550002923220
15037,99,Accelerometer,0.28371290000000005,1.3611037,10.022128,1550002923220
15038,99,Gyroscope,0.0009468458599999999,0.043744065,-0.043414194,1550002923229
15039,99,Accelerometer,1.0941502,1.4030021000000001,9.2907,1550002923230
15040,99,Gyroscope,-0.023487763,0.046187527,-0.036694676,1550002923239
15041,99,Accelerometer,0.7541734999999999,0.94930094,9.296685,1550002923240
15042,99,Gyroscope,-0.039981127000000005,0.036413684,-0.04646852,1550002923249
15043,99,Accelerometer,0.025139118,0.8846575000000001,10.371682,1550002923250
15044,99,Gyroscope,0.00033598019999999995,0.029694162000000003,-0.06357274,1550002923259
15045,99,Accelerometer,0.2825158,0.49320555,9.779117,1550002923259
15046,99,Gyroscope,-0.01737911,0.03152676,-0.07029226400000001,1550002923269
15047,99,Accelerometer,0.06823475,1.1360487,9.519346,1550002923270
15048,99,Gyroscope,-0.008216133,0.033970222,-0.04769025,1550002923279
15049,99,Accelerometer,0.29927522,1.0570401000000003,9.539697,1550002923280
15050,99,Gyroscope,0.0052229017,0.046187527,-0.049522847,1550002923289
15051,99,Accelerometer,0.1436521,1.3479356000000002,10.3226,1550002923290
15052,99,Gyroscope,-0.027152957000000002,0.05046358,-0.033640347,1550002923299
15053,99,Accelerometer,-0.40102878,1.4556746,11.145009,1550002923300
15054,99,Gyroscope,-0.006994404,0.02114205,0.0005681054,1550002923309
15055,99,Accelerometer,0.60812724,0.93613285,10.399215,1550002923309
15056,99,Gyroscope,0.03759876,0.0022052303,-0.0012644903,1550002923319
15057,99,Accelerometer,0.5410896,1.2557588,9.337387,1550002923320
15058,99,Gyroscope,0.0094989585,0.024196379,0.0024007012,1550002923329
15059,99,Accelerometer,0.32441434,0.47165772,8.939949,1550002923330
15060,99,Gyroscope,-0.011881325,0.041911468,-0.009205738,1550002923339
15061,99,Accelerometer,0.6488286999999999,0.8619126,10.201694,1550002923340
15062,99,Gyroscope,0.022937994,0.011368208000000001,-0.0012644903,1550002923349
15063,99,Accelerometer,1.5298948,0.93014735,9.781511,1550002923349
15064,99,Gyroscope,0.02477059,-0.004514288,-0.020201313999999998,1550002923359
15065,99,Accelerometer,1.3239936,0.78290397,9.127894,1550002923360
15066,99,Gyroscope,-0.011881325,0.004648689,-0.035472944,1550002923369
15067,99,Accelerometer,1.0570401000000003,0.6452374,9.429563499999999,1550002923369
15068,99,Gyroscope,0.040653087000000004,0.01625513,-0.034251212999999996,1550002923379
15069,99,Accelerometer,1.5286977,1.436521,10.043676,1550002923380
15070,99,Gyroscope,0.020494534,0.0015943646,-0.026309965,1550002923389
15071,99,Accelerometer,1.2138603000000001,0.8690952,8.99741,1550002923389
15072,99,Gyroscope,-0.07113525,0.02114205,-0.04402506,1550002923400
15073,99,Accelerometer,0.10414778,1.7405846,11.686098,1550002923400
15074,99,Gyroscope,-0.040591992,-0.059492163,-0.009816604,1550002923409
15075,99,Accelerometer,0.7625531999999999,0.47764325,10.454282000000001,1550002923409
15076,99,Gyroscope,0.048594332999999997,-0.07903985,-0.021423044,1550002923420
15077,99,Accelerometer,0.8786719999999999,1.4987701999999998,8.069656,1550002923420
15078,99,Gyroscope,-0.07785477,0.012589939,-0.019590449,1550002923429
15079,99,Accelerometer,0.30645782,0.9995792,8.846575999999999,1550002923429
15080,99,Gyroscope,-0.092515536,0.024196379,-0.043414194,1550002923440
15081,99,Accelerometer,-0.23223756,1.3227965,9.998186,1550002923440
15082,99,Gyroscope,0.03882049,0.007092151999999999,-0.06174015,1550002923449
15083,99,Accelerometer,0.045489833,1.5358804,10.159794999999999,1550002923449
15084,99,Gyroscope,-0.06136141,0.018087726000000002,-0.053188037,1550002923459
15085,99,Accelerometer,0.07182605,0.40462008,10.065224,1550002923460
15086,99,Gyroscope,-0.0033292117999999997,0.01625513,-0.05440977,1550002923469
15087,99,Accelerometer,0.93972415,1.0821792,10.59554,1550002923469
15088,99,Gyroscope,0.044318277,-0.004514288,-0.031196889,1550002923479
15089,99,Accelerometer,1.733402,1.5741876000000001,9.078813,1550002923480
15090,99,Gyroscope,-0.04242459,-0.024672844,-0.045857653,1550002923489
15091,99,Accelerometer,1.8004397,1.3814543,10.283096,1550002923489
15092,99,Gyroscope,0.08219192,-0.08759196,-0.039749,1550002923499
15093,99,Accelerometer,2.055422,0.8475474000000001,10.259153999999999,1550002923500
15094,99,Gyroscope,0.11395692,-0.086981095,-0.028753427999999998,1550002923509
15095,99,Accelerometer,1.5478513999999999,1.9105729999999999,9.417591999999999,1550002923509
15096,99,Gyroscope,0.011942419,-0.05277264,0.044550404,1550002923520
15097,99,Accelerometer,1.9093759,1.1587936,9.31943,1550002923520
15098,99,Gyroscope,0.12189817,-0.050329182,0.07692626,1550002923529
15099,99,Accelerometer,0.9780314,1.0295067,10.68652,1550002923529
15100,99,Gyroscope,0.014385881000000001,-0.038722742000000004,0.03599829,1550002923539
15101,99,Accelerometer,1.4484920000000001,1.447295,9.022549,1550002923540
15102,99,Gyroscope,-0.053420155999999996,-0.017953325,0.01034195,1550002923549
15103,99,Accelerometer,1.0666169,1.0319009,9.381680000000001,1550002923549
15104,99,Gyroscope,0.05164866,-0.03750101,-0.0012644903,1550002923559
15105,99,Accelerometer,0.59495914,1.4532804,9.8198185,1550002923560
15106,99,Gyroscope,-0.03509419999999999,0.0015943646,-0.02203391,1550002923569
15107,99,Accelerometer,0.89423436,1.1192893,9.068039,1550002923569
15108,99,Gyroscope,-0.041202857999999995,-0.00084909797,0.013396275,1550002923579
15109,99,Accelerometer,0.5758055000000001,1.3515268999999999,10.144233,1550002923580
15110,99,Gyroscope,0.04370741,-0.006346885,0.03599829,1550002923589
15111,99,Accelerometer,0.33159694,0.9708488000000001,10.708067,1550002923590
15112,99,Gyroscope,0.013775015,0.0058704205,0.041496076,1550002923599
15113,99,Accelerometer,0.51355624,1.163582,9.271546,1550002923599
15114,99,Gyroscope,-0.030207282000000002,0.008313879,0.046993863,1550002923609
15115,99,Accelerometer,1.0486604,0.92176765,9.832987,1550002923610
15116,99,Gyroscope,0.0113315545,-0.016731594,0.036609154,1550002923619
15117,99,Accelerometer,1.4484920000000001,1.2509704,10.414778,1550002923619
15118,99,Gyroscope,-0.020433438999999998,-0.004514288,0.017672332,1550002923629
15119,99,Accelerometer,1.2737153,1.0642227,9.216479,1550002923630
15120,99,Gyroscope,-0.019211708,-0.0026816929999999998,0.006065893,1550002923639
15121,99,Accelerometer,0.82121116,0.79607207,9.623494,1550002923640
15122,99,Gyroscope,0.028435782000000003,-0.019175055,-0.007984008,1550002923649
15123,99,Accelerometer,1.1528081000000001,0.6847416999999999,10.231621,1550002923649
15124,99,Gyroscope,-0.009437865,-0.024061977999999998,-0.02692083,1550002923660
15125,99,Accelerometer,1.3611037,0.90740246,9.327810000000001,1550002923660
15126,99,Gyroscope,-0.02409863,-0.042387932999999996,-0.037916407,1550002923669
15127,99,Accelerometer,1.2976573999999998,0.8774749,9.987411999999999,1550002923670
15128,99,Gyroscope,0.03759876,-0.056437835,-0.038527273,1550002923679
15129,99,Accelerometer,1.1240777,0.6931214,9.991004,1550002923680
15130,99,Gyroscope,0.0040011713,-0.05582697,-0.04769025,1550002923689
15131,99,Accelerometer,1.2797008,0.9876082,9.546878999999999,1550002923690
15132,99,Gyroscope,-0.0076052677,-0.05582697,-0.04097073,1550002923699
15133,99,Accelerometer,1.2030864,0.79607207,9.727641,1550002923699
15134,99,Gyroscope,0.035766162000000004,-0.055216104,-0.033640347,1550002923709
15135,99,Accelerometer,0.7074866,0.82480246,9.454702000000001,1550002923710
15136,99,Gyroscope,0.0076663624,-0.053994372,-0.049522847,1550002923719
15137,99,Accelerometer,0.9684546,1.067814,9.205706,1550002923720
15138,99,Gyroscope,-0.0033292117999999997,-0.021618515,-0.035472944,1550002923729
15139,99,Accelerometer,0.14006079999999999,1.5298948,9.842564,1550002923729
15140,99,Gyroscope,-0.013103055,-0.00817948,-0.04402506,1550002923740
15141,99,Accelerometer,1.1875241,1.4987701999999998,12.354080999999999,1550002923740
15142,99,Gyroscope,-0.11206323,0.03274849,-0.0678488,1550002923749
15143,99,Accelerometer,-0.8559271,0.34356794,11.137825999999999,1550002923750
15144,99,Gyroscope,-0.10473284,-0.041166205,-0.08006611,1550002923759
15145,99,Accelerometer,0.025139118,2.3918076,13.368025,1550002923759
15146,99,Gyroscope,-0.047922373,-0.17922175,-0.028142562000000003,1550002923770
15147,99,Accelerometer,3.3279405,0.81642276,9.850943,1550002923770
15148,99,Gyroscope,0.068752885,-0.22259319,-0.06296188,1550002923779
15149,99,Accelerometer,2.135628,1.9859903,6.4260373,1550002923780
15150,99,Gyroscope,-0.008826999,-0.11630263,-0.055020634000000006,1550002923789
15151,99,Accelerometer,1.2521674999999999,1.091756,7.134721300000001,1550002923789
15152,99,Gyroscope,-0.0509767,-0.071098596,-0.0067622773,1550002923800
15153,99,Accelerometer,1.6220716,1.1001357,9.907207000000001,1550002923800
15154,99,Gyroscope,0.11456778,-0.13401772,-0.025699101000000002,1550002923809
15155,99,Accelerometer,0.81881696,0.8726865,10.696096,1550002923810
15156,99,Gyroscope,0.059589908,-0.1517328,-0.028753427999999998,1550002923819
15157,99,Accelerometer,1.0462662,0.34835634,9.368511,1550002923820
15158,99,Gyroscope,0.042485684,-0.114470035,0.0127854105,1550002923829
15159,99,Accelerometer,1.4437037,1.7022773999999998,9.709685,1550002923830
15160,99,Gyroscope,0.07547241,-0.07659639,0.0017898360000000002,1550002923839
15161,99,Accelerometer,0.39025488,1.9776106,8.737639,1550002923839
15162,99,Gyroscope,-0.06502659599999999,-0.046663992,-0.020201313999999998,1550002923850
15163,99,Accelerometer,-0.17597382,2.1571757999999996,10.006566000000001,1550002923850
15164,99,Gyroscope,-0.015546517,-0.05582697,0.0017898360000000002,1550002923859
15165,99,Accelerometer,1.1121067,2.1703438999999998,10.305841000000001,1550002923860
15166,99,Gyroscope,-0.012492188999999999,-0.030781494,0.018283198,1550002923869
15167,99,Accelerometer,0.6464345,2.1021092,9.016563,1550002923869
15168,99,Gyroscope,-0.10534371,0.025418106,-0.049522847,1550002923879
15169,99,Accelerometer,-0.3878607,0.9756372,9.554062,1550002923880
15170,99,Gyroscope,-0.035705067,0.01992032,-0.05257717,1550002923889
15171,99,Accelerometer,0.18794483,1.3120226000000001,11.09473,1550002923890
15172,99,Gyroscope,-0.0021074805,0.013200805,-0.059907555999999994,1550002923899
15173,99,Accelerometer,0.23223756,0.91219085,9.983821,1550002923899
15174,99,Gyroscope,-0.10351111,0.026639838,-0.07395746,1550002923910
15175,99,Accelerometer,0.32321724,1.0223241,9.685742999999999,1550002923910
15176,99,Gyroscope,-0.0027183462,0.029083297,-0.07334659,1550002923919
15177,99,Accelerometer,0.34356794,0.5781997,9.588778,1550002923920
15178,99,Gyroscope,-0.02532036,0.0431332,-0.06418361,1550002923929
15179,99,Accelerometer,0.62847793,1.4496891,9.118317999999999,1550002923929
15180,99,Gyroscope,-0.07113525,0.03580282,-0.027531696,1550002923939
15181,99,Accelerometer,1.1516110000000002,1.0486604,10.139444000000001,1550002923940
15182,99,Gyroscope,-0.0137139205,0.014422532,-0.05807496,1550002923949
15183,99,Accelerometer,0.62368953,1.3060371000000002,10.433931,1550002923950
15184,99,Gyroscope,-0.012492188999999999,0.0058704205,-0.035472944,1550002923959
15185,99,Accelerometer,1.0199299000000002,1.5310919,9.548077000000001,1550002923960
15186,99,Gyroscope,-0.052198432,0.013200805,-0.02447737,1550002923970
15187,99,Accelerometer,0.62608373,0.9888053,10.247183,1550002923970
15188,99,Gyroscope,0.01316415,-0.014288133,-0.03486208,1550002923979
15189,99,Accelerometer,0.9576806999999999,0.92535895,10.30225,1550002923979
15190,99,Gyroscope,-0.016157383,-0.028338033999999998,-0.03730554,1550002923989
15191,99,Accelerometer,1.1312603,1.1659763,9.010578,1550002923990
15192,99,Gyroscope,-0.02409863,-0.032003224,-0.051966306,1550002924000
15193,99,Accelerometer,1.1312603,1.1647792,9.586383999999999,1550002924000
15194,99,Gyroscope,0.02721405,-0.025894572999999997,-0.053188037,1550002924009
15195,99,Accelerometer,1.079785,0.6452374,9.911995,1550002924010
15196,99,Gyroscope,-0.028374685,-0.010622941,-0.05440977,1550002924019
15197,99,Accelerometer,0.46686932,0.7338228,9.107543,1550002924020
15198,99,Gyroscope,-0.051587567,-0.00817948,-0.050744575,1550002924029
15199,99,Accelerometer,0.22026655,0.8487445,10.358514,1550002924030
15200,99,Gyroscope,-0.0076052677,-0.025283707000000002,-0.05013371,1550002924039
15201,99,Accelerometer,0.089782566,0.81761986,10.668563,1550002924039
15202,99,Gyroscope,-0.03937026,-0.035668418,-0.05624236,1550002924049
15203,99,Accelerometer,0.51954174,1.1156979999999999,9.659407,1550002924050
15204,99,Gyroscope,-0.041202857999999995,-0.041166205,-0.045857653,1550002924059
15205,99,Accelerometer,0.5410896,1.6400281000000003,9.988609,1550002924060
15206,99,Gyroscope,-0.019211708,-0.04910745,-0.03486208,1550002924069
15207,99,Accelerometer,0.7206547,1.1216834999999998,9.916783,1550002924069
15208,99,Gyroscope,-0.0014966168,-0.02100765,-0.031807754,1550002924079
15209,99,Accelerometer,0.45968673,1.0163386,8.983044999999999,1550002924080
15210,99,Gyroscope,-0.008216133,-0.0075686146,-0.033640347,1550002924089
15211,99,Accelerometer,0.37349546,1.1839328000000002,9.818622,1550002924090
15212,99,Gyroscope,0.013775015,-0.035057552,-0.034251212999999996,1550002924099
15213,99,Accelerometer,0.7697359,0.94930094,9.941922,1550002924099
15214,99,Gyroscope,0.008277228000000001,-0.035057552,-0.018979583,1550002924110
15215,99,Accelerometer,0.4285621,1.1575965,9.96347,1550002924110
15216,99,Gyroscope,-0.019211708,-0.04055534,-0.02203391,1550002924119
15217,99,Accelerometer,0.30645782,0.6751649000000001,9.822212,1550002924120
15218,99,Gyroscope,0.032711837,-0.05216177599999999,-0.022644775,1550002924129
15219,99,Accelerometer,0.49919105,0.8523358,9.285912,1550002924129
15220,99,Gyroscope,-0.031429015,-0.030781494,-0.039138135,1550002924139
15221,99,Accelerometer,0.48602295,2.0207062,10.333375,1550002924140
15222,99,Gyroscope,-0.058917947000000005,0.015644263000000002,-0.032418616000000004,1550002924149
15223,99,Accelerometer,-0.11611878,0.7266402,10.409989,1550002924150
15224,99,Gyroscope,-0.01004873,0.011979073,-0.029364292,1550002924159
15225,99,Accelerometer,-0.8607155000000001,1.4377182,10.528501499999999,1550002924160
15226,99,Gyroscope,-0.01737911,-0.01856419,-0.020201313999999998,1550002924169
15227,99,Accelerometer,0.28371290000000005,1.0642227,9.643844999999999,1550002924169
15228,99,Gyroscope,-0.02532036,0.026028972,-0.042192463,1550002924180
15229,99,Accelerometer,-0.12449849,1.8590976000000001,9.834184,1550002924180
15230,99,Gyroscope,-0.015546517,0.04007887,-0.028753427999999998,1550002924189
15231,99,Accelerometer,0.49799395,0.3172317,9.921572,1550002924190
15232,99,Gyroscope,0.004612036,0.028472435,-0.005540547,1550002924199
15233,99,Accelerometer,1.0690111,0.91578215,10.553641,1550002924199
15234,99,Gyroscope,-0.0076052677,-0.025894572999999997,-0.017146988000000002,1550002924210
15235,99,Accelerometer,1.8638860000000002,0.8511386999999999,9.66659,1550002924210
15236,99,Gyroscope,-0.015546517,-0.0057360195,0.0017898360000000002,1550002924219
15237,99,Accelerometer,1.0618285,1.0414777,9.425972,1550002924220
15238,99,Gyroscope,-0.03814853,0.030305027999999998,-0.026309965,1550002924229
15239,99,Accelerometer,0.7433996,0.24420857,9.740809,1550002924229
15240,99,Gyroscope,-0.030207282000000002,0.040689737000000004,-0.037916407,1550002924240
15241,99,Accelerometer,1.0295067,0.90979666,10.502166,1550002924240
15242,99,Gyroscope,-0.04670064,0.032137625,-0.067237936,1550002924249
15243,99,Accelerometer,1.3922282,0.89543146,9.346964,1550002924250
15244,99,Gyroscope,-0.08213083,0.0077030174,-0.078844376,1550002924259
15245,99,Accelerometer,0.8319851,1.423353,9.894038,1550002924259
15246,99,Gyroscope,-0.060750544000000004,0.0028160921999999997,-0.09045081599999999,1550002924269
15247,99,Accelerometer,1.4532804,0.8726865,9.925163000000001,1550002924270
15248,99,Gyroscope,-0.01004873,-0.015509863999999998,-0.09839206,1550002924279
15249,99,Accelerometer,0.7266402,1.1659763,9.706094,1550002924280
15250,99,Gyroscope,-0.012492188999999999,-0.011233807,-0.08800735,1550002924289
15251,99,Accelerometer,0.91697925,0.94570965,9.680955,1550002924290
15252,99,Gyroscope,-0.01127046,-0.027116302000000002,-0.08678562,1550002924299
15253,99,Accelerometer,0.9840169,1.1384428999999998,9.77792,1550002924300
15254,99,Gyroscope,-0.011881325,-0.00817948,-0.07701178,1550002924309
15255,99,Accelerometer,1.3239936,1.6424223000000002,9.950302,1550002924310
15256,99,Gyroscope,-0.03814853,-0.005125154,-0.07090313,1550002924319
15257,99,Accelerometer,1.5861586,1.1025299,9.423578,1550002924320
15258,99,Gyroscope,-0.011881325,-0.01734246,-0.086174764,1550002924329
15259,99,Accelerometer,0.9660603999999999,1.0833763,9.533711,1550002924329
15260,99,Gyroscope,-0.03814853,-0.008790346,-0.07945524,1550002924340
15261,99,Accelerometer,1.6472107,1.2174516000000002,9.7240505,1550002924340
15262,99,Gyroscope,-0.008216133,-0.019175055,-0.07334659,1550002924349
15263,99,Accelerometer,1.6699557,1.3599066,9.440337,1550002924350
15264,99,Gyroscope,-0.0039400775,0.006481286,-0.07823351,1550002924359
15265,99,Accelerometer,1.1480197,1.1049241,9.722853,1550002924359
15266,99,Gyroscope,-0.035705067,0.00037263334000000003,-0.06845967,1550002924370
15267,99,Accelerometer,1.541866,0.94092125,9.991004,1550002924370
15268,99,Gyroscope,0.004612036,-0.026505437000000003,-0.05135544,1550002924379
15269,99,Accelerometer,2.397793,0.8295909,9.623494,1550002924380
15270,99,Gyroscope,-0.0021074805,-0.022840247,-0.07212486,1550002924389
15271,99,Accelerometer,1.7788918999999999,0.7781156,9.585187,1550002924389
15272,99,Gyroscope,-0.0137139205,-0.023451112000000003,-0.08434217,1550002924399
15273,99,Accelerometer,1.5298948,0.78170687,9.692925,1550002924400
15274,99,Gyroscope,0.018051071000000002,-0.035668418,-0.08434217,1550002924409
15275,99,Accelerometer,1.5574282,1.4688427,9.794678999999999,1550002924410
15276,99,Gyroscope,0.0021685753,-0.03750101,-0.058685824000000004,1550002924419
15277,99,Accelerometer,1.9333179,1.1599906999999998,9.611523,1550002924419
15278,99,Gyroscope,0.026603185,-0.029559765,-0.06968139999999999,1550002924429
15279,99,Accelerometer,1.0007763,1.6112977,9.688137,1550002924430
15280,99,Gyroscope,0.025381455,0.007092151999999999,-0.05013371,1550002924439
15281,99,Accelerometer,0.94810385,1.3347674999999999,9.26556,1550002924440
15282,99,Gyroscope,0.026603185,0.025418106,-0.021423044,1550002924449
15283,99,Accelerometer,0.6452374,1.5849615,9.682152,1550002924450
15284,99,Gyroscope,0.030268377000000003,0.037635416,-0.004929682,1550002924459
15285,99,Accelerometer,0.39983168,1.4987701999999998,9.67018,1550002924459
15286,99,Gyroscope,0.004612036,0.053517907999999996,-0.0067622773,1550002924470
15287,99,Accelerometer,0.6859388000000001,1.340753,9.123106,1550002924470
15288,99,Gyroscope,0.00033598019999999995,0.06878954,-0.0061514126,1550002924479
15289,99,Accelerometer,0.33518824,1.4173675,8.845378,1550002924480
15290,99,Gyroscope,0.0027794409999999997,0.09627848,-0.015925256999999998,1550002924489
15291,99,Accelerometer,0.5506664000000001,1.2689268999999999,9.295488,1550002924489
15292,99,Gyroscope,0.010109824,0.09383502,0.012174546000000001,1550002924500
15293,99,Accelerometer,0.19033903,1.1121067,9.512163000000001,1550002924500
15294,99,Gyroscope,0.008277228000000001,0.08833723,0.01034195,1550002924509
15295,99,Accelerometer,1.4281414,1.1599906999999998,9.600749,1550002924510
15296,99,Gyroscope,0.0076663624,0.07062214,0.040274344,1550002924519
15297,99,Accelerometer,2.160767,1.4652513999999999,9.707291,1550002924519
15298,99,Gyroscope,0.014996746000000002,0.05901569999999999,0.050659052999999996,1550002924529
15299,99,Accelerometer,2.3391352000000003,1.1959038,9.585187,1550002924530
15300,99,Gyroscope,-0.0063835381999999994,0.066956945,0.046993863,1550002924539
15301,99,Accelerometer,2.48159,1.5801731,10.267534,1550002924540
15302,99,Gyroscope,-0.03387247,0.04985272,0.04760473,1550002924549
15303,99,Accelerometer,2.3690627,1.0498575,10.503363,1550002924549
15304,99,Gyroscope,-0.0033292117999999997,0.032137625,0.037830885,1550002924559
15305,99,Accelerometer,2.0231004,0.9612719999999999,10.579977,1550002924560
15306,99,Gyroscope,-0.07968736400000001,0.036413684,0.0030115664,1550002924569
15307,99,Accelerometer,1.4209588,1.7238252,12.607866,1550002924570
15308,99,Gyroscope,-0.09923505,0.037635416,0.007898489,1550002924579
15309,99,Accelerometer,-0.48602295,0.3878607,11.716026,1550002924579
15310,99,Gyroscope,-0.08396342400000001,-0.10042013,-0.004929682,1550002924590
15311,99,Accelerometer,0.03232172,1.4760253,13.140576000000001,1550002924590
15312,99,Gyroscope,0.065698564,-0.13401772,-0.04280333,1550002924599
15313,99,Accelerometer,1.9249381999999997,0.90620536,8.765172,1550002924600
15314,99,Gyroscope,-0.06991352,-0.0039034244,-0.02325564,1550002924609
15315,99,Accelerometer,0.23223756,1.5191208999999999,6.3865333,1550002924609
15316,99,Gyroscope,-0.07052439,0.019309454,0.016450599999999996,1550002924619
15317,99,Accelerometer,-0.6835446,0.581791,9.512163000000001,1550002924620
15318,99,Gyroscope,0.11823297,-0.044831395,-0.02203391,1550002924629
15319,99,Accelerometer,0.94331545,0.50038815,10.899602999999999,1550002924630
15320,99,Gyroscope,0.011942419,-0.028338033999999998,-0.031807754,1550002924639
15321,99,Accelerometer,0.17717093,1.0223241,9.044097,1550002924640
15322,99,Gyroscope,-0.051587567,0.0009834989999999999,-0.04463592,1550002924649
15323,99,Accelerometer,0.5410896,0.59615624,9.475052999999999,1550002924649
15324,99,Gyroscope,0.0027794409999999997,0.021752916,-0.07579005,1550002924660
15325,99,Accelerometer,0.9588778,0.39624038,9.616311,1550002924660
15326,99,Gyroscope,-0.061972275,-0.0014599635999999999,-0.09594861,1550002924669
15327,99,Accelerometer,1.0606314,0.60214174,10.043676,1550002924670
15328,99,Gyroscope,-0.014324786,-0.010622941,-0.09717034,1550002924679
15329,99,Accelerometer,1.6364368,1.3634979,9.587581,1550002924679
15330,99,Gyroscope,-0.030207282000000002,0.006481286,-0.106333315,1550002924690
15331,99,Accelerometer,0.82719666,1.0953473,8.686164,1550002924690
15332,99,Gyroscope,-0.039981127000000005,0.040689737000000004,-0.11855062,1550002924699
15333,99,Accelerometer,0.40462008,0.63206923,10.061633,1550002924700
15334,99,Gyroscope,-0.03814853,0.033970222,-0.117939755,1550002924709
15335,99,Accelerometer,1.1528081000000001,0.93493575,10.734404,1550002924709
15336,99,Gyroscope,-0.017989976,0.0015943646,-0.11122023,1550002924719
15337,99,Accelerometer,1.5131354,0.8762778,9.838972,1550002924720
15338,99,Gyroscope,-0.03509419999999999,-0.016731594,-0.112441964,1550002924730
15339,99,Accelerometer,1.1109096,0.91099375,10.230424000000001,1550002924730
15340,99,Gyroscope,-0.0057726726,-0.044831395,-0.093505144,1550002924739
15341,99,Accelerometer,1.1252748,1.1707646999999999,9.551667,1550002924740
15342,99,Gyroscope,0.016829342,-0.032003224,-0.06051842,1550002924749
15343,99,Accelerometer,1.6112977,1.1336545,10.226832,1550002924750
15344,99,Gyroscope,0.011942419,-0.038111877,-0.07273573,1550002924759
15345,99,Accelerometer,1.3371617,1.079785,9.830592,1550002924759
15346,99,Gyroscope,0.036987893,-0.057659565999999995,-0.07579005,1550002924770
15347,99,Accelerometer,0.80564886,2.0949266,9.932345,1550002924770
15348,99,Gyroscope,0.017440207,-0.042387932999999996,-0.059907555999999994,1550002924779
15349,99,Accelerometer,0.7769185000000001,0.80205756,9.534908,1550002924780
15350,99,Gyroscope,0.021105397,-0.041777067,-0.06418361,1550002924789
15351,99,Accelerometer,0.4165911,1.6208745,9.860519,1550002924790
15352,99,Gyroscope,0.038209625,-0.030170628999999997,-0.06540534,1550002924799
15353,99,Accelerometer,0.36391866,1.4460978999999998,9.356541,1550002924799
15354,99,Gyroscope,0.0015577096,-0.0075686146,-0.057464093,1550002924809
15355,99,Accelerometer,0.5686229,1.3778629999999998,9.427169000000001,1550002924810
15356,99,Gyroscope,0.028435782000000003,0.0040378235,-0.04891198,1550002924820
15357,99,Accelerometer,0.29927522,1.6184803,9.739613,1550002924820
15358,99,Gyroscope,0.010109824,0.026028972,-0.04402506,1550002924829
15359,99,Accelerometer,0.41180268,1.3275848999999997,9.105149,1550002924830
15360,99,Gyroscope,-0.030818147999999997,0.03702455,-0.03302948,1550002924839
15361,99,Accelerometer,0.8750806999999999,1.7226281000000003,9.661800999999999,1550002924840
15362,99,Gyroscope,0.021105397,0.030305027999999998,-0.031807754,1550002924849
15363,99,Accelerometer,1.0618285,1.4173675,9.267955,1550002924849
15364,99,Gyroscope,0.011942419,0.043744065,-0.020812178,1550002924860
15365,99,Accelerometer,1.1204863999999999,1.352724,8.846575999999999,1550002924860
15366,99,Gyroscope,-0.010659594,0.07611992,-0.020812178,1550002924869
15367,99,Accelerometer,1.0043676,1.9189526999999997,10.565612,1550002924870
15368,99,Gyroscope,0.039431356,0.07245473,0.0127854105,1550002924879
15369,99,Accelerometer,1.4077905000000002,1.2773066000000002,10.353725,1550002924880
15370,99,Gyroscope,0.0009468458599999999,0.06634608,-0.000653625,1550002924889
15371,99,Accelerometer,0.51714754,1.4676456,10.571598,1550002924889
15372,99,Gyroscope,0.0070554977,-0.00023823230999999999,0.025002714,1550002924900
15373,99,Accelerometer,1.0330979999999998,1.1528081000000001,11.244369,1550002924900
15374,99,Gyroscope,0.035155296,-0.029559765,0.020726658000000002,1550002924909
15375,99,Accelerometer,1.6759412,1.5215151000000002,10.395624,1550002924910
15376,99,Gyroscope,-0.015546517,-0.013066402,0.043328673,1550002924919
15377,99,Accelerometer,1.1982979999999999,1.1228806,8.929175,1550002924920
15378,99,Gyroscope,0.02354886,-0.013066402,0.04882646,1550002924929
15379,99,Accelerometer,0.7266402,1.1204863999999999,9.848549,1550002924929
15380,99,Gyroscope,0.05775731,-0.039333608,0.031111367,1550002924939
15381,99,Accelerometer,1.2294226000000001,1.1073183000000002,9.799467,1550002924940
15382,99,Gyroscope,0.024159724,-0.036279282999999996,0.040274344,1550002924950
15383,99,Accelerometer,1.1336545,1.1839328000000002,9.147048,1550002924950
15384,99,Gyroscope,0.033322702999999995,-0.030170628999999997,0.05921117,1550002924959
15385,99,Accelerometer,0.45130703,0.90141696,9.945514,1550002924960
15386,99,Gyroscope,0.03393357,-0.020396786,0.044550404,1550002924969
15387,99,Accelerometer,0.6703765,0.39384618,9.818622,1550002924969
15388,99,Gyroscope,0.022327128999999998,-0.030170628999999997,0.025002714,1550002924979
15389,99,Accelerometer,0.49799395,1.0378863999999999,8.935161,1550002924979
15390,99,Gyroscope,0.058368175999999994,-0.024672844,0.022559252999999998,1550002924990
15391,99,Accelerometer,0.48482585,1.1444284,8.694544,1550002924990
15392,99,Gyroscope,0.080359325,0.015033398,0.021337522,1550002924999
15393,99,Accelerometer,0.6572084,1.1432313,6.6367273,1550002925000
15394,99,Gyroscope,-0.06502659599999999,0.11093924,0.02805704,1550002925009
15395,99,Accelerometer,0.28012159999999997,2.645593,9.186552,1550002925010
15396,99,Gyroscope,-0.055252752999999995,0.16530624,0.032943964,1550002925019
15397,99,Accelerometer,-1.1659763,0.78290397,10.061633,1550002925019
15398,99,Gyroscope,-0.0033292117999999997,0.12193482,0.0011789708,1550002925029
15399,99,Accelerometer,-1.0857705,1.8183962,12.838906,1550002925030
15400,99,Gyroscope,0.020494534,0.06878954,0.006065893,1550002925039
15401,99,Accelerometer,0.80684596,1.2605472,10.673351,1550002925040
15402,99,Gyroscope,-0.013103055,0.042522334,0.018894061,1550002925049
15403,99,Accelerometer,0.5351041,1.733402,9.957485,1550002925050
15404,99,Gyroscope,-0.010659594,0.05901569999999999,0.030500501,1550002925059
15405,99,Accelerometer,0.33039984,1.484405,10.0748005,1550002925059
15406,99,Gyroscope,-0.021044305,0.027250702999999998,0.030500501,1550002925069
15407,99,Accelerometer,0.58897364,1.4030021000000001,10.335769,1550002925070
15408,99,Gyroscope,-0.02409863,-0.01856419,0.054935113,1550002925080
15409,99,Accelerometer,0.45609543,0.89662856,11.853693,1550002925080
15410,99,Gyroscope,0.04004222,-0.036890145,-0.007373143,1550002925089
15411,99,Accelerometer,1.7441759,0.33279404,9.928755,1550002925090
15412,99,Gyroscope,-0.037537664,0.004648689,0.034776557,1550002925099
15413,99,Accelerometer,0.4357447,-0.8690952,9.224859,1550002925100
15414,99,Gyroscope,-0.0509767,0.028472435,-0.05013371,1550002925109
15415,99,Accelerometer,-0.35913026,0.8607155000000001,10.542867999999999,1550002925109
15416,99,Gyroscope,-0.0039400775,-0.022840247,-0.08800735,1550002925120
15417,99,Accelerometer,-0.094570965,0.09935937,9.77792,1550002925120
15418,99,Gyroscope,-0.039981127000000005,-0.021618515,-0.112441964,1550002925129
15419,99,Accelerometer,-0.49320555,1.0330979999999998,9.583989,1550002925130
15420,99,Gyroscope,0.0027794409999999997,-0.009401211500000001,-0.07701178,1550002925139
15421,99,Accelerometer,0.08259996,1.3922282,9.429563499999999,1550002925139
15422,99,Gyroscope,-0.014324786,0.0022052303,-0.053798902999999995,1550002925149
15423,99,Accelerometer,0.5506664000000001,1.1611878,9.40203,1550002925149
15424,99,Gyroscope,-0.008826999,0.007092151999999999,-0.020201313999999998,1550002925160
15425,99,Accelerometer,1.7764976000000003,1.9692308999999997,9.709685,1550002925160
15426,99,Gyroscope,0.004612036,-0.004514288,0.022559252999999998,1550002925169
15427,99,Accelerometer,2.3475148999999997,1.8890251,9.174581,1550002925170
15428,99,Gyroscope,-0.026542092000000003,0.011368208000000001,0.021337522,1550002925179
15429,99,Accelerometer,2.433706,1.7094599999999998,9.595961,1550002925179
15430,99,Gyroscope,-0.020433438999999998,0.014422532,0.008509354,1550002925189
15431,99,Accelerometer,2.124854,1.5765818,9.922769,1550002925189
15432,99,Gyroscope,-0.03509419999999999,0.0015943646,0.0066767577,1550002925200
15433,99,Accelerometer,1.4712370000000001,0.50397944,9.498994999999999,1550002925200
15434,99,Gyroscope,-0.016768249,0.008924745,-0.02203391,1550002925209
15435,99,Accelerometer,0.9516952,0.11851298,10.023325,1550002925210
15436,99,Gyroscope,-0.00027488545,0.0040378235,-0.05135544,1550002925219
15437,99,Accelerometer,0.6619968,0.70509243,9.42238,1550002925220
15438,99,Gyroscope,-0.043646313,0.025418106,-0.07945524,1550002925229
15439,99,Accelerometer,0.5805939,1.5622166000000002,9.473856,1550002925229
15440,99,Gyroscope,-0.073578715,0.035191953,-0.067237936,1550002925239
15441,99,Accelerometer,1.1791444,1.8207904,10.00896,1550002925240
15442,99,Gyroscope,-0.05586362,0.03702455,-0.03302948,1550002925249
15443,99,Accelerometer,0.9780314,1.8183962,10.1621895,1550002925250
15444,99,Gyroscope,-0.020433438999999998,0.02786157,-0.0067622773,1550002925259
15445,99,Accelerometer,0.89782566,1.3275848999999997,10.314221,1550002925260
15446,99,Gyroscope,0.0021685753,0.016865995,-0.0012644903,1550002925269
15447,99,Accelerometer,0.7517793,1.2593501,10.043676,1550002925270
15448,99,Gyroscope,0.016218476000000003,0.013200805,0.021337522,1550002925279
15449,99,Accelerometer,1.9692308999999997,1.0977415000000001,10.014946,1550002925279
15450,99,Gyroscope,0.026603185,-0.0026816929999999998,0.017061466,1550002925290
15451,99,Accelerometer,2.110489,1.0630256,9.727641,1550002925290
15452,99,Gyroscope,0.008888093,-0.008790346,-0.021423044,1550002925299
15453,99,Accelerometer,2.0973208,0.90859956,9.434352,1550002925300
15454,99,Gyroscope,-0.005161807,-0.012455538,-0.038527273,1550002925309
15455,99,Accelerometer,2.4648306,1.0546459,9.23683,1550002925310
15456,99,Gyroscope,-0.0063835381999999994,-0.0026816929999999998,-0.055631495999999996,1550002925319
15457,99,Accelerometer,1.7848773999999998,1.163582,9.19134,1550002925319
15458,99,Gyroscope,-0.019211708,0.014422532,-0.06296188,1550002925329
15459,99,Accelerometer,1.7106571,0.50397944,9.390058999999999,1550002925330
15460,99,Gyroscope,-0.0063835381999999994,0.011368208000000001,-0.05440977,1550002925339
15461,99,Accelerometer,1.8626889,0.8834603999999999,9.506178,1550002925340
15462,99,Gyroscope,-0.008216133,0.022974647999999997,-0.02325564,1550002925349
15463,99,Accelerometer,2.1847090000000002,1.22224,9.41041,1550002925350
15464,99,Gyroscope,-0.030207282000000002,0.041300602,-0.010427468,1550002925359
15465,99,Accelerometer,2.2697031,1.4377182,9.551667,1550002925360
15466,99,Gyroscope,0.0009468458599999999,0.020531185,0.0066767577,1550002925369
15467,99,Accelerometer,2.0159178,0.9564835999999999,9.463082,1550002925369
15468,99,Gyroscope,0.0027794409999999997,0.012589939,-0.014703525,1550002925380
15469,99,Accelerometer,2.3355439,1.2761095,9.694122,1550002925380
15470,99,Gyroscope,-0.037537664,0.018087726000000002,-0.011649198999999999,1550002925389
15471,99,Accelerometer,2.0350714,1.6735470000000001,9.534908,1550002925390
15472,99,Gyroscope,-0.041202857999999995,0.014422532,-0.010427468,1550002925399
15473,99,Accelerometer,1.4305356000000002,1.4413095,10.011353999999999,1550002925400
15474,99,Gyroscope,0.018051071000000002,0.014422532,0.0030115664,1550002925409
15475,99,Accelerometer,1.2210428999999998,0.94331545,9.222465,1550002925409
15476,99,Gyroscope,-0.008826999,0.033359356,-0.011649198999999999,1550002925419
15477,99,Accelerometer,0.82240826,1.4628572,9.435549,1550002925420
15478,99,Gyroscope,0.0094989585,0.040689737000000004,-0.011649198999999999,1550002925429
15479,99,Accelerometer,0.6560113000000001,1.411382,9.566033000000001,1550002925430
15480,99,Gyroscope,0.0058337674,0.05046358,0.0005681054,1550002925439
15481,99,Accelerometer,0.5446809,1.0295067,8.60117,1550002925440
15482,99,Gyroscope,-0.08335256,0.07550906,-0.040359866,1550002925449
15483,99,Accelerometer,0.06584055,1.9979613,11.0061455,1550002925450
15484,99,Gyroscope,-0.06319401,0.013200805,-0.032418616000000004,1550002925459
15485,99,Accelerometer,0.7757214,0.82121116,11.671733,1550002925459
15486,99,Gyroscope,0.088911444,-0.011844671999999999,0.009120219,1550002925470
15487,99,Accelerometer,0.581791,0.0011971008,8.275558,1550002925470
15488,99,Gyroscope,-0.053420155999999996,0.09750021,-0.0012644903,1550002925479
15489,99,Accelerometer,0.79008657,1.6304513,8.360553,1550002925480
15490,99,Gyroscope,-0.0008857511,0.10849578,0.020115793,1550002925489
15491,99,Accelerometer,0.65242,1.2617443000000002,9.1590185,1550002925490
15492,99,Gyroscope,0.055313855,0.057793967,0.05249165,1550002925499
15493,99,Accelerometer,0.20231004,1.2880806,10.86369,1550002925499
15494,99,Gyroscope,-0.026542092000000003,0.052907042,0.026835311,1550002925509
15495,99,Accelerometer,2.2613235,0.31004912,9.864111,1550002925510
15496,99,Gyroscope,-0.01737911,0.05901569999999999,0.043328673,1550002925520
15497,99,Accelerometer,2.3319526,0.90620536,9.534908,1550002925520
15498,99,Gyroscope,-0.047311507,0.024807245,0.06104376,1550002925529
15499,99,Accelerometer,2.5246856,1.2449848999999997,10.208876,1550002925530
15500,99,Gyroscope,-0.031429015,-0.044831395,0.040274344,1550002925539
15501,99,Accelerometer,3.776853,0.6548142,9.730036,1550002925539
15502,99,Gyroscope,-0.031429015,-0.059492163,0.020115793,1550002925549
15503,99,Accelerometer,3.5924997000000003,2.528277,11.043256,1550002925550
15504,99,Gyroscope,0.049816065,-0.042387932999999996,0.07692626,1550002925559
15505,99,Accelerometer,1.2665327,2.2313959999999997,10.730812,1550002925560
15506,99,Gyroscope,-0.036315932999999995,-0.050940047999999995,0.072039336,1550002925569
15507,99,Accelerometer,1.3994108,0.61650693,10.740389,1550002925570
15508,99,Gyroscope,0.04615087,-0.06437908,0.06043289599999999,1550002925579
15509,99,Accelerometer,0.2705448,1.3838485,9.657013000000001,1550002925579
15510,99,Gyroscope,-0.028374685,-0.05216177599999999,0.04882646,1550002925589
15511,99,Accelerometer,-0.7445967,1.4305356000000002,8.902839,1550002925589
15512,99,Gyroscope,-0.027763822999999997,-0.047274857999999996,0.08364577599999999,1550002925600
15513,99,Accelerometer,0.78290397,0.36750996,9.483433,1550002925600
15514,99,Gyroscope,0.07058548,-0.035668418,0.04577213,1550002925609
15515,99,Accelerometer,-0.25857377,1.5107412,9.234436,1550002925610
15516,99,Gyroscope,0.019883668,-0.0057360195,0.059822034,1550002925619
15517,99,Accelerometer,-0.09696517,0.2825158,8.045714,1550002925620
15518,99,Gyroscope,-0.008216133,0.026639838,0.05004819,1550002925629
15519,99,Accelerometer,0.047884032,1.1899183,10.195708,1550002925630
15520,99,Gyroscope,0.07974846,0.032137625,0.045161266,1550002925639
15521,99,Accelerometer,0.6476316,0.45609543,10.002974499999999,1550002925639
15522,99,Gyroscope,-0.008216133,0.033359356,0.03416569,1550002925649
15523,99,Accelerometer,0.6979098000000001,0.7326256999999999,9.957485,1550002925650
15524,99,Gyroscope,0.0015577096,0.013200805,0.04210694,1550002925660
15525,99,Accelerometer,1.6807296000000003,0.40222588,10.645817999999998,1550002925660
15526,99,Gyroscope,0.038209625,-0.028948900000000003,0.02927877,1550002925669
15527,99,Accelerometer,2.1260512,0.5291186,8.910022,1550002925670
15528,99,Gyroscope,0.010720688999999999,-0.010622941,0.0036224315000000003,1550002925679
15529,99,Accelerometer,1.5861586,1.3359646,9.176975,1550002925680
15530,99,Gyroscope,-0.043646313,0.006481286,-0.009205738,1550002925689
15531,99,Accelerometer,1.8387468999999996,0.9852139999999999,10.339360000000001,1550002925689
15532,99,Gyroscope,0.0021685753,-0.020396786,-0.004929682,1550002925699
15533,99,Accelerometer,1.685518,1.2749124,11.048044,1550002925699
15534,99,Gyroscope,0.010109824,-0.06010303,-0.019590449,1550002925710
15535,99,Accelerometer,1.3251906999999998,0.7733272,10.132261,1550002925710
15536,99,Gyroscope,-0.027152957000000002,-0.09003542,-0.02447737,1550002925719
15537,99,Accelerometer,1.376666,0.748188,9.259575,1550002925720
15538,99,Gyroscope,0.014996746000000002,-0.08331591,-0.012260064499999999,1550002925729
15539,99,Accelerometer,1.1300632,1.292869,9.625888,1550002925730
15540,99,Gyroscope,0.032711837,-0.06743341,-0.025699101000000002,1550002925739
15541,99,Accelerometer,0.8738836,0.6596026,8.626308,1550002925739
15542,99,Gyroscope,-0.00027488545,-0.036279282999999996,-0.028753427999999998,1550002925749
15543,99,Accelerometer,0.26815059999999996,1.6699557,10.254366000000001,1550002925749
15544,99,Gyroscope,0.05775731,-0.04910745,-0.007373143,1550002925759
15545,99,Accelerometer,0.051475335,0.545878,10.119094,1550002925760
15546,99,Gyroscope,0.006444632,-0.039333608,-0.0140926605,1550002925769
15547,99,Accelerometer,-0.25617957,1.5023615,9.605537,1550002925770
15548,99,Gyroscope,0.0076663624,-0.0039034244,0.009731084000000001,1550002925779
15549,99,Accelerometer,0.6344634,1.8112136000000003,11.5316725,1550002925780
15550,99,Gyroscope,-0.05708535,0.0022052303,-0.0140926605,1550002925789
15551,99,Accelerometer,-1.2174516000000002,0.092176765,10.047267,1550002925790
15552,99,Gyroscope,-0.13833043,-0.03750101,-0.01287093,1550002925799
15553,99,Accelerometer,0.62728083,1.2569559,10.657789,1550002925799
15554,99,Gyroscope,0.073028944,-0.07476379,-0.067237936,1550002925809
15555,99,Accelerometer,2.2337902,1.3347674999999999,7.6518690000000005,1550002925810
15556,99,Gyroscope,-0.052809298,0.015644263000000002,0.05126992,1550002925820
15557,99,Accelerometer,-0.5279215,1.0474633,7.574057000000001,1550002925820
15558,99,Gyroscope,-0.0039400775,0.034581087999999996,0.049437325,1550002925829
15559,99,Accelerometer,0.40102878,1.246182,11.038467,1550002925830
15560,99,Gyroscope,0.09746355599999999,-0.024061977999999998,0.039052617000000005,1550002925839
15561,99,Accelerometer,1.8806453999999997,1.7788918999999999,10.947486999999999,1550002925840
15562,99,Gyroscope,-0.017989976,-0.050940047999999995,0.08120232,1550002925849
15563,99,Accelerometer,1.2497733,1.1755531000000001,9.598353999999999,1550002925849
15564,99,Gyroscope,-0.016157383,-0.044831395,0.07326107,1550002925859
15565,99,Accelerometer,1.8351556,0.90620536,9.738416,1550002925860
15566,99,Gyroscope,0.047372602,-0.049718317000000005,0.061654627000000004,1550002925869
15567,99,Accelerometer,1.8327613999999999,1.7573439999999998,9.5732155,1550002925870
15568,99,Gyroscope,-0.008216133,-0.055216104,0.070817605,1550002925879
15569,99,Accelerometer,1.1563994,1.4616601,9.429563499999999,1550002925880
15570,99,Gyroscope,0.0052229017,-0.04849659,0.02927877,1550002925889
15571,99,Accelerometer,0.8726865,1.8016368000000003,10.734404,1550002925890
15572,99,Gyroscope,0.00033598019999999995,-0.036890145,0.021337522,1550002925899
15573,99,Accelerometer,1.0905589,2.3965959999999997,10.329783,1550002925899
15574,99,Gyroscope,0.0052229017,-0.014898999,0.029889636,1550002925909
15575,99,Accelerometer,-0.027533319,0.7673416999999999,8.403648,1550002925909
15576,99,Gyroscope,0.036987893,-0.022840247,0.037830885,1550002925920
15577,99,Accelerometer,-0.59735334,1.6077063999999999,10.255563,1550002925920
15578,99,Gyroscope,-0.00027488545,-0.012455538,0.006065893,1550002925929
15579,99,Accelerometer,0.7493850999999999,1.4341268999999999,9.466674000000001,1550002925930
15580,99,Gyroscope,0.0052229017,-0.0075686146,0.06837415,1550002925939
15581,99,Accelerometer,-0.16639702,1.8495207999999999,9.180567,1550002925940
15582,99,Gyroscope,0.029657512999999996,0.0077030174,0.046382997,1550002925949
15583,99,Accelerometer,0.28371290000000005,1.5646108,9.835381,1550002925949
15584,99,Gyroscope,-0.02165517,0.02786157,0.051880784000000006,1550002925959
15585,99,Accelerometer,0.6572084,1.5705963,9.617508,1550002925959
15586,99,Gyroscope,-0.022876898,0.012589939,0.07753713,1550002925970
15587,99,Accelerometer,0.415394,1.246182,10.465055,1550002925970
15588,99,Gyroscope,0.010109824,0.010757342,0.04210694,1550002925979
15589,99,Accelerometer,0.9888053,1.1037270000000001,11.15698,1550002925980
15590,99,Gyroscope,-0.019822573,0.019309454,0.05126992,1550002925989
15591,99,Accelerometer,0.46447513,1.13964,9.706094,1550002925990
15592,99,Gyroscope,-0.010659594,0.004648689,0.05249165,1550002925999
15593,99,Accelerometer,0.48123455,0.8547299999999999,9.673772,1550002926000
15594,99,Gyroscope,0.07119635,-0.01856419,0.051880784000000006,1550002926009
15595,99,Accelerometer,0.93014735,0.9959879,10.055647,1550002926009
15596,99,Gyroscope,0.04187482,-0.014898999,0.059822034,1550002926019
15597,99,Accelerometer,0.35194764,1.3970166000000002,9.210494,1550002926020
15598,99,Gyroscope,0.0009468458599999999,0.014422532,0.06959588,1550002926030
15599,99,Accelerometer,-0.12090719,0.8846575000000001,10.802638,1550002926030
15600,99,Gyroscope,0.017440207,-0.006346885,0.0726502,1550002926039
15601,99,Accelerometer,0.40701428,0.641646,9.959878999999999,1550002926040
15602,99,Gyroscope,0.0094989585,-0.020396786,0.05371338,1550002926049
15603,99,Accelerometer,0.15083471,1.5454572,9.173384,1550002926050
15604,99,Gyroscope,0.028435782000000003,0.00037263334000000003,0.05737857,1550002926059
15605,99,Accelerometer,0.18794483,1.1384428999999998,9.382876,1550002926059
15606,99,Gyroscope,0.040653087000000004,0.015033398,0.07692626,1550002926069
15607,99,Accelerometer,-0.10414778,1.520318,9.354146,1550002926069
15608,99,Gyroscope,0.018661937,0.032137625,0.0726502,1550002926080
15609,99,Accelerometer,-0.33518824,1.4089876000000001,9.637858999999999,1550002926080
15610,99,Gyroscope,0.01316415,0.046798393,0.08547837,1550002926089
15611,99,Accelerometer,0.21428105,1.5777789,9.975441,1550002926090
15612,99,Gyroscope,0.020494534,0.052907042,0.080591455,1550002926099
15613,99,Accelerometer,-0.40462008,1.2054806,9.386467999999999,1550002926100
15614,99,Gyroscope,-0.013103055,0.05901569999999999,0.06348722400000001,1550002926109
15615,99,Accelerometer,-0.16160862,0.94331545,10.225636,1550002926110
15616,99,Gyroscope,0.004612036,0.04007887,0.06287636,1550002926119
15617,99,Accelerometer,0.8523358,0.33279404,10.171766,1550002926119
15618,99,Gyroscope,0.029046647000000002,0.013811666499999998,0.045161266,1550002926130
15619,99,Accelerometer,1.1168951,0.7781156,8.779537,1550002926130
15620,99,Gyroscope,0.03210097,0.03702455,0.032943964,1550002926139
15621,99,Accelerometer,2.0326772,0.9648633,9.884461,1550002926140
15622,99,Gyroscope,-0.044868045,0.05901569999999999,0.01034195,1550002926149
15623,99,Accelerometer,0.46686932,-0.6512229,10.243592,1550002926150
15624,99,Gyroscope,-0.023487763,0.06023743,-0.03302948,1550002926159
15625,99,Accelerometer,0.50517654,0.82719666,13.534422,1550002926159
15626,99,Gyroscope,0.0052229017,-0.049718317000000005,-0.040359866,1550002926169
15627,99,Accelerometer,2.2960392999999995,-0.046686932,11.016919,1550002926169
15628,99,Gyroscope,0.03882049,-0.09492235,-0.058685824000000004,1550002926180
15629,99,Accelerometer,2.3642743,1.2078748,8.866926,1550002926180
15630,99,Gyroscope,-0.0045509413,-0.055216104,-0.06296188,1550002926189
15631,99,Accelerometer,0.760159,1.4808137,9.066842,1550002926190
15632,99,Gyroscope,-0.030818147999999997,-0.049718317000000005,-0.049522847,1550002926199
15633,99,Accelerometer,0.59136784,0.8439561,10.405201,1550002926200
15634,99,Gyroscope,0.038209625,-0.07170947,-0.036694676,1550002926209
15635,99,Accelerometer,0.5518635000000001,0.8463503000000001,11.212047,1550002926209
15636,99,Gyroscope,0.034544434,-0.079650715,-0.030586022999999997,1550002926219
15637,99,Accelerometer,0.7565677,0.7062895,8.684967,1550002926219
15638,99,Gyroscope,-0.030818147999999997,-0.038722742000000004,-0.05257717,1550002926230
15639,99,Accelerometer,-0.04309563,0.9732430000000001,8.796297000000001,1550002926230
15640,99,Gyroscope,-0.06013968,-0.0039034244,-0.07395746,1550002926239
15641,99,Accelerometer,0.533907,1.3192052,10.175357,1550002926240
15642,99,Gyroscope,-0.039981127000000005,-0.0020708293,-0.0837313,1550002926249
15643,99,Accelerometer,1.9680338,0.89184016,9.728839,1550002926250
15644,99,Gyroscope,-0.06319401,0.0015943646,-0.11977235,1550002926259
15645,99,Accelerometer,1.1348516000000002,1.1683705,9.150639,1550002926260
15646,99,Gyroscope,-0.056474485,0.0022052303,-0.106333315,1550002926269
15647,99,Accelerometer,1.5454572,0.82240826,9.685742999999999,1550002926269
15648,99,Gyroscope,0.014385881000000001,-0.011233807,-0.10450072,1550002926279
15649,99,Accelerometer,2.2469582999999997,0.7625531999999999,10.180145,1550002926280
15650,99,Gyroscope,0.02477059,-0.012455538,-0.057464093,1550002926289
15651,99,Accelerometer,1.9333179,0.8463503000000001,9.605537,1550002926290
15652,99,Gyroscope,0.022327128999999998,-0.030170628999999997,-0.042192463,1550002926299
15653,99,Accelerometer,2.0470424,1.7932571,9.757569,1550002926300
15654,99,Gyroscope,0.04370741,-0.042387932999999996,-0.04891198,1550002926309
15655,99,Accelerometer,2.6635494,1.1384428999999998,9.664195,1550002926309
15656,99,Gyroscope,0.043096546,-0.04055534,-0.04280333,1550002926319
15657,99,Accelerometer,2.1511902999999997,1.4544774999999999,9.639056,1550002926320
15658,99,Gyroscope,-0.008826999,-0.04422053,-0.042192463,1550002926330
15659,99,Accelerometer,1.4568716999999998,1.7094599999999998,9.874885,1550002926330
15660,99,Gyroscope,0.0070554977,-0.042387932999999996,-0.0678488,1550002926339
15661,99,Accelerometer,1.3706805,1.8243817,9.809045,1550002926340
15662,99,Gyroscope,0.00033598019999999995,-0.030170628999999997,-0.062351014,1550002926349
15663,99,Accelerometer,0.81283146,2.1212628,9.40203,1550002926350
15664,99,Gyroscope,-0.019211708,-0.006957751,-0.04646852,1550002926359
15665,99,Accelerometer,0.24301147,1.9165584999999998,9.228451,1550002926359
15666,99,Gyroscope,-0.00027488545,-0.00084909797,-0.040359866,1550002926369
15667,99,Accelerometer,0.58538234,1.483208,9.631872999999999,1550002926369
15668,99,Gyroscope,0.0076663624,0.005259555,-0.039138135,1550002926380
15669,99,Accelerometer,0.60812724,1.4903905000000002,9.701305,1550002926380
15670,99,Gyroscope,0.010109824,0.02114205,-0.034251212999999996,1550002926389
15671,99,Accelerometer,0.4321534000000001,1.246182,9.370906,1550002926390
15672,99,Gyroscope,0.0058337674,0.033970222,-0.045857653,1550002926399
15673,99,Accelerometer,0.79008657,1.3024458,9.566033000000001,1550002926400
15674,99,Gyroscope,-0.030207282000000002,0.05962656400000001,-0.025699101000000002,1550002926409
15675,99,Accelerometer,0.7254431,0.7673416999999999,10.171766,1550002926409
15676,99,Gyroscope,-0.016157383,0.044965795999999995,-0.025699101000000002,1550002926419
15677,99,Accelerometer,0.6356605,0.4189853,10.235211999999999,1550002926419
15678,99,Gyroscope,-0.040591992,0.03152676,-0.0140926605,1550002926430
15679,99,Accelerometer,1.3275848999999997,0.7673416999999999,10.408792,1550002926430
15680,99,Gyroscope,-0.06319401,0.036413684,-0.029364292,1550002926439
15681,99,Accelerometer,2.055422,1.2725182,9.490616000000001,1550002926440
15682,99,Gyroscope,-0.05586362,0.041300602,-0.013481795,1550002926449
15683,99,Accelerometer,1.5239093000000001,0.8882488000000002,9.562441999999999,1550002926450
15684,99,Gyroscope,-0.039981127000000005,0.02114205,-0.048301116,1550002926459
15685,99,Accelerometer,1.9297266,1.292869,9.850943,1550002926460
15686,99,Gyroscope,-0.037537664,0.013200805,-0.04769025,1550002926469
15687,99,Accelerometer,1.9764134999999998,0.89064306,10.093954,1550002926469
15688,99,Gyroscope,-0.030818147999999997,0.0034269579,-0.03302948,1550002926480
15689,99,Accelerometer,1.8052281000000003,0.842759,9.507375,1550002926480
15690,99,Gyroscope,0.040653087000000004,-0.014288133,-0.053188037,1550002926489
15691,99,Accelerometer,1.2401965,1.9021933000000002,11.944673,1550002926490
15692,99,Gyroscope,-0.08274169,0.079785116,-0.06540534,1550002926499
15693,99,Accelerometer,-0.029927522,0.21308395,13.5535755,1550002926500
15694,99,Gyroscope,-0.08762861,-0.11141571,-0.04402506,1550002926509
15695,99,Accelerometer,1.1372458,0.93613285,11.823765,1550002926510
15696,99,Gyroscope,0.12800682,-0.21953887,-0.06174015,1550002926519
15697,99,Accelerometer,1.6711528000000002,0.91458505,6.616376400000001,1550002926519
15698,99,Gyroscope,0.027824916,-0.09431147599999999,-0.06174015,1550002926529
15699,99,Accelerometer,1.4580688,1.0785878999999998,6.4212489999999995,1550002926530
15700,99,Gyroscope,-0.11206323,0.03580282,0.021337522,1550002926540
15701,99,Accelerometer,0.20470424,0.92057055,10.651803,1550002926540
15702,99,Gyroscope,0.06814202,-0.039944474,-0.029975157000000002,1550002926549
15703,99,Accelerometer,1.0402806,1.7753005000000002,11.573571000000001,1550002926550
15704,99,Gyroscope,0.06753115,-0.09064629,-0.026309965,1550002926559
15705,99,Accelerometer,1.5717934,0.5243302,9.227253,1550002926560
15706,99,Gyroscope,-0.008216133,-0.06621168,-0.066016205,1550002926569
15707,99,Accelerometer,0.29927522,1.1228806,8.963891,1550002926569
15708,99,Gyroscope,0.05470299,-0.011233807,-0.033640347,1550002926579
15709,99,Accelerometer,1.3934253,1.4449007999999999,9.218874000000001,1550002926579
15710,99,Gyroscope,0.052259527,-0.006346885,-0.017146988000000002,1550002926590
15711,99,Accelerometer,1.7405846,1.6867151000000002,9.689333999999999,1550002926590
15712,99,Gyroscope,0.021716263,-0.043609664000000006,-0.018368717,1550002926599
15713,99,Accelerometer,0.79487497,1.6771383000000002,10.279505,1550002926600
15714,99,Gyroscope,0.05653558,-0.01734246,-0.007984008,1550002926609
15715,99,Accelerometer,0.6991069000000001,1.4460978999999998,8.828619,1550002926610
15716,99,Gyroscope,-0.056474485,0.0571831,0.03355483,1550002926619
15717,99,Accelerometer,1.2629413999999999,1.6759412,8.619126,1550002926620
15718,99,Gyroscope,-0.052809298,0.06634608,0.0066767577,1550002926629
15719,99,Accelerometer,0.92655605,1.6807296000000003,9.932345,1550002926629
15720,99,Gyroscope,0.008888093,0.026639838,-0.037916407,1550002926639
15721,99,Accelerometer,0.5793968,1.3814543,9.082403999999999,1550002926640
15722,99,Gyroscope,-0.072356984,0.043744065,-0.04280333,1550002926649
15723,99,Accelerometer,0.46806642,1.3503298000000001,8.7532015,1550002926650
15724,99,Gyroscope,-0.05586362,0.068178676,-0.033640347,1550002926659
15725,99,Accelerometer,0.33279404,1.6831238000000002,10.195708,1550002926660
15726,99,Gyroscope,-0.005161807,0.071233004,-0.038527273,1550002926669
15727,99,Accelerometer,-0.11133038,1.0115502,10.466252,1550002926670
15728,99,Gyroscope,-0.041813724,0.05168531,-0.035472944,1550002926679
15729,99,Accelerometer,0.6392518,1.0618285,10.320207,1550002926679
15730,99,Gyroscope,-0.021044305,0.033359356,-0.021423044,1550002926689
15731,99,Accelerometer,1.2186487,1.7429788,10.005369,1550002926689
15732,99,Gyroscope,-0.005161807,0.015033398,-0.031807754,1550002926700
15733,99,Accelerometer,0.6631939,1.4903905000000002,9.406818,1550002926700
15734,99,Gyroscope,-0.028374685,0.022363782000000002,-0.02325564,1550002926709
15735,99,Accelerometer,0.8559271,1.376666,9.860519,1550002926710
15736,99,Gyroscope,0.013775015,0.011979073,0.0030115664,1550002926719
15737,99,Accelerometer,1.1013328000000002,1.0115502,9.691728999999999,1550002926720
15738,99,Gyroscope,0.0070554977,0.006481286,0.0036224315000000003,1550002926729
15739,99,Accelerometer,1.2054806,1.1959038,9.726444,1550002926730
15740,99,Gyroscope,0.010109824,0.007092151999999999,-4.2759813000000006e-05,1550002926739
15741,99,Accelerometer,0.8798690999999998,1.0342950999999998,9.447519999999999,1550002926739
15742,99,Gyroscope,0.008888093,0.008924745,-0.02325564,1550002926749
15743,99,Accelerometer,1.0366893,1.0414777,9.970653,1550002926749
15744,99,Gyroscope,0.004612036,-0.00023823230999999999,-0.025088236,1550002926760
15745,99,Accelerometer,0.7386111999999999,0.9516952,9.603143,1550002926760
15746,99,Gyroscope,-0.022876898,0.022974647999999997,-0.02325564,1550002926769
15747,99,Accelerometer,0.48362875,0.80804306,9.315839,1550002926770
15748,99,Gyroscope,-0.012492188999999999,0.036413684,-0.04402506,1550002926779
15749,99,Accelerometer,0.38426940000000004,1.091756,9.623494,1550002926780
15750,99,Gyroscope,-0.0027183462,0.040689737000000004,-0.039749,1550002926789
15751,99,Accelerometer,0.1592144,1.0989386,9.706094,1550002926790
15752,99,Gyroscope,-0.018600842,0.026028972,-0.028142562000000003,1550002926799
15753,99,Accelerometer,0.39145198,1.1384428999999998,10.068814999999999,1550002926799
15754,99,Gyroscope,-0.008216133,0.04863099,-0.011038333999999999,1550002926809
15755,99,Accelerometer,0.42018240000000007,1.0534488000000002,9.716867,1550002926809
15756,99,Gyroscope,-0.0137139205,0.060848295999999996,-0.020201313999999998,1550002926820
15757,99,Accelerometer,0.46806642,1.0570401000000003,8.995016,1550002926820
15758,99,Gyroscope,0.00033598019999999995,0.020531185,-0.01287093,1550002926829
15759,99,Accelerometer,0.9504981,0.91099375,9.398438,1550002926830
15760,99,Gyroscope,0.10112875,0.03580282,0.007898489,1550002926839
15761,99,Accelerometer,1.8686744,0.8283938,7.787141,1550002926840
15762,99,Gyroscope,0.044929143,0.11521529400000001,-0.02203391,1550002926849
15763,99,Accelerometer,0.32920274,2.0386627,8.577228,1550002926849
15764,99,Gyroscope,-0.03814853,0.14698029,0.009120219,1550002926859
15765,99,Accelerometer,0.47165772,0.6967127,11.042058,1550002926859
15766,99,Gyroscope,0.060200773,0.0028160921999999997,0.06593069,1550002926870
15767,99,Accelerometer,0.80325466,0.019153614,11.779472,1550002926870
15768,99,Gyroscope,0.091965765,-0.013677267,-0.011649198999999999,1550002926879
15769,99,Accelerometer,1.8435352999999999,2.1739352000000003,8.725667999999999,1550002926880
15770,99,Gyroscope,-0.07480045,0.04740926,0.027446175,1550002926889
15771,99,Accelerometer,0.6655880999999999,2.6360161,8.060080000000001,1550002926890
15772,99,Gyroscope,-0.0039400775,0.029083297,0.08120232,1550002926899
15773,99,Accelerometer,-0.17836803,1.5705963,11.100717,1550002926900
15774,99,Gyroscope,0.101739615,-0.014288133,0.057989437000000005,1550002926909
15775,99,Accelerometer,0.16160862,1.6915035,11.670536,1550002926909
15776,99,Gyroscope,-0.030207282000000002,0.056572236,0.049437325,1550002926919
15777,99,Accelerometer,0.17597382,0.5386954,8.683769,1550002926919
15778,99,Gyroscope,-0.088239476,0.07001127,0.0885327,1550002926930
15779,99,Accelerometer,-1.1803415000000002,0.8343792999999999,8.771158,1550002926930
15780,99,Gyroscope,0.03210097,0.07611992,-0.007984008,1550002926939
15781,99,Accelerometer,0.015562311,1.8423381999999997,9.441533999999999,1550002926940
15782,99,Gyroscope,-0.029596416,0.06878954,0.01156368,1550002926949
15783,99,Accelerometer,-0.5303157,0.7553706,10.175357,1550002926950
15784,99,Gyroscope,-0.035705067,0.06390262,0.022559252999999998,1550002926959
15785,99,Accelerometer,-0.23702596,1.5490485,10.404003,1550002926960
15786,99,Gyroscope,-0.02409863,0.055350505,0.046382997,1550002926969
15787,99,Accelerometer,0.80445176,0.39264908,9.615114,1550002926969
15788,99,Gyroscope,-0.037537664,0.024807245,-0.004929682,1550002926979
15789,99,Accelerometer,0.25498247,0.88944596,10.040085000000001,1550002926980
15790,99,Gyroscope,-0.010659594,0.015033398,-0.0140926605,1550002926990
15791,99,Accelerometer,0.59735334,0.30765492,9.105149,1550002926990
15792,99,Gyroscope,-0.043035455,0.024196379,-0.015314391,1550002926999
15793,99,Accelerometer,0.4189853,0.7350199000000001,9.2787285,1550002927000
15794,99,Gyroscope,-0.046089776,0.032137625,-0.04097073,1550002927009
15795,99,Accelerometer,-0.045489833,0.5686229,10.868478999999999,1550002927010
15796,99,Gyroscope,-0.0076052677,0.005259555,-0.049522847,1550002927019
15797,99,Accelerometer,-0.08020575,0.41180268,10.395624,1550002927020
15798,99,Gyroscope,-0.02165517,-0.0039034244,-0.039749,1550002927029
15799,99,Accelerometer,0.2765303,0.7146691999999999,9.759963,1550002927029
15800,99,Gyroscope,-0.028374685,-0.022840247,-0.059907555999999994,1550002927040
15801,99,Accelerometer,0.59974754,0.92057055,9.737217999999999,1550002927040
15802,99,Gyroscope,-0.0008857511,-0.047885723,-0.06051842,1550002927049
15803,99,Accelerometer,1.5466543,0.8487445,9.275136999999999,1550002927050
15804,99,Gyroscope,-0.056474485,-0.05277264,-0.053188037,1550002927059
15805,99,Accelerometer,1.6424223000000002,0.92176765,9.312247,1550002927060
15806,99,Gyroscope,-0.013103055,-0.050940047999999995,-0.045246787000000004,1550002927069
15807,99,Accelerometer,2.0362685000000003,0.50876784,10.001778,1550002927070
15808,99,Gyroscope,0.0070554977,-0.068044275,-0.04891198,1550002927079
15809,99,Accelerometer,1.4269443000000002,0.7086836999999999,10.207678999999999,1550002927079
15810,99,Gyroscope,-0.032650746,-0.0729312,-0.07395746,1550002927089
15811,99,Accelerometer,1.2138603000000001,0.5554548,9.5971575,1550002927089
15812,99,Gyroscope,-0.02898555,-0.06865514,-0.08006611,1550002927100
15813,99,Accelerometer,1.3910311000000002,1.0510546,9.824607,1550002927100
15814,99,Gyroscope,-0.054641888,-0.053994372,-0.11060937,1550002927109
15815,99,Accelerometer,0.47524905,0.6631939,9.775525,1550002927110
15816,99,Gyroscope,-0.035705067,-0.050940047999999995,-0.13993089,1550002927119
15817,99,Accelerometer,0.23702596,0.7589619000000001,9.944317,1550002927120
15818,99,Gyroscope,-0.022876898,-0.04910745,-0.13382225,1550002927129
15819,99,Accelerometer,0.19512744,1.1192893,9.548077000000001,1550002927130
15820,99,Gyroscope,-0.03509419999999999,-0.030781494,-0.12282667,1550002927139
15821,99,Accelerometer,0.45370123,1.62686,9.697714,1550002927139
15822,99,Gyroscope,-0.024709495,-0.038722742000000004,-0.11122023,1550002927149
15823,99,Accelerometer,1.0378863999999999,1.0103531,9.380483,1550002927150
15824,99,Gyroscope,-0.0076052677,-0.025283707000000002,-0.10877677,1550002927159
15825,99,Accelerometer,1.2150573999999998,1.4496891,9.184157,1550002927160
15826,99,Gyroscope,-0.0008857511,-0.0026816929999999998,-0.08006611,1550002927169
15827,99,Accelerometer,1.5897499,1.3204023,8.6574335,1550002927170
15828,99,Gyroscope,-0.016768249,0.015033398,-0.05929669,1550002927179
15829,99,Accelerometer,1.3958195,1.4425066,9.209297,1550002927180
15830,99,Gyroscope,-0.0014966168,0.027250702999999998,-0.047079384,1550002927189
15831,99,Accelerometer,1.4209588,1.5406688,9.782708,1550002927189
15832,99,Gyroscope,0.018661937,0.041300602,-0.06174015,1550002927199
15833,99,Accelerometer,2.421735,0.8822633,8.586803999999999,1550002927199
15834,99,Gyroscope,-0.029596416,0.06329175,-0.056853227,1550002927210
15835,99,Accelerometer,0.23822308,2.9735985,10.904391,1550002927210
15836,99,Gyroscope,-0.049144104,0.019309454,-0.042192463,1550002927219
15837,99,Accelerometer,2.3032220000000003,0.41778820000000005,12.446258,1550002927220
15838,99,Gyroscope,0.10296135,-0.058881298,-0.047079384,1550002927229
15839,99,Accelerometer,2.8981812000000002,0.49679685,8.2995,1550002927230
15840,99,Gyroscope,-0.027763822999999997,0.03824628,-0.077622645,1550002927239
15841,99,Accelerometer,1.4568716999999998,2.3774424,7.839813,1550002927240
15842,99,Gyroscope,-0.10534371,0.071233004,-0.050744575,1550002927249
15843,99,Accelerometer,0.41299978,0.5470751,9.579201,1550002927249
15844,99,Gyroscope,0.035155296,-0.005125154,-0.07090313,1550002927259
15845,99,Accelerometer,1.2354081000000001,0.9947908000000001,12.071565,1550002927259
15846,99,Gyroscope,0.0015577096,-0.042998800000000004,-0.06296188,1550002927270
15847,99,Accelerometer,1.316811,0.56982,9.750386,1550002927270
15848,99,Gyroscope,-0.04853324,-0.011844671999999999,-0.07029226400000001,1550002927279
15849,99,Accelerometer,1.2988545,0.91338795,8.967483,1550002927280
15850,99,Gyroscope,-0.0021074805,-0.019175055,-0.04891198,1550002927289
15851,99,Accelerometer,0.748188,0.8870517,9.949105,1550002927290
15852,99,Gyroscope,0.030268377000000003,-0.04605312599999999,-0.04280333,1550002927299
15853,99,Accelerometer,1.3000516000000002,0.25977087,10.013748,1550002927300
15854,99,Gyroscope,0.07058548,-0.030170628999999997,-0.04646852,1550002927309
15855,99,Accelerometer,1.4030021000000001,0.7733272,8.8884735,1550002927309
15856,99,Gyroscope,-0.06013968,0.042522334,-0.056853227,1550002927319
15857,99,Accelerometer,1.4760253,1.4616601,9.032125,1550002927320
15858,99,Gyroscope,-0.06380487,0.011368208000000001,-0.020812178,1550002927330
15859,99,Accelerometer,1.4437037,0.8607155000000001,10.126275999999999,1550002927330
15860,99,Gyroscope,0.034544434,-0.043609664000000006,-0.061129287000000004,1550002927339
15861,99,Accelerometer,1.7633294999999998,0.9564835999999999,10.510546000000001,1550002927340
15862,99,Gyroscope,-0.028374685,-0.014898999,-0.07029226400000001,1550002927349
15863,99,Accelerometer,2.0003555,1.4077905000000002,7.997831,1550002927350
15864,99,Gyroscope,-0.11633928,0.035191953,-0.074568324,1550002927359
15865,99,Accelerometer,2.0219033,1.4891934,8.763975,1550002927359
15866,99,Gyroscope,-0.0008857511,0.0009834989999999999,-0.06296188,1550002927369
15867,99,Accelerometer,1.0857705,1.4712370000000001,11.301829,1550002927369
15868,99,Gyroscope,0.006444632,-0.027116302000000002,-0.077622645,1550002927379
15869,99,Accelerometer,1.0283096,1.0642227,10.230424000000001,1550002927380
15870,99,Gyroscope,-0.051587567,-0.01856419,-0.081898704,1550002927390
15871,99,Accelerometer,0.50876784,1.2485761999999998,10.344149,1550002927390
15872,99,Gyroscope,0.014385881000000001,-0.022840247,-0.048301116,1550002927399
15873,99,Accelerometer,0.7733272,1.1851299,9.578004,1550002927400
15874,99,Gyroscope,0.006444632,-0.01734246,-0.02203391,1550002927409
15875,99,Accelerometer,0.61171854,1.0031705,9.372103,1550002927410
15876,99,Gyroscope,0.031490106000000004,0.013200805,-0.014703525,1550002927419
15877,99,Accelerometer,0.7589619000000001,1.1252748,9.805453,1550002927419
15878,99,Gyroscope,0.022937994,0.01992032,0.0054550273,1550002927429
15879,99,Accelerometer,0.6703765,0.9983820999999999,9.155427,1550002927430
15880,99,Gyroscope,-0.013103055,0.019309454,-0.007373143,1550002927439
15881,99,Accelerometer,0.2861071,0.9648633,9.405622,1550002927440
15882,99,Gyroscope,0.017440207,0.022974647999999997,-0.011649198999999999,1550002927449
15883,99,Accelerometer,0.7314286,0.7589619000000001,9.647436,1550002927450
15884,99,Gyroscope,0.020494534,0.037635416,-0.010427468,1550002927459
15885,99,Accelerometer,0.93732995,1.0690111,9.988609,1550002927460
15886,99,Gyroscope,0.0094989585,0.04435493,-0.010427468,1550002927469
15887,99,Accelerometer,0.9720459000000001,1.1767502,9.908403,1550002927469
15888,99,Gyroscope,0.0027794409999999997,0.033970222,-0.03302948,1550002927479
15889,99,Accelerometer,1.0809821000000002,0.8355764000000001,9.714474000000001,1550002927480
15890,99,Gyroscope,-0.00027488545,0.024196379,-0.0043188166,1550002927490
15891,99,Accelerometer,1.9381063000000003,1.1300632,9.277532,1550002927490
15892,99,Gyroscope,-0.022266036,0.06329175,-0.019590449,1550002927499
15893,99,Accelerometer,0.8750806999999999,1.3455413999999999,10.017339999999999,1550002927500
15894,99,Gyroscope,-0.021044305,0.052907042,-0.017146988000000002,1550002927509
15895,99,Accelerometer,1.1767502,1.2916718999999999,10.615890499999999,1550002927510
15896,99,Gyroscope,0.006444632,0.005259555,0.0005681054,1550002927519
15897,99,Accelerometer,1.8195933000000002,0.6955156,9.192537,1550002927520
15898,99,Gyroscope,0.03210097,-0.0026816929999999998,-0.028753427999999998,1550002927529
15899,99,Accelerometer,1.4185646,2.3427265,10.726024,1550002927529
15900,99,Gyroscope,0.006444632,0.037635416,-0.02692083,1550002927539
15901,99,Accelerometer,0.37708676,0.8822633,8.887277000000001,1550002927540
15902,99,Gyroscope,-0.09801333,0.07001127,0.009731084000000001,1550002927550
15903,99,Accelerometer,0.59376204,1.7764976000000003,11.766304,1550002927550
15904,99,Gyroscope,0.022937994,-0.046663992,0.0042332970000000004,1550002927559
15905,99,Accelerometer,2.0135236,-0.14006079999999999,10.232818,1550002927560
15906,99,Gyroscope,0.058979042,-0.06254649,-0.05929669,1550002927569
15907,99,Accelerometer,0.48123455,1.3551182,8.389283,1550002927570
15908,99,Gyroscope,-0.088239476,-0.00817948,-0.02203391,1550002927579
15909,99,Accelerometer,0.23582886,0.36032736,9.344569,1550002927579
15910,99,Gyroscope,-0.013103055,-0.014898999,-0.032418616000000004,1550002927589
15911,99,Accelerometer,0.044292733,1.3192052,11.043256,1550002927589
15912,99,Gyroscope,0.07730500400000001,-0.016731594,-0.026309965,1550002927600
15913,99,Accelerometer,0.20111294,1.4975731,11.311406,1550002927600
15914,99,Gyroscope,-0.029596416,-0.041777067,-0.011649198999999999,1550002927609
15915,99,Accelerometer,0.47285482,0.63087213,9.7958765,1550002927610
15916,99,Gyroscope,0.004612036,-0.035057552,-0.020812178,1550002927619
15917,99,Accelerometer,0.39145198,1.340753,10.029311,1550002927620
15918,99,Gyroscope,0.04554001,-0.016731594,-0.018368717,1550002927629
15919,99,Accelerometer,0.82719666,0.92176765,8.608353,1550002927630
15920,99,Gyroscope,-0.07418958,-0.03139236,-0.031807754,1550002927639
15921,99,Accelerometer,0.41299978,1.8291701,10.09994,1550002927639
15922,99,Gyroscope,0.09135491,-0.0729312,-0.022644775,1550002927649
15923,99,Accelerometer,0.8415619000000001,0.46208093,10.952275,1550002927650
15924,99,Gyroscope,0.03882049,-0.042387932999999996,-0.02447737,1550002927660
15925,99,Accelerometer,0.7398083000000001,1.2473791,8.817844000000001,1550002927660
15926,99,Gyroscope,-0.07602217,-0.0020708293,-0.007984008,1550002927669
15927,99,Accelerometer,0.58418524,1.5705963,9.330204,1550002927670
15928,99,Gyroscope,0.03759876,-0.034446687000000004,-0.009816604,1550002927679
15929,99,Accelerometer,0.51834464,0.5327099000000001,10.840945,1550002927680
15930,99,Gyroscope,0.025381455,-0.030170628999999997,-0.048301116,1550002927689
15931,99,Accelerometer,0.44891283,1.2940661,9.560047,1550002927690
15932,99,Gyroscope,-0.07846563,-0.0032925587,-0.049522847,1550002927699
15933,99,Accelerometer,0.7026982,0.8463503000000001,9.136273,1550002927699
15934,99,Gyroscope,0.0040011713,-0.016731594,-0.037916407,1550002927710
15935,99,Accelerometer,0.076614454,1.1911154,10.314221,1550002927710
15936,99,Gyroscope,-0.00027488545,0.0034269579,-0.033640347,1550002927719
15937,99,Accelerometer,0.26336220000000005,1.3239936,10.286688,1550002927720
15938,99,Gyroscope,-0.040591992,0.012589939,-0.03730554,1550002927729
15939,99,Accelerometer,0.38307226,0.59136784,9.346964,1550002927730
15940,99,Gyroscope,0.029046647000000002,0.007092151999999999,-0.0061514126,1550002927739
15941,99,Accelerometer,-0.21188685,1.5969325,9.946711,1550002927740
15942,99,Gyroscope,-0.029596416,0.036413684,-0.021423044,1550002927749
15943,99,Accelerometer,0.9540894,1.0534488000000002,9.369708000000001,1550002927749
15944,99,Gyroscope,-0.06319401,0.028472435,-0.011038333999999999,1550002927759
15945,99,Accelerometer,0.35075054,1.1420341999999999,10.05445,1550002927759
15946,99,Gyroscope,-0.02409863,-0.011233807,-0.0018753556,1550002927770
15947,99,Accelerometer,0.27533320000000006,1.2198458,12.089521000000001,1550002927770
15948,99,Gyroscope,0.04187482,-0.049718317000000005,-0.0018753556,1550002927779
15949,99,Accelerometer,1.1947067,0.2705448,9.308656,1550002927780
15950,99,Gyroscope,-0.031429015,-0.025894572999999997,0.0054550273,1550002927789
15951,99,Accelerometer,0.8319851,2.0027497,8.905233,1550002927790
15952,99,Gyroscope,-0.03509419999999999,0.0058704205,-0.004929682,1550002927799
15953,99,Accelerometer,1.0067618,0.35194764,8.726865,1550002927800
15954,99,Gyroscope,0.035155296,-0.00023823230999999999,0.0066767577,1550002927809
15955,99,Accelerometer,0.19991584,0.9708488000000001,9.591172,1550002927809
15956,99,Gyroscope,-0.01737911,-0.011844671999999999,-0.007373143,1550002927819
15957,99,Accelerometer,0.40701428,0.34356794,9.424775,1550002927820
15958,99,Gyroscope,-0.03814853,-0.00817948,-0.03608381,1550002927830
15959,99,Accelerometer,0.59495914,1.0893618,9.648633,1550002927830
15960,99,Gyroscope,0.01316415,-0.014288133,-0.034251212999999996,1550002927839
15961,99,Accelerometer,-0.059855044,0.8403648000000001,9.31105,1550002927840
15962,99,Gyroscope,-0.01127046,-0.041777067,-0.03730554,1550002927849
15963,99,Accelerometer,0.8834603999999999,0.34835634,10.9343195,1550002927850
15964,99,Gyroscope,-0.06319401,0.0040378235,-0.01287093,1550002927859
15965,99,Accelerometer,0.15801731,1.7106571,10.229227,1550002927860
15966,99,Gyroscope,0.029657512999999996,-0.06987687,-0.02447737,1550002927869
15967,99,Accelerometer,1.043872,2.2900537999999995,8.692149,1550002927869
15968,99,Gyroscope,-0.073578715,-0.010622941,0.023780985,1550002927880
15969,99,Accelerometer,0.1328782,0.81522566,9.220071,1550002927880
15970,99,Gyroscope,-0.05830708,-0.012455538,-0.0061514126,1550002927889
15971,99,Accelerometer,-0.5781997,1.1204863999999999,11.295844,1550002927890
15972,99,Gyroscope,0.07241808,-0.07598552,-0.0037079514000000003,1550002927899
15973,99,Accelerometer,1.0737995,1.2605472,9.757569,1550002927900
15974,99,Gyroscope,-0.021044305,-0.07598552,0.015839735,1550002927909
15975,99,Accelerometer,0.5267244000000001,0.6931214,8.550891,1550002927910
15976,99,Gyroscope,0.018051071000000002,-0.038722742000000004,-0.0030970859999999998,1550002927919
15977,99,Accelerometer,0.09696517,1.0534488000000002,10.33098,1550002927919
15978,99,Gyroscope,0.07974846,-0.06254649,-4.2759813000000006e-05,1550002927929
15979,99,Accelerometer,0.4249708,-0.08140286,9.555259,1550002927929
15980,99,Gyroscope,0.011942419,-0.049718317000000005,-0.027531696,1550002927940
15981,99,Accelerometer,0.90381116,1.0187328000000002,10.867282000000001,1550002927940
15982,99,Gyroscope,0.049816065,-0.082705036,0.0042332970000000004,1550002927949
15983,99,Accelerometer,1.9381063000000003,0.20111294,10.633847,1550002927950
15984,99,Gyroscope,0.048594332999999997,-0.10469619,-0.020201313999999998,1550002927959
15985,99,Accelerometer,1.3934253,0.61171854,9.61272,1550002927960
15986,99,Gyroscope,-0.02532036,-0.08453764,-0.039749,1550002927969
15987,99,Accelerometer,1.9428947,0.4345476,8.899248,1550002927970
15988,99,Gyroscope,0.018051071000000002,-0.071098596,-0.055631495999999996,1550002927979
15989,99,Accelerometer,0.8774749,0.60214174,9.151836,1550002927979
15990,99,Gyroscope,0.0070554977,-0.058881298,-0.05929669,1550002927990
15991,99,Accelerometer,0.5243302,0.6943185000000001,8.889671,1550002927990
15992,99,Gyroscope,-0.02532036,-0.03139236,-0.07029226400000001,1550002928000
15993,99,Accelerometer,0.035913024,1.352724,9.609129,1550002928000
15994,99,Gyroscope,-0.012492188999999999,-0.0020708293,-0.04097073,1550002928009
15995,99,Accelerometer,0.32321724,1.3754688999999998,9.813833,1550002928010
15996,99,Gyroscope,-0.046089776,0.0015943646,-0.053798902999999995,1550002928019
15997,99,Accelerometer,0.17956513,1.9476831000000001,9.495403999999999,1550002928020
15998,99,Gyroscope,-0.02898555,0.015644263000000002,-0.045246787000000004,1550002928029
15999,99,Accelerometer,0.9612719999999999,1.9608511999999998,9.631872999999999,1550002928029
16000,99,Gyroscope,-0.044868045,0.02786157,-0.055020634000000006,1550002928039
16001,99,Accelerometer,0.58418524,1.2018893,9.645041,1550002928039
16002,99,Gyroscope,-0.0369268,0.0034269579,-0.07701178,1550002928050
16003,99,Accelerometer,0.93852705,1.0845733999999998,9.550469999999999,1550002928050
16004,99,Gyroscope,-0.01004873,-0.005125154,-0.086174764,1550002928059
16005,99,Accelerometer,1.3383588,1.2509704,9.385271000000001,1550002928060
16006,99,Gyroscope,-0.026542092000000003,0.005259555,-0.09533774,1550002928069
16007,99,Accelerometer,1.0271125,0.8583213,9.259575,1550002928070
16008,99,Gyroscope,-0.027152957000000002,0.013200805,-0.09961379,1550002928079
16009,99,Accelerometer,0.93732995,1.2246342,9.876082,1550002928080
16010,99,Gyroscope,-0.0039400775,-0.00084909797,-0.09839206,1550002928089
16011,99,Accelerometer,1.1156979999999999,0.78888947,9.583989,1550002928089
16012,99,Gyroscope,0.010720688999999999,-0.00084909797,-0.089229085,1550002928099
16013,99,Accelerometer,1.0127473,1.4784195,9.39365,1550002928100
16014,99,Gyroscope,-0.030207282000000002,0.03580282,-0.07212486,1550002928109
16015,99,Accelerometer,0.8834603999999999,1.4712370000000001,9.645041,1550002928110
16016,99,Gyroscope,-0.015546517,0.0077030174,-0.05257717,1550002928119
16017,99,Accelerometer,0.93972415,1.1779473,9.956287,1550002928119
16018,99,Gyroscope,0.010109824,0.011368208000000001,-0.053798902999999995,1550002928129
16019,99,Accelerometer,1.5861586,0.9732430000000001,9.360130999999999,1550002928129
16020,99,Gyroscope,-0.0045509413,0.029694162000000003,-0.042192463,1550002928139
16021,99,Accelerometer,0.94690675,1.1300632,8.686164,1550002928140
16022,99,Gyroscope,-0.022876898,0.030305027999999998,-0.051966306,1550002928149
16023,99,Accelerometer,1.2114661,1.4065934,9.569624000000001,1550002928150
16024,99,Gyroscope,-0.053420155999999996,0.015644263000000002,-0.049522847,1550002928159
16025,99,Accelerometer,1.7872716,0.48123455,10.43034,1550002928160
16026,99,Gyroscope,0.024159724,-0.00023823230999999999,-0.053798902999999995,1550002928169
16027,99,Accelerometer,0.79128367,0.7338228,9.478644000000001,1550002928170
16028,99,Gyroscope,-0.055252752999999995,-0.015509863999999998,-0.08067697,1550002928179
16029,99,Accelerometer,1.6843209,1.9919758,11.522096000000001,1550002928180
16030,99,Gyroscope,-0.060750544000000004,0.006481286,-0.043414194,1550002928189
16031,99,Accelerometer,1.9847932000000001,0.038307227,11.123461,1550002928190
16032,99,Gyroscope,-0.06563746,-0.08026158,-0.0043188166,1550002928199
16033,99,Accelerometer,1.2078748,1.6699557,11.420342,1550002928200
16034,99,Gyroscope,0.008277228000000001,-0.06987687,-0.094726875,1550002928209
16035,99,Accelerometer,3.5386300000000004,0.93852705,8.7292595,1550002928210
16036,99,Gyroscope,-0.04975497,-0.01734246,-0.07029226400000001,1550002928219
16037,99,Accelerometer,1.5454572,1.5047556999999998,9.156625,1550002928219
16038,99,Gyroscope,0.016218476000000003,-0.021618515,-0.023866504,1550002928229
16039,99,Accelerometer,-0.039504327,1.1611878,10.254366000000001,1550002928230
16040,99,Gyroscope,0.055313855,-0.016120728,-0.06968139999999999,1550002928239
16041,99,Accelerometer,1.5275006000000002,1.3431472,9.552864999999999,1550002928239
16042,99,Gyroscope,0.0094989585,-0.025894572999999997,-0.019590449,1550002928249
16043,99,Accelerometer,0.37349546,1.9201498,10.038888,1550002928250
16044,99,Gyroscope,0.074250676,-0.02222938,-0.0012644903,1550002928259
16045,99,Accelerometer,0.6500258000000001,1.0402806,10.4171715,1550002928260
16046,99,Gyroscope,0.029657512999999996,-0.014898999,0.014618006999999999,1550002928269
16047,99,Accelerometer,0.7326256999999999,2.0530279,10.127473,1550002928270
16048,99,Gyroscope,-0.0057726726,-0.012455538,-0.0061514126,1550002928279
16049,99,Accelerometer,1.0175357,1.1216834999999998,9.427169000000001,1550002928280
16050,99,Gyroscope,0.0033903066,-0.032003224,0.009731084000000001,1550002928289
16051,99,Accelerometer,0.91338795,1.8746599,11.174936,1550002928290
16052,99,Gyroscope,-0.02409863,-0.01734246,-0.019590449,1550002928300
16053,99,Accelerometer,1.5107412,1.0366893,9.932345,1550002928300
16054,99,Gyroscope,-0.039981127000000005,-0.026505437000000003,-0.019590449,1550002928309
16055,99,Accelerometer,1.0965444,0.48362875,9.515755,1550002928309
16056,99,Gyroscope,0.03759876,-0.036890145,-0.031807754,1550002928320
16057,99,Accelerometer,1.2689268999999999,0.9684546,8.256405,1550002928320
16058,99,Gyroscope,-0.107176304,0.0009834989999999999,-0.055020634000000006,1550002928329
16059,99,Accelerometer,0.82719666,0.7015011,9.348161,1550002928329
16060,99,Gyroscope,-0.0021074805,-0.013677267,-0.078844376,1550002928339
16061,99,Accelerometer,1.067814,0.8619126,10.528501499999999,1550002928340
16062,99,Gyroscope,-0.006994404,-0.01978592,-0.08800735,1550002928349
16063,99,Accelerometer,1.0151415000000001,1.1563994,9.083601,1550002928349
16064,99,Gyroscope,-0.091293804,-0.012455538,-0.0837313,1550002928359
16065,99,Accelerometer,0.91697925,1.0259154000000001,10.354922,1550002928360
16066,99,Gyroscope,-0.017989976,-0.03750101,-0.08861822,1550002928369
16067,99,Accelerometer,1.0965444,1.0893618,10.356119,1550002928370
16068,99,Gyroscope,0.02354886,-0.044831395,-0.086174764,1550002928379
16069,99,Accelerometer,1.0690111,1.5682021000000002,8.887277000000001,1550002928379
16070,99,Gyroscope,-0.06563746,-0.009401211500000001,-0.07212486,1550002928389
16071,99,Accelerometer,0.46088383,0.79128367,9.870096,1550002928390
16072,99,Gyroscope,0.012553285,0.006481286,-0.089229085,1550002928399
16073,99,Accelerometer,0.37948096,1.4879963,10.957064,1550002928400
16074,99,Gyroscope,0.036377028,-0.00023823230999999999,-0.05440977,1550002928409
16075,99,Accelerometer,0.30286652,1.412579,10.147824,1550002928410
16076,99,Gyroscope,-0.052809298,-0.016731594,-0.040359866,1550002928419
16077,99,Accelerometer,0.59376204,1.7729063000000003,10.633847,1550002928420
16078,99,Gyroscope,0.05470299,-0.068044275,-0.020812178,1550002928429
16079,99,Accelerometer,1.2282255,1.5059528,9.82341,1550002928430
16080,99,Gyroscope,0.047983468,-0.058270432000000004,-0.012260064499999999,1550002928439
16081,99,Accelerometer,1.2641385,1.6053122,8.711303,1550002928440
16082,99,Gyroscope,-0.023487763,-0.04605312599999999,0.015228872,1550002928449
16083,99,Accelerometer,1.4640543,1.9548656999999998,9.424775,1550002928449
16084,99,Gyroscope,0.049816065,-0.057048699999999994,0.0127854105,1550002928460
16085,99,Accelerometer,0.81642276,0.830788,9.358934,1550002928460
16086,99,Gyroscope,-0.0027183462,-0.022840247,-0.012260064499999999,1550002928469
16087,99,Accelerometer,0.49081135,1.2808979,9.385271000000001,1550002928470
16088,99,Gyroscope,0.032711837,-0.03750101,0.007287623399999999,1550002928479
16089,99,Accelerometer,0.30645782,1.5861586,8.4647,1550002928479
16090,99,Gyroscope,0.073028944,0.033970222,-0.008594873000000001,1550002928490
16091,99,Accelerometer,0.5470751,2.1416135,10.757147999999999,1550002928490
16092,99,Gyroscope,0.05042693,0.06573521,0.07142847,1550002928499
16093,99,Accelerometer,0.866701,0.34955344,11.016919,1550002928500
16094,99,Gyroscope,-0.095569864,-0.010012077,0.040274344,1550002928509
16095,99,Accelerometer,-0.830788,1.5861586,10.729614999999999,1550002928509
16096,99,Gyroscope,0.07852673,-0.050940047999999995,0.054324247,1550002928520
16097,99,Accelerometer,1.6903063999999999,2.1930888,9.643844999999999,1550002928520
16098,99,Gyroscope,-0.038759395,0.013811666499999998,0.11968683,1550002928529
16099,99,Accelerometer,1.4197617,1.3335704,9.143456,1550002928530
16100,99,Gyroscope,-0.09740246,0.037635416,0.030500501,1550002928539
16101,99,Accelerometer,-0.9684546,1.1516110000000002,10.594342,1550002928539
16102,99,Gyroscope,0.042485684,-0.014288133,0.07387193,1550002928549
16103,99,Accelerometer,1.7178397,1.0666169,10.1226845,1550002928550
16104,99,Gyroscope,-0.037537664,-0.02100765,0.05554598,1550002928559
16105,99,Accelerometer,0.16639702,0.076614454,7.7643960000000005,1550002928560
16106,99,Gyroscope,-0.056474485,0.052296177,0.05249165,1550002928569
16107,99,Accelerometer,-1.4401124,0.31124622,9.957485,1550002928569
16108,99,Gyroscope,-0.014935651999999999,0.040689737000000004,-0.033640347,1550002928579
16109,99,Accelerometer,0.93373865,0.19632454,9.727641,1550002928580
16110,99,Gyroscope,-0.050365835,0.036413684,-0.008594873000000001,1550002928589
16111,99,Accelerometer,0.27533320000000006,0.62368953,9.570822,1550002928590
16112,99,Gyroscope,-0.028374685,0.018087726000000002,-0.0061514126,1550002928599
16113,99,Accelerometer,-0.7733272,0.58418524,9.870096,1550002928600
16114,99,Gyroscope,0.008277228000000001,0.026639838,-0.05929669,1550002928609
16115,99,Accelerometer,0.63087213,0.9528923,9.425972,1550002928610
16116,99,Gyroscope,-0.05830708,0.01625513,-4.2759813000000006e-05,1550002928619
16117,99,Accelerometer,-0.18315643,0.9828198,9.582792,1550002928620
16118,99,Gyroscope,0.017440207,-0.01978592,-0.014703525,1550002928629
16119,99,Accelerometer,0.7278373,1.0079589,10.055647,1550002928630
16120,99,Gyroscope,0.03210097,0.0040378235,-0.040359866,1550002928639
16121,99,Accelerometer,1.0785878999999998,1.2497733,9.3733,1550002928639
16122,99,Gyroscope,-0.05830708,0.009535611,-0.008594873000000001,1550002928650
16123,99,Accelerometer,-0.22266077,0.81163436,9.7084875,1550002928650
16124,99,Gyroscope,0.01560761,-0.005125154,-0.03608381,1550002928659
16125,99,Accelerometer,0.38307226,0.6368576,10.93791,1550002928660
16126,99,Gyroscope,0.0113315545,-0.022840247,-0.05440977,1550002928669
16127,99,Accelerometer,0.60214174,0.81881696,10.180145,1550002928669
16128,99,Gyroscope,-0.06869179,-0.025283707000000002,-0.033640347,1550002928680
16129,99,Accelerometer,0.034715924,0.91338795,9.940725,1550002928680
16130,99,Gyroscope,-0.005161807,-0.016731594,-0.058685824000000004,1550002928689
16131,99,Accelerometer,0.1604115,0.770933,10.089166,1550002928690
16132,99,Gyroscope,0.011942419,-0.011233807,-0.0678488,1550002928699
16133,99,Accelerometer,-0.1592144,0.9900024,9.264363000000001,1550002928699
16134,99,Gyroscope,-0.02898555,-0.005125154,-0.057464093,1550002928709
16135,99,Accelerometer,-0.46926352,0.9540894,9.097966,1550002928710
16136,99,Gyroscope,0.0040011713,0.030305027999999998,-0.07212486,1550002928719
16137,99,Accelerometer,-0.038307227,1.1563994,9.879673,1550002928719
16138,99,Gyroscope,-0.02409863,0.054128774000000004,-0.053188037,1550002928730
16139,99,Accelerometer,0.19871874,1.3778629999999998,9.858125999999999,1550002928730
16140,99,Gyroscope,-0.04547891,0.026028972,-0.050744575,1550002928739
16141,99,Accelerometer,1.3204023,1.1731589,10.25676,1550002928740
16142,99,Gyroscope,0.016829342,-0.011844671999999999,-0.034251212999999996,1550002928749
16143,99,Accelerometer,2.054225,1.5394716999999998,10.493786,1550002928749
16144,99,Gyroscope,-0.018600842,0.008924745,-0.040359866,1550002928759
16145,99,Accelerometer,2.4708161,0.7098808000000001,9.743203999999999,1550002928760
16146,99,Gyroscope,-0.026542092000000003,0.008924745,-0.025699101000000002,1550002928769
16147,99,Accelerometer,1.2665327,0.81522566,10.7751045,1550002928770
16148,99,Gyroscope,-0.026542092000000003,-0.016120728,-0.039138135,1550002928779
16149,99,Accelerometer,1.1492168,0.8295909,9.434352,1550002928780
16150,99,Gyroscope,-0.031429015,-0.014898999,-0.038527273,1550002928789
16151,99,Accelerometer,0.88944596,1.1516110000000002,9.657013000000001,1550002928789
16152,99,Gyroscope,-0.087017745,0.014422532,-0.066016205,1550002928800
16153,99,Accelerometer,0.15322891,1.5179238000000002,9.82341,1550002928800
16154,99,Gyroscope,-0.01004873,-0.012455538,-0.0678488,1550002928809
16155,99,Accelerometer,0.59855044,1.7417817,8.948329,1550002928810
16156,99,Gyroscope,0.0070554977,-0.024672844,-0.045246787000000004,1550002928819
16157,99,Accelerometer,1.174356,0.47884035,7.2125325,1550002928819
16158,99,Gyroscope,-0.0369268,0.027250702999999998,-0.07029226400000001,1550002928830
16159,99,Accelerometer,-0.8655039000000001,1.8064252,9.080010000000001,1550002928830
16160,99,Gyroscope,-0.06563746,0.09566761,-0.023866504,1550002928839
16161,99,Accelerometer,0.6548142,1.6077063999999999,12.631808,1550002928839
16162,99,Gyroscope,-0.027152957000000002,-0.00023823230999999999,0.021948388,1550002928849
16163,99,Accelerometer,2.2373814999999997,-0.049081136,10.509348,1550002928850
16164,99,Gyroscope,0.0492052,-0.0014599635999999999,-0.059907555999999994,1550002928859
16165,99,Accelerometer,0.8439561,2.098518,9.545682000000001,1550002928860
16166,99,Gyroscope,-0.073578715,0.030305027999999998,-0.018368717,1550002928870
16167,99,Accelerometer,1.4053963,0.79726917,8.670602,1550002928870
16168,99,Gyroscope,-0.04670064,0.022974647999999997,0.014618006999999999,1550002928879
16169,99,Accelerometer,1.5023615,1.1540052,11.098322,1550002928880
16170,99,Gyroscope,0.047983468,-0.039333608,-0.028753427999999998,1550002928889
16171,99,Accelerometer,1.2940661,1.13964,9.816227,1550002928889
16172,99,Gyroscope,0.0076663624,-0.047274857999999996,-0.015314391,1550002928900
16173,99,Accelerometer,1.6256628999999998,1.2808979,9.094375999999999,1550002928900
16174,99,Gyroscope,-0.0021074805,-0.023451112000000003,0.007287623399999999,1550002928909
16175,99,Accelerometer,0.80445176,0.9923966000000001,9.919178,1550002928910
16176,99,Gyroscope,0.04615087,-0.020396786,-0.010427468,1550002928919
16177,99,Accelerometer,0.7266402,0.9840169,9.664195,1550002928919
16178,99,Gyroscope,-0.0008857511,-0.028338033999999998,0.044550404,1550002928929
16179,99,Accelerometer,1.435324,1.2868833999999998,10.096349,1550002928930
16180,99,Gyroscope,0.0052229017,-0.017953325,0.015839735,1550002928939
16181,99,Accelerometer,0.93014735,0.78529817,10.335769,1550002928940
16182,99,Gyroscope,0.054092124000000005,-0.03750101,0.0036224315000000003,1550002928949
16183,99,Accelerometer,1.1803415000000002,1.4041992,9.568427,1550002928949
16184,99,Gyroscope,-0.016157383,-0.043609664000000006,0.028667906,1550002928960
16185,99,Accelerometer,1.555034,1.3000516000000002,9.753978,1550002928960
16186,99,Gyroscope,0.013775015,-0.04605312599999999,0.017672332,1550002928969
16187,99,Accelerometer,1.2174516000000002,0.93732995,9.379285000000001,1550002928970
16188,99,Gyroscope,0.026603185,-0.028338033999999998,0.03599829,1550002928979
16189,99,Accelerometer,1.0594343000000002,1.1085154,8.899248,1550002928980
16190,99,Gyroscope,-0.03203988,0.0040378235,0.036609154,1550002928989
16191,99,Accelerometer,0.8439561,1.1264718999999999,9.883265,1550002928990
16192,99,Gyroscope,0.0113315545,0.0058704205,0.032943964,1550002928999
16193,99,Accelerometer,0.997185,0.8846575000000001,10.110714,1550002929000
16194,99,Gyroscope,0.022327128999999998,0.007092151999999999,0.017672332,1550002929009
16195,99,Accelerometer,0.9864110999999999,1.30484,9.166202,1550002929010
16196,99,Gyroscope,-0.014935651999999999,0.016865995,0.03355483,1550002929019
16197,99,Accelerometer,0.8451531999999999,1.2378023,9.591172,1550002929020
16198,99,Gyroscope,0.05348126,0.015033398,0.027446175,1550002929029
16199,99,Accelerometer,1.2761095,1.3180081,9.61272,1550002929030
16200,99,Gyroscope,0.0113315545,0.029694162000000003,0.044550404,1550002929039
16201,99,Accelerometer,0.8583213,1.7118542,8.935161,1550002929039
16202,99,Gyroscope,-0.016768249,0.044965795999999995,0.05126992,1550002929050
16203,99,Accelerometer,0.90859956,1.0007763,9.981427,1550002929050
16204,99,Gyroscope,0.028435782000000003,0.030915894,0.035387423,1550002929059
16205,99,Accelerometer,0.89782566,1.2318168,11.131841,1550002929060
16206,99,Gyroscope,-0.019822573,0.022974647999999997,0.035387423,1550002929069
16207,99,Accelerometer,0.8690952,0.91697925,10.764331,1550002929069
16208,99,Gyroscope,-0.055252752999999995,0.015644263000000002,0.021948388,1550002929079
16209,99,Accelerometer,0.7146691999999999,0.58538234,9.970653,1550002929080
16210,99,Gyroscope,-0.030207282000000002,0.0028160921999999997,0.021948388,1550002929089
16211,99,Accelerometer,0.93493575,0.7254431,10.065224,1550002929090
16212,99,Gyroscope,-0.025931226,-0.0075686146,-0.038527273,1550002929099
16213,99,Accelerometer,1.2988545,0.9959879,9.115923,1550002929100
16214,99,Gyroscope,-0.034483336,-0.0026816929999999998,-0.034251212999999996,1550002929109
16215,99,Accelerometer,0.8726865,1.0534488000000002,9.069236,1550002929110
16216,99,Gyroscope,0.0009468458599999999,-0.019175055,-0.011038333999999999,1550002929119
16217,99,Accelerometer,0.59256494,0.59256494,9.886856,1550002929120
16218,99,Gyroscope,-0.02898555,-0.005125154,-0.034251212999999996,1550002929130
16219,99,Accelerometer,1.5071499,0.5303157,9.97185,1550002929130
16220,99,Gyroscope,-0.008826999,-0.021618515,-0.025088236,1550002929139
16221,99,Accelerometer,0.7745243,1.1719618,9.745598,1550002929139
16222,99,Gyroscope,-0.022266036,0.032137625,-0.028142562000000003,1550002929149
16223,99,Accelerometer,1.3718776000000001,1.3611037,11.190498,1550002929150
16224,99,Gyroscope,-0.055252752999999995,0.052907042,-0.02692083,1550002929159
16225,99,Accelerometer,0.14724341,-0.36990416,9.204509,1550002929160
16226,99,Gyroscope,-0.11939360000000002,-0.14867848,-0.013481795,1550002929169
16227,99,Accelerometer,0.32920274,2.574964,13.420697,1550002929169
16228,99,Gyroscope,0.100517884,-0.19876945,-0.043414194,1550002929179
16229,99,Accelerometer,3.5721489999999996,0.34596214,8.151060000000001,1550002929180
16230,99,Gyroscope,-0.04242459,-0.051550914,-0.004929682,1550002929189
16231,99,Accelerometer,0.59495914,2.4839842,6.366182299999999,1550002929190
16232,99,Gyroscope,-0.16581936,0.025418106,0.016450599999999996,1550002929199
16233,99,Accelerometer,-0.32561144,0.760159,8.892064999999999,1550002929200
16234,99,Gyroscope,0.10235048,-0.08820283,-0.031807754,1550002929209
16235,99,Accelerometer,1.6915035,0.9804255999999999,12.878411,1550002929209
16236,99,Gyroscope,0.1054048,-0.091257155,-0.022644775,1550002929219
16237,99,Accelerometer,0.81283146,1.2976573999999998,7.004237,1550002929220
16238,99,Gyroscope,-0.12061533,0.016865995,-0.030586022999999997,1550002929229
16239,99,Accelerometer,0.093373865,1.6065093000000001,10.42196,1550002929230
16240,99,Gyroscope,0.04004222,-0.0026816929999999998,-0.009205738,1550002929239
16241,99,Accelerometer,0.29807812,0.16160862,9.812635,1550002929239
16242,99,Gyroscope,-0.0021074805,0.008313879,-0.028142562000000003,1550002929250
16243,99,Accelerometer,0.130484,1.7513584999999998,7.835025,1550002929250
16244,99,Gyroscope,-0.11389582,0.07673079,0.025002714,1550002929259
16245,99,Accelerometer,-0.2765303,1.733402,10.8948145,1550002929260
16246,99,Gyroscope,0.055313855,0.07001127,-0.0030970859999999998,1550002929269
16247,99,Accelerometer,-0.095768064,1.270124,9.657013000000001,1550002929269
16248,99,Gyroscope,-0.009437865,0.05962656400000001,0.021948388,1550002929280
16249,99,Accelerometer,0.13407529999999998,1.5430629999999999,8.74961,1550002929280
16250,99,Gyroscope,-0.07602217,0.07550906,0.019504927,1550002929289
16251,99,Accelerometer,0.8678981,1.1671733999999998,10.638636,1550002929290
16252,99,Gyroscope,0.036987893,0.03824628,0.015839735,1550002929299
16253,99,Accelerometer,0.8295909,1.6831238000000002,10.305841000000001,1550002929299
16254,99,Gyroscope,-0.017989976,0.052907042,0.05371338,1550002929310
16255,99,Accelerometer,1.0498575,0.93972415,9.800664999999999,1550002929310
16256,99,Gyroscope,-0.04975497,0.03824628,0.03599829,1550002929319
16257,99,Accelerometer,1.1839328000000002,0.8690952,10.5919485,1550002929320
16258,99,Gyroscope,0.0632551,0.007092151999999999,0.03844175,1550002929329
16259,99,Accelerometer,1.4053963,1.1456255,9.484630000000001,1550002929329
16260,99,Gyroscope,-0.033261612,0.02786157,0.050659052999999996,1550002929339
16261,99,Accelerometer,1.2078748,1.1827357,9.446322,1550002929340
16262,99,Gyroscope,-0.02532036,0.01747686,0.046382997,1550002929349
16263,99,Accelerometer,0.60214174,0.91578215,10.633847,1550002929350
16264,99,Gyroscope,0.04554001,-0.0075686146,0.037830885,1550002929359
16265,99,Accelerometer,0.6871359,0.6464345,9.712079,1550002929360
16266,99,Gyroscope,-0.0063835381999999994,-0.0075686146,0.03355483,1550002929369
16267,99,Accelerometer,0.35194764,1.1300632,8.7771435,1550002929369
16268,99,Gyroscope,-0.005161807,0.014422532,0.03599829,1550002929379
16269,99,Accelerometer,0.1436521,1.34195,10.0508585,1550002929380
16270,99,Gyroscope,0.010109824,0.011979073,0.043328673,1550002929389
16271,99,Accelerometer,0.39624038,0.9708488000000001,9.346964,1550002929390
16272,99,Gyroscope,-0.015546517,0.01747686,0.030500501,1550002929399
16273,99,Accelerometer,0.02873042,1.5023615,9.737217999999999,1550002929399
16274,99,Gyroscope,0.008277228000000001,0.030915894,0.026835311,1550002929410
16275,99,Accelerometer,0.23104046,0.9983820999999999,9.844957,1550002929410
16276,99,Gyroscope,-0.014935651999999999,0.04435493,0.03355483,1550002929419
16277,99,Accelerometer,0.45370123,1.1959038,9.509769,1550002929420
16278,99,Gyroscope,-0.0021074805,0.03152676,0.035387423,1550002929429
16279,99,Accelerometer,0.8750806999999999,1.1432313,9.2907,1550002929430
16280,99,Gyroscope,0.026603185,0.05046358,0.017672332,1550002929439
16281,99,Accelerometer,0.6631939,1.4652513999999999,9.726444,1550002929440
16282,99,Gyroscope,-0.011881325,0.05962656400000001,0.039052617000000005,1550002929450
16283,99,Accelerometer,0.4429273,0.89543146,9.700109,1550002929450
16284,99,Gyroscope,-0.04547891,0.06756781,0.048215594,1550002929459
16285,99,Accelerometer,0.9708488000000001,1.2593501,11.731588,1550002929460
16286,99,Gyroscope,0.036987893,0.0022052303,0.020726658000000002,1550002929469
16287,99,Accelerometer,0.91937345,0.8714894,10.061633,1550002929469
16288,99,Gyroscope,0.036377028,-0.019175055,0.020726658000000002,1550002929479
16289,99,Accelerometer,1.0007763,1.6531962,9.186552,1550002929480
16290,99,Gyroscope,-0.01004873,0.005259555,0.026835311,1550002929489
16291,99,Accelerometer,2.1559787,1.6843209,11.4598465,1550002929490
16292,99,Gyroscope,0.02721405,0.011979073,0.054324247,1550002929499
16293,99,Accelerometer,0.023942016,0.20590134,10.016143,1550002929499
16294,99,Gyroscope,-0.052809298,-0.09186802,0.043328673,1550002929510
16295,99,Accelerometer,-0.14006079999999999,2.2589292999999997,12.028469,1550002929510
16296,99,Gyroscope,0.08524625,-0.08392677,-0.016536122,1550002929519
16297,99,Accelerometer,2.2828712,-0.5506664000000001,9.376891,1550002929520
16298,99,Gyroscope,-0.01737911,0.020531185,0.0017898360000000002,1550002929529
16299,99,Accelerometer,-0.5374983,1.6460136000000003,8.517372,1550002929529
16300,99,Gyroscope,-0.04242459,0.046798393,0.018283198,1550002929540
16301,99,Accelerometer,-1.1061212,0.32441434,9.522936999999999,1550002929540
16302,99,Gyroscope,0.058979042,-0.0014599635999999999,-0.04463592,1550002929549
16303,99,Accelerometer,0.3890578,0.92176765,11.264719,1550002929550
16304,99,Gyroscope,-0.016157383,-0.006957751,0.0054550273,1550002929559
16305,99,Accelerometer,-0.7577648,0.8726865,9.788692999999999,1550002929559
16306,99,Gyroscope,-0.07541131,0.06940041,-0.06357274,1550002929569
16307,99,Accelerometer,-0.48961425,0.78888947,8.730456,1550002929569
16308,99,Gyroscope,-0.06869179,0.07917425,-0.06357274,1550002929579
16309,99,Accelerometer,0.23582886,1.0749966,10.263943,1550002929580
16310,99,Gyroscope,-0.04425718,0.06023743,-0.05624236,1550002929589
16311,99,Accelerometer,0.38187516,0.2813187,10.0341,1550002929590
16312,99,Gyroscope,-0.07480045,0.04740926,-0.10388985,1550002929599
16313,99,Accelerometer,1.0666169,1.0630256,9.702502,1550002929600
16314,99,Gyroscope,-0.06319401,0.024807245,-0.07273573,1550002929609
16315,99,Accelerometer,1.0414777,1.1456255,10.224439,1550002929609
16316,99,Gyroscope,-0.03937026,-0.017953325,-0.093505144,1550002929619
16317,99,Accelerometer,1.34195,1.9812019,10.569203,1550002929619
16318,99,Gyroscope,0.004612036,-0.038722742000000004,-0.078844376,1550002929630
16319,99,Accelerometer,2.1080947,1.3838485,10.013748,1550002929630
16320,99,Gyroscope,-0.0033292117999999997,-0.04605312599999999,-0.029975157000000002,1550002929639
16321,99,Accelerometer,1.0007763,1.7142484,9.509769,1550002929640
16322,99,Gyroscope,-0.0045509413,-0.046663992,-0.04280333,1550002929649
16323,99,Accelerometer,1.3814543,1.6316483999999998,9.405622,1550002929650
16324,99,Gyroscope,-0.008826999,-0.034446687000000004,-0.018979583,1550002929659
16325,99,Accelerometer,1.1492168,1.0546459,9.578004,1550002929659
16326,99,Gyroscope,-0.01004873,-0.06315735,0.0054550273,1550002929669
16327,99,Accelerometer,0.49200845,1.6196774,10.013748,1550002929670
16328,99,Gyroscope,0.021716263,-0.057659565999999995,-0.019590449,1550002929679
16329,99,Accelerometer,1.1037270000000001,1.5717934,8.774749,1550002929680
16330,99,Gyroscope,0.0021685753,-0.04544226,-0.018368717,1550002929689
16331,99,Accelerometer,-0.06823475,1.2210428999999998,9.89763,1550002929690
16332,99,Gyroscope,-0.03387247,-0.04544226,0.009120219,1550002929699
16333,99,Accelerometer,0.16280572,0.830788,10.242394,1550002929699
16334,99,Gyroscope,0.016829342,-0.03261409,-0.0140926605,1550002929709
16335,99,Accelerometer,0.008379705999999999,1.3275848999999997,9.781511,1550002929710
16336,99,Gyroscope,-0.016157383,-0.034446687000000004,-0.02692083,1550002929719
16337,99,Accelerometer,0.4261679,1.0211270000000001,9.156625,1550002929720
16338,99,Gyroscope,-0.021044305,-0.008790346,-0.0067622773,1550002929729
16339,99,Accelerometer,0.6464345,1.2497733,9.485827,1550002929730
16340,99,Gyroscope,0.0015577096,0.019309454,-0.007373143,1550002929739
16341,99,Accelerometer,0.260968,1.1192893,9.528922999999999,1550002929740
16342,99,Gyroscope,-0.029596416,0.02786157,-0.0067622773,1550002929749
16343,99,Accelerometer,0.32800564,1.1360487,10.414778,1550002929750
16344,99,Gyroscope,-0.0008857511,0.0058704205,-0.0061514126,1550002929759
16345,99,Accelerometer,0.8415619000000001,0.9624690999999999,10.827777000000001,1550002929759
16346,99,Gyroscope,0.028435782000000003,-0.004514288,-0.0061514126,1550002929770
16347,99,Accelerometer,1.1492168,1.5837643999999997,9.884461,1550002929770
16348,99,Gyroscope,-0.015546517,-0.006346885,-0.005540547,1550002929779
16349,99,Accelerometer,0.90381116,1.3180081,9.27394,1550002929780
16350,99,Gyroscope,-0.0057726726,-0.006346885,-0.0037079514000000003,1550002929789
16351,99,Accelerometer,0.8343792999999999,0.9935937,9.837775,1550002929790
16352,99,Gyroscope,0.036987893,-0.022840247,0.019504927,1550002929799
16353,99,Accelerometer,1.2545617,0.92775315,10.308235,1550002929799
16354,99,Gyroscope,0.04554001,-0.035668418,0.02805704,1550002929809
16355,99,Accelerometer,1.055843,1.0247183000000002,9.88925,1550002929810
16356,99,Gyroscope,0.02477059,-0.017953325,0.034776557,1550002929820
16357,99,Accelerometer,0.90620536,0.7685388000000001,9.77792,1550002929820
16358,99,Gyroscope,0.01560761,-0.01734246,0.032943964,1550002929829
16359,99,Accelerometer,0.49799395,1.8279729999999998,9.911995,1550002929830
16360,99,Gyroscope,0.02354886,-0.022840247,0.04210694,1550002929839
16361,99,Accelerometer,0.8571242,1.6112977,9.3733,1550002929840
16362,99,Gyroscope,0.035155296,-0.04422053,0.0726502,1550002929849
16363,99,Accelerometer,1.2808979,0.78529817,8.133103,1550002929849
16364,99,Gyroscope,0.04370741,0.026639838,0.046382997,1550002929860
16365,99,Accelerometer,0.7517793,2.1308396000000003,9.449914,1550002929860
16366,99,Gyroscope,0.0094989585,0.06512435,0.08975443,1550002929869
16367,99,Accelerometer,1.4305356000000002,1.2318168,9.980229,1550002929870
16368,99,Gyroscope,-0.096791595,0.012589939,0.09158703,1550002929879
16369,99,Accelerometer,0.5267244000000001,1.5514427,10.964247,1550002929880
16370,99,Gyroscope,0.02477059,-0.013066402,0.036609154,1550002929889
16371,99,Accelerometer,1.1599906999999998,1.2617443000000002,9.908403,1550002929889
16372,99,Gyroscope,0.012553285,0.020531185,0.08181318,1550002929899
16373,99,Accelerometer,1.4580688,2.2996306,9.28232,1550002929899
16374,99,Gyroscope,-0.087017745,0.033970222,0.092197895,1550002929910
16375,99,Accelerometer,0.9528923,1.2234371000000002,10.121488000000001,1550002929910
16376,99,Gyroscope,0.025992319,-0.013066402,0.07387193,1550002929919
16377,99,Accelerometer,1.5646108,1.2797008,10.888829,1550002929920
16378,99,Gyroscope,0.065698564,-0.027116302000000002,0.08120232,1550002929929
16379,99,Accelerometer,1.5921441,1.2533646,8.768764,1550002929930
16380,99,Gyroscope,0.0058337674,-0.009401211500000001,0.11785423,1550002929939
16381,99,Accelerometer,0.59017074,1.8148049,9.859323,1550002929939
16382,99,Gyroscope,0.07486154,-0.016120728,0.124573745,1550002929950
16383,99,Accelerometer,1.2808979,0.8487445,9.429563499999999,1550002929950
16384,99,Gyroscope,0.036377028,-0.013677267,0.13495846,1550002929959
16385,99,Accelerometer,0.79248077,1.7106571,10.102333999999999,1550002929960
16386,99,Gyroscope,-0.0027183462,0.0077030174,0.122741155,1550002929969
16387,99,Accelerometer,0.7158663000000001,0.7026982,9.506178,1550002929970
16388,99,Gyroscope,-0.008216133,-0.039944474,0.11174558,1550002929979
16389,99,Accelerometer,0.5805939,2.5127146000000002,11.123461,1550002929979
16390,99,Gyroscope,-0.008216133,-0.030781494,0.1166325,1550002929989
16391,99,Accelerometer,0.80445176,1.316811,8.829816000000001,1550002929989
16392,99,Gyroscope,-0.005161807,-0.009401211500000001,0.12518463,1550002930000
16393,99,Accelerometer,0.15801731,2.3726540000000003,9.233239,1550002930000
16394,99,Gyroscope,0.016829342,0.015033398,0.11968683,1550002930009
16395,99,Accelerometer,0.89782566,2.100912,9.264363000000001,1550002930010
16396,99,Gyroscope,0.010720688999999999,0.023585513,0.14534317,1550002930019
16397,99,Accelerometer,0.6428431,1.7034745,9.536105000000001,1550002930020
16398,99,Gyroscope,-0.016768249,0.018087726000000002,0.17405385,1550002930029
16399,99,Accelerometer,0.21906945,1.4293385,9.915586,1550002930029
16400,99,Gyroscope,-0.008216133,0.015644263000000002,0.16366914,1550002930040
16401,99,Accelerometer,0.81522566,1.6807296000000003,10.208876,1550002930040
16402,99,Gyroscope,0.0094989585,0.029694162000000003,0.17955163,1550002930049
16403,99,Accelerometer,0.59376204,1.9452889,10.043676,1550002930050
16404,99,Gyroscope,0.014385881000000001,0.01992032,0.20215364,1550002930059
16405,99,Accelerometer,0.46926352,1.7501613999999999,10.180145,1550002930060
16406,99,Gyroscope,0.032711837,0.011368208000000001,0.20215364,1550002930069
16407,99,Accelerometer,1.1444284,1.3036428999999998,9.927557,1550002930069
16408,99,Gyroscope,0.03210097,0.013200805,0.21559268,1550002930079
16409,99,Accelerometer,1.1073183000000002,1.5598223999999998,9.785102,1550002930080
16410,99,Gyroscope,0.05042693,0.0028160921999999997,0.22658825,1550002930090
16411,99,Accelerometer,0.8870517,1.0055646999999999,8.875306,1550002930090
16412,99,Gyroscope,0.027824916,0.01747686,0.19543412,1550002930099
16413,99,Accelerometer,0.9672575000000001,1.5610195,9.728839,1550002930100
16414,99,Gyroscope,0.018051071000000002,0.022974647999999997,0.19909932,1550002930109
16415,99,Accelerometer,0.4357447,0.7661445,9.791088,1550002930110
16416,99,Gyroscope,0.021716263,0.00037263334000000003,0.19360153,1550002930119
16417,99,Accelerometer,-0.092176765,1.0474633,10.773908,1550002930119
16418,99,Gyroscope,0.05653558,-0.0014599635999999999,0.16000395,1550002930130
16419,99,Accelerometer,0.9612719999999999,0.81881696,9.8677025,1550002930130
16420,99,Gyroscope,0.029657512999999996,0.015033398,0.18016249,1550002930139
16421,99,Accelerometer,0.9612719999999999,1.2737153,9.740809,1550002930140
16422,99,Gyroscope,0.0009468458599999999,0.03580282,0.16794519,1550002930149
16423,99,Accelerometer,-0.031124622,0.9995792,9.946711,1550002930150
16424,99,Gyroscope,0.01316415,0.06634608,0.15694961,1550002930159
16425,99,Accelerometer,-0.28012159999999997,1.4664485,9.982624000000001,1550002930160
16426,99,Gyroscope,0.0070554977,0.07184387,0.17955163,1550002930169
16427,99,Accelerometer,0.35913026,1.4796166000000002,10.289082,1550002930170
16428,99,Gyroscope,-0.014324786,0.05596137,0.17099951,1550002930179
16429,99,Accelerometer,0.16998832,0.866701,9.707291,1550002930179
16430,99,Gyroscope,-0.0021074805,0.058404832999999996,0.15511702,1550002930190
16431,99,Accelerometer,0.15562311,1.3323733,9.90601,1550002930190
16432,99,Gyroscope,0.004612036,0.049241855999999994,0.16611259,1550002930200
16433,99,Accelerometer,0.8451531999999999,0.90381116,8.823831,1550002930200
16434,99,Gyroscope,-0.0021074805,0.101776265,0.15389529,1550002930209
16435,99,Accelerometer,0.6512229,2.3379380000000003,10.885238000000001,1550002930210
16436,99,Gyroscope,0.01560761,0.13781732,0.14778663,1550002930219
16437,99,Accelerometer,1.2246342,0.5255273,11.334151,1550002930219
16438,99,Gyroscope,-0.044868045,0.062680885,0.10930212,1550002930229
16439,99,Accelerometer,-0.39743748,1.8471266,11.628637,1550002930230
16440,99,Gyroscope,0.026603185,-0.01978592,0.12579548,1550002930239
16441,99,Accelerometer,1.5562311000000002,0.9959879,9.703699,1550002930240
16442,99,Gyroscope,0.109069996,-0.036890145,0.10197174,1550002930249
16443,99,Accelerometer,0.47405192,1.8327613999999999,9.455899,1550002930250
16444,99,Gyroscope,0.02477059,0.013200805,0.13618019,1550002930259
16445,99,Accelerometer,0.035913024,0.12928689,9.405622,1550002930259
16446,99,Gyroscope,0.02477059,0.004648689,0.15878221,1550002930269
16447,99,Accelerometer,0.19393034,2.0398598000000003,10.517728,1550002930269
16448,99,Gyroscope,0.041263953,0.0022052303,0.18932547,1550002930280
16449,99,Accelerometer,0.35314476,1.7729063000000003,9.791088,1550002930280
16450,99,Gyroscope,0.035155296,-0.00817948,0.1483975,1550002930289
16451,99,Accelerometer,-0.61171854,1.5993267,9.515755,1550002930290
16452,99,Gyroscope,0.0058337674,0.0034269579,0.16794519,1550002930299
16453,99,Accelerometer,-0.39624038,1.2234371000000002,9.520543,1550002930300
16454,99,Gyroscope,0.016829342,0.018698592,0.16000395,1550002930309
16455,99,Accelerometer,-0.16879122,1.5693992,10.047267,1550002930309
16456,99,Gyroscope,0.036987893,0.013200805,0.16427999999999998,1550002930320
16457,99,Accelerometer,0.6536171,1.4065934,10.230424000000001,1550002930320
16458,99,Gyroscope,0.044318277,0.007092151999999999,0.16672346,1550002930329
16459,99,Accelerometer,0.38426940000000004,1.2006921999999998,10.023325,1550002930330
16460,99,Gyroscope,0.025992319,0.00037263334000000003,0.18138422,1550002930339
16461,99,Accelerometer,0.6392518,1.3587095,9.500193,1550002930340
16462,99,Gyroscope,-0.0063835381999999994,0.020531185,0.19176893,1550002930349
16463,99,Accelerometer,0.9900024,2.1284454,10.492589,1550002930349
16464,99,Gyroscope,-0.006994404,-0.006346885,0.22170132,1550002930359
16465,99,Accelerometer,1.4293385,1.5538370000000001,9.76954,1550002930360
16466,99,Gyroscope,0.029046647000000002,-0.034446687000000004,0.19787759,1550002930369
16467,99,Accelerometer,0.91578215,1.8243817,9.746795,1550002930369
16468,99,Gyroscope,0.014385881000000001,-0.056437835,0.22170132,1550002930379
16469,99,Accelerometer,1.0953473,1.6519991000000003,9.070433,1550002930380
16470,99,Gyroscope,0.034544434,-0.0039034244,0.22597739,1550002930389
16471,99,Accelerometer,0.46567222,1.5394716999999998,9.166202,1550002930390
16472,99,Gyroscope,0.02721405,0.016865995,0.22719912,1550002930399
16473,99,Accelerometer,0.13168110000000002,1.7298107,9.390058999999999,1550002930400
16474,99,Gyroscope,0.022327128999999998,0.005259555,0.22170132,1550002930409
16475,99,Accelerometer,0.16160862,1.8567034,10.295067,1550002930409
16476,99,Gyroscope,0.052259527,0.0015943646,0.22903171,1550002930420
16477,99,Accelerometer,0.2885013,1.7788918999999999,10.144233,1550002930420
16478,99,Gyroscope,0.019883668,-0.00023823230999999999,0.2607967,1550002930429
16479,99,Accelerometer,0.25857377,1.9201498,9.624691,1550002930430
16480,99,Gyroscope,-0.0027183462,0.011979073,0.26751620000000004,1550002930439
16481,99,Accelerometer,0.59615624,1.8052281000000003,9.548077000000001,1550002930440
16482,99,Gyroscope,0.020494534,0.02114205,0.29500514,1550002930449
16483,99,Accelerometer,0.44532153,1.9213468999999996,9.660604,1550002930450
16484,99,Gyroscope,0.021716263,0.026028972,0.31394196,1550002930459
16485,99,Accelerometer,0.7793127,1.7070657999999999,9.96347,1550002930460
16486,99,Gyroscope,0.042485684,0.03274849,0.31272024,1550002930469
16487,99,Accelerometer,1.3694833999999998,1.7417817,9.509769,1550002930470
16488,99,Gyroscope,0.03210097,0.030305027999999998,0.33837658,1550002930480
16489,99,Accelerometer,0.8487445,1.733402,9.466674000000001,1550002930480
16490,99,Gyroscope,0.044929143,0.048020124000000004,0.33837658,1550002930489
16491,99,Accelerometer,0.6955156,1.6053122,9.849746000000001,1550002930490
16492,99,Gyroscope,0.036377028,0.04985272,0.33532226,1550002930499
16493,99,Accelerometer,1.0235212,1.5646108,9.898827,1550002930500
16494,99,Gyroscope,0.010720688999999999,0.04435493,0.35609168,1550002930509
16495,99,Accelerometer,0.46088383,1.5538370000000001,9.417591999999999,1550002930509
16496,99,Gyroscope,-0.006994404,0.041300602,0.35609168,1550002930519
16497,99,Accelerometer,0.8798690999999998,1.6687585999999999,10.465055,1550002930519
16498,99,Gyroscope,0.022937994,0.03580282,0.35670254,1550002930530
16499,99,Accelerometer,0.88944596,1.8974048,9.515755,1550002930530
16500,99,Gyroscope,0.025992319,0.036413684,0.39824137,1550002930539
16501,99,Accelerometer,0.5315128,2.2409727999999998,9.416395,1550002930540
16502,99,Gyroscope,0.02477059,0.041300602,0.40190655,1550002930549
16503,99,Accelerometer,1.067814,2.0590134,9.685742999999999,1550002930549
16504,99,Gyroscope,0.05164866,0.041300602,0.43978019999999995,1550002930560
16505,99,Accelerometer,1.2162545,2.183512,9.621099000000001,1550002930560
16506,99,Gyroscope,0.036987893,0.03702455,0.44711059999999997,1550002930569
16507,99,Accelerometer,1.3503298000000001,2.5605986,9.702502,1550002930570
16508,99,Gyroscope,0.043096546,0.03152676,0.48864943,1550002930579
16509,99,Accelerometer,0.7613561,2.4372973,9.607930999999999,1550002930580
16510,99,Gyroscope,0.06936375,0.026028972,0.4978124,1550002930589
16511,99,Accelerometer,0.9876082,2.8060042999999997,9.478644000000001,1550002930589
16512,99,Gyroscope,0.07730500400000001,0.052296177,0.5191927,1550002930599
16513,99,Accelerometer,0.2705448,2.529474,8.914810000000001,1550002930600
16514,99,Gyroscope,0.06630943,0.07184387,0.56256413,1550002930610
16515,99,Accelerometer,1.1216834999999998,3.4344822999999995,10.904391,1550002930610
16516,99,Gyroscope,0.024159724,0.037635416,0.60288125,1550002930619
16517,99,Accelerometer,0.15083471,1.8040310000000002,9.7719345,1550002930620
16518,99,Gyroscope,-0.01004873,0.07734165,0.58699876,1550002930629
16519,99,Accelerometer,-0.13168110000000002,3.4596214,11.950658,1550002930630
16520,99,Gyroscope,0.02721405,0.024196379,0.65297216,1550002930639
16521,99,Accelerometer,1.7405846,2.1152773,9.305064999999999,1550002930639
16522,99,Gyroscope,0.088911444,0.03274849,0.61632025,1550002930649
16523,99,Accelerometer,-0.38426940000000004,2.2960392999999995,9.129091,1550002930649
16524,99,Gyroscope,0.021105397,0.060848295999999996,0.6315919,1550002930660
16525,99,Accelerometer,0.18315643,1.3694833999999998,9.498994999999999,1550002930660
16526,99,Gyroscope,0.07058548,0.055350505,0.6590808000000001,1550002930669
16527,99,Accelerometer,0.4345476,1.1133038,10.538078,1550002930670
16528,99,Gyroscope,0.096241824,0.028472435,0.61509854,1550002930679
16529,99,Accelerometer,0.31124622,1.590947,9.43914,1550002930680
16530,99,Gyroscope,0.055924714,0.029694162000000003,0.6474744,1550002930689
16531,99,Accelerometer,1.0486604,1.8351556,9.0429,1550002930690
16532,99,Gyroscope,0.043096546,0.029694162000000003,0.6401439999999999,1550002930699
16533,99,Accelerometer,1.0330979999999998,1.6986861,9.197326,1550002930699
16534,99,Gyroscope,0.07180721,0.033970222,0.6505287,1550002930710
16535,99,Accelerometer,0.9624690999999999,2.0937295,9.235633,1550002930710
16536,99,Gyroscope,0.03210097,0.06207002,0.6566373999999999,1550002930719
16537,99,Accelerometer,0.9588778,1.9093759,8.7951,1550002930720
16538,99,Gyroscope,-0.0008857511,0.071233004,0.65175045,1550002930729
16539,99,Accelerometer,0.581791,2.5881321,9.921572,1550002930730
16540,99,Gyroscope,0.04615087,0.07734165,0.67313075,1550002930739
16541,99,Accelerometer,1.1611878,2.2756886,9.937134,1550002930740
16542,99,Gyroscope,0.008277228000000001,0.0871155,0.6761851,1550002930749
16543,99,Accelerometer,0.7721300999999999,2.6731262000000005,9.144653,1550002930749
16544,99,Gyroscope,-0.010659594,0.09566761,0.6951219,1550002930759
16545,99,Accelerometer,-0.108936176,2.741361,10.004171000000001,1550002930760
16546,99,Gyroscope,-0.0014966168,0.10116539,0.7287195,1550002930769
16547,99,Accelerometer,0.82121116,2.183512,10.180145,1550002930770
16548,99,Gyroscope,0.016218476000000003,0.08161771,0.7287195,1550002930779
16549,99,Accelerometer,0.88944596,2.6252422,9.910798,1550002930780
16550,99,Gyroscope,0.026603185,0.07611992,0.7476563,1550002930789
16551,99,Accelerometer,0.8619126,2.3020248,9.947908,1550002930790
16552,99,Gyroscope,0.05348126,0.08100685,0.7317738,1550002930799
16553,99,Accelerometer,0.94810385,1.8088194,10.327389,1550002930799
16554,99,Gyroscope,0.07486154,0.04435493,0.7336064,1550002930809
16555,99,Accelerometer,0.45848963,1.9907787000000001,10.166978,1550002930810
16556,99,Gyroscope,0.044929143,0.04557666,0.72933036,1550002930819
16557,99,Accelerometer,0.20949265,1.4257472,9.907207000000001,1550002930820
16558,99,Gyroscope,0.0632551,0.05962656400000001,0.72383255,1550002930829
16559,99,Accelerometer,0.50038815,1.7058687,9.953894,1550002930830
16560,99,Gyroscope,0.07608327,0.066956945,0.72749776,1550002930839
16561,99,Accelerometer,0.23942018,1.4281414,9.495403999999999,1550002930839
16562,99,Gyroscope,0.036987893,0.04557666,0.7207781999999999,1550002930849
16563,99,Accelerometer,0.2657564,0.9780314,9.965864,1550002930849
16564,99,Gyroscope,0.07119635,0.06878954,0.6963436,1550002930860
16565,99,Accelerometer,0.6548142,1.4664485,9.473856,1550002930860
16566,99,Gyroscope,0.047983468,0.090169825,0.717113,1550002930870
16567,99,Accelerometer,0.16519992,1.1863270000000001,8.826224,1550002930870
16568,99,Gyroscope,0.0070554977,0.08650463,0.7195564999999999,1550002930879
16569,99,Accelerometer,0.04189853,1.6101006000000002,10.539276,1550002930880
16570,99,Gyroscope,0.05042693,0.060848295999999996,0.70550656,1550002930889
16571,99,Accelerometer,0.6823475,1.4856021000000001,10.660183,1550002930890
16572,99,Gyroscope,0.074250676,0.03580282,0.7525432,1550002930899
16573,99,Accelerometer,0.06943185,1.4401124,9.801862,1550002930899
16574,99,Gyroscope,0.06081164,0.03824628,0.70306313,1550002930909
16575,99,Accelerometer,0.91458505,1.8590976000000001,8.639477000000001,1550002930910
16576,99,Gyroscope,0.048594332999999997,0.05046358,0.73788244,1550002930920
16577,99,Accelerometer,0.5650316,2.0458453000000003,9.430760000000001,1550002930920
16578,99,Gyroscope,0.041263953,0.04740926,0.74215853,1550002930929
16579,99,Accelerometer,-0.005985504,1.5502456,9.774328,1550002930930
16580,99,Gyroscope,0.035155296,0.03580282,0.7134478,1550002930939
16581,99,Accelerometer,0.60094464,1.958457,10.350133999999999,1550002930940
16582,99,Gyroscope,0.042485684,0.030915894,0.717113,1550002930949
16583,99,Accelerometer,0.050278235,1.7573439999999998,10.301053,1550002930949
16584,99,Gyroscope,0.035766162000000004,0.030915894,0.7213891,1550002930959
16585,99,Accelerometer,-0.47046062,1.6747441000000003,9.671378,1550002930959
16586,99,Gyroscope,0.021105397,0.019309454,0.7110044,1550002930970
16587,99,Accelerometer,-0.094570965,1.8986019,9.759963,1550002930970
16588,99,Gyroscope,0.06081164,0.018087726000000002,0.7103935,1550002930979
16589,99,Accelerometer,-0.077811554,1.9632453999999997,9.673772,1550002930980
16590,99,Gyroscope,0.065698564,0.02786157,0.7299412,1550002930989
16591,99,Accelerometer,-0.62009823,1.7537526999999997,9.490616000000001,1550002930990
16592,99,Gyroscope,0.048594332999999997,0.04985272,0.7195564999999999,1550002930999
16593,99,Accelerometer,-0.20111294,1.7812861,9.412804,1550002931000
16594,99,Gyroscope,0.06997461599999999,0.06023743,0.72199994,1550002931009
16595,99,Accelerometer,-0.4141969,1.5023615,9.610325999999999,1550002931009
16596,99,Gyroscope,0.068752885,0.071233004,0.72688687,1550002931019
16597,99,Accelerometer,-0.8331822,1.1228806,9.838972,1550002931020
16598,99,Gyroscope,0.052870392999999995,0.085893765,0.6963436,1550002931029
16599,99,Accelerometer,-0.34237084,1.0079589,9.609129,1550002931030
16600,99,Gyroscope,0.048594332999999997,0.091391556,0.6932893,1550002931039
16601,99,Accelerometer,-0.7553706,1.2078748,9.604341,1550002931040
16602,99,Gyroscope,0.030879242,0.09261329,0.6774068,1550002931049
16603,99,Accelerometer,-0.35673606,0.49320555,9.354146,1550002931050
16604,99,Gyroscope,0.061422504,0.08772636,0.64991784,1550002931059
16605,99,Accelerometer,-0.7098808000000001,1.8136078000000002,11.22282,1550002931060
16606,99,Gyroscope,0.033322702999999995,0.12193482,0.63953316,1550002931069
16607,99,Accelerometer,-1.1073183000000002,-0.6344634,9.938332,1550002931070
16608,99,Gyroscope,-0.052198432,0.12071309,0.58516616,1550002931079
16609,99,Accelerometer,-0.4441244000000001,1.1300632,12.059594,1550002931080
16610,99,Gyroscope,0.0113315545,0.020531185,0.5912748000000001,1550002931089
16611,99,Accelerometer,2.6192567,1.0761937,10.354922,1550002931089
16612,99,Gyroscope,0.09257663,-0.006957751,0.53141,1550002931100
16613,99,Accelerometer,1.2940661,2.6276363999999997,8.9279785,1550002931100
16614,99,Gyroscope,0.022937994,0.055350505,0.5753923000000001,1550002931110
16615,99,Accelerometer,2.0266917,2.6084828,8.51019,1550002931110
16616,99,Gyroscope,0.0021685753,0.060848295999999996,0.6621352,1550002931119
16617,99,Accelerometer,1.163582,1.9009962,10.746374000000001,1550002931120
16618,99,Gyroscope,0.08830058,0.018698592,0.66763294,1550002931129
16619,99,Accelerometer,0.61171854,0.9624690999999999,10.658986,1550002931130
16620,99,Gyroscope,0.10296135,0.016865995,0.6896241,1550002931139
16621,99,Accelerometer,0.8583213,1.2557588,9.175778,1550002931139
16622,99,Gyroscope,0.044318277,0.03274849,0.68901324,1550002931149
16623,99,Accelerometer,0.076614454,1.8255788,8.998607000000002,1550002931150
16624,99,Gyroscope,0.034544434,0.05596137,0.6633569,1550002931159
16625,99,Accelerometer,-0.4357447,2.0685901999999996,9.193734,1550002931160
16626,99,Gyroscope,0.031490106000000004,0.07795252,0.6816828,1550002931169
16627,99,Accelerometer,0.46447513,2.4253263,8.932767,1550002931170
16628,99,Gyroscope,-0.0039400775,0.09627848,0.6957328,1550002931179
16629,99,Accelerometer,0.053869538,2.4708161,9.618706,1550002931180
16630,99,Gyroscope,0.024159724,0.093224145,0.6926784,1550002931189
16631,99,Accelerometer,-0.20111294,2.1691467999999996,10.065224,1550002931189
16632,99,Gyroscope,0.06692029,0.08345031,0.7311629,1550002931199
16633,99,Accelerometer,0.21428105,1.7669207999999998,9.627085000000001,1550002931199
16634,99,Gyroscope,0.055313855,0.09444588,0.74154764,1550002931210
16635,99,Accelerometer,0.6943185000000001,2.2301989,9.544485,1550002931210
16636,99,Gyroscope,0.036377028,0.092002414,0.7647605,1550002931219
16637,99,Accelerometer,1.3790601,1.7693150000000002,9.487024,1550002931220
16638,99,Gyroscope,0.06264423599999999,0.08161771,0.76109535,1550002931229
16639,99,Accelerometer,1.5011643999999997,1.9967641999999999,9.667786999999999,1550002931230
16640,99,Gyroscope,0.05775731,0.08894809,0.79530376,1550002931239
16641,99,Accelerometer,1.8064252,1.8243817,9.56723,1550002931239
16642,99,Gyroscope,0.03210097,0.082839444,0.81729496,1550002931249
16643,99,Accelerometer,1.7286136000000003,2.0949266,10.042479,1550002931249
16644,99,Gyroscope,0.07486154,0.07611992,0.8301231,1550002931259
16645,99,Accelerometer,1.3036428999999998,2.3594859,9.88925,1550002931260
16646,99,Gyroscope,0.080359325,0.06878954,0.86494243,1550002931269
16647,99,Accelerometer,1.7274165000000001,2.6803088,9.416395,1550002931270
16648,99,Gyroscope,0.042485684,0.066956945,0.8954857,1550002931279
16649,99,Accelerometer,0.736217,2.5007436000000003,9.437942999999999,1550002931280
16650,99,Gyroscope,0.07180721,0.08161771,0.88937706,1550002931289
16651,99,Accelerometer,0.4189853,2.9233203,10.262746,1550002931290
16652,99,Gyroscope,0.07363981,0.06451348,0.9486309000000002,1550002931299
16653,99,Accelerometer,0.8547299999999999,2.4708161,9.691728999999999,1550002931299
16654,99,Gyroscope,0.09929615,0.044965795999999995,0.9742873,1550002931309
16655,99,Accelerometer,-0.10295067,2.7748797,9.609129,1550002931310
16656,99,Gyroscope,0.11945470400000001,0.0571831,0.95412874,1550002931319
16657,99,Accelerometer,0.44173019999999996,2.6192567,9.121908,1550002931320
16658,99,Gyroscope,0.09868529,0.093224145,0.9846719999999999,1550002931329
16659,99,Accelerometer,0.046686932,2.2960392999999995,9.220071,1550002931330
16660,99,Gyroscope,0.09440923,0.08894809,0.9968893,1550002931339
16661,99,Accelerometer,0.1604115,2.4648306,9.588778,1550002931339
16662,99,Gyroscope,0.08280279,0.08039598,0.9883371999999999,1550002931349
16663,99,Accelerometer,1.3144168,2.4851813,10.568006500000001,1550002931350
16664,99,Gyroscope,0.07119635,0.082839444,1.0036088,1550002931360
16665,99,Accelerometer,1.6567876,1.9069817,9.466674000000001,1550002931360
16666,99,Gyroscope,0.09074404,0.07001127,1.0500346,1550002931369
16667,99,Accelerometer,0.7326256999999999,2.2852653999999997,9.929952,1550002931370
16668,99,Gyroscope,0.115178645,0.08222858,1.0219347,1550002931379
16669,99,Accelerometer,1.8902221999999997,2.1631612999999996,8.963891,1550002931380
16670,99,Gyroscope,0.09257663,0.13170865,1.0817996,1550002931389
16671,99,Accelerometer,0.688333,2.4193408,8.488642,1550002931389
16672,99,Gyroscope,0.0094989585,0.11888049,1.1037908,1550002931399
16673,99,Accelerometer,-0.37708676,0.80086046,10.07121,1550002931399
16674,99,Gyroscope,0.034544434,0.10910665,1.0341521999999999,1550002931410
16675,99,Accelerometer,0.9935937,1.1875241,11.628637,1550002931410
16676,99,Gyroscope,0.16282614,0.066956945,1.1190623,1550002931419
16677,99,Accelerometer,-0.22266077,1.5897499,9.730036,1550002931420
16678,99,Gyroscope,0.10479393599999999,0.09078069,1.0738584,1550002931429
16679,99,Accelerometer,0.29448682,2.5474305,8.421603999999999,1550002931430
16680,99,Gyroscope,0.029046647000000002,0.12926519,1.0879083,1550002931439
16681,99,Accelerometer,0.60693014,2.7772740000000002,9.76954,1550002931440
16682,99,Gyroscope,0.15183057,0.085893765,1.1422752,1550002931449
16683,99,Accelerometer,-1.2761095,1.6867151000000002,10.746374000000001,1550002931449
16684,99,Gyroscope,0.14266758,0.08406117,1.0646954,1550002931459
16685,99,Accelerometer,0.035913024,1.9009962,10.204087,1550002931460
16686,99,Gyroscope,0.10112875,0.08467203400000001,1.0781344,1550002931470
16687,99,Accelerometer,-0.5686229,1.3108255,9.232041,1550002931470
16688,99,Gyroscope,0.13411547,0.11826963,1.0567541,1550002931479
16689,99,Accelerometer,-0.61770403,1.6903063999999999,8.991425,1550002931480
16690,99,Gyroscope,0.06386597,0.14881289,1.0262108,1550002931489
16691,99,Accelerometer,0.06464344,0.8535328999999999,8.756793,1550002931490
16692,99,Gyroscope,0.048594332999999997,0.16408452,1.0048306,1550002931499
16693,99,Accelerometer,-0.45489833,1.5191208999999999,9.79827,1550002931500
16694,99,Gyroscope,0.065698564,0.1506455,0.9687895000000001,1550002931509
16695,99,Accelerometer,0.16998832,1.9045875,9.349358,1550002931509
16696,99,Gyroscope,0.048594332999999997,0.13781732,1.0036088,1550002931520
16697,99,Accelerometer,1.4293385,1.8459294999999998,8.880094999999999,1550002931520
16698,99,Gyroscope,0.021716263,0.16164106,0.9865046000000001,1550002931529
16699,99,Accelerometer,1.2378023,2.3355439,9.642648,1550002931530
16700,99,Gyroscope,0.039431356,0.13781732,1.0408716,1550002931539
16701,99,Accelerometer,0.82240826,1.5478513999999999,9.339781,1550002931539
16702,99,Gyroscope,0.04615087,0.16286278,1.0359846,1550002931549
16703,99,Accelerometer,0.91099375,2.183512,9.569624000000001,1550002931550
16704,99,Gyroscope,0.025381455,0.17446923,1.0653062,1550002931559
16705,99,Accelerometer,0.5482722,2.4708161,10.095152,1550002931560
16706,99,Gyroscope,0.05470299,0.14270425,1.0561433,1550002931569
16707,99,Accelerometer,0.21308395,2.3475148999999997,10.381259,1550002931570
16708,99,Gyroscope,0.038209625,0.13415211,1.0585867,1550002931579
16709,99,Accelerometer,-0.29209262,2.4959552000000005,10.323798,1550002931579
16710,99,Gyroscope,0.0040011713,0.13476297,1.0622519,1550002931589
16711,99,Accelerometer,1.3599066,2.6623523,9.5385,1550002931590
16712,99,Gyroscope,0.049816065,0.12743261,1.0653062,1550002931600
16713,99,Accelerometer,-0.142455,2.633622,10.589554,1550002931600
16714,99,Gyroscope,0.08707885,0.09505675,1.0304870000000002,1550002931609
16715,99,Accelerometer,0.92416185,2.4947581000000003,9.821015,1550002931610
16716,99,Gyroscope,0.09685269,0.06207002,1.0811886999999998,1550002931619
16717,99,Accelerometer,-0.14844051,1.9835961,9.714474000000001,1550002931620
16718,99,Gyroscope,0.03759876,0.07611992,1.0280434,1550002931629
16719,99,Accelerometer,0.073023155,2.3930047,9.822212,1550002931630
16720,99,Gyroscope,0.1212873,0.057793967,1.1172298,1550002931639
16721,99,Accelerometer,1.4736311000000002,1.6436194,9.409213000000001,1550002931639
16722,99,Gyroscope,0.14877623,0.06512435,1.0769126,1550002931649
16723,99,Accelerometer,-0.18674773,1.7238252,8.804677,1550002931650
16724,99,Gyroscope,0.07852673,0.116437025,1.1129537,1550002931660
16725,99,Accelerometer,1.0785878999999998,2.4121582999999998,10.426748,1550002931660
16726,99,Gyroscope,0.06264423599999999,0.06756781,1.1599903,1550002931669
16727,99,Accelerometer,0.676362,0.80924016,10.113108,1550002931670
16728,99,Gyroscope,0.12434163,0.049241855999999994,1.0653062,1550002931679
16729,99,Accelerometer,-0.5327099000000001,2.12246,9.985018,1550002931680
16730,99,Gyroscope,0.112124324,0.060848295999999996,1.1496056000000001,1550002931689
16731,99,Accelerometer,1.8183962,1.8590976000000001,7.818265400000001,1550002931690
16732,99,Gyroscope,0.05348126,0.13720644,1.1270036,1550002931699
16733,99,Accelerometer,-0.92176765,1.8638860000000002,9.575610000000001,1550002931699
16734,99,Gyroscope,0.047372602,0.14759114,1.1153971999999999,1550002931710
16735,99,Accelerometer,0.130484,1.3515268999999999,10.418368,1550002931710
16736,99,Gyroscope,0.14022411,0.0871155,1.1722076000000001,1550002931719
16737,99,Accelerometer,0.91099375,1.6280571000000001,10.235211999999999,1550002931720
16738,99,Gyroscope,0.10479393599999999,0.08100685,1.1044016,1550002931729
16739,99,Accelerometer,0.28012159999999997,1.8674773,9.221267999999998,1550002931730
16740,99,Gyroscope,0.065698564,0.0993328,1.1355556999999998,1550002931740
16741,99,Accelerometer,0.8379706,2.148796,9.627085000000001,1550002931740
16742,99,Gyroscope,0.07669414,0.071233004,1.1514381999999999,1550002931749
16743,99,Accelerometer,0.046686932,1.8734628,10.681731,1550002931749
16744,99,Gyroscope,0.15916094,0.057793967,1.1551034,1550002931759
16745,99,Accelerometer,-0.0011971008,1.0941502,8.352172999999999,1550002931759
16746,99,Gyroscope,0.04370741,0.13720644,1.1294471000000001,1550002931770
16747,99,Accelerometer,-1.1133038,3.2309752,10.7751045,1550002931770
16748,99,Gyroscope,-0.08640689,0.09383502,1.1062341999999998,1550002931779
16749,99,Accelerometer,-1.34195,0.7410054,11.947066,1550002931780
16750,99,Gyroscope,0.1530523,0.0077030174,1.0714148000000001,1550002931789
16751,99,Accelerometer,-1.2234371000000002,1.5191208999999999,11.161767999999999,1550002931790
16752,99,Gyroscope,0.085857116,0.052907042,0.99200237,1550002931799
16753,99,Accelerometer,0.1604115,0.9672575000000001,8.9363575,1550002931800
16754,99,Gyroscope,-0.041202857999999995,0.10727405,1.0830213,1550002931809
16755,99,Accelerometer,-2.0829554,0.9564835999999999,8.611943,1550002931809
16756,99,Gyroscope,0.08524625,0.10971751,1.0188805,1550002931819
16757,99,Accelerometer,-0.9744401,0.4261679,10.8624935,1550002931820
16758,99,Gyroscope,0.1298394,0.09566761,1.0109392,1550002931830
16759,99,Accelerometer,-0.7314286,0.45370123,10.108319,1550002931830
16760,99,Gyroscope,0.036987893,0.09261329,0.9675678,1550002931839
16761,99,Accelerometer,-0.61890113,0.35075054,8.916007,1550002931840
16762,99,Gyroscope,0.06264423599999999,0.13170865,0.93824625,1550002931849
16763,99,Accelerometer,-0.19991584,1.5035586,9.562441999999999,1550002931850
16764,99,Gyroscope,0.052870392999999995,0.13720644,0.9413005999999999,1550002931859
16765,99,Accelerometer,-0.6919243,-0.23104046,9.706094,1550002931859
16766,99,Gyroscope,0.022937994,0.13720644,0.8759379999999999,1550002931869
16767,99,Accelerometer,-0.39983168,1.0330979999999998,10.29387,1550002931869
16768,99,Gyroscope,0.034544434,0.09261329,0.86738586,1550002931880
16769,99,Accelerometer,-0.25977087,0.32441434,10.462662,1550002931880
16770,99,Gyroscope,0.08402452,0.09261329,0.8460056,1550002931889
16771,99,Accelerometer,-1.0462662,0.6476316,10.177752,1550002931890
16772,99,Gyroscope,0.02477059,0.09750021,0.8337882999999999,1550002931899
16773,99,Accelerometer,-0.01436521,0.8283938,9.050082000000002,1550002931900
16774,99,Gyroscope,0.02354886,0.08222858,0.8429513000000001,1550002931909
16775,99,Accelerometer,0.50278234,1.6627731,10.113108,1550002931910
16776,99,Gyroscope,0.07119635,0.066956945,0.8374535,1550002931919
16777,99,Accelerometer,1.6448165000000001,1.3132197,10.097546000000001,1550002931919
16778,99,Gyroscope,0.05470299,0.061459154,0.8588338,1550002931929
16779,99,Accelerometer,1.6328455,2.0805612,9.65821,1550002931930
16780,99,Gyroscope,0.044318277,0.052296177,0.8704402,1550002931940
16781,99,Accelerometer,1.567005,2.7760768,9.409213000000001,1550002931940
16782,99,Gyroscope,0.07180721,0.046798393,0.9162551,1550002931949
16783,99,Accelerometer,1.1073183000000002,2.2493525,10.1226845,1550002931950
16784,99,Gyroscope,0.09135491,0.03885714,0.9315266999999999,1550002931959
16785,99,Accelerometer,0.50996494,1.9740193,9.937134,1550002931960
16786,99,Gyroscope,0.0650877,0.037635416,0.9455766,1550002931969
16787,99,Accelerometer,0.5746084,2.1547816,9.998186,1550002931969
16788,99,Gyroscope,0.07241808,0.0431332,0.9321376,1550002931979
16789,99,Accelerometer,0.35434186,2.3379380000000003,9.241617999999999,1550002931980
16790,99,Gyroscope,0.07119635,0.04435493,0.9315266999999999,1550002931990
16791,99,Accelerometer,0.59017074,2.9712042999999997,9.392453,1550002931990
16792,99,Gyroscope,0.054092124000000005,0.055350505,0.96940035,1550002932000
16793,99,Accelerometer,0.89303726,2.2541409,8.835801,1550002932000
16794,99,Gyroscope,0.07852673,0.08406117,0.9669568999999999,1550002932009
16795,99,Accelerometer,0.47285482,2.873042,9.625888,1550002932010
16796,99,Gyroscope,0.07486154,0.090169825,1.0207131,1550002932019
16797,99,Accelerometer,1.009156,1.4628572,9.5492735,1550002932020
16798,99,Gyroscope,0.07608327,0.0852829,1.0372064,1550002932029
16799,99,Accelerometer,0.9864110999999999,2.2050598,10.553641,1550002932029
16800,99,Gyroscope,0.08280279,0.07734165,1.0665280000000001,1550002932039
16801,99,Accelerometer,1.3215994,1.292869,9.958682000000001,1550002932040
16802,99,Gyroscope,0.07852673,0.079785116,1.0518671,1550002932050
16803,99,Accelerometer,0.8714894,1.8064252,10.66976,1550002932050
16804,99,Gyroscope,0.06814202,0.05596137,1.0695822,1550002932059
16805,99,Accelerometer,1.5514427,1.7345991000000003,9.624691,1550002932060
16806,99,Gyroscope,0.101739615,0.06329175,1.0317086,1550002932069
16807,99,Accelerometer,0.61890113,2.4001873,9.900024,1550002932069
16808,99,Gyroscope,0.0632551,0.06634608,1.0512563,1550002932080
16809,99,Accelerometer,1.3335704,1.8830396,9.369708000000001,1550002932080
16810,99,Gyroscope,0.06203337,0.05473964,1.0536997,1550002932089
16811,99,Accelerometer,0.7781156,2.4492682999999995,9.563639,1550002932090
16812,99,Gyroscope,0.10296135,0.049241855999999994,1.061641,1550002932099
16813,99,Accelerometer,0.41180268,2.4768016,8.972271000000001,1550002932100
16814,99,Gyroscope,0.07913759,0.06756781,1.1086776000000003,1550002932109
16815,99,Accelerometer,0.48362875,2.2577322,8.998607000000002,1550002932109
16816,99,Gyroscope,0.07913759,0.07734165,1.1331122999999999,1550002932119
16817,99,Accelerometer,0.45968673,1.8315643,9.508572000000001,1550002932119
16818,99,Gyroscope,0.14511104,0.08467203400000001,1.1496056000000001,1550002932130
16819,99,Accelerometer,1.1121067,2.0853498,9.581595,1550002932130
16820,99,Gyroscope,0.112124324,0.10849578,1.1758728,1550002932139
16821,99,Accelerometer,1.1085154,2.0937295,9.229648,1550002932140
16822,99,Gyroscope,0.06997461599999999,0.14087164,1.1642663,1550002932149
16823,99,Accelerometer,1.0007763,2.2493525,10.423157000000002,1550002932150
16824,99,Gyroscope,0.08524625,0.12193482,1.1746511,1550002932159
16825,99,Accelerometer,1.282095,2.268506,9.818622,1550002932160
16826,99,Gyroscope,0.109069996,0.10727405,1.1489948,1550002932169
16827,99,Accelerometer,0.25019407,1.9045875,8.617929,1550002932169
16828,99,Gyroscope,0.11701124,0.14942375,1.1300579,1550002932179
16829,99,Accelerometer,0.8571242,3.8953662000000002,10.904391,1550002932180
16830,99,Gyroscope,0.010109824,0.16347367,1.1850358,1550002932190
16831,99,Accelerometer,0.089782566,1.3958195,10.680533,1550002932190
16832,99,Gyroscope,-0.08029823,0.0852829,1.0866864999999999,1550002932199
16833,99,Accelerometer,-0.50637364,2.5821466,11.767501,1550002932200
16834,99,Gyroscope,0.18237382,-0.01856419,1.1502165000000002,1550002932209
16835,99,Accelerometer,1.7286136000000003,1.7118542,8.282741,1550002932210
16836,99,Gyroscope,0.014996746000000002,0.11826963,1.1691533,1550002932219
16837,99,Accelerometer,-1.6340426000000001,1.4999673,7.846996300000001,1550002932220
16838,99,Gyroscope,0.0094989585,0.14392596,1.1098994,1550002932229
16839,99,Accelerometer,-0.58657944,1.0606314,9.726444,1550002932229
16840,99,Gyroscope,0.15671748,0.08345031,1.1233385,1550002932239
16841,99,Accelerometer,0.19991584,1.1037270000000001,10.972627000000001,1550002932240
16842,99,Gyroscope,0.14877623,0.082839444,1.0952386,1550002932250
16843,99,Accelerometer,-0.18555063,0.4381389,8.9602995,1550002932250
16844,99,Gyroscope,0.027824916,0.13598472,1.0378171999999999,1550002932259
16845,99,Accelerometer,1.0594343000000002,2.3104044999999998,8.89446,1550002932260
16846,99,Gyroscope,0.068752885,0.12743261,1.0860756999999999,1550002932269
16847,99,Accelerometer,-0.14724341,0.8786719999999999,9.421184,1550002932270
16848,99,Gyroscope,0.12739594,0.08833723,1.0439259,1550002932279
16849,99,Accelerometer,0.415394,1.0402806,10.281899000000001,1550002932280
16850,99,Gyroscope,0.05653558,0.05962656400000001,1.0219347,1550002932289
16851,99,Accelerometer,1.7872716,1.532289,9.409213000000001,1550002932289
16852,99,Gyroscope,0.068752885,0.058404832999999996,1.0640844999999999,1550002932300
16853,99,Accelerometer,0.61291564,2.3750482,9.910798,1550002932300
16854,99,Gyroscope,0.07241808,0.07734165,1.0671388000000002,1550002932310
16855,99,Accelerometer,0.91338795,2.705448,9.787497,1550002932310
16856,99,Gyroscope,0.059589908,0.09505675,1.107456,1550002932319
16857,99,Accelerometer,0.79846627,2.6443958,9.363723,1550002932320
16858,99,Gyroscope,0.07730500400000001,0.098721944,1.1172298,1550002932329
16859,99,Accelerometer,0.7457938000000001,2.2517467,9.692925,1550002932330
16860,99,Gyroscope,0.09746355599999999,0.08161771,1.1392209999999998,1550002932339
16861,99,Accelerometer,0.5793968,2.9724014,9.703699,1550002932340
16862,99,Gyroscope,0.07913759,0.11277183,1.1453296,1550002932349
16863,99,Accelerometer,0.79367787,2.7617116000000004,9.11712,1550002932350
16864,99,Gyroscope,0.01316415,0.13476297,1.1648773000000001,1550002932359
16865,99,Accelerometer,0.320823,1.9812019,9.548077000000001,1550002932360
16866,99,Gyroscope,0.055313855,0.09505675,1.1722076000000001,1550002932369
16867,99,Accelerometer,-0.36990416,2.2313959999999997,10.986991999999999,1550002932370
16868,99,Gyroscope,0.08463538400000001,0.07245473,1.1630447,1550002932379
16869,99,Accelerometer,0.6428431,2.0518308000000003,10.326192,1550002932380
16870,99,Gyroscope,0.052259527,0.092002414,1.1746511,1550002932389
16871,99,Accelerometer,0.45609543,2.2517467,9.163807,1550002932390
16872,99,Gyroscope,0.11945470400000001,0.10055453,1.2021401000000003,1550002932399
16873,99,Accelerometer,-0.12928689,2.3032220000000003,8.90643,1550002932400
16874,99,Gyroscope,0.20314324,0.12193482,1.1935878999999998,1550002932409
16875,99,Accelerometer,0.6871359,2.4349031,7.9786773,1550002932410
16876,99,Gyroscope,0.051037795999999996,0.1500346,1.2668917,1550002932419
16877,99,Accelerometer,-0.36870706,1.1707646999999999,9.28232,1550002932419
16878,99,Gyroscope,-0.05586362,0.18424308,1.1832032,1550002932429
16879,99,Accelerometer,-0.0035913025,0.51116204,11.756727,1550002932430
16880,99,Gyroscope,0.17443258,0.074287325,1.2693353,1550002932439
16881,99,Accelerometer,1.1863270000000001,1.5227122,9.050082000000002,1550002932440
16882,99,Gyroscope,0.17015652,0.07245473,1.1746511,1550002932449
16883,99,Accelerometer,0.89782566,1.7357962,7.8170686,1550002932450
16884,99,Gyroscope,-0.0039400775,0.16225192,1.2009183,1550002932459
16885,99,Accelerometer,-0.48482585,1.2749124,10.505757000000001,1550002932459
16886,99,Gyroscope,0.16588046,0.11216097,1.2253528999999999,1550002932469
16887,99,Accelerometer,1.6053122,1.2054806,10.69849,1550002932469
16888,99,Gyroscope,0.12861767,0.13170865,1.2082487,1550002932480
16889,99,Accelerometer,-0.33638534,1.8866308999999997,9.344569,1550002932480
16890,99,Gyroscope,-0.0027183462,0.18974087,1.175262,1550002932489
16891,99,Accelerometer,-0.38426940000000004,1.8459294999999998,10.684125,1550002932490
16892,99,Gyroscope,0.055313855,0.1396499,1.2051943999999999,1550002932499
16893,99,Accelerometer,-0.17477672,1.1552023,10.727221,1550002932500
16894,99,Gyroscope,0.16404787,0.09750021,1.1483839,1550002932509
16895,99,Accelerometer,-0.079008654,1.483208,9.143456,1550002932510
16896,99,Gyroscope,0.04554001,0.12682173,1.1483839,1550002932519
16897,99,Accelerometer,-0.32920274,1.6101006000000002,8.425196000000001,1550002932519
16898,99,Gyroscope,0.047372602,0.15797585,1.1520491000000002,1550002932529
16899,99,Accelerometer,-0.60812724,1.1803415000000002,10.500969,1550002932530
16900,99,Gyroscope,0.14266758,0.113382705,1.1392209999999998,1550002932539
16901,99,Accelerometer,-0.44532153,0.866701,10.029311,1550002932540
16902,99,Gyroscope,0.12250903,0.103608854,1.134334,1550002932549
16903,99,Accelerometer,-0.08140286,1.3024458,8.9040365,1550002932550
16904,99,Gyroscope,0.047372602,0.11704790000000001,1.1178406,1550002932559
16905,99,Accelerometer,-0.06823475,0.7433996,9.636662,1550002932559
16906,99,Gyroscope,0.052870392999999995,0.13598472,1.0940169,1550002932569
16907,99,Accelerometer,-0.58657944,0.9792285,9.861717,1550002932570
16908,99,Gyroscope,0.08830058,0.13170865,1.07508,1550002932579
16909,99,Accelerometer,0.17477672,1.2653356000000002,10.205285,1550002932580
16910,99,Gyroscope,0.065698564,0.13415211,1.0659171,1550002932589
16911,99,Accelerometer,-0.13766660000000003,1.6208745,9.533711,1550002932590
16912,99,Gyroscope,0.029046647000000002,0.14087164,1.0335412,1550002932599
16913,99,Accelerometer,-0.6356605,1.4760253,9.734824,1550002932599
16914,99,Gyroscope,0.05775731,0.13476297,1.0353738000000001,1550002932609
16915,99,Accelerometer,-0.34356794,1.8171991000000003,10.332177,1550002932610
16916,99,Gyroscope,0.085857116,0.12560001,1.0335412,1550002932620
16917,99,Accelerometer,-0.23463176,1.5239093000000001,10.085575,1550002932620
16918,99,Gyroscope,0.060200773,0.11765876,1.0109392,1550002932629
16919,99,Accelerometer,-0.48362875,1.483208,9.849746000000001,1550002932630
16920,99,Gyroscope,0.03759876,0.10727405,1.0121609,1550002932639
16921,99,Accelerometer,-0.5279215,0.94810385,10.354922,1550002932640
16922,99,Gyroscope,0.073028944,0.10116539,0.99139154,1550002932649
16923,99,Accelerometer,-0.11971009,1.1863270000000001,10.793061,1550002932649
16924,99,Gyroscope,0.09257663,0.07489819,0.9968893,1550002932659
16925,99,Accelerometer,-0.027533319,0.58418524,9.882067999999999,1550002932659
16926,99,Gyroscope,0.07913759,0.07611992,0.95229614,1550002932670
16927,99,Accelerometer,-0.41180268,1.283292,9.36492,1550002932670
16928,99,Gyroscope,0.0650877,0.07367646,0.9443549000000001,1550002932679
16929,99,Accelerometer,0.3890578,0.80804306,9.120711,1550002932680
16930,99,Gyroscope,0.07730500400000001,0.08650463,0.9358028,1550002932690
16931,99,Accelerometer,-0.093373865,1.0881646999999999,9.507375,1550002932690
16932,99,Gyroscope,0.05653558,0.099943675,0.9180877000000001,1550002932699
16933,99,Accelerometer,-0.35673606,0.8595184000000001,9.93474,1550002932700
16934,99,Gyroscope,0.060200773,0.09750021,0.9022051999999999,1550002932709
16935,99,Accelerometer,0.49559975,1.0965444,10.13705,1550002932709
16936,99,Gyroscope,0.0632551,0.07795252,0.9083139000000001,1550002932719
16937,99,Accelerometer,0.91219085,1.3694833999999998,10.194510000000001,1550002932720
16938,99,Gyroscope,0.042485684,0.06634608,0.92114204,1550002932730
16939,99,Accelerometer,1.4951789,1.3455413999999999,10.265139999999999,1550002932730
16940,99,Gyroscope,0.09257663,0.055350505,0.9315266999999999,1550002932739
16941,99,Accelerometer,1.9967641999999999,2.0530279,9.730036,1550002932740
16942,99,Gyroscope,0.08402452,0.06207002,0.9810068000000001,1550002932749
16943,99,Accelerometer,1.4329298000000001,2.420538,9.313444,1550002932750
16944,99,Gyroscope,0.05042693,0.07734165,0.9999435999999999,1550002932759
16945,99,Accelerometer,1.2330139,2.3558946,9.447519999999999,1550002932760
16946,99,Gyroscope,0.09257663,0.08894809,1.0176587,1550002932769
16947,99,Accelerometer,0.37229836,1.8124107,9.78989,1550002932769
16948,99,Gyroscope,0.103572205,0.074287325,1.0152153,1550002932780
16949,99,Accelerometer,-0.4429273,1.5478513999999999,9.834184,1550002932780
16950,99,Gyroscope,0.081581056,0.06634608,0.96940035,1550002932790
16951,99,Accelerometer,0.59017074,2.1823148999999997,9.2907,1550002932790
16952,99,Gyroscope,0.06264423599999999,0.091391556,0.9993328000000001,1550002932799
16953,99,Accelerometer,-0.29807812,1.9812019,9.4774475,1550002932800
16954,99,Gyroscope,0.06203337,0.09688934,0.99200237,1550002932809
16955,99,Accelerometer,-0.22146365,1.9716251,9.289502,1550002932810
16956,99,Gyroscope,0.044929143,0.110328384,0.98955894,1550002932819
16957,99,Accelerometer,0.48841715,2.2266076,9.7863,1550002932819
16958,99,Gyroscope,0.044929143,0.10666319,1.0310978000000002,1550002932829
16959,99,Accelerometer,0.4165911,1.8255788,10.150217999999999,1550002932830
16960,99,Gyroscope,0.06264423599999999,0.08345031,1.0420934000000002,1550002932840
16961,99,Accelerometer,0.59136784,1.7860744999999998,10.444705,1550002932840
16962,99,Gyroscope,0.07669414,0.090169825,1.0353738000000001,1550002932849
16963,99,Accelerometer,1.3575124,2.0278888,9.821015,1550002932850
16964,99,Gyroscope,0.081581056,0.09627848,1.0848539,1550002932859
16965,99,Accelerometer,0.60453594,1.6675615000000001,9.455899,1550002932860
16966,99,Gyroscope,0.096241824,0.09078069,1.0683606,1550002932869
16967,99,Accelerometer,0.91219085,1.8243817,9.408014999999999,1550002932869
16968,99,Gyroscope,0.14816537,0.12804347,1.0640844999999999,1550002932879
16969,99,Accelerometer,1.3335704,1.7896657999999999,9.587581,1550002932879
16970,99,Gyroscope,0.014385881000000001,0.12682173,1.1233385,1550002932890
16971,99,Accelerometer,1.5346833,1.2785037000000001,11.383232000000001,1550002932890
16972,99,Gyroscope,-0.047311507,0.14820203,1.0103283,1550002932899
16973,99,Accelerometer,-0.009576807,1.5705963,10.971428999999999,1550002932900
16974,99,Gyroscope,0.14388931,0.05901569999999999,1.0066632,1550002932909
16975,99,Accelerometer,0.6392518,2.0937295,8.522161,1550002932910
16976,99,Gyroscope,0.047372602,0.113382705,1.1331122999999999,1550002932919
16977,99,Accelerometer,1.2665327,2.0290859,7.6650367,1550002932920
16978,99,Gyroscope,0.020494534,0.1769127,1.0732473999999999,1550002932929
16979,99,Accelerometer,-1.2617443000000002,1.7848773999999998,10.488997,1550002932929
16980,99,Gyroscope,0.14999796,0.13598472,1.0952386,1550002932939
16981,99,Accelerometer,1.043872,0.45848963,10.709264,1550002932940
16982,99,Gyroscope,0.09379836,0.12254568,1.0677497,1550002932950
16983,99,Accelerometer,0.20470424,0.8475474000000001,9.621099000000001,1550002932950
16984,99,Gyroscope,0.03759876,0.13170865,1.0121609,1550002932959
16985,99,Accelerometer,0.46327803,0.9947908000000001,10.418368,1550002932960
16986,99,Gyroscope,0.06630943,0.11582617,1.002998,1550002932969
16987,99,Accelerometer,0.50757074,0.5446809,10.383653,1550002932970
16988,99,Gyroscope,0.0492052,0.10605232,0.9455766,1550002932979
16989,99,Accelerometer,0.44771573,0.5482722,10.048465,1550002932979
16990,99,Gyroscope,0.03393357,0.08833723,0.9162551,1550002932989
16991,99,Accelerometer,0.9923966000000001,0.82599956,10.230424000000001,1550002932989
16992,99,Gyroscope,0.06692029,0.054128774000000004,0.89976174,1550002932999
16993,99,Accelerometer,0.7433996,0.91338795,9.706094,1550002933000
16994,99,Gyroscope,0.07119635,0.04740926,0.8881553,1550002933009
16995,99,Accelerometer,1.5801731,1.2737153,9.271546,1550002933010
16996,99,Gyroscope,0.044929143,0.041300602,0.8954857,1550002933019
16997,99,Accelerometer,1.8100165000000001,1.2509704,9.235633,1550002933020
16998,99,Gyroscope,0.06203337,0.04435493,0.88143575,1550002933029
16999,99,Accelerometer,1.4879963,1.0007763,9.799467,1550002933030
17000,99,Gyroscope,0.09257663,0.046187527,0.89854,1550002933039
17001,99,Accelerometer,1.9021933000000002,0.90141696,9.454702000000001,1550002933039
17002,99,Gyroscope,0.07180721,0.054128774000000004,0.9022051999999999,1550002933049
17003,99,Accelerometer,1.1444284,1.2629413999999999,9.728839,1550002933049
17004,99,Gyroscope,0.055313855,0.036413684,0.88387924,1550002933060
17005,99,Accelerometer,0.91219085,1.2737153,9.750386,1550002933060
17006,99,Gyroscope,0.06936375,0.03274849,0.8918205,1550002933069
17007,99,Accelerometer,0.8762778,2.4384943999999997,9.817424,1550002933070
17008,99,Gyroscope,0.04187482,0.0571831,0.8967074,1550002933079
17009,99,Accelerometer,0.7685388000000001,2.1284454,9.609129,1550002933079
17010,99,Gyroscope,0.029046647000000002,0.054128774000000004,0.8924314,1550002933089
17011,99,Accelerometer,0.16759412,1.99437,9.591172,1550002933090
17012,99,Gyroscope,0.11090259,0.06390262,0.90464866,1550002933099
17013,99,Accelerometer,0.36272156,2.2385786,9.736021000000001,1550002933100
17014,99,Gyroscope,0.09807442,0.07550906,0.9351919,1550002933109
17015,99,Accelerometer,0.090979666,1.447295,8.852561,1550002933109
17016,99,Gyroscope,0.06692029,0.09627848,0.9266398000000001,1550002933119
17017,99,Accelerometer,-0.03232172,2.4492682999999995,10.093954,1550002933120
17018,99,Gyroscope,0.07913759,0.079785116,0.97123295,1550002933130
17019,99,Accelerometer,1.1444284,1.1097125,10.049662,1550002933130
17020,99,Gyroscope,0.08402452,0.04985272,0.9639025999999999,1550002933139
17021,99,Accelerometer,0.12808979,1.5119383,10.048465,1550002933140
17022,99,Gyroscope,0.055924714,0.07001127,0.9119790000000001,1550002933149
17023,99,Accelerometer,1.0151415000000001,0.92535895,9.519346,1550002933150
17024,99,Gyroscope,0.039431356,0.07550906,0.92114204,1550002933159
17025,99,Accelerometer,0.21188685,0.89064306,9.782708,1550002933160
17026,99,Gyroscope,0.044929143,0.071233004,0.9040378000000001,1550002933169
17027,99,Accelerometer,0.17238252,1.0833763,10.436325,1550002933170
17028,99,Gyroscope,0.055313855,0.07673079,0.8899879,1550002933179
17029,99,Accelerometer,0.81283146,0.93014735,9.957485,1550002933180
17030,99,Gyroscope,0.041263953,0.06634608,0.9070921000000001,1550002933189
17031,99,Accelerometer,0.27892449999999996,1.4999673,9.698911,1550002933190
17032,99,Gyroscope,0.05042693,0.08833723,0.8796031999999999,1550002933199
17033,99,Accelerometer,0.79008657,1.0474633,9.445126,1550002933200
17034,99,Gyroscope,0.08402452,0.07734165,0.90464866,1550002933209
17035,99,Accelerometer,0.035913024,0.8511386999999999,9.902417999999999,1550002933210
17036,99,Gyroscope,0.08463538400000001,0.06390262,0.8777706000000001,1550002933219
17037,99,Accelerometer,0.45848963,0.5650316,9.562441999999999,1550002933220
17038,99,Gyroscope,0.07608327,0.08833723,0.86860764,1550002933229
17039,99,Accelerometer,0.48841715,0.59495914,8.978256,1550002933229
17040,99,Gyroscope,0.0632551,0.09750021,0.87838143,1550002933240
17041,99,Accelerometer,-0.24660277,0.62129533,9.520543,1550002933240
17042,99,Gyroscope,0.06997461599999999,0.104830585,0.8191275,1550002933249
17043,99,Accelerometer,0.6655880999999999,0.80205756,9.738416,1550002933250
17044,99,Gyroscope,0.07730500400000001,0.12437827,0.83134484,1550002933259
17045,99,Accelerometer,-0.027533319,1.2162545,9.312247,1550002933260
17046,99,Gyroscope,0.036377028,0.12071309,0.8405078000000001,1550002933269
17047,99,Accelerometer,-0.62967503,1.1779473,9.824607,1550002933270
17048,99,Gyroscope,0.055313855,0.11093924,0.8093537,1550002933279
17049,99,Accelerometer,0.22744916,1.5682021000000002,9.829395,1550002933280
17050,99,Gyroscope,0.06081164,0.09811107,0.86249894,1550002933289
17051,99,Accelerometer,-0.6667852,1.8770541,10.268730999999999,1550002933290
17052,99,Gyroscope,0.06081164,0.10238712,0.8551686,1550002933299
17053,99,Accelerometer,-0.06464344,1.7070657999999999,10.02572,1550002933300
17054,99,Gyroscope,0.12250903,0.10727405,0.8728836999999999,1550002933309
17055,99,Accelerometer,0.0035913025,1.8447324,9.077616,1550002933310
17056,99,Gyroscope,0.08341365,0.16347367,0.9058704,1550002933320
17057,99,Accelerometer,-0.28491,2.7126305,10.569203,1550002933320
17058,99,Gyroscope,-0.014935651999999999,0.1677497,0.8881553,1550002933329
17059,99,Accelerometer,-0.090979666,0.2621651,10.117896,1550002933329
17060,99,Gyroscope,0.020494534,0.057793967,0.8918205,1550002933340
17061,99,Accelerometer,1.8507179,-0.50278234,9.923966,1550002933340
17062,99,Gyroscope,0.14572191,0.026028972,0.7812539000000001,1550002933349
17063,99,Accelerometer,-0.5530606,-0.035913024,8.89805,1550002933350
17064,99,Gyroscope,0.033322702999999995,0.055350505,0.81118625,1550002933359
17065,99,Accelerometer,0.89902276,-0.20829555,9.563639,1550002933360
17066,99,Gyroscope,0.043096546,0.06207002,0.7867516999999999,1550002933369
17067,99,Accelerometer,2.0973208,-0.06823475,10.720038,1550002933370
17068,99,Gyroscope,0.08219192,0.008313879,0.66885465,1550002933379
17069,99,Accelerometer,1.22224,0.21667525,10.084377,1550002933380
17070,99,Gyroscope,0.021716263,0.0028160921999999997,0.6792394,1550002933389
17071,99,Accelerometer,2.7545290000000002,0.60094464,9.433155000000001,1550002933390
17072,99,Gyroscope,0.019883668,0.018698592,0.6468635,1550002933399
17073,99,Accelerometer,1.8650831,0.92057055,9.927557,1550002933400
17074,99,Gyroscope,0.025992319,-0.00084909797,0.61448765,1550002933409
17075,99,Accelerometer,1.2629413999999999,0.712275,9.76954,1550002933410
17076,99,Gyroscope,0.03882049,-0.010012077,0.61876374,1550002933419
17077,99,Accelerometer,0.8726865,0.9828198,9.502586,1550002933420
17078,99,Gyroscope,0.047372602,0.010757342,0.6193746,1550002933429
17079,99,Accelerometer,-0.06464344,0.30526072,8.914810000000001,1550002933430
17080,99,Gyroscope,0.02477059,0.04985272,0.6065464,1550002933439
17081,99,Accelerometer,-0.38426940000000004,1.0690111,9.575610000000001,1550002933440
17082,99,Gyroscope,0.02721405,0.058404832999999996,0.6047138000000001,1550002933449
17083,99,Accelerometer,-0.008379705999999999,1.1097125,9.489417999999999,1550002933450
17084,99,Gyroscope,0.036987893,0.07245473,0.56745106,1550002933459
17085,99,Accelerometer,-0.15083471,0.7517793,9.550469999999999,1550002933460
17086,99,Gyroscope,0.035155296,0.08222858,0.5588989000000001,1550002933469
17087,99,Accelerometer,0.5566519,0.89662856,9.303867,1550002933470
17088,99,Gyroscope,0.048594332999999997,0.10421973,0.5472925000000001,1550002933479
17089,99,Accelerometer,0.61291564,0.9720459000000001,9.436746000000001,1550002933480
17090,99,Gyroscope,0.024159724,0.11399356,0.5277448,1550002933489
17091,99,Accelerometer,1.1240777,0.45010993,9.701305,1550002933489
17092,99,Gyroscope,0.017440207,0.0993328,0.52346873,1550002933500
17093,99,Accelerometer,1.6448165000000001,0.47046062,10.341754,1550002933500
17094,99,Gyroscope,0.022327128999999998,0.093224145,0.5216360999999999,1550002933509
17095,99,Accelerometer,2.1883004,0.25019407,10.060435,1550002933510
17096,99,Gyroscope,0.008277228000000001,0.07611992,0.51002973,1550002933519
17097,99,Accelerometer,2.2254104999999997,1.1504139,9.895236,1550002933519
17098,99,Gyroscope,-0.006994404,0.074287325,0.4929255,1550002933529
17099,99,Accelerometer,2.3139958,0.12808979,10.03769,1550002933530
17100,99,Gyroscope,0.006444632,0.040689737000000004,0.48315164,1550002933539
17101,99,Accelerometer,2.2625206,0.40581718,10.02572,1550002933540
17102,99,Gyroscope,0.025992319,0.02114205,0.44405627,1550002933549
17103,99,Accelerometer,2.1212628,0.7026982,10.371682,1550002933550
17104,99,Gyroscope,0.043096546,-0.004514288,0.43183896,1550002933559
17105,99,Accelerometer,2.2062569,0.49919105,9.928755,1550002933560
17106,99,Gyroscope,0.044929143,0.0009834989999999999,0.41534560000000004,1550002933570
17107,99,Accelerometer,1.4341268999999999,1.2425906999999998,9.631872999999999,1550002933570
17108,99,Gyroscope,0.03759876,0.008313879,0.4293955,1550002933579
17109,99,Accelerometer,1.3754688999999998,0.78529817,9.628283,1550002933580
17110,99,Gyroscope,0.039431356,0.011368208000000001,0.4379476,1550002933589
17111,99,Accelerometer,1.0414777,0.997185,9.781511,1550002933589
17112,99,Gyroscope,0.055313855,0.014422532,0.45016490000000003,1550002933600
17113,99,Accelerometer,1.2677298000000001,0.8319851,9.742006,1550002933600
17114,99,Gyroscope,0.044318277,0.014422532,0.47643209999999997,1550002933609
17115,99,Accelerometer,1.3850456,0.2873042,9.834184,1550002933610
17116,99,Gyroscope,0.049816065,0.005259555,0.4837625,1550002933619
17117,99,Accelerometer,1.8830396,0.5327099000000001,9.838972,1550002933620
17118,99,Gyroscope,0.036377028,0.00037263334000000003,0.46971262,1550002933629
17119,99,Accelerometer,2.1619642000000003,1.1025299,9.485827,1550002933630
17120,99,Gyroscope,0.011942419,0.008313879,0.4312281,1550002933639
17121,99,Accelerometer,1.8507179,1.3156139,9.374496,1550002933640
17122,99,Gyroscope,0.025381455,-0.0020708293,0.38419148,1550002933649
17123,99,Accelerometer,1.6472107,0.7338228,9.716867,1550002933650
17124,99,Gyroscope,0.05042693,-0.013066402,0.33043534,1550002933659
17125,99,Accelerometer,1.6531962,0.7410054,9.7803135,1550002933660
17126,99,Gyroscope,0.021716263,-0.0014599635999999999,0.30416813,1550002933670
17127,99,Accelerometer,1.4676456,0.30047232,9.309854,1550002933670
17128,99,Gyroscope,0.008888093,0.013811666499999998,0.2852313,1550002933679
17129,99,Accelerometer,0.90979666,1.1145009,9.696517,1550002933680
17130,99,Gyroscope,-0.0039400775,0.033970222,0.27912265,1550002933689
17131,99,Accelerometer,0.80564886,0.8475474000000001,9.551667,1550002933689
17132,99,Gyroscope,-0.014324786,0.042522334,0.29805946,1550002933700
17133,99,Accelerometer,0.5422866999999999,0.9888053,9.848549,1550002933700
17134,99,Gyroscope,0.011942419,0.052296177,0.30294640000000006,1550002933709
17135,99,Accelerometer,0.92535895,0.7038953,9.800664999999999,1550002933710
17136,99,Gyroscope,0.04615087,0.053517907999999996,0.31638542,1550002933719
17137,99,Accelerometer,0.91338795,0.8690952,9.516952,1550002933719
17138,99,Gyroscope,0.02477059,0.057793967,0.31455284,1550002933729
17139,99,Accelerometer,1.2617443000000002,1.2413936,9.495403999999999,1550002933730
17140,99,Gyroscope,0.021105397,0.058404832999999996,0.31272024,1550002933739
17141,99,Accelerometer,1.1444284,1.30484,9.92636,1550002933740
17142,99,Gyroscope,0.0094989585,0.06329175,0.28950736,1550002933749
17143,99,Accelerometer,0.80924016,0.8607155000000001,10.177752,1550002933750
17144,99,Gyroscope,-0.01004873,0.06390262,0.2607967,1550002933759
17145,99,Accelerometer,0.90021986,0.9959879,10.46745,1550002933760
17146,99,Gyroscope,0.014385881000000001,0.046187527,0.24308161,1550002933769
17147,99,Accelerometer,0.9552864999999999,0.49679685,9.950302,1550002933770
17148,99,Gyroscope,0.021105397,0.04435493,0.21131662,1550002933779
17149,99,Accelerometer,1.0498575,1.1013328000000002,9.7479925,1550002933780
17150,99,Gyroscope,-0.010659594,0.06390262,0.19726673,1550002933789
17151,99,Accelerometer,0.9923966000000001,0.59735334,9.378088,1550002933790
17152,99,Gyroscope,0.0113315545,0.0431332,0.18932547,1550002933800
17153,99,Accelerometer,0.89902276,1.1216834999999998,9.600749,1550002933800
17154,99,Gyroscope,0.0094989585,0.052296177,0.1746647,1550002933809
17155,99,Accelerometer,1.4808137,0.8678981,8.684967,1550002933810
17156,99,Gyroscope,-0.0027183462,0.07367646,0.16672346,1550002933819
17157,99,Accelerometer,0.46567222,1.2785037000000001,10.316614999999999,1550002933819
17158,99,Gyroscope,-0.005161807,0.09627848,0.17344297,1550002933830
17159,99,Accelerometer,1.2270284,0.31483752,10.383653,1550002933830
17160,99,Gyroscope,-0.037537664,0.061459154,0.17710817,1550002933839
17161,99,Accelerometer,0.89423436,0.9995792,10.790668,1550002933840
17162,99,Gyroscope,0.0058337674,0.018698592,0.17527558,1550002933849
17163,99,Accelerometer,2.098518,0.8643068000000002,9.381680000000001,1550002933849
17164,99,Gyroscope,0.029046647000000002,0.020531185,0.20398624,1550002933859
17165,99,Accelerometer,1.4808137,1.5442601,8.402451,1550002933860
17166,99,Gyroscope,-0.033261612,0.07245473,0.21131662,1550002933869
17167,99,Accelerometer,0.8678981,1.5298948,9.797073,1550002933870
17168,99,Gyroscope,0.022327128999999998,0.022363782000000002,0.26751620000000004,1550002933879
17169,99,Accelerometer,1.5873556999999998,1.4460978999999998,10.204087,1550002933879
17170,99,Gyroscope,0.09502009,0.0028160921999999997,0.295616,1550002933889
17171,99,Accelerometer,1.7214310000000002,2.4025814999999997,9.807847,1550002933890
17172,99,Gyroscope,0.047983468,-0.0020708293,0.32860273,1550002933899
17173,99,Accelerometer,2.1619642000000003,2.0075380000000003,9.072827,1550002933900
17174,99,Gyroscope,0.06203337,0.019309454,0.3328788,1550002933909
17175,99,Accelerometer,1.8531121,2.2589292999999997,9.803059,1550002933910
17176,99,Gyroscope,0.047372602,0.022974647999999997,0.34570697,1550002933919
17177,99,Accelerometer,1.0187328000000002,1.1623849,9.868899,1550002933919
17178,99,Gyroscope,0.0015577096,0.022974647999999997,0.31455284,1550002933929
17179,99,Accelerometer,0.33877954,1.1707646999999999,10.420763,1550002933930
17180,99,Gyroscope,0.01316415,0.0028160921999999997,0.33226794,1550002933939
17181,99,Accelerometer,0.78649527,1.1384428999999998,10.491392,1550002933940
17182,99,Gyroscope,0.03882049,0.0040378235,0.304779,1550002933949
17183,99,Accelerometer,0.58418524,0.93254155,9.2547865,1550002933950
17184,99,Gyroscope,0.004612036,0.029694162000000003,0.29256168,1550002933959
17185,99,Accelerometer,0.34237084,1.3192052,8.747216,1550002933959
17186,99,Gyroscope,0.0076663624,0.049241855999999994,0.3133311,1550002933970
17187,99,Accelerometer,0.79248077,1.0031705,9.3733,1550002933970
17188,99,Gyroscope,0.029657512999999996,0.034581087999999996,0.30783330000000003,1550002933979
17189,99,Accelerometer,0.50876784,1.0965444,10.047267,1550002933980
17190,99,Gyroscope,0.041263953,0.03702455,0.30355725,1550002933989
17191,99,Accelerometer,1.0450690999999999,0.830788,10.05445,1550002933989
17192,99,Gyroscope,0.0076663624,0.034581087999999996,0.29072908,1550002934000
17193,99,Accelerometer,0.81642276,1.174356,10.259153999999999,1550002934000
17194,99,Gyroscope,0.025992319,0.03152676,0.27362487,1550002934009
17195,99,Accelerometer,0.6440403,1.1959038,10.03769,1550002934010
17196,99,Gyroscope,0.029046647000000002,0.024807245,0.26446187,1550002934019
17197,99,Accelerometer,0.7685388000000001,1.3180081,9.96347,1550002934019
17198,99,Gyroscope,0.024159724,0.015033398,0.22109047,1550002934029
17199,99,Accelerometer,0.48362875,1.009156,9.968259,1550002934030
17200,99,Gyroscope,0.05164866,-0.00084909797,0.2064297,1550002934039
17201,99,Accelerometer,0.81761986,1.0235212,9.509769,1550002934040
17202,99,Gyroscope,0.036987893,0.015033398,0.18504941,1550002934049
17203,99,Accelerometer,0.22505496,1.1085154,9.698911,1550002934049
17204,99,Gyroscope,0.026603185,0.01625513,0.18443856,1550002934060
17205,99,Accelerometer,0.50158525,0.7398083000000001,9.657013000000001,1550002934060
17206,99,Gyroscope,0.040653087000000004,0.01747686,0.19543412,1550002934069
17207,99,Accelerometer,-0.04189853,0.7541734999999999,9.531317,1550002934070
17208,99,Gyroscope,0.0021685753,0.028472435,0.17955163,1550002934079
17209,99,Accelerometer,0.10055647,0.59376204,10.011353999999999,1550002934079
17210,99,Gyroscope,0.014385881000000001,0.023585513,0.17038865,1550002934089
17211,99,Accelerometer,0.22984336,0.712275,9.846153999999999,1550002934090
17212,99,Gyroscope,0.010720688999999999,0.016865995,0.1606148,1550002934099
17213,99,Accelerometer,0.010773907,0.94930094,10.095152,1550002934100
17214,99,Gyroscope,-0.00027488545,0.008924745,0.13495846,1550002934109
17215,99,Accelerometer,0.37948096,0.8391677,9.962274,1550002934109
17216,99,Gyroscope,0.0027794409999999997,0.015033398,0.121519424,1550002934119
17217,99,Accelerometer,0.28371290000000005,0.81283146,9.829395,1550002934120
17218,99,Gyroscope,-0.010659594,0.016865995,0.12335201,1550002934129
17219,99,Accelerometer,-0.12928689,0.44891283,9.840169,1550002934130
17220,99,Gyroscope,-0.0063835381999999994,0.011979073,0.106858656,1550002934139
17221,99,Accelerometer,0.12689269,0.6488286999999999,10.339360000000001,1550002934140
17222,99,Gyroscope,0.0021685753,0.0034269579,0.11357818,1550002934149
17223,99,Accelerometer,0.45010993,0.5542577,10.056845,1550002934150
17224,99,Gyroscope,0.00033598019999999995,-0.0020708293,0.12029769,1550002934159
17225,99,Accelerometer,0.26336220000000005,0.9864110999999999,9.821015,1550002934160
17226,99,Gyroscope,-0.01127046,0.006481286,0.11846509599999999,1550002934169
17227,99,Accelerometer,0.5805939,0.92057055,9.739613,1550002934169
17228,99,Gyroscope,0.0058337674,0.004648689,0.13129328,1550002934179
17229,99,Accelerometer,0.4405331,0.82719666,9.518148,1550002934180
17230,99,Gyroscope,0.008888093,0.014422532,0.117243364,1550002934189
17231,99,Accelerometer,0.58657944,0.8834603999999999,9.229648,1550002934190
17232,99,Gyroscope,-0.0076052677,0.030305027999999998,0.10197174,1550002934199
17233,99,Accelerometer,0.6907272,0.9504981,9.428367,1550002934200
17234,99,Gyroscope,0.0058337674,0.020531185,0.086700104,1550002934209
17235,99,Accelerometer,0.22984336,0.93613285,9.919178,1550002934210
17236,99,Gyroscope,0.0052229017,0.029083297,0.06409809,1550002934219
17237,99,Accelerometer,0.077811554,0.80325466,9.634267999999999,1550002934220
17238,99,Gyroscope,-0.02898555,0.030915894,0.06287636,1550002934229
17239,99,Accelerometer,-0.05267244,0.82001406,10.067618,1550002934230
17240,99,Gyroscope,-0.005161807,0.023585513,0.048215594,1550002934239
17241,99,Accelerometer,0.23942018,0.8319851,9.94312,1550002934240
17242,99,Gyroscope,0.017440207,0.011979073,0.05554598,1550002934249
17243,99,Accelerometer,0.80445176,0.9935937,9.601946,1550002934250
17244,99,Gyroscope,-0.00027488545,0.021752916,0.05371338,1550002934259
17245,99,Accelerometer,1.0319009,1.6364368,9.888053,1550002934260
17246,99,Gyroscope,-0.010659594,0.015033398,0.068985015,1550002934269
17247,99,Accelerometer,1.376666,1.602918,9.993398,1550002934270
17248,99,Gyroscope,-0.0033292117999999997,0.0034269579,0.09769568,1550002934279
17249,99,Accelerometer,1.541866,1.7190368000000003,9.579201,1550002934279
17250,99,Gyroscope,0.022327128999999998,-0.00817948,0.12579548,1550002934290
17251,99,Accelerometer,1.6005238000000002,2.516306,9.587581,1550002934290
17252,99,Gyroscope,0.024159724,-0.010012077,0.17405385,1550002934299
17253,99,Accelerometer,1.412579,2.219425,9.063251,1550002934300
17254,99,Gyroscope,0.010720688999999999,0.033970222,0.20215364,1550002934309
17255,99,Accelerometer,0.58777654,2.8909986,10.364499,1550002934309
17256,99,Gyroscope,-0.006994404,0.046798393,0.23819469,1550002934320
17257,99,Accelerometer,0.6332663000000001,1.8770541,11.474212,1550002934320
17258,99,Gyroscope,-0.052809298,-0.021618515,0.2522446,1550002934329
17259,99,Accelerometer,0.8331822,1.7609352999999999,11.171345,1550002934330
17260,99,Gyroscope,0.061422504,-0.10164186,0.26568362,1550002934339
17261,99,Accelerometer,2.1176715,2.1775265,9.465475999999999,1550002934339
17262,99,Gyroscope,0.07669414,-0.07842898,0.29378343,1550002934350
17263,99,Accelerometer,1.8411411,1.7609352999999999,7.6853875999999985,1550002934350
17264,99,Gyroscope,-0.01127046,-0.006346885,0.295616,1550002934359
17265,99,Accelerometer,1.2665327,1.5358804,9.196128999999999,1550002934360
17266,99,Gyroscope,0.060200773,-0.024672844,0.3206615,1550002934369
17267,99,Accelerometer,2.5234885,0.81163436,10.694899000000001,1550002934369
17268,99,Gyroscope,0.09440923,-0.061324757,0.29439428,1550002934379
17269,99,Accelerometer,2.4372973,0.37349546,9.7240505,1550002934380
17270,99,Gyroscope,0.07486154,-0.059492163,0.2522446,1550002934390
17271,99,Accelerometer,2.1068976000000004,0.46567222,9.235633,1550002934390
17272,99,Gyroscope,0.058979042,-0.057048699999999994,0.23758383,1550002934399
17273,99,Accelerometer,1.5215151000000002,0.30765492,8.767567,1550002934400
17274,99,Gyroscope,0.05470299,-0.025283707000000002,0.21253835,1550002934409
17275,99,Accelerometer,0.79248077,1.0833763,9.459491,1550002934409
17276,99,Gyroscope,0.014385881000000001,-0.00817948,0.20398624,1550002934420
17277,99,Accelerometer,0.9780314,0.6775591,9.520543,1550002934420
17278,99,Gyroscope,0.0040011713,-0.0032925587,0.21192749,1550002934429
17279,99,Accelerometer,0.61291564,1.5765818,10.354922,1550002934430
17280,99,Gyroscope,0.051037795999999996,0.007092151999999999,0.24919026,1550002934439
17281,99,Accelerometer,1.2473791,1.3156139,8.945934,1550002934439
17282,99,Gyroscope,0.028435782000000003,0.052907042,0.27484658,1550002934450
17283,99,Accelerometer,0.8810662,2.0135236,9.284714,1550002934450
17284,99,Gyroscope,0.011942419,0.073065594,0.29072908,1550002934459
17285,99,Accelerometer,1.5610195,1.3934253,9.883265,1550002934460
17286,99,Gyroscope,0.068752885,0.051074445,0.2797335,1550002934469
17287,99,Accelerometer,2.1619642000000003,1.6543933000000002,10.1861315,1550002934469
17288,99,Gyroscope,0.012553285,0.033359356,0.2552989,1550002934479
17289,99,Accelerometer,2.5354595,1.0654198000000001,8.854955,1550002934480
17290,99,Gyroscope,-0.006994404,0.03885714,0.21864699999999998,1550002934490
17291,99,Accelerometer,2.0626047,1.0426749,9.860519,1550002934490
17292,99,Gyroscope,0.031490106000000004,0.022974647999999997,0.20032105,1550002934499
17293,99,Accelerometer,2.4157495,0.50038815,9.496601,1550002934499
17294,99,Gyroscope,0.04370741,0.020531185,0.196045,1550002934509
17295,99,Accelerometer,2.4516625,0.82480246,9.435549,1550002934510
17296,99,Gyroscope,0.010720688999999999,0.040689737000000004,0.20948403,1550002934519
17297,99,Accelerometer,2.1140802000000005,0.6464345,10.286688,1550002934519
17298,99,Gyroscope,0.016829342,0.032137625,0.19726673,1550002934530
17299,99,Accelerometer,1.8243817,0.760159,10.423157000000002,1550002934530
17300,99,Gyroscope,-0.0021074805,0.02114205,0.18810374,1550002934539
17301,99,Accelerometer,1.2006921999999998,0.9816226999999998,10.286688,1550002934540
17302,99,Gyroscope,-0.0027183462,0.010757342,0.17771903,1550002934549
17303,99,Accelerometer,1.0366893,0.81881696,9.727641,1550002934549
17304,99,Gyroscope,0.0009468458599999999,0.02114205,0.15878221,1550002934560
17305,99,Accelerometer,0.90381116,1.5119383,9.653421,1550002934560
17306,99,Gyroscope,-0.014324786,0.03702455,0.17527558,1550002934569
17307,99,Accelerometer,0.48722005,1.0761937,9.352949,1550002934570
17308,99,Gyroscope,0.008277228000000001,0.042522334,0.15939307,1550002934579
17309,99,Accelerometer,0.17357962,1.3239936,9.575610000000001,1550002934579
17310,99,Gyroscope,0.0076663624,0.04863099,0.15084097,1550002934589
17311,99,Accelerometer,0.22984336,0.7314286,9.744401,1550002934590
17312,99,Gyroscope,0.004612036,0.048020124000000004,0.14900836,1550002934599
17313,99,Accelerometer,0.32561144,0.6392518,9.740809,1550002934600
17314,99,Gyroscope,0.0009468458599999999,0.051074445,0.11907596,1550002934609
17315,99,Accelerometer,0.93613285,0.90859956,9.662998,1550002934610
17316,99,Gyroscope,-0.0045509413,0.053517907999999996,0.11602163,1550002934619
17317,99,Accelerometer,1.1755531000000001,0.79128367,9.325416,1550002934619
17318,99,Gyroscope,-0.012492188999999999,0.05168531,0.11602163,1550002934629
17319,99,Accelerometer,1.2617443000000002,0.91458505,9.600749,1550002934630
17320,99,Gyroscope,0.019883668,0.054128774000000004,0.10319347,1550002934639
17321,99,Accelerometer,1.7166426,0.770933,9.680955,1550002934640
17322,99,Gyroscope,0.019883668,0.055350505,0.11479991,1550002934649
17323,99,Accelerometer,1.6304513,1.1480197,9.246407000000001,1550002934649
17324,99,Gyroscope,-0.030207282000000002,0.051074445,0.1166325,1550002934659
17325,99,Accelerometer,1.6627731,1.5705963,9.396044999999999,1550002934660
17326,99,Gyroscope,-0.02898555,0.041300602,0.10013914,1550002934669
17327,99,Accelerometer,2.2697031,1.6651672999999998,9.980229,1550002934670
17328,99,Gyroscope,-0.028374685,0.033970222,0.11052385,1550002934679
17329,99,Accelerometer,1.9177556,2.0949266,10.081984,1550002934679
17330,99,Gyroscope,-0.06685919,0.026028972,0.12396289,1550002934689
17331,99,Accelerometer,1.8854338,1.8866308999999997,10.093954,1550002934690
17332,99,Gyroscope,-0.03509419999999999,0.012589939,0.11846509599999999,1550002934699
17333,99,Accelerometer,1.5933412,2.019509,10.266336,1550002934700
17334,99,Gyroscope,-0.010659594,-0.00084909797,0.109912984,1550002934709
17335,99,Accelerometer,1.6352396999999999,1.9069817,10.261548,1550002934710
17336,99,Gyroscope,-0.011881325,-0.01734246,0.13495846,1550002934719
17337,99,Accelerometer,1.0821792,2.0410569,10.590752,1550002934720
17338,99,Gyroscope,-0.01127046,-0.04605312599999999,0.14167799,1550002934729
17339,99,Accelerometer,1.2773066000000002,0.6739678000000001,9.551667,1550002934729
17340,99,Gyroscope,0.01560761,-0.006957751,0.13740192,1550002934740
17341,99,Accelerometer,0.29448682,1.2126632,9.562441999999999,1550002934740
17342,99,Gyroscope,0.03759876,0.01992032,0.13740192,1550002934749
17343,99,Accelerometer,1.3443443000000002,0.9588778,9.825804,1550002934750
17344,99,Gyroscope,0.049816065,0.0009834989999999999,0.14106712,1550002934759
17345,99,Accelerometer,-0.56982,0.8415619000000001,9.570822,1550002934760
17346,99,Gyroscope,-0.031429015,0.052296177,0.12701721,1550002934769
17347,99,Accelerometer,-0.56982,0.46567222,11.382035,1550002934769
17348,99,Gyroscope,-0.052809298,-0.014898999,0.18627115,1550002934779
17349,99,Accelerometer,1.3251906999999998,-0.6404489000000001,11.544841,1550002934780
17350,99,Gyroscope,0.15671748,-0.08942456,0.13495846,1550002934789
17351,99,Accelerometer,1.8052281000000003,1.1875241,9.216479,1550002934790
17352,99,Gyroscope,0.07119635,-0.04422053,0.15511702,1550002934799
17353,99,Accelerometer,1.9967641999999999,2.2661119,7.445967,1550002934800
17354,99,Gyroscope,-0.033261612,0.018087726000000002,0.18566029,1550002934809
17355,99,Accelerometer,1.1025299,0.5602431999999999,9.447519999999999,1550002934810
17356,99,Gyroscope,0.05653558,0.0015943646,0.13618019,1550002934819
17357,99,Accelerometer,1.4484920000000001,0.9588778,10.832564999999999,1550002934819
17358,99,Gyroscope,0.1072374,-0.022840247,0.18504941,1550002934830
17359,99,Accelerometer,2.5342624,1.2138603000000001,9.26556,1550002934830
17360,99,Gyroscope,-0.021044305,-0.013677267,0.1483975,1550002934839
17361,99,Accelerometer,0.5746084,0.82001406,9.628283,1550002934840
17362,99,Gyroscope,-0.06136141,-0.011233807,0.15572788,1550002934849
17363,99,Accelerometer,1.1168951,0.11851298,9.993398,1550002934849
17364,99,Gyroscope,0.021105397,0.0015943646,0.10624779,1550002934859
17365,99,Accelerometer,0.9504981,0.91338795,9.680955,1550002934860
17366,99,Gyroscope,-0.04975497,0.015033398,0.10197174,1550002934869
17367,99,Accelerometer,0.5291186,0.5793968,9.083601,1550002934870
17368,99,Gyroscope,-0.08762861,0.041300602,0.04760473,1550002934879
17369,99,Accelerometer,-0.260968,1.4041992,9.697714,1550002934879
17370,99,Gyroscope,-0.038759395,0.03702455,0.06715242,1550002934889
17371,99,Accelerometer,0.020350715,1.0283096,9.96347,1550002934890
17372,99,Gyroscope,-0.015546517,0.033970222,0.06776328400000001,1550002934899
17373,99,Accelerometer,0.017956512,0.9624690999999999,10.085575,1550002934900
17374,99,Gyroscope,0.004612036,0.035191953,0.056767705999999994,1550002934909
17375,99,Accelerometer,-0.06344634,1.520318,10.243592,1550002934910
17376,99,Gyroscope,0.004612036,0.029083297,0.11479991,1550002934919
17377,99,Accelerometer,0.82599956,1.2689268999999999,10.265139999999999,1550002934920
17378,99,Gyroscope,-0.01004873,0.008924745,0.08975443,1550002934929
17379,99,Accelerometer,0.077811554,1.6220716,9.921572,1550002934929
17380,99,Gyroscope,0.0113315545,-0.012455538,0.09830654400000001,1550002934940
17381,99,Accelerometer,1.1444284,1.1683705,10.067618,1550002934940
17382,99,Gyroscope,0.022937994,-0.028338033999999998,0.10869125,1550002934950
17383,99,Accelerometer,1.6280571000000001,1.1803415000000002,9.846153999999999,1550002934950
17384,99,Gyroscope,0.036377028,-0.03139236,0.10808039,1550002934959
17385,99,Accelerometer,1.2174516000000002,1.1540052,9.455899,1550002934960
17386,99,Gyroscope,0.0094989585,-0.022840247,0.105636925,1550002934969
17387,99,Accelerometer,1.328782,0.9552864999999999,9.49301,1550002934969
17388,99,Gyroscope,0.022327128999999998,-0.033224955,0.10746952,1550002934979
17389,99,Accelerometer,1.1085154,0.8595184000000001,10.109517,1550002934979
17390,99,Gyroscope,0.01316415,-0.042387932999999996,0.09830654400000001,1550002934990
17391,99,Accelerometer,1.2054806,0.7218518,9.976639,1550002934990
17392,99,Gyroscope,0.010720688999999999,-0.042387932999999996,0.0885327,1550002934999
17393,99,Accelerometer,1.282095,1.1803415000000002,9.678560000000001,1550002935000
17394,99,Gyroscope,0.019883668,-0.042387932999999996,0.08975443,1550002935009
17395,99,Accelerometer,0.7517793,1.2186487,9.356541,1550002935010
17396,99,Gyroscope,-0.014935651999999999,-0.01856419,0.09341962,1550002935019
17397,99,Accelerometer,0.45250413,1.5693992,9.751583,1550002935019
17398,99,Gyroscope,0.0033903066,-0.013677267,0.106858656,1550002935030
17399,99,Accelerometer,0.11492168,0.94211835,9.466674000000001,1550002935030
17400,99,Gyroscope,0.0094989585,-0.016120728,0.11479991,1550002935040
17401,99,Accelerometer,-0.23942018,1.34195,10.032902,1550002935040
17402,99,Gyroscope,-0.01004873,0.012589939,0.11418904,1550002935049
17403,99,Accelerometer,-0.18435353,0.7266402,9.503783,1550002935050
17404,99,Gyroscope,-0.010659594,0.04557666,0.11296731,1550002935059
17405,99,Accelerometer,-0.2896984,1.0989386,9.427169000000001,1550002935059
17406,99,Gyroscope,-0.0063835381999999994,0.052296177,0.090976164,1550002935069
17407,99,Accelerometer,0.09935937,1.1863270000000001,9.758766,1550002935070
17408,99,Gyroscope,0.006444632,0.046187527,0.0885327,1550002935080
17409,99,Accelerometer,0.10654198,0.93972415,9.49301,1550002935080
17410,99,Gyroscope,-0.02898555,0.05473964,0.075093664,1550002935089
17411,99,Accelerometer,0.6404489000000001,1.2773066000000002,10.402806,1550002935090
17412,99,Gyroscope,-0.0014966168,0.03152676,0.08608924,1550002935099
17413,99,Accelerometer,0.22744916,0.7685388000000001,10.19092,1550002935100
17414,99,Gyroscope,0.02354886,0.010146476,0.05737857,1550002935109
17415,99,Accelerometer,0.37110126,1.1959038,10.364499,1550002935109
17416,99,Gyroscope,-0.01004873,0.0034269579,0.061654627000000004,1550002935120
17417,99,Accelerometer,0.49559975,0.94690675,10.375273,1550002935120
17418,99,Gyroscope,-0.01004873,-0.0026816929999999998,0.04393954,1550002935129
17419,99,Accelerometer,0.6536171,0.93254155,9.744401,1550002935130
17420,99,Gyroscope,-0.01004873,0.0034269579,0.042717807000000003,1550002935139
17421,99,Accelerometer,0.41778820000000005,0.78888947,10.059238,1550002935140
17422,99,Gyroscope,0.008277228000000001,-0.016120728,0.031111367,1550002935149
17423,99,Accelerometer,0.37469256,0.88944596,9.672575,1550002935150
17424,99,Gyroscope,0.04004222,-0.014288133,0.0323331,1550002935159
17425,99,Accelerometer,0.260968,0.7673416999999999,9.221267999999998,1550002935159
17426,99,Gyroscope,0.06447683,0.029083297,0.03416569,1550002935170
17427,99,Accelerometer,0.045489833,0.38067806,9.734824,1550002935170
17428,99,Gyroscope,-0.034483336,0.057793967,0.02927877,1550002935179
17429,99,Accelerometer,0.19273324,0.6703765,11.394006,1550002935180
17430,99,Gyroscope,-0.08151996,0.08222858,0.02317012,1550002935189
17431,99,Accelerometer,0.051475335,0.93014735,10.415975,1550002935190
17432,99,Gyroscope,0.0070554977,0.009535611,-0.0043188166,1550002935199
17433,99,Accelerometer,0.19393034,2.7222072999999996,9.174581,1550002935199
17434,99,Gyroscope,-0.07174612,0.051074445,0.06287636,1550002935210
17435,99,Accelerometer,1.1013328000000002,1.9033904,8.920795,1550002935210
17436,99,Gyroscope,-0.052198432,0.043744065,0.10441519,1550002935220
17437,99,Accelerometer,1.7118542,2.1643584,10.418368,1550002935220
17438,99,Gyroscope,0.09807442,-0.004514288,0.14412144,1550002935229
17439,99,Accelerometer,2.8754362999999996,1.7741034,10.013748,1550002935230
17440,99,Gyroscope,0.035766162000000004,-0.00817948,0.19115807,1550002935239
17441,99,Accelerometer,2.8083985,1.4987701999999998,9.514558000000001,1550002935239
17442,99,Gyroscope,0.0033903066,-0.00084909797,0.1746647,1550002935249
17443,99,Accelerometer,2.0530279,1.352724,10.168175,1550002935250
17444,99,Gyroscope,0.065698564,-0.013066402,0.1502301,1550002935260
17445,99,Accelerometer,0.7158663000000001,0.8331822,10.7116585,1550002935260
17446,99,Gyroscope,-0.014935651999999999,-0.004514288,0.14473231,1550002935270
17447,99,Accelerometer,1.1504139,0.061052144,10.019734,1550002935270
17448,99,Gyroscope,-0.014935651999999999,-0.028338033999999998,0.08608924,1550002935279
17449,99,Accelerometer,0.2873042,0.6596026,10.979809,1550002935280
17450,99,Gyroscope,0.06447683,-0.04849659,0.02927877,1550002935290
17451,99,Accelerometer,0.93014735,1.3862427,9.434352,1550002935290
17452,99,Gyroscope,0.004612036,-0.012455538,0.06043289599999999,1550002935299
17453,99,Accelerometer,0.6979098000000001,2.2182279,8.499416,1550002935300
17454,99,Gyroscope,-0.08762861,0.023585513,0.08608924,1550002935309
17455,99,Accelerometer,0.095768064,1.7202339,9.599552000000001,1550002935309
17456,99,Gyroscope,0.022327128999999998,0.018087726000000002,0.14900836,1550002935320
17457,99,Accelerometer,2.2493525,1.5370774999999999,10.8385515,1550002935320
17458,99,Gyroscope,0.0632551,-0.01856419,0.2082623,1550002935329
17459,99,Accelerometer,2.0721814999999997,1.0486604,9.700109,1550002935330
17460,99,Gyroscope,0.036987893,-0.016731594,0.18138422,1550002935339
17461,99,Accelerometer,1.6651672999999998,1.2521674999999999,9.458294,1550002935340
17462,99,Gyroscope,0.07058548,-0.0039034244,0.20215364,1550002935349
17463,99,Accelerometer,2.6623523,1.2162545,9.709685,1550002935350
17464,99,Gyroscope,0.02354886,-0.005125154,0.18627115,1550002935360
17465,99,Accelerometer,2.0590134,1.0283096,9.14585,1550002935360
17466,99,Gyroscope,-0.0057726726,0.0028160921999999997,0.12884982,1550002935369
17467,99,Accelerometer,2.15957,1.3742718,9.562441999999999,1550002935370
17468,99,Gyroscope,0.016218476000000003,0.014422532,0.14473231,1550002935379
17469,99,Accelerometer,2.456451,1.4616601,9.241617999999999,1550002935379
17470,99,Gyroscope,0.0058337674,0.03274849,0.12884982,1550002935389
17471,99,Accelerometer,1.2198458,1.3215994,9.369708000000001,1550002935389
17472,99,Gyroscope,-0.005161807,0.033359356,0.13129328,1550002935400
17473,99,Accelerometer,1.2473791,1.4688427,9.367314,1550002935400
17474,99,Gyroscope,0.029657512999999996,0.035191953,0.15145183,1550002935409
17475,99,Accelerometer,1.1815386,1.7465701,9.454702000000001,1550002935410
17476,99,Gyroscope,-0.024709495,0.03824628,0.15633875,1550002935419
17477,99,Accelerometer,0.5482722,0.8355764000000001,9.309854,1550002935420
17478,99,Gyroscope,-0.02165517,0.08161771,0.13251500000000002,1550002935429
17479,99,Accelerometer,1.4197617,1.1683705,10.05445,1550002935429
17480,99,Gyroscope,0.0052229017,0.07062214,0.11968683,1550002935439
17481,99,Accelerometer,1.4377182,0.82719666,9.384072999999999,1550002935440
17482,99,Gyroscope,-0.006994404,0.071233004,0.11052385,1550002935449
17483,99,Accelerometer,1.4700398000000001,1.2665327,9.441533999999999,1550002935450
17484,99,Gyroscope,-0.021044305,0.058404832999999996,0.09891741,1550002935459
17485,99,Accelerometer,1.8171991000000003,1.5191208999999999,10.41358,1550002935460
17486,99,Gyroscope,-0.01004873,0.036413684,0.12090856,1550002935469
17487,99,Accelerometer,1.4305356000000002,0.48841715,10.295067,1550002935470
17488,99,Gyroscope,-0.005161807,0.010757342,0.109912984,1550002935479
17489,99,Accelerometer,1.5191208999999999,0.49919105,10.527305,1550002935480
17490,99,Gyroscope,0.010109824,-0.0026816929999999998,0.09341962,1550002935490
17491,99,Accelerometer,2.112883,0.18435353,9.982624000000001,1550002935490
17492,99,Gyroscope,0.05653558,0.014422532,0.086700104,1550002935499
17493,99,Accelerometer,1.3263878,0.6476316,9.479841,1550002935500
17494,99,Gyroscope,0.008277228000000001,0.022363782000000002,0.08547837,1550002935509
17495,99,Accelerometer,1.2042834999999998,0.7194576,9.357738000000001,1550002935510
17496,99,Gyroscope,-0.0137139205,0.0015943646,0.09158703,1550002935519
17497,99,Accelerometer,1.0295067,0.6596026,10.363302000000001,1550002935519
17498,99,Gyroscope,0.013775015,-0.032003224,0.08120232,1550002935530
17499,99,Accelerometer,0.8631097,0.9504981,10.560823,1550002935530
17500,99,Gyroscope,0.0015577096,-0.02222938,0.056767705999999994,1550002935540
17501,99,Accelerometer,0.81043726,1.0079589,9.312247,1550002935540
17502,99,Gyroscope,-0.02409863,0.007092151999999999,0.058600303,1550002935550
17503,99,Accelerometer,0.80564886,0.90381116,8.801085,1550002935550
17504,99,Gyroscope,-0.0027183462,0.0028160921999999997,0.05554598,1550002935559
17505,99,Accelerometer,0.78170687,1.3144168,9.218874000000001,1550002935560
17506,99,Gyroscope,0.028435782000000003,0.03580282,0.021337522,1550002935569
17507,99,Accelerometer,1.7764976000000003,0.9504981,8.176199,1550002935570
17508,99,Gyroscope,-0.04242459,0.06756781,0.041496076,1550002935580
17509,99,Accelerometer,0.019153614,2.4492682999999995,9.561244,1550002935580
17510,99,Gyroscope,-0.14016302,0.07184387,0.04577213,1550002935589
17511,99,Accelerometer,1.0510546,0.8319851,12.751517999999999,1550002935590
17512,99,Gyroscope,0.06203337,-0.038111877,0.09647395,1550002935599
17513,99,Accelerometer,1.780089,0.17357962,10.684125,1550002935600
17514,99,Gyroscope,0.059589908,-0.00023823230999999999,0.051880784000000006,1550002935609
17515,99,Accelerometer,1.8543092,2.1631612999999996,8.706514,1550002935609
17516,99,Gyroscope,-0.06869179,0.058404832999999996,0.06776328400000001,1550002935619
17517,99,Accelerometer,1.8590976000000001,2.267309,8.280347,1550002935620
17518,99,Gyroscope,0.04004222,0.023585513,0.14595404,1550002935630
17519,99,Accelerometer,1.3455413999999999,0.8595184000000001,11.833342,1550002935630
17520,99,Gyroscope,0.091965765,-0.05277264,0.16794519,1550002935639
17521,99,Accelerometer,2.9137435000000003,1.0702082,9.485827,1550002935640
17522,99,Gyroscope,0.08280279,-0.055216104,0.16550173,1550002935649
17523,99,Accelerometer,1.7178397,2.2457612,9.485827,1550002935650
17524,99,Gyroscope,0.036377028,-0.114470035,0.17771903,1550002935659
17525,99,Accelerometer,1.8255788,0.9636662,9.986216,1550002935660
17526,99,Gyroscope,0.10418307,-0.14012638,0.18932547,1550002935669
17527,99,Accelerometer,1.8207904,0.641646,9.283517,1550002935669
17528,99,Gyroscope,0.074250676,-0.08881369,0.14351058,1550002935680
17529,99,Accelerometer,0.6380547,0.93134445,8.7771435,1550002935680
17530,99,Gyroscope,0.010109824,-0.049718317000000005,0.16122568,1550002935689
17531,99,Accelerometer,1.5370774999999999,0.6895300999999999,8.9124155,1550002935690
17532,99,Gyroscope,0.022327128999999998,-0.025283707000000002,0.14473231,1550002935699
17533,99,Accelerometer,0.79846627,0.8523358,9.743203999999999,1550002935700
17534,99,Gyroscope,-0.01004873,-0.035668418,0.08731097,1550002935709
17535,99,Accelerometer,0.050278235,0.47046062,9.399636,1550002935709
17536,99,Gyroscope,0.014996746000000002,-0.0075686146,0.08975443,1550002935720
17537,99,Accelerometer,0.94211835,0.6512229,9.599552000000001,1550002935720
17538,99,Gyroscope,-0.054641888,0.012589939,0.07142847,1550002935729
17539,99,Accelerometer,-0.40821138,0.7098808000000001,9.690532000000001,1550002935730
17540,99,Gyroscope,-0.006994404,0.03152676,0.06287636,1550002935739
17541,99,Accelerometer,0.35075054,1.0642227,10.260351,1550002935740
17542,99,Gyroscope,0.018051071000000002,0.041300602,0.10380433,1550002935749
17543,99,Accelerometer,1.0295067,2.006341,9.692925,1550002935749
17544,99,Gyroscope,-0.032650746,0.052907042,0.08731097,1550002935759
17545,99,Accelerometer,-0.22505496,1.7956512999999998,9.837775,1550002935760
17546,99,Gyroscope,-0.054641888,0.03152676,0.082424045,1550002935769
17547,99,Accelerometer,0.6895300999999999,1.0127473,10.56681,1550002935770
17548,99,Gyroscope,-0.022266036,0.0015943646,0.10013914,1550002935779
17549,99,Accelerometer,1.3778629999999998,1.8387468999999996,10.703279,1550002935780
17550,99,Gyroscope,-0.014324786,-0.027116302000000002,0.086700104,1550002935789
17551,99,Accelerometer,0.9648633,1.353921,10.283096,1550002935790
17552,99,Gyroscope,-0.02532036,-0.027116302000000002,0.06348722400000001,1550002935799
17553,99,Accelerometer,1.1851299,1.4796166000000002,10.639832499999999,1550002935799
17554,99,Gyroscope,0.014385881000000001,-0.043609664000000006,0.07875886,1550002935809
17555,99,Accelerometer,1.6340426000000001,1.2054806,9.939528,1550002935809
17556,99,Gyroscope,0.025381455,-0.04544226,0.05921117,1550002935820
17557,99,Accelerometer,0.8391677,1.4736311000000002,9.728839,1550002935820
17558,99,Gyroscope,-0.0014966168,-0.043609664000000006,0.059822034,1550002935829
17559,99,Accelerometer,0.9588778,1.2593501,9.536105000000001,1550002935830
17560,99,Gyroscope,0.029046647000000002,-0.050940047999999995,0.0744828,1550002935839
17561,99,Accelerometer,0.62249243,1.2425906999999998,10.018537,1550002935840
17562,99,Gyroscope,0.0094989585,-0.068044275,0.08547837,1550002935849
17563,99,Accelerometer,0.6536171,0.79607207,9.203311,1550002935850
17564,99,Gyroscope,0.042485684,-0.068044275,0.08547837,1550002935859
17565,99,Accelerometer,0.39025488,1.4341268999999999,9.31943,1550002935859
17566,99,Gyroscope,0.034544434,-0.04055534,0.11296731,1550002935869
17567,99,Accelerometer,0.23582886,1.4185646,9.147048,1550002935870
17568,99,Gyroscope,-0.008216133,0.0028160921999999997,0.13129328,1550002935880
17569,99,Accelerometer,-0.023942016,1.0390834999999998,9.127894,1550002935880
17570,99,Gyroscope,0.035766162000000004,0.012589939,0.10013914,1550002935889
17571,99,Accelerometer,0.6667852,1.3611037,10.053253,1550002935890
17572,99,Gyroscope,0.036987893,0.02786157,0.12213029,1550002935899
17573,99,Accelerometer,-0.142455,0.8726865,8.678981,1550002935900
17574,99,Gyroscope,-0.08335256,0.074287325,0.10624779,1550002935909
17575,99,Accelerometer,0.07182605,2.3068132,11.565191,1550002935909
17576,99,Gyroscope,-0.053420155999999996,0.07001127,0.10197174,1550002935919
17577,99,Accelerometer,-0.34476504,0.4405331,10.764331,1550002935920
17578,99,Gyroscope,-0.04975497,-0.043609664000000006,0.10869125,1550002935930
17579,99,Accelerometer,-0.37828386,2.146402,13.018472000000001,1550002935930
17580,99,Gyroscope,0.05042693,-0.09492235,0.08547837,1550002935939
17581,99,Accelerometer,2.3714569,0.7038953,9.424775,1550002935940
17582,99,Gyroscope,0.035155296,-0.01978592,0.122741155,1550002935949
17583,99,Accelerometer,0.92775315,2.1320367,7.839813,1550002935950
17584,99,Gyroscope,-0.052198432,0.030915894,0.12213029,1550002935959
17585,99,Accelerometer,0.664391,1.1971009,8.529344,1550002935960
17586,99,Gyroscope,0.044318277,-0.025283707000000002,0.1025826,1550002935969
17587,99,Accelerometer,1.246182,0.47165772,10.844536999999999,1550002935969
17588,99,Gyroscope,0.09807442,-0.06926601,0.09769568,1550002935980
17589,99,Accelerometer,1.0737995,0.33159694,9.92636,1550002935980
17590,99,Gyroscope,-0.019822573,-0.03750101,0.070817605,1550002935989
17591,99,Accelerometer,0.8774749,0.6344634,8.74961,1550002935990
17592,99,Gyroscope,-0.016768249,-0.008790346,0.06104376,1550002935999
17593,99,Accelerometer,-0.08619126,1.4712370000000001,10.143036,1550002936000
17594,99,Gyroscope,0.038209625,-0.030781494,0.07387193,1550002936009
17595,99,Accelerometer,-0.29927522,0.18914193,10.56681,1550002936010
17596,99,Gyroscope,-0.01737911,-0.011844671999999999,0.031722232999999996,1550002936019
17597,99,Accelerometer,0.5279215,0.6667852,9.595961,1550002936019
17598,99,Gyroscope,-0.040591992,0.015644263000000002,0.05126992,1550002936029
17599,99,Accelerometer,-0.12808979,1.6448165000000001,9.180567,1550002936030
17600,99,Gyroscope,-0.041813724,0.026028972,0.048215594,1550002936040
17601,99,Accelerometer,-0.37349546,1.1659763,9.062054,1550002936040
17602,99,Gyroscope,-0.03203988,0.022363782000000002,0.0323331,1550002936049
17603,99,Accelerometer,-0.17836803,1.1492168,9.765948,1550002936050
17604,99,Gyroscope,-0.010659594,0.024807245,0.03355483,1550002936059
17605,99,Accelerometer,0.18794483,1.1073183000000002,9.895236,1550002936060
17606,99,Gyroscope,0.0113315545,0.035191953,0.024391849,1550002936069
17607,99,Accelerometer,-0.16160862,1.3000516000000002,9.8437605,1550002936069
17608,99,Gyroscope,-0.032650746,0.052296177,0.029889636,1550002936079
17609,99,Accelerometer,0.049081136,1.0390834999999998,9.659407,1550002936080
17610,99,Gyroscope,-0.0045509413,0.052907042,0.051880784000000006,1550002936090
17611,99,Accelerometer,0.533907,1.7250223000000002,9.858125999999999,1550002936090
17612,99,Gyroscope,0.07058548,0.057793967,0.057989437000000005,1550002936099
17613,99,Accelerometer,1.3946223999999998,1.3036428999999998,9.368511,1550002936100
17614,99,Gyroscope,-0.0008857511,0.0431332,0.12213029,1550002936109
17615,99,Accelerometer,1.650802,2.255338,9.97185,1550002936110
17616,99,Gyroscope,0.010720688999999999,0.01747686,0.13312587,1550002936119
17617,99,Accelerometer,2.3056161,1.8782511999999998,10.29387,1550002936119
17618,99,Gyroscope,0.025992319,-0.016731594,0.12579548,1550002936129
17619,99,Accelerometer,2.067393,1.2018893,9.412804,1550002936129
17620,99,Gyroscope,-0.0137139205,-0.02100765,0.1025826,1550002936140
17621,99,Accelerometer,1.4616601,1.0342950999999998,9.691728999999999,1550002936140
17622,99,Gyroscope,0.0027794409999999997,-0.030170628999999997,0.10808039,1550002936149
17623,99,Accelerometer,1.8459294999999998,0.6859388000000001,10.577583,1550002936150
17624,99,Gyroscope,0.022937994,-0.05277264,0.08364577599999999,1550002936159
17625,99,Accelerometer,1.0139444,0.61650693,9.668983,1550002936160
17626,99,Gyroscope,-0.0076052677,-0.04544226,0.054324247,1550002936169
17627,99,Accelerometer,0.78529817,0.8762778,9.251195,1550002936170
17628,99,Gyroscope,-0.009437865,-0.03750101,0.072039336,1550002936179
17629,99,Accelerometer,1.4089876000000001,0.8714894,9.343372,1550002936179
17630,99,Gyroscope,0.035155296,-0.014288133,0.07326107,1550002936189
17631,99,Accelerometer,1.3922282,1.1707646999999999,9.794678999999999,1550002936190
17632,99,Gyroscope,0.01560761,0.0022052303,0.06409809,1550002936200
17633,99,Accelerometer,0.8726865,0.8499416,9.475052999999999,1550002936200
17634,99,Gyroscope,-0.0039400775,0.008313879,0.062265493,1550002936209
17635,99,Accelerometer,0.5662286999999999,0.39504328,9.719261999999999,1550002936210
17636,99,Gyroscope,-0.01127046,0.008313879,0.057989437000000005,1550002936219
17637,99,Accelerometer,0.93972415,0.9935937,9.913192,1550002936219
17638,99,Gyroscope,-0.0057726726,0.0034269579,0.06348722400000001,1550002936229
17639,99,Accelerometer,0.8583213,1.1492168,9.852139999999999,1550002936230
17640,99,Gyroscope,-0.022266036,0.012589939,0.046993863,1550002936239
17641,99,Accelerometer,1.2234371000000002,1.4867992,9.959878999999999,1550002936240
17642,99,Gyroscope,-0.027152957000000002,0.0028160921999999997,0.048215594,1550002936249
17643,99,Accelerometer,1.3084313,1.4077905000000002,10.09994,1550002936250
17644,99,Gyroscope,0.019883668,-0.006346885,0.041496076,1550002936259
17645,99,Accelerometer,1.4640543,1.8974048,9.491813,1550002936259
17646,99,Gyroscope,0.013775015,0.0009834989999999999,0.059822034,1550002936269
17647,99,Accelerometer,1.6101006000000002,1.3802572,9.016563,1550002936270
17648,99,Gyroscope,-0.023487763,0.00037263334000000003,0.07142847,1550002936279
17649,99,Accelerometer,2.0949266,1.4556746,9.528922999999999,1550002936280
17650,99,Gyroscope,0.04004222,-0.017953325,0.09158703,1550002936289
17651,99,Accelerometer,2.633622,1.3251906999999998,9.228451,1550002936290
17652,99,Gyroscope,0.06753115,-0.022840247,0.08364577599999999,1550002936299
17653,99,Accelerometer,2.8526914,1.1264718999999999,8.415619,1550002936300
17654,99,Gyroscope,0.027824916,0.06207002,0.07326107,1550002936309
17655,99,Accelerometer,2.4121582999999998,2.1332338,10.43034,1550002936309
17656,99,Gyroscope,0.027824916,0.0871155,0.0903653,1550002936319
17657,99,Accelerometer,2.6132712000000002,0.6631939,11.766304,1550002936319
17658,99,Gyroscope,-0.06930265599999999,-0.051550914,0.051880784000000006,1550002936330
17659,99,Accelerometer,1.5119383,0.58777654,10.583569,1550002936330
17660,99,Gyroscope,0.090133175,-0.114470035,0.057989437000000005,1550002936339
17661,99,Accelerometer,3.5553896000000003,1.5562311000000002,7.9343843,1550002936340
17662,99,Gyroscope,-0.052198432,0.052907042,0.09341962,1550002936349
17663,99,Accelerometer,0.92057055,1.5514427,7.809886,1550002936350
17664,99,Gyroscope,-0.03937026,0.06634608,0.111134715,1550002936359
17665,99,Accelerometer,-0.037110128,1.2150573999999998,10.488997,1550002936359
17666,99,Gyroscope,0.018051071000000002,0.015644263000000002,0.09464135,1550002936369
17667,99,Accelerometer,1.043872,1.34195,12.477382,1550002936369
17668,99,Gyroscope,-0.0137139205,0.020531185,0.1025826,1550002936380
17669,99,Accelerometer,0.5231331,0.14963761,8.506598,1550002936380
17670,99,Gyroscope,-0.11572841,0.090169825,0.10746952,1550002936390
17671,99,Accelerometer,-1.1863270000000001,1.2150573999999998,8.100781,1550002936390
17672,99,Gyroscope,-0.072356984,0.13354126,-0.005540547,1550002936399
17673,99,Accelerometer,0.31364042,0.01316811,8.735244999999999,1550002936400
17674,99,Gyroscope,0.0070554977,0.07611992,0.027446175,1550002936409
17675,99,Accelerometer,-1.5598223999999998,0.6799533,10.648212,1550002936410
17676,99,Gyroscope,-0.06747006,0.07611992,-0.004929682,1550002936419
17677,99,Accelerometer,0.035913024,0.051475335,10.494983,1550002936419
17678,99,Gyroscope,-0.03814853,0.08955896,-0.009205738,1550002936429
17679,99,Accelerometer,1.7142484,1.1887212,9.674969,1550002936430
17680,99,Gyroscope,-0.05830708,0.08345031,0.056156844000000004,1550002936440
17681,99,Accelerometer,0.25498247,1.0714053,10.2495775,1550002936440
17682,99,Gyroscope,-0.06258314,0.073065594,0.007898489,1550002936449
17683,99,Accelerometer,2.3523033,0.6464345,10.451887,1550002936450
17684,99,Gyroscope,-0.0021074805,0.023585513,0.04088521,1550002936459
17685,99,Accelerometer,3.2573112999999996,1.6160861,10.444705,1550002936460
17686,99,Gyroscope,-0.02165517,0.0034269579,0.0726502,1550002936469
17687,99,Accelerometer,3.3602622,1.5801731,9.392453,1550002936469
17688,99,Gyroscope,-0.019822573,-0.00023823230999999999,0.03599829,1550002936480
17689,99,Accelerometer,3.6403837,1.7369933000000002,9.588778,1550002936480
17690,99,Gyroscope,0.018051071000000002,-0.01978592,0.06654155,1550002936489
17691,99,Accelerometer,2.3355439,0.8547299999999999,10.637438000000001,1550002936490
17692,99,Gyroscope,0.04004222,-0.07842898,0.054324247,1550002936499
17693,99,Accelerometer,2.0135236,1.2378023,10.462662,1550002936500
17694,99,Gyroscope,0.025992319,-0.08759196,0.02317012,1550002936509
17695,99,Accelerometer,2.2780828,1.3491327,10.29387,1550002936509
17696,99,Gyroscope,-0.012492188999999999,-0.058881298,0.058600303,1550002936519
17697,99,Accelerometer,0.8355764000000001,0.8786719999999999,10.225636,1550002936519
17698,99,Gyroscope,-0.008826999,-0.07415293,0.05737857,1550002936530
17699,99,Accelerometer,0.15083471,1.5825673,10.721235,1550002936530
17700,99,Gyroscope,0.036987893,-0.07659639,0.05004819,1550002936539
17701,99,Accelerometer,0.4165911,1.0199299000000002,9.849746000000001,1550002936540
17702,99,Gyroscope,0.016829342,-0.049718317000000005,0.0726502,1550002936549
17703,99,Accelerometer,-0.23104046,1.353921,9.217675999999999,1550002936550
17704,99,Gyroscope,0.008888093,-0.011233807,0.10136087,1550002936559
17705,99,Accelerometer,0.08020575,0.93852705,9.554062,1550002936560
17706,99,Gyroscope,0.040653087000000004,-0.024672844,0.109912984,1550002936569
17707,99,Accelerometer,0.24779987,1.1719618,9.380483,1550002936569
17708,99,Gyroscope,0.017440207,0.007092151999999999,0.10502606,1550002936579
17709,99,Accelerometer,0.6895300999999999,0.5518635000000001,9.551667,1550002936579
17710,99,Gyroscope,-0.0045509413,0.014422532,0.06104376,1550002936590
17711,99,Accelerometer,0.6703765,0.94451255,9.633071000000001,1550002936590
17712,99,Gyroscope,-0.021044305,0.01625513,0.06287636,1550002936599
17713,99,Accelerometer,1.3251906999999998,0.63206923,9.740809,1550002936600
17714,99,Gyroscope,-0.02898555,0.0077030174,0.034776557,1550002936609
17715,99,Accelerometer,1.2473791,0.6619968,9.947908,1550002936610
17716,99,Gyroscope,-0.013103055,0.006481286,0.018894061,1550002936619
17717,99,Accelerometer,1.6124948000000001,0.6943185000000001,9.003395,1550002936620
17718,99,Gyroscope,-0.04670064,0.026028972,0.01034195,1550002936629
17719,99,Accelerometer,1.0749966,1.1252748,9.898827,1550002936629
17720,99,Gyroscope,-0.07785477,0.007092151999999999,0.018894061,1550002936639
17721,99,Accelerometer,1.6795325,0.4141969,9.7563715,1550002936640
17722,99,Gyroscope,-0.10167851,-0.036279282999999996,-0.021423044,1550002936650
17723,99,Accelerometer,-0.23822308,0.9684546,10.224439,1550002936650
17724,99,Gyroscope,-0.11939360000000002,-0.028338033999999998,-0.0043188166,1550002936659
17725,99,Accelerometer,0.9588778,1.1432313,11.230003,1550002936660
17726,99,Gyroscope,-0.11633928,-0.115691766,0.021337522,1550002936669
17727,99,Accelerometer,1.5957354,0.18674773,9.433155000000001,1550002936670
17728,99,Gyroscope,0.027824916,-0.09553321,-0.047079384,1550002936679
17729,99,Accelerometer,0.78170687,1.8040310000000002,7.996633500000001,1550002936680
17730,99,Gyroscope,-0.027763822999999997,-0.00023823230999999999,-4.2759813000000006e-05,1550002936689
17731,99,Accelerometer,0.6488286999999999,1.1073183000000002,8.195352999999999,1550002936689
17732,99,Gyroscope,-0.06869179,0.021752916,0.0011789708,1550002936700
17733,99,Accelerometer,0.25019407,1.0893618,10.794258000000001,1550002936700
17734,99,Gyroscope,0.08952231,-0.046663992,-0.008594873000000001,1550002936709
17735,99,Accelerometer,1.1037270000000001,1.436521,11.0061455,1550002936710
17736,99,Gyroscope,0.06630943,-0.06926601,0.016450599999999996,1550002936719
17737,99,Accelerometer,1.541866,0.7422025,8.488642,1550002936720
17738,99,Gyroscope,-0.0063835381999999994,-0.023451112000000003,0.029889636,1550002936729
17739,99,Accelerometer,0.7290344,2.292448,10.3453455,1550002936729
17740,99,Gyroscope,0.047372602,-0.004514288,0.07020674,1550002936740
17741,99,Accelerometer,1.2282255,0.48482585,9.065644,1550002936740
17742,99,Gyroscope,0.0021685753,0.0009834989999999999,0.008509354,1550002936749
17743,99,Accelerometer,-0.010773907,2.2098482,9.54209,1550002936750
17744,99,Gyroscope,-0.03387247,0.0009834989999999999,0.03722002,1550002936759
17745,99,Accelerometer,1.1707646999999999,1.1923125,9.65821,1550002936760
17746,99,Gyroscope,0.014385881000000001,-0.006957751,0.041496076,1550002936769
17747,99,Accelerometer,0.8762778,1.6759412,10.380061,1550002936769
17748,99,Gyroscope,0.044929143,0.0009834989999999999,0.048215594,1550002936779
17749,99,Accelerometer,0.49081135,0.7613561,9.763555,1550002936780
17750,99,Gyroscope,0.0009468458599999999,0.0058704205,0.058600303,1550002936790
17751,99,Accelerometer,0.9528923,1.7369933000000002,9.516952,1550002936790
17752,99,Gyroscope,0.014996746000000002,-0.00084909797,0.07570453,1550002936799
17753,99,Accelerometer,1.0390834999999998,1.1971009,9.975441,1550002936800
17754,99,Gyroscope,0.011942419,-0.010012077,0.07326107,1550002936809
17755,99,Accelerometer,1.0893618,1.3204023,9.466674000000001,1550002936810
17756,99,Gyroscope,0.012553285,-0.01978592,0.06837415,1550002936819
17757,99,Accelerometer,1.3587095,1.5693992,9.55885,1550002936819
17758,99,Gyroscope,0.05348126,-0.041166205,0.09647395,1550002936829
17759,99,Accelerometer,1.3934253,1.0582372,9.874885,1550002936829
17760,99,Gyroscope,0.06692029,-0.027727167999999996,0.12213029,1550002936839
17761,99,Accelerometer,1.0247183000000002,1.2066777,9.403227000000001,1550002936840
17762,99,Gyroscope,0.03882049,-0.0032925587,0.12335201,1550002936850
17763,99,Accelerometer,0.7278373,1.3000516000000002,9.244013,1550002936850
17764,99,Gyroscope,0.022327128999999998,0.004648689,0.14289970000000002,1550002936859
17765,99,Accelerometer,0.5446809,1.0893618,10.517728,1550002936860
17766,99,Gyroscope,0.0113315545,-0.008790346,0.13129328,1550002936869
17767,99,Accelerometer,0.94451255,1.2856863,9.915586,1550002936870
17768,99,Gyroscope,-0.022876898,-0.015509863999999998,0.13495846,1550002936879
17769,99,Accelerometer,0.39743748,1.3215994,9.27394,1550002936879
17770,99,Gyroscope,-0.0027183462,-0.021618515,0.09769568,1550002936889
17771,99,Accelerometer,1.0378863999999999,1.5849615,9.647436,1550002936890
17772,99,Gyroscope,0.01560761,-0.0039034244,0.12884982,1550002936899
17773,99,Accelerometer,0.37708676,1.4329298000000001,9.440337,1550002936900
17774,99,Gyroscope,-0.02898555,0.018698592,0.13923453,1550002936909
17775,99,Accelerometer,0.25857377,1.4221559,9.440337,1550002936910
17776,99,Gyroscope,0.014996746000000002,0.013811666499999998,0.15572788,1550002936919
17777,99,Accelerometer,0.7326256999999999,0.91697925,9.988609,1550002936919
17778,99,Gyroscope,0.030879242,0.026028972,0.15084097,1550002936930
17779,99,Accelerometer,0.12449849,1.2856863,10.388441,1550002936930
17780,99,Gyroscope,-0.047922373,0.0571831,0.13495846,1550002936939
17781,99,Accelerometer,0.44651863,0.7170634,8.762777999999999,1550002936940
17782,99,Gyroscope,-0.06136141,0.030305027999999998,0.16550173,1550002936949
17783,99,Accelerometer,-1.1563994,-0.16998832,9.854534,1550002936950
17784,99,Gyroscope,-0.0063835381999999994,0.029694162000000003,0.07998059,1550002936959
17785,99,Accelerometer,0.37828386,-0.07182605,10.685322,1550002936959
17786,99,Gyroscope,0.008277228000000001,0.06451348,0.09464135,1550002936969
17787,99,Accelerometer,0.19153613,0.16759412,8.637083,1550002936969
17788,99,Gyroscope,-0.08946121,0.09505675,0.13984539,1550002936980
17789,99,Accelerometer,-1.6472107,1.0223241,10.455478999999999,1550002936980
17790,99,Gyroscope,0.060200773,0.04435493,0.11479991,1550002936989
17791,99,Accelerometer,0.4429273,1.3754688999999998,10.332177,1550002936990
17792,99,Gyroscope,0.12922855,-0.0057360195,0.14595404,1550002936999
17793,99,Accelerometer,0.830788,2.384625,8.396465,1550002937000
17794,99,Gyroscope,0.021716263,0.09505675,0.17588644,1550002937009
17795,99,Accelerometer,-0.13407529999999998,1.5646108,9.172187,1550002937009
17796,99,Gyroscope,0.036987893,0.12315654,0.17161039,1550002937019
17797,99,Accelerometer,0.019153614,2.0242975,12.943054,1550002937020
17798,99,Gyroscope,0.0058337674,0.030915894,0.19115807,1550002937029
17799,99,Accelerometer,1.8040310000000002,0.21188685,10.471041,1550002937030
17800,99,Gyroscope,0.07363981,-0.00023823230999999999,0.13740192,1550002937039
17801,99,Accelerometer,0.4189853,1.1623849,9.457097000000001,1550002937040
17802,99,Gyroscope,0.0113315545,0.029694162000000003,0.15572788,1550002937049
17803,99,Accelerometer,0.42975920000000006,0.04189853,9.622296,1550002937050
17804,99,Gyroscope,-0.02898555,0.029083297,0.13679107,1550002937059
17805,99,Accelerometer,0.20949265,-0.5638345,10.502166,1550002937059
17806,99,Gyroscope,0.0094989585,0.015644263000000002,0.07998059,1550002937069
17807,99,Accelerometer,-0.19871874,-0.22146365,11.226412,1550002937070
17808,99,Gyroscope,0.03759876,-0.006346885,0.04210694,1550002937079
17809,99,Accelerometer,0.8738836,-0.33039984,10.056845,1550002937080
17810,99,Gyroscope,-0.022876898,0.005259555,-0.011038333999999999,1550002937089
17811,99,Accelerometer,-0.23702596,-0.02633622,9.190144,1550002937090
17812,99,Gyroscope,-0.07541131,0.013200805,-0.086174764,1550002937099
17813,99,Accelerometer,-0.7015011,-0.9816226999999998,9.41041,1550002937100
17814,99,Gyroscope,-0.030207282000000002,0.009535611,-0.10266812,1550002937109
17815,99,Accelerometer,0.48243165,0.02633622,9.631872999999999,1550002937109
17816,99,Gyroscope,-0.043646313,0.008924745,-0.11732889,1550002937119
17817,99,Accelerometer,0.46327803,0.05626374,9.537302,1550002937120
17818,99,Gyroscope,-0.08579602,0.02114205,-0.12465927,1550002937130
17819,99,Accelerometer,1.0654198000000001,-0.30885202,10.220847000000001,1550002937130
17820,99,Gyroscope,-0.049144104,0.022974647999999997,-0.13382225,1550002937139
17821,99,Accelerometer,1.1372458,1.1994951,10.582372,1550002937140
17822,99,Gyroscope,-0.07602217,-0.00817948,-0.12343754,1550002937149
17823,99,Accelerometer,2.8275523,2.7509377,10.477027,1550002937150
17824,99,Gyroscope,-0.020433438999999998,-0.050940047999999995,-0.050744575,1550002937159
17825,99,Accelerometer,2.8155810000000003,0.10055647,9.992201,1550002937159
17826,99,Gyroscope,0.0052229017,-0.023451112000000003,-0.09167255,1550002937170
17827,99,Accelerometer,0.43933599999999995,-0.9911995000000001,9.858125999999999,1550002937170
17828,99,Gyroscope,-0.011881325,-0.008790346,-0.027531696,1550002937179
17829,99,Accelerometer,1.8231846,1.1971009,8.640674,1550002937180
17830,99,Gyroscope,-0.024709495,-0.008790346,-0.055631495999999996,1550002937189
17831,99,Accelerometer,0.59735334,0.8690952,9.7240505,1550002937190
17832,99,Gyroscope,-0.043646313,-0.023451112000000003,-0.13993089,1550002937199
17833,99,Accelerometer,1.1516110000000002,1.2473791,9.223662,1550002937200
17834,99,Gyroscope,-0.05708535,0.0034269579,-0.13993089,1550002937210
17835,99,Accelerometer,2.2577322,2.055422,9.847352,1550002937210
17836,99,Gyroscope,-0.024709495,-0.008790346,-0.15642425,1550002937219
17837,99,Accelerometer,1.6687585999999999,0.9935937,9.544485,1550002937220
17838,99,Gyroscope,-0.057696215999999995,-0.004514288,-0.18330233,1550002937229
17839,99,Accelerometer,0.6452374,1.0881646999999999,9.222465,1550002937229
17840,99,Gyroscope,-0.03937026,0.015644263000000002,-0.15947857,1550002937239
17841,99,Accelerometer,1.5310919,0.7685388000000001,9.813833,1550002937240
17842,99,Gyroscope,-0.028374685,0.018698592,-0.13870916,1550002937250
17843,99,Accelerometer,1.4616601,0.5722142,9.440337,1550002937250
17844,99,Gyroscope,-0.056474485,0.022974647999999997,-0.10572245,1550002937260
17845,99,Accelerometer,1.661576,1.4903905000000002,9.651027000000001,1550002937260
17846,99,Gyroscope,-0.047922373,0.029694162000000003,-0.09655947,1550002937269
17847,99,Accelerometer,2.3906104999999997,1.0235212,9.246407000000001,1550002937270
17848,99,Gyroscope,0.016218476000000003,0.01992032,-0.06907053,1550002937279
17849,99,Accelerometer,1.7154455000000002,1.7094599999999998,9.123106,1550002937279
17850,99,Gyroscope,0.0052229017,0.033970222,-0.05013371,1550002937289
17851,99,Accelerometer,1.7561468999999996,1.7944542,9.255983,1550002937290
17852,99,Gyroscope,0.019883668,0.027250702999999998,-0.02447737,1550002937299
17853,99,Accelerometer,1.6496049,1.7082629,9.7084875,1550002937300
17854,99,Gyroscope,0.039431356,0.014422532,-0.01287093,1550002937309
17855,99,Accelerometer,1.6699557,1.9213468999999996,10.38485,1550002937310
17856,99,Gyroscope,0.032711837,0.008924745,-0.009816604,1550002937319
17857,99,Accelerometer,1.6101006000000002,1.590947,9.701305,1550002937320
17858,99,Gyroscope,0.008277228000000001,0.036413684,0.0024007012,1550002937329
17859,99,Accelerometer,0.9516952,1.2880806,9.7958765,1550002937329
17860,99,Gyroscope,0.0033903066,0.01992032,-0.0140926605,1550002937339
17861,99,Accelerometer,0.89184016,1.5263035,10.117896,1550002937340
17862,99,Gyroscope,-0.0014966168,0.0022052303,-0.021423044,1550002937350
17863,99,Accelerometer,1.6053122,1.1133038,10.006566000000001,1550002937350
17864,99,Gyroscope,0.014996746000000002,-0.00084909797,-0.008594873000000001,1550002937359
17865,99,Accelerometer,1.1516110000000002,0.5578489999999999,9.583989,1550002937360
17866,99,Gyroscope,0.033322702999999995,0.026639838,-0.025088236,1550002937369
17867,99,Accelerometer,1.0690111,0.89662856,8.938752000000001,1550002937370
17868,99,Gyroscope,-0.03387247,0.03274849,-0.008594873000000001,1550002937379
17869,99,Accelerometer,0.7745243,1.1492168,9.662998,1550002937379
17870,99,Gyroscope,0.01316415,0.03274849,0.009731084000000001,1550002937389
17871,99,Accelerometer,1.0378863999999999,0.60573304,9.381680000000001,1550002937389
17872,99,Gyroscope,0.03210097,0.041911468,-0.0037079514000000003,1550002937400
17873,99,Accelerometer,0.20829555,1.5801731,10.647015,1550002937400
17874,99,Gyroscope,-0.08640689,0.048020124000000004,-0.02325564,1550002937409
17875,99,Accelerometer,1.6400281000000003,0.7721300999999999,10.559627,1550002937410
17876,99,Gyroscope,-0.016157383,-0.035668418,0.05554598,1550002937419
17877,99,Accelerometer,0.9780314,-0.22026655,10.200497,1550002937420
17878,99,Gyroscope,0.049816065,-0.039333608,-0.06357274,1550002937429
17879,99,Accelerometer,2.6503813,0.8283938,8.610746,1550002937429
17880,99,Gyroscope,-0.10961977,-0.0057360195,-0.048301116,1550002937439
17881,99,Accelerometer,2.15957,1.4173675,8.987833,1550002937440
17882,99,Gyroscope,-0.032650746,-0.024672844,-0.018979583,1550002937450
17883,99,Accelerometer,0.81163436,0.58657944,11.142614,1550002937450
17884,99,Gyroscope,0.059589908,-0.06865514,-0.043414194,1550002937459
17885,99,Accelerometer,1.4820108,0.93972415,9.349358,1550002937460
17886,99,Gyroscope,-0.0033292117999999997,-0.061324757,-0.037916407,1550002937469
17887,99,Accelerometer,1.067814,0.8583213,9.682152,1550002937470
17888,99,Gyroscope,0.021105397,-0.06987687,0.014618006999999999,1550002937479
17889,99,Accelerometer,0.61770403,0.60094464,9.904813,1550002937479
17890,99,Gyroscope,0.027824916,-0.036890145,0.05737857,1550002937489
17891,99,Accelerometer,1.3215994,0.48482585,9.216479,1550002937490
17892,99,Gyroscope,-0.024709495,-0.0057360195,0.007898489,1550002937500
17893,99,Accelerometer,-0.142455,2.220622,10.724827000000001,1550002937500
17894,99,Gyroscope,0.07974846,-0.011233807,0.014618006999999999,1550002937509
17895,99,Accelerometer,0.21068975,1.1168951,9.97185,1550002937510
17896,99,Gyroscope,0.010109824,-0.032003224,0.058600303,1550002937519
17897,99,Accelerometer,0.39025488,0.676362,10.043676,1550002937520
17898,99,Gyroscope,0.013775015,-0.027116302000000002,0.014618006999999999,1550002937529
17899,99,Accelerometer,0.35793316,1.0809821000000002,9.308656,1550002937529
17900,99,Gyroscope,0.042485684,-0.034446687000000004,0.043328673,1550002937540
17901,99,Accelerometer,1.4664485,1.9309237000000001,9.601946,1550002937540
17902,99,Gyroscope,-0.0014966168,-0.016731594,0.06043289599999999,1550002937549
17903,99,Accelerometer,1.340753,0.19033903,9.048885,1550002937549
17904,99,Gyroscope,-0.020433438999999998,-0.005125154,-0.0018753556,1550002937560
17905,99,Accelerometer,0.36631286,1.483208,10.414778,1550002937560
17906,99,Gyroscope,0.0076663624,-0.015509863999999998,0.02561358,1550002937569
17907,99,Accelerometer,2.3606830000000003,1.4437037,10.382456,1550002937570
17908,99,Gyroscope,-0.035705067,-0.039333608,0.007287623399999999,1550002937579
17909,99,Accelerometer,1.6065093000000001,1.1456255,10.070012,1550002937580
17910,99,Gyroscope,-0.0027183462,-0.061935622,-0.053188037,1550002937589
17911,99,Accelerometer,1.0330979999999998,0.8834603999999999,10.02572,1550002937589
17912,99,Gyroscope,-0.008216133,-0.071098596,-0.04280333,1550002937599
17913,99,Accelerometer,1.5538370000000001,0.8511386999999999,9.093178,1550002937600
17914,99,Gyroscope,-0.014935651999999999,-0.06498995,-0.043414194,1550002937610
17915,99,Accelerometer,0.5327099000000001,1.0031705,9.372103,1550002937610
17916,99,Gyroscope,-0.014935651999999999,-0.056437835,-0.039138135,1550002937619
17917,99,Accelerometer,0.4333505,0.80564886,9.773131,1550002937620
17918,99,Gyroscope,-0.020433438999999998,-0.047274857999999996,-0.019590449,1550002937629
17919,99,Accelerometer,0.61650693,1.1384428999999998,9.26197,1550002937629
17920,99,Gyroscope,-0.010659594,-0.041777067,-0.014703525,1550002937640
17921,99,Accelerometer,0.30765492,1.1001357,10.053253,1550002937640
17922,99,Gyroscope,0.0052229017,-0.020396786,-0.019590449,1550002937649
17923,99,Accelerometer,0.28491,1.7980455000000002,10.040085000000001,1550002937650
17924,99,Gyroscope,-0.02409863,-0.011233807,-0.007984008,1550002937659
17925,99,Accelerometer,0.038307227,1.3958195,9.989806,1550002937660
17926,99,Gyroscope,-0.047311507,-0.033224955,-0.030586022999999997,1550002937669
17927,99,Accelerometer,0.45250413,1.7501613999999999,10.175357,1550002937669
17928,99,Gyroscope,0.018661937,-0.055216104,0.0036224315000000003,1550002937679
17929,99,Accelerometer,1.1061212,1.1719618,8.9758625,1550002937679
17930,99,Gyroscope,-0.047311507,-0.032003224,-0.010427468,1550002937690
17931,99,Accelerometer,0.44651863,1.1851299,8.839393,1550002937690
17932,99,Gyroscope,-0.027152957000000002,-0.010622941,-0.027531696,1550002937699
17933,99,Accelerometer,0.91099375,1.0199299000000002,10.168175,1550002937700
17934,99,Gyroscope,0.029657512999999996,-0.03261409,-0.04097073,1550002937709
17935,99,Accelerometer,1.3838485,0.9995792,9.856929,1550002937710
17936,99,Gyroscope,-0.043035455,-0.032003224,-0.019590449,1550002937719
17937,99,Accelerometer,0.7493850999999999,0.8463503000000001,9.443928999999999,1550002937720
17938,99,Gyroscope,0.02477059,-0.071098596,-0.04769025,1550002937729
17939,99,Accelerometer,1.5897499,0.7410054,9.390058999999999,1550002937729
17940,99,Gyroscope,0.11395692,-0.055216104,-0.042192463,1550002937739
17941,99,Accelerometer,1.6400281000000003,0.8355764000000001,6.8522053,1550002937740
17942,99,Gyroscope,-0.028374685,0.06756781,-0.03486208,1550002937750
17943,99,Accelerometer,0.62249243,2.2613235,9.440337,1550002937750
17944,99,Gyroscope,-0.040591992,0.13537386,-0.01287093,1550002937759
17945,99,Accelerometer,-1.0833763,-0.36750996,10.515334,1550002937760
17946,99,Gyroscope,0.01316415,0.0009834989999999999,-0.012260064499999999,1550002937769
17947,99,Accelerometer,-0.60094464,1.0905589,12.707226,1550002937770
17948,99,Gyroscope,0.03882049,0.020531185,-0.06479447,1550002937779
17949,99,Accelerometer,1.4389153000000001,0.19153613,9.176975,1550002937779
17950,99,Gyroscope,-0.08640689,0.082839444,-0.026309965,1550002937789
17951,99,Accelerometer,0.12090719,1.2497733,8.455123,1550002937789
17952,99,Gyroscope,-0.053420155999999996,0.091391556,-0.007373143,1550002937800
17953,99,Accelerometer,-0.6584055,0.92057055,10.480618,1550002937800
17954,99,Gyroscope,0.0058337674,0.07062214,-0.040359866,1550002937809
17955,99,Accelerometer,1.0654198000000001,1.4580688,10.850522,1550002937810
17956,99,Gyroscope,-0.037537664,0.05901569999999999,-0.040359866,1550002937819
17957,99,Accelerometer,0.62728083,0.51116204,9.052477,1550002937820
17958,99,Gyroscope,-0.04670064,0.06023743,0.0017898360000000002,1550002937829
17959,99,Accelerometer,-0.30765492,1.1216834999999998,9.227253,1550002937830
17960,99,Gyroscope,-0.052198432,0.103608854,-0.036694676,1550002937839
17961,99,Accelerometer,1.4173675,0.60573304,9.303867,1550002937839
17962,99,Gyroscope,-0.0039400775,0.06940041,-0.038527273,1550002937849
17963,99,Accelerometer,0.35913026,1.1336545,10.044872999999999,1550002937849
17964,99,Gyroscope,-0.009437865,0.04435493,-0.03608381,1550002937860
17965,99,Accelerometer,0.5518635000000001,1.7788918999999999,10.940305,1550002937860
17966,99,Gyroscope,-0.026542092000000003,0.0009834989999999999,0.0030115664,1550002937869
17967,99,Accelerometer,1.4149733,0.641646,10.692505,1550002937870
17968,99,Gyroscope,0.042485684,0.014422532,0.026224446000000002,1550002937879
17969,99,Accelerometer,0.90141696,0.48362875,9.742006,1550002937880
17970,99,Gyroscope,0.010720688999999999,0.02786157,0.029889636,1550002937889
17971,99,Accelerometer,1.0283096,1.7992426,8.840589999999999,1550002937890
17972,99,Gyroscope,-0.034483336,0.024807245,0.015839735,1550002937899
17973,99,Accelerometer,1.0654198000000001,1.5227122,9.757569,1550002937899
17974,99,Gyroscope,0.029657512999999996,0.005259555,0.0323331,1550002937909
17975,99,Accelerometer,0.25977087,1.3072342,10.38485,1550002937910
17976,99,Gyroscope,0.00033598019999999995,0.012589939,0.037830885,1550002937920
17977,99,Accelerometer,0.7146691999999999,1.292869,9.61272,1550002937920
17978,99,Gyroscope,-0.03814853,0.018698592,0.019504927,1550002937929
17979,99,Accelerometer,0.16879122,0.62847793,9.774328,1550002937930
17980,99,Gyroscope,0.03882049,0.033970222,0.030500501,1550002937939
17981,99,Accelerometer,-1.0055646999999999,1.5705963,8.583213,1550002937940
17982,99,Gyroscope,-0.030207282000000002,0.0852829,0.048215594,1550002937949
17983,99,Accelerometer,0.05626374,1.6136919,10.029311,1550002937949
17984,99,Gyroscope,0.022937994,0.0852829,0.06715242,1550002937959
17985,99,Accelerometer,-0.33399114,0.93134445,10.522516,1550002937960
17986,99,Gyroscope,0.033322702999999995,0.07489819,0.061654627000000004,1550002937970
17987,99,Accelerometer,-0.16400282,1.7597381999999997,9.629479,1550002937970
17988,99,Gyroscope,-0.03937026,0.07611992,0.11052385,1550002937979
17989,99,Accelerometer,0.6691794,1.2270284,9.385271000000001,1550002937980
17990,99,Gyroscope,0.0058337674,0.07245473,0.10197174,1550002937989
17991,99,Accelerometer,0.19632454,1.3060371000000002,10.251971000000001,1550002937990
17992,99,Gyroscope,0.044318277,0.062680885,0.0903653,1550002937999
17993,99,Accelerometer,0.33279404,0.91099375,9.734824,1550002937999
17994,99,Gyroscope,0.0015577096,0.06023743,0.086700104,1550002938009
17995,99,Accelerometer,0.7146691999999999,0.6811504,9.915586,1550002938010
17996,99,Gyroscope,0.014996746000000002,0.040689737000000004,0.05921117,1550002938020
17997,99,Accelerometer,1.0941502,-0.110133275,10.734404,1550002938020
17998,99,Gyroscope,0.03210097,0.007092151999999999,0.014007141,1550002938029
17999,99,Accelerometer,1.8459294999999998,-0.4405331,10.18254,1550002938030
18000,99,Gyroscope,-0.0021074805,-0.017953325,-0.048301116,1550002938039
18001,99,Accelerometer,1.6112977,-0.19871874,10.238804,1550002938040
18002,99,Gyroscope,-0.0076052677,-0.032003224,-0.09106168,1550002938049
18003,99,Accelerometer,1.6891093000000001,-0.06943185,9.610325999999999,1550002938049
18004,99,Gyroscope,-0.029596416,-0.02100765,-0.09655947,1550002938059
18005,99,Accelerometer,1.1528081000000001,0.62728083,9.54209,1550002938060
18006,99,Gyroscope,-0.04547891,-0.010012077,-0.093505144,1550002938070
18007,99,Accelerometer,0.46327803,0.80564886,10.020931,1550002938070
18008,99,Gyroscope,-0.011881325,0.0015943646,-0.049522847,1550002938079
18009,99,Accelerometer,0.5566519,0.5470751,10.017339999999999,1550002938080
18010,99,Gyroscope,0.0058337674,0.016865995,-0.03730554,1550002938089
18011,99,Accelerometer,0.22146365,0.91578215,9.659407,1550002938090
18012,99,Gyroscope,-0.02409863,0.02786157,-0.049522847,1550002938099
18013,99,Accelerometer,0.30047232,0.1592144,9.221267999999998,1550002938100
18014,99,Gyroscope,-0.028374685,0.041300602,-0.08556389999999998,1550002938109
18015,99,Accelerometer,0.61291564,1.3587095,10.067618,1550002938109
18016,99,Gyroscope,-0.022876898,0.04007887,-0.10266812,1550002938119
18017,99,Accelerometer,0.23702596,0.35553896,9.139864999999999,1550002938120
18018,99,Gyroscope,-0.027763822999999997,0.058404832999999996,-0.14603955,1550002938129
18019,99,Accelerometer,0.6727706999999999,1.2006921999999998,9.677363,1550002938129
18020,99,Gyroscope,-0.080909096,0.06878954,-0.14481781,1550002938140
18021,99,Accelerometer,0.18315643,0.37110126,10.019734,1550002938140
18022,99,Gyroscope,-0.061972275,0.06023743,-0.13321137,1550002938149
18023,99,Accelerometer,1.2473791,1.2294226000000001,11.249157,1550002938150
18024,99,Gyroscope,0.039431356,0.0009834989999999999,-0.102057256,1550002938159
18025,99,Accelerometer,2.9101522,0.6823475,8.6334915,1550002938160
18026,99,Gyroscope,0.0009468458599999999,0.05168531,-0.07334659,1550002938169
18027,99,Accelerometer,2.1164744,1.5370774999999999,9.020155,1550002938170
18028,99,Gyroscope,0.022937994,0.042522334,-0.041581597000000005,1550002938179
18029,99,Accelerometer,2.100912,0.5722142,9.985018,1550002938180
18030,99,Gyroscope,0.05470299,-0.0020708293,-0.06907053,1550002938189
18031,99,Accelerometer,2.7018566,1.2090718999999999,10.332177,1550002938190
18032,99,Gyroscope,0.010720688999999999,-0.016120728,-0.078844376,1550002938199
18033,99,Accelerometer,2.4361002,0.51355624,9.671378,1550002938200
18034,99,Gyroscope,0.031490106000000004,-0.02100765,-0.08739649,1550002938209
18035,99,Accelerometer,1.9165584999999998,0.8319851,9.379285000000001,1550002938210
18036,99,Gyroscope,0.011942419,-0.030170628999999997,-0.124048404,1550002938219
18037,99,Accelerometer,1.8854338,1.7022773999999998,9.147048,1550002938220
18038,99,Gyroscope,0.034544434,-0.042998800000000004,-0.12710273,1550002938229
18039,99,Accelerometer,1.435324,1.127669,9.551667,1550002938229
18040,99,Gyroscope,0.112124324,-0.050329182,-0.11060937,1550002938239
18041,99,Accelerometer,0.5327099000000001,1.9859903,10.638636,1550002938240
18042,99,Gyroscope,0.12250903,-0.023451112000000003,-0.057464093,1550002938249
18043,99,Accelerometer,1.2042834999999998,1.2054806,9.537302,1550002938250
18044,99,Gyroscope,0.05470299,-0.011233807,-0.000653625,1550002938259
18045,99,Accelerometer,0.9552864999999999,1.4664485,9.01776,1550002938260
18046,99,Gyroscope,0.03759876,0.023585513,0.014618006999999999,1550002938269
18047,99,Accelerometer,1.4652513999999999,0.6488286999999999,9.79827,1550002938270
18048,99,Gyroscope,0.006444632,0.043744065,0.008509354,1550002938279
18049,99,Accelerometer,0.17118542,1.043872,8.598775999999999,1550002938280
18050,99,Gyroscope,-0.059528813,0.054128774000000004,-0.009205738,1550002938289
18051,99,Accelerometer,0.25019407,0.6691794,9.194932000000001,1550002938290
18052,99,Gyroscope,0.021716263,0.02114205,-0.011038333999999999,1550002938299
18053,99,Accelerometer,0.6703765,0.79128367,9.976639,1550002938300
18054,99,Gyroscope,-0.01004873,0.007092151999999999,0.009120219,1550002938309
18055,99,Accelerometer,1.364695,1.4425066,9.546878999999999,1550002938310
18056,99,Gyroscope,-0.09740246,0.011979073,0.03966348,1550002938319
18057,99,Accelerometer,1.8064252,1.5310919,9.384072999999999,1550002938320
18058,99,Gyroscope,-0.053420155999999996,-0.004514288,0.050659052999999996,1550002938329
18059,99,Accelerometer,2.5031377999999997,1.5023615,11.155783,1550002938329
18060,99,Gyroscope,0.012553285,-0.029559765,0.039052617000000005,1550002938340
18061,99,Accelerometer,2.814384,0.93972415,10.714052,1550002938340
18062,99,Gyroscope,-0.015546517,-0.061935622,0.03599829,1550002938349
18063,99,Accelerometer,2.906561,1.5813701999999998,8.930372,1550002938349
18064,99,Gyroscope,-0.057696215999999995,-0.061324757,0.03966348,1550002938360
18065,99,Accelerometer,2.5546130000000002,1.9009962,9.803059,1550002938360
18066,99,Gyroscope,0.008888093,-0.04910745,0.03844175,1550002938369
18067,99,Accelerometer,1.7573439999999998,1.5358804,9.953894,1550002938369
18068,99,Gyroscope,-0.028374685,-0.029559765,0.07020674,1550002938380
18069,99,Accelerometer,0.6356605,1.2593501,10.449492999999999,1550002938380
18070,99,Gyroscope,-0.025931226,-0.025283707000000002,0.06287636,1550002938389
18071,99,Accelerometer,1.1145009,1.0163386,10.091560000000001,1550002938389
18072,99,Gyroscope,0.04370741,-0.028948900000000003,0.029889636,1550002938399
18073,99,Accelerometer,0.046686932,1.2294226000000001,9.31105,1550002938400
18074,99,Gyroscope,-0.026542092000000003,-0.02100765,0.019504927,1550002938409
18075,99,Accelerometer,-0.34117374,1.0642227,9.716867,1550002938410
18076,99,Gyroscope,-0.0063835381999999994,-0.0039034244,0.031111367,1550002938419
18077,99,Accelerometer,-0.29328972,0.272939,10.420763,1550002938419
18078,99,Gyroscope,0.039431356,0.015033398,0.017061466,1550002938429
18079,99,Accelerometer,-0.31004912,0.6991069000000001,9.702502,1550002938430
18080,99,Gyroscope,0.024159724,0.034581087999999996,0.014618006999999999,1550002938439
18081,99,Accelerometer,-0.15442601,0.35075054,8.992621,1550002938439
18082,99,Gyroscope,0.030268377000000003,0.048020124000000004,-0.0018753556,1550002938449
18083,99,Accelerometer,0.20949265,0.8451531999999999,9.7240505,1550002938450
18084,99,Gyroscope,0.043096546,0.04435493,0.017672332,1550002938459
18085,99,Accelerometer,1.2342110000000002,0.39743748,9.141062,1550002938459
18086,99,Gyroscope,-0.0014966168,0.035191953,-0.0140926605,1550002938469
18087,99,Accelerometer,1.4676456,0.8774749,9.928755,1550002938470
18088,99,Gyroscope,0.029046647000000002,-0.00023823230999999999,-0.019590449,1550002938479
18089,99,Accelerometer,2.2744915,0.2621651,8.841787,1550002938480
18090,99,Gyroscope,0.088911444,-0.00023823230999999999,-0.033640347,1550002938489
18091,99,Accelerometer,2.4492682999999995,1.4652513999999999,10.516531,1550002938490
18092,99,Gyroscope,-0.034483336,0.024807245,-0.053798902999999995,1550002938499
18093,99,Accelerometer,0.6691794,-0.1592144,9.774328,1550002938500
18094,99,Gyroscope,-0.07296785,-0.0020708293,-0.045857653,1550002938509
18095,99,Accelerometer,1.3551182,1.1887212,12.504914999999999,1550002938509
18096,99,Gyroscope,0.09990702,-0.11874609,-0.04280333,1550002938520
18097,99,Accelerometer,2.9077580000000003,-0.27892449999999996,8.700529,1550002938520
18098,99,Gyroscope,-0.008826999,-0.04055534,-0.08556389999999998,1550002938529
18099,99,Accelerometer,0.8511386999999999,1.483208,8.901641999999999,1550002938529
18100,99,Gyroscope,-0.09007207,-0.011844671999999999,-0.06051842,1550002938540
18101,99,Accelerometer,0.581791,0.38426940000000004,10.57878,1550002938540
18102,99,Gyroscope,0.054092124000000005,-0.091257155,-0.050744575,1550002938549
18103,99,Accelerometer,1.1013328000000002,1.2653356000000002,10.815806,1550002938549
18104,99,Gyroscope,0.022327128999999998,-0.115691766,-0.055631495999999996,1550002938560
18105,99,Accelerometer,1.352724,1.0654198000000001,8.549694,1550002938560
18106,99,Gyroscope,-0.022876898,-0.066822544,-0.03608381,1550002938569
18107,99,Accelerometer,0.81402856,1.4449007999999999,9.743203999999999,1550002938569
18108,99,Gyroscope,0.030879242,-0.03750101,-0.04769025,1550002938579
18109,99,Accelerometer,-0.027533319,1.5466543,10.268730999999999,1550002938580
18110,99,Gyroscope,0.039431356,-0.043609664000000006,-0.031196889,1550002938589
18111,99,Accelerometer,0.48482585,0.7469909,10.396821000000001,1550002938589
18112,99,Gyroscope,-0.0057726726,-0.07170947,-0.008594873000000001,1550002938599
18113,99,Accelerometer,1.6388310000000001,1.0833763,9.657013000000001,1550002938600
18114,99,Gyroscope,0.01316415,-0.06315735,-0.04646852,1550002938609
18115,99,Accelerometer,0.82240826,1.9752164,9.257181,1550002938610
18116,99,Gyroscope,-0.026542092000000003,-0.038111877,-0.058685824000000004,1550002938619
18117,99,Accelerometer,0.5243302,1.2054806,9.417591999999999,1550002938620
18118,99,Gyroscope,-0.058917947000000005,-0.022840247,-0.055631495999999996,1550002938629
18119,99,Accelerometer,0.2669535,0.81402856,10.296265,1550002938630
18120,99,Gyroscope,0.027824916,-0.039944474,-0.08800735,1550002938639
18121,99,Accelerometer,0.81642276,1.6639702,11.110292999999999,1550002938639
18122,99,Gyroscope,-0.011881325,-0.0057360195,-0.045246787000000004,1550002938649
18123,99,Accelerometer,0.3854665,0.9816226999999998,9.224859,1550002938650
18124,99,Gyroscope,-0.03387247,-0.006957751,-0.037916407,1550002938659
18125,99,Accelerometer,0.016759411999999998,1.8938134999999998,9.768343,1550002938659
18126,99,Gyroscope,0.04554001,0.024196379,-0.04769025,1550002938670
18127,99,Accelerometer,0.6715736,1.0103531,9.592369,1550002938670
18128,99,Gyroscope,-0.016768249,0.046798393,-0.0030970859999999998,1550002938679
18129,99,Accelerometer,0.0035913025,1.4676456,9.184157,1550002938679
18130,99,Gyroscope,-0.06747006,0.052907042,-0.000653625,1550002938689
18131,99,Accelerometer,0.33399114,1.2773066000000002,9.648633,1550002938690
18132,99,Gyroscope,0.019883668,0.048020124000000004,-0.041581597000000005,1550002938699
18133,99,Accelerometer,0.89543146,1.6831238000000002,9.894038,1550002938699
18134,99,Gyroscope,-0.018600842,0.052907042,-0.03486208,1550002938709
18135,99,Accelerometer,0.088585466,1.3371617,8.829816000000001,1550002938710
18136,99,Gyroscope,-0.046089776,0.05596137,-0.018368717,1550002938719
18137,99,Accelerometer,0.14006079999999999,1.4867992,10.357317,1550002938720
18138,99,Gyroscope,0.02477059,0.04740926,-0.018979583,1550002938729
18139,99,Accelerometer,0.78769237,0.61650693,10.475829,1550002938730
18140,99,Gyroscope,0.00033598019999999995,0.022363782000000002,-0.033640347,1550002938740
18141,99,Accelerometer,0.9648633,1.7142484,10.070012,1550002938740
18142,99,Gyroscope,-0.02409863,0.0034269579,-0.018979583,1550002938749
18143,99,Accelerometer,1.2653356000000002,0.6715736,9.861717,1550002938749
18144,99,Gyroscope,0.025992319,-0.0026816929999999998,-0.02325564,1550002938760
18145,99,Accelerometer,1.0259154000000001,1.1959038,10.386047,1550002938760
18146,99,Gyroscope,-0.0063835381999999994,0.006481286,-0.030586022999999997,1550002938769
18147,99,Accelerometer,1.2282255,0.5291186,9.1590185,1550002938770
18148,99,Gyroscope,-0.017989976,-0.0039034244,-0.016536122,1550002938779
18149,99,Accelerometer,0.79966336,1.13964,10.230424000000001,1550002938779
18150,99,Gyroscope,0.038209625,-0.028948900000000003,-0.009816604,1550002938790
18151,99,Accelerometer,0.79008657,0.88944596,10.155006,1550002938790
18152,99,Gyroscope,-0.006994404,-0.010622941,-0.008594873000000001,1550002938799
18153,99,Accelerometer,0.5805939,1.5370774999999999,9.698911,1550002938799
18154,99,Gyroscope,-0.054641888,-0.00023823230999999999,0.013396275,1550002938810
18155,99,Accelerometer,0.2657564,1.0977415000000001,9.956287,1550002938810
18156,99,Gyroscope,0.047983468,-0.046663992,0.0017898360000000002,1550002938819
18157,99,Accelerometer,0.41060558,1.0235212,9.927557,1550002938819
18158,99,Gyroscope,-0.016768249,-0.039333608,-0.02203391,1550002938830
18159,99,Accelerometer,0.9576806999999999,2.3116016,10.936713000000001,1550002938830
18160,99,Gyroscope,-0.08946121,0.0034269579,0.018283198,1550002938839
18161,99,Accelerometer,-0.13407529999999998,0.93972415,10.523713,1550002938839
18162,99,Gyroscope,0.0033903066,-0.050329182,0.019504927,1550002938850
18163,99,Accelerometer,1.3491327,0.93852705,8.425196000000001,1550002938850
18164,99,Gyroscope,0.08219192,-0.035057552,-0.004929682,1550002938859
18165,99,Accelerometer,0.78050977,0.90141696,8.659827,1550002938860
18166,99,Gyroscope,-0.02898555,0.008924745,-0.017757852,1550002938869
18167,99,Accelerometer,-0.36032736,0.736217,9.639056,1550002938870
18168,99,Gyroscope,0.021105397,0.0058704205,-0.0030970859999999998,1550002938879
18169,99,Accelerometer,0.08259996,0.9828198,10.363302000000001,1550002938879
18170,99,Gyroscope,-0.03203988,-0.00817948,-0.0140926605,1550002938890
18171,99,Accelerometer,0.34715924,1.0582372,10.042479,1550002938890
18172,99,Gyroscope,0.0021685753,-0.029559765,-0.008594873000000001,1550002938899
18173,99,Accelerometer,0.19033903,1.1312603,9.578004,1550002938900
18174,99,Gyroscope,0.010720688999999999,-0.008790346,-0.012260064499999999,1550002938909
18175,99,Accelerometer,0.027533319,1.472434,9.783905,1550002938909
18176,99,Gyroscope,0.01560761,-0.00084909797,0.03416569,1550002938920
18177,99,Accelerometer,0.39624038,1.5825673,9.896433,1550002938920
18178,99,Gyroscope,0.028435782000000003,-0.004514288,0.048215594,1550002938929
18179,99,Accelerometer,-1.1408371000000002,1.0654198000000001,10.59554,1550002938930
18180,99,Gyroscope,0.016829342,0.005259555,0.05004819,1550002938939
18181,99,Accelerometer,0.12928689,0.93972415,10.073604,1550002938939
18182,99,Gyroscope,-0.013103055,0.020531185,0.09769568,1550002938949
18183,99,Accelerometer,1.1731589,1.9764134999999998,9.627085000000001,1550002938950
18184,99,Gyroscope,-0.019822573,0.00037263334000000003,0.049437325,1550002938959
18185,99,Accelerometer,0.051475335,0.30645782,10.125079,1550002938960
18186,99,Gyroscope,0.0009468458599999999,-0.010622941,0.0024007012,1550002938969
18187,99,Accelerometer,0.7350199000000001,0.38067806,10.408792,1550002938970
18188,99,Gyroscope,0.0113315545,-0.027727167999999996,0.028667906,1550002938979
18189,99,Accelerometer,2.3127987,0.04309563,10.070012,1550002938980
18190,99,Gyroscope,0.05348126,-0.061324757,-0.036694676,1550002938990
18191,99,Accelerometer,1.4437037,-0.11492168,9.323022,1550002938990
18192,99,Gyroscope,0.011942419,-0.05582697,-0.074568324,1550002938999
18193,99,Accelerometer,1.2665327,0.6751649000000001,9.36492,1550002939000
18194,99,Gyroscope,-0.018600842,-0.049718317000000005,-0.06418361,1550002939009
18195,99,Accelerometer,1.5765818,0.8834603999999999,10.055647,1550002939009
18196,99,Gyroscope,0.03210097,-0.05277264,-0.07945524,1550002939020
18197,99,Accelerometer,1.1312603,0.58777654,9.621099000000001,1550002939020
18198,99,Gyroscope,0.008888093,-0.04910745,-0.05013371,1550002939029
18199,99,Accelerometer,1.3383588,1.3383588,8.831013,1550002939030
18200,99,Gyroscope,-0.02165517,-0.027727167999999996,0.0042332970000000004,1550002939039
18201,99,Accelerometer,1.3072342,1.2078748,9.543288,1550002939040
18202,99,Gyroscope,0.00033598019999999995,-0.012455538,-0.000653625,1550002939050
18203,99,Accelerometer,1.2653356000000002,1.3383588,9.981427,1550002939050
18204,99,Gyroscope,0.044929143,-0.02222938,0.019504927,1550002939059
18205,99,Accelerometer,1.3024458,1.4652513999999999,9.2308445,1550002939060
18206,99,Gyroscope,-0.0076052677,-0.004514288,0.012174546000000001,1550002939069
18207,99,Accelerometer,1.2413936,2.0685901999999996,9.925163000000001,1550002939070
18208,99,Gyroscope,-0.015546517,-0.012455538,0.009731084000000001,1550002939080
18209,99,Accelerometer,1.4628572,2.0805612,10.326192,1550002939080
18210,99,Gyroscope,-0.0039400775,-0.028338033999999998,-4.2759813000000006e-05,1550002939089
18211,99,Accelerometer,1.5957354,1.7357962,9.841366,1550002939090
18212,99,Gyroscope,-0.0027183462,-0.043609664000000006,0.0048441626,1550002939099
18213,99,Accelerometer,1.0714053,1.2749124,9.720459,1550002939099
18214,99,Gyroscope,0.029657512999999996,-0.027727167999999996,-0.01287093,1550002939110
18215,99,Accelerometer,1.7944542,1.3611037,8.728063,1550002939110
18216,99,Gyroscope,0.0052229017,-0.00817948,0.019504927,1550002939119
18217,99,Accelerometer,1.2330139,1.2174516000000002,9.097966,1550002939120
18218,99,Gyroscope,0.03882049,0.0040378235,0.023780985,1550002939129
18219,99,Accelerometer,1.5406688,0.7338228,10.217255999999999,1550002939129
18220,99,Gyroscope,0.055924714,-0.0039034244,0.021337522,1550002939139
18221,99,Accelerometer,1.8315643,0.62249243,9.623494,1550002939140
18222,99,Gyroscope,0.013775015,0.005259555,0.031111367,1550002939149
18223,99,Accelerometer,1.3467385,0.5351041,9.482236,1550002939150
18224,99,Gyroscope,0.030268377000000003,0.016865995,-0.0030970859999999998,1550002939159
18225,99,Accelerometer,1.8207904,0.712275,9.363723,1550002939160
18226,99,Gyroscope,0.034544434,0.007092151999999999,-0.014703525,1550002939169
18227,99,Accelerometer,1.4437037,0.9983820999999999,9.127894,1550002939170
18228,99,Gyroscope,0.027824916,0.058404832999999996,-0.009205738,1550002939179
18229,99,Accelerometer,1.1025299,0.11731588,8.391677,1550002939180
18230,99,Gyroscope,-0.04425718,0.07795252,-0.017146988000000002,1550002939189
18231,99,Accelerometer,-0.18794483,2.256535,11.632228999999999,1550002939190
18232,99,Gyroscope,-0.055252752999999995,-0.019175055,-0.0018753556,1550002939199
18233,99,Accelerometer,1.7214310000000002,0.830788,11.896789,1550002939200
18234,99,Gyroscope,0.044318277,-0.039333608,-0.0018753556,1550002939209
18235,99,Accelerometer,1.1863270000000001,1.3479356000000002,9.5253315,1550002939210
18236,99,Gyroscope,-0.11756101,0.018087726000000002,0.016450599999999996,1550002939219
18237,99,Accelerometer,0.5434838000000001,1.8327613999999999,9.388862,1550002939220
18238,99,Gyroscope,-0.10534371,0.005259555,0.016450599999999996,1550002939229
18239,99,Accelerometer,1.1348516000000002,1.1109096,10.011353999999999,1550002939229
18240,99,Gyroscope,-0.0021074805,-0.024061977999999998,0.01034195,1550002939240
18241,99,Accelerometer,1.3515268999999999,1.5346833,10.5704,1550002939240
18242,99,Gyroscope,-0.06319401,-0.0032925587,-0.032418616000000004,1550002939249
18243,99,Accelerometer,1.5334862,-0.20590134,9.091981,1550002939250
18244,99,Gyroscope,-0.04670064,0.006481286,-0.025699101000000002,1550002939259
18245,99,Accelerometer,0.30047232,2.3822308,9.901221000000001,1550002939259
18246,99,Gyroscope,-0.0027183462,-0.009401211500000001,0.0011789708,1550002939270
18247,99,Accelerometer,1.5562311000000002,0.89662856,10.135853,1550002939270
18248,99,Gyroscope,0.055313855,-0.058270432000000004,0.064708956,1550002939279
18249,99,Accelerometer,2.3678656000000005,0.7182605,11.071986,1550002939280
18250,99,Gyroscope,0.065698564,-0.0851485,0.06043289599999999,1550002939289
18251,99,Accelerometer,3.3243492,1.8818424999999999,8.554482,1550002939289
18252,99,Gyroscope,0.006444632,-0.09370062,0.02927877,1550002939300
18253,99,Accelerometer,1.2449848999999997,1.4544774999999999,9.575610000000001,1550002939300
18254,99,Gyroscope,-0.044868045,-0.08942456,0.025002714,1550002939309
18255,99,Accelerometer,0.7374141,0.38067806,9.643844999999999,1550002939310
18256,99,Gyroscope,0.03393357,-0.068044275,-0.000653625,1550002939319
18257,99,Accelerometer,0.5363011999999999,0.9852139999999999,9.888053,1550002939320
18258,99,Gyroscope,-0.0014966168,-0.025894572999999997,-0.014703525,1550002939329
18259,99,Accelerometer,0.34715924,0.61411273,9.692925,1550002939330
18260,99,Gyroscope,0.047983468,-0.025894572999999997,-0.013481795,1550002939339
18261,99,Accelerometer,-0.8559271,0.51235914,9.344569,1550002939340
18262,99,Gyroscope,0.06203337,0.018087726000000002,-0.025088236,1550002939349
18263,99,Accelerometer,-0.61052144,1.62686,9.214086,1550002939350
18264,99,Gyroscope,-0.06930265599999999,0.044965795999999995,0.015228872,1550002939360
18265,99,Accelerometer,-0.35314476,0.8475474000000001,9.516952,1550002939360
18266,99,Gyroscope,-0.03509419999999999,0.051074445,-0.0030970859999999998,1550002939369
18267,99,Accelerometer,0.24301147,1.4041992,10.8229885,1550002939370
18268,99,Gyroscope,-0.0008857511,0.033970222,-0.0030970859999999998,1550002939379
18269,99,Accelerometer,1.0354922,1.376666,9.472659,1550002939379
18270,99,Gyroscope,-0.040591992,0.021752916,-0.0018753556,1550002939390
18271,99,Accelerometer,0.9959879,1.4137761999999998,9.646238,1550002939390
18272,99,Gyroscope,-0.008826999,-0.00023823230999999999,-0.0030970859999999998,1550002939399
18273,99,Accelerometer,1.5454572,1.2306197,9.837775,1550002939400
18274,99,Gyroscope,0.035155296,0.007092151999999999,-0.0030970859999999998,1550002939409
18275,99,Accelerometer,1.8195933000000002,1.4041992,9.9550905,1550002939409
18276,99,Gyroscope,-0.04547891,-0.0020708293,-4.2759813000000006e-05,1550002939420
18277,99,Accelerometer,2.1176715,0.7697359,10.409989,1550002939420
18278,99,Gyroscope,-0.025931226,-0.039944474,-0.009816604,1550002939429
18279,99,Accelerometer,2.5594015,0.25977087,11.274296000000001,1550002939430
18280,99,Gyroscope,0.008277228000000001,-0.081483305,-0.042192463,1550002939439
18281,99,Accelerometer,2.0123265,-0.11372458,9.337387,1550002939439
18282,99,Gyroscope,-0.014324786,-0.06743341,-0.08067697,1550002939449
18283,99,Accelerometer,1.6160861,0.8571242,9.516952,1550002939450
18284,99,Gyroscope,-0.04242459,-0.057048699999999994,-0.08678562,1550002939459
18285,99,Accelerometer,0.90859956,0.59376204,9.846153999999999,1550002939460
18286,99,Gyroscope,-0.051587567,-0.061935622,-0.09961379,1550002939469
18287,99,Accelerometer,0.2873042,1.5514427,10.348937,1550002939470
18288,99,Gyroscope,-0.050365835,-0.07048774,-0.07945524,1550002939479
18289,99,Accelerometer,0.47524905,1.2737153,9.460688000000001,1550002939480
18290,99,Gyroscope,-0.033261612,-0.053383507000000004,-0.07701178,1550002939489
18291,99,Accelerometer,0.32441434,1.4053963,9.81503,1550002939490
18292,99,Gyroscope,-0.05708535,-0.06498995,-0.09533774,1550002939499
18293,99,Accelerometer,-1.8279729999999998,0.93852705,8.599973,1550002939500
18294,99,Gyroscope,-0.10167851,-0.013066402,-0.067237936,1550002939509
18295,99,Accelerometer,-0.0023942017,2.6001031,12.366052,1550002939509
18296,99,Gyroscope,-0.0014966168,-0.12546559999999998,-0.029364292,1550002939520
18297,99,Accelerometer,2.5366566,1.1204863999999999,8.231264999999999,1550002939520
18298,99,Gyroscope,0.15427402,-0.09370062,-0.07334659,1550002939529
18299,99,Accelerometer,0.8858546,2.8634652999999997,5.9041014,1550002939530
18300,99,Gyroscope,-0.03509419999999999,0.06573521,-0.015314391,1550002939539
18301,99,Accelerometer,0.37469256,0.9900024,7.261614,1550002939539
18302,99,Gyroscope,0.07730500400000001,0.010757342,0.018894061,1550002939550
18303,99,Accelerometer,1.1504139,1.4041992,12.422316,1550002939550
18304,99,Gyroscope,0.14327845,-0.024672844,0.026224446000000002,1550002939560
18305,99,Accelerometer,1.4604629999999998,0.47764325,10.192117,1550002939560
18306,99,Gyroscope,-0.028374685,0.02114205,0.009731084000000001,1550002939569
18307,99,Accelerometer,1.0702082,1.8986019,7.929596000000001,1550002939569
18308,99,Gyroscope,0.021105397,0.04557666,0.03599829,1550002939579
18309,99,Accelerometer,1.1994951,1.9656396,9.1255,1550002939580
18310,99,Gyroscope,0.047983468,0.04863099,0.08547837,1550002939589
18311,99,Accelerometer,0.35673606,1.7717092,9.627085000000001,1550002939590
18312,99,Gyroscope,-0.08213083,0.12315654,0.03722002,1550002939599
18313,99,Accelerometer,0.8463503000000001,1.8986019,8.985439,1550002939600
18314,99,Gyroscope,-0.015546517,0.12254568,0.058600303,1550002939609
18315,99,Accelerometer,0.39504328,2.7629087,9.872491,1550002939610
18316,99,Gyroscope,0.01560761,0.116437025,0.048215594,1550002939620
18317,99,Accelerometer,0.11492168,0.9696517,10.266336,1550002939620
18318,99,Gyroscope,0.012553285,0.11888049,0.059822034,1550002939629
18319,99,Accelerometer,-0.36511576,1.8579005000000002,8.743625,1550002939630
18320,99,Gyroscope,-0.013103055,0.13354126,0.050659052999999996,1550002939639
18321,99,Accelerometer,0.46806642,2.0578163000000003,9.524135000000001,1550002939640
18322,99,Gyroscope,0.061422504,0.15614328,0.111134715,1550002939649
18323,99,Accelerometer,-0.40102878,0.91817635,10.048465,1550002939650
18324,99,Gyroscope,0.07852673,0.16347367,0.15328443,1550002939659
18325,99,Accelerometer,-0.62967503,1.2976573999999998,9.740809,1550002939659
18326,99,Gyroscope,0.0021685753,0.1500346,0.14534317,1550002939669
18327,99,Accelerometer,1.0378863999999999,1.9309237000000001,10.717644,1550002939670
18328,99,Gyroscope,0.06814202,0.09505675,0.18871461,1550002939679
18329,99,Accelerometer,1.0307038,1.8806453999999997,11.129447,1550002939680
18330,99,Gyroscope,0.033322702999999995,0.073065594,0.17832989999999999,1550002939689
18331,99,Accelerometer,1.3970166000000002,1.3455413999999999,9.696517,1550002939690
18332,99,Gyroscope,-0.06563746,0.07795252,0.13679107,1550002939699
18333,99,Accelerometer,1.8471266,1.483208,9.580399,1550002939699
18334,99,Gyroscope,-0.013103055,0.052907042,0.121519424,1550002939710
18335,99,Accelerometer,0.80205756,0.5662286999999999,10.453085,1550002939710
18336,99,Gyroscope,0.035766162000000004,0.036413684,0.09158703,1550002939719
18337,99,Accelerometer,0.59495914,0.46327803,10.1226845,1550002939720
18338,99,Gyroscope,-0.03203988,0.05168531,0.07326107,1550002939729
18339,99,Accelerometer,0.7721300999999999,0.7721300999999999,9.435549,1550002939729
18340,99,Gyroscope,-0.011881325,0.061459154,0.050659052999999996,1550002939740
18341,99,Accelerometer,0.7457938000000001,0.8283938,9.508572000000001,1550002939740
18342,99,Gyroscope,-0.02898555,0.07245473,0.059822034,1550002939749
18343,99,Accelerometer,-0.20470424,0.59855044,9.661800999999999,1550002939750
18344,99,Gyroscope,-0.08335256,0.07001127,0.031111367,1550002939759
18345,99,Accelerometer,0.20111294,1.0785878999999998,9.794678999999999,1550002939759
18346,99,Gyroscope,-0.034483336,0.061459154,0.017672332,1550002939770
18347,99,Accelerometer,-0.42975920000000006,0.8343792999999999,8.924387,1550002939770
18348,99,Gyroscope,-0.04425718,0.10055453,0.015228872,1550002939779
18349,99,Accelerometer,-0.12210429,1.3251906999999998,9.1829605,1550002939780
18350,99,Gyroscope,-0.041813724,0.11949136,0.032943964,1550002939789
18351,99,Accelerometer,-0.0011971008,1.3778629999999998,10.389638,1550002939789
18352,99,Gyroscope,-0.005161807,0.09811107,0.01156368,1550002939800
18353,99,Accelerometer,-0.20231004,0.93254155,10.378864,1550002939800
18354,99,Gyroscope,-0.01737911,0.07917425,0.007287623399999999,1550002939809
18355,99,Accelerometer,0.8319851,1.3874398000000001,10.447099,1550002939810
18356,99,Gyroscope,0.00033598019999999995,0.06390262,0.014007141,1550002939819
18357,99,Accelerometer,0.49200845,1.328782,10.30225,1550002939819
18358,99,Gyroscope,0.018661937,0.04740926,0.02927877,1550002939829
18359,99,Accelerometer,0.8367735000000001,1.1073183000000002,10.559627,1550002939830
18360,99,Gyroscope,-0.06319401,0.029694162000000003,0.013396275,1550002939839
18361,99,Accelerometer,-1.2437878,0.81881696,10.316614999999999,1550002939840
18362,99,Gyroscope,-0.080909096,0.03152676,0.042717807000000003,1550002939849
18363,99,Accelerometer,0.005985504,1.6627731,13.072341,1550002939849
18364,99,Gyroscope,-0.05708535,-0.09492235,0.043328673,1550002939859
18365,99,Accelerometer,1.4425066,0.44532153,10.089166,1550002939860
18366,99,Gyroscope,0.0650877,-0.10347446,-4.2759813000000006e-05,1550002939869
18367,99,Accelerometer,0.81761986,1.5406688,7.5309615,1550002939870
18368,99,Gyroscope,0.0040011713,0.0077030174,0.023780985,1550002939879
18369,99,Accelerometer,0.29568392,0.91338795,8.295909,1550002939879
18370,99,Gyroscope,-0.07418958,0.01625513,0.05004819,1550002939890
18371,99,Accelerometer,0.5722142,0.63087213,11.107899,1550002939890
18372,99,Gyroscope,0.05042693,-0.06010303,0.0109528145,1550002939899
18373,99,Accelerometer,1.2689268999999999,0.29688102,11.3964,1550002939900
18374,99,Gyroscope,0.006444632,-0.07659639,-0.0067622773,1550002939909
18375,99,Accelerometer,1.6687585999999999,-0.22146365,7.9846625,1550002939909
18376,99,Gyroscope,-0.080909096,-0.00023823230999999999,-0.055020634000000006,1550002939919
18377,99,Accelerometer,0.4441244000000001,0.9540894,9.168595,1550002939920
18378,99,Gyroscope,-0.047311507,0.021752916,-0.071513996,1550002939929
18379,99,Accelerometer,0.92895025,0.25617957,9.321824000000001,1550002939930
18380,99,Gyroscope,-0.07602217,0.03702455,-0.09533774,1550002939939
18381,99,Accelerometer,0.78888947,0.61530983,9.7863,1550002939939
18382,99,Gyroscope,-0.08396342400000001,0.029694162000000003,-0.11855062,1550002939949
18383,99,Accelerometer,0.40462008,1.2174516000000002,10.320207,1550002939950
18384,99,Gyroscope,0.017440207,0.0009834989999999999,-0.06540534,1550002939959
18385,99,Accelerometer,0.32202014,1.163582,9.736021000000001,1550002939960
18386,99,Gyroscope,-0.0369268,0.010757342,-0.021423044,1550002939969
18387,99,Accelerometer,0.70509243,0.48362875,9.442732000000001,1550002939969
18388,99,Gyroscope,0.0009468458599999999,0.015644263000000002,-0.039749,1550002939979
18389,99,Accelerometer,0.9888053,1.2162545,10.041282,1550002939980
18390,99,Gyroscope,0.010720688999999999,0.018087726000000002,-0.04646852,1550002939989
18391,99,Accelerometer,1.0845733999999998,1.3096284,9.241617999999999,1550002939990
18392,99,Gyroscope,-0.05586362,0.027250702999999998,-0.05929669,1550002939999
18393,99,Accelerometer,1.2018893,0.51714754,9.82341,1550002939999
18394,99,Gyroscope,-0.027152957000000002,0.01747686,-0.08678562,1550002940009
18395,99,Accelerometer,0.8463503000000001,0.44532153,9.965864,1550002940010
18396,99,Gyroscope,-0.08457429,0.0022052303,-0.10083552400000001,1550002940019
18397,99,Accelerometer,1.6699557,0.5602431999999999,10.45907,1550002940020
18398,99,Gyroscope,-0.08213083,-0.034446687000000004,-0.089229085,1550002940029
18399,99,Accelerometer,1.3694833999999998,0.6919243,10.047267,1550002940030
18400,99,Gyroscope,-0.076633036,-0.024061977999999998,-0.12832445,1550002940039
18401,99,Accelerometer,1.9883845000000002,1.0833763,10.43034,1550002940039
18402,99,Gyroscope,-0.015546517,-0.024061977999999998,-0.10999849999999999,1550002940050
18403,99,Accelerometer,0.92296475,0.51355624,9.536105000000001,1550002940050
18404,99,Gyroscope,-0.047311507,-0.035057552,-0.1607003,1550002940059
18405,99,Accelerometer,1.8064252,0.9852139999999999,9.628283,1550002940060
18406,99,Gyroscope,0.018051071000000002,-0.035057552,-0.13993089,1550002940069
18407,99,Accelerometer,0.7146691999999999,0.29328972,8.966286,1550002940069
18408,99,Gyroscope,0.029046647000000002,0.008924745,-0.1558134,1550002940080
18409,99,Accelerometer,0.6607997,0.44891283,8.583213,1550002940080
18410,99,Gyroscope,-0.038759395,0.041300602,-0.14115262,1550002940089
18411,99,Accelerometer,0.49919105,1.2665327,8.956709,1550002940090
18412,99,Gyroscope,-0.01127046,0.05962656400000001,-0.12282667,1550002940099
18413,99,Accelerometer,0.59974754,0.78290397,9.9550905,1550002940099
18414,99,Gyroscope,-0.019211708,0.039468005,-0.10877677,1550002940110
18415,99,Accelerometer,0.39624038,1.6879122,10.289082,1550002940110
18416,99,Gyroscope,-0.03387247,0.04007887,-0.09228341,1550002940119
18417,99,Accelerometer,0.9828198,1.0941502,9.109938,1550002940120
18418,99,Gyroscope,-0.021044305,0.05168531,-0.077622645,1550002940129
18419,99,Accelerometer,1.091756,1.4939818,9.43914,1550002940129
18420,99,Gyroscope,-0.021044305,0.066956945,-0.059907555999999994,1550002940139
18421,99,Accelerometer,1.1073183000000002,1.7022773999999998,9.448717,1550002940140
18422,99,Gyroscope,-0.041202857999999995,0.057793967,-0.050744575,1550002940150
18423,99,Accelerometer,1.6160861,2.1679497000000003,9.868899,1550002940150
18424,99,Gyroscope,-0.023487763,0.033359356,-0.032418616000000004,1550002940159
18425,99,Accelerometer,2.0781669999999997,1.6699557,10.396821000000001,1550002940160
18426,99,Gyroscope,0.0027794409999999997,0.006481286,-0.010427468,1550002940169
18427,99,Accelerometer,1.8962077000000002,1.6101006000000002,10.248381,1550002940170
18428,99,Gyroscope,-0.030207282000000002,-0.009401211500000001,-0.0061514126,1550002940179
18429,99,Accelerometer,1.9381063000000003,1.7274165000000001,10.085575,1550002940179
18430,99,Gyroscope,0.025992319,-0.041166205,-0.000653625,1550002940189
18431,99,Accelerometer,2.4791958,1.3730746999999999,9.719261999999999,1550002940190
18432,99,Gyroscope,0.065698564,-0.012455538,0.014007141,1550002940199
18433,99,Accelerometer,2.5809495,0.94211835,8.704121,1550002940200
18434,99,Gyroscope,0.03393357,0.019309454,0.012174546000000001,1550002940209
18435,99,Accelerometer,1.5682021000000002,1.0019734,12.978968,1550002940210
18436,99,Gyroscope,-0.04853324,-0.08759196,0.02927877,1550002940219
18437,99,Accelerometer,1.8016368000000003,-0.45370123,9.779117,1550002940219
18438,99,Gyroscope,0.195202,-0.19021732,0.0005681054,1550002940229
18439,99,Accelerometer,1.2677298000000001,1.7776948000000001,7.656657000000001,1550002940230
18440,99,Gyroscope,-0.0033292117999999997,-0.09675494,0.11235645,1550002940240
18441,99,Accelerometer,2.2960392999999995,1.7262194,8.519767,1550002940240
18442,99,Gyroscope,0.06936375,-0.114470035,0.11846509599999999,1550002940249
18443,99,Accelerometer,0.92775315,0.22625206,11.43351,1550002940250
18444,99,Gyroscope,0.113346055,-0.07354206,0.08425664,1550002940259
18445,99,Accelerometer,-1.1971009,-0.14006079999999999,10.222044,1550002940260
18446,99,Gyroscope,-0.0509767,0.073065594,0.11418904,1550002940269
18447,99,Accelerometer,1.8399439999999998,1.2749124,6.3865333,1550002940269
18448,99,Gyroscope,-0.13527611,0.1500346,0.121519424,1550002940280
18449,99,Accelerometer,-0.07182605,3.9995138999999997,9.129091,1550002940280
18450,99,Gyroscope,-0.16887370000000002,0.15186721,-0.093505144,1550002940290
18451,99,Accelerometer,-1.8794483,1.423353,12.063186,1550002940290
18452,99,Gyroscope,-0.01004873,0.05596137,-0.08250957,1550002940299
18453,99,Accelerometer,-0.272939,1.9680338,11.83813,1550002940300
18454,99,Gyroscope,-0.015546517,0.036413684,-0.0061514126,1550002940309
18455,99,Accelerometer,0.81163436,0.21188685,9.495403999999999,1550002940309
18456,99,Gyroscope,0.008277228000000001,0.029694162000000003,-0.07334659,1550002940319
18457,99,Accelerometer,0.4309563,2.2026656000000004,8.820239,1550002940320
18458,99,Gyroscope,0.04554001,0.01747686,0.054935113,1550002940329
18459,99,Accelerometer,2.72939,2.3535004,9.416395,1550002940330
18460,99,Gyroscope,-0.014324786,0.0015943646,0.028667906,1550002940339
18461,99,Accelerometer,1.5346833,-0.60812724,9.872491,1550002940340
18462,99,Gyroscope,0.016218476000000003,-0.02222938,-0.015925256999999998,1550002940349
18463,99,Accelerometer,1.1803415000000002,0.8547299999999999,11.135432000000002,1550002940349
18464,99,Gyroscope,0.07058548,-0.05277264,0.031111367,1550002940359
18465,99,Accelerometer,2.3427265,0.9588778,10.129868,1550002940360
18466,99,Gyroscope,0.014996746000000002,-0.041777067,0.032943964,1550002940369
18467,99,Accelerometer,1.5167267,-0.14724341,9.539697,1550002940370
18468,99,Gyroscope,0.034544434,-0.050940047999999995,0.02805704,1550002940379
18469,99,Accelerometer,1.0307038,0.17118542,10.140641,1550002940380
18470,99,Gyroscope,0.073028944,-0.06865514,0.008509354,1550002940389
18471,99,Accelerometer,0.9636662,0.90740246,9.157822,1550002940390
18472,99,Gyroscope,-0.0045509413,-0.05216177599999999,0.01034195,1550002940399
18473,99,Accelerometer,1.1492168,1.532289,9.062054,1550002940399
18474,99,Gyroscope,-0.0021074805,-0.041166205,0.015839735,1550002940410
18475,99,Accelerometer,-0.01436521,1.6364368,10.602722,1550002940410
18476,99,Gyroscope,-0.02532036,-0.02100765,0.025002714,1550002940419
18477,99,Accelerometer,0.1328782,1.3814543,9.7863,1550002940420
18478,99,Gyroscope,-0.06624833,-0.049718317000000005,0.030500501,1550002940429
18479,99,Accelerometer,0.061052144,1.1133038,10.007763,1550002940430
18480,99,Gyroscope,0.010720688999999999,-0.06987687,0.006065893,1550002940439
18481,99,Accelerometer,0.36631286,0.7242460000000001,8.811859,1550002940439
18482,99,Gyroscope,-0.0014966168,-0.010622941,-0.000653625,1550002940449
18483,99,Accelerometer,0.5578489999999999,1.6519991000000003,8.491036,1550002940450
18484,99,Gyroscope,-0.0790765,0.03824628,0.015228872,1550002940460
18485,99,Accelerometer,0.36990416,1.0319009,9.835381,1550002940460
18486,99,Gyroscope,0.047983468,-0.01734246,0.007898489,1550002940469
18487,99,Accelerometer,0.40581718,0.8882488000000002,10.546458,1550002940470
18488,99,Gyroscope,-0.006994404,-0.0014599635999999999,0.020726658000000002,1550002940479
18489,99,Accelerometer,1.1264718999999999,0.89782566,9.470264,1550002940480
18490,99,Gyroscope,-0.07602217,0.01992032,0.028667906,1550002940489
18491,99,Accelerometer,1.0199299000000002,0.6703765,9.688137,1550002940489
18492,99,Gyroscope,-0.08579602,0.030305027999999998,-0.007984008,1550002940500
18493,99,Accelerometer,0.5566519,2.1787236,13.53921,1550002940500
18494,99,Gyroscope,-0.12733485,0.011979073,-4.2759813000000006e-05,1550002940509
18495,99,Accelerometer,-0.4321534000000001,-0.12090719,11.733982000000001,1550002940510
18496,99,Gyroscope,-0.11267409,-0.14745677,-0.05440977,1550002940519
18497,99,Accelerometer,0.39025488,3.1543607999999996,13.956999,1550002940520
18498,99,Gyroscope,0.052259527,-0.21159762,-0.06907053,1550002940529
18499,99,Accelerometer,3.4225112999999996,0.80445176,10.198102,1550002940529
18500,99,Gyroscope,0.0052229017,-0.10591792,-0.03486208,1550002940539
18501,99,Accelerometer,0.5734113000000001,2.2278047,8.139089,1550002940540
18502,99,Gyroscope,-0.06319401,-0.071098596,-0.008594873000000001,1550002940550
18503,99,Accelerometer,0.2896984,1.3682863,9.078813,1550002940550
18504,99,Gyroscope,0.12739594,-0.10530706,-0.01287093,1550002940559
18505,99,Accelerometer,1.447295,0.061052144,10.38485,1550002940560
18506,99,Gyroscope,0.07119635,-0.11202657,0.02317012,1550002940570
18507,99,Accelerometer,0.4321534000000001,0.49440265,9.31943,1550002940570
18508,99,Gyroscope,-0.034483336,-0.058881298,-0.0037079514000000003,1550002940579
18509,99,Accelerometer,0.7326256999999999,0.8714894,9.196128999999999,1550002940580
18510,99,Gyroscope,-0.034483336,0.0015943646,-0.031807754,1550002940589
18511,99,Accelerometer,0.47046062,0.6739678000000001,9.13388,1550002940589
18512,99,Gyroscope,-0.039981127000000005,-0.025894572999999997,-0.0140926605,1550002940599
18513,99,Accelerometer,-1.079785,0.16759412,10.484209,1550002940600
18514,99,Gyroscope,0.022327128999999998,-0.061935622,-0.08800735,1550002940609
18515,99,Accelerometer,0.58777654,1.6220716,9.044097,1550002940610
18516,99,Gyroscope,-0.049144104,0.0015943646,-0.06051842,1550002940619
18517,99,Accelerometer,0.6476316,2.0123265,8.536526,1550002940620
18518,99,Gyroscope,-0.019211708,0.033970222,0.015228872,1550002940629
18519,99,Accelerometer,-0.6548142,0.5231331,9.190144,1550002940629
18520,99,Gyroscope,0.044318277,0.04007887,0.01156368,1550002940640
18521,99,Accelerometer,-0.40701428,1.2868833999999998,9.986216,1550002940640
18522,99,Gyroscope,-0.0790765,0.015033398,0.031722232999999996,1550002940650
18523,99,Accelerometer,0.82360536,1.1587936,10.079589,1550002940650
18524,99,Gyroscope,-0.044868045,-0.028338033999999998,0.0323331,1550002940659
18525,99,Accelerometer,1.6412252,1.0247183000000002,10.090363499999999,1550002940660
18526,99,Gyroscope,-0.05708535,-0.06071389,0.051880784000000006,1550002940669
18527,99,Accelerometer,2.1296425,0.9816226999999998,9.671378,1550002940669
18528,99,Gyroscope,-0.053420155999999996,-0.059492163,-0.011038333999999999,1550002940680
18529,99,Accelerometer,0.8810662,0.9911995000000001,10.296265,1550002940680
18530,99,Gyroscope,-0.0057726726,-0.07476379,0.015228872,1550002940690
18531,99,Accelerometer,0.7493850999999999,1.8076223000000002,10.140641,1550002940690
18532,99,Gyroscope,0.021716263,-0.09003542,0.058600303,1550002940699
18533,99,Accelerometer,1.3958195,1.2114661,9.089587,1550002940699
18534,99,Gyroscope,0.06753115,-0.058881298,0.08731097,1550002940709
18535,99,Accelerometer,0.28491,2.3295584,9.65821,1550002940710
18536,99,Gyroscope,-0.02165517,-0.041777067,0.106858656,1550002940719
18537,99,Accelerometer,-0.27174190000000004,1.9045875,9.842564,1550002940720
18538,99,Gyroscope,0.022327128999999998,-0.06865514,0.13618019,1550002940729
18539,99,Accelerometer,0.7338228,1.6017209,10.516531,1550002940730
18540,99,Gyroscope,0.08707885,-0.07659639,0.15145183,1550002940739
18541,99,Accelerometer,0.61890113,2.1942859,8.7125,1550002940739
18542,99,Gyroscope,0.014996746000000002,-0.027116302000000002,0.1764973,1550002940750
18543,99,Accelerometer,-0.50517654,1.5837643999999997,8.513782,1550002940750
18544,99,Gyroscope,-0.006994404,0.01992032,0.21559268,1550002940759
18545,99,Accelerometer,0.23463176,0.8726865,10.0987425,1550002940760
18546,99,Gyroscope,0.085857116,0.021752916,0.22292306,1550002940769
18547,99,Accelerometer,0.6715736,0.4321534000000001,10.067618,1550002940769
18548,99,Gyroscope,0.018051071000000002,0.05473964,0.20398624,1550002940779
18549,99,Accelerometer,1.0007763,0.36990416,10.930728,1550002940779
18550,99,Gyroscope,-0.0369268,0.052907042,0.16672346,1550002940790
18551,99,Accelerometer,0.7206547,-0.23702596,10.7356,1550002940790
18552,99,Gyroscope,0.0015577096,0.03885714,0.122741155,1550002940799
18553,99,Accelerometer,0.17238252,0.7589619000000001,9.111135,1550002940800
18554,99,Gyroscope,-0.0057726726,0.029694162000000003,-0.000653625,1550002940809
18555,99,Accelerometer,0.22864626,0.89662856,7.2939353,1550002940810
18556,99,Gyroscope,-0.04853324,0.12315654,-0.000653625,1550002940819
18557,99,Accelerometer,0.41060558,2.3427265,10.275913000000001,1550002940819
18558,99,Gyroscope,-0.016157383,0.13170865,-0.028142562000000003,1550002940830
18559,99,Accelerometer,-0.7505821999999999,-0.02873042,12.151771,1550002940830
18560,99,Gyroscope,-0.05708535,0.033970222,-0.02325564,1550002940839
18561,99,Accelerometer,0.7410054,-0.36631286,10.374075999999999,1550002940840
18562,99,Gyroscope,0.036377028,-0.0039034244,-0.028753427999999998,1550002940849
18563,99,Accelerometer,1.7322049,0.82001406,10.038888,1550002940849
18564,99,Gyroscope,0.006444632,0.007092151999999999,-0.03730554,1550002940859
18565,99,Accelerometer,1.2844891999999999,0.08020575,9.216479,1550002940860
18566,99,Gyroscope,-0.008826999,0.006481286,-0.06357274,1550002940870
18567,99,Accelerometer,0.89662856,0.5638345,10.016143,1550002940870
18568,99,Gyroscope,-0.0027183462,-0.01978592,-0.048301116,1550002940879
18569,99,Accelerometer,0.9840169,0.11252748,9.776722999999999,1550002940880
18570,99,Gyroscope,0.0009468458599999999,-0.014288133,-0.08067697,1550002940889
18571,99,Accelerometer,0.91219085,0.7433996,9.260772,1550002940889
18572,99,Gyroscope,-0.03814853,0.016865995,-0.07334659,1550002940900
18573,99,Accelerometer,1.2617443000000002,0.415394,9.68694,1550002940900
18574,99,Gyroscope,-0.02532036,0.041300602,-0.14481781,1550002940909
18575,99,Accelerometer,0.50876784,1.0378863999999999,11.286267,1550002940910
18576,99,Gyroscope,-0.00027488545,-0.024061977999999998,-0.14115262,1550002940919
18577,99,Accelerometer,0.5446809,0.31603462,9.752781,1550002940920
18578,99,Gyroscope,0.017440207,-0.07781812,-0.17475021,1550002940929
18579,99,Accelerometer,2.529474,2.1523874,10.073604,1550002940929
18580,99,Gyroscope,0.020494534,-0.027116302000000002,-0.12954618,1550002940940
18581,99,Accelerometer,1.8339584999999998,0.8786719999999999,8.237250999999999,1550002940940
18582,99,Gyroscope,-0.08274169,-0.020396786,-0.10327899,1550002940949
18583,99,Accelerometer,0.5231331,1.4760253,8.680178999999999,1550002940950
18584,99,Gyroscope,-0.014324786,-0.023451112000000003,-0.13870916,1550002940959
18585,99,Accelerometer,1.4269443000000002,0.24899697,11.020511,1550002940960
18586,99,Gyroscope,0.024159724,-0.043609664000000006,-0.11916149,1550002940969
18587,99,Accelerometer,0.8295909,1.1180921999999998,9.967062,1550002940969
18588,99,Gyroscope,-0.12855658,-0.012455538,-0.12954618,1550002940979
18589,99,Accelerometer,1.2174516000000002,1.483208,8.862138,1550002940980
18590,99,Gyroscope,-0.050365835,0.0040378235,-0.15275906,1550002940990
18591,99,Accelerometer,0.9684546,1.2761095,9.810242,1550002940990
18592,99,Gyroscope,-0.035705067,0.015644263000000002,-0.15642425,1550002940999
18593,99,Accelerometer,0.39145198,1.2593501,9.555259,1550002941000
18594,99,Gyroscope,-0.12672399,0.030915894,-0.14848301,1550002941009
18595,99,Accelerometer,0.1448492,1.0594343000000002,8.632295,1550002941009
18596,99,Gyroscope,-0.0014966168,0.032137625,-0.11427456,1550002941019
18597,99,Accelerometer,0.45370123,0.7433996,10.172963000000001,1550002941019
18598,99,Gyroscope,0.018051071000000002,0.04557666,-0.07517918,1550002941030
18599,99,Accelerometer,0.90500826,1.0474633,10.201694,1550002941030
18600,99,Gyroscope,-0.08396342400000001,0.05046358,-0.06540534,1550002941039
18601,99,Accelerometer,1.6891093000000001,1.3347674999999999,9.645041,1550002941040
18602,99,Gyroscope,0.008277228000000001,-0.0020708293,-0.07334659,1550002941049
18603,99,Accelerometer,2.1739352000000003,1.1013328000000002,11.404779,1550002941050
18604,99,Gyroscope,0.010109824,-0.0075686146,-0.07640091,1550002941059
18605,99,Accelerometer,1.8758569999999999,0.9540894,10.261548,1550002941060
18606,99,Gyroscope,-0.06502659599999999,0.021752916,-0.07701178,1550002941069
18607,99,Accelerometer,1.7681179,1.0690111,9.575610000000001,1550002941069
18608,99,Gyroscope,0.06692029,0.010146476,-0.034251212999999996,1550002941080
18609,99,Accelerometer,0.91578215,0.5746084,10.496181,1550002941080
18610,99,Gyroscope,0.08646798,0.0058704205,-0.021423044,1550002941089
18611,99,Accelerometer,1.2617443000000002,1.2689268999999999,10.108319,1550002941090
18612,99,Gyroscope,0.0052229017,-0.00023823230999999999,0.025002714,1550002941099
18613,99,Accelerometer,1.412579,1.2665327,9.112331,1550002941100
18614,99,Gyroscope,0.07608327,-0.012455538,0.017672332,1550002941109
18615,99,Accelerometer,1.9021933000000002,0.8678981,9.639056,1550002941109
18616,99,Gyroscope,0.08280279,0.0077030174,0.018894061,1550002941119
18617,99,Accelerometer,0.79248077,1.6292541999999999,9.139864999999999,1550002941120
18618,99,Gyroscope,-0.008826999,0.030915894,0.009120219,1550002941130
18619,99,Accelerometer,0.21667525,0.58298814,9.742006,1550002941130
18620,99,Gyroscope,0.13655894,-0.011233807,0.030500501,1550002941139
18621,99,Accelerometer,1.3347674999999999,1.3754688999999998,9.435549,1550002941140
18622,99,Gyroscope,0.09379836,0.11949136,0.0048441626,1550002941149
18623,99,Accelerometer,-0.52073884,1.7920599999999998,11.465832,1550002941150
18624,99,Gyroscope,-0.098624185,0.026028972,0.0323331,1550002941159
18625,99,Accelerometer,1.447295,1.3180081,13.559562,1550002941159
18626,99,Gyroscope,0.1530523,-0.0729312,-0.04463592,1550002941169
18627,99,Accelerometer,1.447295,1.0354922,9.629479,1550002941170
18628,99,Gyroscope,-0.102900244,0.0022052303,-0.057464093,1550002941179
18629,99,Accelerometer,0.5398925,1.9237411,9.006986999999999,1550002941180
18630,99,Gyroscope,-0.08213083,-0.053994372,-0.02447737,1550002941189
18631,99,Accelerometer,1.99437,0.14724341,11.09114,1550002941190
18632,99,Gyroscope,0.14450018,-0.14256984,-0.05624236,1550002941199
18633,99,Accelerometer,1.8878279999999998,0.8523358,9.156625,1550002941200
18634,99,Gyroscope,-0.008826999,-0.10652878,-0.053188037,1550002941209
18635,99,Accelerometer,1.5933412,0.11492168,8.1402855,1550002941209
18636,99,Gyroscope,-0.10412197599999999,-0.06071389,-0.08128784,1550002941219
18637,99,Accelerometer,0.36990416,0.9828198,11.085154,1550002941220
18638,99,Gyroscope,0.096241824,-0.07476379,-0.12160494,1550002941229
18639,99,Accelerometer,0.6607997,0.12569559,10.040085000000001,1550002941230
18640,99,Gyroscope,-0.016768249,-0.086981095,-0.07823351,1550002941239
18641,99,Accelerometer,1.6962918999999999,0.28012159999999997,8.930372,1550002941240
18642,99,Gyroscope,-0.06441574,-0.09431147599999999,-0.12893532,1550002941249
18643,99,Accelerometer,0.23582886,0.21308395,10.091560000000001,1550002941250
18644,99,Gyroscope,0.05653558,-0.082705036,-0.15459166,1550002941259
18645,99,Accelerometer,0.12569559,1.3311761999999998,9.855731,1550002941259
18646,99,Gyroscope,-0.0008857511,-0.024672844,-0.13015705,1550002941269
18647,99,Accelerometer,-0.5638345,0.24540567,9.094375999999999,1550002941270
18648,99,Gyroscope,-0.041202857999999995,-0.013066402,-0.16131118,1550002941279
18649,99,Accelerometer,-1.2593501,1.7585411,10.429143,1550002941279
18650,99,Gyroscope,0.074250676,-0.0057360195,-0.11427456,1550002941289
18651,99,Accelerometer,0.1592144,1.0307038,9.194932000000001,1550002941289
18652,99,Gyroscope,0.026603185,0.03824628,-0.077622645,1550002941300
18653,99,Accelerometer,-0.48123455,1.6412252,8.938752000000001,1550002941300
18654,99,Gyroscope,-0.0790765,0.058404832999999996,-0.077622645,1550002941309
18655,99,Accelerometer,-0.2657564,1.8770541,9.982624000000001,1550002941310
18656,99,Gyroscope,-0.02409863,0.048020124000000004,-0.077622645,1550002941319
18657,99,Accelerometer,0.4213795,1.401805,10.848127999999999,1550002941320
18658,99,Gyroscope,-0.0033292117999999997,0.033970222,-0.10511158400000001,1550002941329
18659,99,Accelerometer,0.61530983,1.1815386,9.883265,1550002941329
18660,99,Gyroscope,-0.023487763,0.0028160921999999997,-0.09655947,1550002941339
18661,99,Accelerometer,0.93972415,1.7034745,9.598353999999999,1550002941340
18662,99,Gyroscope,-0.0063835381999999994,-0.008790346,-0.051966306,1550002941350
18663,99,Accelerometer,1.8423381999999997,1.2378023,9.726444,1550002941350
18664,99,Gyroscope,0.024159724,-0.008790346,-0.05257717,1550002941359
18665,99,Accelerometer,1.1312603,1.0893618,9.485827,1550002941360
18666,99,Gyroscope,0.014996746000000002,-0.005125154,-0.04402506,1550002941369
18667,99,Accelerometer,0.8511386999999999,1.0510546,10.241197999999999,1550002941370
18668,99,Gyroscope,0.034544434,-0.041166205,-0.034251212999999996,1550002941379
18669,99,Accelerometer,1.5562311000000002,0.6787562,9.53012,1550002941379
18670,99,Gyroscope,0.051037795999999996,-0.05460524,-0.014703525,1550002941389
18671,99,Accelerometer,1.0223241,1.8052281000000003,9.985018,1550002941389
18672,99,Gyroscope,-0.040591992,-0.032003224,-0.000653625,1550002941400
18673,99,Accelerometer,1.1228806,1.5526398000000001,9.713275999999999,1550002941400
18674,99,Gyroscope,-0.047311507,-0.042998800000000004,0.006065893,1550002941409
18675,99,Accelerometer,0.42975920000000006,2.2457612,11.167753999999999,1550002941410
18676,99,Gyroscope,0.010720688999999999,-0.05460524,-0.012260064499999999,1550002941419
18677,99,Accelerometer,0.676362,1.34195,11.1893015,1550002941420
18678,99,Gyroscope,0.0113315545,-0.06315735,0.015839735,1550002941429
18679,99,Accelerometer,-0.17717093,1.6256628999999998,8.981848,1550002941430
18680,99,Gyroscope,-0.0137139205,0.015644263000000002,0.0042332970000000004,1550002941439
18681,99,Accelerometer,0.8367735000000001,1.5131354,8.465898,1550002941439
18682,99,Gyroscope,0.016829342,0.06940041,0.027446175,1550002941449
18683,99,Accelerometer,-1.4808137,1.590947,9.483433,1550002941450
18684,99,Gyroscope,-0.11939360000000002,0.039468005,0.048215594,1550002941460
18685,99,Accelerometer,-0.07182605,1.2689268999999999,12.587516,1550002941460
18686,99,Gyroscope,0.035155296,-0.11752436,0.07875886,1550002941469
18687,99,Accelerometer,1.650802,0.110133275,9.831789,1550002941470
18688,99,Gyroscope,0.10418307,-0.07476379,0.026224446000000002,1550002941479
18689,99,Accelerometer,1.2318168,3.3482912000000002,7.250839699999999,1550002941480
18690,99,Gyroscope,-0.14016302,0.02786157,0.087921835,1550002941489
18691,99,Accelerometer,0.65242,1.7836802999999999,7.457938,1550002941489
18692,99,Gyroscope,0.0052229017,-0.029559765,0.14534317,1550002941499
18693,99,Accelerometer,0.24660277,1.6292541999999999,11.123461,1550002941499
18694,99,Gyroscope,0.10845913,-0.08453764,0.10624779,1550002941510
18695,99,Accelerometer,1.7741034,1.4053963,11.991359,1550002941510
18696,99,Gyroscope,0.05470299,-0.11996782,0.14473231,1550002941519
18697,99,Accelerometer,1.1121067,1.8962077000000002,10.119094,1550002941520
18698,99,Gyroscope,0.07241808,-0.13462860000000001,0.20154278,1550002941529
18699,99,Accelerometer,1.685518,0.4249708,10.806230000000001,1550002941530
18700,99,Gyroscope,0.1054048,-0.1431807,0.16489087,1550002941539
18701,99,Accelerometer,2.7808652,0.5805939,12.176909,1550002941540
18702,99,Gyroscope,0.035766162000000004,-0.09064629,0.08303491,1550002941549
18703,99,Accelerometer,2.3044189999999998,-0.5374983,7.1754226999999995,1550002941549
18704,99,Gyroscope,-0.08151996,-0.0729312,0.06776328400000001,1550002941560
18705,99,Accelerometer,-0.14963761,1.5741876000000001,8.826224,1550002941560
18706,99,Gyroscope,-0.030818147999999997,-0.04422053,-0.047079384,1550002941569
18707,99,Accelerometer,-0.5279215,-1.1528081000000001,8.875306,1550002941570
18708,99,Gyroscope,-0.03203988,-0.042387932999999996,-0.10694418,1550002941579
18709,99,Accelerometer,-0.93493575,-0.9935937,10.097546000000001,1550002941580
18710,99,Gyroscope,-0.07480045,0.005259555,-0.12282667,1550002941589
18711,99,Accelerometer,-1.0127473,0.6739678000000001,9.985018,1550002941590
18712,99,Gyroscope,-0.030818147999999997,-0.022840247,-0.11549629,1550002941599
18713,99,Accelerometer,0.2813187,-0.0011971008,9.13388,1550002941599
18714,99,Gyroscope,-0.03203988,0.0022052303,-0.14848301,1550002941610
18715,99,Accelerometer,0.533907,1.4520833,9.773131,1550002941610
18716,99,Gyroscope,-0.046089776,0.008313879,-0.1503156,1550002941619
18717,99,Accelerometer,0.4261679,0.736217,9.283517,1550002941620
18718,99,Gyroscope,-0.03814853,0.01747686,-0.14909387,1550002941629
18719,99,Accelerometer,1.1947067,0.9528923,10.042479,1550002941630
18720,99,Gyroscope,0.014385881000000001,0.0034269579,-0.109387636,1550002941639
18721,99,Accelerometer,1.99437,1.0630256,9.5971575,1550002941640
18722,99,Gyroscope,-0.01004873,-0.0057360195,-0.10816591,1550002941649
18723,99,Accelerometer,1.2964603000000001,1.3467385,9.5492735,1550002941649
18724,99,Gyroscope,-0.03387247,-0.010012077,-0.11122023,1550002941660
18725,99,Accelerometer,1.7094599999999998,0.9516952,10.272323,1550002941660
18726,99,Gyroscope,-0.008216133,-0.032003224,-0.08128784,1550002941669
18727,99,Accelerometer,2.1200657000000005,1.4760253,10.275913000000001,1550002941670
18728,99,Gyroscope,-0.07785477,-0.044831395,-0.10388985,1550002941680
18729,99,Accelerometer,1.2976573999999998,1.0666169,10.152613,1550002941680
18730,99,Gyroscope,-0.01004873,-0.07048774,-0.10572245,1550002941689
18731,99,Accelerometer,1.5717934,1.079785,10.131064,1550002941690
18732,99,Gyroscope,-0.00027488545,-0.061935622,-0.089229085,1550002941699
18733,99,Accelerometer,1.4221559,1.3778629999999998,9.085996000000002,1550002941699
18734,99,Gyroscope,-0.03387247,-0.050329182,-0.08250957,1550002941709
18735,99,Accelerometer,0.8463503000000001,1.079785,9.435549,1550002941710
18736,99,Gyroscope,0.006444632,-0.041777067,-0.07945524,1550002941720
18737,99,Accelerometer,0.93613285,1.0295067,10.060435,1550002941720
18738,99,Gyroscope,0.0058337674,-0.041166205,-0.071513996,1550002941729
18739,99,Accelerometer,0.94451255,1.2306197,9.378088,1550002941730
18740,99,Gyroscope,-0.052198432,-0.025283707000000002,-0.07273573,1550002941739
18741,99,Accelerometer,0.49440265,0.6955156,9.715671,1550002941740
18742,99,Gyroscope,-0.019822573,-0.025894572999999997,-0.08128784,1550002941749
18743,99,Accelerometer,0.6919243,0.25617957,9.375694000000001,1550002941749
18744,99,Gyroscope,-0.02409863,-0.014898999,-0.083120435,1550002941759
18745,99,Accelerometer,0.6799533,0.21787235,8.941146,1550002941760
18746,99,Gyroscope,-0.026542092000000003,-0.006957751,-0.106333315,1550002941770
18747,99,Accelerometer,0.770933,-0.11731588,8.201338,1550002941770
18748,99,Gyroscope,0.027824916,0.06940041,-0.12954618,1550002941779
18749,99,Accelerometer,1.5514427,1.5969325,11.463438,1550002941780
18750,99,Gyroscope,-0.06380487,0.10971751,-0.13137878,1550002941789
18751,99,Accelerometer,0.6775591,-0.22744916,12.302605999999999,1550002941790
18752,99,Gyroscope,-0.12366967,-0.004514288,-0.14909387,1550002941799
18753,99,Accelerometer,0.78888947,1.1204863999999999,11.579556,1550002941800
18754,99,Gyroscope,0.052259527,-0.056437835,-0.14542869,1550002941809
18755,99,Accelerometer,2.1727380000000003,0.4333505,9.817424,1550002941809
18756,99,Gyroscope,-0.06685919,-0.029559765,-0.1344331,1550002941820
18757,99,Accelerometer,1.590947,0.82001406,8.177396,1550002941820
18758,99,Gyroscope,-0.058917947000000005,-0.0039034244,-0.13015705,1550002941829
18759,99,Accelerometer,0.92775315,0.44532153,9.653421,1550002941830
18760,99,Gyroscope,-0.022266036,-0.033224955,-0.13932003,1550002941839
18761,99,Accelerometer,1.5622166000000002,-0.050278235,11.065999999999999,1550002941840
18762,99,Gyroscope,-0.05830708,0.008924745,-0.18818925,1550002941849
18763,99,Accelerometer,0.664391,0.6931214,8.9519205,1550002941849
18764,99,Gyroscope,-0.05830708,0.03580282,-0.14420696,1550002941859
18765,99,Accelerometer,-1.4257472,0.82360536,10.220847000000001,1550002941859
18766,99,Gyroscope,-0.01127046,0.020531185,-0.20040655,1550002941870
18767,99,Accelerometer,1.4389153000000001,-0.7134720999999999,9.874885,1550002941870
18768,99,Gyroscope,0.012553285,0.015033398,-0.2364476,1550002941879
18769,99,Accelerometer,1.7609352999999999,2.2589292999999997,9.348161,1550002941880
18770,99,Gyroscope,0.05775731,0.06207002,-0.13626571,1550002941889
18771,99,Accelerometer,-0.6703765,0.9852139999999999,8.416816,1550002941890
18772,99,Gyroscope,0.026603185,0.08467203400000001,-0.19246529999999998,1550002941899
18773,99,Accelerometer,0.26336220000000005,3.0322563999999996,10.019734,1550002941899
18774,99,Gyroscope,0.0632551,0.09383502,-0.07090313,1550002941909
18775,99,Accelerometer,0.12449849,0.51714754,10.103531,1550002941909
18776,99,Gyroscope,0.035766162000000004,0.051074445,-0.04402506,1550002941920
18777,99,Accelerometer,0.4369418,2.4887726000000003,10.127473,1550002941920
18778,99,Gyroscope,-0.006994404,0.037635416,-0.07395746,1550002941929
18779,99,Accelerometer,2.3355439,1.5981296,10.032902,1550002941930
18780,99,Gyroscope,0.014385881000000001,0.012589939,-0.07823351,1550002941939
18781,99,Accelerometer,2.2948422,1.5263035,9.968259,1550002941940
18782,99,Gyroscope,-0.044868045,0.010146476,-0.0837313,1550002941949
18783,99,Accelerometer,1.0319009,1.6555905,9.617508,1550002941950
18784,99,Gyroscope,-0.024709495,-0.02222938,-0.08983995,1550002941959
18785,99,Accelerometer,1.5837643999999997,0.7015011,10.344149,1550002941959
18786,99,Gyroscope,0.057146445,-0.044831395,-0.093505144,1550002941969
18787,99,Accelerometer,1.2988545,0.6464345,10.16578,1550002941970
18788,99,Gyroscope,0.01316415,-0.025894572999999997,-0.071513996,1550002941980
18789,99,Accelerometer,1.1037270000000001,0.51235914,8.574833,1550002941980
18790,99,Gyroscope,-0.022876898,-0.006957751,-0.09900293,1550002941989
18791,99,Accelerometer,1.079785,0.7541734999999999,8.789114,1550002941990
18792,99,Gyroscope,0.02721405,0.0040378235,-0.10999849999999999,1550002941999
18793,99,Accelerometer,0.29568392,0.93373865,10.177752,1550002942000
18794,99,Gyroscope,-0.057696215999999995,0.012589939,-0.13260052,1550002942009
18795,99,Accelerometer,0.059855044,0.6931214,9.595961,1550002942010
18796,99,Gyroscope,-0.07174612,0.026639838,-0.12527013,1550002942019
18797,99,Accelerometer,-0.48362875,1.1180921999999998,10.126275999999999,1550002942019
18798,99,Gyroscope,-0.00027488545,0.027250702999999998,-0.13382225,1550002942029
18799,99,Accelerometer,-0.30526072,0.6488286999999999,10.508151,1550002942030
18800,99,Gyroscope,0.0070554977,0.03702455,-0.14848301,1550002942039
18801,99,Accelerometer,0.06943185,1.5682021000000002,9.348161,1550002942040
18802,99,Gyroscope,-0.03203988,0.06329175,-0.11427456,1550002942049
18803,99,Accelerometer,0.15442601,1.1707646999999999,9.783905,1550002942050
18804,99,Gyroscope,0.025992319,0.056572236,-0.09717034,1550002942059
18805,99,Accelerometer,0.81163436,2.0027497,10.427945,1550002942060
18806,99,Gyroscope,-0.04670064,0.04435493,-0.045857653,1550002942069
18807,99,Accelerometer,1.0809821000000002,0.93373865,10.188525,1550002942069
18808,99,Gyroscope,0.006444632,0.008313879,-0.07945524,1550002942079
18809,99,Accelerometer,0.32441434,1.6124948000000001,10.132261,1550002942079
18810,99,Gyroscope,0.058979042,-0.0039034244,-0.02325564,1550002942090
18811,99,Accelerometer,1.9835961,1.3180081,8.871715,1550002942090
18812,99,Gyroscope,-0.0057726726,-0.005125154,-0.010427468,1550002942099
18813,99,Accelerometer,0.92655605,0.6727706999999999,8.506598,1550002942100
18814,99,Gyroscope,-0.046089776,0.02114205,-0.06907053,1550002942109
18815,99,Accelerometer,-0.7422025,1.4772223999999998,10.7356,1550002942110
18816,99,Gyroscope,-0.008216133,0.04435493,-0.007984008,1550002942119
18817,99,Accelerometer,1.3431472,1.5646108,12.992135000000001,1550002942119
18818,99,Gyroscope,0.0009468458599999999,-0.06498995,-0.0030970859999999998,1550002942129
18819,99,Accelerometer,0.90381116,0.9612719999999999,9.26197,1550002942130
18820,99,Gyroscope,0.09746355599999999,-0.049718317000000005,-0.051966306,1550002942140
18821,99,Accelerometer,-0.6919243,2.0314799999999997,7.517792999999999,1550002942140
18822,99,Gyroscope,-0.027763822999999997,0.035191953,0.05004819,1550002942149
18823,99,Accelerometer,0.15801731,1.3503298000000001,7.9810715,1550002942150
18824,99,Gyroscope,-0.05830708,0.041911468,0.06715242,1550002942159
18825,99,Accelerometer,-0.24540567,1.6555905,10.777499,1550002942160
18826,99,Gyroscope,0.093187496,-0.004514288,0.031111367,1550002942169
18827,99,Accelerometer,-0.9684546,1.3192052,10.211269999999999,1550002942169
18828,99,Gyroscope,0.016218476000000003,0.006481286,0.05737857,1550002942179
18829,99,Accelerometer,-0.12090719,1.0989386,9.075222,1550002942179
18830,99,Gyroscope,0.016829342,0.024196379,0.09586308,1550002942189
18831,99,Accelerometer,0.770933,1.8076223000000002,10.135853,1550002942190
18832,99,Gyroscope,0.060200773,0.039468005,0.08425664,1550002942199
18833,99,Accelerometer,0.1604115,1.4688427,10.837354,1550002942200
18834,99,Gyroscope,0.008888093,0.021752916,0.094030485,1550002942209
18835,99,Accelerometer,1.4951789,0.21308395,9.904813,1550002942210
18836,99,Gyroscope,-0.012492188999999999,0.004648689,0.06959588,1550002942219
18837,99,Accelerometer,1.4700398000000001,0.7326256999999999,10.840945,1550002942220
18838,99,Gyroscope,0.013775015,-0.038722742000000004,0.04088521,1550002942229
18839,99,Accelerometer,2.469619,0.18794483,9.631872999999999,1550002942229
18840,99,Gyroscope,-0.047922373,-0.06743341,0.0036224315000000003,1550002942239
18841,99,Accelerometer,2.5594015,0.49200845,9.742006,1550002942239
18842,99,Gyroscope,-0.037537664,-0.11263744,-0.03302948,1550002942250
18843,99,Accelerometer,2.4001873,0.15801731,9.451111000000001,1550002942250
18844,99,Gyroscope,-0.030818147999999997,-0.11630263,-0.10511158400000001,1550002942259
18845,99,Accelerometer,1.4544774999999999,0.47524905,8.784326,1550002942260
18846,99,Gyroscope,-0.052198432,-0.079650715,-0.09289428,1550002942269
18847,99,Accelerometer,0.80445176,0.18195933,9.639056,1550002942270
18848,99,Gyroscope,-0.07541131,-0.055216104,-0.11060937,1550002942279
18849,99,Accelerometer,-0.28491,0.9995792,10.463859,1550002942280
18850,99,Gyroscope,-0.027152957000000002,-0.050940047999999995,-0.116718024,1550002942289
18851,99,Accelerometer,0.19153613,0.6811504,10.271125,1550002942289
18852,99,Gyroscope,-0.02898555,-0.041166205,-0.066016205,1550002942299
18853,99,Accelerometer,1.2797008,1.5861586,9.512163000000001,1550002942299
18854,99,Gyroscope,-0.05708535,-0.020396786,0.0024007012,1550002942310
18855,99,Accelerometer,0.31603462,1.7621324,9.015367,1550002942310
18856,99,Gyroscope,0.012553285,-0.0039034244,-0.007373143,1550002942320
18857,99,Accelerometer,0.90740246,1.6879122,9.458294,1550002942320
18858,99,Gyroscope,0.01560761,0.008313879,-0.016536122,1550002942329
18859,99,Accelerometer,1.2413936,1.7322049,9.078813,1550002942330
18860,99,Gyroscope,-0.006994404,0.026028972,0.015839735,1550002942339
18861,99,Accelerometer,0.62129533,1.2557588,9.500193,1550002942340
18862,99,Gyroscope,-0.02532036,0.030915894,0.008509354,1550002942349
18863,99,Accelerometer,1.1085154,1.7501613999999999,10.28549,1550002942349
18864,99,Gyroscope,-0.041813724,0.022974647999999997,-0.009205738,1550002942359
18865,99,Accelerometer,2.3786395000000002,1.6065093000000001,10.55843,1550002942359
18866,99,Gyroscope,-0.011881325,0.013200805,0.0005681054,1550002942370
18867,99,Accelerometer,1.9668366999999998,0.9768343,9.726444,1550002942370
18868,99,Gyroscope,0.013775015,0.010146476,0.007287623399999999,1550002942379
18869,99,Accelerometer,1.6244658,0.93493575,9.575610000000001,1550002942380
18870,99,Gyroscope,0.0009468458599999999,0.02786157,-0.015314391,1550002942389
18871,99,Accelerometer,2.3008277,0.5231331,8.6299,1550002942390
18872,99,Gyroscope,0.030879242,0.0058704205,0.015228872,1550002942399
18873,99,Accelerometer,1.3910311000000002,1.2366052,9.3182335,1550002942400
18874,99,Gyroscope,0.047372602,0.013200805,0.037830885,1550002942409
18875,99,Accelerometer,1.1839328000000002,0.6691794,9.79827,1550002942409
18876,99,Gyroscope,0.02354886,0.024807245,0.02561358,1550002942419
18877,99,Accelerometer,1.2282255,0.8439561,9.157822,1550002942420
18878,99,Gyroscope,0.032711837,0.011979073,0.04088521,1550002942429
18879,99,Accelerometer,1.0151415000000001,1.163582,10.609905,1550002942430
18880,99,Gyroscope,0.044929143,0.027250702999999998,0.026835311,1550002942439
18881,99,Accelerometer,1.2054806,0.5590460999999999,9.714474000000001,1550002942440
18882,99,Gyroscope,-0.008216133,0.029083297,0.020726658000000002,1550002942449
18883,99,Accelerometer,0.8499416,0.89543146,8.488642,1550002942450
18884,99,Gyroscope,0.032711837,0.12132395,-0.009816604,1550002942459
18885,99,Accelerometer,1.5047556999999998,1.0067618,8.693346,1550002942459
18886,99,Gyroscope,-0.06013968,0.16164106,-0.02692083,1550002942469
18887,99,Accelerometer,-0.676362,0.7194576,9.974244,1550002942470
18888,99,Gyroscope,-0.12855658,-0.01978592,-0.000653625,1550002942479
18889,99,Accelerometer,0.47165772,0.8391677,13.295001999999998,1550002942480
18890,99,Gyroscope,0.068752885,-0.06437908,-0.032418616000000004,1550002942489
18891,99,Accelerometer,2.9149406000000004,-0.94451255,9.381680000000001,1550002942490
18892,99,Gyroscope,-0.11328496,-0.014898999,-0.025699101000000002,1550002942499
18893,99,Accelerometer,1.8543092,0.37948096,9.5013895,1550002942500
18894,99,Gyroscope,-0.04670064,-0.029559765,-0.025699101000000002,1550002942509
18895,99,Accelerometer,2.4157495,1.3599066,12.200851,1550002942509
18896,99,Gyroscope,0.08280279,-0.12241128,0.03355483,1550002942519
18897,99,Accelerometer,3.441665,0.8655039000000001,10.741586,1550002942519
18898,99,Gyroscope,-0.009437865,-0.09553321,0.0885327,1550002942529
18899,99,Accelerometer,2.6300306,1.0307038,8.792705999999999,1550002942530
18900,99,Gyroscope,-0.056474485,-0.081483305,0.03722002,1550002942539
18901,99,Accelerometer,0.42975920000000006,1.1611878,9.854534,1550002942540
18902,99,Gyroscope,0.00033598019999999995,-0.08392677,0.026224446000000002,1550002942549
18903,99,Accelerometer,1.1133038,0.15682021,10.115502000000001,1550002942550
18904,99,Gyroscope,0.046761736,-0.053383507000000004,-0.040359866,1550002942559
18905,99,Accelerometer,0.08619126,1.1671733999999998,9.53012,1550002942560
18906,99,Gyroscope,0.016829342,-0.068044275,-0.038527273,1550002942569
18907,99,Accelerometer,-0.14006079999999999,1.2533646,8.924387,1550002942569
18908,99,Gyroscope,0.112124324,-0.024061977999999998,-0.047079384,1550002942579
18909,99,Accelerometer,-1.13964,0.51714754,9.094375999999999,1550002942579
18910,99,Gyroscope,0.043096546,0.03152676,0.0011789708,1550002942590
18911,99,Accelerometer,-0.676362,1.4041992,9.309854,1550002942590
18912,99,Gyroscope,-0.008216133,0.032137625,0.04577213,1550002942599
18913,99,Accelerometer,0.32561144,1.6256628999999998,10.2495775,1550002942600
18914,99,Gyroscope,0.060200773,0.034581087999999996,0.021948388,1550002942609
18915,99,Accelerometer,0.79966336,1.3467385,10.277111,1550002942610
18916,99,Gyroscope,-0.04242459,0.03885714,0.026835311,1550002942619
18917,99,Accelerometer,1.2641385,1.2785037000000001,8.796297000000001,1550002942620
18918,99,Gyroscope,-0.04670064,0.051074445,0.031111367,1550002942629
18919,99,Accelerometer,1.2844891999999999,1.4640543,10.569203,1550002942629
18920,99,Gyroscope,0.0040011713,0.010146476,0.02805704,1550002942639
18921,99,Accelerometer,1.8375498,0.21906945,9.321824000000001,1550002942639
18922,99,Gyroscope,0.032711837,-0.00023823230999999999,-0.009816604,1550002942650
18923,99,Accelerometer,1.0354922,0.7398083000000001,8.7053175,1550002942650
18924,99,Gyroscope,-0.047922373,0.028472435,0.015839735,1550002942659
18925,99,Accelerometer,2.4420857000000002,0.7781156,10.189722,1550002942660
18926,99,Gyroscope,-0.0045509413,-0.01978592,0.014618006999999999,1550002942669
18927,99,Accelerometer,1.9165584999999998,0.0011971008,10.16578,1550002942670
18928,99,Gyroscope,0.05653558,-0.051550914,-0.035472944,1550002942679
18929,99,Accelerometer,1.6172832000000001,0.8655039000000001,9.7719345,1550002942679
18930,99,Gyroscope,-0.016768249,-0.06621168,-0.000653625,1550002942689
18931,99,Accelerometer,2.019509,0.7769185000000001,9.668983,1550002942689
18932,99,Gyroscope,0.011942419,-0.044831395,-0.0037079514000000003,1550002942700
18933,99,Accelerometer,0.9900024,1.1073183000000002,10.375273,1550002942700
18934,99,Gyroscope,0.011942419,-0.047274857999999996,-0.009816604,1550002942709
18935,99,Accelerometer,0.5590460999999999,1.7178397,10.38485,1550002942710
18936,99,Gyroscope,0.0027794409999999997,-0.058881298,0.015228872,1550002942719
18937,99,Accelerometer,0.8547299999999999,1.6639702,10.085575,1550002942720
18938,99,Gyroscope,0.0076663624,-0.06010303,-0.0037079514000000003,1550002942729
18939,99,Accelerometer,0.008379705999999999,1.4604629999999998,9.946711,1550002942730
18940,99,Gyroscope,0.014996746000000002,-0.08942456,0.0017898360000000002,1550002942739
18941,99,Accelerometer,-0.037110128,1.1192893,8.767567,1550002942739
18942,99,Gyroscope,0.03759876,-0.07781812,0.015228872,1550002942749
18943,99,Accelerometer,0.82001406,1.6639702,8.973467999999999,1550002942750
18944,99,Gyroscope,-0.023487763,-0.041166205,0.041496076,1550002942760
18945,99,Accelerometer,0.89184016,1.2210428999999998,11.409568,1550002942760
18946,99,Gyroscope,-0.08579602,-0.021618515,0.056156844000000004,1550002942769
18947,99,Accelerometer,-0.16280572,1.2437878,12.264298,1550002942770
18948,99,Gyroscope,0.029657512999999996,-0.13340685,0.017672332,1550002942779
18949,99,Accelerometer,0.7098808000000001,1.3323733,10.308235,1550002942780
18950,99,Gyroscope,0.040653087000000004,-0.07415293,-0.0030970859999999998,1550002942789
18951,99,Accelerometer,1.8160020000000001,1.9871874,9.244013,1550002942790
18952,99,Gyroscope,-0.13527611,-0.020396786,0.020726658000000002,1550002942799
18953,99,Accelerometer,0.80804306,1.2198458,8.401254,1550002942799
18954,99,Gyroscope,0.018051071000000002,-0.08575937,0.045161266,1550002942809
18955,99,Accelerometer,-0.035913024,2.4133554,12.476185000000001,1550002942810
18956,99,Gyroscope,0.11884384,-0.14745677,0.075093664,1550002942820
18957,99,Accelerometer,1.3563153000000001,2.4133554,10.496181,1550002942820
18958,99,Gyroscope,0.036987893,-0.11813522,0.058600303,1550002942829
18959,99,Accelerometer,1.8758569999999999,2.5953147,8.145074000000001,1550002942830
18960,99,Gyroscope,-0.0063835381999999994,-0.068044275,0.1483975,1550002942839
18961,99,Accelerometer,0.4249708,2.7150247000000003,10.317812,1550002942840
18962,99,Gyroscope,0.0094989585,-0.043609664000000006,0.11846509599999999,1550002942849
18963,99,Accelerometer,0.79128367,0.6368576,9.838972,1550002942849
18964,99,Gyroscope,-0.0369268,-0.04422053,0.09647395,1550002942859
18965,99,Accelerometer,-0.5482722,1.4508862,10.314221,1550002942859
18966,99,Gyroscope,-0.011881325,-0.029559765,0.016450599999999996,1550002942870
18967,99,Accelerometer,-0.52073884,1.1408371000000002,10.234015,1550002942870
18968,99,Gyroscope,0.0094989585,-0.016120728,0.009731084000000001,1550002942879
18969,99,Accelerometer,-0.7457938000000001,1.5143325,9.001000999999999,1550002942880
18970,99,Gyroscope,-0.054641888,0.029083297,0.041496076,1550002942889
18971,99,Accelerometer,-1.3311761999999998,0.8882488000000002,9.3733,1550002942890
18972,99,Gyroscope,0.054092124000000005,0.024807245,0.026224446000000002,1550002942899
18973,99,Accelerometer,-0.5243302,1.2665327,9.90601,1550002942900
18974,99,Gyroscope,0.014996746000000002,0.024807245,0.042717807000000003,1550002942909
18975,99,Accelerometer,0.11731588,1.401805,9.794678999999999,1550002942909
18976,99,Gyroscope,-0.0008857511,0.024807245,0.0903653,1550002942919
18977,99,Accelerometer,-0.31483752,1.3455413999999999,9.065644,1550002942920
18978,99,Gyroscope,0.034544434,0.026028972,0.08120232,1550002942930
18979,99,Accelerometer,0.9516952,1.22224,9.66659,1550002942930
18980,99,Gyroscope,0.0076663624,0.033359356,0.09708481,1550002942939
18981,99,Accelerometer,0.90381116,1.4987701999999998,9.379285000000001,1550002942940
18982,99,Gyroscope,-0.01737911,0.036413684,0.12518463,1550002942949
18983,99,Accelerometer,0.9588778,0.78050977,9.852139999999999,1550002942950
18984,99,Gyroscope,0.032711837,0.0058704205,0.12884982,1550002942959
18985,99,Accelerometer,0.7314286,1.2054806,10.131064,1550002942959
18986,99,Gyroscope,0.0033903066,0.008924745,0.11541077,1550002942969
18987,99,Accelerometer,0.60812724,1.1947067,10.155006,1550002942969
18988,99,Gyroscope,-0.028374685,-0.0020708293,0.11479991,1550002942980
18989,99,Accelerometer,0.19871874,1.2270284,10.17416,1550002942980
18990,99,Gyroscope,0.038209625,-0.049718317000000005,0.10624779,1550002942989
18991,99,Accelerometer,0.9684546,1.2006921999999998,9.7479925,1550002942990
18992,99,Gyroscope,0.010109824,-0.055216104,0.1166325,1550002942999
18993,99,Accelerometer,0.25617957,0.50158525,8.744822000000001,1550002943000
18994,99,Gyroscope,0.02477059,-0.028948900000000003,0.10441519,1550002943009
18995,99,Accelerometer,-0.092176765,0.43933599999999995,9.975441,1550002943010
18996,99,Gyroscope,0.044929143,-0.028948900000000003,0.08975443,1550002943019
18997,99,Accelerometer,0.78769237,-1.2737153,10.171766,1550002943019
18998,99,Gyroscope,0.035766162000000004,-0.049718317000000005,0.035387423,1550002943029
18999,99,Accelerometer,0.59495914,-0.50278234,10.151415,1550002943030
19000,99,Gyroscope,0.034544434,-0.03750101,-0.042192463,1550002943040
19001,99,Accelerometer,0.59136784,-0.30645782,9.431957,1550002943040
19002,99,Gyroscope,-0.031429015,-0.041166205,-0.078844376,1550002943049
19003,99,Accelerometer,1.2880806,0.36272156,9.307459,1550002943050
19004,99,Gyroscope,-0.060750544000000004,-0.041166205,-0.10450072,1550002943059
19005,99,Accelerometer,1.067814,0.5590460999999999,10.351331,1550002943060
19006,99,Gyroscope,-0.06013968,-0.04605312599999999,-0.13076791,1550002943069
19007,99,Accelerometer,1.3012487,0.6895300999999999,9.409213000000001,1550002943069
19008,99,Gyroscope,-0.031429015,0.01625513,-0.09167255,1550002943079
19009,99,Accelerometer,1.271321,2.1966799999999997,11.583148,1550002943079
19010,99,Gyroscope,-0.016157383,0.06023743,-0.06296188,1550002943089
19011,99,Accelerometer,0.17956513,0.9576806999999999,12.157756,1550002943090
19012,99,Gyroscope,-0.09373727,-0.026505437000000003,-0.028142562000000003,1550002943099
19013,99,Accelerometer,1.0666169,1.8914193,10.674548,1550002943100
19014,99,Gyroscope,0.05653558,-0.10408532599999999,-0.0061514126,1550002943109
19015,99,Accelerometer,2.2601264,1.1791444,7.803900200000001,1550002943110
19016,99,Gyroscope,-0.038759395,-0.028338033999999998,-0.029975157000000002,1550002943119
19017,99,Accelerometer,1.0426749,1.7489643,8.118738,1550002943120
19018,99,Gyroscope,-0.06869179,0.0058704205,-0.026309965,1550002943129
19019,99,Accelerometer,0.4213795,1.1504139,9.604341,1550002943130
19020,99,Gyroscope,0.038209625,-0.011233807,-0.050744575,1550002943139
19021,99,Accelerometer,1.5310919,1.6723499,11.130644,1550002943140
19022,99,Gyroscope,0.042485684,-0.06071389,-0.045857653,1550002943150
19023,99,Accelerometer,1.2246342,1.258153,9.188946000000001,1550002943150
19024,99,Gyroscope,0.012553285,-0.05460524,-0.038527273,1550002943159
19025,99,Accelerometer,1.8291701,1.3204023,9.300277000000001,1550002943160
19026,99,Gyroscope,0.012553285,-0.030170628999999997,-0.028753427999999998,1550002943169
19027,99,Accelerometer,1.3192052,0.82240826,8.404845,1550002943170
19028,99,Gyroscope,-0.017989976,0.01625513,-0.053798902999999995,1550002943179
19029,99,Accelerometer,0.89303726,1.5765818,9.7719345,1550002943180
19030,99,Gyroscope,-0.040591992,0.006481286,-0.025699101000000002,1550002943189
19031,99,Accelerometer,1.590947,0.40821138,10.386047,1550002943190
19032,99,Gyroscope,-0.02409863,-0.008790346,-0.067237936,1550002943199
19033,99,Accelerometer,1.3778629999999998,0.4189853,8.838196,1550002943200
19034,99,Gyroscope,-0.058917947000000005,0.01625513,-0.09839206,1550002943209
19035,99,Accelerometer,1.283292,0.78170687,8.852561,1550002943210
19036,99,Gyroscope,-0.019822573,0.035191953,-0.12832445,1550002943219
19037,99,Accelerometer,1.3347674999999999,0.5470751,9.665392,1550002943220
19038,99,Gyroscope,-0.05830708,0.03274849,-0.106333315,1550002943229
19039,99,Accelerometer,0.02633622,1.5981296,10.271125,1550002943229
19040,99,Gyroscope,-0.07052439,0.03702455,-0.11977235,1550002943240
19041,99,Accelerometer,0.91099375,0.40701428,9.919178,1550002943240
19042,99,Gyroscope,0.014996746000000002,0.01625513,-0.10755505,1550002943249
19043,99,Accelerometer,0.81522566,1.3682863,9.758766,1550002943250
19044,99,Gyroscope,-0.07785477,0.04007887,-0.10144639,1550002943259
19045,99,Accelerometer,1.4305356000000002,1.3467385,9.112331,1550002943259
19046,99,Gyroscope,-0.07296785,0.018087726000000002,-0.08250957,1550002943269
19047,99,Accelerometer,1.4137761999999998,1.7345991000000003,9.848549,1550002943270
19048,99,Gyroscope,0.006444632,-0.019175055,-0.056853227,1550002943279
19049,99,Accelerometer,1.614889,1.4161704,10.837354,1550002943279
19050,99,Gyroscope,-0.01127046,-0.038722742000000004,-0.03730554,1550002943289
19051,99,Accelerometer,2.0757727999999998,1.2246342,9.7719345,1550002943290
19052,99,Gyroscope,-0.019822573,-0.051550914,-0.016536122,1550002943299
19053,99,Accelerometer,2.1320367,1.7764976000000003,9.956287,1550002943299
19054,99,Gyroscope,0.052259527,-0.05582697,-0.016536122,1550002943309
19055,99,Accelerometer,2.112883,0.8595184000000001,10.188525,1550002943310
19056,99,Gyroscope,0.0021685753,-0.039333608,-0.007373143,1550002943319
19057,99,Accelerometer,2.0494366000000004,0.8738836,9.676167,1550002943319
19058,99,Gyroscope,-0.025931226,-0.030781494,0.0017898360000000002,1550002943329
19059,99,Accelerometer,1.483208,0.7541734999999999,10.014946,1550002943330
19060,99,Gyroscope,0.026603185,-0.022840247,-0.015925256999999998,1550002943339
19061,99,Accelerometer,0.9816226999999998,0.5746084,9.478644000000001,1550002943339
19062,99,Gyroscope,-0.018600842,0.004648689,-0.022644775,1550002943350
19063,99,Accelerometer,0.700304,1.4281414,8.804677,1550002943350
19064,99,Gyroscope,-0.006994404,0.0077030174,-0.0061514126,1550002943359
19065,99,Accelerometer,0.3172317,1.2174516000000002,8.908825,1550002943359
19066,99,Gyroscope,0.0076663624,0.027250702999999998,-0.0061514126,1550002943370
19067,99,Accelerometer,0.23343466,1.4676456,10.480618,1550002943370
19068,99,Gyroscope,-0.032650746,0.03824628,0.023780985,1550002943379
19069,99,Accelerometer,0.7110779,1.4137761999999998,10.694899000000001,1550002943379
19070,99,Gyroscope,-0.008216133,0.053517907999999996,0.03966348,1550002943390
19071,99,Accelerometer,-0.20350714,1.3012487,9.967062,1550002943390
19072,99,Gyroscope,-0.0076052677,0.05962656400000001,0.017672332,1550002943399
19073,99,Accelerometer,0.14963761,1.9991584,10.170568,1550002943400
19074,99,Gyroscope,-0.0137139205,0.052907042,0.006065893,1550002943409
19075,99,Accelerometer,1.1707646999999999,1.1085154,9.119514,1550002943409
19076,99,Gyroscope,-0.0045509413,0.037635416,0.006065893,1550002943419
19077,99,Accelerometer,1.7549498,0.7062895,8.2276745,1550002943420
19078,99,Gyroscope,0.011942419,0.08222858,-0.01287093,1550002943429
19079,99,Accelerometer,-0.16639702,0.90381116,9.3661175,1550002943429
19080,99,Gyroscope,-0.022266036,0.036413684,-0.025699101000000002,1550002943439
19081,99,Accelerometer,1.2186487,0.33997664,11.416751,1550002943440
19082,99,Gyroscope,-0.032650746,-0.036279282999999996,-0.034251212999999996,1550002943449
19083,99,Accelerometer,1.5885528,-0.08619126,10.753557,1550002943449
19084,99,Gyroscope,0.047372602,-0.08026158,-0.0678488,1550002943459
19085,99,Accelerometer,2.3223755,1.1480197,9.430760000000001,1550002943460
19086,99,Gyroscope,0.047372602,-0.053383507000000004,-0.04891198,1550002943469
19087,99,Accelerometer,1.2976573999999998,0.93852705,9.537302,1550002943469
19088,99,Gyroscope,-0.022266036,-0.06071389,-0.047079384,1550002943479
19089,99,Accelerometer,-0.045489833,1.3383588,11.299435,1550002943480
19090,99,Gyroscope,0.09868529,-0.11813522,0.042717807000000003,1550002943489
19091,99,Accelerometer,3.5482068,0.81043726,10.431536999999999,1550002943489
19092,99,Gyroscope,0.065698564,-0.12668735,0.054935113,1550002943499
19093,99,Accelerometer,2.2026656000000004,1.7657237000000001,7.848192999999999,1550002943500
19094,99,Gyroscope,-0.06563746,-0.098587535,-0.03608381,1550002943509
19095,99,Accelerometer,-0.33997664,1.1947067,9.572019000000001,1550002943510
19096,99,Gyroscope,-0.011881325,-0.09186802,0.006065893,1550002943519
19097,99,Accelerometer,0.92775315,-0.7565677,10.431536999999999,1550002943519
19098,99,Gyroscope,-0.008216133,-0.09064629,-0.029364292,1550002943530
19099,99,Accelerometer,0.019153614,0.48362875,9.447519999999999,1550002943530
19100,99,Gyroscope,-0.034483336,-0.08575937,-0.057464093,1550002943539
19101,99,Accelerometer,0.6380547,1.541866,8.746018,1550002943540
19102,99,Gyroscope,-0.036315932999999995,-0.05277264,-0.05807496,1550002943549
19103,99,Accelerometer,0.51475334,1.8255788,8.978256,1550002943549
19104,99,Gyroscope,-0.03937026,-0.024672844,-0.05135544,1550002943559
19105,99,Accelerometer,-0.60453594,1.0211270000000001,9.285912,1550002943560
19106,99,Gyroscope,-0.054031022000000005,-0.0039034244,-0.08067697,1550002943569
19107,99,Accelerometer,-0.23463176,1.1097125,10.048465,1550002943570
19108,99,Gyroscope,-0.017989976,0.0022052303,-0.056853227,1550002943579
19109,99,Accelerometer,0.8535328999999999,1.210269,9.548077000000001,1550002943579
19110,99,Gyroscope,0.0070554977,0.022974647999999997,-0.03486208,1550002943589
19111,99,Accelerometer,0.38307226,1.650802,9.137471000000001,1550002943590
19112,99,Gyroscope,-0.08151996,0.041911468,-0.028142562000000003,1550002943599
19113,99,Accelerometer,0.30885202,1.6484078000000002,9.940725,1550002943600
19114,99,Gyroscope,-0.011881325,0.032137625,-0.015925256999999998,1550002943609
19115,99,Accelerometer,1.2282255,1.4568716999999998,10.523713,1550002943609
19116,99,Gyroscope,-0.009437865,0.03152676,-0.025088236,1550002943619
19117,99,Accelerometer,1.1264718999999999,1.2761095,9.587581,1550002943620
19118,99,Gyroscope,-0.047922373,0.01747686,-0.039749,1550002943629
19119,99,Accelerometer,0.93732995,1.4293385,9.53012,1550002943630
19120,99,Gyroscope,-0.02165517,0.0015943646,-0.028142562000000003,1550002943639
19121,99,Accelerometer,1.4377182,1.567005,10.298658,1550002943639
19122,99,Gyroscope,0.03210097,-0.005125154,-0.008594873000000001,1550002943649
19123,99,Accelerometer,1.2557588,1.2174516000000002,9.345766000000001,1550002943650
19124,99,Gyroscope,-0.032650746,0.006481286,-0.011649198999999999,1550002943659
19125,99,Accelerometer,0.51595044,1.3515268999999999,9.952697,1550002943660
19126,99,Gyroscope,-0.016157383,-0.013066402,-0.0037079514000000003,1550002943669
19127,99,Accelerometer,0.7146691999999999,1.3503298000000001,10.730812,1550002943669
19128,99,Gyroscope,0.0094989585,-0.017953325,-0.008594873000000001,1550002943680
19129,99,Accelerometer,0.9504981,1.4413095,10.244789,1550002943680
19130,99,Gyroscope,-0.016157383,-0.013677267,0.042717807000000003,1550002943689
19131,99,Accelerometer,0.16879122,1.472434,9.447519999999999,1550002943690
19132,99,Gyroscope,-0.010659594,-0.010622941,0.020115793,1550002943699
19133,99,Accelerometer,0.9935937,1.0690111,9.5492735,1550002943699
19134,99,Gyroscope,0.02721405,-0.017953325,0.026835311,1550002943709
19135,99,Accelerometer,0.79367787,0.9540894,9.5385,1550002943710
19136,99,Gyroscope,0.014385881000000001,-0.012455538,0.0323331,1550002943719
19137,99,Accelerometer,0.35075054,1.2593501,9.692925,1550002943720
19138,99,Gyroscope,0.032711837,0.00037263334000000003,0.046993863,1550002943729
19139,99,Accelerometer,0.8690952,0.8870517,9.123106,1550002943730
19140,99,Gyroscope,0.041263953,-0.0026816929999999998,0.05249165,1550002943739
19141,99,Accelerometer,0.7350199000000001,1.6579846999999999,10.117896,1550002943739
19142,99,Gyroscope,-0.019822573,0.016865995,0.06654155,1550002943750
19143,99,Accelerometer,0.6428431,0.8511386999999999,10.060435,1550002943750
19144,99,Gyroscope,-0.025931226,-0.009401211500000001,0.056767705999999994,1550002943759
19145,99,Accelerometer,1.0486604,0.9648633,10.251971000000001,1550002943760
19146,99,Gyroscope,0.06997461599999999,-0.041166205,0.03355483,1550002943769
19147,99,Accelerometer,1.2761095,1.1061212,9.381680000000001,1550002943770
19148,99,Gyroscope,0.02354886,0.071233004,0.03966348,1550002943779
19149,99,Accelerometer,1.1420341999999999,0.79846627,6.9108634,1550002943780
19150,99,Gyroscope,-0.10778716,0.11704790000000001,0.043328673,1550002943789
19151,99,Accelerometer,-0.88944596,1.1348516000000002,9.046491,1550002943790
19152,99,Gyroscope,-0.085185155,-0.006957751,0.030500501,1550002943799
19153,99,Accelerometer,0.35194764,1.1264718999999999,14.931438,1550002943799
19154,99,Gyroscope,0.10235048,-0.120578684,0.020115793,1550002943809
19155,99,Accelerometer,1.7908629,0.045489833,9.801862,1550002943810
19156,99,Gyroscope,-0.050365835,-0.120578684,0.046993863,1550002943819
19157,99,Accelerometer,0.12569559,2.4109612,8.408437,1550002943820
19158,99,Gyroscope,-0.12550226,0.022363782000000002,0.03722002,1550002943829
19159,99,Accelerometer,0.9888053,0.4213795,9.293094,1550002943829
19160,99,Gyroscope,0.1072374,-0.04422053,0.059822034,1550002943840
19161,99,Accelerometer,-0.10295067,1.3623008,11.176133,1550002943840
19162,99,Gyroscope,0.033322702999999995,-0.046663992,0.036609154,1550002943849
19163,99,Accelerometer,0.42257659999999997,1.1432313,9.980229,1550002943850
19164,99,Gyroscope,-0.014324786,-0.03750101,0.06287636,1550002943859
19165,99,Accelerometer,0.8487445,1.1420341999999999,9.555259,1550002943859
19166,99,Gyroscope,0.029046647000000002,0.01992032,0.072039336,1550002943869
19167,99,Accelerometer,0.08379706,1.2150573999999998,9.391256,1550002943870
19168,99,Gyroscope,-0.033261612,0.024196379,0.056767705999999994,1550002943879
19169,99,Accelerometer,-0.08259996,0.80564886,10.532093,1550002943880
19170,99,Gyroscope,-0.01127046,0.012589939,-4.2759813000000006e-05,1550002943889
19171,99,Accelerometer,-0.027533319,1.6496049,9.844957,1550002943890
19172,99,Gyroscope,0.03393357,0.046187527,0.0005681054,1550002943899
19173,99,Accelerometer,-0.6536171,1.2413936,7.803900200000001,1550002943899
19174,99,Gyroscope,-0.037537664,0.10055453,0.013396275,1550002943909
19175,99,Accelerometer,-1.2856863,2.0326772,9.835381,1550002943910
19176,99,Gyroscope,0.046761736,0.08345031,0.061654627000000004,1550002943919
19177,99,Accelerometer,-0.24301147,0.36870706,10.151415,1550002943919
19178,99,Gyroscope,0.1054048,0.073065594,0.08608924,1550002943930
19179,99,Accelerometer,0.65242,0.44173019999999996,9.782708,1550002943930
19180,99,Gyroscope,0.0076663624,0.07184387,0.0744828,1550002943939
19181,99,Accelerometer,1.2306197,0.01436521,10.023325,1550002943940
19182,99,Gyroscope,0.04187482,0.036413684,0.030500501,1550002943949
19183,99,Accelerometer,2.135628,0.10055647,10.407595,1550002943949
19184,99,Gyroscope,0.030879242,0.010757342,-0.043414194,1550002943960
19185,99,Accelerometer,1.9452889,-0.22026655,9.329007,1550002943960
19186,99,Gyroscope,-0.06319401,0.0022052303,-0.12282667,1550002943969
19187,99,Accelerometer,1.1803415000000002,-0.0011971008,9.876082,1550002943970
19188,99,Gyroscope,-0.021044305,-0.00817948,-0.1521482,1550002943979
19189,99,Accelerometer,0.8750806999999999,0.46327803,10.431536999999999,1550002943979
19190,99,Gyroscope,-0.02165517,-0.0075686146,-0.13260052,1550002943990
19191,99,Accelerometer,0.49679685,0.2908955,9.742006,1550002943990
19192,99,Gyroscope,-0.060750544000000004,-0.0014599635999999999,-0.12343754,1550002943999
19193,99,Accelerometer,0.10175357,0.6548142,10.333375,1550002944000
19194,99,Gyroscope,0.027824916,-0.010622941,-0.11183110000000002,1550002944009
19195,99,Accelerometer,0.82121116,1.091756,10.128671,1550002944010
19196,99,Gyroscope,0.01316415,-0.0039034244,-0.077622645,1550002944019
19197,99,Accelerometer,1.6424223000000002,1.555034,9.436746000000001,1550002944020
19198,99,Gyroscope,-0.016157383,-0.010622941,-0.06845967,1550002944029
19199,99,Accelerometer,1.6843209,1.8962077000000002,9.522936999999999,1550002944030
19200,99,Gyroscope,0.055313855,-0.00817948,-0.05624236,1550002944039
19201,99,Accelerometer,1.364695,0.50158525,9.179369,1550002944039
19202,99,Gyroscope,0.0113315545,0.0077030174,-0.07945524,1550002944049
19203,99,Accelerometer,0.41778820000000005,0.17836803,9.36492,1550002944050
19204,99,Gyroscope,-0.0076052677,0.018698592,-0.097781196,1550002944059
19205,99,Accelerometer,1.364695,0.0023942017,10.038888,1550002944060
19206,99,Gyroscope,0.030268377000000003,0.0040378235,-0.12099407599999999,1550002944069
19207,99,Accelerometer,1.650802,0.6584055,10.055647,1550002944070
19208,99,Gyroscope,-0.0063835381999999994,0.007092151999999999,-0.15947857,1550002944079
19209,99,Accelerometer,1.0462662,0.30286652,9.49301,1550002944080
19210,99,Gyroscope,-0.055252752999999995,0.01992032,-0.19368704,1550002944089
19211,99,Accelerometer,1.1647792,0.5255273,9.682152,1550002944090
19212,99,Gyroscope,-0.027152957000000002,0.006481286,-0.19735223,1550002944099
19213,99,Accelerometer,1.7178397,0.49200845,9.737217999999999,1550002944100
19214,99,Gyroscope,-0.03509419999999999,0.005259555,-0.21873249999999997,1550002944109
19215,99,Accelerometer,1.8351556,0.36391866,9.611523,1550002944109
19216,99,Gyroscope,-0.031429015,-0.00084909797,-0.23217155,1550002944119
19217,99,Accelerometer,1.9752164,0.29568392,9.622296,1550002944120
19218,99,Gyroscope,-0.020433438999999998,0.0015943646,-0.23033895,1550002944129
19219,99,Accelerometer,1.9608511999999998,0.30526072,9.880871,1550002944130
19220,99,Gyroscope,-0.06441574,-0.0075686146,-0.2242303,1550002944139
19221,99,Accelerometer,2.1021092,0.37469256,9.703699,1550002944139
19222,99,Gyroscope,-0.026542092000000003,-0.013677267,-0.22606289999999998,1550002944150
19223,99,Accelerometer,2.3116016,-0.044292733,10.280702,1550002944150
19224,99,Gyroscope,0.0052229017,-0.016120728,-0.21323472,1550002944159
19225,99,Accelerometer,1.8363526999999997,0.61530983,9.749189,1550002944160
19226,99,Gyroscope,-0.039981127000000005,-0.0057360195,-0.19551963,1550002944169
19227,99,Accelerometer,1.9189526999999997,1.0115502,10.010158,1550002944169
19228,99,Gyroscope,0.016218476000000003,-0.03261409,-0.17597194,1550002944179
19229,99,Accelerometer,1.8519150000000002,0.7410054,9.5253315,1550002944180
19230,99,Gyroscope,0.0040011713,-0.010012077,-0.14665042,1550002944189
19231,99,Accelerometer,1.2378023,1.5023615,9.062054,1550002944190
19232,99,Gyroscope,-0.033261612,0.062680885,-0.15520252,1550002944199
19233,99,Accelerometer,1.0737995,1.555034,8.400057,1550002944199
19234,99,Gyroscope,-0.04425718,0.07550906,-0.14848301,1550002944209
19235,99,Accelerometer,0.2896984,2.3319526,11.382035,1550002944210
19236,99,Gyroscope,0.022937994,-0.010012077,-0.13137878,1550002944219
19237,99,Accelerometer,0.9720459000000001,0.5793968,9.241617999999999,1550002944220
19238,99,Gyroscope,0.008277228000000001,0.032137625,-0.16008945,1550002944229
19239,99,Accelerometer,1.2090718999999999,1.5765818,7.5333557,1550002944229
19240,99,Gyroscope,-0.04975497,0.10544146,-0.14787214,1550002944240
19241,99,Accelerometer,0.5446809,1.7896657999999999,8.523358,1550002944240
19242,99,Gyroscope,-0.0033292117999999997,0.09688934,-0.125881,1550002944249
19243,99,Accelerometer,0.45010993,1.0977415000000001,10.601525,1550002944250
19244,99,Gyroscope,0.025381455,0.06634608,-0.13198964,1550002944259
19245,99,Accelerometer,1.352724,0.7206547,10.408792,1550002944260
19246,99,Gyroscope,-0.010659594,0.05901569999999999,-0.14054176,1550002944270
19247,99,Accelerometer,1.4137761999999998,1.6196774,9.346964,1550002944270
19248,99,Gyroscope,-0.01737911,0.09383502,-0.12099407599999999,1550002944279
19249,99,Accelerometer,1.3443443000000002,1.7465701,9.006986999999999,1550002944280
19250,99,Gyroscope,-0.06013968,0.07550906,-0.06907053,1550002944289
19251,99,Accelerometer,0.45250413,1.2497733,10.346542,1550002944289
19252,99,Gyroscope,-0.053420155999999996,0.06940041,-0.094726875,1550002944300
19253,99,Accelerometer,1.7908629,1.6555905,10.899602999999999,1550002944300
19254,99,Gyroscope,-0.0076052677,0.07184387,-0.07640091,1550002944309
19255,99,Accelerometer,1.8710686,1.1767502,9.682152,1550002944310
19256,99,Gyroscope,-0.021044305,0.07245473,-0.09167255,1550002944319
19257,99,Accelerometer,1.4496891,1.0726023999999998,10.166978,1550002944319
19258,99,Gyroscope,-0.030207282000000002,0.06756781,-0.11977235,1550002944330
19259,99,Accelerometer,1.3479356000000002,0.7015011,10.238804,1550002944330
19260,99,Gyroscope,-0.01004873,0.023585513,-0.12343754,1550002944339
19261,99,Accelerometer,1.6232687,0.37469256,10.291476,1550002944340
19262,99,Gyroscope,0.02721405,0.011368208000000001,-0.14848301,1550002944349
19263,99,Accelerometer,1.5598223999999998,0.88944596,8.76637,1550002944349
19264,99,Gyroscope,-0.04242459,0.008924745,-0.1417635,1550002944360
19265,99,Accelerometer,0.6679823,0.58418524,10.016143,1550002944360
19266,99,Gyroscope,0.036987893,-0.0014599635999999999,-0.17413935,1550002944369
19267,99,Accelerometer,0.29448682,0.39983168,10.09994,1550002944370
19268,99,Gyroscope,0.02477059,0.006481286,-0.15153733,1550002944379
19269,99,Accelerometer,0.6392518,1.246182,9.488221000000001,1550002944380
19270,99,Gyroscope,-0.017989976,0.019309454,-0.1380983,1550002944389
19271,99,Accelerometer,0.63087213,0.44651863,9.7479925,1550002944390
19272,99,Gyroscope,0.024159724,0.011368208000000001,-0.14542869,1550002944399
19273,99,Accelerometer,0.18914193,0.7637503000000001,10.315418,1550002944399
19274,99,Gyroscope,0.039431356,0.007092151999999999,-0.12038321,1550002944409
19275,99,Accelerometer,1.1085154,0.80205756,9.91798,1550002944410
19276,99,Gyroscope,0.014385881000000001,0.008313879,-0.12343754,1550002944419
19277,99,Accelerometer,0.94690675,0.4369418,9.611523,1550002944420
19278,99,Gyroscope,0.035155296,0.011368208000000001,-0.14665042,1550002944429
19279,99,Accelerometer,1.0283096,0.9588778,9.712079,1550002944430
19280,99,Gyroscope,0.0033903066,0.005259555,-0.14603955,1550002944439
19281,99,Accelerometer,1.4772223999999998,1.4532804,9.536105000000001,1550002944440
19282,99,Gyroscope,-0.027152957000000002,0.020531185,-0.13504398,1550002944450
19283,99,Accelerometer,1.8854338,1.1252748,10.447099,1550002944450
19284,99,Gyroscope,0.0070554977,0.0022052303,-0.15642425,1550002944459
19285,99,Accelerometer,1.0163386,0.9612719999999999,10.34774,1550002944460
19286,99,Gyroscope,-0.0057726726,-0.019175055,-0.16008945,1550002944469
19287,99,Accelerometer,1.1827357,1.271321,10.005369,1550002944470
19288,99,Gyroscope,-0.028374685,-0.057048699999999994,-0.13321137,1550002944480
19289,99,Accelerometer,1.8255788,0.7170634,9.868899,1550002944480
19290,99,Gyroscope,0.0021685753,-0.06926601,-0.12649186,1550002944489
19291,99,Accelerometer,1.5825673,1.7645266,9.967062,1550002944490
19292,99,Gyroscope,-0.0008857511,-0.059492163,-0.11427456,1550002944499
19293,99,Accelerometer,1.4568716999999998,1.2725182,9.300277000000001,1550002944499
19294,99,Gyroscope,0.017440207,-0.041777067,-0.10327899,1550002944510
19295,99,Accelerometer,0.9828198,1.3371617,9.731233,1550002944510
19296,99,Gyroscope,0.024159724,-0.009401211500000001,-0.10388985,1550002944519
19297,99,Accelerometer,0.32441434,0.94211835,10.21965,1550002944520
19298,99,Gyroscope,0.013775015,-0.014288133,-0.10083552400000001,1550002944530
19299,99,Accelerometer,0.6500258000000001,1.3144168,10.151415,1550002944530
19300,99,Gyroscope,0.01560761,-0.01978592,-0.0837313,1550002944539
19301,99,Accelerometer,0.45729253,1.1097125,9.394848,1550002944540
19302,99,Gyroscope,-0.0008857511,-0.01978592,-0.09900293,1550002944549
19303,99,Accelerometer,0.24301147,1.1695676000000002,9.115923,1550002944549
19304,99,Gyroscope,0.029046647000000002,-0.014288133,-0.07640091,1550002944559
19305,99,Accelerometer,1.0031705,1.5454572,8.67539,1550002944560
19306,99,Gyroscope,-0.09312639999999998,0.029083297,-0.09167255,1550002944569
19307,99,Accelerometer,-1.271321,0.91099375,10.00896,1550002944570
19308,99,Gyroscope,-0.054031022000000005,0.060848295999999996,-0.067237936,1550002944579
19309,99,Accelerometer,-0.47165772,1.0726023999999998,14.553154999999999,1550002944580
19310,99,Gyroscope,0.074250676,-0.15539801,-0.023866504,1550002944589
19311,99,Accelerometer,1.9979613,0.037110128,10.808622999999999,1550002944590
19312,99,Gyroscope,0.091965765,-0.08759196,-0.020812178,1550002944599
19313,99,Accelerometer,2.0769699,1.7310078000000002,7.4986396,1550002944600
19314,99,Gyroscope,-0.09740246,0.02786157,-0.000653625,1550002944609
19315,99,Accelerometer,1.2677298000000001,1.9728221999999997,7.21373,1550002944609
19316,99,Gyroscope,0.0094989585,-0.024061977999999998,0.024391849,1550002944619
19317,99,Accelerometer,0.81642276,0.6380547,10.131064,1550002944620
19318,99,Gyroscope,0.1072374,-0.09614408,-0.02203391,1550002944629
19319,99,Accelerometer,1.7633294999999998,0.2705448,10.994174000000001,1550002944630
19320,99,Gyroscope,0.029657512999999996,-0.07048774,-0.025088236,1550002944639
19321,99,Accelerometer,1.5562311000000002,0.51595044,7.892486,1550002944640
19322,99,Gyroscope,-0.01127046,-0.013066402,-0.019590449,1550002944649
19323,99,Accelerometer,0.581791,1.2785037000000001,8.663419000000001,1550002944650
19324,99,Gyroscope,0.051037795999999996,-0.016731594,-0.045246787000000004,1550002944660
19325,99,Accelerometer,0.7553706,0.15801731,9.580399,1550002944660
19326,99,Gyroscope,0.03759876,-0.047274857999999996,-0.035472944,1550002944669
19327,99,Accelerometer,0.34955344,1.5167267,10.382456,1550002944670
19328,99,Gyroscope,-0.0008857511,-0.025894572999999997,-0.040359866,1550002944679
19329,99,Accelerometer,0.44173019999999996,0.61530983,9.655814999999999,1550002944680
19330,99,Gyroscope,0.030879242,0.01747686,0.006065893,1550002944689
19331,99,Accelerometer,-0.19153613,1.1324573999999998,9.184157,1550002944690
19332,99,Gyroscope,-0.025931226,0.032137625,0.013396275,1550002944699
19333,99,Accelerometer,-0.16998832,1.2413936,8.833407000000001,1550002944699
19334,99,Gyroscope,-0.031429015,0.024196379,-0.039138135,1550002944709
19335,99,Accelerometer,0.61291564,1.6364368,9.314642,1550002944710
19336,99,Gyroscope,-0.0369268,0.022974647999999997,-0.025699101000000002,1550002944719
19337,99,Accelerometer,-0.038307227,1.7369933000000002,11.003751,1550002944720
19338,99,Gyroscope,-0.049144104,0.010757342,-0.029364292,1550002944729
19339,99,Accelerometer,0.4213795,0.59495914,10.386047,1550002944730
19340,99,Gyroscope,-0.013103055,-0.012455538,-0.025088236,1550002944739
19341,99,Accelerometer,0.8319851,0.48362875,10.245986,1550002944739
19342,99,Gyroscope,-0.04242459,-0.055216104,-0.041581597000000005,1550002944750
19343,99,Accelerometer,1.5131354,0.7685388000000001,10.494983,1550002944750
19344,99,Gyroscope,-0.006994404,-0.07659639,-0.05807496,1550002944759
19345,99,Accelerometer,1.6376339,0.46208093,9.411607,1550002944760
19346,99,Gyroscope,-0.025931226,-0.08087245,-0.07701178,1550002944769
19347,99,Accelerometer,1.2533646,0.8738836,9.763555,1550002944770
19348,99,Gyroscope,-0.02409863,-0.08026158,-0.09533774,1550002944779
19349,99,Accelerometer,1.2126632,0.3196259,9.461885,1550002944779
19350,99,Gyroscope,0.0009468458599999999,-0.08637023,-0.08861822,1550002944790
19351,99,Accelerometer,0.14006079999999999,0.51475334,9.095572,1550002944790
19352,99,Gyroscope,0.032711837,-0.06437908,-0.10144639,1550002944799
19353,99,Accelerometer,-0.3184288,1.1252748,9.543288,1550002944800
19354,99,Gyroscope,0.0058337674,-0.020396786,-0.10816591,1550002944809
19355,99,Accelerometer,-0.90500826,1.2485761999999998,9.792285000000001,1550002944809
19356,99,Gyroscope,-0.02532036,0.02786157,-0.10327899,1550002944820
19357,99,Accelerometer,-0.81402856,1.2808979,10.536881,1550002944820
19358,99,Gyroscope,-0.013103055,0.0022052303,-0.081898704,1550002944829
19359,99,Accelerometer,0.13407529999999998,1.459266,10.126275999999999,1550002944830
19360,99,Gyroscope,-0.017989976,0.016865995,-0.081898704,1550002944839
19361,99,Accelerometer,-0.073023155,1.5526398000000001,9.5253315,1550002944839
19362,99,Gyroscope,-0.043035455,0.036413684,-0.08800735,1550002944849
19363,99,Accelerometer,-0.24660277,1.2318168,9.475052999999999,1550002944850
19364,99,Gyroscope,-0.037537664,0.04740926,-0.0837313,1550002944859
19365,99,Accelerometer,0.36990416,1.3587095,10.407595,1550002944860
19366,99,Gyroscope,-0.008826999,0.023585513,-0.078844376,1550002944869
19367,99,Accelerometer,0.6584055,0.8810662,10.238804,1550002944870
19368,99,Gyroscope,-0.013103055,0.015644263000000002,-0.074568324,1550002944879
19369,99,Accelerometer,0.5398925,0.6847416999999999,9.925163000000001,1550002944879
19370,99,Gyroscope,-0.022266036,0.018087726000000002,-0.09289428,1550002944889
19371,99,Accelerometer,0.092176765,0.9995792,9.791088,1550002944890
19372,99,Gyroscope,-0.01004873,0.023585513,-0.06051842,1550002944899
19373,99,Accelerometer,0.45130703,1.0330979999999998,9.904813,1550002944900
19374,99,Gyroscope,-0.022876898,0.018698592,-0.071513996,1550002944909
19375,99,Accelerometer,0.58897364,1.4101848999999997,10.042479,1550002944910
19376,99,Gyroscope,-0.017989976,-0.016731594,-0.059907555999999994,1550002944919
19377,99,Accelerometer,1.1528081000000001,2.0410569,9.56723,1550002944919
19378,99,Gyroscope,-0.0014966168,-0.025894572999999997,-0.014703525,1550002944930
19379,99,Accelerometer,2.1332338,1.7058687,8.525752,1550002944930
19380,99,Gyroscope,0.02354886,-0.019175055,-0.020812178,1550002944939
19381,99,Accelerometer,1.8160020000000001,2.267309,9.123106,1550002944940
19382,99,Gyroscope,0.027824916,-0.011233807,0.009120219,1550002944949
19383,99,Accelerometer,1.2066777,1.2186487,8.734048,1550002944950
19384,99,Gyroscope,-0.0027183462,0.040689737000000004,0.021948388,1550002944959
19385,99,Accelerometer,1.6017209,2.1727380000000003,10.69849,1550002944959
19386,99,Gyroscope,-0.029596416,0.030915894,0.023780985,1550002944970
19387,99,Accelerometer,1.6962918999999999,1.2629413999999999,10.649409,1550002944970
19388,99,Gyroscope,0.008888093,-0.032003224,0.014618006999999999,1550002944979
19389,99,Accelerometer,1.2234371000000002,0.44771573,10.33098,1550002944980
19390,99,Gyroscope,0.010109824,-0.028338033999999998,-0.000653625,1550002944989
19391,99,Accelerometer,0.9648633,0.130484,9.200917,1550002944989
19392,99,Gyroscope,-0.04975497,-0.004514288,0.009731084000000001,1550002945000
19393,99,Accelerometer,1.3850456,1.22224,9.258378,1550002945000
19394,99,Gyroscope,-0.02898555,-0.006957751,-0.020201313999999998,1550002945009
19395,99,Accelerometer,1.4377182,1.1492168,10.038888,1550002945010
19396,99,Gyroscope,-0.008826999,-0.01734246,-0.03608381,1550002945019
19397,99,Accelerometer,1.3251906999999998,0.7302314999999999,9.382876,1550002945020
19398,99,Gyroscope,-0.04853324,0.006481286,-0.03486208,1550002945029
19399,99,Accelerometer,1.1731589,1.0881646999999999,9.66659,1550002945029
19400,99,Gyroscope,0.0033903066,0.021752916,-0.02203391,1550002945040
19401,99,Accelerometer,0.9672575000000001,1.0414777,9.79827,1550002945040
19402,99,Gyroscope,0.008277228000000001,0.016865995,0.0017898360000000002,1550002945049
19403,99,Accelerometer,1.0223241,0.7625531999999999,10.487801,1550002945050
19404,99,Gyroscope,0.025992319,0.010146476,0.023780985,1550002945059
19405,99,Accelerometer,0.9564835999999999,0.63206923,10.180145,1550002945059
19406,99,Gyroscope,0.0021685753,0.0015943646,-0.0012644903,1550002945069
19407,99,Accelerometer,2.1440077,2.3080103,9.223662,1550002945070
19408,99,Gyroscope,0.008888093,0.015644263000000002,0.0048441626,1550002945079
19409,99,Accelerometer,2.566584,1.7741034,8.51019,1550002945080
19410,99,Gyroscope,0.04004222,0.012589939,0.053102515999999995,1550002945089
19411,99,Accelerometer,0.8487445,1.9345150000000002,9.961076,1550002945090
19412,99,Gyroscope,0.041263953,0.01992032,0.026835311,1550002945099
19413,99,Accelerometer,1.7214310000000002,1.3144168,9.54209,1550002945099
19414,99,Gyroscope,0.01316415,0.03824628,0.02927877,1550002945109
19415,99,Accelerometer,1.7729063000000003,2.136825,10.389638,1550002945110
19416,99,Gyroscope,0.05348126,0.033359356,0.03844175,1550002945119
19417,99,Accelerometer,1.2306197,1.2773066000000002,9.551667,1550002945120
19418,99,Gyroscope,0.0009468458599999999,0.048020124000000004,0.03599829,1550002945129
19419,99,Accelerometer,1.2270284,1.2210428999999998,9.285912,1550002945130
19420,99,Gyroscope,-0.028374685,0.044965795999999995,0.017061466,1550002945139
19421,99,Accelerometer,1.8878279999999998,1.4484920000000001,9.516952,1550002945139
19422,99,Gyroscope,0.0033903066,0.041300602,0.02317012,1550002945149
19423,99,Accelerometer,1.6819267,1.3634979,10.092757,1550002945150
19424,99,Gyroscope,-0.01004873,0.037635416,0.02805704,1550002945159
19425,99,Accelerometer,1.2749124,0.9840169,8.901641999999999,1550002945160
19426,99,Gyroscope,-0.016157383,0.082839444,0.032943964,1550002945169
19427,99,Accelerometer,0.80684596,0.50637364,8.6813755,1550002945170
19428,99,Gyroscope,-0.0008857511,0.10055453,0.03722002,1550002945179
19429,99,Accelerometer,-0.11611878,0.8870517,9.715671,1550002945179
19430,99,Gyroscope,-0.04853324,0.10238712,0.017672332,1550002945190
19431,99,Accelerometer,0.9876082,1.0163386,11.026496,1550002945190
19432,99,Gyroscope,-0.04425718,0.06451348,0.068985015,1550002945199
19433,99,Accelerometer,0.17477672,1.1540052,10.409989,1550002945200
19434,99,Gyroscope,-0.05830708,0.06207002,0.02561358,1550002945209
19435,99,Accelerometer,0.35194764,1.5167267,10.160992,1550002945209
19436,99,Gyroscope,-0.06319401,0.078563385,-0.004929682,1550002945220
19437,99,Accelerometer,1.3491327,2.098518,9.374496,1550002945220
19438,99,Gyroscope,-0.057696215999999995,0.060848295999999996,0.016450599999999996,1550002945229
19439,99,Accelerometer,1.127669,1.472434,9.832987,1550002945230
19440,99,Gyroscope,0.0076663624,0.041911468,0.007287623399999999,1550002945239
19441,99,Accelerometer,1.5466543,0.9648633,10.171766,1550002945240
19442,99,Gyroscope,-0.02532036,0.046798393,-0.000653625,1550002945249
19443,99,Accelerometer,2.5115175,0.82121116,10.415975,1550002945249
19444,99,Gyroscope,-0.05830708,0.032137625,0.012174546000000001,1550002945259
19445,99,Accelerometer,2.088941,0.30765492,10.352528999999999,1550002945260
19446,99,Gyroscope,0.020494534,0.006481286,-0.022644775,1550002945269
19447,99,Accelerometer,1.8758569999999999,0.5470751,9.642648,1550002945270
19448,99,Gyroscope,-0.057696215999999995,0.018087726000000002,-0.03302948,1550002945279
19449,99,Accelerometer,1.127669,1.2126632,9.837775,1550002945280
19450,99,Gyroscope,-0.030818147999999997,-0.004514288,-0.030586022999999997,1550002945289
19451,99,Accelerometer,1.2006921999999998,-0.20590134,8.592789999999999,1550002945289
19452,99,Gyroscope,-0.006994404,0.06940041,-0.07517918,1550002945299
19453,99,Accelerometer,0.59256494,3.0071173,11.291056,1550002945300
19454,99,Gyroscope,-0.03387247,0.0871155,-0.022644775,1550002945309
19455,99,Accelerometer,1.1085154,1.1468226000000001,11.224017,1550002945310
19456,99,Gyroscope,-0.021044305,-0.017953325,-0.033640347,1550002945319
19457,99,Accelerometer,-0.4369418,1.5813701999999998,11.628637,1550002945320
19458,99,Gyroscope,0.13411547,-0.09186802,-0.033640347,1550002945329
19459,99,Accelerometer,1.6795325,1.1121067,9.059659,1550002945330
19460,99,Gyroscope,-0.028374685,-0.04910745,0.04760473,1550002945339
19461,99,Accelerometer,2.111686,1.9800048,7.9810715,1550002945340
19462,99,Gyroscope,-0.07724389999999999,0.00037263334000000003,0.019504927,1550002945349
19463,99,Accelerometer,0.58538234,0.7445967,10.15381,1550002945350
19464,99,Gyroscope,0.052259527,-0.04055534,-0.018368717,1550002945359
19465,99,Accelerometer,0.93732995,0.93493575,10.371682,1550002945359
19466,99,Gyroscope,0.00033598019999999995,-0.06987687,0.009731084000000001,1550002945369
19467,99,Accelerometer,2.2780828,1.1563994,8.89805,1550002945370
19468,99,Gyroscope,0.025381455,-0.068044275,-0.015314391,1550002945379
19469,99,Accelerometer,1.0534488000000002,1.1803415000000002,9.93474,1550002945380
19470,99,Gyroscope,0.044318277,-0.039333608,-0.017146988000000002,1550002945389
19471,99,Accelerometer,0.045489833,0.60214174,9.197326,1550002945390
19472,99,Gyroscope,-0.038759395,-0.011844671999999999,-0.010427468,1550002945399
19473,99,Accelerometer,1.1911154,0.59495914,9.419986999999999,1550002945400
19474,99,Gyroscope,0.021105397,-0.04055534,0.014007141,1550002945409
19475,99,Accelerometer,1.520318,0.7326256999999999,9.975441,1550002945409
19476,99,Gyroscope,0.046761736,-0.039944474,-0.020812178,1550002945419
19477,99,Accelerometer,0.62249243,0.90381116,8.191761,1550002945420
19478,99,Gyroscope,-0.06991352,0.022363782000000002,-0.018368717,1550002945430
19479,99,Accelerometer,0.48482585,1.4748282,9.700109,1550002945430
19480,99,Gyroscope,-0.059528813,0.046798393,0.021948388,1550002945439
19481,99,Accelerometer,1.0414777,0.90859956,11.669339,1550002945440
19482,99,Gyroscope,0.021105397,-0.017953325,-0.007373143,1550002945449
19483,99,Accelerometer,-0.1436521,1.1504139,10.54167,1550002945450
19484,99,Gyroscope,-0.043646313,-0.024061977999999998,-0.031196889,1550002945459
19485,99,Accelerometer,0.9576806999999999,1.3120226000000001,8.356961,1550002945459
19486,99,Gyroscope,-0.055252752999999995,0.0028160921999999997,0.02317012,1550002945469
19487,99,Accelerometer,0.8631097,2.1021092,10.582372,1550002945469
19488,99,Gyroscope,0.025992319,0.012589939,0.007898489,1550002945480
19489,99,Accelerometer,0.48123455,0.7074866,10.334572,1550002945480
19490,99,Gyroscope,0.008888093,0.008924745,0.01034195,1550002945489
19491,99,Accelerometer,0.8619126,2.0015526,9.949105,1550002945490
19492,99,Gyroscope,-0.028374685,-0.009401211500000001,0.014618006999999999,1550002945499
19493,99,Accelerometer,1.6819267,0.91817635,9.315839,1550002945500
19494,99,Gyroscope,0.036987893,-0.010012077,0.02317012,1550002945509
19495,99,Accelerometer,0.48243165,1.8531121,9.249998,1550002945509
19496,99,Gyroscope,-0.022266036,0.0034269579,-0.0018753556,1550002945519
19497,99,Accelerometer,1.4281414,1.4065934,9.339781,1550002945520
19498,99,Gyroscope,0.011942419,-0.004514288,0.03722002,1550002945529
19499,99,Accelerometer,0.47764325,0.90859956,10.15381,1550002945530
19500,99,Gyroscope,0.049816065,-0.026505437000000003,0.046382997,1550002945539
19501,99,Accelerometer,0.6512229,0.6799533,9.989806,1550002945540
19502,99,Gyroscope,0.0033903066,-0.0020708293,0.03722002,1550002945549
19503,99,Accelerometer,0.6895300999999999,0.9636662,8.700529,1550002945550
19504,99,Gyroscope,-0.016768249,0.013811666499999998,0.054935113,1550002945559
19505,99,Accelerometer,0.5470751,1.7633294999999998,9.8916445,1550002945559
19506,99,Gyroscope,0.05775731,-0.0039034244,0.06776328400000001,1550002945570
19507,99,Accelerometer,0.78410107,0.81881696,9.334992,1550002945570
19508,99,Gyroscope,-0.01004873,-0.027727167999999996,0.068985015,1550002945579
19509,99,Accelerometer,0.65242,1.9800048,10.479421,1550002945580
19510,99,Gyroscope,-0.0076052677,-0.01734246,0.08364577599999999,1550002945589
19511,99,Accelerometer,1.2892777,0.61770403,10.334572,1550002945590
19512,99,Gyroscope,0.10479393599999999,-0.06865514,0.099528275,1550002945599
19513,99,Accelerometer,0.5638345,1.1061212,9.211691,1550002945599
19514,99,Gyroscope,0.041263953,-0.06560081,0.076315396,1550002945609
19515,99,Accelerometer,1.4317327,1.9871874,8.889671,1550002945609
19516,99,Gyroscope,-0.04242459,0.05473964,0.12213029,1550002945620
19517,99,Accelerometer,1.8040310000000002,-0.22744916,7.711724,1550002945620
19518,99,Gyroscope,0.031490106000000004,0.08894809,0.059822034,1550002945629
19519,99,Accelerometer,-0.7074866,0.92895025,9.405622,1550002945630
19520,99,Gyroscope,-0.0063835381999999994,-0.0020708293,0.022559252999999998,1550002945639
19521,99,Accelerometer,0.38187516,1.5131354,12.235567999999999,1550002945640
19522,99,Gyroscope,0.02721405,-0.049718317000000005,0.04760473,1550002945649
19523,99,Accelerometer,0.9947908000000001,-0.29448682,8.977058999999999,1550002945649
19524,99,Gyroscope,-0.012492188999999999,0.01992032,0.06531982,1550002945659
19525,99,Accelerometer,-0.78649527,1.8483237000000001,9.837775,1550002945659
19526,99,Gyroscope,-0.024709495,0.028472435,0.046993863,1550002945670
19527,99,Accelerometer,0.49200845,0.9504981,9.534908,1550002945670
19528,99,Gyroscope,0.011942419,-0.035057552,0.072039336,1550002945679
19529,99,Accelerometer,0.82240826,1.3239936,10.650606,1550002945680
19530,99,Gyroscope,0.0070554977,-0.068044275,0.07692626,1550002945689
19531,99,Accelerometer,1.2449848999999997,1.0163386,10.392033,1550002945690
19532,99,Gyroscope,0.07363981,-0.047274857999999996,0.05126992,1550002945699
19533,99,Accelerometer,1.2437878,1.5382746,10.540473,1550002945700
19534,99,Gyroscope,-0.005161807,-0.0020708293,0.08364577599999999,1550002945709
19535,99,Accelerometer,0.7086836999999999,0.079008654,10.639832499999999,1550002945709
19536,99,Gyroscope,-0.031429015,0.012589939,0.03844175,1550002945719
19537,99,Accelerometer,-0.6392518,0.8343792999999999,10.332177,1550002945720
19538,99,Gyroscope,0.020494534,-0.006346885,0.0005681054,1550002945729
19539,99,Accelerometer,0.22146365,0.16519992,8.3390045,1550002945730
19540,99,Gyroscope,-0.08335256,0.02114205,-0.026309965,1550002945739
19541,99,Accelerometer,-0.6799533,1.4030021000000001,8.932767,1550002945740
19542,99,Gyroscope,-0.017989976,0.03152676,-0.031196889,1550002945749
19543,99,Accelerometer,-0.14724341,0.6655880999999999,10.214862,1550002945750
19544,99,Gyroscope,0.020494534,0.018698592,-0.04280333,1550002945759
19545,99,Accelerometer,-0.14006079999999999,1.3395559,9.305064999999999,1550002945759
19546,99,Gyroscope,-0.05708535,0.0431332,-0.000653625,1550002945769
19547,99,Accelerometer,0.08020575,1.5777789,9.157822,1550002945770
19548,99,Gyroscope,-0.010659594,0.035191953,0.01034195,1550002945780
19549,99,Accelerometer,0.50876784,1.2413936,10.608707,1550002945780
19550,99,Gyroscope,0.032711837,0.01992032,0.021337522,1550002945789
19551,99,Accelerometer,0.9636662,1.0103531,9.6845455,1550002945790
19552,99,Gyroscope,-0.019211708,0.01992032,0.0109528145,1550002945799
19553,99,Accelerometer,0.7625531999999999,1.1923125,9.285912,1550002945800
19554,99,Gyroscope,-0.008216133,0.018087726000000002,0.012174546000000001,1550002945809
19555,99,Accelerometer,0.91338795,0.9852139999999999,9.637858999999999,1550002945809
19556,99,Gyroscope,-0.0014966168,0.015033398,0.012174546000000001,1550002945819
19557,99,Accelerometer,1.0295067,1.2808979,9.929952,1550002945820
19558,99,Gyroscope,-0.022266036,0.0009834989999999999,0.0005681054,1550002945830
19559,99,Accelerometer,0.79726917,0.90859956,10.3226,1550002945830
19560,99,Gyroscope,-0.014324786,-0.006957751,-0.000653625,1550002945839
19561,99,Accelerometer,0.62488663,1.365892,10.365696,1550002945840
19562,99,Gyroscope,-0.008216133,0.007092151999999999,-0.000653625,1550002945849
19563,99,Accelerometer,0.18555063,1.555034,10.435128,1550002945850
19564,99,Gyroscope,-0.047311507,-0.028338033999999998,0.031111367,1550002945859
19565,99,Accelerometer,0.62009823,1.1492168,10.0987425,1550002945859
19566,99,Gyroscope,0.004612036,-0.057659565999999995,0.026224446000000002,1550002945869
19567,99,Accelerometer,0.32202014,1.4293385,9.709685,1550002945869
19568,99,Gyroscope,-0.0033292117999999997,-0.047885723,0.037830885,1550002945880
19569,99,Accelerometer,0.049081136,0.7733272,8.8884735,1550002945880
19570,99,Gyroscope,0.0015577096,-0.024672844,0.02561358,1550002945889
19571,99,Accelerometer,-0.12569559,0.78050977,9.021352,1550002945890
19572,99,Gyroscope,0.035766162000000004,-0.006957751,0.026835311,1550002945899
19573,99,Accelerometer,-0.08259996,0.61770403,9.911995,1550002945900
19574,99,Gyroscope,0.00033598019999999995,-0.014288133,0.03844175,1550002945909
19575,99,Accelerometer,1.079785,0.36032736,9.19972,1550002945910
19576,99,Gyroscope,-0.0014966168,-0.006957751,0.0109528145,1550002945919
19577,99,Accelerometer,0.91338795,1.1779473,9.933542999999998,1550002945919
19578,99,Gyroscope,0.01316415,-0.006957751,0.0017898360000000002,1550002945929
19579,99,Accelerometer,1.435324,0.4141969,9.453505499999999,1550002945930
19580,99,Gyroscope,-0.014324786,0.016865995,0.015228872,1550002945939
19581,99,Accelerometer,1.8279729999999998,1.0833763,10.196905000000001,1550002945940
19582,99,Gyroscope,-0.016157383,-0.010622941,0.007287623399999999,1550002945949
19583,99,Accelerometer,1.8160020000000001,0.41299978,9.39365,1550002945950
19584,99,Gyroscope,0.09990702,-0.033224955,-0.040359866,1550002945959
19585,99,Accelerometer,1.8543092,0.8690952,8.084022000000001,1550002945960
19586,99,Gyroscope,0.0033903066,0.01747686,-0.021423044,1550002945969
19587,99,Accelerometer,0.7517793,2.0721814999999997,10.145430000000001,1550002945969
19588,99,Gyroscope,-0.088239476,0.0871155,-0.01287093,1550002945979
19589,99,Accelerometer,0.4189853,0.11133038,11.947066,1550002945980
19590,99,Gyroscope,0.012553285,-0.023451112000000003,-0.011649198999999999,1550002945990
19591,99,Accelerometer,0.52073884,1.3443443000000002,12.130222999999999,1550002945990
19592,99,Gyroscope,0.02721405,-0.053383507000000004,-0.06907053,1550002945999
19593,99,Accelerometer,1.0893618,1.7705121,9.124303,1550002946000
19594,99,Gyroscope,-0.10412197599999999,0.006481286,-0.061129287000000004,1550002946009
19595,99,Accelerometer,0.7350199000000001,1.0450690999999999,8.282741,1550002946010
19596,99,Gyroscope,0.014996746000000002,0.0022052303,-0.01287093,1550002946019
19597,99,Accelerometer,-0.1388637,1.3682863,10.265139999999999,1550002946019
19598,99,Gyroscope,0.04615087,-0.029559765,-0.007984008,1550002946029
19599,99,Accelerometer,1.2988545,1.7202339,10.635044,1550002946029
19600,99,Gyroscope,-0.024709495,-0.039944474,-0.0012644903,1550002946040
19601,99,Accelerometer,2.5917234000000002,1.3156139,8.717288,1550002946040
19602,99,Gyroscope,-0.026542092000000003,-0.030170628999999997,0.031111367,1550002946049
19603,99,Accelerometer,1.3000516000000002,2.0266917,10.480618,1550002946050
19604,99,Gyroscope,-0.006994404,-0.011233807,-0.000653625,1550002946059
19605,99,Accelerometer,1.8567034,0.45010993,9.888053,1550002946060
19606,99,Gyroscope,-0.040591992,-0.035668418,-0.020812178,1550002946069
19607,99,Accelerometer,1.9033904,1.3000516000000002,9.7719345,1550002946069
19608,99,Gyroscope,-0.0039400775,-0.035057552,-0.032418616000000004,1550002946080
19609,99,Accelerometer,2.5821466,1.1659763,9.824607,1550002946080
19610,99,Gyroscope,-0.0063835381999999994,-0.022840247,-0.030586022999999997,1550002946089
19611,99,Accelerometer,1.4796166000000002,1.4760253,8.550891,1550002946090
19612,99,Gyroscope,-0.07052439,0.008924745,-0.039749,1550002946099
19613,99,Accelerometer,1.4281414,1.5981296,9.457097000000001,1550002946100
19614,99,Gyroscope,-0.014935651999999999,0.022974647999999997,-0.032418616000000004,1550002946109
19615,99,Accelerometer,1.1037270000000001,0.8798690999999998,10.611102,1550002946110
19616,99,Gyroscope,0.004612036,-0.01856419,-0.010427468,1550002946119
19617,99,Accelerometer,0.5554548,1.3874398000000001,10.486604,1550002946119
19618,99,Gyroscope,-0.047311507,-0.012455538,-0.029364292,1550002946129
19619,99,Accelerometer,1.4652513999999999,1.2330139,9.660604,1550002946130
19620,99,Gyroscope,-0.0045509413,0.0028160921999999997,-0.010427468,1550002946139
19621,99,Accelerometer,0.7350199000000001,1.2856863,9.3421755,1550002946140
19622,99,Gyroscope,-0.0509767,0.029694162000000003,-0.0140926605,1550002946149
19623,99,Accelerometer,0.35913026,1.3886370000000001,9.352949,1550002946150
19624,99,Gyroscope,-0.06930265599999999,0.03152676,-0.017146988000000002,1550002946159
19625,99,Accelerometer,0.28012159999999997,1.4879963,10.224439,1550002946160
19626,99,Gyroscope,-0.03509419999999999,0.016865995,-0.05135544,1550002946169
19627,99,Accelerometer,0.79846627,0.5351041,9.414000999999999,1550002946169
19628,99,Gyroscope,-0.025931226,0.033359356,-0.05257717,1550002946179
19629,99,Accelerometer,0.6500258000000001,1.4867992,9.847352,1550002946179
19630,99,Gyroscope,-0.046089776,0.07245473,-0.018979583,1550002946190
19631,99,Accelerometer,1.4281414,0.688333,10.188525,1550002946190
19632,99,Gyroscope,-0.0063835381999999994,0.05596137,-0.009205738,1550002946199
19633,99,Accelerometer,2.079364,1.2210428999999998,10.073604,1550002946200
19634,99,Gyroscope,-0.029596416,0.035191953,-4.2759813000000006e-05,1550002946209
19635,99,Accelerometer,2.4073699,1.2892777,9.631872999999999,1550002946210
19636,99,Gyroscope,-0.026542092000000003,0.03274849,-0.007373143,1550002946219
19637,99,Accelerometer,2.3080103,1.400608,10.427945,1550002946219
19638,99,Gyroscope,-0.02165517,0.033970222,0.006065893,1550002946229
19639,99,Accelerometer,2.7868507,1.5215151000000002,10.791864,1550002946229
19640,99,Gyroscope,0.02354886,0.011368208000000001,0.0036224315000000003,1550002946240
19641,99,Accelerometer,1.4484920000000001,1.6938977,10.070012,1550002946240
19642,99,Gyroscope,-0.031429015,0.028472435,-0.0061514126,1550002946249
19643,99,Accelerometer,0.9696517,1.1121067,10.627861,1550002946250
19644,99,Gyroscope,0.0009468458599999999,0.0034269579,0.014618006999999999,1550002946259
19645,99,Accelerometer,1.3850456,1.0486604,10.502166,1550002946260
19646,99,Gyroscope,0.04187482,-0.012455538,-0.0030970859999999998,1550002946269
19647,99,Accelerometer,0.8439561,1.2880806,8.632295,1550002946270
19648,99,Gyroscope,-0.027763822999999997,-0.0039034244,-0.009816604,1550002946279
19649,99,Accelerometer,0.51954174,1.1192893,7.785944000000001,1550002946279
19650,99,Gyroscope,-0.07480045,0.026639838,0.0048441626,1550002946289
19651,99,Accelerometer,-0.42018240000000007,0.9720459000000001,10.672153999999999,1550002946290
19652,99,Gyroscope,-0.029596416,0.015644263000000002,-0.008594873000000001,1550002946299
19653,99,Accelerometer,0.2765303,0.51834464,13.315351999999999,1550002946300
19654,99,Gyroscope,-0.0076052677,-0.12118955,-0.02692083,1550002946309
19655,99,Accelerometer,1.0366893,-0.42018240000000007,8.985439,1550002946310
19656,99,Gyroscope,0.107848264,-0.07415293,-0.03730554,1550002946319
19657,99,Accelerometer,1.555034,1.9381063000000003,8.056489,1550002946320
19658,99,Gyroscope,-0.059528813,0.023585513,0.021948388,1550002946329
19659,99,Accelerometer,1.0714053,1.7166426,8.930372,1550002946329
19660,99,Gyroscope,-0.04975497,0.0009834989999999999,0.0024007012,1550002946340
19661,99,Accelerometer,1.0546459,0.6332663000000001,11.416751,1550002946340
19662,99,Gyroscope,0.13655894,-0.06498995,-0.043414194,1550002946349
19663,99,Accelerometer,1.5825673,0.18076223,10.292672999999999,1550002946350
19664,99,Gyroscope,0.05470299,-0.05460524,-0.015314391,1550002946359
19665,99,Accelerometer,1.5574282,1.8626889,8.560468,1550002946360
19666,99,Gyroscope,-0.04425718,-0.0057360195,0.007898489,1550002946369
19667,99,Accelerometer,0.47046062,0.82719666,10.399215,1550002946369
19668,99,Gyroscope,0.055924714,-0.055216104,-0.008594873000000001,1550002946379
19669,99,Accelerometer,0.7613561,0.6476316,11.729194,1550002946380
19670,99,Gyroscope,0.055924714,-0.15112194,0.049437325,1550002946390
19671,99,Accelerometer,2.3654714,0.80564886,8.171411,1550002946390
19672,99,Gyroscope,-0.026542092000000003,-0.09675494,0.017061466,1550002946399
19673,99,Accelerometer,1.3575124,1.4185646,8.008605000000001,1550002946400
19674,99,Gyroscope,-0.037537664,-0.035668418,0.017672332,1550002946409
19675,99,Accelerometer,0.9876082,0.9732430000000001,8.774749,1550002946410
19676,99,Gyroscope,-0.030207282000000002,-0.030781494,-0.017146988000000002,1550002946419
19677,99,Accelerometer,0.43933599999999995,1.472434,10.141838,1550002946419
19678,99,Gyroscope,-0.03814853,-0.035057552,-0.0012644903,1550002946429
19679,99,Accelerometer,-0.12090719,1.0079589,10.505757000000001,1550002946429
19680,99,Gyroscope,0.013775015,-0.026505437000000003,-0.04097073,1550002946439
19681,99,Accelerometer,0.7074866,1.389834,9.253589999999999,1550002946440
19682,99,Gyroscope,0.0058337674,0.005259555,0.0066767577,1550002946450
19683,99,Accelerometer,-0.047884032,1.7513584999999998,9.029732000000001,1550002946450
19684,99,Gyroscope,-0.060750544000000004,0.024196379,0.006065893,1550002946459
19685,99,Accelerometer,-0.27174190000000004,0.6536171,9.372103,1550002946460
19686,99,Gyroscope,0.0058337674,-0.008790346,0.0024007012,1550002946469
19687,99,Accelerometer,0.49679685,1.7908629,10.749966,1550002946470
19688,99,Gyroscope,0.030268377000000003,-0.006346885,0.0109528145,1550002946479
19689,99,Accelerometer,1.0426749,1.6603789,9.43914,1550002946479
19690,99,Gyroscope,-0.025931226,0.03152676,0.017672332,1550002946489
19691,99,Accelerometer,0.81163436,2.4839842,9.745598,1550002946489
19692,99,Gyroscope,-0.023487763,0.039468005,0.08608924,1550002946500
19693,99,Accelerometer,0.19512744,0.51834464,10.462662,1550002946500
19694,99,Gyroscope,0.027824916,0.0015943646,0.07326107,1550002946509
19695,99,Accelerometer,0.39624038,1.435324,10.599131,1550002946510
19696,99,Gyroscope,-0.016768249,0.010757342,0.05126992,1550002946519
19697,99,Accelerometer,1.6077063999999999,1.42455,9.095572,1550002946520
19698,99,Gyroscope,-0.024709495,0.020531185,0.04393954,1550002946529
19699,99,Accelerometer,1.2629413999999999,1.6938977,8.887277000000001,1550002946530
19700,99,Gyroscope,0.02721405,0.013200805,0.06409809,1550002946539
19701,99,Accelerometer,0.7589619000000001,1.1947067,9.461885,1550002946539
19702,99,Gyroscope,0.027824916,0.0058704205,0.05126992,1550002946549
19703,99,Accelerometer,1.1348516000000002,0.92416185,9.297882000000001,1550002946550
19704,99,Gyroscope,-0.01004873,0.009535611,0.056767705999999994,1550002946560
19705,99,Accelerometer,0.8355764000000001,1.0414777,9.884461,1550002946560
19706,99,Gyroscope,0.0070554977,-0.0026816929999999998,0.05737857,1550002946569
19707,99,Accelerometer,0.81402856,0.736217,10.147824,1550002946570
19708,99,Gyroscope,0.0009468458599999999,-0.025283707000000002,0.043328673,1550002946579
19709,99,Accelerometer,0.82719666,0.70509243,9.76116,1550002946580
19710,99,Gyroscope,0.034544434,-0.028338033999999998,0.03355483,1550002946589
19711,99,Accelerometer,0.91099375,0.36511576,8.148665,1550002946589
19712,99,Gyroscope,-0.0014966168,0.0993328,0.035387423,1550002946600
19713,99,Accelerometer,1.5873556999999998,1.0462662,8.009802,1550002946600
19714,99,Gyroscope,-0.014935651999999999,0.15553242,0.0024007012,1550002946609
19715,99,Accelerometer,-1.0079589,1.0247183000000002,9.598353999999999,1550002946610
19716,99,Gyroscope,-0.038759395,-0.0020708293,0.020115793,1550002946619
19717,99,Accelerometer,2.0338743000000004,-0.6584055,10.394426,1550002946620
19718,99,Gyroscope,0.061422504,-0.07537466,0.03355483,1550002946629
19719,99,Accelerometer,1.0366893,1.9907787000000001,8.63828,1550002946630
19720,99,Gyroscope,-0.01737911,-0.026505437000000003,0.05004819,1550002946639
19721,99,Accelerometer,1.4652513999999999,1.6807296000000003,8.826224,1550002946639
19722,99,Gyroscope,-0.029596416,-0.013066402,0.057989437000000005,1550002946650
19723,99,Accelerometer,-0.10175357,0.11133038,10.996569000000001,1550002946650
19724,99,Gyroscope,0.012553285,-0.04422053,0.046993863,1550002946660
19725,99,Accelerometer,1.1959038,0.8499416,10.352528999999999,1550002946660
19726,99,Gyroscope,0.0113315545,-0.034446687000000004,0.0017898360000000002,1550002946669
19727,99,Accelerometer,0.9744401,1.0366893,8.981848,1550002946670
19728,99,Gyroscope,-0.032650746,0.029083297,-0.0067622773,1550002946679
19729,99,Accelerometer,-0.4369418,1.3587095,9.892841,1550002946680
19730,99,Gyroscope,-0.05830708,0.05168531,-0.031196889,1550002946689
19731,99,Accelerometer,-0.32920274,0.44891283,10.308235,1550002946689
19732,99,Gyroscope,-0.014935651999999999,-0.025283707000000002,-0.05013371,1550002946699
19733,99,Accelerometer,0.17717093,0.8643068000000002,9.506178,1550002946700
19734,99,Gyroscope,0.055313855,-0.017953325,-0.037916407,1550002946710
19735,99,Accelerometer,0.5602431999999999,1.5286977,9.221267999999998,1550002946710
19736,99,Gyroscope,-0.0039400775,0.035191953,-0.015925256999999998,1550002946719
19737,99,Accelerometer,-0.37588966,1.4975731,8.889671,1550002946720
19738,99,Gyroscope,-0.06930265599999999,0.06329175,0.042717807000000003,1550002946729
19739,99,Accelerometer,0.18674773,1.4640543,11.184513,1550002946730
19740,99,Gyroscope,0.031490106000000004,0.025418106,0.02317012,1550002946739
19741,99,Accelerometer,1.0809821000000002,1.5466543,11.034875999999999,1550002946739
19742,99,Gyroscope,0.038209625,0.016865995,0.046382997,1550002946749
19743,99,Accelerometer,1.365892,1.532289,8.961497,1550002946749
19744,99,Gyroscope,-0.053420155999999996,0.053517907999999996,0.032943964,1550002946760
19745,99,Accelerometer,0.22505496,1.1552023,9.482236,1550002946760
19746,99,Gyroscope,-0.005161807,0.058404832999999996,0.040274344,1550002946769
19747,99,Accelerometer,1.0151415000000001,1.1468226000000001,10.475829,1550002946770
19748,99,Gyroscope,0.0113315545,0.029083297,0.05921117,1550002946779
19749,99,Accelerometer,0.7038953,0.8295909,9.526527999999999,1550002946780
19750,99,Gyroscope,-0.017989976,0.019309454,0.0323331,1550002946789
19751,99,Accelerometer,0.51595044,1.2988545,10.146626,1550002946790
19752,99,Gyroscope,-0.008826999,-0.012455538,0.05126992,1550002946799
19753,99,Accelerometer,1.079785,0.8559271,9.151836,1550002946799
19754,99,Gyroscope,-0.0014966168,0.01747686,0.04882646,1550002946809
19755,99,Accelerometer,0.41060558,1.6579846999999999,9.764750999999999,1550002946809
19756,99,Gyroscope,-0.0008857511,0.01747686,0.04577213,1550002946820
19757,99,Accelerometer,0.48362875,1.0690111,9.838972,1550002946820
19758,99,Gyroscope,0.021105397,-0.0057360195,0.05921117,1550002946829
19759,99,Accelerometer,0.10654198,1.2868833999999998,10.1621895,1550002946830
19760,99,Gyroscope,0.034544434,-0.006957751,0.057989437000000005,1550002946839
19761,99,Accelerometer,-0.13168110000000002,0.81402856,9.419986999999999,1550002946840
19762,99,Gyroscope,0.034544434,0.008313879,0.07998059,1550002946849
19763,99,Accelerometer,-0.20949265,1.1563994,9.696517,1550002946850
19764,99,Gyroscope,0.0052229017,0.01992032,0.0885327,1550002946859
19765,99,Accelerometer,-0.039504327,0.89423436,10.292672999999999,1550002946859
19766,99,Gyroscope,0.008888093,0.014422532,0.06104376,1550002946870
19767,99,Accelerometer,0.075417355,0.58298814,10.389638,1550002946870
19768,99,Gyroscope,-0.0076052677,-0.014288133,0.05921117,1550002946880
19769,99,Accelerometer,0.08140286,0.8678981,10.011353999999999,1550002946880
19770,99,Gyroscope,0.006444632,-0.027727167999999996,0.04882646,1550002946889
19771,99,Accelerometer,0.6368576,0.5351041,9.400833,1550002946890
19772,99,Gyroscope,0.006444632,-0.028338033999999998,0.04210694,1550002946899
19773,99,Accelerometer,1.2749124,1.3563153000000001,9.497798,1550002946900
19774,99,Gyroscope,0.041263953,0.010757342,0.051880784000000006,1550002946909
19775,99,Accelerometer,1.2892777,0.19273324,7.8410106,1550002946909
19776,99,Gyroscope,-0.037537664,0.03824628,0.018283198,1550002946919
19777,99,Accelerometer,1.0330979999999998,1.6065093000000001,9.953894,1550002946919
19778,99,Gyroscope,-0.072356984,-0.03261409,0.0024007012,1550002946930
19779,99,Accelerometer,2.1739352000000003,1.3706805,13.020866,1550002946930
19780,99,Gyroscope,0.06814202,-0.102863595,-0.0061514126,1550002946939
19781,99,Accelerometer,3.0825348,0.5315128,9.856929,1550002946940
19782,99,Gyroscope,-0.06624833,-0.06010303,0.036609154,1550002946949
19783,99,Accelerometer,0.8439561,1.7705121,9.406818,1550002946950
19784,99,Gyroscope,-0.030207282000000002,-0.036890145,0.0048441626,1550002946959
19785,99,Accelerometer,1.3371617,0.37828386,8.86932,1550002946960
19786,99,Gyroscope,0.06630943,-0.07232033,-0.020201313999999998,1550002946969
19787,99,Accelerometer,1.532289,1.1133038,11.178528,1550002946969
19788,99,Gyroscope,-0.0039400775,-0.07842898,0.0024007012,1550002946979
19789,99,Accelerometer,0.39264908,0.6799533,9.507375,1550002946980
19790,99,Gyroscope,-0.06258314,-0.06498995,-0.039138135,1550002946989
19791,99,Accelerometer,1.0307038,1.4377182,9.295488,1550002946990
19792,99,Gyroscope,0.05348126,-0.06010303,-0.048301116,1550002946999
19793,99,Accelerometer,1.5753847,1.6627731,10.080786999999999,1550002947000
19794,99,Gyroscope,-0.00027488545,-0.01734246,0.03416569,1550002947009
19795,99,Accelerometer,0.5554548,0.5554548,9.466674000000001,1550002947010
19796,99,Gyroscope,-0.02409863,0.012589939,0.05371338,1550002947019
19797,99,Accelerometer,-0.14604631,1.0247183000000002,10.041282,1550002947019
19798,99,Gyroscope,0.10968086,0.03885714,0.031722232999999996,1550002947029
19799,99,Accelerometer,1.3263878,0.25498247,9.315839,1550002947029
19800,99,Gyroscope,-0.009437865,0.052907042,0.05554598,1550002947040
19801,99,Accelerometer,0.47884035,0.7745243,7.9427642999999994,1550002947040
19802,99,Gyroscope,-0.06013968,0.05596137,0.016450599999999996,1550002947049
19803,99,Accelerometer,1.3144168,1.364695,8.977058999999999,1550002947050
19804,99,Gyroscope,0.030879242,0.025418106,-0.015925256999999998,1550002947059
19805,99,Accelerometer,2.3475148999999997,1.3754688999999998,10.668563,1550002947060
19806,99,Gyroscope,-0.0021074805,0.036413684,0.008509354,1550002947069
19807,99,Accelerometer,0.9624690999999999,1.1815386,9.210494,1550002947070
19808,99,Gyroscope,-0.030818147999999997,0.035191953,0.0011789708,1550002947079
19809,99,Accelerometer,2.0697872999999998,1.7022773999999998,10.488997,1550002947079
19810,99,Gyroscope,0.02354886,0.040689737000000004,0.0024007012,1550002947089
19811,99,Accelerometer,1.3718776000000001,0.9648633,8.908825,1550002947090
19812,99,Gyroscope,-0.018600842,0.05168531,0.026224446000000002,1550002947099
19813,99,Accelerometer,0.9864110999999999,1.0247183000000002,9.370906,1550002947100
19814,99,Gyroscope,0.021716263,0.051074445,0.043328673,1550002947109
19815,99,Accelerometer,2.0757727999999998,1.4185646,10.523713,1550002947110
19816,99,Gyroscope,0.01560761,0.052296177,0.056156844000000004,1550002947119
19817,99,Accelerometer,1.0761937,1.3599066,9.922769,1550002947120
19818,99,Gyroscope,-0.034483336,0.048020124000000004,0.04760473,1550002947129
19819,99,Accelerometer,0.5291186,1.1767502,10.947486999999999,1550002947129
19820,99,Gyroscope,0.0009468458599999999,0.01747686,0.06715242,1550002947140
19821,99,Accelerometer,1.3227965,1.1288661,10.471041,1550002947140
19822,99,Gyroscope,0.0033903066,-0.00023823230999999999,0.09464135,1550002947149
19823,99,Accelerometer,2.1859062000000002,1.6927006000000002,9.473856,1550002947150
19824,99,Gyroscope,-0.008826999,-0.032003224,0.079369724,1550002947159
19825,99,Accelerometer,2.067393,0.62967503,8.719683,1550002947160
19826,99,Gyroscope,0.058979042,-0.026505437000000003,0.07570453,1550002947169
19827,99,Accelerometer,1.9476831000000001,1.6472107,9.333796000000001,1550002947170
19828,99,Gyroscope,0.02354886,-0.00023823230999999999,0.11479991,1550002947179
19829,99,Accelerometer,2.0590134,1.1180921999999998,9.586383999999999,1550002947179
19830,99,Gyroscope,-0.008216133,-0.0039034244,0.10624779,1550002947190
19831,99,Accelerometer,2.0566192,1.6591818,11.127052,1550002947190
19832,99,Gyroscope,0.06386597,-0.035668418,0.08364577599999999,1550002947199
19833,99,Accelerometer,2.1823148999999997,1.352724,10.702082,1550002947200
19834,99,Gyroscope,0.0650877,-0.047274857999999996,0.06593069,1550002947209
19835,99,Accelerometer,1.1061212,0.6715736,8.358158,1550002947210
19836,99,Gyroscope,-0.029596416,0.044965795999999995,0.043328673,1550002947219
19837,99,Accelerometer,0.32321724,2.6300306,11.161767999999999,1550002947220
19838,99,Gyroscope,0.021716263,0.062680885,0.07998059,1550002947229
19839,99,Accelerometer,0.8451531999999999,0.8774749,13.120225,1550002947229
19840,99,Gyroscope,-0.102900244,-0.09003542,0.08181318,1550002947239
19841,99,Accelerometer,0.30166942,-0.073023155,9.950302,1550002947239
19842,99,Gyroscope,0.052870392999999995,-0.07659639,0.022559252999999998,1550002947250
19843,99,Accelerometer,0.29927522,2.1679497000000003,7.5046253,1550002947250
19844,99,Gyroscope,-0.026542092000000003,0.046187527,0.09464135,1550002947259
19845,99,Accelerometer,-0.015562311,2.0590134,8.352172999999999,1550002947260
19846,99,Gyroscope,-0.05830708,0.085893765,0.106858656,1550002947269
19847,99,Accelerometer,-0.08379706,1.0031705,10.844536999999999,1550002947270
19848,99,Gyroscope,0.13228287,0.018087726000000002,0.058600303,1550002947279
19849,99,Accelerometer,0.51116204,1.3874398000000001,10.593145,1550002947280
19850,99,Gyroscope,0.013775015,0.01747686,0.10808039,1550002947289
19851,99,Accelerometer,1.1839328000000002,0.6452374,8.787917,1550002947289
19852,99,Gyroscope,-0.10961977,0.04863099,0.10075001,1550002947299
19853,99,Accelerometer,0.90979666,0.5422866999999999,9.929952,1550002947299
19854,99,Gyroscope,0.024159724,-0.004514288,0.08120232,1550002947310
19855,99,Accelerometer,1.2533646,0.5566519,10.280702,1550002947310
19856,99,Gyroscope,0.036987893,-0.0032925587,0.023780985,1550002947319
19857,99,Accelerometer,2.0949266,0.34835634,7.8410106,1550002947320
19858,99,Gyroscope,-0.09068294,0.008313879,0.032943964,1550002947329
19859,99,Accelerometer,0.61650693,1.0761937,9.852139999999999,1550002947330
19860,99,Gyroscope,0.025992319,-0.017953325,0.01034195,1550002947339
19861,99,Accelerometer,0.8690952,-0.36391866,10.66976,1550002947340
19862,99,Gyroscope,-0.04242459,-0.013066402,0.017061466,1550002947349
19863,99,Accelerometer,0.6476316,0.8786719999999999,10.469844,1550002947349
19864,99,Gyroscope,-0.06930265599999999,-0.012455538,0.040274344,1550002947359
19865,99,Accelerometer,0.7386111999999999,0.23942018,10.839748,1550002947360
19866,99,Gyroscope,0.030268377000000003,-0.030170628999999997,0.020726658000000002,1550002947370
19867,99,Accelerometer,1.1827357,1.0019734,10.426748,1550002947370
19868,99,Gyroscope,-0.018600842,0.007092151999999999,0.039052617000000005,1550002947379
19869,99,Accelerometer,0.8475474000000001,1.0127473,8.798691,1550002947380
19870,99,Gyroscope,-0.046089776,0.015644263000000002,0.036609154,1550002947389
19871,99,Accelerometer,0.82480246,1.3862427,9.551667,1550002947390
19872,99,Gyroscope,0.010720688999999999,-0.005125154,0.06287636,1550002947399
19873,99,Accelerometer,0.6356605,1.3874398000000001,10.697293,1550002947400
19874,99,Gyroscope,-0.031429015,0.00037263334000000003,0.061654627000000004,1550002947409
19875,99,Accelerometer,0.92416185,0.7146691999999999,9.864111,1550002947409
19876,99,Gyroscope,-0.028374685,0.014422532,0.04393954,1550002947420
19877,99,Accelerometer,0.81283146,1.2952632,9.865308,1550002947420
19878,99,Gyroscope,0.014385881000000001,0.029083297,0.028667906,1550002947429
19879,99,Accelerometer,0.20949265,0.82719666,9.469068,1550002947430
19880,99,Gyroscope,-0.041813724,0.03702455,0.0109528145,1550002947439
19881,99,Accelerometer,0.19273324,1.3395559,9.460688000000001,1550002947440
19882,99,Gyroscope,-0.039981127000000005,0.010146476,0.015839735,1550002947449
19883,99,Accelerometer,0.8846575000000001,1.2198458,10.483011999999999,1550002947450
19884,99,Gyroscope,0.051037795999999996,-0.006957751,0.018894061,1550002947459
19885,99,Accelerometer,0.34596214,0.8690952,9.578004,1550002947459
19886,99,Gyroscope,-0.031429015,0.052907042,0.018894061,1550002947469
19887,99,Accelerometer,0.712275,1.376666,9.478644000000001,1550002947469
19888,99,Gyroscope,-0.012492188999999999,0.07001127,0.036609154,1550002947480
19889,99,Accelerometer,0.33758244,0.8463503000000001,9.336189,1550002947480
19890,99,Gyroscope,0.04004222,0.043744065,0.059822034,1550002947489
19891,99,Accelerometer,-0.035913024,1.4544774999999999,10.737994,1550002947490
19892,99,Gyroscope,0.030879242,0.037635416,0.04760473,1550002947499
19893,99,Accelerometer,1.6687585999999999,0.4213795,8.590396,1550002947500
19894,99,Gyroscope,0.0632551,0.025418106,0.0726502,1550002947509
19895,99,Accelerometer,0.79607207,1.9692308999999997,7.547721000000001,1550002947510
19896,99,Gyroscope,-0.030207282000000002,0.08161771,0.07020674,1550002947519
19897,99,Accelerometer,1.1982979999999999,2.2888567,10.879252000000001,1550002947519
19898,99,Gyroscope,-0.043035455,0.13598472,0.07570453,1550002947529
19899,99,Accelerometer,0.3866636,-0.12090719,11.391612,1550002947530
19900,99,Gyroscope,-0.014935651999999999,0.013811666499999998,0.09158703,1550002947539
19901,99,Accelerometer,1.9704279999999998,1.6172832000000001,9.967062,1550002947540
19902,99,Gyroscope,0.10418307,-0.034446687000000004,0.0048441626,1550002947549
19903,99,Accelerometer,1.780089,0.91219085,8.7125,1550002947550
19904,99,Gyroscope,-0.07602217,0.012589939,0.10197174,1550002947559
19905,99,Accelerometer,0.7194576,0.12569559,9.825804,1550002947560
19906,99,Gyroscope,0.018661937,-0.00023823230999999999,0.07814799,1550002947569
19907,99,Accelerometer,1.0163386,1.1767502,12.035652,1550002947570
19908,99,Gyroscope,0.065698564,-0.04544226,0.106858656,1550002947579
19909,99,Accelerometer,1.7908629,0.22864626,8.282741,1550002947579
19910,99,Gyroscope,-0.080909096,-0.006957751,0.04088521,1550002947590
19911,99,Accelerometer,-0.6380547,0.58418524,9.981427,1550002947590
19912,99,Gyroscope,-0.11328496,-0.008790346,0.05126992,1550002947600
19913,99,Accelerometer,1.1228806,0.20470424,10.778696,1550002947600
19914,99,Gyroscope,0.029046647000000002,-0.041777067,0.023780985,1550002947609
19915,99,Accelerometer,1.0235212,0.7374141,10.05445,1550002947610
19916,99,Gyroscope,-0.008216133,-0.07476379,0.0036224315000000003,1550002947619
19917,99,Accelerometer,-0.11372458,0.6823475,8.921992,1550002947620
19918,99,Gyroscope,-0.014935651999999999,-0.047885723,0.022559252999999998,1550002947629
19919,99,Accelerometer,0.676362,0.6536171,9.076419,1550002947629
19920,99,Gyroscope,0.028435782000000003,-0.01734246,0.03355483,1550002947639
19921,99,Accelerometer,0.5231331,1.2605472,8.669404,1550002947639
19922,99,Gyroscope,-0.036315932999999995,0.01625513,0.045161266,1550002947650
19923,99,Accelerometer,0.8547299999999999,1.0977415000000001,10.056845,1550002947650
19924,99,Gyroscope,0.0052229017,-0.01978592,0.030500501,1550002947659
19925,99,Accelerometer,0.91937345,0.91458505,9.691728999999999,1550002947660
19926,99,Gyroscope,0.025992319,-0.0026816929999999998,0.02317012,1550002947669
19927,99,Accelerometer,0.38067806,1.42455,9.285912,1550002947670
19928,99,Gyroscope,-0.0039400775,0.03824628,0.04393954,1550002947679
19929,99,Accelerometer,0.7290344,0.9636662,9.79827,1550002947679
19930,99,Gyroscope,-0.00027488545,0.036413684,0.056767705999999994,1550002947689
19931,99,Accelerometer,0.42377370000000003,1.9285294999999998,10.43034,1550002947690
19932,99,Gyroscope,0.012553285,0.033970222,0.057989437000000005,1550002947700
19933,99,Accelerometer,0.664391,1.4484920000000001,9.982624000000001,1550002947700
19934,99,Gyroscope,-0.054031022000000005,0.06573521,0.04882646,1550002947709
19935,99,Accelerometer,0.32561144,1.6208745,10.9343195,1550002947710
19936,99,Gyroscope,-0.06136141,0.054128774000000004,0.04760473,1550002947719
19937,99,Accelerometer,0.23822308,1.0761937,10.989386,1550002947720
19938,99,Gyroscope,-0.015546517,0.016865995,0.02805704,1550002947729
19939,99,Accelerometer,0.38426940000000004,1.0474633,8.6095495,1550002947729
19940,99,Gyroscope,-0.022266036,0.013811666499999998,0.037830885,1550002947739
19941,99,Accelerometer,0.35553896,1.4604629999999998,8.942344,1550002947740
19942,99,Gyroscope,-0.038759395,0.01992032,0.05249165,1550002947750
19943,99,Accelerometer,0.6727706999999999,0.8283938,9.651027000000001,1550002947750
19944,99,Gyroscope,0.042485684,0.025418106,0.05249165,1550002947759
19945,99,Accelerometer,0.45010993,1.6424223000000002,10.494983,1550002947760
19946,99,Gyroscope,0.0094989585,0.013811666499999998,0.058600303,1550002947769
19947,99,Accelerometer,0.7553706,0.9660603999999999,9.757569,1550002947770
19948,99,Gyroscope,-0.0039400775,-0.013677267,0.08547837,1550002947779
19949,99,Accelerometer,1.1935096,1.6172832000000001,10.441113,1550002947779
19950,99,Gyroscope,0.0076663624,-0.039333608,0.08608924,1550002947789
19951,99,Accelerometer,1.3970166000000002,1.067814,9.645041,1550002947790
19952,99,Gyroscope,0.0492052,-0.066822544,0.09341962,1550002947800
19953,99,Accelerometer,1.1468226000000001,0.82001406,8.137891999999999,1550002947800
19954,99,Gyroscope,0.13655894,0.034581087999999996,0.092197895,1550002947809
19955,99,Accelerometer,1.1563994,0.41778820000000005,5.7125654,1550002947810
19956,99,Gyroscope,-0.03937026,0.19584951,0.06837415,1550002947819
19957,99,Accelerometer,-0.9660603999999999,1.435324,8.379706,1550002947820
19958,99,Gyroscope,-0.12244794,0.09383502,0.10136087,1550002947829
19959,99,Accelerometer,-0.39504328,0.20350714,13.541604999999999,1550002947829
19960,99,Gyroscope,0.1475545,-0.035668418,0.03416569,1550002947839
19961,99,Accelerometer,1.3862427,-0.5327099000000001,11.695675,1550002947839
19962,99,Gyroscope,-0.024709495,-0.022840247,0.06409809,1550002947849
19963,99,Accelerometer,0.16280572,1.7262194,7.6889787,1550002947850
19964,99,Gyroscope,-0.094959,0.03274849,0.09586308,1550002947860
19965,99,Accelerometer,0.61770403,0.33997664,8.821436,1550002947860
19966,99,Gyroscope,0.107848264,-0.025894572999999997,0.10013914,1550002947869
19967,99,Accelerometer,0.92895025,1.8938134999999998,11.027693,1550002947870
19968,99,Gyroscope,0.010720688999999999,-0.047274857999999996,0.10319347,1550002947879
19969,99,Accelerometer,0.9947908000000001,1.6795325,10.066421499999999,1550002947880
19970,99,Gyroscope,-0.047922373,-0.04055534,0.13923453,1550002947889
19971,99,Accelerometer,1.0570401000000003,0.7577648,10.19092,1550002947890
19972,99,Gyroscope,0.027824916,-0.036279282999999996,0.11846509599999999,1550002947899
19973,99,Accelerometer,0.7721300999999999,1.3132197,10.213664,1550002947899
19974,99,Gyroscope,0.0052229017,-0.014288133,0.08364577599999999,1550002947910
19975,99,Accelerometer,0.62967503,0.521936,8.677783999999999,1550002947910
19976,99,Gyroscope,-0.008826999,-0.00084909797,0.06287636,1550002947919
19977,99,Accelerometer,-0.30765492,0.7565677,9.476251,1550002947920
19978,99,Gyroscope,0.05775731,0.011979073,0.05921117,1550002947929
19979,99,Accelerometer,-0.9900024,1.8124107,10.733206,1550002947930
19980,99,Gyroscope,-0.010659594,0.041300602,0.08303491,1550002947939
19981,99,Accelerometer,-0.5638345,0.92176765,9.046491,1550002947940
19982,99,Gyroscope,-0.014324786,0.026639838,0.11785423,1550002947949
19983,99,Accelerometer,-0.5303157,2.3523033,10.176555,1550002947949
19984,99,Gyroscope,0.025992319,0.051074445,0.12640636,1550002947959
19985,99,Accelerometer,-0.03232172,1.8495207999999999,10.188525,1550002947960
19986,99,Gyroscope,-0.020433438999999998,0.061459154,0.13923453,1550002947970
19987,99,Accelerometer,0.15682021,1.6280571000000001,8.939949,1550002947970
19988,99,Gyroscope,0.013775015,0.05046358,0.1483975,1550002947979
19989,99,Accelerometer,-0.18555063,1.6196774,9.433155000000001,1550002947980
19990,99,Gyroscope,0.030879242,0.035191953,0.121519424,1550002947989
19991,99,Accelerometer,0.81761986,0.18076223,9.349358,1550002947990
19992,99,Gyroscope,0.0033903066,0.046187527,0.121519424,1550002947999
19993,99,Accelerometer,0.62249243,0.088585466,10.172963000000001,1550002948000
19994,99,Gyroscope,0.0009468458599999999,0.018698592,0.105636925,1550002948009
19995,99,Accelerometer,1.0031705,-0.5746084,10.773908,1550002948009
19996,99,Gyroscope,0.035155296,-0.0020708293,0.026224446000000002,1550002948019
19997,99,Accelerometer,1.2162545,-0.40462008,10.198102,1550002948020
19998,99,Gyroscope,-0.027152957000000002,-0.034446687000000004,0.026224446000000002,1550002948030
19999,99,Accelerometer,1.3239936,0.08738836,10.181343,1550002948030
20000,99,Gyroscope,-0.0008857511,-0.050329182,-0.041581597000000005,1550002948039
20001,99,Accelerometer,1.1061212,-0.18435353,10.131064,1550002948040
20002,99,Gyroscope,-0.01737911,-0.057048699999999994,-0.04646852,1550002948049
20003,99,Accelerometer,1.4425066,0.0011971008,9.946711,1550002948050
20004,99,Gyroscope,-0.0369268,-0.071098596,-0.04646852,1550002948059
20005,99,Accelerometer,1.7633294999999998,0.6691794,10.386047,1550002948059
20006,99,Gyroscope,-0.0039400775,-0.10775051,-0.07701178,1550002948069
20007,99,Accelerometer,1.5705963,0.6823475,9.933542999999998,1550002948069
20008,99,Gyroscope,-0.035705067,-0.10530706,-0.07640091,1550002948080
20009,99,Accelerometer,1.009156,0.7326256999999999,9.64145,1550002948080
20010,99,Gyroscope,-0.08274169,-0.09553321,-0.05013371,1550002948089
20011,99,Accelerometer,0.90859956,0.37948096,8.954314,1550002948090
20012,99,Gyroscope,0.014996746000000002,-0.061324757,-0.06051842,1550002948099
20013,99,Accelerometer,0.8463503000000001,1.0175357,9.519346,1550002948100
20014,99,Gyroscope,0.02477059,-0.028338033999999998,-0.0837313,1550002948109
20015,99,Accelerometer,0.19512744,1.1456255,7.608772999999999,1550002948110
20016,99,Gyroscope,-0.14138475,0.029694162000000003,-0.10816591,1550002948119
20017,99,Accelerometer,-0.9540894,2.6563668,12.455834,1550002948119
20018,99,Gyroscope,-0.030818147999999997,-0.057048699999999994,-0.036694676,1550002948129
20019,99,Accelerometer,1.9919758,0.60094464,9.610325999999999,1550002948129
20020,99,Gyroscope,0.04370741,-0.043609664000000006,-0.06907053,1550002948139
20021,99,Accelerometer,1.1432313,2.8048072,6.70975,1550002948139
20022,99,Gyroscope,-0.098624185,0.08955896,0.0005681054,1550002948149
20023,99,Accelerometer,1.6723499,1.7154455000000002,8.585608,1550002948150
20024,99,Gyroscope,-0.09373727,0.10910665,-0.017757852,1550002948159
20025,99,Accelerometer,-0.03232172,1.1288661,11.554418,1550002948160
20026,99,Gyroscope,0.08097019,0.062680885,-0.036694676,1550002948169
20027,99,Accelerometer,0.9624690999999999,1.1516110000000002,10.366894,1550002948170
20028,99,Gyroscope,-0.040591992,0.04007887,0.041496076,1550002948179
20029,99,Accelerometer,2.3714569,0.5626374,9.129091,1550002948180
20030,99,Gyroscope,0.006444632,0.020531185,0.0042332970000000004,1550002948189
20031,99,Accelerometer,1.3515268999999999,1.9393034,10.274716,1550002948190
20032,99,Gyroscope,0.09502009,0.011979073,0.036609154,1550002948199
20033,99,Accelerometer,1.4508862,1.2054806,10.026916499999999,1550002948200
20034,99,Gyroscope,-0.0063835381999999994,0.03580282,0.07326107,1550002948209
20035,99,Accelerometer,0.91219085,-0.1592144,9.161413,1550002948210
20036,99,Gyroscope,0.06753115,0.024807245,0.057989437000000005,1550002948219
20037,99,Accelerometer,0.074220255,0.93373865,10.971428999999999,1550002948220
20038,99,Gyroscope,0.08341365,0.02786157,0.09158703,1550002948229
20039,99,Accelerometer,2.4133554,0.320823,8.742428,1550002948230
20040,99,Gyroscope,0.016829342,0.033359356,0.10136087,1550002948239
20041,99,Accelerometer,1.9788077000000002,1.0211270000000001,9.700109,1550002948240
20042,99,Gyroscope,0.010109824,-0.0014599635999999999,0.12335201,1550002948249
20043,99,Accelerometer,2.3953989,1.0654198000000001,10.556035000000001,1550002948249
20044,99,Gyroscope,0.0033903066,-0.039333608,0.07020674,1550002948259
20045,99,Accelerometer,3.6954502999999996,1.3503298000000001,10.615890499999999,1550002948260
20046,99,Gyroscope,0.01316415,-0.079650715,0.09158703,1550002948269
20047,99,Accelerometer,2.3714569,1.3132197,10.166978,1550002948269
20048,99,Gyroscope,0.0015577096,-0.09186802,0.06348722400000001,1550002948279
20049,99,Accelerometer,2.1200657000000005,1.3515268999999999,9.892841,1550002948280
20050,99,Gyroscope,-0.0057726726,-0.08392677,0.031111367,1550002948289
20051,99,Accelerometer,2.421735,1.2761095,9.139864999999999,1550002948290
20052,99,Gyroscope,-0.0076052677,-0.09431147599999999,0.045161266,1550002948299
20053,99,Accelerometer,0.92655605,1.2605472,9.951499,1550002948300
20054,99,Gyroscope,0.0009468458599999999,-0.08331591,0.03844175,1550002948309
20055,99,Accelerometer,0.62249243,0.29448682,10.245986,1550002948310
20056,99,Gyroscope,-0.017989976,-0.07781812,0.01034195,1550002948319
20057,99,Accelerometer,0.7649474,1.0319009,10.241197999999999,1550002948320
20058,99,Gyroscope,0.011942419,-0.06071389,0.03966348,1550002948329
20059,99,Accelerometer,-0.36272156,0.42257659999999997,9.572019000000001,1550002948330
20060,99,Gyroscope,-0.0057726726,-0.059492163,0.03599829,1550002948339
20061,99,Accelerometer,-0.32800564,0.90979666,8.838196,1550002948340
20062,99,Gyroscope,-0.028374685,-0.024672844,0.006065893,1550002948349
20063,99,Accelerometer,0.6512229,1.2773066000000002,9.1350765,1550002948350
20064,99,Gyroscope,-0.0014966168,-0.014898999,0.039052617000000005,1550002948359
20065,99,Accelerometer,-0.10295067,0.81283146,10.141838,1550002948360
20066,99,Gyroscope,-0.0014966168,-0.05216177599999999,0.021948388,1550002948369
20067,99,Accelerometer,0.045489833,1.2066777,9.714474000000001,1550002948370
20068,99,Gyroscope,0.0070554977,-0.03139236,-0.012260064499999999,1550002948379
20069,99,Accelerometer,1.0307038,1.4736311000000002,9.588778,1550002948380
20070,99,Gyroscope,0.0015577096,-0.032003224,0.03599829,1550002948389
20071,99,Accelerometer,0.46447513,0.8738836,9.111135,1550002948390
20072,99,Gyroscope,-0.03814853,-0.04422053,-0.005540547,1550002948399
20073,99,Accelerometer,0.020350715,2.1033063,11.076775,1550002948400
20074,99,Gyroscope,-0.15543465,-0.036279282999999996,-0.007373143,1550002948409
20075,99,Accelerometer,1.7070657999999999,0.63206923,13.686454000000001,1550002948410
20076,99,Gyroscope,0.07852673,-0.17433482,0.034776557,1550002948419
20077,99,Accelerometer,1.8435352999999999,-0.7445967,9.470264,1550002948420
20078,99,Gyroscope,0.07974846,-0.09797667,-0.050744575,1550002948429
20079,99,Accelerometer,1.5574282,2.220622,6.9360023,1550002948430
20080,99,Gyroscope,-0.18903224,-0.009401211500000001,0.008509354,1550002948439
20081,99,Accelerometer,1.7417817,1.3587095,7.5082164,1550002948440
20082,99,Gyroscope,0.08219192,-0.053994372,0.026224446000000002,1550002948449
20083,99,Accelerometer,-0.08499416,1.4772223999999998,10.929530999999999,1550002948450
20084,99,Gyroscope,0.13778065,-0.09614408,0.04577213,1550002948459
20085,99,Accelerometer,0.7170634,0.1436521,7.326257000000001,1550002948460
20086,99,Gyroscope,-0.13405438,0.0015943646,-0.013481795,1550002948469
20087,99,Accelerometer,0.1436521,2.8981812000000002,11.316195,1550002948470
20088,99,Gyroscope,0.06386597,0.012589939,-0.0030970859999999998,1550002948479
20089,99,Accelerometer,0.33877954,0.5734113000000001,8.09719,1550002948480
20090,99,Gyroscope,-0.057696215999999995,0.008924745,-0.039749,1550002948490
20091,99,Accelerometer,-0.21068975,2.5462333999999998,9.464279,1550002948490
20092,99,Gyroscope,-0.14077389,-0.016120728,0.02927877,1550002948499
20093,99,Accelerometer,0.9696517,0.11133038,11.099519,1550002948499
20094,99,Gyroscope,0.093187496,-0.058270432000000004,-0.028753427999999998,1550002948510
20095,99,Accelerometer,0.62249243,1.4101848999999997,9.488221000000001,1550002948510
20096,99,Gyroscope,0.01316415,-0.022840247,0.044550404,1550002948519
20097,99,Accelerometer,1.5861586,1.1611878,8.526949,1550002948519
20098,99,Gyroscope,-0.08335256,-0.02222938,0.03844175,1550002948530
20099,99,Accelerometer,0.8403648000000001,1.0702082,11.014524,1550002948530
20100,99,Gyroscope,0.120676436,-0.055216104,0.014618006999999999,1550002948539
20101,99,Accelerometer,0.7398083000000001,1.3000516000000002,10.445902,1550002948539
20102,99,Gyroscope,0.004612036,-0.061935622,0.062265493,1550002948550
20103,99,Accelerometer,1.9093759,0.92655605,8.983044999999999,1550002948550
20104,99,Gyroscope,-0.038759395,-0.022840247,0.06654155,1550002948559
20105,99,Accelerometer,1.2138603000000001,2.160767,10.414778,1550002948559
20106,99,Gyroscope,0.091965765,-0.024672844,0.0885327,1550002948570
20107,99,Accelerometer,1.1324573999999998,1.0067618,10.225636,1550002948570
20108,99,Gyroscope,0.04370741,-0.027116302000000002,0.095252216,1550002948579
20109,99,Accelerometer,0.7613561,0.89902276,9.247603999999999,1550002948580
20110,99,Gyroscope,-0.018600842,-0.019175055,0.1025826,1550002948589
20111,99,Accelerometer,0.58538234,1.4664485,9.909601,1550002948590
20112,99,Gyroscope,0.021716263,-0.027116302000000002,0.086700104,1550002948599
20113,99,Accelerometer,0.89184016,0.9792285,8.696938000000001,1550002948599
20114,99,Gyroscope,-0.06624833,0.010757342,0.07326107,1550002948610
20115,99,Accelerometer,0.29209262,1.1324573999999998,8.998607000000002,1550002948610
20116,99,Gyroscope,-0.041813724,0.010757342,0.041496076,1550002948619
20117,99,Accelerometer,-0.23463176,0.44651863,9.49301,1550002948619
20118,99,Gyroscope,0.019883668,0.022363782000000002,0.03355483,1550002948630
20119,99,Accelerometer,-0.062249242999999996,0.89184016,9.858125999999999,1550002948630
20120,99,Gyroscope,-0.0369268,0.05168531,0.03416569,1550002948639
20121,99,Accelerometer,0.039504327,1.0402806,10.091560000000001,1550002948639
20122,99,Gyroscope,0.01560761,0.04007887,0.031111367,1550002948650
20123,99,Accelerometer,0.6943185000000001,1.0893618,9.768343,1550002948650
20124,99,Gyroscope,0.033322702999999995,0.021752916,0.04210694,1550002948659
20125,99,Accelerometer,1.1432313,1.0977415000000001,8.163031,1550002948659
20126,99,Gyroscope,-0.01127046,0.026639838,0.05554598,1550002948669
20127,99,Accelerometer,0.62129533,0.93254155,7.568071400000001,1550002948670
20128,99,Gyroscope,0.02721405,0.043744065,0.080591455,1550002948679
20129,99,Accelerometer,1.8411411,1.3551182,11.145009,1550002948679
20130,99,Gyroscope,0.06814202,0.052296177,0.07570453,1550002948690
20131,99,Accelerometer,0.6536171,0.7398083000000001,8.954314,1550002948690
20132,99,Gyroscope,-0.043035455,0.12254568,0.08120232,1550002948699
20133,99,Accelerometer,0.7757214,3.1962593,11.656171,1550002948700
20134,99,Gyroscope,0.07852673,0.005259555,0.0726502,1550002948709
20135,99,Accelerometer,2.1212628,-0.32920274,10.388441,1550002948709
20136,99,Gyroscope,-0.03509419999999999,0.04435493,0.11479991,1550002948720
20137,99,Accelerometer,0.089782566,0.830788,8.615535000000001,1550002948720
20138,99,Gyroscope,-0.037537664,0.0431332,0.05371338,1550002948729
20139,99,Accelerometer,1.0881646999999999,0.90620536,9.700109,1550002948730
20140,99,Gyroscope,0.113346055,0.030915894,0.04393954,1550002948739
20141,99,Accelerometer,1.0570401000000003,0.8583213,9.768343,1550002948739
20142,99,Gyroscope,-0.028374685,0.054128774000000004,0.09280875,1550002948749
20143,99,Accelerometer,-0.89064306,0.43933599999999995,8.576031,1550002948750
20144,99,Gyroscope,-0.06563746,0.09750021,0.029889636,1550002948759
20145,99,Accelerometer,0.62249243,0.7170634,9.776722999999999,1550002948760
20146,99,Gyroscope,0.025381455,0.06756781,0.0042332970000000004,1550002948769
20147,99,Accelerometer,0.94331545,1.7286136000000003,9.382876,1550002948769
20148,99,Gyroscope,-0.06319401,0.048020124000000004,0.026224446000000002,1550002948779
20149,99,Accelerometer,0.1448492,0.7733272,9.531317,1550002948780
20150,99,Gyroscope,0.02477059,0.030915894,0.028667906,1550002948790
20151,99,Accelerometer,0.7541734999999999,0.9816226999999998,10.107122,1550002948790
20152,99,Gyroscope,0.02354886,0.053517907999999996,0.036609154,1550002948799
20153,99,Accelerometer,1.2294226000000001,0.8331822,9.053674,1550002948800
20154,99,Gyroscope,-0.08640689,0.07001127,0.036609154,1550002948809
20155,99,Accelerometer,0.81043726,1.1468226000000001,9.478644000000001,1550002948810
20156,99,Gyroscope,-0.006994404,0.04863099,-0.0043188166,1550002948819
20157,99,Accelerometer,1.5310919,0.7134720999999999,10.483011999999999,1550002948819
20158,99,Gyroscope,0.046761736,0.021752916,-0.0030970859999999998,1550002948830
20159,99,Accelerometer,0.33638534,1.3036428999999998,10.388441,1550002948830
20160,99,Gyroscope,-0.0027183462,0.06512435,-0.028142562000000003,1550002948839
20161,99,Accelerometer,1.0103531,0.33399114,8.604761,1550002948840
20162,99,Gyroscope,0.0033903066,0.06940041,0.02317012,1550002948849
20163,99,Accelerometer,-0.107739076,1.401805,9.494206,1550002948849
20164,99,Gyroscope,0.016829342,0.07795252,0.017061466,1550002948860
20165,99,Accelerometer,0.25498247,0.8559271,9.451111000000001,1550002948860
20166,99,Gyroscope,-0.03937026,0.07550906,0.020115793,1550002948869
20167,99,Accelerometer,0.45848963,1.6484078000000002,9.907207000000001,1550002948870
20168,99,Gyroscope,-0.014324786,0.09261329,0.03722002,1550002948879
20169,99,Accelerometer,0.3866636,1.8267759,10.607511,1550002948880
20170,99,Gyroscope,-0.041202857999999995,0.10116539,0.0323331,1550002948889
20171,99,Accelerometer,0.5686229,1.6065093000000001,9.901221000000001,1550002948889
20172,99,Gyroscope,-0.06441574,0.07611992,0.058600303,1550002948899
20173,99,Accelerometer,0.45609543,2.0362685000000003,9.992201,1550002948900
20174,99,Gyroscope,-0.0014966168,0.058404832999999996,0.024391849,1550002948909
20175,99,Accelerometer,0.94570965,1.9895816000000002,9.524135000000001,1550002948909
20176,99,Gyroscope,0.0058337674,0.08467203400000001,0.014007141,1550002948920
20177,99,Accelerometer,0.17836803,1.3814543,9.507375,1550002948920
20178,99,Gyroscope,0.006444632,0.07001127,0.07326107,1550002948929
20179,99,Accelerometer,1.0498575,1.6543933000000002,10.463859,1550002948930
20180,99,Gyroscope,0.054092124000000005,0.06023743,0.111134715,1550002948939
20181,99,Accelerometer,1.3718776000000001,1.0271125,9.537302,1550002948939
20182,99,Gyroscope,0.040653087000000004,0.056572236,0.10197174,1550002948949
20183,99,Accelerometer,0.6607997,1.4987701999999998,9.449914,1550002948950
20184,99,Gyroscope,0.018051071000000002,0.06756781,0.12335201,1550002948959
20185,99,Accelerometer,1.365892,1.3718776000000001,9.884461,1550002948960
20186,99,Gyroscope,0.06386597,0.04985272,0.122741155,1550002948969
20187,99,Accelerometer,1.0211270000000001,1.1611878,8.366538,1550002948969
20188,99,Gyroscope,-0.043646313,0.07611992,0.12029769,1550002948979
20189,99,Accelerometer,-0.4213795,1.8986019,10.776301,1550002948980
20190,99,Gyroscope,-0.13100004,0.07184387,0.15511702,1550002948989
20191,99,Accelerometer,0.7146691999999999,0.9780314,13.238738,1550002948990
20192,99,Gyroscope,0.06081164,-0.06010303,0.13923453,1550002948999
20193,99,Accelerometer,1.6771383000000002,0.31603462,9.338583999999999,1550002949000
20194,99,Gyroscope,0.052870392999999995,-0.014898999,0.10808039,1550002949009
20195,99,Accelerometer,0.545878,2.0685901999999996,8.125919999999999,1550002949010
20196,99,Gyroscope,-0.09190467,0.029083297,0.14534317,1550002949019
20197,99,Accelerometer,0.2645593,0.9852139999999999,8.793902000000001,1550002949019
20198,99,Gyroscope,0.06936375,-0.008790346,0.18382768,1550002949029
20199,99,Accelerometer,1.1324573999999998,1.5023615,10.663774499999999,1550002949030
20200,99,Gyroscope,0.08097019,-0.013066402,0.14961924,1550002949039
20201,99,Accelerometer,0.37708676,1.3838485,9.813833,1550002949040
20202,99,Gyroscope,0.024159724,-0.010622941,0.18260595,1550002949049
20203,99,Accelerometer,0.15442601,1.2557588,9.803059,1550002949050
20204,99,Gyroscope,0.07791587,0.00037263334000000003,0.21131662,1550002949059
20205,99,Accelerometer,1.3431472,1.3395559,10.014946,1550002949059
20206,99,Gyroscope,0.06264423599999999,0.022974647999999997,0.18993634,1550002949069
20207,99,Accelerometer,0.7326256999999999,1.055843,8.655039,1550002949070
20208,99,Gyroscope,-0.02409863,0.051074445,0.15450615,1550002949079
20209,99,Accelerometer,-0.22266077,2.1906946,10.210073,1550002949080
20210,99,Gyroscope,-0.02409863,-0.004514288,0.20337537,1550002949089
20211,99,Accelerometer,0.4381389,0.6655880999999999,10.309433,1550002949089
20212,99,Gyroscope,0.07058548,0.013811666499999998,0.17099951,1550002949100
20213,99,Accelerometer,-0.33997664,1.459266,9.801862,1550002949100
20214,99,Gyroscope,0.016829342,0.08039598,0.20887317,1550002949109
20215,99,Accelerometer,-0.27174190000000004,1.3311761999999998,9.977836,1550002949110
20216,99,Gyroscope,-0.0027183462,0.08650463,0.23025344,1550002949119
20217,99,Accelerometer,-0.39145198,1.6998832,11.195286999999999,1550002949119
20218,99,Gyroscope,0.030268377000000003,0.06756781,0.22047961,1550002949130
20219,99,Accelerometer,0.27892449999999996,0.4381389,9.629479,1550002949130
20220,99,Gyroscope,0.016218476000000003,0.044965795999999995,0.17344297,1550002949139
20221,99,Accelerometer,0.18674773,1.2186487,8.963891,1550002949140
20222,99,Gyroscope,-0.039981127000000005,0.044965795999999995,0.16550173,1550002949149
20223,99,Accelerometer,0.62129533,0.4189853,9.331401,1550002949149
20224,99,Gyroscope,-0.0063835381999999994,0.03702455,0.13862365,1550002949159
20225,99,Accelerometer,0.46567222,-0.09816227,9.94312,1550002949160
20226,99,Gyroscope,-0.0063835381999999994,0.025418106,0.09280875,1550002949169
20227,99,Accelerometer,0.053869538,-0.16639702,9.734824,1550002949170
20228,99,Gyroscope,-0.022876898,0.033359356,0.054935113,1550002949179
20229,99,Accelerometer,-0.15203181,-0.13168110000000002,10.281899000000001,1550002949180
20230,99,Gyroscope,0.010720688999999999,0.011368208000000001,0.031111367,1550002949189
20231,99,Accelerometer,0.020350715,-0.33399114,10.746374000000001,1550002949190
20232,99,Gyroscope,0.022937994,-0.026505437000000003,-0.0012644903,1550002949199
20233,99,Accelerometer,0.760159,-0.22984336,10.0748005,1550002949199
20234,99,Gyroscope,0.0113315545,-0.028338033999999998,-0.013481795,1550002949210
20235,99,Accelerometer,0.6691794,-0.24061728,9.336189,1550002949210
20236,99,Gyroscope,-0.0033292117999999997,-0.016120728,-0.02692083,1550002949219
20237,99,Accelerometer,0.36511576,0.5590460999999999,9.840169,1550002949220
20238,99,Gyroscope,-0.010659594,-0.013066402,-0.037916407,1550002949229
20239,99,Accelerometer,0.8690952,0.13766660000000003,9.7084875,1550002949230
20240,99,Gyroscope,-0.020433438999999998,-0.036279282999999996,-0.058685824000000004,1550002949239
20241,99,Accelerometer,1.1755531000000001,1.4556746,9.981427,1550002949240
20242,99,Gyroscope,-0.07968736400000001,-0.038722742000000004,-0.055020634000000006,1550002949249
20243,99,Accelerometer,1.5382746,1.4640543,10.065224,1550002949249
20244,99,Gyroscope,-0.058917947000000005,-0.04910745,-0.06418361,1550002949259
20245,99,Accelerometer,1.8794483,1.0594343000000002,9.601946,1550002949260
20246,99,Gyroscope,0.0027794409999999997,-0.07476379,-0.059907555999999994,1550002949269
20247,99,Accelerometer,1.5430629999999999,1.2533646,10.125079,1550002949270
20248,99,Gyroscope,0.031490106000000004,-0.063768215,-0.053798902999999995,1550002949279
20249,99,Accelerometer,1.3036428999999998,0.21787235,8.613141,1550002949279
20250,99,Gyroscope,0.09257663,-0.032003224,-0.039138135,1550002949289
20251,99,Accelerometer,1.1803415000000002,0.42018240000000007,6.4739213,1550002949290
20252,99,Gyroscope,-0.06380487,0.074287325,-0.06051842,1550002949299
20253,99,Accelerometer,1.483208,2.9855695,10.255563,1550002949300
20254,99,Gyroscope,-0.18353446,0.08039598,0.016450599999999996,1550002949309
20255,99,Accelerometer,0.37349546,1.4760253,14.390348999999999,1550002949310
20256,99,Gyroscope,0.0632551,-0.044831395,0.0109528145,1550002949319
20257,99,Accelerometer,0.89543146,1.9931729,12.611458,1550002949319
20258,99,Gyroscope,0.0040011713,0.0022052303,0.016450599999999996,1550002949329
20259,99,Accelerometer,0.81402856,1.8243817,9.430760000000001,1550002949330
20260,99,Gyroscope,-0.1108415,0.037635416,0.04760473,1550002949339
20261,99,Accelerometer,0.7278373,1.9333179,8.508992999999998,1550002949340
20262,99,Gyroscope,0.08280279,0.037635416,0.061654627000000004,1550002949349
20263,99,Accelerometer,0.50397944,2.4157495,10.401608999999999,1550002949349
20264,99,Gyroscope,-0.0014966168,0.048020124000000004,0.07142847,1550002949359
20265,99,Accelerometer,0.33159694,1.3611037,8.9842415,1550002949360
20266,99,Gyroscope,-0.14199562,0.09261329,0.02317012,1550002949369
20267,99,Accelerometer,0.17956513,1.9488802,11.414356,1550002949370
20268,99,Gyroscope,0.026603185,0.025418106,0.030500501,1550002949379
20269,99,Accelerometer,0.8283938,-0.39624038,9.859323,1550002949379
20270,99,Gyroscope,-0.025931226,0.0015943646,0.03416569,1550002949390
20271,99,Accelerometer,1.4173675,0.0011971008,9.622296,1550002949390
20272,99,Gyroscope,0.02721405,0.016865995,-0.009816604,1550002949399
20273,99,Accelerometer,1.4700398000000001,0.7314286,10.103531,1550002949400
20274,99,Gyroscope,0.055924714,-0.032003224,0.007287623399999999,1550002949409
20275,99,Accelerometer,2.3810337,0.9768343,9.959878999999999,1550002949409
20276,99,Gyroscope,-0.046089776,-0.04910745,0.040274344,1550002949419
20277,99,Accelerometer,3.0226796,0.031124622,10.363302000000001,1550002949420
20278,99,Gyroscope,0.030268377000000003,-0.098587535,0.0005681054,1550002949429
20279,99,Accelerometer,2.7269957000000002,0.6404489000000001,10.4171715,1550002949430
20280,99,Gyroscope,0.057146445,-0.12302215,0.04577213,1550002949439
20281,99,Accelerometer,3.5685577000000004,0.5614403,9.445126,1550002949439
20282,99,Gyroscope,0.006444632,-0.12302215,0.016450599999999996,1550002949449
20283,99,Accelerometer,1.7896657999999999,0.89662856,9.944317,1550002949450
20284,99,Gyroscope,0.044318277,-0.12363301,0.0127854105,1550002949459
20285,99,Accelerometer,1.6352396999999999,0.58418524,10.121488000000001,1550002949460
20286,99,Gyroscope,-0.031429015,-0.14073724,0.023780985,1550002949469
20287,99,Accelerometer,2.0649989,0.770933,9.428367,1550002949470
20288,99,Gyroscope,-0.006994404,-0.14379156,0.007898489,1550002949479
20289,99,Accelerometer,1.0666169,1.4640543,11.050438,1550002949480
20290,99,Gyroscope,0.010720688999999999,-0.17372397,0.026224446000000002,1550002949489
20291,99,Accelerometer,1.0666169,0.19393034,8.687361,1550002949489
20292,99,Gyroscope,0.011942419,-0.14684589,0.013396275,1550002949499
20293,99,Accelerometer,0.39983168,2.0350714,8.643068,1550002949500
20294,99,Gyroscope,-0.0027183462,-0.0729312,0.0036224315000000003,1550002949509
20295,99,Accelerometer,-0.12808979,1.5406688,10.301053,1550002949509
20296,99,Gyroscope,-0.014935651999999999,-0.035668418,0.013396275,1550002949519
20297,99,Accelerometer,-0.06703765,1.5849615,10.532093,1550002949520
20298,99,Gyroscope,-0.028374685,-0.07476379,0.029889636,1550002949529
20299,99,Accelerometer,0.46926352,1.3299791,9.740809,1550002949530
20300,99,Gyroscope,-0.015546517,-0.071098596,0.0109528145,1550002949539
20301,99,Accelerometer,0.25498247,0.9840169,9.533711,1550002949539
20302,99,Gyroscope,0.0094989585,-0.06071389,0.008509354,1550002949549
20303,99,Accelerometer,-0.44173019999999996,0.82599956,9.704897,1550002949550
20304,99,Gyroscope,0.038209625,-0.053994372,0.0109528145,1550002949559
20305,99,Accelerometer,0.5255273,0.8451531999999999,9.600749,1550002949560
20306,99,Gyroscope,0.030879242,0.01747686,0.05737857,1550002949569
20307,99,Accelerometer,1.4257472,2.4648306,12.182896000000001,1550002949570
20308,99,Gyroscope,-0.050365835,0.06756781,0.020115793,1550002949579
20309,99,Accelerometer,0.30406362,0.6919243,14.205995999999999,1550002949580
20310,99,Gyroscope,-0.07968736400000001,-0.13401772,0.045161266,1550002949589
20311,99,Accelerometer,2.1739352000000003,1.292869,9.951499,1550002949590
20312,99,Gyroscope,0.07547241,-0.15417627,0.006065893,1550002949599
20313,99,Accelerometer,1.6723499,1.0259154000000001,7.2951326000000005,1550002949600
20314,99,Gyroscope,-0.13955216,-0.07354206,-0.0140926605,1550002949609
20315,99,Accelerometer,1.0378863999999999,1.5610195,8.452729,1550002949609
20316,99,Gyroscope,0.0009468458599999999,-0.08759196,-0.031196889,1550002949620
20317,99,Accelerometer,2.1057005,1.2401965,10.99178,1550002949620
20318,99,Gyroscope,0.035155296,-0.14806762,-0.018368717,1550002949629
20319,99,Accelerometer,0.4141969,2.5917234000000002,11.852495,1550002949630
20320,99,Gyroscope,0.14511104,-0.22686923,0.012174546000000001,1550002949639
20321,99,Accelerometer,1.6112977,1.3359646,8.585608,1550002949639
20322,99,Gyroscope,0.17687604,-0.18105435,0.13923453,1550002949650
20323,99,Accelerometer,2.0207062,0.8750806999999999,10.329783,1550002949650
20324,99,Gyroscope,0.025381455,-0.11935695,0.1465649,1550002949659
20325,99,Accelerometer,2.054225,-0.59136784,6.3949127,1550002949660
20326,99,Gyroscope,-0.021044305,-0.12424388,0.12029769,1550002949669
20327,99,Accelerometer,0.6356605,2.3439236,9.809045,1550002949669
20328,99,Gyroscope,-0.022876898,-0.13035253,0.026224446000000002,1550002949680
20329,99,Accelerometer,1.0570401000000003,0.16639702,9.846153999999999,1550002949680
20330,99,Gyroscope,-0.072356984,-0.1291308,0.07326107,1550002949689
20331,99,Accelerometer,-1.5298948,0.92655605,9.698911,1550002949690
20332,99,Gyroscope,-0.04425718,-0.09553321,0.02805704,1550002949699
20333,99,Accelerometer,0.14604631,0.42018240000000007,9.528922999999999,1550002949699
20334,99,Gyroscope,-0.038759395,-0.07476379,-0.025699101000000002,1550002949709
20335,99,Accelerometer,0.34356794,2.1535845,9.229648,1550002949710
20336,99,Gyroscope,-0.005161807,-0.025283707000000002,0.04088521,1550002949719
20337,99,Accelerometer,-1.7764976000000003,0.23343466,8.791509,1550002949720
20338,99,Gyroscope,-0.0008857511,0.00037263334000000003,-0.02447737,1550002949729
20339,99,Accelerometer,-0.65242,1.4257472,8.792705999999999,1550002949730
20340,99,Gyroscope,-0.051587567,0.056572236,-0.02203391,1550002949739
20341,99,Accelerometer,0.62967503,1.0235212,10.077195,1550002949739
20342,99,Gyroscope,-0.03937026,0.034581087999999996,0.050659052999999996,1550002949749
20343,99,Accelerometer,-0.7194576,1.3347674999999999,10.897209,1550002949749
20344,99,Gyroscope,0.035155296,0.027250702999999998,-0.019590449,1550002949760
20345,99,Accelerometer,1.2258313,1.4221559,9.685742999999999,1550002949760
20346,99,Gyroscope,0.008888093,0.055350505,0.03966348,1550002949769
20347,99,Accelerometer,1.0378863999999999,1.1516110000000002,8.605958,1550002949770
20348,99,Gyroscope,-0.036315932999999995,0.06573521,0.06531982,1550002949779
20349,99,Accelerometer,0.46567222,1.8004397,11.241974,1550002949780
20350,99,Gyroscope,0.04004222,-0.0014599635999999999,0.06531982,1550002949789
20351,99,Accelerometer,1.7525556,1.5538370000000001,12.077551,1550002949789
20352,99,Gyroscope,0.030879242,-0.07048774,0.08547837,1550002949799
20353,99,Accelerometer,2.2254104999999997,1.22224,9.919178,1550002949800
20354,99,Gyroscope,0.03882049,-0.036890145,0.06654155,1550002949809
20355,99,Accelerometer,0.92296475,1.0247183000000002,8.289924000000001,1550002949810
20356,99,Gyroscope,0.024159724,-0.011233807,0.05737857,1550002949819
20357,99,Accelerometer,0.6356605,0.9504981,10.520123,1550002949820
20358,99,Gyroscope,0.022327128999999998,-0.027727167999999996,0.06409809,1550002949829
20359,99,Accelerometer,0.7386111999999999,0.3878607,10.381259,1550002949830
20360,99,Gyroscope,0.12556335,-0.08331591,0.061654627000000004,1550002949839
20361,99,Accelerometer,0.48602295,1.8722657,11.062408999999999,1550002949839
20362,99,Gyroscope,0.028435782000000003,0.07734165,0.06715242,1550002949850
20363,99,Accelerometer,-1.3503298000000001,1.0606314,12.064383,1550002949850
20364,99,Gyroscope,-0.008826999,-0.042998800000000004,0.12396289,1550002949859
20365,99,Accelerometer,1.1480197,0.90141696,9.653421,1550002949860
20366,99,Gyroscope,0.23551910000000004,-0.035057552,0.059822034,1550002949869
20367,99,Accelerometer,0.8726865,2.2744915,6.8330517,1550002949869
20368,99,Gyroscope,-0.08457429,0.08161771,0.08731097,1550002949880
20369,99,Accelerometer,-0.62728083,1.9596541,8.368932000000001,1550002949880
20370,99,Gyroscope,0.0052229017,0.054128774000000004,0.11479991,1550002949889
20371,99,Accelerometer,0.15083471,0.82240826,11.7387705,1550002949890
20372,99,Gyroscope,0.19459113,-0.008790346,0.13129328,1550002949899
20373,99,Accelerometer,0.56982,0.81163436,9.453505499999999,1550002949899
20374,99,Gyroscope,-0.024709495,0.06390262,0.10746952,1550002949909
20375,99,Accelerometer,0.11611878,1.2246342,7.7811556,1550002949909
20376,99,Gyroscope,-0.110230625,0.09566761,0.111134715,1550002949920
20377,99,Accelerometer,0.2621651,1.3467385,10.001778,1550002949920
20378,99,Gyroscope,-0.023487763,0.10421973,0.08731097,1550002949929
20379,99,Accelerometer,0.8319851,0.61530983,8.006210000000001,1550002949930
20380,99,Gyroscope,-0.18170187,0.13354126,-0.009205738,1550002949939
20381,99,Accelerometer,0.08020575,1.2665327,8.565256,1550002949940
20382,99,Gyroscope,-0.0063835381999999994,0.07489819,-0.03730554,1550002949949
20383,99,Accelerometer,-1.0151415000000001,3.0550013,11.437101,1550002949949
20384,99,Gyroscope,0.08768971,0.09078069,0.0885327,1550002949959
20385,99,Accelerometer,0.9564835999999999,0.047884032,9.913192,1550002949960
20386,99,Gyroscope,0.03882049,0.11826963,0.1166325,1550002949969
20387,99,Accelerometer,0.1436521,2.918532,10.128671,1550002949970
20388,99,Gyroscope,0.07913759,0.14270425,0.24063815,1550002949979
20389,99,Accelerometer,0.8523358,2.765303,10.091560000000001,1550002949980
20390,99,Gyroscope,0.028435782000000003,0.14270425,0.24002729999999997,1550002949989
20391,99,Accelerometer,-0.07062895,1.2401965,9.639056,1550002949989
20392,99,Gyroscope,0.05348126,0.14575857,0.24369247,1550002949999
20393,99,Accelerometer,0.17238252,1.1935096,9.961076,1550002950000
20394,99,Gyroscope,0.028435782000000003,0.13903904,0.2785118,1550002950009
20395,99,Accelerometer,1.9847932000000001,1.079785,10.211269999999999,1550002950010
20396,99,Gyroscope,0.0492052,0.08406117,0.2552989,1550002950019
20397,99,Accelerometer,0.90500826,1.1863270000000001,10.904391,1550002950020
20398,99,Gyroscope,0.0650877,0.055350505,0.21009488,1550002950029
20399,99,Accelerometer,1.2306197,-0.7386111999999999,10.518925,1550002950029
20400,99,Gyroscope,0.043096546,0.033970222,0.19115807,1550002950039
20401,99,Accelerometer,1.3323733,0.5327099000000001,9.283517,1550002950040
20402,99,Gyroscope,-0.034483336,0.03274849,0.12579548,1550002950049
20403,99,Accelerometer,0.5542577,-0.16998832,9.568427,1550002950050
20404,99,Gyroscope,-0.016157383,0.012589939,0.06409809,1550002950059
20405,99,Accelerometer,0.9768343,0.22026655,10.150217999999999,1550002950060
20406,99,Gyroscope,0.01560761,0.0040378235,0.05126992,1550002950069
20407,99,Accelerometer,0.24061728,0.35673606,8.827422,1550002950069
20408,99,Gyroscope,-0.011881325,0.03824628,0.050659052999999996,1550002950079
20409,99,Accelerometer,-0.5291186,0.6368576,9.478644000000001,1550002950080
20410,99,Gyroscope,0.0492052,0.05046358,0.037830885,1550002950089
20411,99,Accelerometer,0.04189853,0.62967503,9.697714,1550002950090
20412,99,Gyroscope,0.019883668,0.06756781,0.042717807000000003,1550002950099
20413,99,Accelerometer,0.39983168,0.6835446,9.451111000000001,1550002950100
20414,99,Gyroscope,-0.016768249,0.09505675,0.053102515999999995,1550002950109
20415,99,Accelerometer,0.17357962,0.5686229,9.767146,1550002950110
20416,99,Gyroscope,0.014996746000000002,0.11399356,0.020726658000000002,1550002950119
20417,99,Accelerometer,1.365892,0.9552864999999999,9.551667,1550002950119
20418,99,Gyroscope,-0.0021074805,0.11216097,0.040274344,1550002950129
20419,99,Accelerometer,0.010773907,1.5286977,9.312247,1550002950130
20420,99,Gyroscope,-0.046089776,0.08772636,-0.01287093,1550002950139
20421,99,Accelerometer,1.1240777,0.59615624,10.477027,1550002950140
20422,99,Gyroscope,0.0492052,0.041911468,-0.055631495999999996,1550002950149
20423,99,Accelerometer,2.0590134,0.6512229,9.999383,1550002950150
20424,99,Gyroscope,0.0015577096,0.102997996,-0.049522847,1550002950159
20425,99,Accelerometer,1.5921441,0.9900024,8.516175,1550002950159
20426,99,Gyroscope,-0.06319401,0.157365,-0.089229085,1550002950169
20427,99,Accelerometer,0.16879122,0.2825158,8.748413000000001,1550002950169
20428,99,Gyroscope,-0.11450669,0.09261329,-0.11488543,1550002950180
20429,99,Accelerometer,0.8439561,1.6771383000000002,13.557167000000002,1550002950180
20430,99,Gyroscope,0.0033903066,-0.033224955,-0.11183110000000002,1550002950189
20431,99,Accelerometer,2.0087352,0.30645782,9.847352,1550002950190
20432,99,Gyroscope,-0.022266036,-0.008790346,-0.10327899,1550002950199
20433,99,Accelerometer,0.5590460999999999,2.147599,8.89805,1550002950200
20434,99,Gyroscope,-0.05586362,0.025418106,-0.09717034,1550002950209
20435,99,Accelerometer,1.2952632,1.1145009,8.688558,1550002950209
20436,99,Gyroscope,0.020494534,0.053517907999999996,-0.07212486,1550002950219
20437,99,Accelerometer,0.748188,2.3092074,10.28549,1550002950220
20438,99,Gyroscope,-0.043035455,0.062680885,-0.053188037,1550002950229
20439,99,Accelerometer,0.29688102,0.6548142,9.909601,1550002950230
20440,99,Gyroscope,-0.05586362,0.05962656400000001,-0.04280333,1550002950239
20441,99,Accelerometer,-0.23104046,0.82480246,9.652225,1550002950240
20442,99,Gyroscope,-0.04242459,0.04435493,-0.078844376,1550002950249
20443,99,Accelerometer,1.2904748,1.2617443000000002,8.939949,1550002950250
20444,99,Gyroscope,-0.06136141,0.0571831,-0.07640091,1550002950259
20445,99,Accelerometer,1.127669,0.51475334,8.264783999999999,1550002950259
20446,99,Gyroscope,-0.094959,0.0993328,-0.061129287000000004,1550002950270
20447,99,Accelerometer,0.4381389,0.41778820000000005,9.576807,1550002950270
20448,99,Gyroscope,0.008888093,0.046798393,-0.08678562,1550002950279
20449,99,Accelerometer,1.5095441,0.49320555,10.913967999999999,1550002950280
20450,99,Gyroscope,0.014996746000000002,0.03580282,-0.06051842,1550002950289
20451,99,Accelerometer,1.5957354,-0.23822308,11.032481,1550002950289
20452,99,Gyroscope,0.0113315545,0.019309454,0.021948388,1550002950299
20453,99,Accelerometer,1.6424223000000002,0.9983820999999999,10.095152,1550002950300
20454,99,Gyroscope,-0.029596416,0.010757342,0.026835311,1550002950309
20455,99,Accelerometer,2.5318682,1.1336545,9.767146,1550002950310
20456,99,Gyroscope,-0.08946121,-0.04422053,0.01156368,1550002950319
20457,99,Accelerometer,2.2301989,-0.48123455,10.206482000000001,1550002950319
20458,99,Gyroscope,0.012553285,-0.09797667,-0.042192463,1550002950329
20459,99,Accelerometer,1.9536686,0.8415619000000001,9.676167,1550002950329
20460,99,Gyroscope,-0.07541131,-0.09431147599999999,-0.017757852,1550002950340
20461,99,Accelerometer,2.6300306,-0.094570965,9.0429,1550002950340
20462,99,Gyroscope,-0.0790765,-0.11385917,-0.10083552400000001,1550002950349
20463,99,Accelerometer,1.496376,0.017956512,10.959458,1550002950350
20464,99,Gyroscope,0.116400376,-0.12302215,-0.15703513,1550002950359
20465,99,Accelerometer,0.26815059999999996,-0.5506664000000001,9.740809,1550002950360
20466,99,Gyroscope,-0.051587567,-0.101031,-0.17902628,1550002950369
20467,99,Accelerometer,-0.44651863,0.6751649000000001,8.6299,1550002950369
20468,99,Gyroscope,-0.030207282000000002,-0.055216104,-0.14542869,1550002950380
20469,99,Accelerometer,-0.2885013,-0.9947908000000001,10.530896,1550002950380
20470,99,Gyroscope,0.0650877,-0.06071389,-0.20712607,1550002950389
20471,99,Accelerometer,-1.0115502,1.3946223999999998,9.372103,1550002950390
20472,99,Gyroscope,-0.047311507,-0.011233807,-0.12771359,1550002950399
20473,99,Accelerometer,0.29807812,0.7398083000000001,8.692149,1550002950400
20474,99,Gyroscope,-0.07296785,-0.016120728,-0.1417635,1550002950409
20475,99,Accelerometer,-0.45370123,1.1360487,10.864887,1550002950409
20476,99,Gyroscope,0.052259527,-0.021618515,-0.15642425,1550002950419
20477,99,Accelerometer,0.31244332,1.7106571,9.380483,1550002950419
20478,99,Gyroscope,-0.07418958,-0.0032925587,-0.08556389999999998,1550002950430
20479,99,Accelerometer,1.6591818,1.6196774,9.54209,1550002950430
20480,99,Gyroscope,-0.023487763,-0.01734246,-0.113663696,1550002950439
20481,99,Accelerometer,1.3634979,1.1264718999999999,11.062408999999999,1550002950440
20482,99,Gyroscope,0.06936375,-0.035057552,-0.12038321,1550002950449
20483,99,Accelerometer,1.5406688,0.7685388000000001,9.314642,1550002950450
20484,99,Gyroscope,-0.060750544000000004,-0.0026816929999999998,-0.10694418,1550002950459
20485,99,Accelerometer,1.6723499,0.62608373,9.150639,1550002950459
20486,99,Gyroscope,0.018051071000000002,-0.041777067,-0.11855062,1550002950469
20487,99,Accelerometer,2.2254104999999997,-0.06943185,8.450335,1550002950470
20488,99,Gyroscope,0.12006557,-0.010012077,-0.16008945,1550002950479
20489,99,Accelerometer,1.9033904,1.7274165000000001,9.291897,1550002950480
20490,99,Gyroscope,-0.10045678,0.090169825,-0.18696752,1550002950489
20491,99,Accelerometer,-0.6344634,1.13964,11.261127,1550002950490
20492,99,Gyroscope,-0.13222177,0.013811666499999998,-0.14970474,1550002950499
20493,99,Accelerometer,-0.20111294,1.7633294999999998,13.624204999999998,1550002950500
20494,99,Gyroscope,0.09746355599999999,-0.08087245,-0.16497637,1550002950509
20495,99,Accelerometer,1.22224,1.8938134999999998,9.765948,1550002950509
20496,99,Gyroscope,-0.07296785,-0.033224955,-0.15336993,1550002950520
20497,99,Accelerometer,0.32321724,2.7832594,9.00579,1550002950520
20498,99,Gyroscope,-0.07113525,-0.013677267,-0.09533774,1550002950529
20499,99,Accelerometer,0.58298814,1.8471266,10.933122000000001,1550002950530
20500,99,Gyroscope,-0.024709495,-0.047885723,-0.067237936,1550002950539
20501,99,Accelerometer,0.70509243,0.8475474000000001,10.603919,1550002950540
20502,99,Gyroscope,0.014385881000000001,-0.09186802,-0.07212486,1550002950549
20503,99,Accelerometer,0.33159694,1.6699557,10.767922,1550002950549
20504,99,Gyroscope,0.08768971,-0.08331591,-0.06845967,1550002950559
20505,99,Accelerometer,1.8303672,1.0139444,9.737217999999999,1550002950560
20506,99,Gyroscope,-0.0008857511,-0.06743341,-0.011038333999999999,1550002950569
20507,99,Accelerometer,1.2773066000000002,0.5566519,8.452729,1550002950570
20508,99,Gyroscope,-0.060750544000000004,-0.07598552,-0.036694676,1550002950579
20509,99,Accelerometer,0.997185,0.47285482,10.031705,1550002950580
20510,99,Gyroscope,0.07486154,-0.1169135,-0.086174764,1550002950589
20511,99,Accelerometer,1.2330139,1.4305356000000002,9.648633,1550002950589
20512,99,Gyroscope,-0.03387247,-0.08026158,-0.089229085,1550002950599
20513,99,Accelerometer,0.8499416,0.6715736,9.417591999999999,1550002950600
20514,99,Gyroscope,-0.027763822999999997,-0.10042013,-0.023866504,1550002950610
20515,99,Accelerometer,0.60812724,0.58897364,9.847352,1550002950610
20516,99,Gyroscope,0.022937994,-0.14379156,-0.02203391,1550002950619
20517,99,Accelerometer,0.94810385,1.4413095,10.16578,1550002950620
20518,99,Gyroscope,-0.019211708,-0.11752436,-0.08006611,1550002950629
20519,99,Accelerometer,1.9919758,1.5454572,9.938332,1550002950630
20520,99,Gyroscope,0.0015577096,-0.06010303,-0.06540534,1550002950639
20521,99,Accelerometer,0.6931214,0.2705448,8.583213,1550002950639
20522,99,Gyroscope,-0.04975497,-0.03750101,-0.04097073,1550002950649
20523,99,Accelerometer,-0.9612719999999999,2.292448,10.114305499999999,1550002950650
20524,99,Gyroscope,-0.013103055,-0.030170628999999997,-0.081898704,1550002950659
20525,99,Accelerometer,1.400608,0.24779987,9.989806,1550002950660
20526,99,Gyroscope,0.022327128999999998,-0.06926601,-0.011038333999999999,1550002950669
20527,99,Accelerometer,0.09816227,1.6603789,10.059238,1550002950670
20528,99,Gyroscope,-0.022266036,-0.04910745,-0.023866504,1550002950679
20529,99,Accelerometer,0.50637364,1.1563994,8.756793,1550002950679
20530,99,Gyroscope,-0.056474485,-0.0032925587,-0.018979583,1550002950689
20531,99,Accelerometer,0.8379706,1.459266,9.775525,1550002950689
20532,99,Gyroscope,0.031490106000000004,-0.00817948,-0.025088236,1550002950700
20533,99,Accelerometer,0.59256494,1.246182,9.516952,1550002950700
20534,99,Gyroscope,-0.014935651999999999,-0.004514288,0.0036224315000000003,1550002950709
20535,99,Accelerometer,0.29688102,1.4903905000000002,9.734824,1550002950710
20536,99,Gyroscope,-0.0509767,-0.016120728,-0.012260064499999999,1550002950719
20537,99,Accelerometer,1.0187328000000002,1.2162545,10.012551,1550002950719
20538,99,Gyroscope,-0.0021074805,-0.035057552,-4.2759813000000006e-05,1550002950729
20539,99,Accelerometer,1.0426749,1.5837643999999997,10.827777000000001,1550002950730
20540,99,Gyroscope,-0.019822573,-0.04544226,0.0127854105,1550002950739
20541,99,Accelerometer,1.4604629999999998,1.7501613999999999,10.245986,1550002950740
20542,99,Gyroscope,0.0015577096,-0.06865514,-0.027531696,1550002950749
20543,99,Accelerometer,0.45250413,0.9588778,9.354146,1550002950749
20544,99,Gyroscope,0.07241808,-0.061935622,-0.027531696,1550002950759
20545,99,Accelerometer,-0.07182605,0.8655039000000001,7.811083,1550002950760
20546,99,Gyroscope,-0.050365835,-0.005125154,0.035387423,1550002950769
20547,99,Accelerometer,-0.5590460999999999,2.1523874,10.951078,1550002950770
20548,99,Gyroscope,-0.030207282000000002,0.009535611,0.076315396,1550002950779
20549,99,Accelerometer,0.5279215,0.664391,12.872425,1550002950780
20550,99,Gyroscope,0.021105397,-0.120578684,0.050659052999999996,1550002950789
20551,99,Accelerometer,1.3156139,0.12689269,8.605958,1550002950789
20552,99,Gyroscope,0.021716263,-0.05460524,0.0127854105,1550002950799
20553,99,Accelerometer,0.23343466,2.3690627,8.183380999999999,1550002950800
20554,99,Gyroscope,-0.11267409,0.007092151999999999,0.056156844000000004,1550002950810
20555,99,Accelerometer,0.34117374,1.5155296,8.959103,1550002950810
20556,99,Gyroscope,0.0052229017,-0.027727167999999996,0.068985015,1550002950819
20557,99,Accelerometer,0.5315128,2.2625206,10.350133999999999,1550002950820
20558,99,Gyroscope,0.029657512999999996,-0.04910745,0.059822034,1550002950829
20559,99,Accelerometer,0.7637503000000001,1.4616601,9.983821,1550002950830
20560,99,Gyroscope,0.047372602,-0.042998800000000004,0.06654155,1550002950839
20561,99,Accelerometer,-0.17477672,2.5917234000000002,10.986991999999999,1550002950839
20562,99,Gyroscope,0.059589908,-0.032003224,0.16977778,1550002950850
20563,99,Accelerometer,1.1025299,1.3192052,9.751583,1550002950850
20564,99,Gyroscope,0.06447683,-0.04605312599999999,0.22231220000000004,1550002950859
20565,99,Accelerometer,1.9261352999999999,1.0271125,9.515755,1550002950860
20566,99,Gyroscope,0.027824916,-0.042387932999999996,0.19543412,1550002950869
20567,99,Accelerometer,1.7106571,1.2006921999999998,9.744401,1550002950870
20568,99,Gyroscope,-0.0057726726,-0.06437908,0.16000395,1550002950879
20569,99,Accelerometer,1.7106571,-0.1592144,9.825804,1550002950880
20570,99,Gyroscope,-0.014324786,-0.09980927,0.11907596,1550002950889
20571,99,Accelerometer,1.6244658,-0.50637364,10.496181,1550002950890
20572,99,Gyroscope,0.014996746000000002,-0.11996782,0.031722232999999996,1550002950900
20573,99,Accelerometer,1.3024458,-0.39983168,10.131064,1550002950900
20574,99,Gyroscope,0.0027794409999999997,-0.14195897,-0.017146988000000002,1550002950909
20575,99,Accelerometer,0.23223756,-0.59735334,8.710106,1550002950910
20576,99,Gyroscope,-0.022266036,-0.10958311,-0.053798902999999995,1550002950919
20577,99,Accelerometer,-0.17477672,0.48243165,9.226056,1550002950920
20578,99,Gyroscope,0.030268377000000003,-0.0729312,-0.04891198,1550002950929
20579,99,Accelerometer,-0.40821138,-0.13766660000000003,9.091981,1550002950930
20580,99,Gyroscope,0.016829342,-0.034446687000000004,-0.039749,1550002950939
20581,99,Accelerometer,-0.7266402,0.37948096,8.921992,1550002950940
20582,99,Gyroscope,-0.016768249,-0.01856419,-0.039749,1550002950949
20583,99,Accelerometer,-0.12808979,0.9804255999999999,9.701305,1550002950950
20584,99,Gyroscope,-0.0027183462,-0.0032925587,-0.027531696,1550002950959
20585,99,Accelerometer,0.6991069000000001,0.9756372,9.734824,1550002950959
20586,99,Gyroscope,-0.026542092000000003,0.022363782000000002,-0.05013371,1550002950969
20587,99,Accelerometer,0.8678981,1.0845733999999998,10.08318,1550002950969
20588,99,Gyroscope,-0.024709495,0.008924745,-0.08678562,1550002950980
20589,99,Accelerometer,1.009156,1.0295067,9.284714,1550002950980
20590,99,Gyroscope,-0.0063835381999999994,0.0022052303,-0.10572245,1550002950989
20591,99,Accelerometer,1.2401965,0.8690952,9.890448,1550002950990
20592,99,Gyroscope,0.006444632,0.022363782000000002,-0.12771359,1550002950999
20593,99,Accelerometer,1.4772223999999998,0.8535328999999999,9.816227,1550002951000
20594,99,Gyroscope,-0.014324786,0.01747686,-0.11305283,1550002951009
20595,99,Accelerometer,1.3156139,1.4293385,9.829395,1550002951009
20596,99,Gyroscope,-0.05830708,0.030915894,-0.11488543,1550002951019
20597,99,Accelerometer,0.91937345,1.4185646,9.987411999999999,1550002951019
20598,99,Gyroscope,-0.047311507,0.042522334,-0.116718024,1550002951030
20599,99,Accelerometer,0.8391677,1.6244658,10.230424000000001,1550002951030
20600,99,Gyroscope,-0.012492188999999999,0.030305027999999998,-0.09533774,1550002951039
20601,99,Accelerometer,0.7290344,1.733402,9.266758,1550002951040
20602,99,Gyroscope,-0.021044305,0.021752916,-0.067237936,1550002951049
20603,99,Accelerometer,1.1216834999999998,1.9357121,8.7951,1550002951050
20604,99,Gyroscope,0.031490106000000004,0.033359356,-0.05440977,1550002951059
20605,99,Accelerometer,2.0470424,1.5023615,9.035717,1550002951060
20606,99,Gyroscope,0.07180721,0.027250702999999998,-0.010427468,1550002951069
20607,99,Accelerometer,0.7685388000000001,1.365892,9.19972,1550002951069
20608,99,Gyroscope,0.07241808,0.0028160921999999997,0.0030115664,1550002951079
20609,99,Accelerometer,1.2306197,0.79846627,8.785523,1550002951080
20610,99,Gyroscope,0.010109824,0.0040378235,0.0127854105,1550002951089
20611,99,Accelerometer,2.2026656000000004,1.650802,12.036849,1550002951090
20612,99,Gyroscope,-0.02409863,0.07611992,0.014618006999999999,1550002951099
20613,99,Accelerometer,1.30484,0.1328782,11.048044,1550002951100
20614,99,Gyroscope,0.0021685753,-0.02100765,0.023780985,1550002951109
20615,99,Accelerometer,0.49440265,0.5279215,10.545261,1550002951110
20616,99,Gyroscope,0.041263953,-0.036279282999999996,-0.043414194,1550002951119
20617,99,Accelerometer,2.067393,-0.0047884034,10.060435,1550002951119
20618,99,Gyroscope,-0.06930265599999999,-0.00023823230999999999,-0.021423044,1550002951129
20619,99,Accelerometer,1.532289,0.62488663,8.948329,1550002951130
20620,99,Gyroscope,-0.059528813,0.005259555,-0.029975157000000002,1550002951140
20621,99,Accelerometer,1.0761937,0.051475335,9.7479925,1550002951140
20622,99,Gyroscope,0.014996746000000002,-0.059492163,-0.05624236,1550002951149
20623,99,Accelerometer,0.81881696,-0.22146365,10.611102,1550002951150
20624,99,Gyroscope,-0.051587567,-0.05460524,-0.0678488,1550002951159
20625,99,Accelerometer,0.9947908000000001,-0.24181437,9.753978,1550002951159
20626,99,Gyroscope,-0.05586362,0.0028160921999999997,-0.12527013,1550002951169
20627,99,Accelerometer,0.45968673,0.5554548,8.161833999999999,1550002951170
20628,99,Gyroscope,-0.032650746,0.026639838,-0.15398079,1550002951179
20629,99,Accelerometer,-0.16639702,1.6412252,9.625888,1550002951180
20630,99,Gyroscope,-0.041813724,0.0022052303,-0.14665042,1550002951189
20631,99,Accelerometer,0.16400282,-1.2964603000000001,10.617087,1550002951189
20632,99,Gyroscope,-0.0137139205,-0.028948900000000003,-0.16864157,1550002951199
20633,99,Accelerometer,1.5801731,1.0486604,8.774749,1550002951199
20634,99,Gyroscope,-0.051587567,-0.01734246,-0.21384560000000002,1550002951210
20635,99,Accelerometer,-0.142455,0.9612719999999999,9.586383999999999,1550002951210
20636,99,Gyroscope,0.00033598019999999995,0.0034269579,-0.20346089,1550002951219
20637,99,Accelerometer,0.34237084,1.1384428999999998,9.838972,1550002951220
20638,99,Gyroscope,0.00033598019999999995,0.024807245,-0.20162828,1550002951229
20639,99,Accelerometer,0.35075054,1.3491327,10.614694,1550002951230
20640,99,Gyroscope,0.0492052,0.0058704205,-0.16558723,1550002951239
20641,99,Accelerometer,0.58418524,1.0630256,9.674969,1550002951240
20642,99,Gyroscope,-0.016768249,0.012589939,-0.16314377,1550002951249
20643,99,Accelerometer,0.7781156,2.2278047,9.710882000000002,1550002951249
20644,99,Gyroscope,-0.030207282000000002,0.0058704205,-0.14115262,1550002951259
20645,99,Accelerometer,1.4317327,1.541866,9.76116,1550002951260
20646,99,Gyroscope,0.0027794409999999997,0.010757342,-0.1607003,1550002951269
20647,99,Accelerometer,1.2378023,0.7685388000000001,10.066421499999999,1550002951270
20648,99,Gyroscope,-0.02409863,-0.016120728,-0.2046826,1550002951279
20649,99,Accelerometer,1.0330979999999998,1.9405005000000002,9.507375,1550002951280
20650,99,Gyroscope,-0.03937026,-0.02100765,-0.1503156,1550002951289
20651,99,Accelerometer,1.99437,1.3012487,9.533711,1550002951290
20652,99,Gyroscope,-0.049144104,-0.036279282999999996,-0.1698633,1550002951299
20653,99,Accelerometer,0.59376204,0.58777654,9.106346,1550002951299
20654,99,Gyroscope,-0.008826999,-0.024061977999999998,-0.18391319,1550002951309
20655,99,Accelerometer,0.6667852,0.8415619000000001,9.163807,1550002951309
20656,99,Gyroscope,-0.0369268,0.0040378235,-0.16864157,1550002951320
20657,99,Accelerometer,1.1863270000000001,1.0654198000000001,10.096349,1550002951320
20658,99,Gyroscope,-0.023487763,0.00037263334000000003,-0.17658281,1550002951329
20659,99,Accelerometer,0.2896984,1.3299791,9.870096,1550002951330
20660,99,Gyroscope,-0.0063835381999999994,-0.00084909797,-0.16131118,1550002951339
20661,99,Accelerometer,0.6572084,1.1647792,10.329783,1550002951340
20662,99,Gyroscope,-0.039981127000000005,-0.01978592,-0.14787214,1550002951349
20663,99,Accelerometer,0.91099375,0.93972415,10.251971000000001,1550002951350
20664,99,Gyroscope,-0.0014966168,-0.01978592,-0.14359608,1550002951359
20665,99,Accelerometer,0.79367787,1.1719618,10.409989,1550002951359
20666,99,Gyroscope,-0.0137139205,-0.03139236,-0.14542869,1550002951369
20667,99,Accelerometer,0.8690952,0.9564835999999999,9.17099,1550002951370
20668,99,Gyroscope,-0.06136141,-0.04422053,-0.14054176,1550002951380
20669,99,Accelerometer,1.1133038,1.7429788,9.604341,1550002951380
20670,99,Gyroscope,-0.046089776,-0.071098596,-0.13748743,1550002951389
20671,99,Accelerometer,1.6220716,0.44891283,9.548077000000001,1550002951390
20672,99,Gyroscope,0.03210097,-0.09797667,-0.15947857,1550002951399
20673,99,Accelerometer,1.1312603,0.5578489999999999,7.751228,1550002951400
20674,99,Gyroscope,0.016829342,-0.012455538,-0.1680307,1550002951409
20675,99,Accelerometer,1.2401965,2.966416,11.275492999999999,1550002951409
20676,99,Gyroscope,0.032711837,0.02786157,-0.12343754,1550002951419
20677,99,Accelerometer,0.5315128,0.63206923,12.066775999999999,1550002951420
20678,99,Gyroscope,-0.08457429,-0.05277264,-0.11610716,1550002951430
20679,99,Accelerometer,0.045489833,1.3790601,10.876859,1550002951430
20680,99,Gyroscope,-0.0137139205,-0.12790906,-0.11916149,1550002951439
20681,99,Accelerometer,1.3599066,1.6101006000000002,8.711303,1550002951440
20682,99,Gyroscope,-0.03509419999999999,-0.06560081,-0.12771359,1550002951449
20683,99,Accelerometer,0.9911995000000001,1.7645266,7.965509,1550002951450
20684,99,Gyroscope,-0.06502659599999999,-0.005125154,-0.11305283,1550002951459
20685,99,Accelerometer,0.051475335,1.3718776000000001,9.595961,1550002951460
20686,99,Gyroscope,0.06997461599999999,-0.061324757,-0.08067697,1550002951469
20687,99,Accelerometer,-0.17717093,1.9788077000000002,11.481394,1550002951469
20688,99,Gyroscope,0.030268377000000003,-0.07476379,-0.07579005,1550002951480
20689,99,Accelerometer,1.6867151000000002,0.6607997,9.372103,1550002951480
20690,99,Gyroscope,0.042485684,-0.07354206,-0.015925256999999998,1550002951489
20691,99,Accelerometer,1.6903063999999999,1.8997990000000002,9.685742999999999,1550002951490
20692,99,Gyroscope,0.07730500400000001,-0.061324757,0.03355483,1550002951499
20693,99,Accelerometer,1.1444284,1.0857705,9.674969,1550002951500
20694,99,Gyroscope,-0.029596416,-0.022840247,0.0024007012,1550002951509
20695,99,Accelerometer,1.8507179,1.4508862,9.344569,1550002951510
20696,99,Gyroscope,-0.027152957000000002,-0.035057552,0.03722002,1550002951519
20697,99,Accelerometer,0.9959879,1.0869676000000001,9.678560000000001,1550002951519
20698,99,Gyroscope,-0.058917947000000005,-0.01856419,-0.0037079514000000003,1550002951529
20699,99,Accelerometer,1.3455413999999999,1.0821792,10.28549,1550002951530
20700,99,Gyroscope,-0.04547891,-0.0057360195,-0.04646852,1550002951540
20701,99,Accelerometer,0.22625206,1.4903905000000002,8.875306,1550002951540
20702,99,Gyroscope,-0.06685919,0.036413684,-0.058685824000000004,1550002951549
20703,99,Accelerometer,-0.34476504,1.0474633,9.807847,1550002951550
20704,99,Gyroscope,-0.032650746,0.018698592,-0.038527273,1550002951559
20705,99,Accelerometer,-0.59855044,1.4568716999999998,9.77792,1550002951560
20706,99,Gyroscope,0.0027794409999999997,0.027250702999999998,-0.058685824000000004,1550002951569
20707,99,Accelerometer,-0.027533319,1.6017209,9.540894,1550002951569
20708,99,Gyroscope,-0.019211708,0.03580282,0.007898489,1550002951579
20709,99,Accelerometer,-0.16639702,1.3096284,9.36492,1550002951579
20710,99,Gyroscope,-0.040591992,0.046187527,0.028667906,1550002951590
20711,99,Accelerometer,0.35793316,1.6472107,10.254366000000001,1550002951590
20712,99,Gyroscope,0.027824916,0.025418106,0.027446175,1550002951599
20713,99,Accelerometer,1.1480197,1.4856021000000001,10.404003,1550002951600
20714,99,Gyroscope,0.012553285,-0.0057360195,0.05126992,1550002951609
20715,99,Accelerometer,1.5179238000000002,1.5502456,10.13705,1550002951610
20716,99,Gyroscope,-0.0039400775,-0.0039034244,0.0726502,1550002951619
20717,99,Accelerometer,1.6077063999999999,1.2066777,9.627085000000001,1550002951620
20718,99,Gyroscope,-0.0076052677,-0.010622941,0.04760473,1550002951629
20719,99,Accelerometer,1.7669207999999998,1.2569559,9.702502,1550002951629
20720,99,Gyroscope,-0.0063835381999999994,-0.01856419,0.035387423,1550002951639
20721,99,Accelerometer,1.5047556999999998,1.2234371000000002,10.028113000000001,1550002951640
20722,99,Gyroscope,-0.0008857511,-0.03139236,0.046993863,1550002951650
20723,99,Accelerometer,0.94331545,1.13964,10.386047,1550002951650
20724,99,Gyroscope,-0.020433438999999998,-0.044831395,0.018894061,1550002951659
20725,99,Accelerometer,0.39504328,1.5430629999999999,9.793482000000001,1550002951660
20726,99,Gyroscope,-0.012492188999999999,-0.055216104,0.027446175,1550002951669
20727,99,Accelerometer,0.34117374,1.1360487,9.92636,1550002951669
20728,99,Gyroscope,0.016218476000000003,-0.05582697,0.030500501,1550002951680
20729,99,Accelerometer,0.035913024,1.1803415000000002,8.9040365,1550002951680
20730,99,Gyroscope,0.006444632,-0.041777067,0.049437325,1550002951689
20731,99,Accelerometer,0.38426940000000004,1.4999673,9.088389,1550002951690
20732,99,Gyroscope,0.008888093,-0.025283707000000002,0.05004819,1550002951699
20733,99,Accelerometer,-0.05267244,1.4700398000000001,9.635465,1550002951700
20734,99,Gyroscope,0.04370741,0.011979073,0.06409809,1550002951709
20735,99,Accelerometer,-0.06584055,1.3180081,9.260772,1550002951709
20736,99,Gyroscope,-0.014324786,0.02114205,0.0726502,1550002951719
20737,99,Accelerometer,0.33039984,1.2282255,10.9426985,1550002951720
20738,99,Gyroscope,-0.068080924,0.007092151999999999,0.03599829,1550002951730
20739,99,Accelerometer,-1.4760253,-0.33159694,10.141838,1550002951730
20740,99,Gyroscope,-0.07785477,0.015033398,0.04088521,1550002951739
20741,99,Accelerometer,0.15801731,2.3942018,12.984952999999999,1550002951740
20742,99,Gyroscope,-0.03387247,-0.093089744,0.07875886,1550002951749
20743,99,Accelerometer,2.60968,0.36272156,8.514978,1550002951750
20744,99,Gyroscope,0.065698564,-0.07659639,0.036609154,1550002951759
20745,99,Accelerometer,0.82121116,2.1535845,7.073669000000001,1550002951759
20746,99,Gyroscope,-0.013103055,0.041911468,0.054324247,1550002951769
20747,99,Accelerometer,-0.80564886,0.023942016,7.6746134999999995,1550002951769
20748,99,Gyroscope,-0.061972275,0.06390262,0.079369724,1550002951780
20749,99,Accelerometer,0.22026655,0.36032736,11.827356,1550002951780
20750,99,Gyroscope,0.10479393599999999,-0.041777067,0.04393954,1550002951789
20751,99,Accelerometer,0.6739678000000001,0.10295067,10.71525,1550002951790
20752,99,Gyroscope,0.0650877,-0.04055534,0.0036224315000000003,1550002951799
20753,99,Accelerometer,0.079008654,-0.19033903,8.540117,1550002951800
20754,99,Gyroscope,-0.027763822999999997,-0.00084909797,0.022559252999999998,1550002951809
20755,99,Accelerometer,1.0690111,-0.7625531999999999,9.214086,1550002951810
20756,99,Gyroscope,0.052259527,-0.020396786,-0.026309965,1550002951819
20757,99,Accelerometer,1.1372458,-0.23223756,10.166978,1550002951819
20758,99,Gyroscope,0.022937994,-0.03750101,-0.12954618,1550002951829
20759,99,Accelerometer,0.7218518,-0.21068975,9.557653,1550002951830
20760,99,Gyroscope,-0.06013968,-0.01978592,-0.14054176,1550002951839
20761,99,Accelerometer,0.89662856,0.2693477,9.153033,1550002951840
20762,99,Gyroscope,-0.039981127000000005,0.0009834989999999999,-0.1820806,1550002951849
20763,99,Accelerometer,-0.17836803,0.4333505,8.813056,1550002951850
20764,99,Gyroscope,-0.06380487,0.02786157,-0.1521482,1550002951859
20765,99,Accelerometer,0.5243302,0.8798690999999998,9.327810000000001,1550002951860
20766,99,Gyroscope,-0.06319401,0.05046358,-0.124048404,1550002951869
20767,99,Accelerometer,1.2808979,1.5251063999999999,10.718841000000001,1550002951869
20768,99,Gyroscope,0.008888093,0.041300602,-0.112441964,1550002951879
20769,99,Accelerometer,0.45370123,1.0881646999999999,9.208099,1550002951880
20770,99,Gyroscope,-0.02165517,0.08345031,-0.10327899,1550002951889
20771,99,Accelerometer,0.6871359,1.6663644,9.405622,1550002951890
20772,99,Gyroscope,-0.056474485,0.08467203400000001,-0.07701178,1550002951899
20773,99,Accelerometer,0.7374141,0.019153614,9.956287,1550002951900
20774,99,Gyroscope,0.043096546,0.05596137,-0.09594861,1550002951909
20775,99,Accelerometer,1.1264718999999999,1.4496891,10.109517,1550002951910
20776,99,Gyroscope,-0.049144104,0.0871155,-0.12343754,1550002951919
20777,99,Accelerometer,1.6699557,1.091756,8.702923,1550002951919
20778,99,Gyroscope,-0.015546517,0.079785116,-0.12954618,1550002951929
20779,99,Accelerometer,1.5574282,1.3263878,10.267534,1550002951929
20780,99,Gyroscope,0.029046647000000002,0.06756781,-0.11732889,1550002951940
20781,99,Accelerometer,1.2940661,0.29328972,9.964667,1550002951940
20782,99,Gyroscope,-0.025931226,0.06634608,-0.11916149,1550002951949
20783,99,Accelerometer,1.6484078000000002,0.90141696,9.537302,1550002951950
20784,99,Gyroscope,-0.006994404,0.0571831,-0.1417635,1550002951959
20785,99,Accelerometer,2.445677,1.1133038,10.163386000000001,1550002951960
20786,99,Gyroscope,-0.021044305,0.053517907999999996,-0.12465927,1550002951969
20787,99,Accelerometer,2.1523874,1.6460136000000003,10.487801,1550002951969
20788,99,Gyroscope,-0.049144104,0.058404832999999996,-0.112441964,1550002951979
20789,99,Accelerometer,1.3934253,1.0546459,9.664195,1550002951979
20790,99,Gyroscope,-0.028374685,0.049241855999999994,-0.13260052,1550002951990
20791,99,Accelerometer,2.0614076,1.7058687,10.508151,1550002951990
20792,99,Gyroscope,-0.0027183462,0.049241855999999994,-0.11305283,1550002951999
20793,99,Accelerometer,2.2828712,0.93134445,8.607155,1550002952000
20794,99,Gyroscope,-0.052809298,0.0852829,-0.09594861,1550002952009
20795,99,Accelerometer,0.8607155000000001,1.7693150000000002,8.532935,1550002952010
20796,99,Gyroscope,-0.038759395,0.09688934,-0.10144639,1550002952019
20797,99,Accelerometer,1.4676456,2.0566192,10.44231,1550002952020
20798,99,Gyroscope,0.0015577096,0.08833723,-0.06540534,1550002952029
20799,99,Accelerometer,1.2497733,1.5801731,10.041282,1550002952029
20800,99,Gyroscope,-0.01737911,0.09261329,-0.042192463,1550002952039
20801,99,Accelerometer,1.0905589,1.8519150000000002,9.108741,1550002952040
20802,99,Gyroscope,-0.005161807,0.13048694,-0.039749,1550002952050
20803,99,Accelerometer,1.1013328000000002,1.2797008,8.746018,1550002952050
20804,99,Gyroscope,-0.037537664,0.15614328,-0.031196889,1550002952059
20805,99,Accelerometer,0.39743748,1.6172832000000001,9.853337,1550002952060
20806,99,Gyroscope,-0.038759395,0.12865433,-0.015314391,1550002952069
20807,99,Accelerometer,0.5291186,0.7769185000000001,10.275913000000001,1550002952070
20808,99,Gyroscope,0.014996746000000002,0.12010222,-0.028753427999999998,1550002952079
20809,99,Accelerometer,0.80325466,0.60573304,10.284293,1550002952079
20810,99,Gyroscope,-0.022266036,0.14514768,-0.029364292,1550002952089
20811,99,Accelerometer,0.93852705,1.3299791,8.945934,1550002952090
20812,99,Gyroscope,-0.06013968,0.15369982,-0.017146988000000002,1550002952100
20813,99,Accelerometer,1.1456255,1.1492168,9.345766000000001,1550002952100
20814,99,Gyroscope,0.010109824,0.11216097,-0.017146988000000002,1550002952109
20815,99,Accelerometer,2.0099323,1.9704279999999998,11.990162,1550002952110
20816,99,Gyroscope,-0.054641888,0.07795252,0.01156368,1550002952119
20817,99,Accelerometer,1.5035586,-0.17477672,11.398794,1550002952120
20818,99,Gyroscope,-0.04425718,0.10055453,0.03844175,1550002952129
20819,99,Accelerometer,1.6364368,1.7357962,11.489774,1550002952129
20820,99,Gyroscope,0.02354886,0.026639838,0.0323331,1550002952139
20821,99,Accelerometer,3.4153287000000003,0.8499416,9.931149000000001,1550002952139
20822,99,Gyroscope,0.035766162000000004,0.016865995,0.0024007012,1550002952150
20823,99,Accelerometer,1.5059528,2.2074540000000002,9.276335000000001,1550002952150
20824,99,Gyroscope,-0.014935651999999999,0.024196379,0.018894061,1550002952159
20825,99,Accelerometer,0.6584055,1.7561468999999996,10.477027,1550002952160
20826,99,Gyroscope,0.09257663,-0.021618515,0.11907596,1550002952169
20827,99,Accelerometer,1.2018893,0.23822308,10.334572,1550002952169
20828,99,Gyroscope,0.11701124,0.010757342,0.07814799,1550002952179
20829,99,Accelerometer,0.59017074,1.127669,9.032125,1550002952179
20830,99,Gyroscope,-0.03387247,0.061459154,0.07998059,1550002952189
20831,99,Accelerometer,0.6847416999999999,1.0821792,9.185355,1550002952190
20832,99,Gyroscope,-0.025931226,0.06512435,0.021948388,1550002952199
20833,99,Accelerometer,0.46088383,0.48362875,10.449492999999999,1550002952200
20834,99,Gyroscope,0.020494534,0.0022052303,-0.038527273,1550002952209
20835,99,Accelerometer,-0.095768064,0.42018240000000007,9.507375,1550002952209
20836,99,Gyroscope,0.06203337,0.008313879,-0.05929669,1550002952219
20837,99,Accelerometer,0.19871874,0.4285621,8.986636,1550002952220
20838,99,Gyroscope,0.024159724,0.053517907999999996,-0.06357274,1550002952229
20839,99,Accelerometer,-0.49559975,0.62249243,9.399636,1550002952230
20840,99,Gyroscope,0.0015577096,0.05473964,-0.014703525,1550002952239
20841,99,Accelerometer,0.37948096,1.0510546,10.648212,1550002952240
20842,99,Gyroscope,0.08402452,0.0028160921999999997,0.0017898360000000002,1550002952249
20843,99,Accelerometer,0.8331822,1.1444284,9.220071,1550002952250
20844,99,Gyroscope,-0.0045509413,0.022974647999999997,0.01034195,1550002952259
20845,99,Accelerometer,1.4161704,2.4744074,10.011353999999999,1550002952259
20846,99,Gyroscope,-0.019822573,0.02786157,0.03844175,1550002952269
20847,99,Accelerometer,2.2613235,1.6496049,9.696517,1550002952270
20848,99,Gyroscope,-0.0076052677,0.03580282,-0.0030970859999999998,1550002952280
20849,99,Accelerometer,1.496376,2.1883004,10.317812,1550002952280
20850,99,Gyroscope,-0.04853324,-0.017953325,-0.008594873000000001,1550002952289
20851,99,Accelerometer,1.7226281000000003,1.1216834999999998,9.715671,1550002952290
20852,99,Gyroscope,-0.0021074805,-0.041166205,-0.021423044,1550002952299
20853,99,Accelerometer,1.7142484,1.2725182,9.76954,1550002952300
20854,99,Gyroscope,-0.016768249,-0.023451112000000003,-0.030586022999999997,1550002952309
20855,99,Accelerometer,1.2593501,1.3706805,9.882067999999999,1550002952309
20856,99,Gyroscope,-0.052809298,-0.025283707000000002,-0.04097073,1550002952319
20857,99,Accelerometer,0.80205756,1.1731589,11.107899,1550002952320
20858,99,Gyroscope,0.01560761,-0.0729312,-0.038527273,1550002952330
20859,99,Accelerometer,1.4640543,0.9852139999999999,10.168175,1550002952330
20860,99,Gyroscope,0.01560761,-0.08942456,-0.039138135,1550002952339
20861,99,Accelerometer,0.89303726,1.2725182,9.235633,1550002952340
20862,99,Gyroscope,-0.022876898,-0.05582697,-0.038527273,1550002952349
20863,99,Accelerometer,0.62847793,1.1707646999999999,9.309854,1550002952350
20864,99,Gyroscope,-0.017989976,-0.036279282999999996,-0.029975157000000002,1550002952359
20865,99,Accelerometer,0.29688102,1.5430629999999999,9.605537,1550002952360
20866,99,Gyroscope,-0.0039400775,-0.03139236,-0.018979583,1550002952369
20867,99,Accelerometer,0.35793316,1.5131354,9.805453,1550002952369
20868,99,Gyroscope,-0.027763822999999997,-0.03139236,-0.023866504,1550002952380
20869,99,Accelerometer,0.076614454,1.5394716999999998,10.344149,1550002952380
20870,99,Gyroscope,-0.020433438999999998,-0.04849659,-0.0037079514000000003,1550002952389
20871,99,Accelerometer,-0.10175357,1.5813701999999998,10.986991999999999,1550002952390
20872,99,Gyroscope,0.030268377000000003,-0.06071389,-0.0018753556,1550002952399
20873,99,Accelerometer,0.90261406,0.8355764000000001,9.202114,1550002952400
20874,99,Gyroscope,0.021105397,-0.005125154,0.0127854105,1550002952409
20875,99,Accelerometer,0.45968673,1.2737153,8.087613000000001,1550002952409
20876,99,Gyroscope,0.006444632,0.018087726000000002,0.024391849,1550002952419
20877,99,Accelerometer,0.36750996,1.1468226000000001,8.443152,1550002952419
20878,99,Gyroscope,0.05164866,0.009535611,0.02561358,1550002952430
20879,99,Accelerometer,0.6931214,1.1863270000000001,9.799467,1550002952430
20880,99,Gyroscope,0.014385881000000001,0.013811666499999998,0.02561358,1550002952439
20881,99,Accelerometer,0.9852139999999999,1.6364368,11.748347,1550002952440
20882,99,Gyroscope,-0.06319401,0.023585513,0.039052617000000005,1550002952449
20883,99,Accelerometer,0.7278373,1.1982979999999999,11.361684,1550002952450
20884,99,Gyroscope,0.019883668,-0.058270432000000004,0.035387423,1550002952459
20885,99,Accelerometer,1.401805,1.6388310000000001,10.149021000000001,1550002952460
20886,99,Gyroscope,0.021716263,-0.039333608,0.009731084000000001,1550002952469
20887,99,Accelerometer,1.5562311000000002,1.9345150000000002,9.3661175,1550002952469
20888,99,Gyroscope,-0.08029823,-0.02222938,0.0017898360000000002,1550002952479
20889,99,Accelerometer,1.5490485,1.4401124,8.781932000000001,1550002952480
20890,99,Gyroscope,0.052870392999999995,-0.055216104,0.02927877,1550002952490
20891,99,Accelerometer,0.688333,0.9888053,10.109517,1550002952490
20892,99,Gyroscope,0.041263953,-0.092478886,0.041496076,1550002952499
20893,99,Accelerometer,0.59735334,1.1216834999999998,11.71842,1550002952500
20894,99,Gyroscope,-0.017989976,-0.092478886,0.031722232999999996,1550002952509
20895,99,Accelerometer,1.6783354,0.6596026,10.241197999999999,1550002952510
20896,99,Gyroscope,-0.03509419999999999,-0.1291308,0.05737857,1550002952519
20897,99,Accelerometer,1.0043676,2.0362685000000003,10.20289,1550002952519
20898,99,Gyroscope,0.029657512999999996,-0.10775051,0.0066767577,1550002952529
20899,99,Accelerometer,1.2629413999999999,-0.008379705999999999,8.689755,1550002952529
20900,99,Gyroscope,-0.0057726726,-0.058881298,-0.012260064499999999,1550002952539
20901,99,Accelerometer,0.56982,1.1312603,9.01776,1550002952540
20902,99,Gyroscope,0.040653087000000004,-0.04422053,0.015839735,1550002952550
20903,99,Accelerometer,-0.13407529999999998,0.80086046,8.694544,1550002952550
20904,99,Gyroscope,0.035766162000000004,-0.021618515,-0.0061514126,1550002952559
20905,99,Accelerometer,0.11731588,1.270124,9.835381,1550002952560
20906,99,Gyroscope,0.041263953,-0.0075686146,0.03966348,1550002952569
20907,99,Accelerometer,-0.06584055,0.6619968,9.986216,1550002952570
20908,99,Gyroscope,0.008277228000000001,0.01625513,0.05737857,1550002952579
20909,99,Accelerometer,0.51475334,1.6962918999999999,9.568427,1550002952579
20910,99,Gyroscope,-0.013103055,0.007092151999999999,0.054935113,1550002952589
20911,99,Accelerometer,1.1180921999999998,1.0151415000000001,9.252393,1550002952589
20912,99,Gyroscope,0.014996746000000002,0.025418106,0.039052617000000005,1550002952599
20913,99,Accelerometer,0.5410896,1.2844891999999999,8.856152999999999,1550002952600
20914,99,Gyroscope,-0.01737911,0.05596137,0.04760473,1550002952609
20915,99,Accelerometer,0.7015011,1.7441759,9.151836,1550002952610
20916,99,Gyroscope,-0.0008857511,0.066956945,0.062265493,1550002952619
20917,99,Accelerometer,0.5518635000000001,1.1935096,11.45027,1550002952620
20918,99,Gyroscope,-0.0021074805,0.03885714,0.07142847,1550002952629
20919,99,Accelerometer,0.62249243,1.1444284,10.696096,1550002952630
20920,99,Gyroscope,-0.02898555,0.019309454,0.070817605,1550002952639
20921,99,Accelerometer,0.5506664000000001,1.0283096,10.110714,1550002952639
20922,99,Gyroscope,-0.0076052677,-0.011844671999999999,0.07142847,1550002952649
20923,99,Accelerometer,1.5777789,0.78410107,9.610325999999999,1550002952649
20924,99,Gyroscope,0.05348126,-0.025894572999999997,0.08425664,1550002952660
20925,99,Accelerometer,1.5957354,1.5035586,8.790312,1550002952660
20926,99,Gyroscope,0.018661937,0.008313879,0.07692626,1550002952669
20927,99,Accelerometer,0.41060558,0.9876082,9.295488,1550002952670
20928,99,Gyroscope,0.010720688999999999,-0.011233807,0.08608924,1550002952679
20929,99,Accelerometer,0.24420857,1.1061212,10.603919,1550002952680
20930,99,Gyroscope,0.042485684,-0.050940047999999995,0.12518463,1550002952689
20931,99,Accelerometer,1.0869676000000001,1.411382,10.279505,1550002952689
20932,99,Gyroscope,0.0632551,-0.043609664000000006,0.1166325,1550002952699
20933,99,Accelerometer,1.0594343000000002,1.8315643,9.568427,1550002952700
20934,99,Gyroscope,0.05042693,0.004648689,0.11174558,1550002952709
20935,99,Accelerometer,0.4321534000000001,1.3371617,9.368511,1550002952710
20936,99,Gyroscope,0.016829342,0.0040378235,0.11235645,1550002952719
20937,99,Accelerometer,0.18674773,1.4879963,10.03769,1550002952720
20938,99,Gyroscope,0.06936375,-0.020396786,0.109912984,1550002952729
20939,99,Accelerometer,0.770933,0.82121116,9.483433,1550002952729
20940,99,Gyroscope,0.03210097,0.0022052303,0.099528275,1550002952739
20941,99,Accelerometer,0.12689269,0.8403648000000001,8.508992999999998,1550002952739
20942,99,Gyroscope,0.008277228000000001,0.06329175,0.07570453,1550002952750
20943,99,Accelerometer,-0.19632454,1.7824832,11.678916000000001,1550002952750
20944,99,Gyroscope,0.029046647000000002,0.074287325,0.087921835,1550002952759
20945,99,Accelerometer,-0.36152446,-0.25737667,11.123461,1550002952760
20946,99,Gyroscope,-0.11756101,0.026028972,0.076315396,1550002952769
20947,99,Accelerometer,-0.44771573,0.5315128,11.443087,1550002952770
20948,99,Gyroscope,-0.01004873,-0.08881369,0.08547837,1550002952779
20949,99,Accelerometer,2.7389667,-0.59974754,8.232463000000001,1550002952780
20950,99,Gyroscope,0.018661937,-0.049718317000000005,0.072039336,1550002952789
20951,99,Accelerometer,0.5446809,1.6579846999999999,8.452729,1550002952789
20952,99,Gyroscope,-0.055252752999999995,0.035191953,0.054324247,1550002952799
20953,99,Accelerometer,-1.1324573999999998,0.16280572,9.818622,1550002952799
20954,99,Gyroscope,-0.05586362,0.013811666499999998,0.05249165,1550002952810
20955,99,Accelerometer,0.49799395,1.8698715,11.47062,1550002952810
20956,99,Gyroscope,0.047983468,-0.05460524,0.05737857,1550002952819
20957,99,Accelerometer,1.0534488000000002,2.1966799999999997,10.284293,1550002952820
20958,99,Gyroscope,-0.0063835381999999994,-0.038722742000000004,0.10013914,1550002952829
20959,99,Accelerometer,-0.48243165,1.0139444,10.059238,1550002952830
20960,99,Gyroscope,0.035766162000000004,-0.016120728,0.0726502,1550002952839
20961,99,Accelerometer,-0.05626374,1.0546459,9.348161,1550002952840
20962,99,Gyroscope,0.029046647000000002,-0.027727167999999996,0.05371338,1550002952849
20963,99,Accelerometer,0.1364695,2.0087352,9.807847,1550002952849
20964,99,Gyroscope,-0.027763822999999997,-0.028948900000000003,0.06531982,1550002952859
20965,99,Accelerometer,-0.17118542,0.48482585,10.480618,1550002952860
20966,99,Gyroscope,-0.027763822999999997,-0.025283707000000002,0.01156368,1550002952870
20967,99,Accelerometer,0.36272156,0.7098808000000001,9.7863,1550002952870
20968,99,Gyroscope,-0.049144104,-0.016120728,0.007287623399999999,1550002952879
20969,99,Accelerometer,0.7577648,0.8643068000000002,9.65821,1550002952880
20970,99,Gyroscope,-0.02409863,-0.024061977999999998,-0.018979583,1550002952889
20971,99,Accelerometer,1.0630256,0.32920274,9.933542999999998,1550002952890
20972,99,Gyroscope,0.011942419,-0.028948900000000003,-0.04280333,1550002952899
20973,99,Accelerometer,0.94451255,1.1168951,9.533711,1550002952900
20974,99,Gyroscope,-0.05708535,0.006481286,-0.048301116,1550002952909
20975,99,Accelerometer,1.2006921999999998,0.581791,8.858546,1550002952909
20976,99,Gyroscope,0.0021685753,-0.00817948,-0.033640347,1550002952919
20977,99,Accelerometer,1.0594343000000002,0.65242,10.052056,1550002952920
20978,99,Gyroscope,0.006444632,-0.004514288,-0.029975157000000002,1550002952930
20979,99,Accelerometer,1.3611037,0.89782566,9.314642,1550002952930
20980,99,Gyroscope,-0.014935651999999999,-0.00023823230999999999,-0.011038333999999999,1550002952939
20981,99,Accelerometer,0.8367735000000001,1.2593501,8.924387,1550002952940
20982,99,Gyroscope,0.010109824,0.018087726000000002,-0.02203391,1550002952949
20983,99,Accelerometer,0.82240826,1.0893618,9.306262,1550002952950
20984,99,Gyroscope,-0.025931226,0.023585513,-0.031196889,1550002952959
20985,99,Accelerometer,0.62728083,1.5286977,9.463082,1550002952959
20986,99,Gyroscope,-0.014935651999999999,0.01625513,-0.030586022999999997,1550002952969
20987,99,Accelerometer,0.59136784,1.9883845000000002,10.028113000000001,1550002952970
20988,99,Gyroscope,0.0009468458599999999,0.018087726000000002,-0.038527273,1550002952980
20989,99,Accelerometer,1.1121067,1.8818424999999999,9.952697,1550002952980
20990,99,Gyroscope,-0.010659594,0.014422532,0.006065893,1550002952989
20991,99,Accelerometer,1.2066777,1.5610195,9.643844999999999,1550002952990
20992,99,Gyroscope,0.01560761,0.011979073,0.02927877,1550002952999
20993,99,Accelerometer,1.3204023,1.9201498,9.994595,1550002953000
20994,99,Gyroscope,0.03210097,0.035191953,0.0109528145,1550002953009
20995,99,Accelerometer,1.9081788,1.4305356000000002,9.582792,1550002953010
20996,99,Gyroscope,-0.026542092000000003,0.030915894,0.0323331,1550002953019
20997,99,Accelerometer,1.3108255,1.5658079,10.3214035,1550002953019
20998,99,Gyroscope,-0.011881325,0.0058704205,0.0323331,1550002953029
20999,99,Accelerometer,2.2948422,0.6727706999999999,9.8437605,1550002953030
21000,99,Gyroscope,-0.021044305,-0.0057360195,-0.0018753556,1550002953039
21001,99,Accelerometer,1.5083469999999999,1.1348516000000002,9.266758,1550002953040
21002,99,Gyroscope,-0.018600842,-0.028338033999999998,0.0036224315000000003,1550002953049
21003,99,Accelerometer,1.5430629999999999,0.6739678000000001,8.784326,1550002953050
21004,99,Gyroscope,0.026603185,-0.008790346,-0.007984008,1550002953059
21005,99,Accelerometer,1.1575965,1.258153,8.700529,1550002953060
21006,99,Gyroscope,0.026603185,0.025418106,0.026224446000000002,1550002953069
21007,99,Accelerometer,0.92057055,0.9552864999999999,9.682152,1550002953069
21008,99,Gyroscope,0.031490106000000004,0.04435493,-0.000653625,1550002953079
21009,99,Accelerometer,0.33279404,0.4441244000000001,9.363723,1550002953079
21010,99,Gyroscope,0.048594332999999997,0.07917425,0.007898489,1550002953090
21011,99,Accelerometer,0.9816226999999998,1.7357962,11.501745,1550002953090
21012,99,Gyroscope,0.0070554977,0.09566761,0.0109528145,1550002953100
21013,99,Accelerometer,0.3878607,0.5363011999999999,10.892421,1550002953100
21014,99,Gyroscope,-0.05708535,0.06756781,0.0024007012,1550002953109
21015,99,Accelerometer,0.6344634,2.44448,11.426328,1550002953110
21016,99,Gyroscope,0.020494534,-0.025283707000000002,0.05737857,1550002953119
21017,99,Accelerometer,3.132813,0.9935937,8.786719999999999,1550002953120
21018,99,Gyroscope,0.0058337674,0.016865995,0.04760473,1550002953129
21019,99,Accelerometer,1.9476831000000001,2.112883,9.220071,1550002953129
21020,99,Gyroscope,-0.076633036,0.046798393,0.064708956,1550002953139
21021,99,Accelerometer,1.412579,1.1563994,10.13705,1550002953140
21022,99,Gyroscope,0.006444632,0.023585513,0.09341962,1550002953149
21023,99,Accelerometer,2.5354595,1.3204023,10.429143,1550002953150
21024,99,Gyroscope,-0.033261612,0.026028972,0.06654155,1550002953159
21025,99,Accelerometer,0.7086836999999999,0.41299978,8.811859,1550002953160
21026,99,Gyroscope,-0.06624833,0.04557666,0.013396275,1550002953169
21027,99,Accelerometer,0.24660277,0.48123455,9.6845455,1550002953170
21028,99,Gyroscope,0.0033903066,0.039468005,0.06043289599999999,1550002953179
21029,99,Accelerometer,2.4875755,0.8295909,9.651027000000001,1550002953180
21030,99,Gyroscope,-0.016157383,0.06451348,0.0005681054,1550002953189
21031,99,Accelerometer,0.5374983,1.5358804,9.776722999999999,1550002953189
21032,99,Gyroscope,-0.06136141,0.05596137,-0.0140926605,1550002953199
21033,99,Accelerometer,-0.16759412,0.6631939,10.588357,1550002953200
21034,99,Gyroscope,0.010109824,0.03824628,0.01156368,1550002953209
21035,99,Accelerometer,0.45370123,0.7074866,10.538078,1550002953210
21036,99,Gyroscope,0.04615087,-0.005125154,0.015839735,1550002953219
21037,99,Accelerometer,0.60214174,1.4628572,9.412804,1550002953220
21038,99,Gyroscope,0.028435782000000003,0.008313879,0.06837415,1550002953229
21039,99,Accelerometer,1.5490485,0.91578215,9.081207000000001,1550002953230
21040,99,Gyroscope,0.01560761,0.016865995,0.04577213,1550002953239
21041,99,Accelerometer,0.34596214,1.2138603000000001,10.518925,1550002953240
21042,99,Gyroscope,0.08463538400000001,0.01992032,0.037830885,1550002953249
21043,99,Accelerometer,1.2593501,0.94810385,9.852139999999999,1550002953250
21044,99,Gyroscope,0.010720688999999999,0.018698592,0.075093664,1550002953259
21045,99,Accelerometer,1.7405846,0.8798690999999998,9.788692999999999,1550002953260
21046,99,Gyroscope,-0.032650746,-0.020396786,0.048215594,1550002953269
21047,99,Accelerometer,1.0067618,0.79128367,9.706094,1550002953269
21048,99,Gyroscope,0.040653087000000004,-0.0075686146,0.015839735,1550002953279
21049,99,Accelerometer,1.5490485,1.4449007999999999,9.616311,1550002953280
21050,99,Gyroscope,-0.09434813,-0.008790346,0.020115793,1550002953289
21051,99,Accelerometer,1.6723499,1.2737153,9.876082,1550002953290
21052,99,Gyroscope,0.02721405,-0.050940047999999995,0.048215594,1550002953299
21053,99,Accelerometer,0.7278373,0.7577648,10.674548,1550002953300
21054,99,Gyroscope,0.027824916,-0.044831395,0.02805704,1550002953309
21055,99,Accelerometer,1.2054806,1.3120226000000001,8.348581,1550002953310
21056,99,Gyroscope,-0.060750544000000004,0.006481286,0.035387423,1550002953319
21057,99,Accelerometer,1.3239936,1.5406688,8.058883,1550002953319
21058,99,Gyroscope,-0.0057726726,0.012589939,0.05371338,1550002953329
21059,99,Accelerometer,0.3172317,1.2294226000000001,11.018116000000001,1550002953330
21060,99,Gyroscope,0.029046647000000002,-0.008790346,0.053102515999999995,1550002953339
21061,99,Accelerometer,0.59615624,0.7266402,10.084377,1550002953339
21062,99,Gyroscope,-0.07480045,0.025418106,0.029889636,1550002953350
21063,99,Accelerometer,0.81283146,1.1192893,9.698911,1550002953350
21064,99,Gyroscope,-0.016768249,0.015644263000000002,0.013396275,1550002953359
21065,99,Accelerometer,0.24540567,0.91099375,10.200497,1550002953359
21066,99,Gyroscope,-0.0039400775,-0.010012077,0.007898489,1550002953370
21067,99,Accelerometer,0.38067806,1.42455,10.101137,1550002953370
21068,99,Gyroscope,-0.012492188999999999,-0.012455538,0.007898489,1550002953379
21069,99,Accelerometer,1.0271125,0.8319851,9.119514,1550002953380
21070,99,Gyroscope,0.047372602,0.0015943646,0.030500501,1550002953389
21071,99,Accelerometer,0.30526072,2.5558102000000003,10.435128,1550002953390
21072,99,Gyroscope,-0.006994404,0.10788492,0.053102515999999995,1550002953399
21073,99,Accelerometer,1.0654198000000001,1.3443443000000002,9.174581,1550002953400
21074,99,Gyroscope,-0.06013968,0.11949136,0.07570453,1550002953409
21075,99,Accelerometer,-0.82121116,0.36152446,9.773131,1550002953409
21076,99,Gyroscope,-0.055252752999999995,-0.07781812,0.061654627000000004,1550002953420
21077,99,Accelerometer,0.20949265,1.7525556,13.387178,1550002953420
21078,99,Gyroscope,0.08402452,-0.09797667,-0.0030970859999999998,1550002953429
21079,99,Accelerometer,3.5434184,0.22744916,8.560468,1550002953430
21080,99,Gyroscope,-0.07541131,0.011368208000000001,0.06959588,1550002953439
21081,99,Accelerometer,-0.1604115,1.4700398000000001,7.6351094,1550002953440
21082,99,Gyroscope,-0.04547891,-0.004514288,0.06348722400000001,1550002953449
21083,99,Accelerometer,0.12689269,0.4333505,10.262746,1550002953450
21084,99,Gyroscope,0.09502009,-0.050940047999999995,0.043328673,1550002953459
21085,99,Accelerometer,1.6292541999999999,1.0462662,10.692505,1550002953460
21086,99,Gyroscope,-0.03387247,-0.039333608,0.045161266,1550002953469
21087,99,Accelerometer,0.92895025,1.5586253,10.305841000000001,1550002953470
21088,99,Gyroscope,0.044318277,-0.029559765,0.046993863,1550002953479
21089,99,Accelerometer,0.7302314999999999,1.4173675,9.503783,1550002953480
21090,99,Gyroscope,0.008888093,-0.030781494,0.07692626,1550002953489
21091,99,Accelerometer,1.8112136000000003,0.6799533,9.633071000000001,1550002953489
21092,99,Gyroscope,-0.040591992,-0.039333608,0.019504927,1550002953500
21093,99,Accelerometer,1.0378863999999999,1.9644424999999999,9.604341,1550002953500
21094,99,Gyroscope,0.010109824,-0.063768215,0.007287623399999999,1550002953509
21095,99,Accelerometer,0.51954174,0.5542577,9.482236,1550002953510
21096,99,Gyroscope,-0.019822573,-0.08942456,0.006065893,1550002953519
21097,99,Accelerometer,0.6811504,0.38187516,9.846153999999999,1550002953519
21098,99,Gyroscope,0.0058337674,-0.08026158,0.035387423,1550002953530
21099,99,Accelerometer,0.7793127,0.7733272,9.964667,1550002953530
21100,99,Gyroscope,0.020494534,-0.1150809,0.034776557,1550002953539
21101,99,Accelerometer,0.8858546,0.9947908000000001,8.953117,1550002953540
21102,99,Gyroscope,0.010109824,-0.08331591,0.03966348,1550002953549
21103,99,Accelerometer,0.5650316,0.8607155000000001,8.513782,1550002953549
21104,99,Gyroscope,0.0033903066,-0.036279282999999996,0.025002714,1550002953560
21105,99,Accelerometer,0.051475335,1.1707646999999999,8.827422,1550002953560
21106,99,Gyroscope,-0.017989976,-0.02222938,0.04760473,1550002953569
21107,99,Accelerometer,0.4405331,0.7577648,8.856152999999999,1550002953570
21108,99,Gyroscope,-0.058917947000000005,-0.015509863999999998,0.027446175,1550002953579
21109,99,Accelerometer,-0.21068975,0.94570965,9.001000999999999,1550002953579
21110,99,Gyroscope,0.031490106000000004,-0.005125154,0.0048441626,1550002953589
21111,99,Accelerometer,0.34715924,1.4185646,9.937134,1550002953590
21112,99,Gyroscope,-0.01737911,-0.017953325,0.042717807000000003,1550002953599
21113,99,Accelerometer,0.35314476,1.246182,9.8198185,1550002953599
21114,99,Gyroscope,0.0070554977,0.01625513,0.022559252999999998,1550002953610
21115,99,Accelerometer,0.21428105,1.4700398000000001,10.951078,1550002953610
21116,99,Gyroscope,0.018051071000000002,0.0009834989999999999,0.046993863,1550002953619
21117,99,Accelerometer,0.80325466,1.1827357,9.727641,1550002953620
21118,99,Gyroscope,-0.016768249,0.010146476,0.043328673,1550002953629
21119,99,Accelerometer,0.6488286999999999,1.3742718,9.792285000000001,1550002953630
21120,99,Gyroscope,-0.043035455,0.013811666499999998,0.03966348,1550002953639
21121,99,Accelerometer,0.23223756,0.36631286,9.901221000000001,1550002953640
21122,99,Gyroscope,-0.0369268,0.029083297,0.018283198,1550002953649
21123,99,Accelerometer,0.18674773,1.1647792,10.20289,1550002953650
21124,99,Gyroscope,0.018051071000000002,0.0040378235,0.024391849,1550002953659
21125,99,Accelerometer,0.8343792999999999,0.37349546,8.767567,1550002953660
21126,99,Gyroscope,-0.035705067,0.01747686,-0.0067622773,1550002953669
21127,99,Accelerometer,-0.20829555,0.46806642,9.060856,1550002953670
21128,99,Gyroscope,-0.010659594,0.02786157,0.0054550273,1550002953679
21129,99,Accelerometer,0.22744916,1.163582,10.432734,1550002953680
21130,99,Gyroscope,0.0492052,0.0015943646,0.03416569,1550002953689
21131,99,Accelerometer,1.0977415000000001,0.90740246,9.587581,1550002953690
21132,99,Gyroscope,0.05348126,-0.016120728,0.024391849,1550002953699
21133,99,Accelerometer,0.49799395,1.1001357,8.48984,1550002953700
21134,99,Gyroscope,-0.029596416,0.019309454,0.026835311,1550002953709
21135,99,Accelerometer,-0.90261406,1.4089876000000001,9.560047,1550002953710
21136,99,Gyroscope,-0.06258314,0.06451348,0.07326107,1550002953719
21137,99,Accelerometer,0.7529764,1.7106571,13.462596,1550002953720
21138,99,Gyroscope,-0.0039400775,-0.055216104,0.106858656,1550002953729
21139,99,Accelerometer,1.9309237000000001,0.05267244,9.832987,1550002953730
21140,99,Gyroscope,0.07974846,-0.05277264,0.07998059,1550002953739
21141,99,Accelerometer,-0.090979666,2.0254946,8.797494,1550002953740
21142,99,Gyroscope,-0.050365835,-0.0032925587,0.076315396,1550002953749
21143,99,Accelerometer,1.1001357,0.7457938000000001,8.483853,1550002953750
21144,99,Gyroscope,0.032711837,-0.019175055,0.07142847,1550002953759
21145,99,Accelerometer,1.4401124,1.3479356000000002,10.313024,1550002953760
21146,99,Gyroscope,-0.0021074805,-0.028338033999999998,0.08425664,1550002953769
21147,99,Accelerometer,0.02633622,0.688333,10.33098,1550002953770
21148,99,Gyroscope,-0.018600842,-0.071098596,0.056156844000000004,1550002953779
21149,99,Accelerometer,-0.2669535,1.1192893,10.68652,1550002953780
21150,99,Gyroscope,0.01560761,-0.051550914,0.0323331,1550002953789
21151,99,Accelerometer,1.009156,-0.016759411999999998,9.399636,1550002953789
21152,99,Gyroscope,-0.011881325,-0.0032925587,0.05921117,1550002953799
21153,99,Accelerometer,0.13766660000000003,0.12569559,8.514978,1550002953800
21154,99,Gyroscope,-0.033261612,0.0058704205,0.015228872,1550002953809
21155,99,Accelerometer,-0.50517654,1.3563153000000001,8.831013,1550002953810
21156,99,Gyroscope,-0.032650746,0.0009834989999999999,0.0036224315000000003,1550002953819
21157,99,Accelerometer,-0.62129533,1.3012487,10.109517,1550002953819
21158,99,Gyroscope,-0.06136141,0.0022052303,0.0054550273,1550002953830
21159,99,Accelerometer,-0.044292733,0.016759411999999998,11.142614,1550002953830
21160,99,Gyroscope,0.008888093,-0.021618515,0.01156368,1550002953839
21161,99,Accelerometer,0.21787235,0.6703765,10.073604,1550002953840
21162,99,Gyroscope,-0.035705067,-0.02100765,-0.034251212999999996,1550002953849
21163,99,Accelerometer,1.7070657999999999,1.532289,9.7084875,1550002953849
21164,99,Gyroscope,-0.0021074805,-0.026505437000000003,-0.031807754,1550002953859
21165,99,Accelerometer,1.7034745,1.3874398000000001,9.3421755,1550002953860
21166,99,Gyroscope,0.0009468458599999999,-0.016120728,0.017672332,1550002953869
21167,99,Accelerometer,1.1252748,1.7405846,9.507375,1550002953870
21168,99,Gyroscope,-0.025931226,0.0015943646,0.0030115664,1550002953879
21169,99,Accelerometer,1.3383588,1.0079589,9.872491,1550002953879
21170,99,Gyroscope,0.049816065,0.0009834989999999999,0.025002714,1550002953889
21171,99,Accelerometer,1.2545617,0.7781156,10.667366000000001,1550002953890
21172,99,Gyroscope,0.016829342,-0.01978592,0.03599829,1550002953899
21173,99,Accelerometer,0.59974754,1.1563994,9.661800999999999,1550002953900
21174,99,Gyroscope,-0.060750544000000004,0.010757342,0.01034195,1550002953909
21175,99,Accelerometer,0.7721300999999999,1.3814543,10.058042,1550002953909
21176,99,Gyroscope,0.012553285,0.0040378235,-0.007984008,1550002953920
21177,99,Accelerometer,1.1863270000000001,0.7529764,9.252393,1550002953920
21178,99,Gyroscope,0.0113315545,0.014422532,0.018283198,1550002953929
21179,99,Accelerometer,-0.10534488,1.2880806,8.723274,1550002953930
21180,99,Gyroscope,-0.056474485,0.022363782000000002,-0.013481795,1550002953939
21181,99,Accelerometer,1.0809821000000002,1.34195,10.2735195,1550002953939
21182,99,Gyroscope,0.04004222,0.008313879,-0.014703525,1550002953950
21183,99,Accelerometer,0.11971009,1.0319009,9.692925,1550002953950
21184,99,Gyroscope,-0.009437865,0.036413684,0.0048441626,1550002953959
21185,99,Accelerometer,-0.12210429,0.8762778,9.628283,1550002953960
21186,99,Gyroscope,-0.02532036,0.033359356,0.0011789708,1550002953969
21187,99,Accelerometer,1.2916718999999999,0.92895025,9.788692999999999,1550002953969
21188,99,Gyroscope,0.04187482,0.03580282,-0.009205738,1550002953979
21189,99,Accelerometer,0.93254155,1.1073183000000002,9.434352,1550002953980
21190,99,Gyroscope,-0.023487763,0.056572236,-0.027531696,1550002953989
21191,99,Accelerometer,0.5638345,0.91099375,9.961076,1550002953990
21192,99,Gyroscope,-0.01737911,0.022974647999999997,-0.0067622773,1550002953999
21193,99,Accelerometer,1.352724,1.1791444,10.678139999999999,1550002953999
21194,99,Gyroscope,0.03393357,-0.008790346,0.017061466,1550002954009
21195,99,Accelerometer,2.1739352000000003,1.1827357,10.3214035,1550002954010
21196,99,Gyroscope,-0.0137139205,-0.005125154,0.023780985,1550002954019
21197,99,Accelerometer,1.8926164,0.9756372,8.890868,1550002954020
21198,99,Gyroscope,0.017440207,0.00037263334000000003,0.027446175,1550002954029
21199,99,Accelerometer,2.3199813,1.389834,9.445126,1550002954030
21200,99,Gyroscope,-0.011881325,-0.00817948,0.032943964,1550002954039
21201,99,Accelerometer,0.8750806999999999,0.50158525,8.7951,1550002954040
21202,99,Gyroscope,-0.07418958,0.03274849,0.043328673,1550002954049
21203,99,Accelerometer,1.2114661,2.018312,12.435483999999999,1550002954050
21204,99,Gyroscope,-0.029596416,-0.038722742000000004,0.056156844000000004,1550002954059
21205,99,Accelerometer,2.8550856,0.10055647,9.901221000000001,1550002954060
21206,99,Gyroscope,0.027824916,-0.02222938,-0.010427468,1550002954069
21207,99,Accelerometer,0.89902276,1.9021933000000002,8.65863,1550002954069
21208,99,Gyroscope,-0.10045678,0.02786157,0.014007141,1550002954080
21209,99,Accelerometer,0.6703765,-0.038307227,8.956709,1550002954080
21210,99,Gyroscope,-0.047922373,-0.009401211500000001,0.013396275,1550002954089
21211,99,Accelerometer,0.8619126,1.0594343000000002,10.898406,1550002954090
21212,99,Gyroscope,0.033322702999999995,-0.02100765,-0.004929682,1550002954099
21213,99,Accelerometer,0.94211835,1.1468226000000001,9.568427,1550002954099
21214,99,Gyroscope,-0.10900889,0.049241855999999994,-0.0067622773,1550002954109
21215,99,Accelerometer,0.8415619000000001,0.8870517,9.544485,1550002954110
21216,99,Gyroscope,-0.07968736400000001,0.035191953,-0.017146988000000002,1550002954119
21217,99,Accelerometer,-0.15682021,0.8571242,10.78947,1550002954120
21218,99,Gyroscope,0.0058337674,0.030305027999999998,-0.04463592,1550002954129
21219,99,Accelerometer,0.42257659999999997,-0.48482585,10.34774,1550002954129
21220,99,Gyroscope,-0.023487763,0.01747686,-0.030586022999999997,1550002954139
21221,99,Accelerometer,1.3587095,0.9612719999999999,9.949105,1550002954140
21222,99,Gyroscope,-0.020433438999999998,0.013811666499999998,0.0048441626,1550002954149
21223,99,Accelerometer,1.8770541,1.7657237000000001,9.866506,1550002954150
21224,99,Gyroscope,-0.020433438999999998,0.027250702999999998,-0.039749,1550002954159
21225,99,Accelerometer,0.78769237,1.2090718999999999,9.947908,1550002954160
21226,99,Gyroscope,0.044929143,0.03824628,-0.03608381,1550002954169
21227,99,Accelerometer,0.7314286,1.1264718999999999,10.335769,1550002954170
21228,99,Gyroscope,0.04187482,-0.00084909797,-0.007373143,1550002954179
21229,99,Accelerometer,1.1444284,1.3730746999999999,9.263166,1550002954180
21230,99,Gyroscope,0.06386597,-0.0075686146,-0.007373143,1550002954189
21231,99,Accelerometer,0.39025488,1.1540052,8.868122999999999,1550002954189
21232,99,Gyroscope,0.01316415,0.0022052303,-0.010427468,1550002954200
21233,99,Accelerometer,1.1540052,1.7788918999999999,9.791088,1550002954200
21234,99,Gyroscope,0.014996746000000002,0.011979073,-0.011038333999999999,1550002954209
21235,99,Accelerometer,1.2449848999999997,2.2840683,10.079589,1550002954210
21236,99,Gyroscope,0.0070554977,0.0034269579,0.019504927,1550002954219
21237,99,Accelerometer,0.9995792,0.7134720999999999,10.348937,1550002954219
21238,99,Gyroscope,0.055313855,0.013811666499999998,0.0109528145,1550002954230
21239,99,Accelerometer,0.6931214,1.4377182,9.208099,1550002954230
21240,99,Gyroscope,-0.019822573,0.021752916,-0.0012644903,1550002954239
21241,99,Accelerometer,1.316811,1.8926164,8.574833,1550002954240
21242,99,Gyroscope,-0.017989976,0.030915894,0.012174546000000001,1550002954249
21243,99,Accelerometer,0.688333,1.5957354,9.683349,1550002954249
21244,99,Gyroscope,0.0058337674,0.006481286,0.026835311,1550002954260
21245,99,Accelerometer,0.5734113000000001,1.2797008,10.496181,1550002954260
21246,99,Gyroscope,-0.01004873,-0.011233807,0.012174546000000001,1550002954269
21247,99,Accelerometer,1.2976573999999998,1.3850456,10.43872,1550002954270
21248,99,Gyroscope,-0.02898555,-0.0075686146,0.032943964,1550002954279
21249,99,Accelerometer,1.1121067,1.0079589,9.946711,1550002954279
21250,99,Gyroscope,-0.02165517,-0.024672844,0.02561358,1550002954290
21251,99,Accelerometer,0.7098808000000001,1.1599906999999998,10.563217999999999,1550002954290
21252,99,Gyroscope,-0.005161807,-0.025894572999999997,0.014618006999999999,1550002954299
21253,99,Accelerometer,1.0749966,0.32680854,8.911219000000001,1550002954300
21254,99,Gyroscope,-0.043035455,-0.023451112000000003,-0.0067622773,1550002954309
21255,99,Accelerometer,0.46686932,1.6759412,9.196128999999999,1550002954309
21256,99,Gyroscope,-0.0369268,0.010146476,-0.01287093,1550002954319
21257,99,Accelerometer,0.89662856,1.0175357,10.192117,1550002954320
21258,99,Gyroscope,0.044929143,-0.026505437000000003,0.017672332,1550002954329
21259,99,Accelerometer,0.17477672,1.2018893,9.315839,1550002954330
21260,99,Gyroscope,-0.012492188999999999,-0.00084909797,-0.007373143,1550002954339
21261,99,Accelerometer,0.35434186,1.6531962,9.23683,1550002954340
21262,99,Gyroscope,-0.00027488545,0.06878954,0.015228872,1550002954349
21263,99,Accelerometer,1.0283096,0.62249243,8.725667999999999,1550002954350
21264,99,Gyroscope,0.047983468,0.08222858,0.030500501,1550002954359
21265,99,Accelerometer,-0.7661445,1.780089,9.141062,1550002954360
21266,99,Gyroscope,-0.08885034,-0.00023823230999999999,0.014618006999999999,1550002954369
21267,99,Accelerometer,1.0319009,1.8100165000000001,11.583148,1550002954370
21268,99,Gyroscope,0.014385881000000001,0.00037263334000000003,0.0042332970000000004,1550002954379
21269,99,Accelerometer,2.4384943999999997,0.93014735,9.755175,1550002954380
21270,99,Gyroscope,-0.0045509413,0.025418106,0.044550404,1550002954390
21271,99,Accelerometer,-0.16280572,1.7980455000000002,9.916783,1550002954390
21272,99,Gyroscope,-0.032650746,0.04435493,0.012174546000000001,1550002954399
21273,99,Accelerometer,1.4077905000000002,1.4700398000000001,10.42196,1550002954400
21274,99,Gyroscope,0.05042693,0.0028160921999999997,0.044550404,1550002954409
21275,99,Accelerometer,1.42455,1.1935096,10.315418,1550002954409
21276,99,Gyroscope,-0.01737911,-0.010622941,0.056156844000000004,1550002954420
21277,99,Accelerometer,1.1240777,1.4975731,10.092757,1550002954420
21278,99,Gyroscope,-0.0008857511,-0.039944474,0.059822034,1550002954429
21279,99,Accelerometer,0.7757214,0.8283938,10.303447,1550002954430
21280,99,Gyroscope,0.047372602,-0.050940047999999995,0.10624779,1550002954439
21281,99,Accelerometer,2.4265234,0.36032736,10.395624,1550002954439
21282,99,Gyroscope,0.06447683,-0.039333608,0.0885327,1550002954450
21283,99,Accelerometer,0.997185,1.365892,9.595961,1550002954450
21284,99,Gyroscope,0.018051071000000002,-0.05216177599999999,0.045161266,1550002954459
21285,99,Accelerometer,0.1436521,1.5705963,10.680533,1550002954460
21286,99,Gyroscope,0.018051071000000002,-0.0729312,0.082424045,1550002954469
21287,99,Accelerometer,1.4377182,0.8451531999999999,10.084377,1550002954469
21288,99,Gyroscope,0.02721405,-0.079650715,0.0903653,1550002954479
21289,99,Accelerometer,0.7433996,1.7753005000000002,9.92636,1550002954480
21290,99,Gyroscope,0.0021685753,-0.053994372,0.036609154,1550002954489
21291,99,Accelerometer,0.44532153,0.7398083000000001,8.916007,1550002954490
21292,99,Gyroscope,0.0033903066,-0.028338033999999998,0.050659052999999996,1550002954499
21293,99,Accelerometer,0.33518824,1.2665327,10.404003,1550002954500
21294,99,Gyroscope,0.010720688999999999,-0.028338033999999998,0.044550404,1550002954509
21295,99,Accelerometer,-0.2813187,0.9528923,10.120291,1550002954510
21296,99,Gyroscope,0.02721405,-0.028948900000000003,0.03416569,1550002954519
21297,99,Accelerometer,0.29448682,0.81163436,9.305064999999999,1550002954519
21298,99,Gyroscope,-0.00027488545,-0.00023823230999999999,0.056767705999999994,1550002954529
21299,99,Accelerometer,0.5793968,1.5526398000000001,9.595961,1550002954530
21300,99,Gyroscope,-0.037537664,0.0040378235,0.07142847,1550002954539
21301,99,Accelerometer,0.8343792999999999,1.2054806,9.434352,1550002954540
21302,99,Gyroscope,0.0033903066,-0.023451112000000003,0.056156844000000004,1550002954549
21303,99,Accelerometer,0.8439561,0.89423436,8.832211000000001,1550002954549
21304,99,Gyroscope,-0.012492188999999999,-0.00084909797,0.039052617000000005,1550002954560
21305,99,Accelerometer,0.35913026,1.745373,9.8437605,1550002954560
21306,99,Gyroscope,0.0070554977,0.024807245,0.054935113,1550002954569
21307,99,Accelerometer,0.79367787,1.0151415000000001,10.43872,1550002954570
21308,99,Gyroscope,0.0052229017,-0.00023823230999999999,0.064708956,1550002954579
21309,99,Accelerometer,1.0103531,1.2521674999999999,9.882067999999999,1550002954579
21310,99,Gyroscope,0.0040011713,-0.01856419,0.05737857,1550002954589
21311,99,Accelerometer,0.7086836999999999,0.9923966000000001,9.852139999999999,1550002954590
21312,99,Gyroscope,-0.0008857511,-0.010012077,0.059822034,1550002954599
21313,99,Accelerometer,0.58298814,0.79367787,9.849746000000001,1550002954600
21314,99,Gyroscope,-0.01127046,0.0034269579,0.056156844000000004,1550002954609
21315,99,Accelerometer,0.36032736,0.93254155,10.255563,1550002954610
21316,99,Gyroscope,-0.006994404,-0.026505437000000003,0.04210694,1550002954619
21317,99,Accelerometer,0.94930094,0.8295909,9.494206,1550002954620
21318,99,Gyroscope,0.04187482,-0.026505437000000003,0.02805704,1550002954630
21319,99,Accelerometer,0.2741361,1.614889,9.324219,1550002954630
21320,99,Gyroscope,-0.009437865,0.011979073,0.053102515999999995,1550002954639
21321,99,Accelerometer,-0.033518825,0.59855044,9.563639,1550002954640
21322,99,Gyroscope,0.0033903066,0.028472435,0.06043289599999999,1550002954649
21323,99,Accelerometer,0.5363011999999999,1.0809821000000002,10.899602999999999,1550002954649
21324,99,Gyroscope,-0.0039400775,0.05901569999999999,0.049437325,1550002954660
21325,99,Accelerometer,-0.9995792,0.8846575000000001,10.350133999999999,1550002954660
21326,99,Gyroscope,-0.09740246,-0.08942456,0.05126992,1550002954669
21327,99,Accelerometer,0.50757074,2.0745756999999996,12.34211,1550002954670
21328,99,Gyroscope,0.073028944,-0.120578684,0.029889636,1550002954679
21329,99,Accelerometer,2.823961,0.35434186,8.185775999999999,1550002954679
21330,99,Gyroscope,-0.021044305,0.0022052303,0.059822034,1550002954690
21331,99,Accelerometer,0.31124622,1.8806453999999997,7.653065700000001,1550002954690
21332,99,Gyroscope,-0.044868045,0.030305027999999998,0.07570453,1550002954699
21333,99,Accelerometer,-0.34596214,0.28491,9.3661175,1550002954700
21334,99,Gyroscope,0.08524625,-0.043609664000000006,0.053102515999999995,1550002954709
21335,99,Accelerometer,1.2593501,1.0881646999999999,11.777078999999999,1550002954709
21336,99,Gyroscope,0.027824916,-0.07354206,0.07387193,1550002954720
21337,99,Accelerometer,1.0869676000000001,1.2473791,9.773131,1550002954720
21338,99,Gyroscope,-0.012492188999999999,-0.014898999,0.06409809,1550002954729
21339,99,Accelerometer,1.1683705,1.4305356000000002,9.156625,1550002954730
21340,99,Gyroscope,0.05470299,0.014422532,0.07326107,1550002954739
21341,99,Accelerometer,0.272939,0.9876082,9.993398,1550002954739
21342,99,Gyroscope,0.030268377000000003,0.008313879,0.075093664,1550002954750
21343,99,Accelerometer,0.58777654,0.47524905,9.574411999999999,1550002954750
21344,99,Gyroscope,-0.022876898,-0.025283707000000002,0.06043289599999999,1550002954759
21345,99,Accelerometer,1.3826513999999999,0.5279215,10.304644999999999,1550002954760
21346,99,Gyroscope,-0.005161807,-0.036890145,0.034776557,1550002954769
21347,99,Accelerometer,1.0606314,1.0606314,9.890448,1550002954769
21348,99,Gyroscope,-0.022266036,-0.035057552,0.034776557,1550002954780
21349,99,Accelerometer,0.035913024,1.1659763,8.959103,1550002954780
21350,99,Gyroscope,-0.026542092000000003,-0.028338033999999998,0.025002714,1550002954789
21351,99,Accelerometer,0.5231331,-0.11851298,9.751583,1550002954789
21352,99,Gyroscope,0.04615087,-0.050329182,0.04210694,1550002954800
21353,99,Accelerometer,0.5315128,0.7565677,9.951499,1550002954800
21354,99,Gyroscope,-0.030818147999999997,-0.01978592,0.04577213,1550002954809
21355,99,Accelerometer,0.6919243,0.8810662,8.857349000000001,1550002954810
21356,99,Gyroscope,-0.014324786,-0.008790346,0.018894061,1550002954819
21357,99,Accelerometer,0.47644615,0.80924016,9.0716305,1550002954819
21358,99,Gyroscope,0.028435782000000003,0.008924745,0.0011789708,1550002954830
21359,99,Accelerometer,0.45370123,0.6572084,9.593566000000001,1550002954830
21360,99,Gyroscope,-0.05586362,0.04435493,-0.0012644903,1550002954839
21361,99,Accelerometer,-0.017956512,1.067814,9.065644,1550002954840
21362,99,Gyroscope,-0.006994404,0.046798393,-0.021423044,1550002954849
21363,99,Accelerometer,0.23223756,0.9983820999999999,10.066421499999999,1550002954849
21364,99,Gyroscope,0.0070554977,0.04435493,-0.010427468,1550002954859
21365,99,Accelerometer,0.4321534000000001,1.2330139,8.556877,1550002954860
21366,99,Gyroscope,-0.022266036,0.0571831,-0.008594873000000001,1550002954870
21367,99,Accelerometer,0.5734113000000001,1.4999673,9.611523,1550002954870
21368,99,Gyroscope,0.0027794409999999997,0.06390262,0.0011789708,1550002954879
21369,99,Accelerometer,0.8331822,2.0602105,10.599131,1550002954880
21370,99,Gyroscope,0.012553285,0.07917425,0.025002714,1550002954889
21371,99,Accelerometer,0.89782566,1.1779473,10.641029,1550002954890
21372,99,Gyroscope,-0.054641888,0.05901569999999999,0.030500501,1550002954900
21373,99,Accelerometer,1.2342110000000002,1.1085154,10.736797,1550002954900
21374,99,Gyroscope,0.030879242,-0.00023823230999999999,0.029889636,1550002954909
21375,99,Accelerometer,1.5526398000000001,1.1815386,9.398438,1550002954909
21376,99,Gyroscope,0.017440207,-0.006346885,0.03416569,1550002954920
21377,99,Accelerometer,1.520318,1.1779473,8.754398,1550002954920
21378,99,Gyroscope,-0.027152957000000002,-0.0026816929999999998,0.054935113,1550002954929
21379,99,Accelerometer,1.6639702,0.50397944,9.064447,1550002954930
21380,99,Gyroscope,0.0076663624,0.0040378235,0.02561358,1550002954939
21381,99,Accelerometer,0.88944596,0.5494693,9.457097000000001,1550002954940
21382,99,Gyroscope,0.0076663624,0.010146476,0.028667906,1550002954949
21383,99,Accelerometer,0.7326256999999999,0.6943185000000001,9.719261999999999,1550002954949
21384,99,Gyroscope,0.04004222,0.02786157,0.018283198,1550002954959
21385,99,Accelerometer,0.47524905,0.4441244000000001,9.7084875,1550002954960
21386,99,Gyroscope,0.036377028,0.04007887,0.022559252999999998,1550002954970
21387,99,Accelerometer,0.16400282,1.0654198000000001,9.576807,1550002954970
21388,99,Gyroscope,0.01560761,0.04740926,0.032943964,1550002954979
21389,99,Accelerometer,0.3172317,0.12330139,8.455123,1550002954980
21390,99,Gyroscope,-0.026542092000000003,0.06634608,0.03355483,1550002954989
21391,99,Accelerometer,-0.6607997,1.9057846,10.899602999999999,1550002954990
21392,99,Gyroscope,-0.052809298,0.09566761,0.06959588,1550002954999
21393,99,Accelerometer,1.0953473,1.1420341999999999,12.812571,1550002954999
21394,99,Gyroscope,-0.03937026,-0.021618515,0.058600303,1550002955010
21395,99,Accelerometer,1.5717934,0.6919243,9.740809,1550002955010
21396,99,Gyroscope,0.061422504,-0.014288133,0.0054550273,1550002955019
21397,99,Accelerometer,1.3479356000000002,2.409764,8.921992,1550002955020
21398,99,Gyroscope,-0.07174612,0.018087726000000002,0.06715242,1550002955029
21399,99,Accelerometer,1.496376,0.94092125,9.26197,1550002955030
21400,99,Gyroscope,-0.03937026,-0.010012077,0.080591455,1550002955039
21401,99,Accelerometer,1.5598223999999998,1.2797008,12.185289,1550002955039
21402,99,Gyroscope,0.07241808,-0.09186802,0.042717807000000003,1550002955049
21403,99,Accelerometer,1.9668366999999998,0.06703765,10.298658,1550002955050
21404,99,Gyroscope,0.008277228000000001,-0.09614408,0.053102515999999995,1550002955060
21405,99,Accelerometer,1.5526398000000001,0.7505821999999999,7.9607205,1550002955060
21406,99,Gyroscope,-0.046089776,-0.04544226,0.054324247,1550002955069
21407,99,Accelerometer,0.58298814,1.0319009,8.851364,1550002955070
21408,99,Gyroscope,-0.039981127000000005,-0.016731594,0.04210694,1550002955079
21409,99,Accelerometer,0.51235914,0.0023942017,9.414000999999999,1550002955080
21410,99,Gyroscope,-0.050365835,0.004648689,-0.03730554,1550002955089
21411,99,Accelerometer,-0.20829555,1.3275848999999997,9.591172,1550002955089
21412,99,Gyroscope,-0.0021074805,-0.012455538,-0.029364292,1550002955100
21413,99,Accelerometer,-0.46088383,1.5574282,9.921572,1550002955100
21414,99,Gyroscope,0.004612036,-0.0032925587,-4.2759813000000006e-05,1550002955109
21415,99,Accelerometer,0.12330139,0.8846575000000001,10.00896,1550002955110
21416,99,Gyroscope,0.0076663624,0.024196379,0.017672332,1550002955119
21417,99,Accelerometer,0.9576806999999999,1.2354081000000001,9.139864999999999,1550002955119
21418,99,Gyroscope,0.013775015,0.03824628,0.05737857,1550002955129
21419,99,Accelerometer,0.05626374,1.5275006000000002,8.961497,1550002955130
21420,99,Gyroscope,-0.03509419999999999,0.053517907999999996,0.0127854105,1550002955140
21421,99,Accelerometer,0.59256494,1.0259154000000001,9.659407,1550002955140
21422,99,Gyroscope,-0.011881325,0.057793967,0.017061466,1550002955149
21423,99,Accelerometer,0.6452374,1.5167267,10.332177,1550002955150
21424,99,Gyroscope,-0.0033292117999999997,0.06756781,0.05554598,1550002955159
21425,99,Accelerometer,-0.08020575,0.93732995,10.014946,1550002955159
21426,99,Gyroscope,0.032711837,0.08100685,0.03416569,1550002955169
21427,99,Accelerometer,0.42257659999999997,1.0570401000000003,10.298658,1550002955169
21428,99,Gyroscope,-0.046089776,0.068178676,0.057989437000000005,1550002955180
21429,99,Accelerometer,0.7769185000000001,1.3060371000000002,10.398017999999999,1550002955180
21430,99,Gyroscope,-0.04975497,0.026028972,0.0885327,1550002955189
21431,99,Accelerometer,0.034715924,0.9983820999999999,10.290278,1550002955190
21432,99,Gyroscope,0.020494534,0.0034269579,0.027446175,1550002955199
21433,99,Accelerometer,1.1587936,1.3694833999999998,10.382456,1550002955200
21434,99,Gyroscope,0.01560761,-0.00023823230999999999,0.028667906,1550002955209
21435,99,Accelerometer,1.3575124,1.1994951,9.295488,1550002955209
21436,99,Gyroscope,0.025381455,-0.006346885,0.08914357,1550002955219
21437,99,Accelerometer,0.023942016,1.1312603,9.685742999999999,1550002955220
21438,99,Gyroscope,0.065698564,-0.006346885,0.08181318,1550002955229
21439,99,Accelerometer,0.533907,0.5734113000000001,10.028113000000001,1550002955230
21440,99,Gyroscope,0.035155296,-0.03261409,0.05921117,1550002955239
21441,99,Accelerometer,0.80205756,0.8319851,9.562441999999999,1550002955240
21442,99,Gyroscope,0.019883668,-0.013066402,0.058600303,1550002955249
21443,99,Accelerometer,-0.06943185,0.5374983,9.876082,1550002955249
21444,99,Gyroscope,0.0492052,-0.0026816929999999998,0.029889636,1550002955259
21445,99,Accelerometer,-0.49679685,0.5363011999999999,9.050082000000002,1550002955259
21446,99,Gyroscope,-0.013103055,0.023585513,0.007898489,1550002955270
21447,99,Accelerometer,-0.40102878,0.748188,8.956709,1550002955270
21448,99,Gyroscope,-0.0008857511,0.018698592,0.009120219,1550002955279
21449,99,Accelerometer,-0.2621651,0.9852139999999999,9.745598,1550002955280
21450,99,Gyroscope,-0.0039400775,0.030305027999999998,0.008509354,1550002955289
21451,99,Accelerometer,-0.35314476,1.1552023,9.818622,1550002955290
21452,99,Gyroscope,-0.03937026,0.04740926,0.017061466,1550002955299
21453,99,Accelerometer,-0.46447513,1.1731589,9.428367,1550002955299
21454,99,Gyroscope,-0.014935651999999999,0.04557666,0.015228872,1550002955309
21455,99,Accelerometer,-0.06943185,1.6065093000000001,10.509348,1550002955310
21456,99,Gyroscope,0.0009468458599999999,0.009535611,0.025002714,1550002955319
21457,99,Accelerometer,1.0989386,0.59017074,8.9124155,1550002955320
21458,99,Gyroscope,0.008277228000000001,-0.01856419,0.03966348,1550002955329
21459,99,Accelerometer,0.82599956,2.0973208,10.728417,1550002955330
21460,99,Gyroscope,0.0033903066,-0.028948900000000003,0.03599829,1550002955339
21461,99,Accelerometer,0.7302314999999999,-0.06344634,11.228806,1550002955339
21462,99,Gyroscope,-0.04853324,0.01625513,-0.029364292,1550002955349
21463,99,Accelerometer,-0.9959879,0.9864110999999999,12.569559,1550002955349
21464,99,Gyroscope,-0.029596416,-0.07598552,0.0005681054,1550002955360
21465,99,Accelerometer,1.7166426,-0.010773907,10.235211999999999,1550002955360
21466,99,Gyroscope,0.085857116,-0.08331591,-0.05257717,1550002955369
21467,99,Accelerometer,-0.12090719,1.365892,8.562861999999999,1550002955370
21468,99,Gyroscope,-0.060750544000000004,-0.017953325,-0.05013371,1550002955379
21469,99,Accelerometer,-0.5494693,0.9816226999999998,8.926781,1550002955380
21470,99,Gyroscope,-0.034483336,-0.027116302000000002,-0.02325564,1550002955389
21471,99,Accelerometer,0.04309563,0.39025488,11.304223,1550002955389
21472,99,Gyroscope,0.07180721,-0.06254649,-0.05013371,1550002955399
21473,99,Accelerometer,-0.36631286,0.8858546,9.704897,1550002955400
21474,99,Gyroscope,-0.024709495,-0.042387932999999996,-0.055631495999999996,1550002955409
21475,99,Accelerometer,-0.4189853,0.89184016,8.866926,1550002955410
21476,99,Gyroscope,-0.032650746,-0.00023823230999999999,-0.062351014,1550002955419
21477,99,Accelerometer,-0.8846575000000001,0.9636662,10.053253,1550002955420
21478,99,Gyroscope,-0.0063835381999999994,0.033359356,-0.08861822,1550002955429
21479,99,Accelerometer,-0.43933599999999995,0.6572084,9.252393,1550002955429
21480,99,Gyroscope,-0.07113525,0.049241855999999994,-0.11855062,1550002955439
21481,99,Accelerometer,-0.8738836,1.4173675,10.651803,1550002955440
21482,99,Gyroscope,-0.025931226,0.041300602,-0.15275906,1550002955449
21483,99,Accelerometer,-0.31483752,0.6811504,9.836577,1550002955450
21484,99,Gyroscope,-0.037537664,0.022363782000000002,-0.125881,1550002955459
21485,99,Accelerometer,-0.34596214,0.59495914,10.346542,1550002955460
21486,99,Gyroscope,-0.015546517,0.013811666499999998,-0.12160494,1550002955469
21487,99,Accelerometer,0.81761986,-0.20590134,10.3453455,1550002955470
21488,99,Gyroscope,0.0076663624,-0.0014599635999999999,-0.11916149,1550002955479
21489,99,Accelerometer,1.3024458,1.7262194,9.947908,1550002955479
21490,99,Gyroscope,-0.027763822999999997,-0.024672844,-0.09411601,1550002955490
21491,99,Accelerometer,2.0302830000000003,0.08140286,9.42238,1550002955490
21492,99,Gyroscope,-0.041813724,-0.04055534,-0.124048404,1550002955499
21493,99,Accelerometer,1.3503298000000001,0.6751649000000001,10.59554,1550002955500
21494,99,Gyroscope,0.0040011713,-0.06743341,-0.12649186,1550002955509
21495,99,Accelerometer,1.5286977,0.25139117,9.750386,1550002955510
21496,99,Gyroscope,-0.008826999,-0.07537466,-0.11427456,1550002955519
21497,99,Accelerometer,1.8076223000000002,0.80445176,9.308656,1550002955519
21498,99,Gyroscope,-0.03203988,-0.0729312,-0.106333315,1550002955529
21499,99,Accelerometer,1.6196774,0.90500826,9.987411999999999,1550002955530
21500,99,Gyroscope,-0.012492188999999999,-0.082705036,-0.13198964,1550002955539
21501,99,Accelerometer,1.5490485,0.38426940000000004,9.370906,1550002955540
21502,99,Gyroscope,-0.015546517,-0.07170947,-0.14726128,1550002955549
21503,99,Accelerometer,0.8415619000000001,0.91219085,9.593566000000001,1550002955550
21504,99,Gyroscope,-0.03387247,-0.049718317000000005,-0.15886772,1550002955559
21505,99,Accelerometer,0.22146365,0.7697359,9.829395,1550002955559
21506,99,Gyroscope,0.01316415,-0.05216177599999999,-0.15764599,1550002955570
21507,99,Accelerometer,0.011971008,1.2773066000000002,9.518148,1550002955570
21508,99,Gyroscope,-0.01127046,-0.0075686146,-0.13565484,1550002955579
21509,99,Accelerometer,-0.031124622,1.3587095,9.240421000000001,1550002955580
21510,99,Gyroscope,-0.029596416,-0.0026816929999999998,-0.10450072,1550002955589
21511,99,Accelerometer,-0.15203181,1.3311761999999998,9.580399,1550002955589
21512,99,Gyroscope,-0.0063835381999999994,0.00037263334000000003,-0.11122023,1550002955599
21513,99,Accelerometer,0.34237084,1.7693150000000002,10.108319,1550002955599
21514,99,Gyroscope,-0.0008857511,0.010146476,-0.10694418,1550002955610
21515,99,Accelerometer,0.6847416999999999,1.0354922,9.791088,1550002955610
21516,99,Gyroscope,-0.016768249,-0.0014599635999999999,-0.09961379,1550002955619
21517,99,Accelerometer,0.6440403,1.4173675,10.080786999999999,1550002955620
21518,99,Gyroscope,-0.008826999,-0.014898999,-0.11060937,1550002955629
21519,99,Accelerometer,1.5622166000000002,0.94930094,10.303447,1550002955630
21520,99,Gyroscope,0.00033598019999999995,-0.029559765,-0.09594861,1550002955639
21521,99,Accelerometer,1.436521,0.9504981,10.510546000000001,1550002955639
21522,99,Gyroscope,0.004612036,-0.05277264,-0.0837313,1550002955649
21523,99,Accelerometer,1.4101848999999997,1.0115502,10.893618,1550002955650
21524,99,Gyroscope,0.016218476000000003,-0.082705036,-0.09106168,1550002955659
21525,99,Accelerometer,1.6184803,0.7242460000000001,10.342952,1550002955660
21526,99,Gyroscope,-0.011881325,-0.101031,-0.09167255,1550002955669
21527,99,Accelerometer,1.5957354,0.80804306,9.689333999999999,1550002955670
21528,99,Gyroscope,-0.022876898,-0.09797667,-0.09961379,1550002955679
21529,99,Accelerometer,1.2785037000000001,0.6727706999999999,9.959878999999999,1550002955679
21530,99,Gyroscope,0.0021685753,-0.11080484,-0.12893532,1550002955689
21531,99,Accelerometer,1.1013328000000002,0.641646,9.331401,1550002955690
21532,99,Gyroscope,-0.013103055,-0.082705036,-0.14359608,1550002955699
21533,99,Accelerometer,0.45010993,0.5662286999999999,9.299078999999999,1550002955700
21534,99,Gyroscope,-0.043646313,-0.058270432000000004,-0.14298522,1550002955709
21535,99,Accelerometer,-0.12210429,0.61650693,10.103531,1550002955710
21536,99,Gyroscope,-0.008826999,-0.057048699999999994,-0.1661981,1550002955719
21537,99,Accelerometer,0.16879122,0.51595044,9.627085000000001,1550002955719
21538,99,Gyroscope,-0.043035455,-0.030170628999999997,-0.1820806,1550002955729
21539,99,Accelerometer,-0.19153613,1.0295067,9.179369,1550002955729
21540,99,Gyroscope,-0.039981127000000005,-0.01978592,-0.17475021,1550002955740
21541,99,Accelerometer,-0.46088383,0.736217,9.396044999999999,1550002955740
21542,99,Gyroscope,0.0076663624,0.014422532,-0.16680896,1550002955749
21543,99,Accelerometer,0.035913024,0.842759,9.039309,1550002955750
21544,99,Gyroscope,-0.04670064,0.03580282,-0.16925243,1550002955759
21545,99,Accelerometer,-0.15562311,2.2098482,10.212467,1550002955760
21546,99,Gyroscope,-0.058917947000000005,0.021752916,-0.14970474,1550002955769
21547,99,Accelerometer,0.4165911,0.9768343,11.103110000000001,1550002955769
21548,99,Gyroscope,-0.022266036,-0.06010303,-0.10999849999999999,1550002955780
21549,99,Accelerometer,1.697489,1.1947067,9.455899,1550002955780
21550,99,Gyroscope,0.008277228000000001,-0.06743341,-0.11916149,1550002955789
21551,99,Accelerometer,1.246182,1.4736311000000002,8.881291000000001,1550002955790
21552,99,Gyroscope,0.0009468458599999999,-0.013066402,-0.074568324,1550002955799
21553,99,Accelerometer,0.93493575,1.3156139,9.487024,1550002955800
21554,99,Gyroscope,0.0015577096,-0.029559765,-0.06479447,1550002955809
21555,99,Accelerometer,1.4580688,1.1109096,10.066421499999999,1550002955809
21556,99,Gyroscope,-0.0045509413,-0.04849659,-0.07395746,1550002955819
21557,99,Accelerometer,0.8631097,0.5434838000000001,9.551667,1550002955820
21558,99,Gyroscope,-0.014935651999999999,-0.036279282999999996,-0.08800735,1550002955830
21559,99,Accelerometer,0.32920274,0.5770026,9.215282,1550002955830
21560,99,Gyroscope,-0.020433438999999998,-0.005125154,-0.094726875,1550002955839
21561,99,Accelerometer,0.47285482,0.6931214,10.023325,1550002955840
21562,99,Gyroscope,-0.026542092000000003,-0.00084909797,-0.11183110000000002,1550002955849
21563,99,Accelerometer,-0.095768064,0.8559271,9.995792,1550002955850
21564,99,Gyroscope,0.004612036,-0.0032925587,-0.13565484,1550002955859
21565,99,Accelerometer,-0.130484,1.8171991000000003,9.653421,1550002955859
21566,99,Gyroscope,-0.02532036,-0.0032925587,-0.0678488,1550002955869
21567,99,Accelerometer,0.581791,1.1121067,9.180567,1550002955870
21568,99,Gyroscope,0.0015577096,0.009535611,-0.08800735,1550002955879
21569,99,Accelerometer,0.059855044,1.3814543,9.678560000000001,1550002955880
21570,99,Gyroscope,0.006444632,0.026028972,-0.077622645,1550002955889
21571,99,Accelerometer,0.61171854,1.8614918000000003,9.640253,1550002955890
21572,99,Gyroscope,-0.041813724,0.029083297,-0.040359866,1550002955899
21573,99,Accelerometer,1.3323733,1.2880806,9.7958765,1550002955900
21574,99,Gyroscope,-0.0137139205,0.007092151999999999,-0.06662707,1550002955909
21575,99,Accelerometer,0.6560113000000001,1.1420341999999999,10.473435,1550002955909
21576,99,Gyroscope,-0.0063835381999999994,-0.008790346,-0.07823351,1550002955920
21577,99,Accelerometer,0.8355764000000001,0.6715736,10.016143,1550002955920
21578,99,Gyroscope,-0.011881325,-0.020396786,-0.07273573,1550002955929
21579,99,Accelerometer,1.4437037,0.8750806999999999,10.09994,1550002955930
21580,99,Gyroscope,0.011942419,-0.035057552,-0.067237936,1550002955939
21581,99,Accelerometer,1.0881646999999999,1.1587936,9.970653,1550002955940
21582,99,Gyroscope,-0.0008857511,-0.04422053,-0.089229085,1550002955949
21583,99,Accelerometer,0.088585466,1.0151415000000001,9.502586,1550002955949
21584,99,Gyroscope,0.01316415,-0.041777067,-0.061129287000000004,1550002955959
21585,99,Accelerometer,0.7218518,1.3742718,9.876082,1550002955960
21586,99,Gyroscope,0.035766162000000004,-0.015509863999999998,-0.04646852,1550002955969
21587,99,Accelerometer,0.21188685,1.6663644,9.959878999999999,1550002955970
21588,99,Gyroscope,0.0021685753,-0.012455538,-0.029364292,1550002955979
21589,99,Accelerometer,-0.05267244,1.8255788,9.707291,1550002955980
21590,99,Gyroscope,0.0027794409999999997,-0.030781494,-0.007373143,1550002955989
21591,99,Accelerometer,0.06464344,1.8076223000000002,9.721656,1550002955989
21592,99,Gyroscope,0.018051071000000002,-0.014898999,0.008509354,1550002956000
21593,99,Accelerometer,-0.0023942017,1.4616601,9.743203999999999,1550002956000
21594,99,Gyroscope,0.0033903066,-0.00817948,0.01156368,1550002956009
21595,99,Accelerometer,0.39504328,1.2318168,9.774328,1550002956010
21596,99,Gyroscope,0.0113315545,-0.013066402,0.020115793,1550002956019
21597,99,Accelerometer,0.7625531999999999,0.92296475,10.236409,1550002956019
21598,99,Gyroscope,0.014385881000000001,-0.025894572999999997,0.007287623399999999,1550002956029
21599,99,Accelerometer,0.5805939,0.23822308,9.885659,1550002956029
21600,99,Gyroscope,-0.012492188999999999,-0.028338033999999998,-0.022644775,1550002956040
21601,99,Accelerometer,0.712275,-0.07182605,9.882067999999999,1550002956040
21602,99,Gyroscope,-0.013103055,-0.023451112000000003,-0.06357274,1550002956049
21603,99,Accelerometer,0.8547299999999999,-0.4189853,10.313024,1550002956050
21604,99,Gyroscope,-0.0063835381999999994,-0.036890145,-0.10083552400000001,1550002956059
21605,99,Accelerometer,0.49559975,-0.33039984,9.901221000000001,1550002956060
21606,99,Gyroscope,-0.02532036,-0.033224955,-0.14603955,1550002956069
21607,99,Accelerometer,0.51834464,0.074220255,9.540894,1550002956069
21608,99,Gyroscope,-0.04670064,-0.022840247,-0.16680896,1550002956080
21609,99,Accelerometer,-0.0047884034,0.074220255,9.481038999999999,1550002956080
21610,99,Gyroscope,-0.02532036,-0.015509863999999998,-0.18269145,1550002956089
21611,99,Accelerometer,-0.37588966,0.23582886,9.673772,1550002956090
21612,99,Gyroscope,-0.016768249,-0.0014599635999999999,-0.19307616,1550002956099
21613,99,Accelerometer,-0.19512744,0.62967503,9.882067999999999,1550002956100
21614,99,Gyroscope,-0.018600842,0.006481286,-0.18574579,1550002956109
21615,99,Accelerometer,-0.24301147,0.5410896,10.026916499999999,1550002956109
21616,99,Gyroscope,-0.011881325,0.0022052303,-0.19674136,1550002956119
21617,99,Accelerometer,0.23104046,0.641646,9.850943,1550002956120
21618,99,Gyroscope,-0.02532036,0.013811666499999998,-0.20346089,1550002956129
21619,99,Accelerometer,0.63087213,0.7757214,9.660604,1550002956130
21620,99,Gyroscope,-0.01737911,0.006481286,-0.2083478,1550002956139
21621,99,Accelerometer,0.60812724,0.82599956,10.16578,1550002956140
21622,99,Gyroscope,0.0009468458599999999,-0.014898999,-0.2046826,1550002956149
21623,99,Accelerometer,1.055843,0.51235914,10.019734,1550002956150
21624,99,Gyroscope,-0.013103055,-0.020396786,-0.19002184,1550002956159
21625,99,Accelerometer,1.0019734,0.700304,9.627085000000001,1550002956159
21626,99,Gyroscope,-0.008826999,-0.024061977999999998,-0.19979570000000002,1550002956170
21627,99,Accelerometer,1.1707646999999999,0.9684546,10.120291,1550002956170
21628,99,Gyroscope,0.01316415,-0.026505437000000003,-0.19551963,1550002956180
21629,99,Accelerometer,1.2401965,0.8631097,9.692925,1550002956180
21630,99,Gyroscope,-0.014935651999999999,-0.01978592,-0.1961305,1550002956189
21631,99,Accelerometer,0.8834603999999999,0.81163436,9.502586,1550002956190
21632,99,Gyroscope,0.0094989585,-0.02100765,-0.20223916,1550002956199
21633,99,Accelerometer,0.81881696,0.50637364,10.024523,1550002956199
21634,99,Gyroscope,-0.0027183462,-0.016731594,-0.20285001,1550002956210
21635,99,Accelerometer,0.65242,0.33758244,10.018537,1550002956210
21636,99,Gyroscope,-0.032650746,-0.019175055,-0.21018040000000002,1550002956219
21637,99,Accelerometer,0.5446809,0.46926352,10.014946,1550002956219
21638,99,Gyroscope,-0.008216133,-0.03750101,-0.24988663,1550002956229
21639,99,Accelerometer,0.7038953,0.062249242999999996,9.569624000000001,1550002956229
21640,99,Gyroscope,-0.016157383,-0.038111877,-0.2651583,1550002956240
21641,99,Accelerometer,0.40102878,0.59376204,10.168175,1550002956240
21642,99,Gyroscope,-0.041202857999999995,-0.038111877,-0.29692328,1550002956249
21643,99,Accelerometer,0.7793127,-0.22266077,10.407595,1550002956250
21644,99,Gyroscope,-0.030207282000000002,-0.047885723,-0.32257962,1550002956259
21645,99,Accelerometer,0.15322891,-0.02873042,9.909601,1550002956260
21646,99,Gyroscope,-0.06013968,-0.053383507000000004,-0.3354078,1550002956269
21647,99,Accelerometer,0.79128367,0.4381389,10.969035,1550002956270
21648,99,Gyroscope,-0.035705067,-0.101031,-0.3262448,1550002956279
21649,99,Accelerometer,1.5394716999999998,-0.037110128,9.488221000000001,1550002956279
21650,99,Gyroscope,-0.035705067,-0.10042013,-0.34823596,1550002956289
21651,99,Accelerometer,1.3706805,0.45370123,8.335413,1550002956290
21652,99,Gyroscope,-0.050365835,-0.057659565999999995,-0.36656192,1550002956299
21653,99,Accelerometer,0.7074866,1.0067618,9.258378,1550002956300
21654,99,Gyroscope,-0.02532036,-0.047885723,-0.3543446,1550002956309
21655,99,Accelerometer,0.78529817,1.4293385,10.114305499999999,1550002956310
21656,99,Gyroscope,-0.0137139205,-0.06315735,-0.30608624,1550002956319
21657,99,Accelerometer,1.3000516000000002,0.7326256999999999,9.65821,1550002956320
21658,99,Gyroscope,-0.034483336,-0.066822544,-0.32074702,1550002956329
21659,99,Accelerometer,1.0749966,1.0857705,9.217675999999999,1550002956330
21660,99,Gyroscope,-0.026542092000000003,-0.046663992,-0.3262448,1550002956339
21661,99,Accelerometer,0.9660603999999999,1.685518,9.200917,1550002956340
21662,99,Gyroscope,-0.04242459,-0.036890145,-0.3121949,1550002956350
21663,99,Accelerometer,0.94570965,1.3395559,9.01776,1550002956350
21664,99,Gyroscope,-0.041202857999999995,-0.025283707000000002,-0.31341663,1550002956359
21665,99,Accelerometer,0.676362,1.484405,9.787497,1550002956360
21666,99,Gyroscope,-0.010659594,-0.014898999,-0.3091406,1550002956369
21667,99,Accelerometer,0.93014735,1.2306197,9.217675999999999,1550002956370
21668,99,Gyroscope,-0.02898555,0.0022052303,-0.28837118,1550002956379
21669,99,Accelerometer,0.9588778,1.5801731,9.647436,1550002956379
21670,99,Gyroscope,-0.044868045,0.012589939,-0.27065608,1550002956389
21671,99,Accelerometer,0.16759412,1.0690111,10.244789,1550002956389
21672,99,Gyroscope,-0.03937026,0.022974647999999997,-0.25171924,1550002956400
21673,99,Accelerometer,1.0941502,1.2689268999999999,10.758346000000001,1550002956400
21674,99,Gyroscope,-0.040591992,-0.0039034244,-0.23339328,1550002956409
21675,99,Accelerometer,1.2354081000000001,1.0570401000000003,10.183736999999999,1550002956410
21676,99,Gyroscope,-0.01004873,0.0028160921999999997,-0.25966048,1550002956419
21677,99,Accelerometer,1.1073183000000002,0.32202014,10.140641,1550002956420
21678,99,Gyroscope,-0.06380487,0.0058704205,-0.27065608,1550002956429
21679,99,Accelerometer,1.0319009,0.51595044,10.676943,1550002956429
21680,99,Gyroscope,-0.054641888,-0.012455538,-0.27004522,1550002956439
21681,99,Accelerometer,1.2126632,-0.027533319,10.564414999999999,1550002956440
21682,99,Gyroscope,-0.035705067,-0.042387932999999996,-0.29692328,1550002956449
21683,99,Accelerometer,0.93014735,-0.17956513,10.212467,1550002956450
21684,99,Gyroscope,-0.005161807,-0.033224955,-0.3036428,1550002956459
21685,99,Accelerometer,0.7565677,0.39145198,9.90601,1550002956460
21686,99,Gyroscope,-0.027763822999999997,-0.038111877,-0.29386896,1550002956469
21687,99,Accelerometer,0.61530983,0.06584055,9.633071000000001,1550002956470
21688,99,Gyroscope,-0.017989976,-0.04055534,-0.29509068,1550002956479
21689,99,Accelerometer,0.91219085,0.076614454,9.82341,1550002956479
21690,99,Gyroscope,0.008888093,-0.041166205,-0.32135788,1550002956489
21691,99,Accelerometer,0.688333,0.39264908,9.520543,1550002956490
21692,99,Gyroscope,-0.01127046,-0.029559765,-0.32868826,1550002956499
21693,99,Accelerometer,0.21906945,0.60812724,9.397242,1550002956500
21694,99,Gyroscope,-0.006994404,-0.034446687000000004,-0.33235347,1550002956509
21695,99,Accelerometer,0.5650316,0.6823475,10.005369,1550002956510
21696,99,Gyroscope,-0.008826999,-0.034446687000000004,-0.33235347,1550002956519
21697,99,Accelerometer,0.7637503000000001,0.60094464,9.557653,1550002956520
21698,99,Gyroscope,-0.034483336,-0.01734246,-0.34884682,1550002956529
21699,99,Accelerometer,0.7577648,0.6703765,9.358934,1550002956529
21700,99,Gyroscope,-0.016768249,-0.016731594,-0.36839452,1550002956539
21701,99,Accelerometer,0.59017074,0.5422866999999999,9.5492735,1550002956540
21702,99,Gyroscope,-0.030207282000000002,-0.014288133,-0.3812227,1550002956550
21703,99,Accelerometer,0.4321534000000001,0.81283146,9.774328,1550002956550
21704,99,Gyroscope,-0.050365835,-0.006346885,-0.39466172,1550002956559
21705,99,Accelerometer,0.62009823,0.842759,9.706094,1550002956560
21706,99,Gyroscope,-0.04975497,-0.0032925587,-0.39771605,1550002956569
21707,99,Accelerometer,0.4369418,1.0953473,9.892841,1550002956570
21708,99,Gyroscope,-0.029596416,0.00037263334000000003,-0.4074899,1550002956579
21709,99,Accelerometer,0.5398925,1.5777789,9.695319999999999,1550002956580
21710,99,Gyroscope,-0.041202857999999995,-0.005125154,-0.38855305,1550002956589
21711,99,Accelerometer,0.4357447,1.5358804,9.927557,1550002956589
21712,99,Gyroscope,-0.027152957000000002,-0.016731594,-0.35678807,1550002956600
21713,99,Accelerometer,0.5793968,1.5502456,10.121488000000001,1550002956600
21714,99,Gyroscope,-0.012492188999999999,-0.022840247,-0.34090558,1550002956609
21715,99,Accelerometer,0.7721300999999999,1.4413095,9.873688000000001,1550002956610
21716,99,Gyroscope,-0.030207282000000002,-0.016731594,-0.32380134,1550002956619
21717,99,Accelerometer,0.5530606,1.3874398000000001,9.623494,1550002956620
21718,99,Gyroscope,-0.025931226,-0.022840247,-0.31158406,1550002956629
21719,99,Accelerometer,0.25378537,1.401805,9.933542999999998,1550002956630
21720,99,Gyroscope,-0.013103055,-0.023451112000000003,-0.30058846,1550002956639
21721,99,Accelerometer,0.2825158,1.3012487,10.05445,1550002956639
21722,99,Gyroscope,-0.022876898,-0.023451112000000003,-0.27920818,1550002956649
21723,99,Accelerometer,0.21547815,1.4796166000000002,9.575610000000001,1550002956650
21724,99,Gyroscope,-0.03509419999999999,-0.01734246,-0.26943433,1550002956660
21725,99,Accelerometer,0.4369418,1.5837643999999997,9.750386,1550002956660
21726,99,Gyroscope,-0.029596416,-0.010012077,-0.25538445,1550002956669
21727,99,Accelerometer,0.272939,1.8171991000000003,9.957485,1550002956670
21728,99,Gyroscope,-0.02532036,-0.006957751,-0.23094982,1550002956679
21729,99,Accelerometer,-0.01436521,1.8375498,9.797073,1550002956680
21730,99,Gyroscope,-0.015546517,-0.010622941,-0.20590433,1550002956689
21731,99,Accelerometer,0.21787235,2.0231004,9.7324295,1550002956689
21732,99,Gyroscope,-0.0014966168,-0.014288133,-0.16864157,1550002956699
21733,99,Accelerometer,0.15562311,1.9931729,9.566033000000001,1550002956700
21734,99,Gyroscope,-0.029596416,-0.0032925587,-0.14237435,1550002956710
21735,99,Accelerometer,0.39863458,1.0726023999999998,9.908403,1550002956710
21736,99,Gyroscope,-0.0063835381999999994,-0.009401211500000001,-0.12099407599999999,1550002956719
21737,99,Accelerometer,0.61770403,0.59017074,9.929952,1550002956720
21738,99,Gyroscope,-0.0057726726,-0.017953325,-0.12160494,1550002956729
21739,99,Accelerometer,1.1180921999999998,-0.37229836,9.848549,1550002956730
21740,99,Gyroscope,-0.0014966168,-0.029559765,-0.14970474,1550002956739
21741,99,Accelerometer,1.1935096,-1.0103531,10.544064500000001,1550002956739
21742,99,Gyroscope,0.006444632,-0.036279282999999996,-0.14298522,1550002956749
21743,99,Accelerometer,1.1480197,-1.0295067,9.817424,1550002956750
21744,99,Gyroscope,-0.021044305,-0.057048699999999994,-0.27126694,1550002956759
21745,99,Accelerometer,0.58298814,-0.4249708,9.498994999999999,1550002956760
21746,99,Gyroscope,-0.07113525,-0.05277264,-0.3262448,1550002956769
21747,99,Accelerometer,1.1408371000000002,-0.5386954,10.052056,1550002956770
21748,99,Gyroscope,-0.029596416,-0.068044275,-0.4337571,1550002956780
21749,99,Accelerometer,0.16160862,-0.46806642,10.229227,1550002956780
21750,99,Gyroscope,-0.030818147999999997,-0.066822544,-0.45574823,1550002956789
21751,99,Accelerometer,0.24420857,-1.0881646999999999,9.751583,1550002956790
21752,99,Gyroscope,-0.043646313,-0.06071389,-0.48018286,1550002956799
21753,99,Accelerometer,0.079008654,-0.40342298,9.526527999999999,1550002956799
21754,99,Gyroscope,-0.054641888,-0.033224955,-0.48445889999999997,1550002956810
21755,99,Accelerometer,0.23582886,0.077811554,9.662998,1550002956810
21756,99,Gyroscope,-0.052809298,-0.017953325,-0.4881241,1550002956819
21757,99,Accelerometer,0.4249708,0.5781997,9.757569,1550002956820
21758,99,Gyroscope,-0.049144104,-0.011844671999999999,-0.48690236,1550002956829
21759,99,Accelerometer,0.34955344,1.1168951,9.872491,1550002956829
21760,99,Gyroscope,-0.035705067,-0.011844671999999999,-0.45880258,1550002956839
21761,99,Accelerometer,0.81402856,1.091756,9.8677025,1550002956839
21762,99,Gyroscope,-0.029596416,-0.006957751,-0.45941344,1550002956850
21763,99,Accelerometer,0.9528923,1.4065934,9.781511,1550002956850
21764,99,Gyroscope,-0.015546517,-0.012455538,-0.4441418,1550002956859
21765,99,Accelerometer,1.411382,1.1791444,9.721656,1550002956860
21766,99,Gyroscope,-0.016768249,-0.022840247,-0.45941344,1550002956869
21767,99,Accelerometer,1.5813701999999998,1.447295,9.379285000000001,1550002956870
21768,99,Gyroscope,-0.0014966168,-0.025894572999999997,-0.47651765,1550002956879
21769,99,Accelerometer,1.6927006000000002,1.4197617,9.097966,1550002956880
21770,99,Gyroscope,-0.009437865,-0.008790346,-0.47346333,1550002956889
21771,99,Accelerometer,1.6244658,1.8435352999999999,10.073604,1550002956889
21772,99,Gyroscope,-0.012492188999999999,-0.006957751,-0.45819170000000004,1550002956899
21773,99,Accelerometer,0.866701,1.0773908,10.235211999999999,1550002956900
21774,99,Gyroscope,-0.0045509413,-0.024672844,-0.44841787,1550002956910
21775,99,Accelerometer,0.60453594,0.9696517,10.265139999999999,1550002956910
21776,99,Gyroscope,-0.0137139205,-0.01734246,-0.43131363,1550002956919
21777,99,Accelerometer,0.93254155,1.0977415000000001,10.881647000000001,1550002956920
21778,99,Gyroscope,-0.05830708,-0.04605312599999999,-0.42398325,1550002956929
21779,99,Accelerometer,1.2605472,0.2693477,10.18254,1550002956929
21780,99,Gyroscope,-0.019822573,-0.07170947,-0.45330477,1550002956939
21781,99,Accelerometer,1.4173675,0.32321724,9.629479,1550002956939
21782,99,Gyroscope,-0.04975497,-0.058881298,-0.48323718,1550002956950
21783,99,Accelerometer,1.2294226000000001,-0.11492168,9.514558000000001,1550002956950
21784,99,Gyroscope,-0.018600842,-0.071098596,-0.49117842,1550002956959
21785,99,Accelerometer,0.9696517,0.059855044,10.222044,1550002956960
21786,99,Gyroscope,-0.021044305,-0.07415293,-0.50583917,1550002956969
21787,99,Accelerometer,1.1156979999999999,-0.04189853,9.974244,1550002956970
21788,99,Gyroscope,-0.04853324,-0.06926601,-0.5107261,1550002956979
21789,99,Accelerometer,1.0498575,0.07062895,9.561244,1550002956979
21790,99,Gyroscope,-0.050365835,-0.07659639,-0.52477604,1550002956989
21791,99,Accelerometer,0.93493575,0.12330139,10.166978,1550002956989
21792,99,Gyroscope,-0.03387247,-0.08087245,-0.5443237,1550002957000
21793,99,Accelerometer,0.93493575,-0.16998832,9.884461,1550002957000
21794,99,Gyroscope,-0.055252752999999995,-0.07354206,-0.5602062,1550002957009
21795,99,Accelerometer,0.6751649000000001,0.4249708,9.583989,1550002957010
21796,99,Gyroscope,-0.06441574,-0.068044275,-0.58036476,1550002957019
21797,99,Accelerometer,0.7194576,0.260968,9.583989,1550002957020
21798,99,Gyroscope,-0.041202857999999995,-0.061935622,-0.59502554,1550002957029
21799,99,Accelerometer,0.50038815,0.6607997,9.830592,1550002957030
21800,99,Gyroscope,-0.07296785,-0.046663992,-0.5876951,1550002957039
21801,99,Accelerometer,0.2885013,0.5422866999999999,9.93474,1550002957039
21802,99,Gyroscope,-0.06563746,-0.050329182,-0.59624726,1550002957049
21803,99,Accelerometer,0.44771573,0.45250413,10.004171000000001,1550002957050
21804,99,Gyroscope,-0.047922373,-0.039333608,-0.59502554,1550002957060
21805,99,Accelerometer,0.34715924,0.80804306,9.947908,1550002957060
21806,99,Gyroscope,-0.088239476,-0.03139236,-0.59380376,1550002957069
21807,99,Accelerometer,0.59017074,0.2861071,9.481038999999999,1550002957070
21808,99,Gyroscope,-0.06380487,-0.04055534,-0.60968626,1550002957079
21809,99,Accelerometer,0.6907272,1.0079589,9.822212,1550002957080
21810,99,Gyroscope,-0.07724389999999999,-0.04055534,-0.61396235,1550002957089
21811,99,Accelerometer,0.5805939,0.92775315,9.8198185,1550002957089
21812,99,Gyroscope,-0.09068294,-0.038722742000000004,-0.59807986,1550002957099
21813,99,Accelerometer,0.56982,0.7613561,9.959878999999999,1550002957099
21814,99,Gyroscope,-0.05586362,-0.038722742000000004,-0.6011342,1550002957110
21815,99,Accelerometer,0.90620536,1.13964,9.5732155,1550002957110
21816,99,Gyroscope,-0.07418958,-0.03750101,-0.5864734,1550002957119
21817,99,Accelerometer,0.7218518,1.2174516000000002,9.7084875,1550002957120
21818,99,Gyroscope,-0.07113525,-0.04055534,-0.5712018,1550002957129
21819,99,Accelerometer,0.17956513,0.8595184000000001,10.208876,1550002957130
21820,99,Gyroscope,-0.022266036,-0.04849659,-0.57547784,1550002957139
21821,99,Accelerometer,0.045489833,0.29209262,10.1621895,1550002957140
21822,99,Gyroscope,-0.030818147999999997,-0.055216104,-0.5815865,1550002957149
21823,99,Accelerometer,0.12330139,-0.16879122,9.217675999999999,1550002957149
21824,99,Gyroscope,-0.025931226,-0.04849659,-0.5840299,1550002957160
21825,99,Accelerometer,0.50397944,-0.40342298,9.437942999999999,1550002957160
21826,99,Gyroscope,-0.036315932999999995,-0.039333608,-0.6078536999999999,1550002957169
21827,99,Accelerometer,0.6332663000000001,1.5167267,10.887632,1550002957170
21828,99,Gyroscope,-0.036315932999999995,-0.03261409,-0.63167745,1550002957179
21829,99,Accelerometer,-0.021547815,0.13168110000000002,10.681731,1550002957180
21830,99,Gyroscope,-0.057696215999999995,-0.058881298,-0.6897095999999999,1550002957189
21831,99,Accelerometer,0.04070143,0.6440403,10.204087,1550002957190
21832,99,Gyroscope,-0.07296785,-0.06254649,-0.6774923,1550002957199
21833,99,Accelerometer,1.0498575,1.3072342,11.326967999999999,1550002957199
21834,99,Gyroscope,-0.041813724,-0.121800415,-0.6933748000000001,1550002957209
21835,99,Accelerometer,1.0211270000000001,-0.14844051,10.029311,1550002957210
21836,99,Gyroscope,-0.07602217,-0.12485474,-0.7630135,1550002957219
21837,99,Accelerometer,0.49440265,-0.22984336,9.734824,1550002957220
21838,99,Gyroscope,-0.0033292117999999997,-0.12851994,-0.7984435999999999,1550002957229
21839,99,Accelerometer,0.22505496,0.59855044,9.873688000000001,1550002957230
21840,99,Gyroscope,-0.019822573,-0.11385917,-0.79172415,1550002957239
21841,99,Accelerometer,0.33399114,0.4333505,10.177752,1550002957239
21842,99,Gyroscope,-0.07785477,-0.14440243,-0.75079614,1550002957249
21843,99,Accelerometer,0.41778820000000005,-1.4939818,10.327389,1550002957250
21844,99,Gyroscope,0.011942419,-0.17066965,-0.80516315,1550002957259
21845,99,Accelerometer,0.3196259,-0.7110779,9.203311,1550002957260
21846,99,Gyroscope,-0.0369268,-0.12790906,-0.8375389999999999,1550002957269
21847,99,Accelerometer,0.009576807,0.45250413,8.3868885,1550002957270
21848,99,Gyroscope,-0.10228938,-0.09797667,-0.8534215,1550002957279
21849,99,Accelerometer,-0.9648633,-0.23822308,9.6845455,1550002957280
21850,99,Gyroscope,-0.0509767,-0.09614408,-0.89496034,1550002957289
21851,99,Accelerometer,-0.7589619000000001,0.108936176,10.169372000000001,1550002957289
21852,99,Gyroscope,-0.06869179,-0.07842898,-0.91206455,1550002957299
21853,99,Accelerometer,-0.48123455,0.04309563,9.218874000000001,1550002957299
21854,99,Gyroscope,-0.07296785,-0.056437835,-0.9364992,1550002957309
21855,99,Accelerometer,-0.5470751,1.5993267,10.31063,1550002957310
21856,99,Gyroscope,-0.068080924,-0.057659565999999995,-0.9218384,1550002957320
21857,99,Accelerometer,-0.47764325,0.61650693,9.594764,1550002957320
21858,99,Gyroscope,-0.061972275,-0.050329182,-0.9035125,1550002957329
21859,99,Accelerometer,-0.32920274,0.8678981,9.898827,1550002957330
21860,99,Gyroscope,-0.06441574,-0.058270432000000004,-0.87541264,1550002957339
21861,99,Accelerometer,0.31244332,1.0079589,9.884461,1550002957340
21862,99,Gyroscope,-0.07541131,-0.06315735,-0.86319536,1550002957349
21863,99,Accelerometer,0.415394,1.1180921999999998,10.017339999999999,1550002957349
21864,99,Gyroscope,-0.072356984,-0.07170947,-0.8766344000000001,1550002957359
21865,99,Accelerometer,0.21068975,0.79367787,10.408792,1550002957360
21866,99,Gyroscope,-0.059528813,-0.08942456,-0.89557123,1550002957370
21867,99,Accelerometer,0.21547815,0.7266402,9.721656,1550002957370
21868,99,Gyroscope,-0.046089776,-0.08575937,-0.8900734,1550002957379
21869,99,Accelerometer,0.51714754,1.4820108,9.913192,1550002957380
21870,99,Gyroscope,-0.085185155,-0.09064629,-0.8662496999999999,1550002957389
21871,99,Accelerometer,0.36152446,1.1300632,10.20289,1550002957390
21872,99,Gyroscope,-0.052809298,-0.115691766,-0.8546431999999999,1550002957399
21873,99,Accelerometer,0.2825158,1.1037270000000001,10.341754,1550002957399
21874,99,Gyroscope,-0.056474485,-0.09492235,-0.8314304,1550002957409
21875,99,Accelerometer,-0.0023942017,0.7445967,9.507375,1550002957410
21876,99,Gyroscope,-0.057696215999999995,-0.09980927,-0.8167696,1550002957419
21877,99,Accelerometer,-0.47405192,1.6005238000000002,9.849746000000001,1550002957420
21878,99,Gyroscope,-0.057696215999999995,-0.091257155,-0.8021088000000001,1550002957429
21879,99,Accelerometer,-0.25139117,0.9780314,10.077195,1550002957430
21880,99,Gyroscope,-0.051587567,-0.10042013,-0.7807286,1550002957439
21881,99,Accelerometer,-0.272939,1.496376,9.749189,1550002957439
21882,99,Gyroscope,-0.08151996,-0.08331591,-0.77584165,1550002957449
21883,99,Accelerometer,-0.15083471,1.9524715,9.546878999999999,1550002957449
21884,99,Gyroscope,-0.06136141,-0.068044275,-0.73613536,1550002957460
21885,99,Accelerometer,-0.24181437,1.5358804,9.807847,1550002957460
21886,99,Gyroscope,-0.052198432,-0.06987687,-0.7092573,1550002957469
21887,99,Accelerometer,-0.40222588,1.733402,9.568427,1550002957470
21888,99,Gyroscope,-0.035705067,-0.05277264,-0.6897095999999999,1550002957479
21889,99,Accelerometer,0.24420857,1.5634137,9.570822,1550002957480
21890,99,Gyroscope,-0.031429015,-0.04910745,-0.6603880999999999,1550002957489
21891,99,Accelerometer,0.15442601,2.1954830000000003,9.54209,1550002957490
21892,99,Gyroscope,-0.06013968,-0.049718317000000005,-0.6194601,1550002957499
21893,99,Accelerometer,0.34955344,1.7322049,9.788692999999999,1550002957499
21894,99,Gyroscope,-0.03203988,-0.056437835,-0.58891684,1550002957510
21895,99,Accelerometer,0.5722142,1.6831238000000002,10.058042,1550002957510
21896,99,Gyroscope,-0.024709495,-0.06010303,-0.5644823,1550002957520
21897,99,Accelerometer,1.3120226000000001,1.2761095,9.982624000000001,1550002957520
21898,99,Gyroscope,-0.019822573,-0.07476379,-0.5308847,1550002957529
21899,99,Accelerometer,1.6879122,0.8463503000000001,9.989806,1550002957530
21900,99,Gyroscope,-0.022266036,-0.091257155,-0.53454983,1550002957539
21901,99,Accelerometer,2.3295584,-0.12210429,10.096349,1550002957540
21902,99,Gyroscope,-0.0045509413,-0.12241128,-0.57853216,1550002957549
21903,99,Accelerometer,2.1811178,0.14724341,10.316614999999999,1550002957549
21904,99,Gyroscope,-0.052198432,-0.12607647,-0.6390078,1550002957559
21905,99,Accelerometer,1.6603789,0.545878,9.671378,1550002957559
21906,99,Gyroscope,-0.07113525,-0.12241128,-0.68176836,1550002957570
21907,99,Accelerometer,1.3599066,0.06703765,9.9550905,1550002957570
21908,99,Gyroscope,-0.058917947000000005,-0.13096339,-0.6897095999999999,1550002957579
21909,99,Accelerometer,0.45729253,0.59495914,9.828198,1550002957580
21910,99,Gyroscope,-0.088239476,-0.10713965,-0.6909314000000001,1550002957589
21911,99,Accelerometer,-0.31364042,0.6847416999999999,9.412804,1550002957590
21912,99,Gyroscope,-0.054031022000000005,-0.10042013,-0.6781031999999999,1550002957599
21913,99,Accelerometer,-0.2669535,0.8415619000000001,10.055647,1550002957600
21914,99,Gyroscope,-0.03814853,-0.08331591,-0.6500034,1550002957609
21915,99,Accelerometer,0.1592144,1.1216834999999998,9.368511,1550002957609
21916,99,Gyroscope,-0.051587567,-0.055216104,-0.6445056,1550002957619
21917,99,Accelerometer,0.21667525,0.7733272,9.902417999999999,1550002957619
21918,99,Gyroscope,-0.021044305,-0.04910745,-0.65244687,1550002957630
21919,99,Accelerometer,0.58418524,1.4508862,9.375694000000001,1550002957630
21920,99,Gyroscope,-0.055252752999999995,-0.035057552,-0.6408404000000001,1550002957639
21921,99,Accelerometer,1.1659763,1.1803415000000002,9.576807,1550002957640
21922,99,Gyroscope,-0.041813724,-0.036890145,-0.6555012,1550002957649
21923,99,Accelerometer,1.127669,0.81163436,10.108319,1550002957650
21924,99,Gyroscope,-0.01004873,-0.043609664000000006,-0.66710764,1550002957659
21925,99,Accelerometer,1.3347674999999999,0.688333,9.7958765,1550002957660
21926,99,Gyroscope,-0.041813724,-0.04849659,-0.6756597,1550002957669
21927,99,Accelerometer,1.6101006000000002,0.7062895,9.76116,1550002957669
21928,99,Gyroscope,-0.04425718,-0.06437908,-0.70314866,1550002957679
21929,99,Accelerometer,1.7741034,0.41778820000000005,10.024523,1550002957680
21930,99,Gyroscope,-0.014324786,-0.08575937,-0.747131,1550002957690
21931,99,Accelerometer,1.3623008,0.39384618,9.855731,1550002957690
21932,99,Gyroscope,-0.041202857999999995,-0.08820283,-0.7642352,1550002957700
21933,99,Accelerometer,1.2126632,-0.010773907,9.81503,1550002957700
21934,99,Gyroscope,-0.052809298,-0.10225273,-0.778896,1550002957709
21935,99,Accelerometer,0.9780314,-0.107739076,9.852139999999999,1550002957710
21936,99,Gyroscope,-0.044868045,-0.09186802,-0.7978328,1550002957719
21937,99,Accelerometer,0.5518635000000001,0.029927522,10.061633,1550002957719
21938,99,Gyroscope,-0.04425718,-0.09492235,-0.82471085,1550002957729
21939,99,Accelerometer,0.05626374,0.29448682,9.96347,1550002957729
21940,99,Gyroscope,-0.057696215999999995,-0.098587535,-0.8222674000000001,1550002957740
21941,99,Accelerometer,0.29688102,0.61770403,10.101137,1550002957740
21942,99,Gyroscope,-0.029596416,-0.10469619,-0.7813394,1550002957749
21943,99,Accelerometer,0.7565677,-0.11731588,9.703699,1550002957750
21944,99,Gyroscope,-0.07174612,-0.09064629,-0.8063849000000001,1550002957759
21945,99,Accelerometer,0.5374983,0.39983168,9.415198,1550002957760
21946,99,Gyroscope,-0.07785477,-0.0851485,-0.8155479,1550002957769
21947,99,Accelerometer,0.82121116,0.50637364,9.633071000000001,1550002957770
21948,99,Gyroscope,-0.07480045,-0.082705036,-0.8381499,1550002957779
21949,99,Accelerometer,0.70509243,0.40821138,9.832987,1550002957779
21950,99,Gyroscope,-0.08151996,-0.081483305,-0.8399825000000001,1550002957789
21951,99,Accelerometer,0.91578215,0.5470751,9.66659,1550002957790
21952,99,Gyroscope,-0.09923505,-0.08453764,-0.8546431999999999,1550002957800
21953,99,Accelerometer,1.0235212,0.8439561,9.8677025,1550002957800
21954,99,Gyroscope,-0.0790765,-0.08087245,-0.84609115,1550002957809
21955,99,Accelerometer,1.0522517,0.79248077,10.029311,1550002957810
21956,99,Gyroscope,-0.08213083,-0.086981095,-0.84364766,1550002957819
21957,99,Accelerometer,0.7134720999999999,0.9900024,9.749189,1550002957820
21958,99,Gyroscope,-0.09740246,-0.08453764,-0.8448694,1550002957829
21959,99,Accelerometer,0.89662856,0.92416185,9.866506,1550002957830
21960,99,Gyroscope,-0.059528813,-0.08637023,-0.8314304,1550002957839
21961,99,Accelerometer,1.0259154000000001,0.8810662,9.476251,1550002957839
21962,99,Gyroscope,-0.09740246,-0.07659639,-0.8289869000000001,1550002957849
21963,99,Accelerometer,0.7541734999999999,1.0594343000000002,9.603143,1550002957850
21964,99,Gyroscope,-0.06685919,-0.07781812,-0.82287824,1550002957859
21965,99,Accelerometer,0.40462008,0.7074866,9.884461,1550002957860
21966,99,Gyroscope,-0.043646313,-0.061935622,-0.81921303,1550002957869
21967,99,Accelerometer,0.23822308,0.8511386999999999,9.56723,1550002957870
21968,99,Gyroscope,-0.043646313,-0.04910745,-0.80516315,1550002957879
21969,99,Accelerometer,0.09696517,0.36511576,9.783905,1550002957880
21970,99,Gyroscope,-0.023487763,-0.047274857999999996,-0.8021088000000001,1550002957889
21971,99,Accelerometer,0.42736499999999994,0.90620536,9.93474,1550002957889
21972,99,Gyroscope,-0.05586362,-0.047274857999999996,-0.7807286,1550002957899
21973,99,Accelerometer,0.3196259,0.45729253,9.455899,1550002957899
21974,99,Gyroscope,-0.034483336,-0.04544226,-0.7782851,1550002957910
21975,99,Accelerometer,0.5650316,0.2765303,9.478644000000001,1550002957910
21976,99,Gyroscope,-0.05830708,-0.028948900000000003,-0.78744805,1550002957919
21977,99,Accelerometer,0.7074866,0.5470751,10.546458,1550002957920
21978,99,Gyroscope,-0.014935651999999999,-0.027116302000000002,-0.75751567,1550002957929
21979,99,Accelerometer,-0.039504327,0.59136784,10.091560000000001,1550002957930
21980,99,Gyroscope,-0.05708535,-0.028948900000000003,-0.77034384,1550002957939
21981,99,Accelerometer,0.5291186,0.39025488,10.105926,1550002957940
21982,99,Gyroscope,-0.021044305,-0.03261409,-0.75751567,1550002957949
21983,99,Accelerometer,0.4309563,0.9624690999999999,10.497377,1550002957949
21984,99,Gyroscope,-0.04853324,-0.068044275,-0.75446135,1550002957960
21985,99,Accelerometer,0.79966336,0.82360536,10.280702,1550002957960
21986,99,Gyroscope,-0.07296785,-0.07720725,-0.7868371999999999,1550002957969
21987,99,Accelerometer,1.4568716999999998,0.24899697,9.510966,1550002957970
21988,99,Gyroscope,-0.029596416,-0.08942456,-0.8137153,1550002957979
21989,99,Accelerometer,1.2952632,0.415394,9.944317,1550002957980
21990,99,Gyroscope,-0.080909096,-0.08820283,-0.82715434,1550002957989
21991,99,Accelerometer,1.0809821000000002,0.2621651,9.919178,1550002957989
21992,99,Gyroscope,-0.07052439,-0.11385917,-0.84609115,1550002957999
21993,99,Accelerometer,1.1372458,0.8559271,10.69011,1550002957999
21994,99,Gyroscope,-0.02532036,-0.12363301,-0.84548026,1550002958010
21995,99,Accelerometer,1.043872,-0.18555063,10.281899000000001,1550002958010
21996,99,Gyroscope,-0.057696215999999995,-0.12424388,-0.85769755,1550002958019
21997,99,Accelerometer,0.7074866,0.78769237,9.679757,1550002958020
21998,99,Gyroscope,-0.07174612,-0.11630263,-0.85953015,1550002958029
21999,99,Accelerometer,0.9900024,0.4285621,10.189722,1550002958030
22000,99,Gyroscope,-0.059528813,-0.13707206,-0.84609115,1550002958039
22001,99,Accelerometer,0.6344634,0.47405192,10.45907,1550002958040
22002,99,Gyroscope,-0.07785477,-0.12790906,-0.82837605,1550002958049
22003,99,Accelerometer,0.24181437,0.07062895,9.301474,1550002958049
22004,99,Gyroscope,-0.07846563,-0.10591792,-0.85769755,1550002958059
22005,99,Accelerometer,0.4213795,0.7218518,9.178172,1550002958060
22006,99,Gyroscope,-0.06685919,-0.086981095,-0.8357064000000001,1550002958070
22007,99,Accelerometer,0.049081136,1.2354081000000001,9.42238,1550002958070
22008,99,Gyroscope,-0.07052439,-0.07598552,-0.8308194999999999,1550002958079
22009,99,Accelerometer,0.80564886,1.1552023,9.721656,1550002958080
22010,99,Gyroscope,-0.07724389999999999,-0.06987687,-0.8216565,1550002958089
22011,99,Accelerometer,0.6655880999999999,1.3024458,9.472659,1550002958090
22012,99,Gyroscope,-0.08396342400000001,-0.053383507000000004,-0.8204348,1550002958099
22013,99,Accelerometer,0.8702923,1.4484920000000001,9.582792,1550002958100
22014,99,Gyroscope,-0.07602217,-0.051550914,-0.8204348,1550002958109
22015,99,Accelerometer,0.79726917,1.6364368,9.996989,1550002958109
22016,99,Gyroscope,-0.06441574,-0.059492163,-0.8173805000000001,1550002958120
22017,99,Accelerometer,0.40462008,1.3383588,9.951499,1550002958120
22018,99,Gyroscope,-0.08335256,-0.06743341,-0.8118827,1550002958129
22019,99,Accelerometer,0.80445176,1.401805,9.727641,1550002958130
22020,99,Gyroscope,-0.07602217,-0.063768215,-0.80333054,1550002958139
22021,99,Accelerometer,0.93134445,1.7190368000000003,10.095152,1550002958140
22022,99,Gyroscope,-0.058917947000000005,-0.07537466,-0.7996654000000001,1550002958149
22023,99,Accelerometer,0.81881696,1.5981296,10.164583,1550002958150
22024,99,Gyroscope,-0.037537664,-0.081483305,-0.77400905,1550002958159
22025,99,Accelerometer,0.47884035,0.7541734999999999,10.017339999999999,1550002958160
22026,99,Gyroscope,-0.037537664,-0.08942456,-0.7630135,1550002958169
22027,99,Accelerometer,0.4249708,1.4544774999999999,9.758766,1550002958169
22028,99,Gyroscope,-0.022876898,-0.08087245,-0.73308104,1550002958180
22029,99,Accelerometer,0.44532153,1.2018893,9.805453,1550002958180
22030,99,Gyroscope,-0.035705067,-0.08453764,-0.7233071999999999,1550002958189
22031,99,Accelerometer,0.02873042,1.127669,10.140641,1550002958189
22032,99,Gyroscope,-0.020433438999999998,-0.08942456,-0.7098682,1550002958199
22033,99,Accelerometer,0.34715924,0.8343792999999999,10.038888,1550002958200
22034,99,Gyroscope,-0.018600842,-0.09431147599999999,-0.69642913,1550002958209
22035,99,Accelerometer,0.45489833,0.88944596,9.704897,1550002958210
22036,99,Gyroscope,-0.057696215999999995,-0.093089744,-0.7098682,1550002958219
22037,99,Accelerometer,0.09816227,0.760159,9.540894,1550002958220
22038,99,Gyroscope,-0.023487763,-0.08392677,-0.7025378000000001,1550002958229
22039,99,Accelerometer,0.19871874,1.1097125,9.733627,1550002958230
22040,99,Gyroscope,-0.043646313,-0.07170947,-0.6897095999999999,1550002958239
22041,99,Accelerometer,0.022744916,1.2761095,9.497798,1550002958240
22042,99,Gyroscope,-0.043646313,-0.061935622,-0.6622207,1550002958249
22043,99,Accelerometer,0.12808979,1.8267759,9.844957,1550002958250
22044,99,Gyroscope,-0.027152957000000002,-0.053994372,-0.6396187,1550002958259
22045,99,Accelerometer,-0.13407529999999998,1.9812019,9.351752000000001,1550002958260
22046,99,Gyroscope,-0.04242459,-0.035668418,-0.6072428000000001,1550002958269
22047,99,Accelerometer,0.13407529999999998,2.4229321,9.575610000000001,1550002958270
22048,99,Gyroscope,-0.040591992,-0.03139236,-0.5693691999999999,1550002958279
22049,99,Accelerometer,0.17836803,2.5019407000000005,9.770736999999999,1550002958280
22050,99,Gyroscope,-0.030207282000000002,-0.024061977999999998,-0.53943676,1550002958289
22051,99,Accelerometer,-0.0023942017,2.4049757,9.698911,1550002958290
22052,99,Gyroscope,-0.037537664,-0.016120728,-0.48873496,1550002958299
22053,99,Accelerometer,0.2621651,2.4133554,9.683349,1550002958300
22054,99,Gyroscope,-0.028374685,-0.010622941,-0.43253535,1550002958309
22055,99,Accelerometer,0.58538234,2.0913353,9.895236,1550002958310
22056,99,Gyroscope,0.004612036,-0.035668418,-0.3812227,1550002958319
22057,99,Accelerometer,0.94451255,1.4508862,10.291476,1550002958320
22058,99,Gyroscope,0.0094989585,-0.057048699999999994,-0.3720597,1550002958329
22059,99,Accelerometer,1.6579846999999999,0.14006079999999999,10.386047,1550002958330
22060,99,Gyroscope,0.048594332999999997,-0.09797667,-0.4074899,1550002958339
22061,99,Accelerometer,1.8064252,0.22625206,10.532093,1550002958340
22062,99,Gyroscope,0.03393357,-0.13340685,-0.45208305,1550002958349
22063,99,Accelerometer,2.12246,-0.82001406,10.449492999999999,1550002958350
22064,99,Gyroscope,0.019883668,-0.16211751,-0.4899567,1550002958360
22065,99,Accelerometer,2.1930888,-1.7525556,10.346542,1550002958360
22066,99,Gyroscope,-0.029596416,-0.19999117,-0.5040066,1550002958369
22067,99,Accelerometer,1.2916718999999999,-1.6460136000000003,9.829395,1550002958369
22068,99,Gyroscope,-0.09068294,-0.20426723,-0.49789795,1550002958379
22069,99,Accelerometer,0.60453594,-1.4975731,9.582792,1550002958380
22070,99,Gyroscope,-0.04547891,-0.17738914,-0.6176275,1550002958389
22071,99,Accelerometer,-0.22744916,-0.25498247,10.123882,1550002958390
22072,99,Gyroscope,-0.054031022000000005,-0.13707206,-0.7294159,1550002958399
22073,99,Accelerometer,-0.3184288,-0.50757074,9.653421,1550002958400
22074,99,Gyroscope,-0.073578715,-0.11202657,-0.75629395,1550002958410
22075,99,Accelerometer,-0.25498247,-0.6452374,9.3661175,1550002958410
22076,99,Gyroscope,-0.047922373,-0.09431147599999999,-0.7660678000000001,1550002958419
22077,99,Accelerometer,-0.5614403,-0.062249242999999996,9.683349,1550002958419
22078,99,Gyroscope,-0.080909096,-0.06071389,-0.80821747,1550002958430
22079,99,Accelerometer,-0.2861071,0.49081135,9.060856,1550002958430
22080,99,Gyroscope,-0.10656543,-0.035668418,-0.84364766,1550002958439
22081,99,Accelerometer,0.011971008,0.81881696,9.385271000000001,1550002958440
22082,99,Gyroscope,-0.085185155,-0.03139236,-0.86686057,1550002958449
22083,99,Accelerometer,0.34356794,1.2318168,9.974244,1550002958450
22084,99,Gyroscope,-0.08029823,-0.032003224,-0.88152134,1550002958459
22085,99,Accelerometer,0.94570965,1.578976,9.537302,1550002958460
22086,99,Gyroscope,-0.11756101,-0.027116302000000002,-0.87846696,1550002958469
22087,99,Accelerometer,1.555034,2.1308396000000003,9.539697,1550002958470
22088,99,Gyroscope,-0.08885034,-0.04544226,-0.8497563,1550002958479
22089,99,Accelerometer,1.4401124,2.0171148999999997,10.286688,1550002958480
22090,99,Gyroscope,-0.039981127000000005,-0.08087245,-0.8375389999999999,1550002958489
22091,99,Accelerometer,1.8112136000000003,1.5849615,10.262746,1550002958489
22092,99,Gyroscope,-0.07846563,-0.08881369,-0.8289869000000001,1550002958500
22093,99,Accelerometer,2.3319526,1.4449007999999999,9.781511,1550002958500
22094,99,Gyroscope,-0.06930265599999999,-0.1132483,-0.82287824,1550002958509
22095,99,Accelerometer,2.079364,1.3383588,9.589975,1550002958509
22096,99,Gyroscope,-0.06380487,-0.11202657,-0.8497563,1550002958519
22097,99,Accelerometer,1.2401965,0.59256494,9.909601,1550002958520
22098,99,Gyroscope,-0.111452356,-0.11202657,-0.82532173,1550002958529
22099,99,Accelerometer,0.7577648,0.4189853,9.77792,1550002958530
22100,99,Gyroscope,-0.10045678,-0.10775051,-0.8222674000000001,1550002958539
22101,99,Accelerometer,0.58298814,0.9624690999999999,9.837775,1550002958540
22102,99,Gyroscope,-0.06747006,-0.08575937,-0.8528106,1550002958549
22103,99,Accelerometer,0.4141969,0.8571242,10.091560000000001,1550002958550
22104,99,Gyroscope,-0.02898555,-0.09186802,-0.8448694,1550002958559
22105,99,Accelerometer,0.5781997,0.82599956,10.213664,1550002958559
22106,99,Gyroscope,-0.06013968,-0.10469619,-0.84548026,1550002958570
22107,99,Accelerometer,0.90500826,0.7589619000000001,9.916783,1550002958570
22108,99,Gyroscope,-0.06258314,-0.10958311,-0.8509780999999998,1550002958579
22109,99,Accelerometer,1.2342110000000002,0.7302314999999999,9.4774475,1550002958580
22110,99,Gyroscope,-0.05830708,-0.09797667,-0.8680823000000001,1550002958589
22111,99,Accelerometer,0.7134720999999999,0.6392518,9.469068,1550002958589
22112,99,Gyroscope,-0.108398035,-0.0851485,-0.87968874,1550002958600
22113,99,Accelerometer,0.91338795,-0.039504327,9.561244,1550002958600
22114,99,Gyroscope,-0.08640689,-0.07903985,-0.8851865,1550002958609
22115,99,Accelerometer,1.1037270000000001,0.5386954,11.008539,1550002958610
22116,99,Gyroscope,-0.03937026,-0.08026158,-0.91939497,1550002958619
22117,99,Accelerometer,0.13407529999999998,0.38067806,10.2735195,1550002958619
22118,99,Gyroscope,-0.073578715,-0.092478886,-0.8876299999999999,1550002958629
22119,99,Accelerometer,1.2437878,1.6711528000000002,9.950302,1550002958630
22120,99,Gyroscope,-0.07296785,-0.08759196,-0.87785614,1550002958639
22121,99,Accelerometer,1.1982979999999999,2.1080947,10.332177,1550002958639
22122,99,Gyroscope,-0.0790765,-0.07903985,-0.89801466,1550002958650
22123,99,Accelerometer,0.7158663000000001,0.89902276,10.605117,1550002958650
22124,99,Gyroscope,-0.07418958,-0.13646118,-0.8155479,1550002958659
22125,99,Accelerometer,1.4449007999999999,0.061052144,8.955511,1550002958659
22126,99,Gyroscope,-0.073578715,-0.11996782,-0.78805894,1550002958670
22127,99,Accelerometer,1.1755531000000001,1.0761937,8.701725999999999,1550002958670
22128,99,Gyroscope,-0.047922373,-0.09675494,-0.7813394,1550002958679
22129,99,Accelerometer,0.49919105,1.1168951,9.224859,1550002958680
22130,99,Gyroscope,-0.03509419999999999,-0.09003542,-0.7452984,1550002958689
22131,99,Accelerometer,0.7398083000000001,0.9708488000000001,9.792285000000001,1550002958689
22132,99,Gyroscope,-0.0369268,-0.086981095,-0.7251398,1550002958700
22133,99,Accelerometer,0.78170687,1.1827357,9.583989,1550002958700
22134,99,Gyroscope,-0.06258314,-0.086981095,-0.7434658000000001,1550002958709
22135,99,Accelerometer,0.33518824,0.79607207,9.387665,1550002958710
22136,99,Gyroscope,-0.06930265599999999,-0.081483305,-0.75751567,1550002958719
22137,99,Accelerometer,0.4369418,0.46686932,9.622296,1550002958719
22138,99,Gyroscope,-0.08213083,-0.06743341,-0.74896353,1550002958729
22139,99,Accelerometer,0.90261406,-0.16759412,9.707291,1550002958730
22140,99,Gyroscope,-0.094959,-0.06926601,-0.7636243,1550002958739
22141,99,Accelerometer,0.61291564,-0.17836803,9.758766,1550002958740
22142,99,Gyroscope,-0.06991352,-0.063768215,-0.79294586,1550002958749
22143,99,Accelerometer,0.31603462,0.32202014,9.919178,1550002958750
22144,99,Gyroscope,-0.061972275,-0.053383507000000004,-0.7960001999999999,1550002958759
22145,99,Accelerometer,0.58418524,0.30286652,9.983821,1550002958760
22146,99,Gyroscope,-0.06441574,-0.06621168,-0.7764525,1550002958769
22147,99,Accelerometer,0.59855044,0.09935937,9.742006,1550002958770
22148,99,Gyroscope,-0.05708535,-0.07598552,-0.80760664,1550002958779
22149,99,Accelerometer,0.81043726,0.9732430000000001,10.157401,1550002958780
22150,99,Gyroscope,-0.044868045,-0.0851485,-0.8338738000000001,1550002958789
22151,99,Accelerometer,0.62967503,0.712275,10.16578,1550002958790
22152,99,Gyroscope,-0.051587567,-0.102863595,-0.85769755,1550002958799
22153,99,Accelerometer,0.6739678000000001,0.4333505,10.43034,1550002958800
22154,99,Gyroscope,-0.035705067,-0.121800415,-0.8680823000000001,1550002958809
22155,99,Accelerometer,0.8571242,0.32680854,10.444705,1550002958810
22156,99,Gyroscope,-0.04975497,-0.13096339,-0.8882408000000002,1550002958819
22157,99,Accelerometer,1.0869676000000001,0.40701428,9.854534,1550002958819
22158,99,Gyroscope,-0.08457429,-0.13401772,-0.9041233,1550002958830
22159,99,Accelerometer,1.0893618,0.260968,9.782708,1550002958830
22160,99,Gyroscope,-0.08762861,-0.14256984,-0.9169514999999999,1550002958839
22161,99,Accelerometer,0.7781156,0.415394,9.949105,1550002958840
22162,99,Gyroscope,-0.08640689,-0.13707206,-0.91572976,1550002958849
22163,99,Accelerometer,0.62129533,0.6572084,9.458294,1550002958849
22164,99,Gyroscope,-0.09434813,-0.12241128,-0.91634065,1550002958860
22165,99,Accelerometer,0.50158525,0.7386111999999999,9.589975,1550002958860
22166,99,Gyroscope,-0.07480045,-0.10836138,-0.89862555,1550002958869
22167,99,Accelerometer,0.01436521,1.0426749,9.484630000000001,1550002958870
22168,99,Gyroscope,-0.09434813,-0.09614408,-0.9016799000000001,1550002958879
22169,99,Accelerometer,0.19871874,1.2186487,9.3182335,1550002958879
22170,99,Gyroscope,-0.07846563,-0.08759196,-0.9047341999999998,1550002958889
22171,99,Accelerometer,0.19991584,1.7034745,9.714474000000001,1550002958890
22172,99,Gyroscope,-0.073578715,-0.07781812,-0.8851865,1550002958899
22173,99,Accelerometer,0.12689269,1.3994108,9.688137,1550002958900
22174,99,Gyroscope,-0.11450669,-0.061935622,-0.87846696,1550002958909
22175,99,Accelerometer,0.44173019999999996,1.483208,9.552864999999999,1550002958910
22176,99,Gyroscope,-0.107176304,-0.055216104,-0.85769755,1550002958919
22177,99,Accelerometer,0.51954174,1.3958195,9.946711,1550002958920
22178,99,Gyroscope,-0.04853324,-0.08026158,-0.87907785,1550002958929
22179,99,Accelerometer,0.8619126,1.9416976000000001,10.207678999999999,1550002958930
22180,99,Gyroscope,-0.06624833,-0.08453764,-0.8216565,1550002958939
22181,99,Accelerometer,0.8762778,1.2294226000000001,9.544485,1550002958940
22182,99,Gyroscope,-0.07968736400000001,-0.079650715,-0.78622633,1550002958949
22183,99,Accelerometer,1.0235212,0.2657564,9.295488,1550002958950
22184,99,Gyroscope,-0.055252752999999995,-0.06865514,-0.8008871,1550002958959
22185,99,Accelerometer,1.340753,1.2282255,9.203311,1550002958959
22186,99,Gyroscope,-0.080909096,-0.05582697,-0.8338738000000001,1550002958970
22187,99,Accelerometer,1.1420341999999999,2.0374656000000004,9.603143,1550002958970
22188,99,Gyroscope,-0.054641888,-0.042387932999999996,-0.7801176999999999,1550002958979
22189,99,Accelerometer,-0.29688102,1.6160861,9.707291,1550002958980
22190,99,Gyroscope,-0.050365835,-0.050329182,-0.76851124,1550002958989
22191,99,Accelerometer,0.5231331,2.565387,10.254366000000001,1550002958989
22192,99,Gyroscope,-0.06502659599999999,-0.041166205,-0.77706337,1550002959000
22193,99,Accelerometer,-0.31004912,1.3694833999999998,10.414778,1550002959000
22194,99,Gyroscope,-0.05586362,-0.058270432000000004,-0.7281941,1550002959009
22195,99,Accelerometer,0.031124622,1.4975731,9.382876,1550002959010
22196,99,Gyroscope,-0.06563746,-0.023451112000000003,-0.710479,1550002959019
22197,99,Accelerometer,0.017956512,2.5605986,10.019734,1550002959019
22198,99,Gyroscope,-0.02898555,-0.013066402,-0.68054664,1550002959030
22199,99,Accelerometer,-0.12210429,2.2122424,10.342952,1550002959030
22200,99,Gyroscope,-0.041813724,-0.026505437000000003,-0.66099894,1550002959039
22201,99,Accelerometer,-0.31124622,1.9009962,10.151415,1550002959040
22202,99,Gyroscope,-0.024709495,-0.03261409,-0.59624726,1550002959049
22203,99,Accelerometer,0.62847793,2.837129,10.522516,1550002959049
22204,99,Gyroscope,-0.034483336,-0.04910745,-0.56998,1550002959060
22205,99,Accelerometer,0.6500258000000001,1.8938134999999998,10.536881,1550002959060
22206,99,Gyroscope,-0.047311507,-0.07720725,-0.53943676,1550002959069
22207,99,Accelerometer,1.3084313,2.086547,9.908403,1550002959070
22208,99,Gyroscope,-0.04975497,-0.081483305,-0.5369933000000001,1550002959079
22209,99,Accelerometer,1.0319009,1.7322049,8.987833,1550002959080
22210,99,Gyroscope,-0.073578715,-0.06621168,-0.52172166,1550002959090
22211,99,Accelerometer,0.90261406,1.8962077000000002,9.7084875,1550002959090
22212,99,Gyroscope,-0.034483336,-0.07903985,-0.49973053,1550002959099
22213,99,Accelerometer,0.6655880999999999,1.4281414,9.842564,1550002959100
22214,99,Gyroscope,-0.022876898,-0.082705036,-0.47224160000000004,1550002959109
22215,99,Accelerometer,0.65242,1.2725182,9.516952,1550002959109
22216,99,Gyroscope,-0.04670064,-0.07537466,-0.44719613,1550002959120
22217,99,Accelerometer,0.79966336,0.6931214,9.752781,1550002959120
22218,99,Gyroscope,-0.016768249,-0.08331591,-0.44169834,1550002959129
22219,99,Accelerometer,1.0079589,0.21667525,10.060435,1550002959130
22220,99,Gyroscope,-0.02898555,-0.09553321,-0.45880258,1550002959139
22221,99,Accelerometer,0.90740246,-0.6775591,9.718064,1550002959139
22222,99,Gyroscope,-0.05830708,-0.11141571,-0.48568064,1550002959149
22223,99,Accelerometer,1.1947067,-0.7469909,10.108319,1550002959150
22224,99,Gyroscope,-0.04547891,-0.13279599,-0.5284411999999999,1550002959159
22225,99,Accelerometer,0.8655039000000001,-0.7649474,9.788692999999999,1550002959160
22226,99,Gyroscope,-0.073578715,-0.121800415,-0.6054102,1550002959169
22227,99,Accelerometer,0.7242460000000001,-0.35194764,9.695319999999999,1550002959169
22228,99,Gyroscope,-0.09068294,-0.10591792,-0.6933748000000001,1550002959179
22229,99,Accelerometer,0.32441434,-0.5327099000000001,10.014946,1550002959180
22230,99,Gyroscope,-0.06563746,-0.10775051,-0.73735714,1550002959189
22231,99,Accelerometer,0.22625206,-0.50757074,10.020931,1550002959190
22232,99,Gyroscope,-0.09007207,-0.10591792,-0.7660678000000001,1550002959199
22233,99,Accelerometer,0.10414778,-0.23582886,9.394848,1550002959200
22234,99,Gyroscope,-0.09923505,-0.08881369,-0.78744805,1550002959209
22235,99,Accelerometer,0.11731588,0.21308395,9.749189,1550002959209
22236,99,Gyroscope,-0.057696215999999995,-0.07415293,-0.78561544,1550002959220
22237,99,Accelerometer,0.1388637,0.6332663000000001,9.865308,1550002959220
22238,99,Gyroscope,-0.06930265599999999,-0.068044275,-0.7813394,1550002959229
22239,99,Accelerometer,0.36391866,0.81283146,9.740809,1550002959229
22240,99,Gyroscope,-0.033261612,-0.06498995,-0.77523077,1550002959239
22241,99,Accelerometer,0.58777654,0.7733272,9.902417999999999,1550002959240
22242,99,Gyroscope,-0.0509767,-0.06315735,-0.7819503000000001,1550002959249
22243,99,Accelerometer,1.0570401000000003,1.1300632,9.463082,1550002959249
22244,99,Gyroscope,-0.054641888,-0.061324757,-0.783172,1550002959260
22245,99,Accelerometer,1.1755531000000001,1.412579,9.7240505,1550002959260
22246,99,Gyroscope,-0.017989976,-0.07598552,-0.78989154,1550002959269
22247,99,Accelerometer,1.411382,1.3467385,10.267534,1550002959270
22248,99,Gyroscope,-0.043035455,-0.08392677,-0.7801176999999999,1550002959279
22249,99,Accelerometer,1.4257472,1.1073183000000002,9.719261999999999,1550002959279
22250,99,Gyroscope,-0.04547891,-0.082705036,-0.7691220999999999,1550002959289
22251,99,Accelerometer,1.1935096,1.3682863,9.812635,1550002959290
22252,99,Gyroscope,-0.035705067,-0.08087245,-0.76667863,1550002959299
22253,99,Accelerometer,1.3383588,1.6460136000000003,10.070012,1550002959300
22254,99,Gyroscope,-0.06563746,-0.07537466,-0.747131,1550002959309
22255,99,Accelerometer,1.2557588,1.5454572,9.427169000000001,1550002959310
22256,99,Gyroscope,-0.050365835,-0.07232033,-0.73491365,1550002959319
22257,99,Accelerometer,0.9588778,1.614889,9.630676,1550002959320
22258,99,Gyroscope,-0.037537664,-0.06621168,-0.72086376,1550002959329
22259,99,Accelerometer,0.93852705,1.0737995,9.753978,1550002959330
22260,99,Gyroscope,-0.06991352,-0.06743341,-0.70375955,1550002959339
22261,99,Accelerometer,0.9983820999999999,0.9708488000000001,9.697714,1550002959340
22262,99,Gyroscope,-0.047311507,-0.07781812,-0.7135334,1550002959349
22263,99,Accelerometer,1.1947067,0.6548142,10.159794999999999,1550002959349
22264,99,Gyroscope,-0.043646313,-0.07842898,-0.7263616,1550002959360
22265,99,Accelerometer,0.9935937,-0.045489833,9.604341,1550002959360
22266,99,Gyroscope,-0.09434813,-0.06560081,-0.74041146,1550002959369
22267,99,Accelerometer,1.0330979999999998,0.049081136,9.289502,1550002959370
22268,99,Gyroscope,-0.094959,-0.06010303,-0.75507224,1550002959379
22269,99,Accelerometer,0.92775315,-0.06703765,9.621099000000001,1550002959379
22270,99,Gyroscope,-0.11511755,-0.047274857999999996,-0.7587374,1550002959390
22271,99,Accelerometer,0.5303157,-0.027533319,9.090784,1550002959390
22272,99,Gyroscope,-0.14688255,-0.036890145,-0.78805894,1550002959399
22273,99,Accelerometer,0.89662856,0.24899697,10.09994,1550002959400
22274,99,Gyroscope,-0.009437865,-0.061324757,-0.7587374,1550002959409
22275,99,Accelerometer,-0.1352724,0.6500258000000001,10.692505,1550002959409
22276,99,Gyroscope,-0.07785477,-0.058270432000000004,-0.73735714,1550002959420
22277,99,Accelerometer,0.7469909,0.45010993,9.876082,1550002959420
22278,99,Gyroscope,-0.09007207,-0.059492163,-0.7281941,1550002959429
22279,99,Accelerometer,1.9261352999999999,0.50996494,9.840169,1550002959430
22280,99,Gyroscope,-0.02532036,-0.06743341,-0.70314866,1550002959439
22281,99,Accelerometer,1.1420341999999999,0.88944596,9.345766000000001,1550002959439
22282,99,Gyroscope,-0.1248914,-0.061324757,-0.7446875,1550002959449
22283,99,Accelerometer,1.091756,1.1384428999999998,10.398017999999999,1550002959450
22284,99,Gyroscope,-0.076633036,-0.06865514,-0.73857886,1550002959459
22285,99,Accelerometer,0.92057055,0.533907,10.135853,1550002959460
22286,99,Gyroscope,-0.056474485,-0.07048774,-0.7269724,1550002959469
22287,99,Accelerometer,0.6452374,0.6584055,9.743203999999999,1550002959470
22288,99,Gyroscope,-0.08029823,-0.0729312,-0.6890988,1550002959479
22289,99,Accelerometer,0.79966336,0.40821138,9.846153999999999,1550002959480
22290,99,Gyroscope,-0.0057726726,-0.06560081,-0.7117008,1550002959489
22291,99,Accelerometer,0.29807812,1.3204023,10.092757,1550002959490
22292,99,Gyroscope,-0.050365835,-0.051550914,-0.7129225,1550002959499
22293,99,Accelerometer,0.22625206,0.4405331,9.458294,1550002959500
22294,99,Gyroscope,-0.07113525,-0.055216104,-0.706203,1550002959509
22295,99,Accelerometer,0.28491,1.0845733999999998,10.262746,1550002959509
22296,99,Gyroscope,-0.07296785,-0.063768215,-0.7239181,1550002959520
22297,99,Accelerometer,0.5434838000000001,0.62967503,9.594764,1550002959520
22298,99,Gyroscope,-0.08029823,-0.050940047999999995,-0.75507224,1550002959529
22299,99,Accelerometer,0.62368953,1.8471266,9.946711,1550002959529
22300,99,Gyroscope,-0.050365835,-0.042998800000000004,-0.81432617,1550002959539
22301,99,Accelerometer,0.93613285,0.94810385,10.048465,1550002959540
22302,99,Gyroscope,-0.068080924,-0.06560081,-0.77400905,1550002959549
22303,99,Accelerometer,-0.050278235,-0.073023155,10.012551,1550002959549
22304,99,Gyroscope,-0.07480045,-0.07720725,-0.8131044,1550002959559
22305,99,Accelerometer,0.12210429,0.9636662,10.394426,1550002959560
22306,99,Gyroscope,-0.047922373,-0.08759196,-0.7795068,1550002959569
22307,99,Accelerometer,0.93493575,0.9876082,10.1861315,1550002959570
22308,99,Gyroscope,-0.043646313,-0.102863595,-0.7782851,1550002959579
22309,99,Accelerometer,1.1659763,0.51475334,10.267534,1550002959579
22310,99,Gyroscope,-0.016768249,-0.11874609,-0.8112718000000001,1550002959589
22311,99,Accelerometer,0.8535328999999999,0.7350199000000001,9.953894,1550002959590
22312,99,Gyroscope,-0.032650746,-0.12851994,-0.8204348,1550002959599
22313,99,Accelerometer,0.7433996,0.47884035,9.611523,1550002959600
22314,99,Gyroscope,-0.06319401,-0.12363301,-0.82409996,1550002959609
22315,99,Accelerometer,0.82121116,0.664391,9.856929,1550002959610
22316,99,Gyroscope,-0.036315932999999995,-0.12363301,-0.81066096,1550002959619
22317,99,Accelerometer,0.5626374,0.8702923,9.587581,1550002959620
22318,99,Gyroscope,-0.05586362,-0.10836138,-0.81432617,1550002959629
22319,99,Accelerometer,0.18315643,0.94930094,9.374496,1550002959630
22320,99,Gyroscope,-0.06991352,-0.09003542,-0.81066096,1550002959639
22321,99,Accelerometer,0.19033903,1.0426749,9.611523,1550002959640
22322,99,Gyroscope,-0.05830708,-0.079650715,-0.7990545,1550002959649
22323,99,Accelerometer,0.37229836,1.282095,9.368511,1550002959649
22324,99,Gyroscope,-0.09007207,-0.06437908,-0.7984435999999999,1550002959660
22325,99,Accelerometer,0.21547815,1.2988545,9.289502,1550002959660
22326,99,Gyroscope,-0.087017745,-0.05460524,-0.79172415,1550002959669
22327,99,Accelerometer,0.5267244000000001,1.2785037000000001,9.744401,1550002959670
22328,99,Gyroscope,-0.07602217,-0.053994372,-0.77706337,1550002959679
22329,99,Accelerometer,0.91937345,1.0642227,9.403227000000001,1550002959679
22330,99,Gyroscope,-0.096791595,-0.03750101,-0.77584165,1550002959689
22331,99,Accelerometer,0.8643068000000002,1.3479356000000002,9.458294,1550002959690
22332,99,Gyroscope,-0.10106765,-0.047885723,-0.75446135,1550002959699
22333,99,Accelerometer,1.1528081000000001,0.82599956,9.270349000000001,1550002959700
22334,99,Gyroscope,-0.12794572,-0.033224955,-0.7630135,1550002959709
22335,99,Accelerometer,1.3395559,0.9828198,10.014946,1550002959709
22336,99,Gyroscope,-0.07113525,-0.029559765,-0.73613536,1550002959719
22337,99,Accelerometer,0.34237084,1.0151415000000001,9.920375,1550002959719
22338,99,Gyroscope,-0.09312639999999998,-0.029559765,-0.7281941,1550002959730
22339,99,Accelerometer,0.45250413,1.0594343000000002,10.364499,1550002959730
22340,99,Gyroscope,-0.055252752999999995,-0.049718317000000005,-0.69704,1550002959739
22341,99,Accelerometer,0.23702596,1.8698715,10.9103775,1550002959740
22342,99,Gyroscope,-0.057696215999999995,-0.058881298,-0.6585555000000001,1550002959749
22343,99,Accelerometer,0.3172317,1.7896657999999999,11.058817999999999,1550002959750
22344,99,Gyroscope,-0.07968736400000001,-0.13462860000000001,-0.6047994000000001,1550002959759
22345,99,Accelerometer,1.5011643999999997,1.4137761999999998,11.312603,1550002959759
22346,99,Gyroscope,-0.051587567,-0.16822618,-0.62984484,1550002959769
22347,99,Accelerometer,2.5677812,1.5107412,9.682152,1550002959770
22348,99,Gyroscope,-0.102900244,-0.13157426,-0.6286231,1550002959779
22349,99,Accelerometer,1.1372458,0.6895300999999999,8.678981,1550002959780
22350,99,Gyroscope,-0.14627168,-0.12790906,-0.6597772,1550002959789
22351,99,Accelerometer,0.8535328999999999,-0.36511576,9.464279,1550002959789
22352,99,Gyroscope,-0.06747006,-0.13585031,-0.6939857,1550002959799
22353,99,Accelerometer,0.5662286999999999,1.0666169,9.764750999999999,1550002959800
22354,99,Gyroscope,-0.06258314,-0.110193975,-0.68543357,1550002959809
22355,99,Accelerometer,-0.10055647,1.0594343000000002,9.156625,1550002959810
22356,99,Gyroscope,-0.07968736400000001,-0.07048774,-0.6390078,1550002959819
22357,99,Accelerometer,-0.7589619000000001,1.1994951,9.244013,1550002959819
22358,99,Gyroscope,-0.06624833,-0.04055534,-0.6145732,1550002959829
22359,99,Accelerometer,-0.50637364,1.6436194,9.129091,1550002959829
22360,99,Gyroscope,-0.076633036,-0.016731594,-0.601745,1550002959840
22361,99,Accelerometer,-0.22864626,2.005144,9.545682000000001,1550002959840
22362,99,Gyroscope,-0.020433438999999998,-0.027116302000000002,-0.6054102,1550002959849
22363,99,Accelerometer,0.07062895,2.2589292999999997,10.28549,1550002959850
22364,99,Gyroscope,-0.01004873,-0.022840247,-0.5663149000000001,1550002959859
22365,99,Accelerometer,0.31124622,2.2505496,9.647436,1550002959860
22366,99,Gyroscope,-0.076633036,-0.020396786,-0.52172166,1550002959869
22367,99,Accelerometer,0.8391677,1.2952632,9.427169000000001,1550002959869
22368,99,Gyroscope,-0.016157383,-0.036890145,-0.52111083,1550002959879
22369,99,Accelerometer,1.2533646,1.8112136000000003,9.907207000000001,1550002959880
22370,99,Gyroscope,-0.046089776,-0.038722742000000004,-0.5180564999999999,1550002959889
22371,99,Accelerometer,1.2126632,1.7824832,9.416395,1550002959890
22372,99,Gyroscope,-0.061972275,-0.03750101,-0.49301103,1550002959899
22373,99,Accelerometer,0.7422025,1.7441759,10.21965,1550002959900
22374,99,Gyroscope,0.0058337674,-0.053383507000000004,-0.46002429999999994,1550002959909
22375,99,Accelerometer,0.62009823,2.1799207000000003,9.279925,1550002959909
22376,99,Gyroscope,-0.02532036,-0.04605312599999999,-0.4056573,1550002959919
22377,99,Accelerometer,0.2825158,2.2218192,9.633071000000001,1550002959920
22378,99,Gyroscope,0.008888093,-0.036279282999999996,-0.37267056,1550002959929
22379,99,Accelerometer,0.12330139,2.1739352000000003,9.927557,1550002959930
22380,99,Gyroscope,0.0113315545,-0.03139236,-0.3335752,1550002959939
22381,99,Accelerometer,0.28012159999999997,1.8650831,9.484630000000001,1550002959940
22382,99,Gyroscope,-0.012492188999999999,-0.028338033999999998,-0.30608624,1550002959949
22383,99,Accelerometer,0.700304,0.94690675,9.907207000000001,1550002959949
22384,99,Gyroscope,0.014385881000000001,-0.039333608,-0.29570153,1550002959959
22385,99,Accelerometer,1.2605472,-0.16400282,10.296265,1550002959959
22386,99,Gyroscope,0.014385881000000001,-0.06621168,-0.29570153,1550002959970
22387,99,Accelerometer,0.78769237,-1.1156979999999999,9.712079,1550002959970
22388,99,Gyroscope,-0.03387247,-0.09186802,-0.29386896,1550002959979
22389,99,Accelerometer,1.3778629999999998,-0.90261406,10.210073,1550002959980
22390,99,Gyroscope,-0.014324786,-0.09797667,-0.38733134,1550002959989
22391,99,Accelerometer,1.4449007999999999,-0.6691794,10.232818,1550002959990
22392,99,Gyroscope,-0.044868045,-0.09492235,-0.46491122,1550002959999
22393,99,Accelerometer,0.41299978,-1.2545617,9.506178,1550002959999
22394,99,Gyroscope,-0.087017745,-0.08087245,-0.5687583,1550002960010
22395,99,Accelerometer,1.1552023,0.12090719,10.772711,1550002960010
22396,99,Gyroscope,-0.037537664,-0.08942456,-0.6555012,1550002960019
22397,99,Accelerometer,0.4333505,-0.92416185,9.96347,1550002960020
22398,99,Gyroscope,-0.07418958,-0.082705036,-0.70375955,1550002960029
22399,99,Accelerometer,0.40102878,-0.20709845,9.582792,1550002960030
22400,99,Gyroscope,-0.08946121,-0.06926601,-0.7135334,1550002960039
22401,99,Accelerometer,0.45848963,0.30765492,9.935937,1550002960039
22402,99,Gyroscope,-0.054641888,-0.06560081,-0.71903116,1550002960049
22403,99,Accelerometer,0.39624038,0.49320555,9.93474,1550002960050
22404,99,Gyroscope,-0.072356984,-0.06560081,-0.69642913,1550002960060
22405,99,Accelerometer,0.6655880999999999,0.842759,9.941922,1550002960060
22406,99,Gyroscope,-0.06869179,-0.07537466,-0.70070523,1550002960069
22407,99,Accelerometer,0.78410107,0.9876082,9.758766,1550002960070
22408,99,Gyroscope,-0.03387247,-0.063768215,-0.69704,1550002960079
22409,99,Accelerometer,1.0510546,1.2844891999999999,9.624691,1550002960080
22410,99,Gyroscope,-0.06685919,-0.06010303,-0.6866553000000001,1550002960089
22411,99,Accelerometer,1.2294226000000001,1.3036428999999998,9.603143,1550002960089
22412,99,Gyroscope,-0.068080924,-0.063768215,-0.6909314000000001,1550002960100
22413,99,Accelerometer,1.2880806,1.2114661,9.763555,1550002960100
22414,99,Gyroscope,-0.056474485,-0.061935622,-0.70009434,1550002960109
22415,99,Accelerometer,1.292869,1.1707646999999999,9.510966,1550002960110
22416,99,Gyroscope,-0.08946121,-0.056437835,-0.7092573,1550002960119
22417,99,Accelerometer,1.246182,1.3299791,9.768343,1550002960120
22418,99,Gyroscope,-0.06502659599999999,-0.06498995,-0.7074246999999999,1550002960129
22419,99,Accelerometer,1.4293385,1.0366893,9.962274,1550002960129
22420,99,Gyroscope,-0.07174612,-0.06743341,-0.71536595,1550002960139
22421,99,Accelerometer,1.2964603000000001,1.3958195,9.629479,1550002960140
22422,99,Gyroscope,-0.10045678,-0.06743341,-0.69826174,1550002960150
22423,99,Accelerometer,1.6771383000000002,0.93613285,9.704897,1550002960150
22424,99,Gyroscope,-0.07846563,-0.06926601,-0.69642913,1550002960159
22425,99,Accelerometer,1.4700398000000001,0.9792285,9.680955,1550002960160
22426,99,Gyroscope,-0.080909096,-0.057659565999999995,-0.6848227,1550002960169
22427,99,Accelerometer,0.9947908000000001,0.5422866999999999,9.423578,1550002960169
22428,99,Gyroscope,-0.080909096,-0.047274857999999996,-0.6774923,1550002960179
22429,99,Accelerometer,0.79248077,0.5602431999999999,9.647436,1550002960179
22430,99,Gyroscope,-0.060750544000000004,-0.041166205,-0.6793249,1550002960190
22431,99,Accelerometer,0.81283146,0.58777654,9.497798,1550002960190
22432,99,Gyroscope,-0.06685919,-0.025894572999999997,-0.6573338000000001,1550002960199
22433,99,Accelerometer,0.46686932,0.6548142,9.40203,1550002960200
22434,99,Gyroscope,-0.056474485,-0.017953325,-0.64694905,1550002960209
22435,99,Accelerometer,0.49679685,0.7445967,9.854534,1550002960210
22436,99,Gyroscope,-0.038759395,-0.015509863999999998,-0.64755994,1550002960219
22437,99,Accelerometer,0.7182605,1.2006921999999998,9.888053,1550002960220
22438,99,Gyroscope,-0.06502659599999999,-0.012455538,-0.638397,1550002960229
22439,99,Accelerometer,0.8415619000000001,0.93732995,9.805453,1550002960229
22440,99,Gyroscope,-0.04853324,-0.016731594,-0.6426729999999999,1550002960239
22441,99,Accelerometer,1.0977415000000001,1.1815386,10.004171000000001,1550002960239
22442,99,Gyroscope,-0.06747006,-0.0032925587,-0.66283154,1550002960250
22443,99,Accelerometer,1.3706805,0.94810385,9.631872999999999,1550002960250
22444,99,Gyroscope,-0.06991352,0.0015943646,-0.68237925,1550002960259
22445,99,Accelerometer,1.2641385,0.7673416999999999,9.909601,1550002960260
22446,99,Gyroscope,-0.0790765,-0.009401211500000001,-0.6884879,1550002960269
22447,99,Accelerometer,0.9684546,-0.18794483,9.792285000000001,1550002960270
22448,99,Gyroscope,-0.08885034,-0.011844671999999999,-0.7263616,1550002960279
22449,99,Accelerometer,1.0714053,-0.38067806,10.119094,1550002960279
22450,99,Gyroscope,-0.06136141,-0.01734246,-0.7324702,1550002960289
22451,99,Accelerometer,0.5770026,-0.035913024,10.132261,1550002960290
22452,99,Gyroscope,-0.041202857999999995,-0.03750101,-0.7275833,1550002960299
22453,99,Accelerometer,0.49081135,0.415394,10.030508,1550002960300
22454,99,Gyroscope,-0.06380487,-0.055216104,-0.6762706,1550002960309
22455,99,Accelerometer,0.9672575000000001,0.6859388000000001,10.499771,1550002960310
22456,99,Gyroscope,-0.019211708,-0.08575937,-0.6090754,1550002960319
22457,99,Accelerometer,0.33877954,0.36511576,10.352528999999999,1550002960320
22458,99,Gyroscope,-0.0014966168,-0.06926601,-0.6164058000000001,1550002960329
22459,99,Accelerometer,0.7457938000000001,0.38067806,9.388862,1550002960329
22460,99,Gyroscope,-0.023487763,-0.055216104,-0.64878166,1550002960340
22461,99,Accelerometer,0.62967503,0.9576806999999999,9.19134,1550002960340
22462,99,Gyroscope,-0.040591992,-0.058270432000000004,-0.66099894,1550002960349
22463,99,Accelerometer,0.29209262,0.5518635000000001,10.05445,1550002960350
22464,99,Gyroscope,-0.035705067,-0.071098596,-0.6866553000000001,1550002960359
22465,99,Accelerometer,0.80445176,0.6811504,9.314642,1550002960360
22466,99,Gyroscope,-0.037537664,-0.07170947,-0.7043704000000001,1550002960369
22467,99,Accelerometer,0.9828198,1.1372458,8.901641999999999,1550002960369
22468,99,Gyroscope,-0.085185155,-0.028338033999999998,-0.7074246999999999,1550002960379
22469,99,Accelerometer,1.30484,1.6220716,10.59554,1550002960380
22470,99,Gyroscope,-0.02165517,-0.038722742000000004,-0.72086376,1550002960389
22471,99,Accelerometer,0.5327099000000001,1.4281414,10.728417,1550002960390
22472,99,Gyroscope,-0.054031022000000005,-0.068044275,-0.70498127,1550002960399
22473,99,Accelerometer,0.9696517,2.1404164,9.660604,1550002960400
22474,99,Gyroscope,-0.06930265599999999,-0.06437908,-0.6579446,1550002960409
22475,99,Accelerometer,1.1863270000000001,2.3235726000000003,10.664971000000001,1550002960409
22476,99,Gyroscope,-0.06747006,-0.10347446,-0.6225144,1550002960419
22477,99,Accelerometer,1.1827357,0.8571242,9.890448,1550002960420
22478,99,Gyroscope,-0.054641888,-0.10530706,-0.61335146,1550002960429
22479,99,Accelerometer,1.6232687,1.3299791,8.985439,1550002960430
22480,99,Gyroscope,-0.043035455,-0.0851485,-0.6029668,1550002960439
22481,99,Accelerometer,1.3754688999999998,1.3778629999999998,9.36492,1550002960440
22482,99,Gyroscope,-0.05830708,-0.07903985,-0.6060211,1550002960449
22483,99,Accelerometer,0.59376204,0.8379706,9.762358,1550002960450
22484,99,Gyroscope,-0.07602217,-0.08575937,-0.6090754,1550002960459
22485,99,Accelerometer,0.6584055,0.9660603999999999,9.988609,1550002960459
22486,99,Gyroscope,-0.0509767,-0.08331591,-0.6176275,1550002960469
22487,99,Accelerometer,0.90979666,0.89662856,9.910798,1550002960470
22488,99,Gyroscope,-0.04242459,-0.07232033,-0.6188493,1550002960480
22489,99,Accelerometer,0.5291186,1.1911154,9.659407,1550002960480
22490,99,Gyroscope,-0.06747006,-0.06498995,-0.61518407,1550002960489
22491,99,Accelerometer,0.4357447,0.92416185,9.54209,1550002960490
22492,99,Gyroscope,-0.07480045,-0.066822544,-0.6170167,1550002960499
22493,99,Accelerometer,0.7422025,0.8702923,9.7958765,1550002960500
22494,99,Gyroscope,-0.04975497,-0.07903985,-0.61274064,1550002960509
22495,99,Accelerometer,0.7038953,1.1935096,9.552864999999999,1550002960509
22496,99,Gyroscope,-0.06319401,-0.06743341,-0.6072428000000001,1550002960519
22497,99,Accelerometer,0.62608373,1.0498575,9.987411999999999,1550002960519
22498,99,Gyroscope,-0.051587567,-0.06987687,-0.5815865,1550002960530
22499,99,Accelerometer,0.81163436,0.45250413,10.036493,1550002960530
22500,99,Gyroscope,-0.018600842,-0.07842898,-0.5901386,1550002960539
22501,99,Accelerometer,0.5446809,1.1480197,9.539697,1550002960540
22502,99,Gyroscope,-0.054031022000000005,-0.07048774,-0.57486695,1550002960549
22503,99,Accelerometer,0.80086046,1.2497733,9.317036,1550002960550
22504,99,Gyroscope,-0.043646313,-0.06071389,-0.5638714,1550002960559
22505,99,Accelerometer,0.6811504,1.4341268999999999,9.921572,1550002960559
22506,99,Gyroscope,-0.036315932999999995,-0.05582697,-0.56142795,1550002960569
22507,99,Accelerometer,0.50397944,1.3060371000000002,9.88925,1550002960569
22508,99,Gyroscope,-0.03814853,-0.05460524,-0.54188025,1550002960580
22509,99,Accelerometer,0.62368953,1.3862427,9.97185,1550002960580
22510,99,Gyroscope,-0.029596416,-0.06437908,-0.5266086,1550002960590
22511,99,Accelerometer,0.8319851,1.62686,9.613917,1550002960590
22512,99,Gyroscope,-0.030207282000000002,-0.05216177599999999,-0.50645006,1550002960599
22513,99,Accelerometer,0.9816226999999998,1.5801731,9.586383999999999,1550002960600
22514,99,Gyroscope,-0.037537664,-0.047885723,-0.48934582,1550002960609
22515,99,Accelerometer,0.7505821999999999,1.1121067,9.973047,1550002960610
22516,99,Gyroscope,-0.031429015,-0.058881298,-0.47285247,1550002960619
22517,99,Accelerometer,0.6871359,1.3263878,9.988609,1550002960619
22518,99,Gyroscope,-0.019211708,-0.053383507000000004,-0.46674383,1550002960629
22519,99,Accelerometer,1.22224,0.91099375,9.263166,1550002960630
22520,99,Gyroscope,-0.006994404,-0.041777067,-0.45025045,1550002960640
22521,99,Accelerometer,1.1432313,1.6328455,9.522936999999999,1550002960640
22522,99,Gyroscope,-0.013103055,-0.043609664000000006,-0.42337240000000004,1550002960650
22523,99,Accelerometer,0.6488286999999999,1.2593501,9.300277000000001,1550002960650
22524,99,Gyroscope,-0.02165517,-0.05216177599999999,-0.42276153,1550002960659
22525,99,Accelerometer,0.9732430000000001,1.2916718999999999,9.770736999999999,1550002960659
22526,99,Gyroscope,-0.0057726726,-0.043609664000000006,-0.4074899,1550002960669
22527,99,Accelerometer,0.842759,1.4149733,9.738416,1550002960670
22528,99,Gyroscope,-0.03509419999999999,-0.033224955,-0.3824444,1550002960679
22529,99,Accelerometer,0.37948096,1.3946223999999998,9.81503,1550002960680
22530,99,Gyroscope,-0.032650746,-0.02222938,-0.37572488,1550002960689
22531,99,Accelerometer,0.6344634,1.0319009,9.710882000000002,1550002960690
22532,99,Gyroscope,-0.0008857511,-0.030781494,-0.40504643,1550002960699
22533,99,Accelerometer,0.80205756,1.7441759,9.8437605,1550002960699
22534,99,Gyroscope,-0.023487763,-0.027116302000000002,-0.37877923,1550002960709
22535,99,Accelerometer,0.12330139,1.7106571,9.65821,1550002960710
22536,99,Gyroscope,-0.035705067,-0.042998800000000004,-0.33479694,1550002960720
22537,99,Accelerometer,0.3172317,0.7685388000000001,10.429143,1550002960720
22538,99,Gyroscope,0.016218476000000003,-0.042387932999999996,-0.34273818,1550002960729
22539,99,Accelerometer,0.9947908000000001,1.1887212,9.986216,1550002960730
22540,99,Gyroscope,-0.029596416,-0.039333608,-0.34090558,1550002960739
22541,99,Accelerometer,0.89064306,1.9680338,9.446322,1550002960740
22542,99,Gyroscope,-0.038759395,-0.042387932999999996,-0.32257962,1550002960749
22543,99,Accelerometer,0.29927522,0.91099375,10.116699,1550002960749
22544,99,Gyroscope,0.0033903066,-0.059492163,-0.32929912,1550002960759
22545,99,Accelerometer,0.21068975,1.1192893,10.474632000000001,1550002960760
22546,99,Gyroscope,-0.044868045,-0.057048699999999994,-0.3366295,1550002960770
22547,99,Accelerometer,0.35793316,0.92057055,9.507375,1550002960770
22548,99,Gyroscope,-0.050365835,-0.06560081,-0.34762509999999996,1550002960779
22549,99,Accelerometer,0.38187516,1.1540052,10.344149,1550002960780
22550,99,Gyroscope,0.0076663624,-0.06865514,-0.34823596,1550002960789
22551,99,Accelerometer,-0.16998832,0.688333,10.131064,1550002960790
22552,99,Gyroscope,-0.050365835,-0.05216177599999999,-0.35617719999999997,1550002960799
22553,99,Accelerometer,-0.19871874,1.2425906999999998,9.8437605,1550002960800
22554,99,Gyroscope,-0.033261612,-0.05277264,-0.3512903,1550002960809
22555,99,Accelerometer,-0.0047884034,1.6891093000000001,9.639056,1550002960809
22556,99,Gyroscope,0.0052229017,-0.05582697,-0.33907297,1550002960819
22557,99,Accelerometer,0.93493575,1.5083469999999999,9.49301,1550002960820
22558,99,Gyroscope,-0.05586362,-0.039944474,-0.30425367,1550002960829
22559,99,Accelerometer,1.2797008,0.9923966000000001,10.30225,1550002960830
22560,99,Gyroscope,0.014385881000000001,-0.06254649,-0.2737104,1550002960839
22561,99,Accelerometer,1.6400281000000003,1.3204023,10.018537,1550002960840
22562,99,Gyroscope,-0.038759395,-0.058270432000000004,-0.26882347,1550002960849
22563,99,Accelerometer,2.0829554,0.5650316,9.779117,1550002960850
22564,99,Gyroscope,-0.04425718,-0.07903985,-0.29203635,1550002960859
22565,99,Accelerometer,2.1966799999999997,0.12330139,10.461464,1550002960859
22566,99,Gyroscope,-0.008216133,-0.10225273,-0.34945768,1550002960869
22567,99,Accelerometer,1.5897499,0.053869538,9.587581,1550002960869
22568,99,Gyroscope,-0.06930265599999999,-0.093089744,-0.39649429999999997,1550002960880
22569,99,Accelerometer,1.2737153,-0.09935937,9.617508,1550002960880
22570,99,Gyroscope,-0.0509767,-0.09431147599999999,-0.41970718,1550002960889
22571,99,Accelerometer,1.0295067,0.1412579,9.932345,1550002960890
22572,99,Gyroscope,-0.030207282000000002,-0.08392677,-0.4319245,1550002960899
22573,99,Accelerometer,0.415394,0.5542577,8.935161,1550002960900
22574,99,Gyroscope,-0.094959,-0.055216104,-0.42703757,1550002960909
22575,99,Accelerometer,0.22026655,1.1923125,9.325416,1550002960909
22576,99,Gyroscope,-0.046089776,-0.039944474,-0.39405084,1550002960919
22577,99,Accelerometer,0.33039984,1.6723499,9.532514,1550002960919
22578,99,Gyroscope,-0.044868045,-0.011844671999999999,-0.36595106,1550002960930
22579,99,Accelerometer,0.61890113,2.4648306,9.176975,1550002960930
22580,99,Gyroscope,-0.047311507,0.013811666499999998,-0.32196876,1550002960939
22581,99,Accelerometer,0.82240826,1.435324,9.586383999999999,1550002960940
22582,99,Gyroscope,-0.010659594,0.008313879,-0.32563394,1550002960949
22583,99,Accelerometer,0.7589619000000001,1.4484920000000001,9.5732155,1550002960950
22584,99,Gyroscope,-0.028374685,0.016865995,-0.32380134,1550002960959
22585,99,Accelerometer,1.4401124,1.3239936,9.283517,1550002960959
22586,99,Gyroscope,-0.03203988,0.021752916,-0.31097317,1550002960969
22587,99,Accelerometer,2.2409727999999998,1.091756,9.803059,1550002960969
22588,99,Gyroscope,-0.00027488545,0.008313879,-0.32074702,1550002960980
22589,99,Accelerometer,2.469619,1.0103531,9.482236,1550002960980
22590,99,Gyroscope,-0.022876898,0.005259555,-0.34212729999999997,1550002960989
22591,99,Accelerometer,2.4732103,0.7278373,8.828619,1550002960990
22592,99,Gyroscope,-0.02409863,0.008313879,-0.34090558,1550002960999
22593,99,Accelerometer,2.7257986,0.8846575000000001,8.740033,1550002961000
22594,99,Gyroscope,-0.055252752999999995,0.035191953,-0.33479694,1550002961009
22595,99,Accelerometer,1.3994108,1.6436194,10.055647,1550002961010
22596,99,Gyroscope,-0.022266036,0.035191953,-0.3384621,1550002961019
22597,99,Accelerometer,1.5502456,0.93373865,10.754754,1550002961019
22598,99,Gyroscope,-0.0509767,0.010757342,-0.30791885,1550002961029
22599,99,Accelerometer,2.3475148999999997,1.7729063000000003,11.139024000000001,1550002961030
22600,99,Gyroscope,-0.008826999,-0.042998800000000004,-0.28653857,1550002961039
22601,99,Accelerometer,2.1021092,1.4257472,9.9550905,1550002961040
22602,99,Gyroscope,-0.0033292117999999997,-0.043609664000000006,-0.29509068,1550002961049
22603,99,Accelerometer,1.4604629999999998,1.6555905,8.584411,1550002961050
22604,99,Gyroscope,-0.07052439,-0.016731594,-0.25538445,1550002961059
22605,99,Accelerometer,2.0242975,1.3790601,9.885659,1550002961060
22606,99,Gyroscope,0.018661937,-0.061324757,-0.27615386,1550002961069
22607,99,Accelerometer,1.8686744,1.0821792,10.395624,1550002961069
22608,99,Gyroscope,-0.03814853,-0.06071389,-0.28531682,1550002961079
22609,99,Accelerometer,1.8207904,1.0845733999999998,9.314642,1550002961079
22610,99,Gyroscope,-0.032650746,-0.057048699999999994,-0.28409509999999993,1550002961090
22611,99,Accelerometer,1.7465701,1.0103531,9.551667,1550002961090
22612,99,Gyroscope,-0.0021074805,-0.053383507000000004,-0.27676472,1550002961099
22613,99,Accelerometer,1.8195933000000002,1.4449007999999999,9.76954,1550002961100
22614,99,Gyroscope,-0.039981127000000005,-0.059492163,-0.2547736,1550002961109
22615,99,Accelerometer,1.4784195,1.0271125,9.788692999999999,1550002961110
22616,99,Gyroscope,0.004612036,-0.05460524,-0.24072365,1550002961119
22617,99,Accelerometer,1.5610195,0.35793316,9.384072999999999,1550002961119
22618,99,Gyroscope,-0.014324786,-0.029559765,-0.23583674,1550002961129
22619,99,Accelerometer,1.1133038,1.4425066,9.307459,1550002961129
22620,99,Gyroscope,-0.06930265599999999,0.0040378235,-0.22300857,1550002961140
22621,99,Accelerometer,0.8511386999999999,0.80924016,8.669404,1550002961140
22622,99,Gyroscope,-0.09618073,0.040689737000000004,-0.25294098,1550002961149
22623,99,Accelerometer,0.47405192,0.6667852,9.358934,1550002961150
22624,99,Gyroscope,-0.05708535,0.041300602,-0.26454740000000004,1550002961159
22625,99,Accelerometer,-0.3184288,1.9428947,10.133459,1550002961160
22626,99,Gyroscope,-0.058917947000000005,0.04863099,-0.27859733,1550002961169
22627,99,Accelerometer,0.82121116,0.93373865,9.441533999999999,1550002961169
22628,99,Gyroscope,-0.024709495,0.028472435,-0.23889107,1550002961179
22629,99,Accelerometer,0.80325466,1.22224,10.396821000000001,1550002961180
22630,99,Gyroscope,-0.0033292117999999997,0.04435493,-0.23033895,1550002961189
22631,99,Accelerometer,1.3263878,1.1156979999999999,8.88608,1550002961190
22632,99,Gyroscope,-0.08457429,0.052907042,-0.22117597,1550002961199
22633,99,Accelerometer,1.2366052,1.401805,9.871294,1550002961199
22634,99,Gyroscope,-0.005161807,0.03702455,-0.20285001,1550002961209
22635,99,Accelerometer,0.7685388000000001,-0.12569559,10.254366000000001,1550002961210
22636,99,Gyroscope,0.0058337674,0.008924745,-0.2242303,1550002961220
22637,99,Accelerometer,1.5071499,0.4321534000000001,10.119094,1550002961220
22638,99,Gyroscope,-0.054641888,-0.005125154,-0.20895867,1550002961229
22639,99,Accelerometer,1.8974048,0.24779987,10.079589,1550002961230
22640,99,Gyroscope,0.026603185,-0.027727167999999996,-0.22789548,1550002961239
22641,99,Accelerometer,1.958457,0.38307226,9.90601,1550002961240
22642,99,Gyroscope,-0.031429015,-0.020396786,-0.26027137,1550002961249
22643,99,Accelerometer,1.9153613999999999,1.2282255,9.67018,1550002961249
22644,99,Gyroscope,-0.04547891,-0.01978592,-0.25294098,1550002961259
22645,99,Accelerometer,1.3072342,0.8726865,9.846153999999999,1550002961260
22646,99,Gyroscope,0.05042693,-0.039944474,-0.2541627,1550002961269
22647,99,Accelerometer,1.0426749,1.270124,9.645041,1550002961270
22648,99,Gyroscope,-0.023487763,-0.028338033999999998,-0.24499972,1550002961279
22649,99,Accelerometer,0.9660603999999999,1.3718776000000001,9.633071000000001,1550002961280
22650,99,Gyroscope,-0.022876898,-0.02100765,-0.21262386,1550002961289
22651,99,Accelerometer,0.50876784,1.4389153000000001,9.579201,1550002961290
22652,99,Gyroscope,0.036377028,-0.035668418,-0.20407175,1550002961299
22653,99,Accelerometer,1.3491327,1.4975731,9.295488,1550002961299
22654,99,Gyroscope,-0.0021074805,-0.00817948,-0.19368704,1550002961309
22655,99,Accelerometer,1.1815386,1.2892777,9.051279,1550002961309
22656,99,Gyroscope,-0.013103055,0.008924745,-0.20651521,1550002961320
22657,99,Accelerometer,0.5374983,1.8255788,10.158598,1550002961320
22658,99,Gyroscope,0.0052229017,0.005259555,-0.1698633,1550002961329
22659,99,Accelerometer,1.447295,1.2246342,10.155006,1550002961330
22660,99,Gyroscope,-0.0076052677,0.0015943646,-0.17780454,1550002961339
22661,99,Accelerometer,0.6500258000000001,1.3994108,9.76116,1550002961340
22662,99,Gyroscope,-0.018600842,-0.0039034244,-0.1784154,1550002961349
22663,99,Accelerometer,0.81402856,1.1145009,9.704897,1550002961349
22664,99,Gyroscope,-0.020433438999999998,-0.021618515,-0.16008945,1550002961359
22665,99,Accelerometer,1.7142484,1.6112977,9.518148,1550002961360
22666,99,Gyroscope,-0.009437865,-0.02100765,-0.14909387,1550002961370
22667,99,Accelerometer,0.90500826,1.4401124,9.404425,1550002961370
22668,99,Gyroscope,-0.014935651999999999,-0.024672844,-0.15336993,1550002961379
22669,99,Accelerometer,0.6775591,1.2964603000000001,10.086772,1550002961380
22670,99,Gyroscope,0.020494534,-0.036279282999999996,-0.116718024,1550002961389
22671,99,Accelerometer,1.6627731,1.2761095,10.504559500000001,1550002961390
22672,99,Gyroscope,0.020494534,-0.041166205,-0.11427456,1550002961399
22673,99,Accelerometer,1.5286977,0.93373865,9.921572,1550002961399
22674,99,Gyroscope,-0.008826999,-0.057048699999999994,-0.12465927,1550002961409
22675,99,Accelerometer,1.2521674999999999,1.1719618,9.631872999999999,1550002961410
22676,99,Gyroscope,-0.017989976,-0.058270432000000004,-0.12343754,1550002961420
22677,99,Accelerometer,1.4460978999999998,1.0486604,9.447519999999999,1550002961420
22678,99,Gyroscope,-0.014935651999999999,-0.06010303,-0.113663696,1550002961429
22679,99,Accelerometer,1.4377182,0.8643068000000002,9.502586,1550002961430
22680,99,Gyroscope,-0.03509419999999999,-0.042998800000000004,-0.1521482,1550002961439
22681,99,Accelerometer,0.39264908,0.8690952,9.744401,1550002961440
22682,99,Gyroscope,-0.006994404,-0.036279282999999996,-0.13198964,1550002961449
22683,99,Accelerometer,1.2174516000000002,1.3670892,11.235989,1550002961450
22684,99,Gyroscope,-0.06258314,-0.01856419,-0.124048404,1550002961459
22685,99,Accelerometer,-0.10295067,0.7314286,10.736797,1550002961459
22686,99,Gyroscope,-0.06380487,-0.047885723,-0.11855062,1550002961469
22687,99,Accelerometer,-0.06584055,1.9764134999999998,11.270703999999999,1550002961470
22688,99,Gyroscope,-0.008216133,-0.12424388,-0.09533774,1550002961480
22689,99,Accelerometer,1.4532804,0.8391677,9.033323,1550002961480
22690,99,Gyroscope,-0.005161807,-0.11996782,-0.083120435,1550002961489
22691,99,Accelerometer,1.6903063999999999,1.7118542,7.4363904000000005,1550002961490
22692,99,Gyroscope,-0.03814853,-0.034446687000000004,-0.07579005,1550002961499
22693,99,Accelerometer,0.3890578,1.2916718999999999,9.1350765,1550002961500
22694,99,Gyroscope,-0.03387247,-0.05216177599999999,-0.071513996,1550002961509
22695,99,Accelerometer,0.33279404,0.6464345,10.56681,1550002961509
22696,99,Gyroscope,0.035155296,-0.06926601,-0.078844376,1550002961519
22697,99,Accelerometer,1.0139444,0.8690952,9.909601,1550002961519
22698,99,Gyroscope,-0.0039400775,-0.04605312599999999,-0.09167255,1550002961530
22699,99,Accelerometer,0.89902276,1.1145009,8.957906,1550002961530
22700,99,Gyroscope,0.022327128999999998,-0.03139236,-0.08556389999999998,1550002961539
22701,99,Accelerometer,0.6775591,1.541866,9.295488,1550002961540
22702,99,Gyroscope,0.028435782000000003,-0.04910745,-0.053798902999999995,1550002961549
22703,99,Accelerometer,0.6835446,0.7673416999999999,9.536105000000001,1550002961550
22704,99,Gyroscope,0.0492052,-0.05460524,-0.07517918,1550002961559
22705,99,Accelerometer,1.3623008,1.1707646999999999,9.6845455,1550002961560
22706,99,Gyroscope,0.03210097,-0.029559765,-0.05440977,1550002961569
22707,99,Accelerometer,0.6536171,2.4253263,9.679757,1550002961569
22708,99,Gyroscope,-0.03203988,0.026028972,-0.053188037,1550002961579
22709,99,Accelerometer,0.007182605,1.1372458,9.065644,1550002961579
22710,99,Gyroscope,0.0033903066,0.016865995,-0.035472944,1550002961590
22711,99,Accelerometer,-0.6428431,1.1911154,10.45907,1550002961590
22712,99,Gyroscope,-0.019822573,0.022974647999999997,-0.06479447,1550002961600
22713,99,Accelerometer,0.15562311,0.7577648,10.25676,1550002961600
22714,99,Gyroscope,-0.07785477,0.022974647999999997,-0.07640091,1550002961609
22715,99,Accelerometer,0.108936176,1.7166426,9.883265,1550002961610
22716,99,Gyroscope,-0.054641888,0.013200805,-0.07517918,1550002961619
22717,99,Accelerometer,0.37828386,1.0235212,10.516531,1550002961620
22718,99,Gyroscope,0.0015577096,-0.0026816929999999998,-0.106333315,1550002961629
22719,99,Accelerometer,0.59615624,1.3132197,9.932345,1550002961629
22720,99,Gyroscope,-0.02532036,0.0009834989999999999,-0.08739649,1550002961639
22721,99,Accelerometer,0.6823475,0.79008657,9.498994999999999,1550002961640
22722,99,Gyroscope,0.0009468458599999999,-0.004514288,-0.081898704,1550002961650
22723,99,Accelerometer,0.7781156,1.1623849,9.949105,1550002961650
22724,99,Gyroscope,0.020494534,-0.016731594,-0.07090313,1550002961659
22725,99,Accelerometer,0.7326256999999999,1.1540052,9.619903,1550002961660
22726,99,Gyroscope,-0.0045509413,-0.01734246,-0.06845967,1550002961669
22727,99,Accelerometer,0.61890113,1.0139444,9.53012,1550002961669
22728,99,Gyroscope,0.010109824,-0.0020708293,-0.05807496,1550002961680
22729,99,Accelerometer,0.34476504,1.0881646999999999,9.554062,1550002961680
22730,99,Gyroscope,-0.0045509413,0.0009834989999999999,-0.037916407,1550002961689
22731,99,Accelerometer,0.07062895,1.0714053,9.5385,1550002961690
22732,99,Gyroscope,-0.005161807,0.0022052303,-0.045246787000000004,1550002961699
22733,99,Accelerometer,0.20829555,1.5849615,9.89763,1550002961700
22734,99,Gyroscope,0.0040011713,-0.0014599635999999999,-0.029364292,1550002961709
22735,99,Accelerometer,0.10534488,1.590947,9.707291,1550002961710
22736,99,Gyroscope,-0.0033292117999999997,0.010757342,-0.013481795,1550002961719
22737,99,Accelerometer,-0.36511576,1.3551182,9.484630000000001,1550002961719
22738,99,Gyroscope,-0.0027183462,0.014422532,-0.004929682,1550002961729
22739,99,Accelerometer,0.6380547,1.3036428999999998,10.028113000000001,1550002961730
22740,99,Gyroscope,-0.010659594,0.0058704205,0.0127854105,1550002961740
22741,99,Accelerometer,0.7194576,0.49799395,10.247183,1550002961740
22742,99,Gyroscope,0.013775015,-0.01734246,0.0011789708,1550002961749
22743,99,Accelerometer,0.90381116,-0.04070143,9.921572,1550002961750
22744,99,Gyroscope,0.010109824,-0.029559765,-0.023866504,1550002961759
22745,99,Accelerometer,1.1336545,-0.62847793,9.8916445,1550002961760
22746,99,Gyroscope,0.0009468458599999999,-0.039333608,-0.05929669,1550002961769
22747,99,Accelerometer,1.0498575,-0.7529764,10.005369,1550002961769
22748,99,Gyroscope,-0.008216133,-0.042387932999999996,-0.117939755,1550002961779
22749,99,Accelerometer,0.770933,-0.62249243,10.143036,1550002961779
22750,99,Gyroscope,-0.03387247,-0.047885723,-0.15642425,1550002961790
22751,99,Accelerometer,0.26336220000000005,-0.6572084,10.238804,1550002961790
22752,99,Gyroscope,-0.031429015,-0.053994372,-0.20101742,1550002961799
22753,99,Accelerometer,-0.027533319,-0.10175357,9.947908,1550002961800
22754,99,Gyroscope,-0.047922373,-0.04910745,-0.21262386,1550002961809
22755,99,Accelerometer,0.23104046,0.6476316,9.736021000000001,1550002961810
22756,99,Gyroscope,-0.039981127000000005,-0.04055534,-0.22484116,1550002961819
22757,99,Accelerometer,0.22864626,1.0630256,9.336189,1550002961820
22758,99,Gyroscope,-0.046089776,-0.032003224,-0.22239770000000003,1550002961829
22759,99,Accelerometer,0.49200845,1.6555905,9.662998,1550002961829
22760,99,Gyroscope,-0.027152957000000002,-0.025894572999999997,-0.19796309,1550002961839
22761,99,Accelerometer,1.3096284,1.411382,9.910798,1550002961839
22762,99,Gyroscope,-0.010659594,-0.027727167999999996,-0.18880011,1550002961850
22763,99,Accelerometer,1.4341268999999999,1.4377182,9.435549,1550002961850
22764,99,Gyroscope,-0.024709495,-0.01856419,-0.19307616,1550002961860
22765,99,Accelerometer,1.4616601,1.3156139,9.785102,1550002961860
22766,99,Gyroscope,-0.008826999,-0.029559765,-0.19368704,1550002961869
22767,99,Accelerometer,1.7034745,0.79607207,9.956287,1550002961870
22768,99,Gyroscope,0.0040011713,-0.039944474,-0.20162828,1550002961879
22769,99,Accelerometer,2.0003555,0.59855044,9.651027000000001,1550002961880
22770,99,Gyroscope,-0.0076052677,-0.043609664000000006,-0.22484116,1550002961889
22771,99,Accelerometer,1.4867992,0.6572084,9.510966,1550002961889
22772,99,Gyroscope,-0.008826999,-0.033224955,-0.23400414,1550002961899
22773,99,Accelerometer,1.3922282,0.49081135,9.084799,1550002961900
22774,99,Gyroscope,-0.008216133,-0.023451112000000003,-0.24255626,1550002961910
22775,99,Accelerometer,1.436521,0.6356605,8.346188,1550002961910
22776,99,Gyroscope,0.026603185,-0.0020708293,-0.24805404,1550002961919
22777,99,Accelerometer,0.9564835999999999,0.9947908000000001,7.8517847000000005,1550002961920
22778,99,Gyroscope,0.032711837,0.061459154,-0.24622145,1550002961929
22779,99,Accelerometer,0.81043726,1.8662802,9.4774475,1550002961930
22780,99,Gyroscope,-0.037537664,0.11093924,-0.20651521,1550002961939
22781,99,Accelerometer,0.5805939,1.1971009,9.870096,1550002961939
22782,99,Gyroscope,-0.04425718,0.12132395,-0.18941098,1550002961949
22783,99,Accelerometer,0.7134720999999999,2.0638018,12.351686500000001,1550002961949
22784,99,Gyroscope,0.013775015,0.041300602,-0.20773694,1550002961960
22785,99,Accelerometer,1.043872,0.42975920000000006,9.554062,1550002961960
22786,99,Gyroscope,-0.02532036,0.05473964,-0.20407175,1550002961969
22787,99,Accelerometer,1.0330979999999998,2.1092918,9.408014999999999,1550002961970
22788,99,Gyroscope,-0.054641888,0.04985272,-0.16008945,1550002961979
22789,99,Accelerometer,1.6017209,0.93254155,10.664971000000001,1550002961980
22790,99,Gyroscope,0.035155296,0.027250702999999998,-0.14603955,1550002961989
22791,99,Accelerometer,1.590947,0.89184016,10.350133999999999,1550002961990
22792,99,Gyroscope,-0.029596416,0.0028160921999999997,-0.17413935,1550002961999
22793,99,Accelerometer,2.1966799999999997,1.4891934,10.066421499999999,1550002961999
22794,99,Gyroscope,-0.012492188999999999,-0.020396786,-0.16253291,1550002962009
22795,99,Accelerometer,2.0781669999999997,0.5805939,10.019734,1550002962009
22796,99,Gyroscope,0.008277228000000001,-0.026505437000000003,-0.14054176,1550002962020
22797,99,Accelerometer,1.1468226000000001,0.90500826,10.013748,1550002962020
22798,99,Gyroscope,-0.03203988,-0.028948900000000003,-0.12221581,1550002962029
22799,99,Accelerometer,1.5717934,0.051475335,9.879673,1550002962030
22800,99,Gyroscope,-0.0137139205,-0.05277264,-0.12893532,1550002962039
22801,99,Accelerometer,1.6735470000000001,1.4053963,10.448297,1550002962040
22802,99,Gyroscope,-0.006994404,-0.039944474,-0.13565484,1550002962049
22803,99,Accelerometer,1.5741876000000001,1.0953473,9.270349000000001,1550002962050
22804,99,Gyroscope,-0.046089776,-0.00817948,-0.1380983,1550002962059
22805,99,Accelerometer,0.5530606,1.7549498,9.041702,1550002962059
22806,99,Gyroscope,-0.050365835,-0.009401211500000001,-0.16558723,1550002962069
22807,99,Accelerometer,0.79487497,1.4281414,9.803059,1550002962070
22808,99,Gyroscope,0.010109824,-0.030781494,-0.16314377,1550002962080
22809,99,Accelerometer,0.44891283,1.340753,10.220847000000001,1550002962080
22810,99,Gyroscope,-0.03509419999999999,-0.0020708293,-0.13321137,1550002962089
22811,99,Accelerometer,0.22744916,0.91338795,8.971074,1550002962090
22812,99,Gyroscope,-0.04670064,0.0058704205,-0.11610716,1550002962099
22813,99,Accelerometer,0.5638345,1.3730746999999999,9.715671,1550002962100
22814,99,Gyroscope,0.0113315545,-0.009401211500000001,-0.11305283,1550002962109
22815,99,Accelerometer,1.3072342,0.82001406,10.141838,1550002962110
22816,99,Gyroscope,-0.017989976,-0.00817948,-0.10450072,1550002962119
22817,99,Accelerometer,1.2533646,0.6703765,9.033323,1550002962119
22818,99,Gyroscope,-0.041202857999999995,0.004648689,-0.11305283,1550002962130
22819,99,Accelerometer,1.3204023,0.866701,9.518148,1550002962130
22820,99,Gyroscope,-0.0027183462,0.00037263334000000003,-0.12954618,1550002962139
22821,99,Accelerometer,1.4915876000000001,0.997185,10.126275999999999,1550002962140
22822,99,Gyroscope,-0.036315932999999995,-0.0057360195,-0.13870916,1550002962149
22823,99,Accelerometer,1.0965444,1.3024458,9.7958765,1550002962150
22824,99,Gyroscope,-0.027763822999999997,-0.0039034244,-0.14115262,1550002962159
22825,99,Accelerometer,0.8858546,1.2114661,10.588357,1550002962160
22826,99,Gyroscope,0.008277228000000001,-0.019175055,-0.1417635,1550002962169
22827,99,Accelerometer,0.39025488,1.6053122,10.559627,1550002962169
22828,99,Gyroscope,-0.019211708,-0.030170628999999997,-0.13870916,1550002962179
22829,99,Accelerometer,0.5650316,1.3694833999999998,9.922769,1550002962179
22830,99,Gyroscope,0.0033903066,-0.051550914,-0.13260052,1550002962190
22831,99,Accelerometer,1.1959038,1.1420341999999999,9.697714,1550002962190
22832,99,Gyroscope,0.036987893,-0.06498995,-0.14970474,1550002962199
22833,99,Accelerometer,1.1887212,0.842759,9.425972,1550002962200
22834,99,Gyroscope,0.004612036,-0.055216104,-0.1607003,1550002962209
22835,99,Accelerometer,1.1049241,0.7182605,9.635465,1550002962209
22836,99,Gyroscope,0.036377028,-0.056437835,-0.15459166,1550002962219
22837,99,Accelerometer,1.3850456,0.9624690999999999,9.726444,1550002962219
22838,99,Gyroscope,-0.00027488545,-0.050940047999999995,-0.13932003,1550002962229
22839,99,Accelerometer,1.2497733,0.58538234,9.340978,1550002962230
22840,99,Gyroscope,-0.012492188999999999,-0.038111877,-0.13565484,1550002962239
22841,99,Accelerometer,0.89662856,0.8343792999999999,9.945514,1550002962240
22842,99,Gyroscope,-0.008216133,-0.034446687000000004,-0.14054176,1550002962249
22843,99,Accelerometer,0.9564835999999999,0.9672575000000001,10.213664,1550002962250
22844,99,Gyroscope,-0.009437865,-0.038722742000000004,-0.1417635,1550002962259
22845,99,Accelerometer,1.0402806,1.0055646999999999,9.461885,1550002962259
22846,99,Gyroscope,-0.016768249,-0.017953325,-0.14909387,1550002962269
22847,99,Accelerometer,0.81761986,1.3012487,9.396044999999999,1550002962270
22848,99,Gyroscope,-0.031429015,-0.006957751,-0.14726128,1550002962279
22849,99,Accelerometer,0.6428431,1.5981296,9.653421,1550002962280
22850,99,Gyroscope,-0.019822573,-0.014898999,-0.12893532,1550002962289
22851,99,Accelerometer,0.91697925,1.4544774999999999,9.980229,1550002962290
22852,99,Gyroscope,-0.01737911,-0.00817948,-0.1344331,1550002962299
22853,99,Accelerometer,0.6667852,1.1240777,9.700109,1550002962300
22854,99,Gyroscope,-0.028374685,0.0015943646,-0.12893532,1550002962309
22855,99,Accelerometer,0.82480246,1.3120226000000001,9.562441999999999,1550002962309
22856,99,Gyroscope,-0.047922373,-0.0032925587,-0.13382225,1550002962319
22857,99,Accelerometer,0.78410107,1.4329298000000001,10.155006,1550002962319
22858,99,Gyroscope,-0.01127046,-0.021618515,-0.13932003,1550002962330
22859,99,Accelerometer,0.7625531999999999,1.0450690999999999,10.232818,1550002962330
22860,99,Gyroscope,-0.0045509413,-0.025894572999999997,-0.13260052,1550002962339
22861,99,Accelerometer,0.94451255,0.9732430000000001,8.626308,1550002962340
22862,99,Gyroscope,-0.03509419999999999,0.011979073,-0.125881,1550002962349
22863,99,Accelerometer,1.1061212,2.2158337,10.691308,1550002962350
22864,99,Gyroscope,0.0015577096,0.01992032,-0.12527013,1550002962359
22865,99,Accelerometer,0.37349546,1.2282255,10.779893,1550002962360
22866,99,Gyroscope,-0.046089776,-0.01734246,-0.12038321,1550002962369
22867,99,Accelerometer,-0.08020575,1.1911154,11.68131,1550002962369
22868,99,Gyroscope,0.0021685753,-0.09797667,-0.089229085,1550002962379
22869,99,Accelerometer,1.8279729999999998,0.6560113000000001,9.860519,1550002962380
22870,99,Gyroscope,0.04554001,-0.07903985,-0.066016205,1550002962390
22871,99,Accelerometer,2.255338,2.8072014,7.908048,1550002962390
22872,99,Gyroscope,-0.080909096,-0.013066402,-0.06662707,1550002962399
22873,99,Accelerometer,0.34955344,1.0809821000000002,9.494206,1550002962400
22874,99,Gyroscope,-0.023487763,-0.034446687000000004,-0.10572245,1550002962409
22875,99,Accelerometer,0.4357447,0.5470751,10.82658,1550002962410
22876,99,Gyroscope,0.03393357,-0.06560081,-0.09533774,1550002962419
22877,99,Accelerometer,0.91817635,1.1611878,9.762358,1550002962419
22878,99,Gyroscope,-0.06319401,-0.050329182,-0.093505144,1550002962429
22879,99,Accelerometer,1.0642227,0.7769185000000001,9.293094,1550002962429
22880,99,Gyroscope,0.048594332999999997,-0.042998800000000004,-0.10816591,1550002962440
22881,99,Accelerometer,0.36391866,1.0151415000000001,9.325416,1550002962440
22882,99,Gyroscope,-0.016157383,-0.01734246,-0.11855062,1550002962449
22883,99,Accelerometer,0.45130703,0.91338795,8.8645315,1550002962450
22884,99,Gyroscope,0.0027794409999999997,-0.033224955,-0.10144639,1550002962459
22885,99,Accelerometer,0.4261679,1.3395559,9.809045,1550002962460
22886,99,Gyroscope,0.0650877,-0.020396786,-0.06968139999999999,1550002962469
22887,99,Accelerometer,0.7038953,1.7681179,10.509348,1550002962469
22888,99,Gyroscope,0.0094989585,0.007092151999999999,-0.045246787000000004,1550002962479
22889,99,Accelerometer,1.0773908,1.1935096,8.507795,1550002962479
22890,99,Gyroscope,-0.0027183462,0.015033398,-0.028142562000000003,1550002962490
22891,99,Accelerometer,0.581791,2.2972363999999996,10.126275999999999,1550002962490
22892,99,Gyroscope,0.022937994,-0.0057360195,-0.028753427999999998,1550002962499
22893,99,Accelerometer,0.46088383,0.8571242,10.553641,1550002962500
22894,99,Gyroscope,-0.0076052677,-0.016120728,-0.048301116,1550002962509
22895,99,Accelerometer,0.7086836999999999,1.6017209,10.253169,1550002962510
22896,99,Gyroscope,-0.030207282000000002,-0.023451112000000003,-0.05257717,1550002962519
22897,99,Accelerometer,0.93852705,1.1779473,9.388862,1550002962520
22898,99,Gyroscope,0.046761736,-0.026505437000000003,-0.06418361,1550002962529
22899,99,Accelerometer,1.0570401000000003,0.997185,9.163807,1550002962529
22900,99,Gyroscope,0.014385881000000001,-0.0014599635999999999,-0.038527273,1550002962540
22901,99,Accelerometer,0.08140286,0.8379706,9.161413,1550002962540
22902,99,Gyroscope,0.004612036,-0.011844671999999999,-0.037916407,1550002962549
22903,99,Accelerometer,0.36990416,0.89902276,9.873688000000001,1550002962550
22904,99,Gyroscope,0.057146445,-0.020396786,-0.04646852,1550002962559
22905,99,Accelerometer,0.5351041,0.81642276,9.799467,1550002962560
22906,99,Gyroscope,0.011942419,-0.009401211500000001,-0.034251212999999996,1550002962569
22907,99,Accelerometer,0.20231004,1.091756,9.266758,1550002962570
22908,99,Gyroscope,-0.017989976,0.011979073,-0.026309965,1550002962579
22909,99,Accelerometer,-0.16639702,1.1959038,9.933542999999998,1550002962579
22910,99,Gyroscope,0.016218476000000003,0.014422532,-0.042192463,1550002962589
22911,99,Accelerometer,0.17717093,1.0702082,10.158598,1550002962589
22912,99,Gyroscope,-0.01127046,0.013811666499999998,-0.025088236,1550002962600
22913,99,Accelerometer,0.009576807,1.3263878,9.783905,1550002962600
22914,99,Gyroscope,-0.02532036,0.016865995,-0.030586022999999997,1550002962609
22915,99,Accelerometer,0.16879122,0.93014735,9.701305,1550002962610
22916,99,Gyroscope,0.021716263,0.025418106,-0.039138135,1550002962619
22917,99,Accelerometer,0.22385786,1.4700398000000001,9.572019000000001,1550002962620
22918,99,Gyroscope,-0.049144104,0.051074445,-0.029975157000000002,1550002962629
22919,99,Accelerometer,-0.23582886,1.2270284,9.385271000000001,1550002962630
22920,99,Gyroscope,-0.0076052677,0.022974647999999997,-0.03608381,1550002962639
22921,99,Accelerometer,0.16879122,1.4161704,10.053253,1550002962639
22922,99,Gyroscope,0.01316415,0.013811666499999998,-0.04402506,1550002962649
22923,99,Accelerometer,0.13766660000000003,1.2354081000000001,9.24521,1550002962649
22924,99,Gyroscope,-0.024709495,0.026639838,-0.041581597000000005,1550002962660
22925,99,Accelerometer,0.04189853,1.3180081,9.877279,1550002962660
22926,99,Gyroscope,-0.0063835381999999994,0.029694162000000003,-0.029364292,1550002962670
22927,99,Accelerometer,0.42377370000000003,0.79966336,9.92636,1550002962670
22928,99,Gyroscope,-0.027152957000000002,0.02786157,-0.030586022999999997,1550002962679
22929,99,Accelerometer,0.90979666,0.9612719999999999,10.315418,1550002962680
22930,99,Gyroscope,-0.00027488545,0.006481286,-0.03486208,1550002962689
22931,99,Accelerometer,1.3395559,1.0582372,10.34774,1550002962690
22932,99,Gyroscope,-0.005161807,-0.016120728,-0.045857653,1550002962699
22933,99,Accelerometer,1.6077063999999999,0.50757074,10.208876,1550002962699
22934,99,Gyroscope,-0.02165517,-0.039333608,-0.06296188,1550002962709
22935,99,Accelerometer,1.7884687,0.7218518,10.28549,1550002962710
22936,99,Gyroscope,0.014996746000000002,-0.06254649,-0.074568324,1550002962719
22937,99,Accelerometer,1.9081788,0.44173019999999996,9.860519,1550002962720
22938,99,Gyroscope,-0.016768249,-0.07415293,-0.09717034,1550002962729
22939,99,Accelerometer,1.9057846,0.60693014,9.594764,1550002962730
22940,99,Gyroscope,-0.016768249,-0.06987687,-0.11060937,1550002962739
22941,99,Accelerometer,1.1324573999999998,0.49081135,9.363723,1550002962739
22942,99,Gyroscope,-0.019211708,-0.046663992,-0.12649186,1550002962749
22943,99,Accelerometer,0.5351041,0.5686229,9.166202,1550002962750
22944,99,Gyroscope,-0.058917947000000005,-0.025283707000000002,-0.12832445,1550002962759
22945,99,Accelerometer,0.033518825,0.7338228,9.598353999999999,1550002962760
22946,99,Gyroscope,-0.054641888,0.00037263334000000003,-0.1417635,1550002962769
22947,99,Accelerometer,0.39983168,0.44891283,10.45907,1550002962770
22948,99,Gyroscope,-0.012492188999999999,-0.025894572999999997,-0.16192204,1550002962779
22949,99,Accelerometer,0.50876784,1.0809821000000002,9.892841,1550002962779
22950,99,Gyroscope,-0.008826999,-0.02100765,-0.13870916,1550002962789
22951,99,Accelerometer,1.5957354,0.6691794,8.933964,1550002962789
22952,99,Gyroscope,-0.0063835381999999994,-0.013677267,-0.13382225,1550002962800
22953,99,Accelerometer,1.8722657,0.91099375,8.093599000000001,1550002962800
22954,99,Gyroscope,-0.043646313,0.029694162000000003,-0.1521482,1550002962809
22955,99,Accelerometer,1.2425906999999998,1.6938977,9.55885,1550002962810
22956,99,Gyroscope,-0.054641888,0.03274849,-0.17291762,1550002962819
22957,99,Accelerometer,1.2797008,-0.17118542,10.619482000000001,1550002962820
22958,99,Gyroscope,-0.034483336,0.0058704205,-0.15703513,1550002962829
22959,99,Accelerometer,2.384625,0.108936176,11.386824,1550002962830
22960,99,Gyroscope,0.028435782000000003,-0.049718317000000005,-0.17536108,1550002962839
22961,99,Accelerometer,2.5043349999999998,0.45130703,9.329007,1550002962839
22962,99,Gyroscope,-0.027763822999999997,-0.017953325,-0.21140213,1550002962849
22963,99,Accelerometer,1.9273324,1.1432313,9.295488,1550002962849
22964,99,Gyroscope,-0.027152957000000002,-0.0032925587,-0.1942979,1550002962860
22965,99,Accelerometer,2.0590134,0.92775315,10.41358,1550002962860
22966,99,Gyroscope,0.047372602,-0.024672844,-0.19307616,1550002962869
22967,99,Accelerometer,1.8136078000000002,1.2258313,10.237606,1550002962870
22968,99,Gyroscope,-0.024709495,-0.029559765,-0.19796309,1550002962879
22969,99,Accelerometer,1.2880806,1.6328455,9.958682000000001,1550002962880
22970,99,Gyroscope,0.013775015,-0.043609664000000006,-0.17780454,1550002962889
22971,99,Accelerometer,1.364695,2.1068976000000004,9.642648,1550002962890
22972,99,Gyroscope,0.027824916,-0.03139236,-0.1380983,1550002962899
22973,99,Accelerometer,1.9476831000000001,1.8710686,8.983044999999999,1550002962899
22974,99,Gyroscope,0.008277228000000001,-0.050329182,-0.09533774,1550002962909
22975,99,Accelerometer,1.1875241,1.5167267,9.642648,1550002962910
22976,99,Gyroscope,0.04370741,-0.053383507000000004,-0.09533774,1550002962920
22977,99,Accelerometer,1.1911154,1.484405,10.040085000000001,1550002962920
22978,99,Gyroscope,0.006444632,-0.010012077,-0.12465927,1550002962929
22979,99,Accelerometer,1.8339584999999998,1.2785037000000001,8.403648,1550002962930
22980,99,Gyroscope,-0.018600842,0.011979073,-0.109387636,1550002962939
22981,99,Accelerometer,0.842759,1.7573439999999998,9.263166,1550002962940
22982,99,Gyroscope,0.006444632,0.021752916,-0.09839206,1550002962949
22983,99,Accelerometer,0.81881696,1.0199299000000002,9.977836,1550002962950
22984,99,Gyroscope,-0.021044305,0.03152676,-0.089229085,1550002962959
22985,99,Accelerometer,0.29688102,1.4568716999999998,9.052477,1550002962959
22986,99,Gyroscope,-0.03387247,0.044965795999999995,-0.09228341,1550002962969
22987,99,Accelerometer,1.4784195,1.5981296,9.512163000000001,1550002962970
22988,99,Gyroscope,0.0040011713,0.046187527,-0.038527273,1550002962979
22989,99,Accelerometer,0.4357447,1.5921441,9.502586,1550002962980
22990,99,Gyroscope,-0.059528813,0.07245473,-0.051966306,1550002962989
22991,99,Accelerometer,0.89662856,1.6340426000000001,8.983044999999999,1550002962990
22992,99,Gyroscope,-0.04670064,0.06573521,-0.06907053,1550002962999
22993,99,Accelerometer,1.7178397,2.1284454,10.399215,1550002963000
22994,99,Gyroscope,-0.02165517,0.042522334,-0.04097073,1550002963009
22995,99,Accelerometer,1.8423381999999997,0.89902276,10.181343,1550002963009
22996,99,Gyroscope,-0.0369268,0.044965795999999995,-0.033640347,1550002963019
22997,99,Accelerometer,1.5155296,0.61890113,9.987411999999999,1550002963019
22998,99,Gyroscope,-0.043646313,0.0015943646,-0.038527273,1550002963030
22999,99,Accelerometer,2.0135236,1.1719618,11.133038,1550002963030
23000,99,Gyroscope,0.0033903066,-0.041777067,-0.034251212999999996,1550002963039
23001,99,Accelerometer,2.5079262000000004,0.6500258000000001,10.9426985,1550002963040
23002,99,Gyroscope,-0.010659594,-0.06071389,0.0024007012,1550002963049
23003,99,Accelerometer,1.5047556999999998,0.3172317,10.457873,1550002963050
23004,99,Gyroscope,-0.026542092000000003,-0.06254649,-0.045857653,1550002963059
23005,99,Accelerometer,1.7250223000000002,0.58298814,9.76954,1550002963060
23006,99,Gyroscope,0.0033903066,-0.063768215,-0.078844376,1550002963069
23007,99,Accelerometer,1.2737153,0.81163436,9.872491,1550002963069
23008,99,Gyroscope,-0.028374685,-0.04910745,-0.08495303,1550002963079
23009,99,Accelerometer,-0.04070143,0.35913026,9.695319999999999,1550002963079
23010,99,Gyroscope,-0.055252752999999995,-0.023451112000000003,-0.11732889,1550002963090
23011,99,Accelerometer,-0.31124622,0.39025488,10.160992,1550002963090
23012,99,Gyroscope,-0.03203988,-0.021618515,-0.13565484,1550002963099
23013,99,Accelerometer,-0.5494693,0.5446809,9.718064,1550002963100
23014,99,Gyroscope,-0.036315932999999995,-0.008790346,-0.14603955,1550002963109
23015,99,Accelerometer,-0.031124622,-0.04070143,9.2308445,1550002963110
23016,99,Gyroscope,-0.018600842,-0.0014599635999999999,-0.16497637,1550002963119
23017,99,Accelerometer,-0.08379706,0.6727706999999999,9.173384,1550002963120
23018,99,Gyroscope,-0.050365835,0.034581087999999996,-0.17352848,1550002963129
23019,99,Accelerometer,0.45370123,1.3215994,9.580399,1550002963129
23020,99,Gyroscope,-0.04242459,0.036413684,-0.1643655,1550002963139
23021,99,Accelerometer,1.1444284,0.7170634,10.135853,1550002963140
23022,99,Gyroscope,-0.026542092000000003,0.026639838,-0.17536108,1550002963150
23023,99,Accelerometer,1.043872,0.6512229,10.108319,1550002963150
23024,99,Gyroscope,-0.054641888,0.016865995,-0.18085887,1550002963159
23025,99,Accelerometer,1.3850456,1.1575965,9.750386,1550002963160
23026,99,Gyroscope,-0.016768249,-0.012455538,-0.16008945,1550002963170
23027,99,Accelerometer,2.0649989,1.6101006000000002,9.652225,1550002963170
23028,99,Gyroscope,-0.0137139205,-0.026505437000000003,-0.13565484,1550002963179
23029,99,Accelerometer,1.8746599,0.58777654,10.064027000000001,1550002963179
23030,99,Gyroscope,-0.03203988,-0.036890145,-0.14603955,1550002963190
23031,99,Accelerometer,1.9357121,1.2485761999999998,10.129868,1550002963190
23032,99,Gyroscope,0.018051071000000002,-0.068044275,-0.10450072,1550002963199
23033,99,Accelerometer,2.5043349999999998,1.9225439999999998,8.632295,1550002963199
23034,99,Gyroscope,-0.05830708,-0.07170947,-0.09655947,1550002963210
23035,99,Accelerometer,0.40701428,1.34195,9.5253315,1550002963210
23036,99,Gyroscope,-0.054031022000000005,-0.068044275,-0.09411601,1550002963219
23037,99,Accelerometer,0.10414778,0.7206547,11.354502,1550002963219
23038,99,Gyroscope,-0.0369268,-0.1291308,-0.08250957,1550002963230
23039,99,Accelerometer,1.9835961,1.1516110000000002,9.866506,1550002963230
23040,99,Gyroscope,0.057146445,-0.16150665,-0.10022466,1550002963239
23041,99,Accelerometer,1.3024458,1.3227965,8.0684595,1550002963239
23042,99,Gyroscope,0.014385881000000001,-0.06865514,-0.112441964,1550002963249
23043,99,Accelerometer,-0.29328972,0.81881696,8.622717999999999,1550002963250
23044,99,Gyroscope,-0.057696215999999995,-0.027727167999999996,-0.08434217,1550002963259
23045,99,Accelerometer,-0.5446809,1.0187328000000002,10.647015,1550002963259
23046,99,Gyroscope,0.047372602,-0.06743341,-0.09106168,1550002963270
23047,99,Accelerometer,0.6931214,0.36032736,10.43034,1550002963270
23048,99,Gyroscope,0.04370741,-0.08453764,-0.10877677,1550002963280
23049,99,Accelerometer,0.25498247,0.92176765,8.365341,1550002963280
23050,99,Gyroscope,-0.06685919,-0.015509863999999998,-0.10388985,1550002963289
23051,99,Accelerometer,0.17477672,1.3587095,9.338583999999999,1550002963289
23052,99,Gyroscope,0.008888093,-0.009401211500000001,-0.06845967,1550002963300
23053,99,Accelerometer,0.89064306,0.997185,10.228029,1550002963300
23054,99,Gyroscope,0.004612036,-0.028338033999999998,-0.07945524,1550002963309
23055,99,Accelerometer,0.49559975,1.1097125,10.606314,1550002963309
23056,99,Gyroscope,-0.02409863,-0.042998800000000004,-0.056853227,1550002963320
23057,99,Accelerometer,1.1384428999999998,0.92655605,10.234015,1550002963320
23058,99,Gyroscope,0.0070554977,-0.016731594,-0.050744575,1550002963329
23059,99,Accelerometer,1.0043676,1.650802,9.64983,1550002963329
23060,99,Gyroscope,-0.030818147999999997,-0.0014599635999999999,-0.041581597000000005,1550002963339
23061,99,Accelerometer,0.5542577,0.7170634,9.412804,1550002963340
23062,99,Gyroscope,-0.05708535,0.0058704205,-0.07945524,1550002963349
23063,99,Accelerometer,0.7026982,0.93852705,10.339360000000001,1550002963349
23064,99,Gyroscope,0.0033903066,-0.015509863999999998,-0.09167255,1550002963359
23065,99,Accelerometer,0.78649527,0.6931214,9.437942999999999,1550002963360
23066,99,Gyroscope,-0.029596416,-0.014898999,-0.09533774,1550002963369
23067,99,Accelerometer,0.5374983,1.6208745,9.228451,1550002963370
23068,99,Gyroscope,-0.04425718,-0.0026816929999999998,-0.07701178,1550002963379
23069,99,Accelerometer,0.6787562,1.1659763,9.996989,1550002963379
23070,99,Gyroscope,0.0070554977,-0.019175055,-0.07334659,1550002963390
23071,99,Accelerometer,0.9995792,0.81043726,9.878476,1550002963390
23072,99,Gyroscope,-0.016157383,-0.013066402,-0.06907053,1550002963399
23073,99,Accelerometer,0.8331822,1.5107412,9.728839,1550002963399
23074,99,Gyroscope,-0.038759395,-0.00023823230999999999,-0.07701178,1550002963410
23075,99,Accelerometer,0.9840169,1.2294226000000001,9.550469999999999,1550002963410
23076,99,Gyroscope,-0.0045509413,0.00037263334000000003,-0.06051842,1550002963419
23077,99,Accelerometer,0.7386111999999999,1.4879963,10.097546000000001,1550002963419
23078,99,Gyroscope,-0.030207282000000002,-0.00817948,-0.050744575,1550002963429
23079,99,Accelerometer,0.88944596,0.8487445,9.93474,1550002963430
23080,99,Gyroscope,-0.008216133,-0.014898999,-0.06662707,1550002963439
23081,99,Accelerometer,1.3036428999999998,1.1372458,9.56723,1550002963439
23082,99,Gyroscope,-0.0076052677,-0.013066402,-0.05807496,1550002963449
23083,99,Accelerometer,0.8726865,1.0043676,9.958682000000001,1550002963450
23084,99,Gyroscope,-0.0063835381999999994,-0.013677267,-0.078844376,1550002963459
23085,99,Accelerometer,1.2054806,0.91338795,9.965864,1550002963459
23086,99,Gyroscope,-0.00027488545,-0.017953325,-0.06479447,1550002963469
23087,99,Accelerometer,0.91458505,0.8367735000000001,9.776722999999999,1550002963470
23088,99,Gyroscope,-0.0137139205,-0.032003224,-0.06418361,1550002963479
23089,99,Accelerometer,0.90141696,1.0163386,9.907207000000001,1550002963479
23090,99,Gyroscope,0.006444632,-0.038111877,-0.067237936,1550002963489
23091,99,Accelerometer,1.2006921999999998,1.0833763,9.91439,1550002963490
23092,99,Gyroscope,-0.0027183462,-0.042387932999999996,-0.055020634000000006,1550002963499
23093,99,Accelerometer,0.8750806999999999,1.1552023,9.782708,1550002963500
23094,99,Gyroscope,-0.01127046,-0.055216104,-0.03608381,1550002963509
23095,99,Accelerometer,0.6691794,1.1384428999999998,9.994595,1550002963510
23096,99,Gyroscope,0.0058337674,-0.059492163,-0.03730554,1550002963519
23097,99,Accelerometer,0.89184016,1.3263878,9.67018,1550002963520
23098,99,Gyroscope,0.0040011713,-0.029559765,-0.020201313999999998,1550002963529
23099,99,Accelerometer,0.5602431999999999,1.5035586,8.90643,1550002963529
23100,99,Gyroscope,-0.0057726726,-0.006957751,-0.020201313999999998,1550002963539
23101,99,Accelerometer,0.51475334,1.2952632,8.876503,1550002963540
23102,99,Gyroscope,0.058979042,-0.016731594,-0.016536122,1550002963549
23103,99,Accelerometer,0.79248077,1.9249381999999997,9.872491,1550002963550
23104,99,Gyroscope,0.04004222,-0.019175055,0.021337522,1550002963559
23105,99,Accelerometer,0.7266402,1.3754688999999998,10.205285,1550002963560
23106,99,Gyroscope,0.006444632,-0.020396786,0.025002714,1550002963569
23107,99,Accelerometer,1.4508862,1.8148049,10.195708,1550002963570
23108,99,Gyroscope,-0.0008857511,-0.035668418,0.0017898360000000002,1550002963579
23109,99,Accelerometer,1.1133038,1.0055646999999999,9.807847,1550002963579
23110,99,Gyroscope,0.04004222,-0.04849659,-0.0030970859999999998,1550002963589
23111,99,Accelerometer,0.9792285,0.49320555,8.032547000000001,1550002963590
23112,99,Gyroscope,0.05164866,-0.03261409,0.0030115664,1550002963599
23113,99,Accelerometer,1.4712370000000001,1.2617443000000002,8.026561000000001,1550002963599
23114,99,Gyroscope,-0.024709495,0.022363782000000002,-0.011649198999999999,1550002963611
23115,99,Accelerometer,-0.5542577,1.1504139,10.340557,1550002963611
23116,99,Gyroscope,-0.008216133,0.046798393,0.0030115664,1550002963619
23117,99,Accelerometer,0.24660277,0.7266402,12.7096195,1550002963619
23118,99,Gyroscope,-0.033261612,-0.03261409,0.0030115664,1550002963629
23119,99,Accelerometer,0.80445176,0.37469256,10.372879,1550002963630
23120,99,Gyroscope,0.021716263,-0.04910745,-0.042192463,1550002963639
23121,99,Accelerometer,0.48602295,1.6184803,9.591172,1550002963640
23122,99,Gyroscope,-0.012492188999999999,-0.013066402,-0.031807754,1550002963649
23123,99,Accelerometer,0.12928689,1.1982979999999999,8.947132,1550002963650
23124,99,Gyroscope,-0.04242459,0.0034269579,-0.0012644903,1550002963659
23125,99,Accelerometer,0.1328782,1.2378023,11.044453,1550002963660
23126,99,Gyroscope,0.0058337674,-0.041777067,-0.0037079514000000003,1550002963669
23127,99,Accelerometer,0.6368576,0.9636662,10.975019999999999,1550002963670
23128,99,Gyroscope,0.04004222,-0.079650715,-0.017146988000000002,1550002963679
23129,99,Accelerometer,0.6428431,1.2916718999999999,9.119514,1550002963680
23130,99,Gyroscope,-0.027763822999999997,-0.042387932999999996,0.012174546000000001,1550002963689
23131,99,Accelerometer,0.2873042,0.9600749,8.772355000000001,1550002963690
23132,99,Gyroscope,0.0021685753,-0.00817948,-0.013481795,1550002963699
23133,99,Accelerometer,-0.021547815,0.6967127,9.635465,1550002963700
23134,99,Gyroscope,0.018661937,0.0040378235,-0.007984008,1550002963709
23135,99,Accelerometer,0.07182605,0.7577648,9.868899,1550002963710
23136,99,Gyroscope,-0.03203988,0.006481286,-0.049522847,1550002963719
23137,99,Accelerometer,-0.25617957,0.80684596,9.284714,1550002963720
23138,99,Gyroscope,-0.041813724,0.025418106,-0.062351014,1550002963729
23139,99,Accelerometer,0.4165911,0.91578215,9.27394,1550002963730
23140,99,Gyroscope,-0.039981127000000005,0.049241855999999994,-0.09900293,1550002963739
23141,99,Accelerometer,-0.130484,1.1540052,9.721656,1550002963739
23142,99,Gyroscope,-0.056474485,0.04007887,-0.10083552400000001,1550002963750
23143,99,Accelerometer,-0.05865794,0.11252748,10.275913000000001,1550002963750
23144,99,Gyroscope,-0.03203988,0.024807245,-0.11732889,1550002963759
23145,99,Accelerometer,0.25258827,0.8870517,10.171766,1550002963760
23146,99,Gyroscope,-0.01127046,0.019309454,-0.11610716,1550002963769
23147,99,Accelerometer,0.61411273,1.0905589,9.242816,1550002963769
23148,99,Gyroscope,-0.030818147999999997,0.026028972,-0.102057256,1550002963779
23149,99,Accelerometer,0.6835446,1.3060371000000002,9.504980999999999,1550002963780
23150,99,Gyroscope,0.010720688999999999,0.03274849,-0.08250957,1550002963789
23151,99,Accelerometer,0.7302314999999999,1.0618285,9.803059,1550002963790
23152,99,Gyroscope,0.0070554977,0.032137625,-0.07334659,1550002963799
23153,99,Accelerometer,0.79008657,1.2437878,10.110714,1550002963800
23154,99,Gyroscope,0.00033598019999999995,0.006481286,-0.06357274,1550002963809
23155,99,Accelerometer,1.0235212,1.1935096,10.527305,1550002963810
23156,99,Gyroscope,0.004612036,-0.016120728,-0.056853227,1550002963819
23157,99,Accelerometer,0.7745243,1.2150573999999998,10.354922,1550002963820
23158,99,Gyroscope,-0.014935651999999999,-0.034446687000000004,-0.059907555999999994,1550002963829
23159,99,Accelerometer,0.36870706,0.8475474000000001,9.913192,1550002963830
23160,99,Gyroscope,0.0076663624,-0.038111877,-0.07273573,1550002963839
23161,99,Accelerometer,0.4333505,0.8319851,10.059238,1550002963839
23162,99,Gyroscope,0.022937994,-0.036890145,-0.08250957,1550002963849
23163,99,Accelerometer,0.20949265,0.9792285,9.380483,1550002963850
23164,99,Gyroscope,-0.016157383,-0.026505437000000003,-0.077622645,1550002963859
23165,99,Accelerometer,0.7553706,1.3682863,9.655814999999999,1550002963860
23166,99,Gyroscope,0.004612036,-0.014288133,-0.053798902999999995,1550002963869
23167,99,Accelerometer,0.8702923,1.3311761999999998,9.528922999999999,1550002963870
23168,99,Gyroscope,-0.0008857511,-0.023451112000000003,-0.023866504,1550002963879
23169,99,Accelerometer,0.7290344,1.6172832000000001,9.536105000000001,1550002963879
23170,99,Gyroscope,-0.016157383,-0.006346885,-0.011038333999999999,1550002963889
23171,99,Accelerometer,1.0534488000000002,1.2210428999999998,9.674969,1550002963890
23172,99,Gyroscope,-0.011881325,-0.010012077,0.0036224315000000003,1550002963899
23173,99,Accelerometer,1.1384428999999998,1.6412252,10.152613,1550002963900
23174,99,Gyroscope,0.0076663624,-0.01856419,0.009120219,1550002963909
23175,99,Accelerometer,0.9540894,2.1583729,9.552864999999999,1550002963909
23176,99,Gyroscope,-0.024709495,-0.0057360195,0.022559252999999998,1550002963920
23177,99,Accelerometer,0.9935937,2.1727380000000003,9.411607,1550002963920
23178,99,Gyroscope,-0.016157383,-0.011233807,0.046382997,1550002963929
23179,99,Accelerometer,1.2066777,1.8483237000000001,10.181343,1550002963930
23180,99,Gyroscope,0.0052229017,-0.027116302000000002,0.07387193,1550002963939
23181,99,Accelerometer,1.3299791,1.3096284,9.8198185,1550002963939
23182,99,Gyroscope,-0.01737911,-0.03139236,0.06593069,1550002963950
23183,99,Accelerometer,1.7788918999999999,1.174356,9.809045,1550002963950
23184,99,Gyroscope,0.030879242,-0.053383507000000004,0.04760473,1550002963959
23185,99,Accelerometer,1.6101006000000002,1.3838485,9.856929,1550002963960
23186,99,Gyroscope,0.0076663624,-0.04910745,0.030500501,1550002963969
23187,99,Accelerometer,1.7022773999999998,1.3706805,9.43914,1550002963969
23188,99,Gyroscope,-0.022266036,-0.06621168,0.043328673,1550002963979
23189,99,Accelerometer,1.4437037,0.842759,10.57878,1550002963980
23190,99,Gyroscope,0.047372602,-0.092478886,0.034776557,1550002963989
23191,99,Accelerometer,1.8231846,0.6703765,10.402806,1550002963990
23192,99,Gyroscope,-0.008216133,-0.08575937,0.024391849,1550002963999
23193,99,Accelerometer,1.7681179,1.0761937,9.5385,1550002964000
23194,99,Gyroscope,-0.01004873,-0.068044275,0.009731084000000001,1550002964009
23195,99,Accelerometer,1.1456255,1.3623008,9.533711,1550002964010
23196,99,Gyroscope,0.0058337674,-0.046663992,0.019504927,1550002964019
23197,99,Accelerometer,0.61411273,1.3994108,9.562441999999999,1550002964020
23198,99,Gyroscope,-0.041202857999999995,-0.035668418,0.02927877,1550002964029
23199,99,Accelerometer,1.283292,1.5861586,8.914810000000001,1550002964030
23200,99,Gyroscope,0.017440207,-0.01856419,0.054935113,1550002964039
23201,99,Accelerometer,0.9923966000000001,1.1025299,7.7608047000000004,1550002964039
23202,99,Gyroscope,0.022327128999999998,0.06390262,0.02561358,1550002964050
23203,99,Accelerometer,0.7314286,2.0853498,10.262746,1550002964050
23204,99,Gyroscope,-0.09373727,0.103608854,0.08303491,1550002964059
23205,99,Accelerometer,1.2389994,0.51834464,10.9822035,1550002964060
23206,99,Gyroscope,-0.01004873,0.037635416,0.062265493,1550002964069
23207,99,Accelerometer,1.6591818,0.9672575000000001,11.276689999999999,1550002964069
23208,99,Gyroscope,0.060200773,-0.0020708293,0.046382997,1550002964079
23209,99,Accelerometer,1.9764134999999998,0.7314286,8.202535000000001,1550002964080
23210,99,Gyroscope,-0.043035455,0.07245473,0.0726502,1550002964089
23211,99,Accelerometer,1.7705121,1.2773066000000002,9.346964,1550002964090
23212,99,Gyroscope,0.04004222,0.07001127,0.10013914,1550002964099
23213,99,Accelerometer,2.0470424,1.0773908,10.793061,1550002964100
23214,99,Gyroscope,0.040653087000000004,0.029694162000000003,0.099528275,1550002964109
23215,99,Accelerometer,2.7844564999999997,1.6340426000000001,9.981427,1550002964110
23216,99,Gyroscope,0.0052229017,0.0022052303,0.07814799,1550002964119
23217,99,Accelerometer,2.3774424,1.3838485,10.035296,1550002964120
23218,99,Gyroscope,0.05653558,-0.016120728,0.06837415,1550002964130
23219,99,Accelerometer,1.8866308999999997,1.4149733,9.537302,1550002964130
23220,99,Gyroscope,0.054092124000000005,-0.0020708293,0.082424045,1550002964139
23221,99,Accelerometer,1.7381904,1.4425066,9.263166,1550002964140
23222,99,Gyroscope,0.025992319,-0.005125154,0.08364577599999999,1550002964149
23223,99,Accelerometer,1.258153,1.2030864,10.9343195,1550002964149
23224,99,Gyroscope,0.07852673,-0.016731594,0.08181318,1550002964160
23225,99,Accelerometer,1.210269,1.1540052,9.694122,1550002964160
23226,99,Gyroscope,0.02354886,-0.005125154,0.07326107,1550002964169
23227,99,Accelerometer,0.08140286,1.7417817,9.758766,1550002964170
23228,99,Gyroscope,0.012553285,-0.008790346,0.05737857,1550002964179
23229,99,Accelerometer,0.15682021,0.6955156,10.114305499999999,1550002964179
23230,99,Gyroscope,0.040653087000000004,-0.005125154,0.04882646,1550002964190
23231,99,Accelerometer,0.47524905,1.364695,9.132683,1550002964190
23232,99,Gyroscope,0.018661937,0.006481286,0.054935113,1550002964199
23233,99,Accelerometer,1.0486604,1.5358804,8.602366,1550002964200
23234,99,Gyroscope,-0.0008857511,0.009535611,0.042717807000000003,1550002964209
23235,99,Accelerometer,0.33758244,0.92176765,9.28232,1550002964209
23236,99,Gyroscope,0.0650877,0.026028972,0.02317012,1550002964219
23237,99,Accelerometer,0.6715736,0.94930094,9.285912,1550002964220
23238,99,Gyroscope,0.008277228000000001,0.06512435,0.031722232999999996,1550002964229
23239,99,Accelerometer,0.6799533,0.6775591,8.828619,1550002964230
23240,99,Gyroscope,-0.023487763,0.08161771,0.015228872,1550002964239
23241,99,Accelerometer,0.37349546,1.2294226000000001,10.466252,1550002964240
23242,99,Gyroscope,-0.008826999,0.07673079,0.006065893,1550002964249
23243,99,Accelerometer,0.736217,1.0223241,10.362105,1550002964250
23244,99,Gyroscope,-0.057696215999999995,0.07184387,0.020115793,1550002964259
23245,99,Accelerometer,1.9847932000000001,1.6089035,9.874885,1550002964260
23246,99,Gyroscope,-0.06319401,0.05596137,0.032943964,1550002964269
23247,99,Accelerometer,2.3535004,1.7178397,10.102333999999999,1550002964270
23248,99,Gyroscope,-0.033261612,0.034581087999999996,0.059822034,1550002964279
23249,99,Accelerometer,1.7573439999999998,1.8770541,10.114305499999999,1550002964280
23250,99,Gyroscope,-0.06136141,0.026028972,0.053102515999999995,1550002964289
23251,99,Accelerometer,1.9488802,1.614889,10.238804,1550002964290
23252,99,Gyroscope,-0.0008857511,-0.00023823230999999999,0.06287636,1550002964299
23253,99,Accelerometer,2.328361,1.316811,10.562021000000001,1550002964300
23254,99,Gyroscope,0.019883668,-0.013066402,0.08914357,1550002964309
23255,99,Accelerometer,1.9776106,1.2988545,9.982624000000001,1550002964309
23256,99,Gyroscope,-0.0063835381999999994,-0.010012077,0.086700104,1550002964320
23257,99,Accelerometer,1.5777789,1.1815386,9.375694000000001,1550002964320
23258,99,Gyroscope,-0.019822573,-0.0075686146,0.079369724,1550002964329
23259,99,Accelerometer,1.3371617,1.590947,10.472239,1550002964330
23260,99,Gyroscope,0.020494534,-0.03139236,0.095252216,1550002964339
23261,99,Accelerometer,0.6488286999999999,1.1001357,10.557233,1550002964339
23262,99,Gyroscope,0.02354886,-0.03139236,0.09830654400000001,1550002964350
23263,99,Accelerometer,0.46686932,1.0881646999999999,9.507375,1550002964350
23264,99,Gyroscope,0.014385881000000001,-0.0075686146,0.09586308,1550002964359
23265,99,Accelerometer,0.51475334,1.661576,9.220071,1550002964360
23266,99,Gyroscope,0.016218476000000003,0.015644263000000002,0.11357818,1550002964369
23267,99,Accelerometer,0.260968,1.0354922,8.707711,1550002964369
23268,99,Gyroscope,-0.0057726726,0.035191953,0.11357818,1550002964379
23269,99,Accelerometer,0.08020575,0.78888947,9.14226,1550002964380
23270,99,Gyroscope,-0.0027183462,0.060848295999999996,0.06287636,1550002964389
23271,99,Accelerometer,0.61052144,0.48362875,9.036914,1550002964390
23272,99,Gyroscope,-0.024709495,0.08467203400000001,0.042717807000000003,1550002964399
23273,99,Accelerometer,0.2645593,1.3192052,10.178948,1550002964399
23274,99,Gyroscope,-0.03203988,0.07550906,0.05249165,1550002964409
23275,99,Accelerometer,-0.17956513,-0.15442601,10.441113,1550002964410
23276,99,Gyroscope,-0.006994404,0.06023743,0.03355483,1550002964419
23277,99,Accelerometer,1.1504139,0.6931214,10.237606,1550002964419
23278,99,Gyroscope,0.047372602,0.021752916,0.037830885,1550002964429
23279,99,Accelerometer,1.8926164,1.4053963,9.211691,1550002964430
23280,99,Gyroscope,-0.06013968,0.04435493,0.03844175,1550002964439
23281,99,Accelerometer,1.459266,1.9907787000000001,9.890448,1550002964440
23282,99,Gyroscope,-0.06930265599999999,0.068178676,0.05737857,1550002964449
23283,99,Accelerometer,0.9516952,0.5506664000000001,11.390414,1550002964449
23284,99,Gyroscope,0.0076663624,-0.068044275,0.07875886,1550002964460
23285,99,Accelerometer,1.5442601,0.78050977,12.919112,1550002964460
23286,99,Gyroscope,0.07730500400000001,-0.1272982,0.020115793,1550002964469
23287,99,Accelerometer,1.8351556,0.90261406,8.347384,1550002964470
23288,99,Gyroscope,-0.05708535,-0.032003224,0.021948388,1550002964479
23289,99,Accelerometer,-0.05746084,0.8283938,10.211269999999999,1550002964479
23290,99,Gyroscope,-0.029596416,-0.06437908,0.053102515999999995,1550002964489
23291,99,Accelerometer,0.7386111999999999,0.47046062,10.332177,1550002964490
23292,99,Gyroscope,0.048594332999999997,-0.09431147599999999,0.0127854105,1550002964500
23293,99,Accelerometer,1.2808979,0.9935937,8.971074,1550002964500
23294,99,Gyroscope,-0.016768249,-0.082705036,-0.009816604,1550002964509
23295,99,Accelerometer,-0.06943185,0.9708488000000001,8.919599,1550002964510
23296,99,Gyroscope,0.055313855,-0.06254649,-0.021423044,1550002964519
23297,99,Accelerometer,-0.14006079999999999,1.1731589,9.239224,1550002964520
23298,99,Gyroscope,0.043096546,-0.039333608,-0.0037079514000000003,1550002964529
23299,99,Accelerometer,0.11252748,1.5693992,9.689333999999999,1550002964530
23300,99,Gyroscope,0.016829342,-0.027727167999999996,0.0005681054,1550002964539
23301,99,Accelerometer,0.14724341,1.4496891,9.91798,1550002964540
23302,99,Gyroscope,0.022327128999999998,-0.00084909797,-0.005540547,1550002964549
23303,99,Accelerometer,-0.32321724,1.2354081000000001,9.435549,1550002964550
23304,99,Gyroscope,-0.03203988,0.03702455,0.007898489,1550002964560
23305,99,Accelerometer,0.17717093,1.3874398000000001,9.301474,1550002964560
23306,99,Gyroscope,-0.021044305,0.057793967,0.007287623399999999,1550002964569
23307,99,Accelerometer,0.38307226,1.0582372,9.600749,1550002964569
23308,99,Gyroscope,-0.033261612,0.057793967,-0.018979583,1550002964579
23309,99,Accelerometer,0.2645593,1.067814,9.554062,1550002964580
23310,99,Gyroscope,-0.057696215999999995,0.055350505,-0.020812178,1550002964589
23311,99,Accelerometer,0.7290344,0.93493575,9.657013000000001,1550002964590
23312,99,Gyroscope,-0.027152957000000002,0.052296177,-0.027531696,1550002964599
23313,99,Accelerometer,1.0426749,1.2737153,10.71525,1550002964600
23314,99,Gyroscope,-0.015546517,0.049241855999999994,-0.02203391,1550002964609
23315,99,Accelerometer,1.1073183000000002,1.1109096,10.627861,1550002964609
23316,99,Gyroscope,-0.028374685,0.034581087999999996,-0.021423044,1550002964619
23317,99,Accelerometer,1.2054806,0.91099375,10.007763,1550002964620
23318,99,Gyroscope,-0.03387247,0.010757342,-0.029364292,1550002964629
23319,99,Accelerometer,0.9552864999999999,1.4221559,10.630256,1550002964629
23320,99,Gyroscope,-0.016768249,-0.015509863999999998,-0.011038333999999999,1550002964640
23321,99,Accelerometer,1.4030021000000001,1.0869676000000001,9.940725,1550002964640
23322,99,Gyroscope,-0.0027183462,-0.035668418,-0.009816604,1550002964649
23323,99,Accelerometer,0.7374141,1.4820108,9.642648,1550002964650
23324,99,Gyroscope,-0.005161807,-0.035057552,0.01156368,1550002964659
23325,99,Accelerometer,0.8822633,1.163582,9.506178,1550002964659
23326,99,Gyroscope,0.016829342,-0.03139236,0.026224446000000002,1550002964670
23327,99,Accelerometer,0.5470751,1.3024458,9.674969,1550002964670
23328,99,Gyroscope,0.024159724,-0.01734246,0.021337522,1550002964679
23329,99,Accelerometer,0.5542577,1.2892777,9.758766,1550002964680
23330,99,Gyroscope,0.0070554977,-0.00023823230999999999,0.0127854105,1550002964689
23331,99,Accelerometer,0.5602431999999999,1.2150573999999998,10.279505,1550002964690
23332,99,Gyroscope,-0.005161807,0.0015943646,-0.000653625,1550002964699
23333,99,Accelerometer,0.25139117,0.8391677,9.862914,1550002964700
23334,99,Gyroscope,-0.015546517,0.00037263334000000003,-0.018368717,1550002964709
23335,99,Accelerometer,0.17357962,0.81881696,9.714474000000001,1550002964710
23336,99,Gyroscope,-0.03509419999999999,0.005259555,-0.02325564,1550002964719
23337,99,Accelerometer,0.49320555,1.0726023999999998,9.846153999999999,1550002964720
23338,99,Gyroscope,-0.0021074805,-0.0032925587,-0.017757852,1550002964729
23339,99,Accelerometer,0.7242460000000001,1.2964603000000001,9.810242,1550002964729
23340,99,Gyroscope,-0.030818147999999997,0.015033398,-0.0140926605,1550002964740
23341,99,Accelerometer,0.94451255,0.91937345,9.194932000000001,1550002964740
23342,99,Gyroscope,-0.0137139205,0.018087726000000002,-0.0067622773,1550002964749
23343,99,Accelerometer,0.7733272,1.3670892,9.898827,1550002964750
23344,99,Gyroscope,-0.022876898,0.022974647999999997,0.0005681054,1550002964759
23345,99,Accelerometer,0.50158525,0.7589619000000001,9.709685,1550002964759
23346,99,Gyroscope,-0.06013968,0.029083297,-0.026309965,1550002964769
23347,99,Accelerometer,0.9900024,0.81522566,10.31901,1550002964770
23348,99,Gyroscope,0.008277228000000001,0.011368208000000001,-0.009205738,1550002964779
23349,99,Accelerometer,0.5542577,1.0618285,10.575189,1550002964780
23350,99,Gyroscope,-0.009437865,-0.011844671999999999,-0.0061514126,1550002964789
23351,99,Accelerometer,0.61890113,1.4939818,10.055647,1550002964790
23352,99,Gyroscope,-0.017989976,-0.01978592,0.006065893,1550002964799
23353,99,Accelerometer,1.3970166000000002,1.30484,9.884461,1550002964799
23354,99,Gyroscope,0.02477059,-0.038111877,0.031111367,1550002964809
23355,99,Accelerometer,1.1109096,1.2030864,9.868899,1550002964810
23356,99,Gyroscope,0.036987893,-0.06010303,0.031111367,1550002964819
23357,99,Accelerometer,1.0007763,1.541866,8.780735,1550002964820
23358,99,Gyroscope,0.031490106000000004,-0.013066402,0.014618006999999999,1550002964829
23359,99,Accelerometer,2.0231004,1.0235212,8.447941,1550002964829
23360,99,Gyroscope,0.035766162000000004,0.0034269579,0.03966348,1550002964839
23361,99,Accelerometer,-0.16160862,1.2389994,9.235633,1550002964840
23362,99,Gyroscope,-0.044868045,0.0058704205,0.030500501,1550002964849
23363,99,Accelerometer,0.42975920000000006,0.8750806999999999,10.753557,1550002964850
23364,99,Gyroscope,0.010720688999999999,-0.063768215,0.018283198,1550002964859
23365,99,Accelerometer,1.3670892,0.6739678000000001,10.176555,1550002964859
23366,99,Gyroscope,0.03759876,-0.058881298,0.0005681054,1550002964870
23367,99,Accelerometer,0.9696517,1.6388310000000001,9.478644000000001,1550002964870
23368,99,Gyroscope,-0.05830708,-0.006346885,0.014007141,1550002964879
23369,99,Accelerometer,0.16160862,1.0785878999999998,8.785523,1550002964880
23370,99,Gyroscope,-0.031429015,-0.013066402,0.017672332,1550002964889
23371,99,Accelerometer,0.38426940000000004,1.210269,10.356119,1550002964890
23372,99,Gyroscope,0.05470299,-0.014288133,0.007287623399999999,1550002964899
23373,99,Accelerometer,0.6895300999999999,0.8702923,9.932345,1550002964899
23374,99,Gyroscope,-0.029596416,0.008924745,0.0054550273,1550002964909
23375,99,Accelerometer,0.7541734999999999,1.3730746999999999,8.844180999999999,1550002964909
23376,99,Gyroscope,-0.025931226,0.030305027999999998,0.024391849,1550002964920
23377,99,Accelerometer,0.39145198,1.5466543,9.507375,1550002964920
23378,99,Gyroscope,0.0027794409999999997,0.01992032,0.045161266,1550002964929
23379,99,Accelerometer,-0.14604631,1.009156,9.890448,1550002964930
23380,99,Gyroscope,-0.02898555,0.011979073,0.0127854105,1550002964939
23381,99,Accelerometer,0.50996494,1.7956512999999998,10.607511,1550002964940
23382,99,Gyroscope,-0.02165517,-0.00817948,0.03722002,1550002964949
23383,99,Accelerometer,1.0857705,0.7374141,10.010158,1550002964949
23384,99,Gyroscope,-0.008826999,-0.011233807,0.015839735,1550002964959
23385,99,Accelerometer,0.92535895,1.2114661,9.132683,1550002964960
23386,99,Gyroscope,-0.03203988,-0.0014599635999999999,0.009120219,1550002964969
23387,99,Accelerometer,0.48003745,0.79128367,9.580399,1550002964970
23388,99,Gyroscope,-0.013103055,-0.026505437000000003,0.0017898360000000002,1550002964979
23389,99,Accelerometer,0.7026982,0.81642276,9.959878999999999,1550002964980
23390,99,Gyroscope,0.036377028,-0.039944474,0.016450599999999996,1550002964989
23391,99,Accelerometer,0.9720459000000001,0.8283938,9.099164,1550002964989
23392,99,Gyroscope,-0.013103055,-0.011844671999999999,0.014618006999999999,1550002964999
23393,99,Accelerometer,0.3878607,0.94930094,9.36492,1550002964999
23394,99,Gyroscope,0.00033598019999999995,-0.0014599635999999999,0.009731084000000001,1550002965010
23395,99,Accelerometer,0.07182605,0.92296475,9.487024,1550002965010
23396,99,Gyroscope,0.0094989585,0.012589939,-4.2759813000000006e-05,1550002965019
23397,99,Accelerometer,0.30765492,1.1935096,9.750386,1550002965020
23398,99,Gyroscope,-0.010659594,0.01625513,0.009731084000000001,1550002965029
23399,99,Accelerometer,0.40821138,1.2497733,9.642648,1550002965029
23400,99,Gyroscope,-0.006994404,0.023585513,-0.007373143,1550002965040
23401,99,Accelerometer,-0.077811554,1.2342110000000002,9.616311,1550002965040
23402,99,Gyroscope,-0.013103055,0.044965795999999995,-0.007373143,1550002965049
23403,99,Accelerometer,-0.021547815,1.5574282,10.061633,1550002965050
23404,99,Gyroscope,-0.019211708,0.04740926,0.01034195,1550002965059
23405,99,Accelerometer,0.11971009,1.1312603,9.811439,1550002965059
23406,99,Gyroscope,-0.011881325,0.04007887,0.0036224315000000003,1550002965069
23407,99,Accelerometer,0.22625206,1.4520833,10.180145,1550002965070
23408,99,Gyroscope,-0.015546517,0.03885714,0.0048441626,1550002965079
23409,99,Accelerometer,0.30406362,1.0115502,10.2495775,1550002965080
23410,99,Gyroscope,-0.01004873,0.018698592,0.016450599999999996,1550002965089
23411,99,Accelerometer,0.4333505,1.067814,10.172963000000001,1550002965090
23412,99,Gyroscope,0.025381455,0.008313879,0.007898489,1550002965099
23413,99,Accelerometer,0.5494693,1.0402806,10.3692875,1550002965099
23414,99,Gyroscope,-0.0137139205,-0.014898999,0.0042332970000000004,1550002965109
23415,99,Accelerometer,1.0055646999999999,0.91578215,9.976639,1550002965110
23416,99,Gyroscope,0.02354886,-0.03139236,-0.0043188166,1550002965119
23417,99,Accelerometer,1.400608,1.328782,9.999383,1550002965120
23418,99,Gyroscope,-0.0057726726,-0.03261409,0.015228872,1550002965129
23419,99,Accelerometer,1.5777789,1.3335704,10.327389,1550002965130
23420,99,Gyroscope,-0.00027488545,-0.046663992,0.021948388,1550002965139
23421,99,Accelerometer,1.34195,1.0570401000000003,10.290278,1550002965140
23422,99,Gyroscope,0.04370741,-0.061935622,0.021337522,1550002965149
23423,99,Accelerometer,1.0211270000000001,1.2234371000000002,10.067618,1550002965149
23424,99,Gyroscope,0.008277228000000001,-0.06010303,0.04088521,1550002965160
23425,99,Accelerometer,1.3156139,1.1324573999999998,9.327810000000001,1550002965160
23426,99,Gyroscope,0.010720688999999999,-0.058881298,0.05554598,1550002965170
23427,99,Accelerometer,1.1540052,1.5119383,9.615114,1550002965170
23428,99,Gyroscope,0.02477059,-0.049718317000000005,0.06043289599999999,1550002965179
23429,99,Accelerometer,0.91937345,0.92895025,9.339781,1550002965180
23430,99,Gyroscope,0.02354886,-0.030170628999999997,0.064708956,1550002965189
23431,99,Accelerometer,0.5482722,0.80086046,8.916007,1550002965189
23432,99,Gyroscope,0.018051071000000002,-0.005125154,0.046993863,1550002965199
23433,99,Accelerometer,0.6655880999999999,1.1540052,9.238028,1550002965199
23434,99,Gyroscope,-0.006994404,0.022974647999999997,0.031722232999999996,1550002965210
23435,99,Accelerometer,0.8511386999999999,0.9983820999999999,9.67018,1550002965210
23436,99,Gyroscope,0.010109824,0.005259555,0.018894061,1550002965219
23437,99,Accelerometer,0.51834464,1.4185646,10.447099,1550002965220
23438,99,Gyroscope,-0.016157383,0.009535611,0.007287623399999999,1550002965229
23439,99,Accelerometer,1.1228806,0.8619126,10.400413,1550002965230
23440,99,Gyroscope,-0.020433438999999998,-0.021618515,0.008509354,1550002965239
23441,99,Accelerometer,1.3910311000000002,1.0115502,9.908403,1550002965239
23442,99,Gyroscope,-0.014324786,-0.014288133,-0.0037079514000000003,1550002965250
23443,99,Accelerometer,1.6460136000000003,1.6675615000000001,9.728839,1550002965250
23444,99,Gyroscope,-0.020433438999999998,-0.010622941,0.027446175,1550002965259
23445,99,Accelerometer,1.0977415000000001,0.8559271,9.108741,1550002965260
23446,99,Gyroscope,0.012553285,-0.011233807,0.03844175,1550002965269
23447,99,Accelerometer,1.5227122,0.78769237,9.247603999999999,1550002965270
23448,99,Gyroscope,0.018661937,0.0028160921999999997,0.042717807000000003,1550002965279
23449,99,Accelerometer,1.8136078000000002,1.4532804,9.896433,1550002965279
23450,99,Gyroscope,-0.0369268,0.018087726000000002,0.06409809,1550002965289
23451,99,Accelerometer,1.5981296,0.8475474000000001,9.862914,1550002965290
23452,99,Gyroscope,-0.02532036,-0.015509863999999998,0.059822034,1550002965300
23453,99,Accelerometer,1.6089035,1.2737153,11.106702,1550002965300
23454,99,Gyroscope,0.014996746000000002,-0.055216104,0.04393954,1550002965309
23455,99,Accelerometer,2.0219033,1.5478513999999999,10.573992,1550002965310
23456,99,Gyroscope,-0.020433438999999998,-0.027727167999999996,0.04088521,1550002965319
23457,99,Accelerometer,1.541866,0.88944596,9.193734,1550002965320
23458,99,Gyroscope,-0.022876898,-0.023451112000000003,0.043328673,1550002965329
23459,99,Accelerometer,1.6160861,1.4030021000000001,9.791088,1550002965329
23460,99,Gyroscope,0.016218476000000003,-0.042998800000000004,0.040274344,1550002965340
23461,99,Accelerometer,1.7717092,1.043872,9.828198,1550002965340
23462,99,Gyroscope,0.0033903066,-0.047885723,0.054935113,1550002965349
23463,99,Accelerometer,1.541866,1.2629413999999999,9.610325999999999,1550002965350
23464,99,Gyroscope,0.008277228000000001,-0.042387932999999996,0.06409809,1550002965359
23465,99,Accelerometer,1.7286136000000003,0.6715736,9.3421755,1550002965360
23466,99,Gyroscope,0.038209625,-0.042387932999999996,0.06287636,1550002965369
23467,99,Accelerometer,1.6759412,0.80325466,8.9842415,1550002965369
23468,99,Gyroscope,0.00033598019999999995,-0.005125154,0.042717807000000003,1550002965379
23469,99,Accelerometer,2.005144,1.555034,9.228451,1550002965379
23470,99,Gyroscope,-0.011881325,0.011368208000000001,0.04882646,1550002965390
23471,99,Accelerometer,0.89902276,1.1073183000000002,10.00896,1550002965390
23472,99,Gyroscope,-0.027763822999999997,0.008313879,0.034776557,1550002965399
23473,99,Accelerometer,1.2988545,1.0354922,9.309854,1550002965400
23474,99,Gyroscope,-0.041202857999999995,0.019309454,-0.0061514126,1550002965409
23475,99,Accelerometer,1.2785037000000001,1.4341268999999999,9.583989,1550002965410
23476,99,Gyroscope,-0.019211708,0.044965795999999995,-0.0018753556,1550002965419
23477,99,Accelerometer,0.41180268,1.1982979999999999,9.458294,1550002965419
23478,99,Gyroscope,-0.030818147999999997,0.043744065,0.006065893,1550002965430
23479,99,Accelerometer,0.92416185,1.3120226000000001,9.325416,1550002965430
23480,99,Gyroscope,-0.008826999,0.0431332,0.03599829,1550002965439
23481,99,Accelerometer,1.0977415000000001,1.4676456,9.636662,1550002965440
23482,99,Gyroscope,0.0015577096,0.052296177,0.054324247,1550002965449
23483,99,Accelerometer,0.9552864999999999,0.80804306,9.02614,1550002965449
23484,99,Gyroscope,-0.01737911,0.07795252,0.042717807000000003,1550002965459
23485,99,Accelerometer,0.59735334,1.5143325,10.133459,1550002965460
23486,99,Gyroscope,-0.01127046,0.07611992,0.053102515999999995,1550002965469
23487,99,Accelerometer,1.0199299000000002,0.7194576,10.600328,1550002965470
23488,99,Gyroscope,0.0009468458599999999,0.06207002,0.042717807000000003,1550002965479
23489,99,Accelerometer,1.1360487,0.9672575000000001,10.498574000000001,1550002965480
23490,99,Gyroscope,-0.0039400775,0.04007887,0.03966348,1550002965489
23491,99,Accelerometer,1.1264718999999999,1.0809821000000002,9.738416,1550002965489
23492,99,Gyroscope,-0.029596416,0.029083297,0.05371338,1550002965500
23493,99,Accelerometer,1.4532804,1.1085154,9.487024,1550002965500
23494,99,Gyroscope,-0.016768249,0.008924745,0.064708956,1550002965509
23495,99,Accelerometer,1.7585411,0.9888053,9.911995,1550002965510
23496,99,Gyroscope,0.011942419,-0.006346885,0.03844175,1550002965519
23497,99,Accelerometer,1.6352396999999999,0.9588778,9.885659,1550002965520
23498,99,Gyroscope,0.018051071000000002,-0.016120728,0.03844175,1550002965529
23499,99,Accelerometer,1.8411411,0.80924016,10.011353999999999,1550002965530
23500,99,Gyroscope,0.031490106000000004,-0.025283707000000002,0.06593069,1550002965539
23501,99,Accelerometer,2.0386627,0.5734113000000001,9.531317,1550002965540
23502,99,Gyroscope,0.019883668,-0.016731594,0.053102515999999995,1550002965550
23503,99,Accelerometer,1.4030021000000001,0.91338795,9.698911,1550002965550
23504,99,Gyroscope,0.0052229017,-0.01734246,0.043328673,1550002965559
23505,99,Accelerometer,1.5167267,1.0330979999999998,9.449914,1550002965560
23506,99,Gyroscope,0.0009468458599999999,-0.016120728,0.03844175,1550002965569
23507,99,Accelerometer,1.1013328000000002,1.0881646999999999,9.375694000000001,1550002965570
23508,99,Gyroscope,-0.0137139205,-0.0075686146,0.03966348,1550002965579
23509,99,Accelerometer,0.89303726,1.2018893,9.487024,1550002965579
23510,99,Gyroscope,0.017440207,0.010146476,0.04577213,1550002965590
23511,99,Accelerometer,1.079785,1.5358804,9.640253,1550002965590
23512,99,Gyroscope,0.004612036,0.021752916,0.05004819,1550002965599
23513,99,Accelerometer,0.60453594,1.7154455000000002,9.235633,1550002965600
23514,99,Gyroscope,-0.0509767,0.032137625,0.044550404,1550002965609
23515,99,Accelerometer,0.25378537,1.364695,9.973047,1550002965610
23516,99,Gyroscope,-0.015546517,0.03824628,0.045161266,1550002965619
23517,99,Accelerometer,0.5446809,1.0761937,10.758346000000001,1550002965619
23518,99,Gyroscope,-0.018600842,0.033359356,0.046993863,1550002965629
23519,99,Accelerometer,0.8882488000000002,0.9935937,10.235211999999999,1550002965630
23520,99,Gyroscope,-0.021044305,0.01747686,0.04882646,1550002965640
23521,99,Accelerometer,0.35793316,0.9648633,10.44231,1550002965640
23522,99,Gyroscope,0.022327128999999998,-0.010622941,0.026224446000000002,1550002965649
23523,99,Accelerometer,1.2318168,0.89782566,9.715671,1550002965650
23524,99,Gyroscope,-0.051587567,-0.008790346,0.017061466,1550002965659
23525,99,Accelerometer,1.650802,1.6567876,11.179725,1550002965660
23526,99,Gyroscope,-0.05586362,-0.015509863999999998,0.06287636,1550002965669
23527,99,Accelerometer,0.25378537,0.37828386,10.994174000000001,1550002965669
23528,99,Gyroscope,-0.043035455,-0.06071389,0.023780985,1550002965680
23529,99,Accelerometer,0.91937345,1.1815386,10.398017999999999,1550002965680
23530,99,Gyroscope,-0.03509419999999999,-0.10225273,0.0109528145,1550002965689
23531,99,Accelerometer,2.5498247000000003,1.0187328000000002,10.156203,1550002965690
23532,99,Gyroscope,0.03759876,-0.08209418,0.02317012,1550002965699
23533,99,Accelerometer,1.9021933000000002,0.7422025,7.478289,1550002965700
23534,99,Gyroscope,-0.017989976,0.01992032,0.0024007012,1550002965709
23535,99,Accelerometer,0.5386954,2.018312,7.267599000000001,1550002965709
23536,99,Gyroscope,-0.07113525,0.06207002,0.0011789708,1550002965719
23537,99,Accelerometer,0.40462008,0.7170634,9.062054,1550002965720
23538,99,Gyroscope,0.016218476000000003,0.039468005,-0.005540547,1550002965730
23539,99,Accelerometer,0.29209262,0.59017074,10.582372,1550002965730
23540,99,Gyroscope,-0.039981127000000005,0.06390262,-0.009205738,1550002965739
23541,99,Accelerometer,-0.033518825,0.81881696,8.99741,1550002965740
23542,99,Gyroscope,-0.043035455,0.09505675,-0.02325564,1550002965749
23543,99,Accelerometer,0.092176765,1.0845733999999998,9.260772,1550002965750
23544,99,Gyroscope,-0.043035455,0.10788492,-0.018368717,1550002965759
23545,99,Accelerometer,0.42018240000000007,1.4508862,9.617508,1550002965759
23546,99,Gyroscope,-0.038759395,0.08772636,0.031111367,1550002965769
23547,99,Accelerometer,0.61411273,1.697489,8.801085,1550002965769
23548,99,Gyroscope,-0.019211708,0.0852829,0.042717807000000003,1550002965780
23549,99,Accelerometer,1.1228806,1.7788918999999999,10.00896,1550002965780
23550,99,Gyroscope,0.011942419,0.08161771,0.045161266,1550002965789
23551,99,Accelerometer,1.7106571,1.6795325,10.378864,1550002965790
23552,99,Gyroscope,-0.020433438999999998,0.07489819,0.07570453,1550002965799
23553,99,Accelerometer,1.2629413999999999,0.92895025,10.028113000000001,1550002965800
23554,99,Gyroscope,0.0094989585,0.04863099,0.07814799,1550002965809
23555,99,Accelerometer,1.3000516000000002,1.3946223999999998,10.736797,1550002965810
23556,99,Gyroscope,0.04554001,0.02786157,0.044550404,1550002965819
23557,99,Accelerometer,2.492364,0.9935937,9.121908,1550002965819
23558,99,Gyroscope,-0.014324786,0.035191953,0.048215594,1550002965830
23559,99,Accelerometer,1.9572599,2.2493525,9.083601,1550002965830
23560,99,Gyroscope,0.004612036,0.029694162000000003,0.06715242,1550002965839
23561,99,Accelerometer,0.9696517,0.94331545,10.1382475,1550002965840
23562,99,Gyroscope,0.06692029,0.0034269579,0.072039336,1550002965849
23563,99,Accelerometer,1.5406688,1.5993267,9.483433,1550002965850
23564,99,Gyroscope,0.017440207,-0.0020708293,0.06531982,1550002965859
23565,99,Accelerometer,0.6560113000000001,1.8914193,9.301474,1550002965859
23566,99,Gyroscope,0.03882049,0.03702455,0.082424045,1550002965869
23567,99,Accelerometer,-0.14006079999999999,1.0295067,9.294291000000001,1550002965869
23568,99,Gyroscope,-0.0039400775,0.058404832999999996,0.095252216,1550002965880
23569,99,Accelerometer,-0.015562311,1.1671733999999998,9.753978,1550002965880
23570,99,Gyroscope,-0.0076052677,0.057793967,0.09341962,1550002965889
23571,99,Accelerometer,0.6979098000000001,1.3180081,9.849746000000001,1550002965890
23572,99,Gyroscope,-0.00027488545,0.06023743,0.057989437000000005,1550002965899
23573,99,Accelerometer,0.11133038,1.0259154000000001,9.168595,1550002965899
23574,99,Gyroscope,-0.038759395,0.09383502,0.043328673,1550002965909
23575,99,Accelerometer,-0.04189853,0.79128367,9.036914,1550002965909
23576,99,Gyroscope,-0.07174612,0.12010222,0.045161266,1550002965920
23577,99,Accelerometer,0.5734113000000001,0.6536171,9.827001,1550002965920
23578,99,Gyroscope,-0.03814853,0.11216097,0.018283198,1550002965929
23579,99,Accelerometer,0.5267244000000001,0.45130703,10.056845,1550002965930
23580,99,Gyroscope,-0.047922373,0.099943675,-0.0018753556,1550002965939
23581,99,Accelerometer,0.6847416999999999,0.7218518,9.879673,1550002965940
23582,99,Gyroscope,-0.058917947000000005,0.093224145,0.01034195,1550002965949
23583,99,Accelerometer,1.1540052,0.93732995,10.213664,1550002965949
23584,99,Gyroscope,-0.026542092000000003,0.0871155,0.03355483,1550002965959
23585,99,Accelerometer,0.9816226999999998,0.80564886,10.463859,1550002965960
23586,99,Gyroscope,-0.013103055,0.068178676,0.02561358,1550002965970
23587,99,Accelerometer,0.8547299999999999,0.9900024,9.970653,1550002965970
23588,99,Gyroscope,-0.0057726726,0.04007887,0.037830885,1550002965979
23589,99,Accelerometer,1.4700398000000001,1.2976573999999998,9.805453,1550002965980
23590,99,Gyroscope,-0.0014966168,0.03152676,0.05126992,1550002965989
23591,99,Accelerometer,1.2557588,1.1420341999999999,9.785102,1550002965990
23592,99,Gyroscope,0.0033903066,0.03580282,0.03416569,1550002965999
23593,99,Accelerometer,0.2885013,1.009156,9.854534,1550002965999
23594,99,Gyroscope,0.006444632,0.042522334,0.034776557,1550002966009
23595,99,Accelerometer,0.34715924,0.7146691999999999,10.068814999999999,1550002966009
23596,99,Gyroscope,0.0033903066,0.034581087999999996,0.029889636,1550002966020
23597,99,Accelerometer,0.14963761,0.6655880999999999,9.903615,1550002966020
23598,99,Gyroscope,-0.0137139205,0.039468005,0.006065893,1550002966029
23599,99,Accelerometer,0.110133275,1.1587936,9.958682000000001,1550002966030
23600,99,Gyroscope,0.011942419,0.034581087999999996,0.0036224315000000003,1550002966039
23601,99,Accelerometer,0.047884032,1.1013328000000002,10.254366000000001,1550002966040
23602,99,Gyroscope,0.033322702999999995,0.021752916,0.017672332,1550002966049
23603,99,Accelerometer,0.20590134,0.641646,9.676167,1550002966050
23604,99,Gyroscope,0.031490106000000004,0.06512435,0.04882646,1550002966059
23605,99,Accelerometer,1.2749124,1.9967641999999999,11.204864,1550002966059
23606,99,Gyroscope,-0.020433438999999998,0.08406117,0.049437325,1550002966069
23607,99,Accelerometer,0.7410054,1.3227965,10.127473,1550002966070
23608,99,Gyroscope,-0.096791595,0.051074445,0.017061466,1550002966080
23609,99,Accelerometer,0.107739076,1.9488802,11.833342,1550002966080
23610,99,Gyroscope,0.025992319,-0.055216104,0.016450599999999996,1550002966089
23611,99,Accelerometer,1.8555063000000003,0.29927522,9.03452,1550002966090
23612,99,Gyroscope,0.041263953,0.039468005,0.01156368,1550002966099
23613,99,Accelerometer,0.92535895,2.2337902,8.159439,1550002966100
23614,99,Gyroscope,-0.02409863,0.06329175,0.076315396,1550002966109
23615,99,Accelerometer,-0.5351041,0.5614403,9.762358,1550002966109
23616,99,Gyroscope,0.05653558,0.0028160921999999997,0.059822034,1550002966119
23617,99,Accelerometer,0.33877954,1.389834,11.555614,1550002966120
23618,99,Gyroscope,-0.0008857511,-0.028948900000000003,0.06959588,1550002966130
23619,99,Accelerometer,1.0211270000000001,1.2641385,10.080786999999999,1550002966130
23620,99,Gyroscope,0.03393357,-0.009401211500000001,0.086700104,1550002966139
23621,99,Accelerometer,0.49559975,1.4856021000000001,9.387665,1550002966139
23622,99,Gyroscope,0.02721405,0.023585513,0.106858656,1550002966149
23623,99,Accelerometer,-0.0047884034,1.4544774999999999,8.929175,1550002966150
23624,99,Gyroscope,-0.01737911,0.022363782000000002,0.10869125,1550002966159
23625,99,Accelerometer,0.18555063,1.0821792,9.120711,1550002966160
23626,99,Gyroscope,0.029046647000000002,-0.00084909797,0.090976164,1550002966169
23627,99,Accelerometer,0.49320555,1.7393875,10.353725,1550002966170
23628,99,Gyroscope,0.0040011713,0.022363782000000002,0.10502606,1550002966179
23629,99,Accelerometer,0.1364695,1.5717934,9.354146,1550002966180
23630,99,Gyroscope,-0.03814853,0.053517907999999996,0.10808039,1550002966189
23631,99,Accelerometer,0.12928689,1.5921441,8.787917,1550002966189
23632,99,Gyroscope,0.020494534,0.035191953,0.124573745,1550002966200
23633,99,Accelerometer,0.06943185,1.3036428999999998,10.04607,1550002966200
23634,99,Gyroscope,0.04554001,0.02114205,0.124573745,1550002966209
23635,99,Accelerometer,0.17956513,1.2150573999999998,9.6845455,1550002966210
23636,99,Gyroscope,0.0021685753,0.033359356,0.13129328,1550002966219
23637,99,Accelerometer,0.11611878,1.2773066000000002,9.664195,1550002966220
23638,99,Gyroscope,0.03210097,0.03152676,0.11968683,1550002966229
23639,99,Accelerometer,0.37948096,0.6440403,10.056845,1550002966229
23640,99,Gyroscope,0.013775015,0.006481286,0.11296731,1550002966239
23641,99,Accelerometer,0.45130703,0.8463503000000001,10.287885000000001,1550002966240
23642,99,Gyroscope,-0.026542092000000003,0.0028160921999999997,0.06959588,1550002966250
23643,99,Accelerometer,1.8195933000000002,0.2885013,9.866506,1550002966250
23644,99,Gyroscope,0.0058337674,-0.011233807,0.051880784000000006,1550002966259
23645,99,Accelerometer,1.7836802999999999,0.5386954,9.961076,1550002966260
23646,99,Gyroscope,-0.021044305,-0.03139236,0.056767705999999994,1550002966269
23647,99,Accelerometer,1.2042834999999998,0.35194764,10.494983,1550002966270
23648,99,Gyroscope,-0.0076052677,-0.05277264,0.03416569,1550002966279
23649,99,Accelerometer,1.4341268999999999,-0.04309563,10.633847,1550002966279
23650,99,Gyroscope,-0.005161807,-0.07354206,0.02561358,1550002966290
23651,99,Accelerometer,1.3503298000000001,0.5374983,10.342952,1550002966290
23652,99,Gyroscope,-0.018600842,-0.07720725,0.01156368,1550002966299
23653,99,Accelerometer,0.997185,0.58777654,9.550469999999999,1550002966300
23654,99,Gyroscope,-0.019822573,-0.06865514,0.0017898360000000002,1550002966309
23655,99,Accelerometer,0.37948096,0.80684596,9.848549,1550002966310
23656,99,Gyroscope,-0.012492188999999999,-0.056437835,0.007898489,1550002966319
23657,99,Accelerometer,-0.031124622,0.700304,9.7719345,1550002966319
23658,99,Gyroscope,-0.016157383,-0.020396786,0.0048441626,1550002966329
23659,99,Accelerometer,0.08499416,0.8834603999999999,9.668983,1550002966329
23660,99,Gyroscope,-0.019211708,-0.01978592,-0.010427468,1550002966340
23661,99,Accelerometer,0.44771573,0.7781156,9.543288,1550002966340
23662,99,Gyroscope,-0.026542092000000003,-0.014288133,-0.03486208,1550002966349
23663,99,Accelerometer,0.6751649000000001,0.16400282,9.446322,1550002966350
23664,99,Gyroscope,-0.02165517,-0.0026816929999999998,-0.07579005,1550002966359
23665,99,Accelerometer,1.0749966,1.2737153,10.164583,1550002966359
23666,99,Gyroscope,-0.033261612,-0.0014599635999999999,-0.08678562,1550002966370
23667,99,Accelerometer,1.3922282,0.47884035,9.244013,1550002966370
23668,99,Gyroscope,-0.03509419999999999,-0.0020708293,-0.09961379,1550002966379
23669,99,Accelerometer,1.1707646999999999,0.521936,9.103952,1550002966380
23670,99,Gyroscope,-0.014324786,-0.0014599635999999999,-0.11305283,1550002966389
23671,99,Accelerometer,1.4927847,0.49559975,8.65025,1550002966389
23672,99,Gyroscope,-0.022876898,0.03274849,-0.08678562,1550002966399
23673,99,Accelerometer,1.9644424999999999,1.22224,9.544485,1550002966400
23674,99,Gyroscope,-0.02165517,0.03580282,-0.078844376,1550002966409
23675,99,Accelerometer,1.5957354,1.1037270000000001,10.262746,1550002966410
23676,99,Gyroscope,-0.0137139205,0.018698592,-0.07579005,1550002966419
23677,99,Accelerometer,1.8267759,1.3299791,10.241197999999999,1550002966420
23678,99,Gyroscope,0.008277228000000001,0.0077030174,-0.04891198,1550002966429
23679,99,Accelerometer,2.3953989,1.2090718999999999,9.1829605,1550002966429
23680,99,Gyroscope,-0.01127046,0.022363782000000002,-0.033640347,1550002966439
23681,99,Accelerometer,2.1547816,1.6915035,9.242816,1550002966439
23682,99,Gyroscope,-0.034483336,0.03580282,-0.04097073,1550002966450
23683,99,Accelerometer,1.7465701,1.9009962,10.102333999999999,1550002966450
23684,99,Gyroscope,0.06081164,0.0015943646,-0.0140926605,1550002966459
23685,99,Accelerometer,1.9620483,1.6005238000000002,9.915586,1550002966460
23686,99,Gyroscope,0.03393357,0.028472435,-0.023866504,1550002966469
23687,99,Accelerometer,1.555034,1.9177556,11.349713000000001,1550002966470
23688,99,Gyroscope,-0.0045509413,0.033359356,-0.0018753556,1550002966479
23689,99,Accelerometer,2.0853498,1.3371617,12.320561999999999,1550002966479
23690,99,Gyroscope,-0.0509767,-0.08942456,0.015839735,1550002966489
23691,99,Accelerometer,2.111686,2.0147207,10.25676,1550002966490
23692,99,Gyroscope,0.09685269,-0.12974167,-0.012260064499999999,1550002966500
23693,99,Accelerometer,2.088941,1.5646108,7.5321584,1550002966500
23694,99,Gyroscope,-0.019822573,-0.03750101,-0.011038333999999999,1550002966509
23695,99,Accelerometer,1.2090718999999999,1.6711528000000002,8.451532,1550002966510
23696,99,Gyroscope,0.0070554977,-0.022840247,-0.000653625,1550002966519
23697,99,Accelerometer,0.21667525,1.0115502,9.54209,1550002966520
23698,99,Gyroscope,0.085857116,-0.00817948,-4.2759813000000006e-05,1550002966529
23699,99,Accelerometer,0.9732430000000001,1.7058687,10.959458,1550002966529
23700,99,Gyroscope,-0.03203988,-0.028338033999999998,0.021337522,1550002966539
23701,99,Accelerometer,0.5279215,0.5734113000000001,9.242816,1550002966540
23702,99,Gyroscope,0.027824916,-0.009401211500000001,-0.016536122,1550002966549
23703,99,Accelerometer,-0.25019407,1.7836802999999999,9.829395,1550002966550
23704,99,Gyroscope,-0.027152957000000002,0.074287325,0.0066767577,1550002966559
23705,99,Accelerometer,0.39145198,0.59017074,7.4711065,1550002966560
23706,99,Gyroscope,-0.072356984,0.08833723,0.017672332,1550002966569
23707,99,Accelerometer,-0.34476504,1.3096284,9.883265,1550002966570
23708,99,Gyroscope,-0.008826999,0.056572236,-0.011038333999999999,1550002966579
23709,99,Accelerometer,0.8439561,1.0594343000000002,11.148601,1550002966579
23710,99,Gyroscope,-0.052809298,0.060848295999999996,-0.011649198999999999,1550002966590
23711,99,Accelerometer,1.472434,1.1061212,9.296685,1550002966590
23712,99,Gyroscope,-0.06685919,0.03885714,0.032943964,1550002966599
23713,99,Accelerometer,0.9756372,0.82480246,9.736021000000001,1550002966600
23714,99,Gyroscope,0.025992319,0.01625513,0.0036224315000000003,1550002966609
23715,99,Accelerometer,2.2038627,1.4700398000000001,10.224439,1550002966610
23716,99,Gyroscope,-0.01737911,0.04007887,0.036609154,1550002966619
23717,99,Accelerometer,2.2433669999999997,0.47405192,8.662222,1550002966619
23718,99,Gyroscope,-0.009437865,0.03152676,0.0323331,1550002966629
23719,99,Accelerometer,1.9416976000000001,1.0462662,9.877279,1550002966629
23720,99,Gyroscope,0.029657512999999996,0.022363782000000002,-0.011649198999999999,1550002966640
23721,99,Accelerometer,2.2505496,1.2354081000000001,10.123882,1550002966640
23722,99,Gyroscope,-0.0509767,0.0058704205,-0.0018753556,1550002966649
23723,99,Accelerometer,1.5394716999999998,1.0151415000000001,10.031705,1550002966650
23724,99,Gyroscope,0.010720688999999999,-0.015509863999999998,-0.000653625,1550002966659
23725,99,Accelerometer,1.0199299000000002,0.5267244000000001,10.518925,1550002966660
23726,99,Gyroscope,0.04187482,-0.015509863999999998,0.006065893,1550002966669
23727,99,Accelerometer,0.92895025,1.2844891999999999,10.036493,1550002966670
23728,99,Gyroscope,-0.021044305,-0.006346885,0.040274344,1550002966679
23729,99,Accelerometer,0.79367787,1.4209588,9.497798,1550002966679
23730,99,Gyroscope,0.011942419,-0.012455538,0.05371338,1550002966690
23731,99,Accelerometer,0.37828386,1.1516110000000002,9.904813,1550002966690
23732,99,Gyroscope,0.03759876,-0.023451112000000003,0.045161266,1550002966699
23733,99,Accelerometer,0.45848963,1.4281414,9.846153999999999,1550002966700
23734,99,Gyroscope,-0.010659594,0.0034269579,0.023780985,1550002966709
23735,99,Accelerometer,0.8810662,0.8762778,9.860519,1550002966710
23736,99,Gyroscope,-0.0063835381999999994,-0.0032925587,0.032943964,1550002966719
23737,99,Accelerometer,0.5770026,0.7015011,10.263943,1550002966720
23738,99,Gyroscope,0.011942419,-0.021618515,0.024391849,1550002966729
23739,99,Accelerometer,0.5351041,0.80684596,10.049662,1550002966729
23740,99,Gyroscope,0.035155296,-0.021618515,-0.009205738,1550002966739
23741,99,Accelerometer,1.0989386,1.2114661,9.361329,1550002966740
23742,99,Gyroscope,0.014385881000000001,-0.006346885,-4.2759813000000006e-05,1550002966750
23743,99,Accelerometer,0.94690675,1.0474633,9.398438,1550002966750
23744,99,Gyroscope,-0.0008857511,-0.0057360195,0.015839735,1550002966759
23745,99,Accelerometer,1.5119383,0.8583213,9.872491,1550002966760
23746,99,Gyroscope,0.008888093,-0.0026816929999999998,0.0005681054,1550002966769
23747,99,Accelerometer,1.1240777,1.3802572,10.090363499999999,1550002966770
23748,99,Gyroscope,0.0021685753,-0.00023823230999999999,-0.008594873000000001,1550002966779
23749,99,Accelerometer,0.7637503000000001,0.9792285,9.408014999999999,1550002966779
23750,99,Gyroscope,-0.041202857999999995,-0.0014599635999999999,-0.011649198999999999,1550002966789
23751,99,Accelerometer,1.0905589,1.2593501,10.244789,1550002966791
23752,99,Gyroscope,0.04554001,-0.036279282999999996,-0.03608381,1550002966800
23753,99,Accelerometer,0.46686932,0.9648633,9.093178,1550002966800
23754,99,Gyroscope,0.09257663,-0.042998800000000004,-0.004929682,1550002966809
23755,99,Accelerometer,1.1180921999999998,0.6703765,7.581239699999999,1550002966810
23756,99,Gyroscope,0.02477059,0.040689737000000004,0.044550404,1550002966819
23757,99,Accelerometer,1.1180921999999998,2.2732944,10.729614999999999,1550002966820
23758,99,Gyroscope,-0.012492188999999999,0.09444588,0.045161266,1550002966829
23759,99,Accelerometer,0.50637364,1.6663644,13.193249,1550002966830
23760,99,Gyroscope,-0.072356984,-0.035668418,0.031722232999999996,1550002966839
23761,99,Accelerometer,1.0402806,0.44771573,11.731588,1550002966839
23762,99,Gyroscope,0.041263953,-0.08209418,-0.039749,1550002966850
23763,99,Accelerometer,0.92655605,1.2366052,9.5253315,1550002966850
23764,99,Gyroscope,-0.08396342400000001,-0.05460524,-0.0067622773,1550002966859
23765,99,Accelerometer,0.79008657,1.1192893,8.978256,1550002966860
23766,99,Gyroscope,-0.046089776,-0.061935622,-0.01287093,1550002966869
23767,99,Accelerometer,0.7589619000000001,0.61650693,10.292672999999999,1550002966870
23768,99,Gyroscope,0.08280279,-0.09553321,-0.011038333999999999,1550002966879
23769,99,Accelerometer,1.1899183,0.60214174,9.552864999999999,1550002966880
23770,99,Gyroscope,0.025381455,-0.07720725,-0.000653625,1550002966889
23771,99,Accelerometer,0.02873042,0.58298814,8.537724,1550002966889
23772,99,Gyroscope,-0.021044305,-0.030170628999999997,-0.023866504,1550002966899
23773,99,Accelerometer,-0.4309563,0.260968,8.730456,1550002966900
23774,99,Gyroscope,-0.02898555,0.0034269579,0.009731084000000001,1550002966909
23775,99,Accelerometer,1.043872,1.6783354,9.927557,1550002966910
23776,99,Gyroscope,-0.02165517,-0.006957751,-0.0043188166,1550002966919
23777,99,Accelerometer,0.6548142,0.8535328999999999,9.337387,1550002966920
23778,99,Gyroscope,-0.026542092000000003,-0.0057360195,-0.06479447,1550002966929
23779,99,Accelerometer,-0.17118542,1.5514427,10.126275999999999,1550002966930
23780,99,Gyroscope,-0.01127046,-0.016731594,-0.028142562000000003,1550002966939
23781,99,Accelerometer,0.6943185000000001,1.0079589,9.217675999999999,1550002966939
23782,99,Gyroscope,0.008277228000000001,0.0077030174,-0.0043188166,1550002966949
23783,99,Accelerometer,0.5291186,1.127669,8.996213000000001,1550002966949
23784,99,Gyroscope,0.016829342,0.03274849,-0.016536122,1550002966960
23785,99,Accelerometer,0.664391,1.340753,9.643844999999999,1550002966960
23786,99,Gyroscope,-0.034483336,0.05046358,-0.0018753556,1550002966969
23787,99,Accelerometer,1.0953473,0.9852139999999999,10.770316000000001,1550002966970
23788,99,Gyroscope,-0.0509767,0.03274849,-0.014703525,1550002966979
23789,99,Accelerometer,0.81163436,0.80924016,11.373655,1550002966980
23790,99,Gyroscope,-0.01127046,-0.022840247,-0.04097073,1550002966989
23791,99,Accelerometer,0.8631097,0.7757214,10.375273,1550002966989
23792,99,Gyroscope,-0.038759395,-0.04605312599999999,-0.037916407,1550002966999
23793,99,Accelerometer,1.5334862,1.127669,9.755175,1550002966999
23794,99,Gyroscope,-0.02532036,-0.028338033999999998,-0.014703525,1550002967010
23795,99,Accelerometer,1.3347674999999999,1.2174516000000002,9.93474,1550002967010
23796,99,Gyroscope,0.022937994,-0.057048699999999994,0.007287623399999999,1550002967019
23797,99,Accelerometer,0.6500258000000001,0.9828198,9.583989,1550002967020
23798,99,Gyroscope,0.021716263,-0.058270432000000004,-0.014703525,1550002967029
23799,99,Accelerometer,0.89902276,1.2114661,9.919178,1550002967030
23800,99,Gyroscope,0.0094989585,-0.047274857999999996,-0.015925256999999998,1550002967039
23801,99,Accelerometer,1.1336545,0.89662856,9.606734,1550002967040
23802,99,Gyroscope,0.013775015,-0.047885723,0.014007141,1550002967049
23803,99,Accelerometer,0.23223756,1.1791444,9.849746000000001,1550002967049
23804,99,Gyroscope,0.008888093,-0.049718317000000005,-0.017146988000000002,1550002967059
23805,99,Accelerometer,0.93014735,1.0785878999999998,9.996989,1550002967060
23806,99,Gyroscope,0.022327128999999998,-0.047274857999999996,-0.0067622773,1550002967070
23807,99,Accelerometer,0.7218518,1.316811,9.552864999999999,1550002967070
23808,99,Gyroscope,-0.0033292117999999997,-0.025894572999999997,0.007287623399999999,1550002967079
23809,99,Accelerometer,0.41180268,1.7920599999999998,9.488221000000001,1550002967080
23810,99,Gyroscope,-0.01737911,0.010146476,0.015228872,1550002967089
23811,99,Accelerometer,0.39145198,0.89064306,9.269152,1550002967090
23812,99,Gyroscope,-0.016768249,0.0077030174,0.014007141,1550002967099
23813,99,Accelerometer,0.51714754,1.4867992,9.587581,1550002967100
23814,99,Gyroscope,-0.037537664,0.008313879,0.008509354,1550002967109
23815,99,Accelerometer,0.92296475,0.9947908000000001,9.312247,1550002967109
23816,99,Gyroscope,-0.043646313,0.015033398,-0.0037079514000000003,1550002967119
23817,99,Accelerometer,0.7721300999999999,0.8607155000000001,9.340978,1550002967120
23818,99,Gyroscope,-0.008826999,-0.021618515,-0.038527273,1550002967130
23819,99,Accelerometer,0.7254431,1.4137761999999998,10.329783,1550002967130
23820,99,Gyroscope,-0.068080924,-0.013677267,-0.04280333,1550002967139
23821,99,Accelerometer,1.1348516000000002,1.7573439999999998,11.947066,1550002967140
23822,99,Gyroscope,-0.08029823,-0.04055534,0.01034195,1550002967149
23823,99,Accelerometer,0.3172317,0.015562311,12.041637,1550002967150
23824,99,Gyroscope,0.010720688999999999,-0.15417627,0.0323331,1550002967159
23825,99,Accelerometer,0.7445967,0.8583213,12.161347,1550002967160
23826,99,Gyroscope,0.025381455,-0.10897224400000001,-0.048301116,1550002967169
23827,99,Accelerometer,2.9496564999999997,1.1061212,7.9930425000000005,1550002967169
23828,99,Gyroscope,-0.10961977,-0.04910745,0.01034195,1550002967180
23829,99,Accelerometer,1.0307038,1.0893618,8.180987,1550002967180
23830,99,Gyroscope,0.0076663624,-0.08881369,0.01156368,1550002967189
23831,99,Accelerometer,0.22266077,0.8403648000000001,10.876859,1550002967190
23832,99,Gyroscope,0.081581056,-0.10713965,-0.037916407,1550002967199
23833,99,Accelerometer,0.748188,0.8499416,9.452309,1550002967200
23834,99,Gyroscope,-0.020433438999999998,-0.101031,-0.007984008,1550002967209
23835,99,Accelerometer,0.748188,0.8499416,9.452309,1550002967210
23836,99,Gyroscope,0.11456778,-0.10591792,0.031111367,1550002967219
23837,99,Accelerometer,0.25977087,1.1145009,8.391677,1550002967219
23838,99,Gyroscope,0.09074404,-0.092478886,0.05126992,1550002967229
23839,99,Accelerometer,0.9900024,2.1260512,10.796653,1550002967229
23840,99,Gyroscope,-0.034483336,-0.07170947,0.079369724,1550002967240
23841,99,Accelerometer,0.7350199000000001,1.0187328000000002,10.7990465,1550002967240
23842,99,Gyroscope,0.027824916,-0.042387932999999996,0.054324247,1550002967249
23843,99,Accelerometer,-0.1436521,1.1552023,9.545682000000001,1550002967250
23844,99,Gyroscope,-0.034483336,-0.04055534,0.048215594,1550002967259
23845,99,Accelerometer,1.0199299000000002,1.1180921999999998,7.9930425000000005,1550002967260
23846,99,Gyroscope,-0.0008857511,-0.016731594,0.046993863,1550002967269
23847,99,Accelerometer,0.89064306,1.7705121,9.992201,1550002967270
23848,99,Gyroscope,0.0632551,-0.010622941,0.015228872,1550002967279
23849,99,Accelerometer,-0.08259996,0.4441244000000001,8.937555,1550002967279
23850,99,Gyroscope,-0.027152957000000002,0.022974647999999997,0.015228872,1550002967289
23851,99,Accelerometer,0.21906945,1.6579846999999999,9.920375,1550002967290
23852,99,Gyroscope,-0.015546517,0.008313879,0.06348722400000001,1550002967299
23853,99,Accelerometer,0.59256494,0.8822633,10.499771,1550002967300
23854,99,Gyroscope,-0.015546517,-0.0014599635999999999,0.050659052999999996,1550002967309
23855,99,Accelerometer,0.1448492,1.4137761999999998,9.751583,1550002967310
23856,99,Gyroscope,-0.02898555,0.008924745,0.044550404,1550002967319
23857,99,Accelerometer,0.48602295,0.89064306,9.479841,1550002967320
23858,99,Gyroscope,-0.012492188999999999,0.0040378235,0.056767705999999994,1550002967329
23859,99,Accelerometer,0.9576806999999999,1.1911154,10.254366000000001,1550002967329
23860,99,Gyroscope,0.03882049,-0.010012077,0.044550404,1550002967339
23861,99,Accelerometer,0.51595044,1.3922282,9.472659,1550002967339
23862,99,Gyroscope,-0.027763822999999997,0.0009834989999999999,0.054935113,1550002967350
23863,99,Accelerometer,0.59017074,0.94092125,9.339781,1550002967350
23864,99,Gyroscope,-0.033261612,-0.004514288,0.07020674,1550002967359
23865,99,Accelerometer,0.6368576,1.2389994,10.577583,1550002967360
23866,99,Gyroscope,0.029046647000000002,-0.026505437000000003,0.06287636,1550002967369
23867,99,Accelerometer,0.82240826,1.1348516000000002,10.145430000000001,1550002967370
23868,99,Gyroscope,-0.026542092000000003,-0.022840247,0.04760473,1550002967379
23869,99,Accelerometer,0.94570965,1.1480197,10.33098,1550002967380
23870,99,Gyroscope,-0.01004873,-0.063768215,0.053102515999999995,1550002967389
23871,99,Accelerometer,0.9780314,0.7386111999999999,9.852139999999999,1550002967389
23872,99,Gyroscope,0.014385881000000001,-0.07048774,0.03722002,1550002967399
23873,99,Accelerometer,0.6823475,0.80325466,9.15423,1550002967400
23874,99,Gyroscope,-0.03937026,-0.058270432000000004,0.04210694,1550002967410
23875,99,Accelerometer,0.7242460000000001,0.6967127,9.100361,1550002967410
23876,99,Gyroscope,0.0009468458599999999,-0.013677267,0.021337522,1550002967419
23877,99,Accelerometer,0.36272156,1.0929531000000001,10.565612,1550002967420
23878,99,Gyroscope,-0.0045509413,-0.010622941,0.015839735,1550002967429
23879,99,Accelerometer,0.23104046,0.2765303,9.864111,1550002967430
23880,99,Gyroscope,-0.050365835,-0.013066402,0.0017898360000000002,1550002967439
23881,99,Accelerometer,0.31364042,1.2880806,9.964667,1550002967439
23882,99,Gyroscope,-0.016768249,-0.035668418,-0.010427468,1550002967449
23883,99,Accelerometer,0.49919105,1.3467385,9.255983,1550002967449
23884,99,Gyroscope,0.004612036,-0.039944474,0.016450599999999996,1550002967460
23885,99,Accelerometer,0.5781997,0.8379706,7.6003933,1550002967460
23886,99,Gyroscope,-0.03509419999999999,0.005259555,0.0127854105,1550002967469
23887,99,Accelerometer,-0.031124622,0.80804306,6.897695,1550002967470
23888,99,Gyroscope,-0.0033292117999999997,0.08406117,-0.04097073,1550002967479
23889,99,Accelerometer,0.9708488000000001,2.6862943,10.808622999999999,1550002967480
23890,99,Gyroscope,0.040653087000000004,0.10849578,0.016450599999999996,1550002967489
23891,99,Accelerometer,-0.9864110999999999,1.1013328000000002,10.396821000000001,1550002967490
23892,99,Gyroscope,-0.10900889,0.033970222,0.05126992,1550002967499
23893,99,Accelerometer,-0.7541734999999999,1.4748282,13.567941000000001,1550002967499
23894,99,Gyroscope,0.040653087000000004,-0.030781494,-0.0030970859999999998,1550002967509
23895,99,Accelerometer,2.6276363999999997,1.4484920000000001,12.056003,1550002967509
23896,99,Gyroscope,-0.03814853,-0.010622941,0.02317012,1550002967520
23897,99,Accelerometer,1.5131354,2.31639,9.452309,1550002967520
23898,99,Gyroscope,-0.076633036,0.015644263000000002,0.06531982,1550002967530
23899,99,Accelerometer,0.16759412,0.61411273,9.379285000000001,1550002967530
23900,99,Gyroscope,0.085857116,-0.014898999,0.046382997,1550002967539
23901,99,Accelerometer,1.0833763,1.3347674999999999,10.494983,1550002967540
23902,99,Gyroscope,0.038209625,-0.030170628999999997,0.09769568,1550002967549
23903,99,Accelerometer,0.94930094,1.2282255,9.615114,1550002967550
23904,99,Gyroscope,0.029657512999999996,-0.023451112000000003,0.11052385,1550002967559
23905,99,Accelerometer,0.81522566,0.7326256999999999,10.298658,1550002967559
23906,99,Gyroscope,0.10479393599999999,0.006481286,0.0903653,1550002967569
23907,99,Accelerometer,0.33997664,1.0474633,9.396044999999999,1550002967570
23908,99,Gyroscope,-0.03387247,0.03580282,0.094030485,1550002967580
23909,99,Accelerometer,-0.21428105,0.748188,9.856929,1550002967580
23910,99,Gyroscope,-0.009437865,0.0040378235,0.05126992,1550002967589
23911,99,Accelerometer,0.26336220000000005,0.79487497,10.611102,1550002967590
23912,99,Gyroscope,0.032711837,-0.021618515,0.019504927,1550002967599
23913,99,Accelerometer,0.712275,1.6986861,10.201694,1550002967600
23914,99,Gyroscope,-0.041813724,-0.013677267,0.043328673,1550002967609
23915,99,Accelerometer,0.51116204,1.2497733,8.845378,1550002967610
23916,99,Gyroscope,0.022937994,-0.010012077,0.05371338,1550002967619
23917,99,Accelerometer,0.36870706,1.3359646,9.23683,1550002967619
23918,99,Gyroscope,0.008888093,0.012589939,0.07692626,1550002967630
23919,99,Accelerometer,0.8690952,0.91578215,9.495403999999999,1550002967630
23920,99,Gyroscope,-0.043646313,0.024196379,0.082424045,1550002967639
23921,99,Accelerometer,1.0307038,0.50757074,9.518148,1550002967640
23922,99,Gyroscope,-0.01127046,0.0022052303,0.064708956,1550002967649
23923,99,Accelerometer,0.92775315,0.9612719999999999,10.454282000000001,1550002967650
23924,99,Gyroscope,-0.059528813,-0.006957751,0.04760473,1550002967659
23925,99,Accelerometer,1.5897499,0.5303157,9.8916445,1550002967660
23926,99,Gyroscope,-0.073578715,-0.0075686146,0.046993863,1550002967669
23927,99,Accelerometer,1.3670892,0.44532153,9.67018,1550002967669
23928,99,Gyroscope,-0.02532036,-0.013066402,0.027446175,1550002967679
23929,99,Accelerometer,1.3227965,1.091756,9.752781,1550002967680
23930,99,Gyroscope,-0.037537664,-0.025894572999999997,0.012174546000000001,1550002967690
23931,99,Accelerometer,1.1372458,0.8511386999999999,10.134656,1550002967690
23932,99,Gyroscope,-0.016768249,-0.035057552,0.019504927,1550002967700
23933,99,Accelerometer,0.89184016,1.3922282,9.491813,1550002967700
23934,99,Gyroscope,-0.016768249,-0.017953325,0.0127854105,1550002967709
23935,99,Accelerometer,0.27533320000000006,1.1575965,9.498994999999999,1550002967710
23936,99,Gyroscope,-0.05708535,0.0015943646,0.009120219,1550002967719
23937,99,Accelerometer,0.79966336,1.1971009,10.059238,1550002967720
23938,99,Gyroscope,-0.008216133,-0.009401211500000001,0.0048441626,1550002967729
23939,99,Accelerometer,0.7158663000000001,1.1085154,10.29387,1550002967729
23940,99,Gyroscope,-0.02532036,-0.030781494,-0.0140926605,1550002967740
23941,99,Accelerometer,0.80564886,0.4429273,9.204509,1550002967740
23942,99,Gyroscope,-0.041202857999999995,-0.021618515,-0.017757852,1550002967749
23943,99,Accelerometer,1.1324573999999998,1.2797008,9.8042555,1550002967750
23944,99,Gyroscope,-0.0027183462,-0.025283707000000002,-0.0037079514000000003,1550002967759
23945,99,Accelerometer,1.9979613,0.80684596,9.475052999999999,1550002967760
23946,99,Gyroscope,-0.016157383,-0.014288133,-0.020812178,1550002967769
23947,99,Accelerometer,1.9045875,1.043872,9.8437605,1550002967770
23948,99,Gyroscope,-0.008826999,-0.024672844,-0.027531696,1550002967779
23949,99,Accelerometer,2.006341,0.8367735000000001,9.791088,1550002967779
23950,99,Gyroscope,0.010720688999999999,-0.024672844,-0.012260064499999999,1550002967789
23951,99,Accelerometer,2.0398598000000003,0.9852139999999999,9.424775,1550002967789
23952,99,Gyroscope,-0.008826999,-0.008790346,0.0011789708,1550002967800
23953,99,Accelerometer,1.8171991000000003,1.3060371000000002,9.645041,1550002967800
23954,99,Gyroscope,0.0040011713,0.00037263334000000003,0.04760473,1550002967810
23955,99,Accelerometer,2.2505496,1.1192893,9.249998,1550002967810
23956,99,Gyroscope,0.025381455,0.0009834989999999999,0.045161266,1550002967819
23957,99,Accelerometer,1.4389153000000001,1.6400281000000003,8.656236999999999,1550002967820
23958,99,Gyroscope,0.027824916,0.010146476,0.06287636,1550002967829
23959,99,Accelerometer,2.086547,0.81163436,7.597999000000001,1550002967830
23960,99,Gyroscope,0.14022411,0.006481286,0.05126992,1550002967839
23961,99,Accelerometer,1.4425066,1.7441759,6.4523735,1550002967839
23962,99,Gyroscope,0.0070554977,0.068178676,0.06959588,1550002967849
23963,99,Accelerometer,-0.59855044,1.5921441,8.401254,1550002967849
23964,99,Gyroscope,-0.10412197599999999,0.15247807,0.10624779,1550002967860
23965,99,Accelerometer,1.0079589,1.4784195,14.895526,1550002967860
23966,99,Gyroscope,0.06997461599999999,0.015644263000000002,0.086700104,1550002967869
23967,99,Accelerometer,1.2473791,0.27892449999999996,10.8229885,1550002967870
23968,99,Gyroscope,0.07119635,0.04740926,0.03844175,1550002967879
23969,99,Accelerometer,-0.10534488,0.89423436,8.377312,1550002967880
23970,99,Gyroscope,-0.17192802,0.12010222,0.10197174,1550002967889
23971,99,Accelerometer,0.46327803,0.7086836999999999,9.866506,1550002967889
23972,99,Gyroscope,0.02721405,0.07001127,0.121519424,1550002967899
23973,99,Accelerometer,0.6691794,1.436521,10.546458,1550002967899
23974,99,Gyroscope,0.016218476000000003,0.033970222,0.090976164,1550002967910
23975,99,Accelerometer,1.411382,0.9923966000000001,9.464279,1550002967910
23976,99,Gyroscope,-0.058917947000000005,0.011368208000000001,0.13068241,1550002967919
23977,99,Accelerometer,2.2541409,1.2006921999999998,10.380061,1550002967920
23978,99,Gyroscope,0.07486154,-0.025283707000000002,0.13862365,1550002967929
23979,99,Accelerometer,1.7992426,1.1145009,10.189722,1550002967930
23980,99,Gyroscope,-0.0039400775,-0.055216104,0.10441519,1550002967939
23981,99,Accelerometer,2.859874,0.6991069000000001,9.161413,1550002967940
23982,99,Gyroscope,0.018051071000000002,-0.102863595,0.13984539,1550002967949
23983,99,Accelerometer,2.5246856,2.1140802000000005,12.24275,1550002967949
23984,99,Gyroscope,0.06997461599999999,-0.033224955,0.12762809,1550002967959
23985,99,Accelerometer,2.3535004,-0.12808979,8.725667999999999,1550002967960
23986,99,Gyroscope,-0.034483336,0.028472435,0.13984539,1550002967970
23987,99,Accelerometer,1.4520833,1.091756,7.098808,1550002967970
23988,99,Gyroscope,-0.07174612,0.08772636,0.087921835,1550002967979
23989,99,Accelerometer,1.0618285,0.38187516,8.963891,1550002967980
23990,99,Gyroscope,-0.01004873,0.07917425,0.037830885,1550002967989
23991,99,Accelerometer,0.25617957,1.2665327,9.976639,1550002967990
23992,99,Gyroscope,-0.110230625,0.099943675,0.037830885,1550002967999
23993,99,Accelerometer,-0.24061728,0.9852139999999999,9.2069025,1550002968000
23994,99,Gyroscope,-0.08946121,0.0993328,0.018283198,1550002968009
23995,99,Accelerometer,-1.4604629999999998,1.9249381999999997,11.23958,1550002968009
23996,99,Gyroscope,-0.016157383,0.10238712,0.01034195,1550002968020
23997,99,Accelerometer,-0.092176765,0.6619968,10.455478999999999,1550002968020
23998,99,Gyroscope,-0.04242459,0.07611992,0.032943964,1550002968029
23999,99,Accelerometer,0.05626374,2.0135236,9.625888,1550002968030
24000,99,Gyroscope,-0.047311507,0.085893765,0.046382997,1550002968039
24001,99,Accelerometer,0.61171854,1.1755531000000001,9.16261,1550002968040
24002,99,Gyroscope,0.016829342,0.06329175,0.053102515999999995,1550002968049
24003,99,Accelerometer,1.0175357,1.8962077000000002,10.637438000000001,1550002968050
24004,99,Gyroscope,0.021105397,0.06512435,0.082424045,1550002968059
24005,99,Accelerometer,1.5478513999999999,0.8786719999999999,9.661800999999999,1550002968059
24006,99,Gyroscope,0.018051071000000002,0.03885714,0.087921835,1550002968069
24007,99,Accelerometer,1.7573439999999998,0.90261406,10.530896,1550002968069
24008,99,Gyroscope,0.055313855,-0.00023823230999999999,0.08608924,1550002968080
24009,99,Accelerometer,1.8447324,0.90859956,10.511743,1550002968080
24010,99,Gyroscope,0.031490106000000004,-0.01734246,0.07020674,1550002968089
24011,99,Accelerometer,1.8543092,0.5746084,9.386467999999999,1550002968090
24012,99,Gyroscope,-0.014324786,-0.025283707000000002,0.058600303,1550002968099
24013,99,Accelerometer,1.6101006000000002,1.5334862,9.800664999999999,1550002968100
24014,99,Gyroscope,0.04370741,-0.034446687000000004,0.06043289599999999,1550002968109
24015,99,Accelerometer,1.590947,0.94331545,9.661800999999999,1550002968110
24016,99,Gyroscope,0.024159724,-0.0075686146,0.06043289599999999,1550002968119
24017,99,Accelerometer,0.5386954,1.2785037000000001,9.363723,1550002968119
24018,99,Gyroscope,-0.0027183462,0.004648689,0.058600303,1550002968130
24019,99,Accelerometer,0.5770026,0.997185,10.129868,1550002968130
24020,99,Gyroscope,0.0650877,-0.016731594,0.072039336,1550002968139
24021,99,Accelerometer,0.58298814,0.93493575,8.762777999999999,1550002968140
24022,99,Gyroscope,-0.030207282000000002,0.02114205,0.064708956,1550002968149
24023,99,Accelerometer,0.37349546,0.7697359,8.759186999999999,1550002968150
24024,99,Gyroscope,0.00033598019999999995,0.041911468,0.054324247,1550002968159
24025,99,Accelerometer,-0.25019407,0.044292733,6.777985,1550002968159
24026,99,Gyroscope,0.05164866,0.11888049,0.014007141,1550002968170
24027,99,Accelerometer,0.46926352,0.81402856,7.9427642999999994,1550002968170
24028,99,Gyroscope,-0.092515536,0.21967325,0.0011789708,1550002968179
24029,99,Accelerometer,-1.7908629,1.1563994,12.559982000000002,1550002968180
24030,99,Gyroscope,-0.07968736400000001,0.14392596,0.007898489,1550002968189
24031,99,Accelerometer,0.047884032,0.23463176,13.498509,1550002968190
24032,99,Gyroscope,0.058368175999999994,0.033970222,0.0005681054,1550002968199
24033,99,Accelerometer,1.9692308999999997,0.6991069000000001,10.145430000000001,1550002968200
24034,99,Gyroscope,-0.080909096,0.052907042,0.039052617000000005,1550002968209
24035,99,Accelerometer,1.3706805,2.4253263,9.8916445,1550002968210
24036,99,Gyroscope,-0.068080924,0.025418106,0.070817605,1550002968219
24037,99,Accelerometer,1.4808137,0.7170634,9.405622,1550002968220
24038,99,Gyroscope,0.010109824,-0.013066402,0.0744828,1550002968229
24039,99,Accelerometer,2.1296425,1.602918,10.229227,1550002968230
24040,99,Gyroscope,0.05653558,-0.063768215,0.08425664,1550002968239
24041,99,Accelerometer,2.6372132,1.4161704,10.406398,1550002968240
24042,99,Gyroscope,0.11029173,-0.11141571,0.09769568,1550002968249
24043,99,Accelerometer,1.7896657999999999,2.1200657000000005,11.048044,1550002968250
24044,99,Gyroscope,0.058979042,-0.1291308,0.16794519,1550002968259
24045,99,Accelerometer,2.0757727999999998,0.05626374,8.674192,1550002968260
24046,99,Gyroscope,0.057146445,-0.09492235,0.11296731,1550002968269
24047,99,Accelerometer,0.7194576,0.93613285,9.91798,1550002968270
24048,99,Gyroscope,0.068752885,-0.079650715,0.15084097,1550002968279
24049,99,Accelerometer,1.0402806,0.90620536,10.0508585,1550002968280
24050,99,Gyroscope,0.021105397,-0.050329182,0.082424045,1550002968289
24051,99,Accelerometer,-0.11372458,0.9995792,8.9998045,1550002968290
24052,99,Gyroscope,0.020494534,-0.038111877,0.059822034,1550002968299
24053,99,Accelerometer,-0.48003745,1.174356,9.578004,1550002968299
24054,99,Gyroscope,0.022937994,-0.028948900000000003,0.06837415,1550002968310
24055,99,Accelerometer,0.10175357,1.3180081,9.43914,1550002968310
24056,99,Gyroscope,0.019883668,-0.01734246,0.087921835,1550002968319
24057,99,Accelerometer,-0.34715924,1.661576,9.561244,1550002968319
24058,99,Gyroscope,-0.035705067,0.0028160921999999997,0.09280875,1550002968330
24059,99,Accelerometer,0.009576807,0.9935937,10.055647,1550002968330
24060,99,Gyroscope,0.03759876,-0.01978592,0.09341962,1550002968339
24061,99,Accelerometer,0.830788,1.2401965,9.5971575,1550002968339
24062,99,Gyroscope,0.035155296,-0.014288133,0.09341962,1550002968350
24063,99,Accelerometer,1.2725182,0.8475474000000001,9.082403999999999,1550002968350
24064,99,Gyroscope,0.0027794409999999997,-0.014898999,0.07753713,1550002968359
24065,99,Accelerometer,1.3204023,0.81522566,9.624691,1550002968359
24066,99,Gyroscope,0.06264423599999999,-0.015509863999999998,0.068985015,1550002968370
24067,99,Accelerometer,1.0426749,0.8367735000000001,9.97185,1550002968370
24068,99,Gyroscope,0.0021685753,-0.012455538,0.0885327,1550002968379
24069,99,Accelerometer,1.1911154,0.8391677,10.487801,1550002968379
24070,99,Gyroscope,0.047983468,-0.07720725,0.090976164,1550002968390
24071,99,Accelerometer,1.6675615000000001,0.51475334,10.722432000000001,1550002968390
24072,99,Gyroscope,0.04370741,-0.07415293,0.09891741,1550002968399
24073,99,Accelerometer,1.7010802999999999,1.4544774999999999,9.782708,1550002968399
24074,99,Gyroscope,-0.0008857511,-0.050329182,0.106858656,1550002968410
24075,99,Accelerometer,1.2342110000000002,1.4077905000000002,9.690532000000001,1550002968410
24076,99,Gyroscope,0.05348126,-0.06560081,0.111134715,1550002968419
24077,99,Accelerometer,0.58777654,1.2677298000000001,10.647015,1550002968419
24078,99,Gyroscope,0.06386597,-0.066822544,0.08486751,1550002968430
24079,99,Accelerometer,0.5805939,1.3563153000000001,9.39365,1550002968429
24080,99,Gyroscope,0.029657512999999996,-0.051550914,0.11174558,1550002968440
24081,99,Accelerometer,0.5805939,1.328782,9.828198,1550002968440
24082,99,Gyroscope,0.043096546,-0.039944474,0.10808039,1550002968449
24083,99,Accelerometer,0.21787235,1.1659763,10.0987425,1550002968450
24084,99,Gyroscope,0.035766162000000004,-0.029559765,0.10808039,1550002968459
24085,99,Accelerometer,0.075417355,1.127669,8.649054,1550002968459
24086,99,Gyroscope,0.0040011713,-0.019175055,0.105636925,1550002968470
24087,99,Accelerometer,-0.36631286,0.92057055,9.68694,1550002968470
24088,99,Gyroscope,-0.07480045,0.09566761,0.056156844000000004,1550002968479
24089,99,Accelerometer,0.7433996,1.5131354,12.786234,1550002968479
24090,99,Gyroscope,-0.10228938,-0.04605312599999999,0.10624779,1550002968490
24091,99,Accelerometer,-0.93134445,0.2645593,10.316614999999999,1550002968490
24092,99,Gyroscope,0.018051071000000002,-0.10530706,0.017061466,1550002968499
24093,99,Accelerometer,1.958457,0.5315128,9.742006,1550002968499
24094,99,Gyroscope,-0.0027183462,-0.0039034244,-0.0018753556,1550002968510
24095,99,Accelerometer,0.8499416,1.316811,6.7600284,1550002968510
24096,99,Gyroscope,-0.111452356,0.030305027999999998,0.0323331,1550002968519
24097,99,Accelerometer,-0.7146691999999999,1.6112977,9.165004,1550002968519
24098,99,Gyroscope,0.091965765,-0.034446687000000004,0.06776328400000001,1550002968529
24099,99,Accelerometer,0.35553896,-0.48243165,11.597513000000001,1550002968530
24100,99,Gyroscope,0.073028944,-0.09064629,0.03355483,1550002968539
24101,99,Accelerometer,2.146402,1.0127473,9.864111,1550002968540
24102,99,Gyroscope,-0.009437865,-0.058270432000000004,0.03722002,1550002968549
24103,99,Accelerometer,1.9955671000000001,1.4987701999999998,8.020576,1550002968550
24104,99,Gyroscope,0.0033903066,-0.047274857999999996,0.0726502,1550002968559
24105,99,Accelerometer,0.32202014,1.1504139,9.270349000000001,1550002968560
24106,99,Gyroscope,0.035155296,-0.09431147599999999,0.03599829,1550002968569
24107,99,Accelerometer,1.1324573999999998,0.43933599999999995,9.994595,1550002968570
24108,99,Gyroscope,0.07180721,-0.101031,0.05249165,1550002968579
24109,99,Accelerometer,1.9045875,1.4317327,9.840169,1550002968580
24110,99,Gyroscope,0.05775731,-0.102863595,0.10624779,1550002968589
24111,99,Accelerometer,0.62488663,0.8283938,10.291476,1550002968589
24112,99,Gyroscope,0.048594332999999997,-0.092478886,0.092197895,1550002968600
24113,99,Accelerometer,-0.008379705999999999,0.9900024,9.627085000000001,1550002968600
24114,99,Gyroscope,-0.0014966168,-0.03750101,0.10624779,1550002968609
24115,99,Accelerometer,-0.7326256999999999,0.33518824,7.994239299999999,1550002968610
24116,99,Gyroscope,0.08402452,0.00037263334000000003,0.06531982,1550002968619
24117,99,Accelerometer,-0.4213795,2.27928,9.147048,1550002968619
24118,99,Gyroscope,0.0052229017,0.02114205,0.11968683,1550002968629
24119,99,Accelerometer,0.34237084,1.9572599,9.375694000000001,1550002968630
24120,99,Gyroscope,0.043096546,0.048020124000000004,0.11418904,1550002968639
24121,99,Accelerometer,-0.7781156,1.9165584999999998,10.7751045,1550002968640
24122,99,Gyroscope,0.07180721,0.0431332,0.122741155,1550002968649
24123,99,Accelerometer,-0.10414778,1.5717934,9.78989,1550002968650
24124,99,Gyroscope,0.0021685753,0.043744065,0.16733432,1550002968659
24125,99,Accelerometer,0.6332663000000001,1.8411411,9.56723,1550002968660
24126,99,Gyroscope,0.032711837,0.030305027999999998,0.17955163,1550002968669
24127,99,Accelerometer,1.0570401000000003,1.4628572,10.3692875,1550002968670
24128,99,Gyroscope,0.029046647000000002,0.01747686,0.15145183,1550002968679
24129,99,Accelerometer,0.45848963,1.3754688999999998,9.579201,1550002968679
24130,99,Gyroscope,-0.01127046,0.024196379,0.15939307,1550002968689
24131,99,Accelerometer,0.93254155,1.9632453999999997,10.080786999999999,1550002968690
24132,99,Gyroscope,0.04187482,-0.00023823230999999999,0.17710817,1550002968700
24133,99,Accelerometer,1.4676456,1.3503298000000001,9.791088,1550002968700
24134,99,Gyroscope,0.058979042,-0.0026816929999999998,0.17894076,1550002968709
24135,99,Accelerometer,0.9516952,1.4389153000000001,9.709685,1550002968709
24136,99,Gyroscope,0.006444632,0.0028160921999999997,0.18993634,1550002968719
24137,99,Accelerometer,0.60573304,1.1875241,10.611102,1550002968720
24138,99,Gyroscope,0.021105397,-0.01856419,0.20581883,1550002968729
24139,99,Accelerometer,1.400608,0.6775591,10.377667,1550002968730
24140,99,Gyroscope,0.07791587,-0.042387932999999996,0.18566029,1550002968739
24141,99,Accelerometer,1.4329298000000001,0.8331822,9.226056,1550002968740
24142,99,Gyroscope,0.03393357,-0.027727167999999996,0.15878221,1550002968749
24143,99,Accelerometer,0.5722142,0.45250413,8.993818,1550002968750
24144,99,Gyroscope,-0.010659594,-0.0057360195,0.13495846,1550002968759
24145,99,Accelerometer,0.38307226,0.60094464,10.014946,1550002968760
24146,99,Gyroscope,0.03759876,-0.013677267,0.11785423,1550002968769
24147,99,Accelerometer,0.51714754,0.46567222,9.589975,1550002968770
24148,99,Gyroscope,-0.019211708,-0.0032925587,0.0885327,1550002968779
24149,99,Accelerometer,0.24181437,0.58777654,9.757569,1550002968779
24150,99,Gyroscope,0.0015577096,-0.013677267,0.064708956,1550002968790
24151,99,Accelerometer,0.08499416,0.30645782,9.803059,1550002968790
24152,99,Gyroscope,0.0113315545,0.00037263334000000003,0.037830885,1550002968799
24153,99,Accelerometer,0.13407529999999998,0.27892449999999996,9.913192,1550002968800
24154,99,Gyroscope,0.034544434,-0.0039034244,0.0323331,1550002968809
24155,99,Accelerometer,0.6775591,0.05626374,9.66659,1550002968809
24156,99,Gyroscope,0.06753115,-0.015509863999999998,0.014618006999999999,1550002968819
24157,99,Accelerometer,0.92655605,0.32680854,8.823831,1550002968820
24158,99,Gyroscope,0.08097019,0.033359356,-0.009816604,1550002968829
24159,99,Accelerometer,1.4927847,1.5634137,10.521319,1550002968830
24160,99,Gyroscope,0.028435782000000003,0.066956945,-0.017757852,1550002968839
24161,99,Accelerometer,0.79367787,0.5734113000000001,10.868478999999999,1550002968839
24162,99,Gyroscope,-0.049144104,-0.05582697,0.0017898360000000002,1550002968849
24163,99,Accelerometer,0.58897364,0.62967503,12.082339,1550002968850
24164,99,Gyroscope,0.05470299,-0.07781812,-0.06357274,1550002968859
24165,99,Accelerometer,1.9728221999999997,0.60812724,9.52174,1550002968860
24166,99,Gyroscope,-0.06258314,-0.03261409,-0.09289428,1550002968869
24167,99,Accelerometer,1.9512744,1.4281414,9.181764,1550002968869
24168,99,Gyroscope,0.029657512999999996,-0.066822544,-0.06479447,1550002968879
24169,99,Accelerometer,0.61171854,0.94451255,10.691308,1550002968880
24170,99,Gyroscope,0.05348126,-0.10530706,-0.08739649,1550002968889
24171,99,Accelerometer,1.2797008,0.4405331,10.936713000000001,1550002968890
24172,99,Gyroscope,0.03210097,-0.09675494,-0.10877677,1550002968899
24173,99,Accelerometer,1.7776948000000001,0.78410107,9.753978,1550002968900
24174,99,Gyroscope,0.040653087000000004,-0.056437835,-0.10755505,1550002968909
24175,99,Accelerometer,1.0594343000000002,0.7469909,8.768764,1550002968909
24176,99,Gyroscope,-0.031429015,-0.004514288,-0.112441964,1550002968920
24177,99,Accelerometer,-0.36990416,0.06584055,9.23683,1550002968920
24178,99,Gyroscope,-0.05708535,0.0034269579,-0.16131118,1550002968929
24179,99,Accelerometer,0.37349546,-0.108936176,9.79827,1550002968930
24180,99,Gyroscope,-0.0045509413,0.0009834989999999999,-0.23217155,1550002968939
24181,99,Accelerometer,0.45489833,1.0749966,9.564836,1550002968939
24182,99,Gyroscope,-0.05708535,0.021752916,-0.23400414,1550002968950
24183,99,Accelerometer,0.059855044,0.7529764,8.670602,1550002968950
24184,99,Gyroscope,-0.03387247,0.048020124000000004,-0.22484116,1550002968959
24185,99,Accelerometer,-0.073023155,0.1364695,9.545682000000001,1550002968960
24186,99,Gyroscope,0.02354886,0.062680885,-0.21812165,1550002968969
24187,99,Accelerometer,0.39145198,0.81642276,9.726444,1550002968969
24188,99,Gyroscope,-0.022266036,0.07795252,-0.1820806,1550002968980
24189,99,Accelerometer,0.45729253,0.6967127,9.114726,1550002968980
24190,99,Gyroscope,-0.013103055,0.06390262,-0.1820806,1550002968989
24191,99,Accelerometer,1.0606314,0.82240826,9.890448,1550002968990
24192,99,Gyroscope,-0.021044305,0.0571831,-0.17352848,1550002968999
24193,99,Accelerometer,1.5490485,0.8678981,10.060435,1550002968999
24194,99,Gyroscope,-0.05586362,0.058404832999999996,-0.19368704,1550002969010
24195,99,Accelerometer,1.8626889,0.736217,9.7563715,1550002969010
24196,99,Gyroscope,-0.0369268,0.027250702999999998,-0.18452406,1550002969019
24197,99,Accelerometer,1.4939818,0.9828198,11.405977,1550002969020
24198,99,Gyroscope,-0.014935651999999999,-0.00817948,-0.18269145,1550002969029
24199,99,Accelerometer,1.2174516000000002,0.8834603999999999,10.420763,1550002969030
24200,99,Gyroscope,-0.07846563,-0.025283707000000002,-0.17658281,1550002969039
24201,99,Accelerometer,1.5454572,1.4317327,9.937134,1550002969040
24202,99,Gyroscope,-0.047922373,-0.053383507000000004,-0.15275906,1550002969049
24203,99,Accelerometer,1.7441759,0.89662856,9.68694,1550002969050
24204,99,Gyroscope,-0.016157383,-0.06926601,-0.13687657,1550002969059
24205,99,Accelerometer,1.3227965,1.0307038,9.210494,1550002969059
24206,99,Gyroscope,-0.028374685,-0.047885723,-0.12771359,1550002969070
24207,99,Accelerometer,1.3084313,0.8331822,9.713275999999999,1550002969070
24208,99,Gyroscope,-0.018600842,-0.036279282999999996,-0.14054176,1550002969079
24209,99,Accelerometer,1.3587095,1.0307038,10.3453455,1550002969080
24210,99,Gyroscope,-0.017989976,-0.05216177599999999,-0.17413935,1550002969089
24211,99,Accelerometer,0.35553896,0.36272156,9.607930999999999,1550002969089
24212,99,Gyroscope,-0.044868045,-0.06621168,-0.19002184,1550002969100
24213,99,Accelerometer,0.78888947,0.33638534,9.56723,1550002969100
24214,99,Gyroscope,0.004612036,-0.04910745,-0.19063272,1550002969109
24215,99,Accelerometer,0.89423436,1.0726023999999998,10.341754,1550002969110
24216,99,Gyroscope,-0.016157383,-0.032003224,-0.1942979,1550002969119
24217,99,Accelerometer,0.5231331,0.49320555,9.5385,1550002969119
24218,99,Gyroscope,-0.035705067,-0.033224955,-0.20590433,1550002969129
24219,99,Accelerometer,0.5542577,1.2916718999999999,10.447099,1550002969130
24220,99,Gyroscope,-0.011881325,-0.049718317000000005,-0.19002184,1550002969139
24221,99,Accelerometer,1.1073183000000002,0.9528923,9.381680000000001,1550002969140
24222,99,Gyroscope,-0.034483336,-0.038722742000000004,-0.20895867,1550002969149
24223,99,Accelerometer,0.8499416,1.1851299,9.226056,1550002969149
24224,99,Gyroscope,-0.023487763,-0.029559765,-0.21018040000000002,1550002969159
24225,99,Accelerometer,1.1935096,1.1731589,9.883265,1550002969160
24226,99,Gyroscope,0.0009468458599999999,-0.029559765,-0.21140213,1550002969169
24227,99,Accelerometer,1.532289,0.46327803,9.375694000000001,1550002969170
24228,99,Gyroscope,-0.028374685,-0.029559765,-0.22789548,1550002969179
24229,99,Accelerometer,0.79367787,1.0773908,8.916007,1550002969179
24230,99,Gyroscope,-0.047922373,-0.02222938,-0.23583674,1550002969189
24231,99,Accelerometer,0.59735334,1.1109096,9.574411999999999,1550002969190
24232,99,Gyroscope,0.004612036,-0.053383507000000004,-0.21751077,1550002969199
24233,99,Accelerometer,1.1360487,0.4429273,8.534132000000001,1550002969200
24234,99,Gyroscope,-0.041813724,0.0015943646,-0.23094982,1550002969209
24235,99,Accelerometer,0.15442601,1.9524715,9.015367,1550002969209
24236,99,Gyroscope,-0.056474485,0.041911468,-0.20529348,1550002969219
24237,99,Accelerometer,0.43933599999999995,0.31483752,9.718064,1550002969220
24238,99,Gyroscope,-0.07602217,0.040689737000000004,-0.22911721,1550002969229
24239,99,Accelerometer,0.022744916,1.5813701999999998,10.060435,1550002969230
24240,99,Gyroscope,-0.09007207,0.044965795999999995,-0.25171924,1550002969239
24241,99,Accelerometer,0.7146691999999999,2.232593,9.765948,1550002969239
24242,99,Gyroscope,0.014996746000000002,0.019309454,-0.24072365,1550002969250
24243,99,Accelerometer,0.50397944,1.6771383000000002,8.895657,1550002969250
24244,99,Gyroscope,-0.050365835,0.06390262,-0.22545204,1550002969260
24245,99,Accelerometer,0.11492168,0.6931214,10.9103775,1550002969260
24246,99,Gyroscope,-0.005161807,0.024196379,-0.15520252,1550002969269
24247,99,Accelerometer,3.0298622,1.1468226000000001,9.715671,1550002969269
24248,99,Gyroscope,0.021105397,0.0058704205,-0.13993089,1550002969279
24249,99,Accelerometer,1.7980455000000002,2.658761,9.52174,1550002969280
24250,99,Gyroscope,-0.07052439,0.0040378235,-0.15886772,1550002969290
24251,99,Accelerometer,1.258153,0.14844051,9.431957,1550002969290
24252,99,Gyroscope,-0.052198432,-0.016120728,-0.13565484,1550002969299
24253,99,Accelerometer,2.3546975,1.4628572,10.317812,1550002969299
24254,99,Gyroscope,-0.052198432,-0.05277264,-0.15336993,1550002969309
24255,99,Accelerometer,1.8794483,0.45370123,9.242816,1550002969310
24256,99,Gyroscope,-0.034483336,-0.053383507000000004,-0.17047416,1550002969319
24257,99,Accelerometer,1.0953473,1.4041992,10.985794,1550002969320
24258,99,Gyroscope,-0.028374685,-0.01978592,-0.17291762,1550002969329
24259,99,Accelerometer,0.6847416999999999,0.5590460999999999,9.411607,1550002969329
24260,99,Gyroscope,-0.04670064,0.0009834989999999999,-0.1680307,1550002969339
24261,99,Accelerometer,0.08259996,1.4736311000000002,9.8437605,1550002969340
24262,99,Gyroscope,-0.008216133,-0.005125154,-0.1607003,1550002969349
24263,99,Accelerometer,0.39384618,0.46806642,9.321824000000001,1550002969350
24264,99,Gyroscope,-0.02898555,-0.019175055,-0.16741984,1550002969359
24265,99,Accelerometer,0.09696517,2.2732944,9.218874000000001,1550002969360
24266,99,Gyroscope,-0.054031022000000005,0.021752916,-0.15092647,1550002969369
24267,99,Accelerometer,0.12928689,0.6979098000000001,9.289502,1550002969370
24268,99,Gyroscope,0.0027794409999999997,0.013811666499999998,-0.13321137,1550002969379
24269,99,Accelerometer,0.12210429,1.4149733,10.484209,1550002969380
24270,99,Gyroscope,-0.015546517,0.012589939,-0.12221581,1550002969389
24271,99,Accelerometer,0.48003745,0.91937345,9.639056,1550002969390
24272,99,Gyroscope,-0.03937026,0.019309454,-0.1344331,1550002969399
24273,99,Accelerometer,1.1121067,0.9935937,9.437942999999999,1550002969399
24274,99,Gyroscope,-0.021044305,0.03274849,-0.13015705,1550002969410
24275,99,Accelerometer,0.7326256999999999,1.2593501,10.240001,1550002969410
24276,99,Gyroscope,-0.051587567,0.020531185,-0.12954618,1550002969419
24277,99,Accelerometer,0.7015011,0.92895025,10.031705,1550002969420
24278,99,Gyroscope,-0.036315932999999995,0.027250702999999998,-0.14298522,1550002969429
24279,99,Accelerometer,1.0702082,0.5674258000000001,9.969456,1550002969429
24280,99,Gyroscope,-0.027763822999999997,0.018087726000000002,-0.14237435,1550002969439
24281,99,Accelerometer,0.8379706,1.067814,10.247183,1550002969440
24282,99,Gyroscope,-0.039981127000000005,0.013811666499999998,-0.13382225,1550002969449
24283,99,Accelerometer,0.47884035,0.8702923,9.630676,1550002969450
24284,99,Gyroscope,-0.025931226,0.011368208000000001,-0.14603955,1550002969459
24285,99,Accelerometer,1.1121067,1.1575965,9.8198185,1550002969459
24286,99,Gyroscope,-0.0021074805,-0.00023823230999999999,-0.13565484,1550002969469
24287,99,Accelerometer,0.7433996,1.8698715,10.3226,1550002969470
24288,99,Gyroscope,-0.025931226,0.0040378235,-0.11855062,1550002969479
24289,99,Accelerometer,0.3890578,1.4425066,9.568427,1550002969480
24290,99,Gyroscope,-0.035705067,0.028472435,-0.11916149,1550002969489
24291,99,Accelerometer,-0.13168110000000002,1.4903905000000002,10.4171715,1550002969489
24292,99,Gyroscope,0.0113315545,0.011368208000000001,-0.11305283,1550002969499
24293,99,Accelerometer,0.23942018,1.0869676000000001,10.584764999999999,1550002969500
24294,99,Gyroscope,-0.0033292117999999997,0.00037263334000000003,-0.08800735,1550002969509
24295,99,Accelerometer,0.6428431,0.9588778,9.087193,1550002969510
24296,99,Gyroscope,-0.028374685,0.01992032,-0.10755505,1550002969519
24297,99,Accelerometer,0.2741361,1.6172832000000001,9.885659,1550002969520
24298,99,Gyroscope,0.029657512999999996,0.01992032,-0.10450072,1550002969529
24299,99,Accelerometer,0.45729253,0.61530983,9.386467999999999,1550002969529
24300,99,Gyroscope,-0.0021074805,0.024807245,-0.10144639,1550002969540
24301,99,Accelerometer,0.50517654,1.13964,10.047267,1550002969540
24302,99,Gyroscope,0.044318277,0.01992032,-0.081898704,1550002969549
24303,99,Accelerometer,0.80564886,1.411382,9.651027000000001,1550002969550
24304,99,Gyroscope,-0.0033292117999999997,0.022974647999999997,-0.059907555999999994,1550002969559
24305,99,Accelerometer,0.44651863,0.9504981,8.931569,1550002969559
24306,99,Gyroscope,-0.009437865,0.039468005,-0.08250957,1550002969570
24307,99,Accelerometer,0.005985504,1.0654198000000001,9.727641,1550002969570
24308,99,Gyroscope,0.0094989585,0.06878954,-0.06051842,1550002969579
24309,99,Accelerometer,0.5566519,1.3922282,9.392453,1550002969580
24310,99,Gyroscope,-0.019822573,0.07489819,-0.048301116,1550002969589
24311,99,Accelerometer,-0.02633622,1.5095441,9.519346,1550002969589
24312,99,Gyroscope,-0.038759395,0.068178676,-0.07334659,1550002969599
24313,99,Accelerometer,0.055066638,1.3263878,9.655814999999999,1550002969600
24314,99,Gyroscope,0.061422504,0.03580282,-0.042192463,1550002969609
24315,99,Accelerometer,0.6907272,1.3958195,8.186973,1550002969610
24316,99,Gyroscope,0.021105397,0.08406117,-0.017146988000000002,1550002969619
24317,99,Accelerometer,1.0426749,0.760159,9.345766000000001,1550002969619
24318,99,Gyroscope,-0.0027183462,0.12254568,-0.033640347,1550002969629
24319,99,Accelerometer,-0.21906945,2.2397757,9.983821,1550002969630
24320,99,Gyroscope,-0.019822573,0.14759114,-0.009816604,1550002969639
24321,99,Accelerometer,-0.13168110000000002,1.7298107,10.326192,1550002969640
24322,99,Gyroscope,-0.06013968,0.14575857,-0.02692083,1550002969649
24323,99,Accelerometer,0.61171854,1.8926164,12.334928,1550002969649
24324,99,Gyroscope,-0.0369268,0.0571831,-0.0030970859999999998,1550002969659
24325,99,Accelerometer,1.6484078000000002,2.0829554,11.298238000000001,1550002969660
24326,99,Gyroscope,-0.023487763,0.019309454,-0.0061514126,1550002969669
24327,99,Accelerometer,1.5634137,1.4317327,9.827001,1550002969670
24328,99,Gyroscope,-0.07296785,-0.0032925587,0.02561358,1550002969679
24329,99,Accelerometer,1.6292541999999999,1.1994951,10.169372000000001,1550002969680
24330,99,Gyroscope,-0.0063835381999999994,-0.036279282999999996,0.030500501,1550002969689
24331,99,Accelerometer,2.2517467,1.6819267,10.812215,1550002969690
24332,99,Gyroscope,-0.011881325,-0.08759196,0.03599829,1550002969700
24333,99,Accelerometer,2.882619,1.2078748,9.831789,1550002969700
24334,99,Gyroscope,-0.046089776,-0.12241128,0.021948388,1550002969709
24335,99,Accelerometer,2.3965959999999997,0.7565677,9.920375,1550002969710
24336,99,Gyroscope,0.0033903066,-0.1132483,-0.037916407,1550002969719
24337,99,Accelerometer,0.92057055,-0.037110128,9.016563,1550002969719
24338,99,Gyroscope,-0.017989976,-0.06865514,-0.07029226400000001,1550002969730
24339,99,Accelerometer,0.78050977,0.32680854,9.703699,1550002969730
24340,99,Gyroscope,-0.04670064,-0.06987687,-0.08983995,1550002969739
24341,99,Accelerometer,0.8655039000000001,0.6811504,10.097546000000001,1550002969740
24342,99,Gyroscope,0.004612036,-0.063768215,-0.117939755,1550002969749
24343,99,Accelerometer,0.34715924,0.40821138,9.618706,1550002969749
24344,99,Gyroscope,-0.029596416,-0.027727167999999996,-0.13626571,1550002969760
24345,99,Accelerometer,-0.08020575,0.94211835,8.866926,1550002969760
24346,99,Gyroscope,-0.049144104,-0.009401211500000001,-0.10450072,1550002969769
24347,99,Accelerometer,0.10414778,1.6232687,9.672575,1550002969770
24348,99,Gyroscope,0.028435782000000003,-0.016731594,-0.074568324,1550002969779
24349,99,Accelerometer,0.11133038,1.1180921999999998,9.800664999999999,1550002969779
24350,99,Gyroscope,-0.0021074805,0.014422532,-0.066016205,1550002969789
24351,99,Accelerometer,0.59855044,1.6903063999999999,8.731653,1550002969790
24352,99,Gyroscope,-0.0039400775,0.046798393,-0.051966306,1550002969799
24353,99,Accelerometer,1.1659763,1.8207904,9.235633,1550002969799
24354,99,Gyroscope,0.016218476000000003,0.040689737000000004,-0.018368717,1550002969810
24355,99,Accelerometer,1.1180921999999998,1.2401965,10.145430000000001,1550002969810
24356,99,Gyroscope,-0.023487763,0.026639838,-0.028142562000000003,1550002969819
24357,99,Accelerometer,1.7729063000000003,1.0175357,10.396821000000001,1550002969820
24358,99,Gyroscope,-0.021044305,-0.0039034244,-0.05135544,1550002969829
24359,99,Accelerometer,2.7569232000000006,1.0690111,10.901997999999999,1550002969829
24360,99,Gyroscope,0.016218476000000003,-0.027727167999999996,-0.047079384,1550002969839
24361,99,Accelerometer,2.5222914,0.9852139999999999,10.086772,1550002969840
24362,99,Gyroscope,-0.033261612,-0.038111877,-0.050744575,1550002969849
24363,99,Accelerometer,1.9847932000000001,1.4401124,9.862914,1550002969849
24364,99,Gyroscope,0.00033598019999999995,-0.046663992,-0.06845967,1550002969859
24365,99,Accelerometer,2.5737667,1.3156139,9.999383,1550002969860
24366,99,Gyroscope,0.024159724,-0.057048699999999994,-0.028753427999999998,1550002969869
24367,99,Accelerometer,1.6950948000000001,1.5861586,10.189722,1550002969870
24368,99,Gyroscope,0.019883668,-0.05582697,-0.014703525,1550002969879
24369,99,Accelerometer,1.42455,1.328782,9.726444,1550002969879
24370,99,Gyroscope,0.024159724,-0.04544226,0.014007141,1550002969889
24371,99,Accelerometer,1.2665327,1.1923125,9.952697,1550002969890
24372,99,Gyroscope,0.030268377000000003,-0.04910745,0.03416569,1550002969899
24373,99,Accelerometer,0.93373865,1.0283096,9.701305,1550002969900
24374,99,Gyroscope,0.04554001,-0.026505437000000003,0.03844175,1550002969909
24375,99,Accelerometer,0.9816226999999998,0.8343792999999999,8.479065,1550002969910
24376,99,Gyroscope,0.008277228000000001,0.020531185,0.039052617000000005,1550002969919
24377,99,Accelerometer,0.5494693,1.3012487,9.057265,1550002969920
24378,99,Gyroscope,0.00033598019999999995,0.044965795999999995,0.02561358,1550002969929
24379,99,Accelerometer,0.8355764000000001,1.1180921999999998,9.500193,1550002969929
24380,99,Gyroscope,0.010109824,0.030305027999999998,0.024391849,1550002969939
24381,99,Accelerometer,0.5518635000000001,0.9540894,9.382876,1550002969940
24382,99,Gyroscope,-0.0027183462,0.058404832999999996,0.015839735,1550002969949
24383,99,Accelerometer,0.5446809,0.9516952,9.369708000000001,1550002969950
24384,99,Gyroscope,-0.033261612,0.07245473,-0.004929682,1550002969959
24385,99,Accelerometer,0.6512229,1.4185646,9.868899,1550002969959
24386,99,Gyroscope,-0.040591992,0.041911468,-0.0012644903,1550002969970
24387,99,Accelerometer,1.3096284,0.81043726,8.945934,1550002969970
24388,99,Gyroscope,-0.0045509413,0.03152676,0.009120219,1550002969979
24389,99,Accelerometer,0.78050977,1.1097125,9.149442,1550002969980
24390,99,Gyroscope,-0.07480045,0.09627848,0.01156368,1550002969989
24391,99,Accelerometer,0.688333,1.5191208999999999,10.522516,1550002969990
24392,99,Gyroscope,0.010720688999999999,0.028472435,0.021337522,1550002969999
24393,99,Accelerometer,1.1683705,0.91099375,9.862914,1550002970000
24394,99,Gyroscope,0.014385881000000001,0.01747686,-0.010427468,1550002970009
24395,99,Accelerometer,0.47285482,0.15562311,8.7292595,1550002970009
24396,99,Gyroscope,0.07241808,0.029694162000000003,0.0066767577,1550002970019
24397,99,Accelerometer,2.3235726000000003,0.8678981,9.132683,1550002970020
24398,99,Gyroscope,-0.013103055,0.08650463,0.046993863,1550002970029
24399,99,Accelerometer,1.2389994,1.3551182,9.392453,1550002970030
24400,99,Gyroscope,-0.14810428,0.08039598,0.012174546000000001,1550002970039
24401,99,Accelerometer,0.60693014,0.6368576,12.254722000000001,1550002970040
24402,99,Gyroscope,0.035155296,-0.061935622,-0.011038333999999999,1550002970049
24403,99,Accelerometer,2.8933928,0.41180268,10.309433,1550002970049
24404,99,Gyroscope,-0.023487763,-0.061935622,-0.032418616000000004,1550002970060
24405,99,Accelerometer,1.9057846,1.9500773,7.8793178,1550002970060
24406,99,Gyroscope,-0.18170187,0.022974647999999997,-0.0140926605,1550002970069
24407,99,Accelerometer,1.2306197,1.4221559,11.170148,1550002970070
24408,99,Gyroscope,0.041263953,-0.057659565999999995,-0.02447737,1550002970079
24409,99,Accelerometer,1.2425906999999998,0.8774749,11.852495,1550002970080
24410,99,Gyroscope,0.10968086,-0.08759196,-0.02447737,1550002970089
24411,99,Accelerometer,1.447295,1.6819267,8.838196,1550002970089
24412,99,Gyroscope,-0.010659594,-0.06437908,0.012174546000000001,1550002970100
24413,99,Accelerometer,0.6655880999999999,1.7465701,8.851364,1550002970100
24414,99,Gyroscope,0.057146445,-0.06254649,0.032943964,1550002970109
24415,99,Accelerometer,1.3132197,1.4425066,10.271125,1550002970110
24416,99,Gyroscope,0.096241824,-0.09186802,0.056767705999999994,1550002970119
24417,99,Accelerometer,1.7106571,1.7513584999999998,10.485406,1550002970120
24418,99,Gyroscope,0.041263953,-0.09370062,0.086700104,1550002970129
24419,99,Accelerometer,1.6448165000000001,0.8403648000000001,10.175357,1550002970129
24420,99,Gyroscope,0.07669414,-0.101031,0.051880784000000006,1550002970140
24421,99,Accelerometer,0.39624038,0.7218518,9.246407000000001,1550002970140
24422,99,Gyroscope,0.091965765,-0.08637023,0.05004819,1550002970149
24423,99,Accelerometer,0.8690952,1.353921,8.962694,1550002970150
24424,99,Gyroscope,0.0094989585,-0.056437835,0.06959588,1550002970159
24425,99,Accelerometer,1.6089035,0.79008657,9.056067,1550002970159
24426,99,Gyroscope,0.048594332999999997,-0.06010303,0.021337522,1550002970169
24427,99,Accelerometer,0.24301147,1.1516110000000002,9.64983,1550002970170
24428,99,Gyroscope,0.051037795999999996,-0.043609664000000006,0.021337522,1550002970179
24429,99,Accelerometer,0.7242460000000001,1.1803415000000002,9.500193,1550002970180
24430,99,Gyroscope,0.051037795999999996,-0.03261409,0.034776557,1550002970189
24431,99,Accelerometer,0.7721300999999999,1.3251906999999998,9.783905,1550002970190
24432,99,Gyroscope,0.07608327,-0.03261409,0.03844175,1550002970199
24433,99,Accelerometer,0.664391,1.4317327,9.635465,1550002970199
24434,99,Gyroscope,0.031490106000000004,-0.016731594,0.046382997,1550002970210
24435,99,Accelerometer,0.8487445,1.009156,9.277532,1550002970210
24436,99,Gyroscope,0.0052229017,-0.0014599635999999999,0.044550404,1550002970219
24437,99,Accelerometer,0.8870517,1.1013328000000002,10.296265,1550002970220
24438,99,Gyroscope,0.025992319,-0.015509863999999998,0.031111367,1550002970229
24439,99,Accelerometer,0.7445967,1.1839328000000002,10.268730999999999,1550002970229
24440,99,Gyroscope,-0.01127046,-0.013677267,0.021948388,1550002970239
24441,99,Accelerometer,0.8786719999999999,1.1827357,9.807847,1550002970239
24442,99,Gyroscope,0.0040011713,-0.008790346,0.04882646,1550002970250
24443,99,Accelerometer,0.6332663000000001,1.5466543,10.674548,1550002970250
24444,99,Gyroscope,-0.017989976,-0.005125154,0.035387423,1550002970259
24445,99,Accelerometer,0.9935937,1.0953473,10.255563,1550002970260
24446,99,Gyroscope,-0.015546517,-0.038111877,0.057989437000000005,1550002970269
24447,99,Accelerometer,0.6476316,1.353921,10.480618,1550002970269
24448,99,Gyroscope,0.016829342,-0.056437835,0.037830885,1550002970279
24449,99,Accelerometer,0.94331545,0.9911995000000001,9.992201,1550002970280
24450,99,Gyroscope,-0.0057726726,-0.041777067,0.023780985,1550002970289
24451,99,Accelerometer,1.1623849,1.8100165000000001,9.461885,1550002970290
24452,99,Gyroscope,-0.037537664,-0.0039034244,0.035387423,1550002970299
24453,99,Accelerometer,0.6404489000000001,0.62608373,9.144653,1550002970300
24454,99,Gyroscope,0.032711837,-0.025894572999999997,0.026224446000000002,1550002970309
24455,99,Accelerometer,0.07062895,0.8343792999999999,9.544485,1550002970310
24456,99,Gyroscope,0.0027794409999999997,-0.01856419,0.0005681054,1550002970319
24457,99,Accelerometer,0.7410054,1.1707646999999999,9.412804,1550002970320
24458,99,Gyroscope,-0.039981127000000005,0.0034269579,-0.0018753556,1550002970329
24459,99,Accelerometer,0.12808979,1.0378863999999999,9.327810000000001,1550002970330
24460,99,Gyroscope,-0.055252752999999995,0.03580282,-0.0043188166,1550002970339
24461,99,Accelerometer,0.545878,0.5590460999999999,10.235211999999999,1550002970340
24462,99,Gyroscope,0.018661937,-0.017953325,-0.0067622773,1550002970349
24463,99,Accelerometer,0.11971009,1.0546459,9.628283,1550002970349
24464,99,Gyroscope,0.049816065,0.022363782000000002,-0.04402506,1550002970360
24465,99,Accelerometer,1.1947067,1.3455413999999999,7.6171527,1550002970360
24466,99,Gyroscope,-0.014324786,0.06390262,0.0048441626,1550002970369
24467,99,Accelerometer,0.5374983,1.8267759,9.190144,1550002970370
24468,99,Gyroscope,-0.026542092000000003,0.07489819,0.031111367,1550002970379
24469,99,Accelerometer,0.5470751,0.7661445,11.281479,1550002970379
24470,99,Gyroscope,0.05470299,-0.01856419,0.019504927,1550002970389
24471,99,Accelerometer,1.6723499,1.8219875,10.979809,1550002970390
24472,99,Gyroscope,0.0094989585,-0.011844671999999999,0.009731084000000001,1550002970400
24473,99,Accelerometer,1.4867992,1.1528081000000001,9.040505,1550002970400
24474,99,Gyroscope,-0.098624185,-0.0039034244,0.032943964,1550002970409
24475,99,Accelerometer,1.2749124,1.6364368,10.211269999999999,1550002970410
24476,99,Gyroscope,0.016829342,-0.04605312599999999,0.023780985,1550002970419
24477,99,Accelerometer,1.7190368000000003,0.6847416999999999,9.7563715,1550002970420
24478,99,Gyroscope,0.014996746000000002,-0.086981095,-0.017757852,1550002970429
24479,99,Accelerometer,1.4808137,0.3890578,9.408014999999999,1550002970429
24480,99,Gyroscope,0.07913759,-0.11080484,0.0005681054,1550002970440
24481,99,Accelerometer,1.3120226000000001,1.2725182,9.190144,1550002970440
24482,99,Gyroscope,0.030268377000000003,-0.08942456,-0.005540547,1550002970449
24483,99,Accelerometer,1.0510546,0.88944596,9.624691,1550002970450
24484,99,Gyroscope,0.088911444,-0.08820283,-0.0030970859999999998,1550002970459
24485,99,Accelerometer,0.48003745,0.82240826,11.1893015,1550002970460
24486,99,Gyroscope,0.07608327,-0.081483305,0.018283198,1550002970469
24487,99,Accelerometer,0.50038815,0.6907272,9.120711,1550002970469
24488,99,Gyroscope,-0.033261612,-0.081483305,0.008509354,1550002970479
24489,99,Accelerometer,-0.2861071,1.6112977,9.275136999999999,1550002970479
24490,99,Gyroscope,-0.0008857511,-0.015509863999999998,0.029889636,1550002970490
24491,99,Accelerometer,0.037110128,0.6751649000000001,9.838972,1550002970490
24492,99,Gyroscope,-0.018600842,0.0028160921999999997,-0.013481795,1550002970499
24493,99,Accelerometer,-0.24899697,1.5083469999999999,8.663419000000001,1550002970500
24494,99,Gyroscope,-0.060750544000000004,0.014422532,0.0005681054,1550002970509
24495,99,Accelerometer,-0.34117374,1.2557588,9.303867,1550002970510
24496,99,Gyroscope,-0.04425718,0.04985272,-0.018979583,1550002970519
24497,99,Accelerometer,-0.29448682,1.30484,10.184934,1550002970519
24498,99,Gyroscope,-0.04975497,0.06878954,-0.014703525,1550002970530
24499,99,Accelerometer,-0.19153613,1.1336545,10.426748,1550002970530
24500,99,Gyroscope,-0.056474485,0.04863099,-0.0067622773,1550002970539
24501,99,Accelerometer,0.51116204,0.7206547,10.472239,1550002970540
24502,99,Gyroscope,-0.009437865,0.008924745,-0.025699101000000002,1550002970549
24503,99,Accelerometer,0.41180268,0.8331822,9.803059,1550002970550
24504,99,Gyroscope,-0.02165517,0.0009834989999999999,-0.039749,1550002970559
24505,99,Accelerometer,0.7745243,1.1156979999999999,9.030928999999999,1550002970559
24506,99,Gyroscope,-0.043646313,0.021752916,-0.020812178,1550002970569
24507,99,Accelerometer,1.6160861,1.0869676000000001,9.627085000000001,1550002970570
24508,99,Gyroscope,0.0027794409999999997,0.007092151999999999,-0.037916407,1550002970579
24509,99,Accelerometer,0.8451531999999999,1.4820108,10.477027,1550002970580
24510,99,Gyroscope,-0.010659594,-0.005125154,-0.039138135,1550002970589
24511,99,Accelerometer,0.760159,0.5805939,9.768343,1550002970590
24512,99,Gyroscope,-0.02532036,-0.027727167999999996,-0.037916407,1550002970599
24513,99,Accelerometer,0.7170634,1.7441759,10.546458,1550002970599
24514,99,Gyroscope,0.022937994,-0.051550914,-0.031196889,1550002970609
24515,99,Accelerometer,1.1228806,1.1204863999999999,9.481038999999999,1550002970609
24516,99,Gyroscope,0.0052229017,-0.04422053,-0.023866504,1550002970620
24517,99,Accelerometer,0.50996494,1.8483237000000001,9.321824000000001,1550002970620
24518,99,Gyroscope,-0.0008857511,-0.012455538,-0.020201313999999998,1550002970629
24519,99,Accelerometer,0.25617957,1.5131354,9.829395,1550002970630
24520,99,Gyroscope,0.0009468458599999999,-0.008790346,-0.007984008,1550002970639
24521,99,Accelerometer,0.21188685,1.2737153,9.88925,1550002970640
24522,99,Gyroscope,0.01316415,-0.016120728,-0.022644775,1550002970649
24523,99,Accelerometer,0.2645593,1.0929531000000001,9.713275999999999,1550002970649
24524,99,Gyroscope,0.0040011713,-0.016120728,-0.045246787000000004,1550002970659
24525,99,Accelerometer,0.05626374,1.0821792,9.52174,1550002970660
24526,99,Gyroscope,-0.0039400775,0.0028160921999999997,-0.020812178,1550002970669
24527,99,Accelerometer,0.51714754,0.9744401,9.091981,1550002970670
24528,99,Gyroscope,-0.022266036,0.029083297,-0.025699101000000002,1550002970679
24529,99,Accelerometer,-0.023942016,1.3072342,10.014946,1550002970680
24530,99,Gyroscope,-0.014935651999999999,0.020531185,-0.017146988000000002,1550002970689
24531,99,Accelerometer,0.22744916,0.80684596,9.864111,1550002970690
24532,99,Gyroscope,-0.027763822999999997,0.013200805,-0.027531696,1550002970699
24533,99,Accelerometer,1.2401965,0.8559271,9.939528,1550002970699
24534,99,Gyroscope,0.031490106000000004,-0.012455538,-0.015314391,1550002970710
24535,99,Accelerometer,0.91817635,1.3299791,9.680955,1550002970710
24536,99,Gyroscope,0.021105397,0.013200805,0.0042332970000000004,1550002970719
24537,99,Accelerometer,1.6484078000000002,1.2868833999999998,9.561244,1550002970720
24538,99,Gyroscope,0.044929143,0.042522334,0.0017898360000000002,1550002970729
24539,99,Accelerometer,1.0307038,0.641646,9.022549,1550002970730
24540,99,Gyroscope,0.004612036,-0.0026816929999999998,0.018894061,1550002970739
24541,99,Accelerometer,0.60453594,1.8267759,10.759542,1550002970739
24542,99,Gyroscope,-0.033261612,-0.07598552,0.02317012,1550002970750
24543,99,Accelerometer,1.6663644,0.9852139999999999,11.122264,1550002970750
24544,99,Gyroscope,0.06447683,-0.08820283,-0.010427468,1550002970759
24545,99,Accelerometer,1.9596541,0.47285482,8.875306,1550002970760
24546,99,Gyroscope,-0.030207282000000002,-0.028338033999999998,0.009120219,1550002970769
24547,99,Accelerometer,0.25019407,0.9995792,8.605958,1550002970770
24548,99,Gyroscope,-0.025931226,-0.033224955,0.016450599999999996,1550002970779
24549,99,Accelerometer,0.12689269,0.78290397,9.423578,1550002970779
24550,99,Gyroscope,0.040653087000000004,-0.06560081,0.0054550273,1550002970789
24551,99,Accelerometer,0.49440265,1.0139444,10.451887,1550002970789
24552,99,Gyroscope,-0.01127046,-0.046663992,-0.011649198999999999,1550002970800
24553,99,Accelerometer,0.48482585,0.9600749,8.686164,1550002970800
24554,99,Gyroscope,-0.027152957000000002,-0.0057360195,-0.011649198999999999,1550002970809
24555,99,Accelerometer,-0.1604115,1.5777789,9.198523,1550002970810
24556,99,Gyroscope,0.020494534,-0.006957751,-0.007373143,1550002970819
24557,99,Accelerometer,-0.34476504,1.0714053,9.731233,1550002970820
24558,99,Gyroscope,-0.029596416,-0.014898999,-4.2759813000000006e-05,1550002970829
24559,99,Accelerometer,0.03232172,1.2114661,10.435128,1550002970830
24560,99,Gyroscope,-0.05708535,-0.00023823230999999999,-0.0067622773,1550002970839
24561,99,Accelerometer,0.49081135,1.0929531000000001,9.969456,1550002970839
24562,99,Gyroscope,-0.02532036,-0.00084909797,-0.0067622773,1550002970849
24563,99,Accelerometer,0.2765303,1.1623849,10.229227,1550002970850
24564,99,Gyroscope,-0.0509767,0.005259555,-0.014703525,1550002970859
24565,99,Accelerometer,0.037110128,0.7182605,9.563639,1550002970860
24566,99,Gyroscope,-0.046089776,-0.0057360195,-0.05135544,1550002970869
24567,99,Accelerometer,0.9720459000000001,1.3587095,9.566033000000001,1550002970870
24568,99,Gyroscope,-0.021044305,-0.01734246,-0.036694676,1550002970879
24569,99,Accelerometer,0.39264908,0.90141696,9.671378,1550002970880
24570,99,Gyroscope,-0.043646313,-0.0014599635999999999,-0.06174015,1550002970889
24571,99,Accelerometer,1.0055646999999999,1.2521674999999999,9.752781,1550002970889
24572,99,Gyroscope,-0.0369268,0.014422532,-0.07701178,1550002970899
24573,99,Accelerometer,0.7170634,1.1851299,10.226832,1550002970899
24574,99,Gyroscope,-0.029596416,0.0034269579,-0.06174015,1550002970910
24575,99,Accelerometer,0.7685388000000001,1.4257472,9.916783,1550002970910
24576,99,Gyroscope,-0.03203988,0.0015943646,-0.04463592,1550002970919
24577,99,Accelerometer,1.0714053,1.4652513999999999,9.776722999999999,1550002970920
24578,99,Gyroscope,-0.02409863,-0.008790346,-0.014703525,1550002970929
24579,99,Accelerometer,1.1947067,1.5035586,9.965864,1550002970930
24580,99,Gyroscope,0.0076663624,-0.016120728,-0.01287093,1550002970939
24581,99,Accelerometer,0.9612719999999999,1.4879963,9.507375,1550002970939
24582,99,Gyroscope,-0.017989976,-0.011844671999999999,-0.005540547,1550002970949
24583,99,Accelerometer,0.91338795,1.4808137,9.556455999999999,1550002970949
24584,99,Gyroscope,-0.012492188999999999,-0.009401211500000001,-4.2759813000000006e-05,1550002970960
24585,99,Accelerometer,0.7433996,1.3862427,9.704897,1550002970960
24586,99,Gyroscope,0.0070554977,-0.006957751,0.009731084000000001,1550002970969
24587,99,Accelerometer,0.8547299999999999,1.4425066,9.592369,1550002970970
24588,99,Gyroscope,-0.016768249,0.0009834989999999999,0.008509354,1550002970979
24589,99,Accelerometer,0.61650693,1.4652513999999999,9.642648,1550002970980
24590,99,Gyroscope,0.00033598019999999995,0.006481286,-0.005540547,1550002970989
24591,99,Accelerometer,0.39863458,1.4568716999999998,9.974244,1550002970989
24592,99,Gyroscope,-0.006994404,0.013200805,0.0017898360000000002,1550002970999
24593,99,Accelerometer,0.93373865,1.1240777,9.662998,1550002970999
24594,99,Gyroscope,-0.035705067,0.015644263000000002,0.0017898360000000002,1550002971010
24595,99,Accelerometer,1.1240777,1.4915876000000001,10.200497,1550002971010
24596,99,Gyroscope,-0.0057726726,-0.0014599635999999999,-0.011649198999999999,1550002971019
24597,99,Accelerometer,1.4030021000000001,0.8882488000000002,10.080786999999999,1550002971020
24598,99,Gyroscope,-0.014324786,-0.010622941,-0.018979583,1550002971029
24599,99,Accelerometer,1.2270284,0.89543146,9.749189,1550002971030
24600,99,Gyroscope,-0.012492188999999999,-0.02100765,-0.023866504,1550002971039
24601,99,Accelerometer,1.2808979,0.8283938,9.900024,1550002971039
24602,99,Gyroscope,0.018051071000000002,-0.021618515,-0.01287093,1550002971049
24603,99,Accelerometer,1.5502456,0.8547299999999999,9.702502,1550002971049
24604,99,Gyroscope,-0.008826999,-0.01978592,-0.009816604,1550002971060
24605,99,Accelerometer,1.0881646999999999,1.0833763,9.470264,1550002971060
24606,99,Gyroscope,0.014996746000000002,-0.016120728,0.0005681054,1550002971069
24607,99,Accelerometer,1.5873556999999998,1.376666,9.543288,1550002971070
24608,99,Gyroscope,0.02477059,-0.006346885,0.023780985,1550002971079
24609,99,Accelerometer,1.614889,1.4580688,9.381680000000001,1550002971080
24610,99,Gyroscope,-0.0076052677,0.0040378235,0.028667906,1550002971089
24611,99,Accelerometer,1.1827357,1.6352396999999999,9.950302,1550002971090
24612,99,Gyroscope,-0.0076052677,0.0028160921999999997,0.029889636,1550002971099
24613,99,Accelerometer,0.9959879,1.0726023999999998,9.436746000000001,1550002971099
24614,99,Gyroscope,0.0094989585,0.01992032,0.041496076,1550002971109
24615,99,Accelerometer,1.0390834999999998,1.6328455,9.26556,1550002971110
24616,99,Gyroscope,-0.016768249,0.04435493,0.05554598,1550002971119
24617,99,Accelerometer,1.5107412,1.8435352999999999,10.19092,1550002971120
24618,99,Gyroscope,0.0027794409999999997,0.03702455,0.040274344,1550002971129
24619,99,Accelerometer,0.8451531999999999,1.2844891999999999,9.448717,1550002971130
24620,99,Gyroscope,0.031490106000000004,0.07917425,0.037830885,1550002971139
24621,99,Accelerometer,1.6184803,1.4508862,8.325836,1550002971140
24622,99,Gyroscope,-0.027763822999999997,0.08772636,0.058600303,1550002971149
24623,99,Accelerometer,0.7314286,1.2270284,9.706094,1550002971149
24624,99,Gyroscope,-0.010659594,0.06573521,0.03844175,1550002971159
24625,99,Accelerometer,1.3982137,1.2605472,10.688913000000001,1550002971159
24626,99,Gyroscope,-0.07785477,0.027250702999999998,0.04760473,1550002971170
24627,99,Accelerometer,1.4197617,1.3060371000000002,10.426748,1550002971170
24628,99,Gyroscope,-0.016768249,0.010146476,0.050659052999999996,1550002971179
24629,99,Accelerometer,1.3515268999999999,1.1528081000000001,10.108319,1550002971180
24630,99,Gyroscope,-0.032650746,0.032137625,0.058600303,1550002971189
24631,99,Accelerometer,1.0426749,1.2210428999999998,9.977836,1550002971190
24632,99,Gyroscope,-0.07113525,0.01992032,0.03599829,1550002971199
24633,99,Accelerometer,1.7585411,0.7577648,9.443928999999999,1550002971200
24634,99,Gyroscope,0.025381455,-0.012455538,0.02927877,1550002971209
24635,99,Accelerometer,1.2378023,1.0905589,10.157401,1550002971209
24636,99,Gyroscope,0.0076663624,-0.014288133,0.020115793,1550002971220
24637,99,Accelerometer,1.0821792,0.581791,9.337387,1550002971220
24638,99,Gyroscope,-0.023487763,0.009535611,-0.011038333999999999,1550002971230
24639,99,Accelerometer,1.389834,1.3144168,9.02614,1550002971230
24640,99,Gyroscope,0.024159724,0.030915894,0.018283198,1550002971239
24641,99,Accelerometer,0.2657564,0.5303157,9.397242,1550002971240
24642,99,Gyroscope,0.0027794409999999997,0.024196379,0.0017898360000000002,1550002971249
24643,99,Accelerometer,-0.08020575,1.0079589,9.883265,1550002971250
24644,99,Gyroscope,-0.029596416,0.03580282,-0.004929682,1550002971259
24645,99,Accelerometer,1.0821792,0.92057055,10.053253,1550002971259
24646,99,Gyroscope,0.012553285,0.034581087999999996,0.007287623399999999,1550002971269
24647,99,Accelerometer,0.90021986,0.80804306,9.774328,1550002971270
24648,99,Gyroscope,-0.033261612,0.054128774000000004,0.012174546000000001,1550002971279
24649,99,Accelerometer,0.81163436,1.4377182,9.374496,1550002971280
24650,99,Gyroscope,-0.050365835,0.04435493,0.0066767577,1550002971289
24651,99,Accelerometer,1.6400281000000003,0.81761986,10.012551,1550002971290
24652,99,Gyroscope,0.022327128999999998,0.032137625,0.007287623399999999,1550002971299
24653,99,Accelerometer,1.4520833,0.49919105,9.774328,1550002971300
24654,99,Gyroscope,-0.030818147999999997,0.043744065,0.022559252999999998,1550002971309
24655,99,Accelerometer,1.0534488000000002,1.0546459,9.578004,1550002971309
24656,99,Gyroscope,-0.061972275,0.04007887,0.01034195,1550002971319
24657,99,Accelerometer,1.8602947,0.5279215,9.692925,1550002971320
24658,99,Gyroscope,0.017440207,0.006481286,0.007898489,1550002971330
24659,99,Accelerometer,1.6196774,1.34195,10.374075999999999,1550002971330
24660,99,Gyroscope,-0.04547891,0.035191953,-0.000653625,1550002971339
24661,99,Accelerometer,0.90979666,1.2437878,10.4171715,1550002971340
24662,99,Gyroscope,-0.046089776,0.014422532,0.0042332970000000004,1550002971349
24663,99,Accelerometer,0.7326256999999999,1.3060371000000002,10.577583,1550002971350
24664,99,Gyroscope,0.01560761,-0.023451112000000003,-0.0018753556,1550002971359
24665,99,Accelerometer,0.9624690999999999,1.1671733999999998,9.733627,1550002971359
24666,99,Gyroscope,-0.02165517,-0.0075686146,0.0042332970000000004,1550002971369
24667,99,Accelerometer,0.7218518,1.2689268999999999,9.944317,1550002971369
24668,99,Gyroscope,0.0033903066,0.0028160921999999997,-0.017757852,1550002971380
24669,99,Accelerometer,0.17597382,0.59017074,10.09994,1550002971380
24670,99,Gyroscope,0.017440207,-0.0032925587,-0.011649198999999999,1550002971389
24671,99,Accelerometer,0.6452374,0.9564835999999999,9.397242,1550002971390
24672,99,Gyroscope,-0.010659594,0.0009834989999999999,-0.0067622773,1550002971399
24673,99,Accelerometer,0.8750806999999999,1.1707646999999999,9.655814999999999,1550002971400
24674,99,Gyroscope,-0.00027488545,-0.016120728,-0.018368717,1550002971409
24675,99,Accelerometer,0.7374141,0.7278373,9.16261,1550002971410
24676,99,Gyroscope,0.012553285,0.011368208000000001,-0.025088236,1550002971419
24677,99,Accelerometer,0.50278234,1.1623849,9.865308,1550002971419
24678,99,Gyroscope,-0.02532036,0.03580282,-0.02447737,1550002971430
24679,99,Accelerometer,0.7493850999999999,0.47524905,10.13705,1550002971430
24680,99,Gyroscope,-0.023487763,0.010146476,-0.037916407,1550002971439
24681,99,Accelerometer,0.7326256999999999,1.3479356000000002,10.205285,1550002971440
24682,99,Gyroscope,0.010109824,-0.014288133,-0.033640347,1550002971449
24683,99,Accelerometer,1.7872716,1.043872,9.289502,1550002971450
24684,99,Gyroscope,-0.03387247,-0.016120728,-0.027531696,1550002971459
24685,99,Accelerometer,1.3455413999999999,1.055843,8.831013,1550002971460
24686,99,Gyroscope,-0.03387247,0.030305027999999998,-0.038527273,1550002971469
24687,99,Accelerometer,0.7410054,1.3323733,10.184934,1550002971469
24688,99,Gyroscope,-0.053420155999999996,0.01992032,-0.02447737,1550002971480
24689,99,Accelerometer,1.3754688999999998,0.842759,10.485406,1550002971480
24690,99,Gyroscope,-0.030818147999999997,-0.024672844,-0.033640347,1550002971489
24691,99,Accelerometer,1.2940661,1.1360487,10.041282,1550002971490
24692,99,Gyroscope,-0.017989976,-0.020396786,-0.04646852,1550002971499
24693,99,Accelerometer,0.45010993,1.5777789,10.205285,1550002971500
24694,99,Gyroscope,-0.030207282000000002,-0.02222938,-0.017757852,1550002971509
24695,99,Accelerometer,0.7649474,0.90979666,10.133459,1550002971509
24696,99,Gyroscope,0.0076663624,-0.06254649,0.0054550273,1550002971519
24697,99,Accelerometer,1.0630256,0.9552864999999999,9.810242,1550002971520
24698,99,Gyroscope,0.08768971,-0.082705036,0.01156368,1550002971530
24699,99,Accelerometer,1.7824832,1.352724,7.966706299999999,1550002971530
24700,99,Gyroscope,-0.016157383,-0.02222938,0.030500501,1550002971540
24701,99,Accelerometer,1.0187328000000002,2.4313118,8.743625,1550002971540
24702,99,Gyroscope,-0.04670064,0.026028972,0.035387423,1550002971549
24703,99,Accelerometer,-0.03232172,0.7170634,11.018116000000001,1550002971550
24704,99,Gyroscope,-0.034483336,-0.04055534,0.012174546000000001,1550002971559
24705,99,Accelerometer,0.02633622,0.1388637,10.687716499999999,1550002971559
24706,99,Gyroscope,0.028435782000000003,-0.07354206,-0.010427468,1550002971569
24707,99,Accelerometer,0.90021986,1.5358804,9.448717,1550002971570
24708,99,Gyroscope,-0.023487763,-0.026505437000000003,0.0030115664,1550002971579
24709,99,Accelerometer,1.0271125,1.4137761999999998,9.114726,1550002971580
24710,99,Gyroscope,0.0021685753,-0.01734246,0.0042332970000000004,1550002971589
24711,99,Accelerometer,0.37948096,1.8231846,9.728839,1550002971590
24712,99,Gyroscope,-0.00027488545,-0.008790346,0.013396275,1550002971599
24713,99,Accelerometer,0.40102878,0.78529817,9.283517,1550002971599
24714,99,Gyroscope,0.0040011713,-0.013677267,-0.007373143,1550002971609
24715,99,Accelerometer,1.246182,1.5442601,9.070433,1550002971610
24716,99,Gyroscope,0.025381455,0.02114205,0.031111367,1550002971620
24717,99,Accelerometer,0.93014735,1.2665327,9.331401,1550002971620
24718,99,Gyroscope,-0.0039400775,0.027250702999999998,0.072039336,1550002971629
24719,99,Accelerometer,0.3890578,1.0259154000000001,9.594764,1550002971630
24720,99,Gyroscope,-0.011881325,0.01625513,0.048215594,1550002971639
24721,99,Accelerometer,0.9911995000000001,1.2605472,10.315418,1550002971640
24722,99,Gyroscope,0.01560761,-0.0032925587,0.042717807000000003,1550002971649
24723,99,Accelerometer,1.3144168,1.5119383,10.426748,1550002971649
24724,99,Gyroscope,-0.012492188999999999,0.006481286,0.043328673,1550002971659
24725,99,Accelerometer,0.8343792999999999,1.1432313,9.712079,1550002971659
24726,99,Gyroscope,-0.008826999,0.007092151999999999,0.043328673,1550002971670
24727,99,Accelerometer,0.748188,1.376666,9.246407000000001,1550002971670
24728,99,Gyroscope,0.024159724,-0.013677267,0.035387423,1550002971680
24729,99,Accelerometer,1.009156,1.3634979,10.1226845,1550002971680
24730,99,Gyroscope,0.055924714,-0.010622941,0.056767705999999994,1550002971689
24731,99,Accelerometer,0.78529817,1.1420341999999999,10.0987425,1550002971690
24732,99,Gyroscope,0.022937994,0.005259555,0.06409809,1550002971699
24733,99,Accelerometer,0.8331822,1.1587936,9.029732000000001,1550002971700
24734,99,Gyroscope,0.032711837,-0.00023823230999999999,0.06715242,1550002971709
24735,99,Accelerometer,0.6619968,1.376666,9.668983,1550002971709
24736,99,Gyroscope,0.038209625,-0.00023823230999999999,0.06043289599999999,1550002971719
24737,99,Accelerometer,0.6500258000000001,1.3299791,9.643844999999999,1550002971720
24738,99,Gyroscope,0.0058337674,0.0034269579,0.07875886,1550002971730
24739,99,Accelerometer,0.22385786,1.0845733999999998,9.578004,1550002971730
24740,99,Gyroscope,0.025992319,0.014422532,0.068985015,1550002971739
24741,99,Accelerometer,0.58538234,0.8882488000000002,9.431957,1550002971740
24742,99,Gyroscope,0.006444632,0.018698592,0.08364577599999999,1550002971749
24743,99,Accelerometer,0.2873042,1.1587936,9.31943,1550002971750
24744,99,Gyroscope,0.0027794409999999997,0.012589939,0.08120232,1550002971759
24745,99,Accelerometer,0.18195933,0.8463503000000001,9.848549,1550002971759
24746,99,Gyroscope,-0.018600842,0.04007887,0.05004819,1550002971769
24747,99,Accelerometer,0.770933,0.9588778,10.077195,1550002971770
24748,99,Gyroscope,-0.022266036,0.04985272,0.05004819,1550002971780
24749,99,Accelerometer,0.35434186,0.8750806999999999,9.494206,1550002971780
24750,99,Gyroscope,-0.01737911,0.033359356,0.05004819,1550002971789
24751,99,Accelerometer,0.20829555,1.2653356000000002,10.645817999999998,1550002971790
24752,99,Gyroscope,-0.021044305,0.024807245,0.027446175,1550002971799
24753,99,Accelerometer,0.7673416999999999,1.22224,9.933542999999998,1550002971800
24754,99,Gyroscope,-0.03814853,0.024196379,0.03416569,1550002971809
24755,99,Accelerometer,0.5722142,0.9516952,10.589554,1550002971809
24756,99,Gyroscope,-0.0137139205,0.0015943646,0.05004819,1550002971819
24757,99,Accelerometer,0.8499416,0.93254155,10.181343,1550002971819
24758,99,Gyroscope,-0.0014966168,-0.020396786,0.045161266,1550002971830
24759,99,Accelerometer,1.3180081,1.1288661,9.481038999999999,1550002971830
24760,99,Gyroscope,-0.01737911,-0.039333608,0.026835311,1550002971839
24761,99,Accelerometer,0.60214174,0.7625531999999999,9.49301,1550002971840
24762,99,Gyroscope,0.011942419,-0.047274857999999996,0.018894061,1550002971849
24763,99,Accelerometer,0.7134720999999999,0.92416185,9.758766,1550002971850
24764,99,Gyroscope,-0.0063835381999999994,-0.047274857999999996,0.0109528145,1550002971859
24765,99,Accelerometer,0.6344634,0.80445176,9.566033000000001,1550002971860
24766,99,Gyroscope,-0.005161807,-0.056437835,0.0109528145,1550002971869
24767,99,Accelerometer,0.7553706,0.91578215,9.563639,1550002971869
24768,99,Gyroscope,0.016218476000000003,-0.06071389,-0.007984008,1550002971879
24769,99,Accelerometer,0.45489833,0.8607155000000001,9.210494,1550002971880
24770,99,Gyroscope,-0.0021074805,-0.025283707000000002,-0.0140926605,1550002971890
24771,99,Accelerometer,0.41778820000000005,0.9624690999999999,9.4774475,1550002971890
24772,99,Gyroscope,0.038209625,-0.006957751,-0.017757852,1550002971899
24773,99,Accelerometer,0.13407529999999998,1.4305356000000002,9.89763,1550002971900
24774,99,Gyroscope,0.026603185,0.0040378235,-0.019590449,1550002971909
24775,99,Accelerometer,-0.11372458,1.0354922,9.587581,1550002971910
24776,99,Gyroscope,0.030879242,-0.010012077,0.0042332970000000004,1550002971919
24777,99,Accelerometer,0.61530983,0.7445967,9.467871,1550002971920
24778,99,Gyroscope,0.033322702999999995,0.014422532,-0.0012644903,1550002971929
24779,99,Accelerometer,0.712275,1.376666,10.078392,1550002971929
24780,99,Gyroscope,-0.037537664,0.041300602,0.0127854105,1550002971939
24781,99,Accelerometer,1.1348516000000002,1.6603789,11.675324,1550002971940
24782,99,Gyroscope,-0.041202857999999995,-0.027116302000000002,0.0017898360000000002,1550002971950
24783,99,Accelerometer,1.0163386,0.58418524,10.56681,1550002971950
24784,99,Gyroscope,0.04370741,-0.047274857999999996,-0.053188037,1550002971959
24785,99,Accelerometer,0.33399114,1.1815386,9.423578,1550002971960
24786,99,Gyroscope,-0.07968736400000001,-0.0032925587,-0.013481795,1550002971969
24787,99,Accelerometer,1.1623849,1.1994951,9.76954,1550002971970
24788,99,Gyroscope,-0.03937026,-0.038722742000000004,0.021337522,1550002971979
24789,99,Accelerometer,1.1037270000000001,0.8415619000000001,10.79785,1550002971979
24790,99,Gyroscope,0.06692029,-0.08453764,-0.028753427999999998,1550002971989
24791,99,Accelerometer,0.6440403,1.2378023,9.562441999999999,1550002971989
24792,99,Gyroscope,0.03882049,-0.06010303,0.0054550273,1550002971999
24793,99,Accelerometer,0.93613285,1.1791444,8.604761,1550002972000
24794,99,Gyroscope,-0.018600842,-0.04544226,0.03355483,1550002972010
24795,99,Accelerometer,0.6500258000000001,1.8962077000000002,9.941922,1550002972010
24796,99,Gyroscope,0.06081164,-0.056437835,0.03355483,1550002972019
24797,99,Accelerometer,0.7242460000000001,0.9672575000000001,9.360130999999999,1550002972020
24798,99,Gyroscope,0.0492052,-0.039333608,0.035387423,1550002972029
24799,99,Accelerometer,0.60214174,1.8818424999999999,9.601946,1550002972030
24800,99,Gyroscope,0.02721405,-0.022840247,0.07326107,1550002972039
24801,99,Accelerometer,0.40940848,1.0749966,9.715671,1550002972039
24802,99,Gyroscope,0.039431356,-0.0057360195,0.07814799,1550002972049
24803,99,Accelerometer,-0.19033903,1.1192893,9.469068,1550002972050
24804,99,Gyroscope,-0.005161807,0.01992032,0.05921117,1550002972060
24805,99,Accelerometer,-0.008379705999999999,1.2294226000000001,9.41879,1550002972060
24806,99,Gyroscope,0.0033903066,0.03580282,0.04088521,1550002972069
24807,99,Accelerometer,0.24061728,0.91099375,9.822212,1550002972070
24808,99,Gyroscope,-0.013103055,0.03885714,0.043328673,1550002972079
24809,99,Accelerometer,-0.08738836,0.8283938,9.55885,1550002972080
24810,99,Gyroscope,-0.02165517,0.044965795999999995,0.027446175,1550002972089
24811,99,Accelerometer,0.053869538,0.6500258000000001,9.640253,1550002972089
24812,99,Gyroscope,-0.0063835381999999994,0.03885714,0.0011789708,1550002972099
24813,99,Accelerometer,0.38426940000000004,0.8523358,9.7240505,1550002972100
24814,99,Gyroscope,-0.02409863,0.046187527,0.007898489,1550002972109
24815,99,Accelerometer,0.18674773,0.91458505,9.683349,1550002972110
24816,99,Gyroscope,-0.036315932999999995,0.041300602,0.0005681054,1550002972119
24817,99,Accelerometer,0.38187516,0.91937345,10.115502000000001,1550002972120
24818,99,Gyroscope,-0.018600842,0.02114205,-0.0030970859999999998,1550002972129
24819,99,Accelerometer,0.7697359,1.2389994,10.500969,1550002972129
24820,99,Gyroscope,-0.027763822999999997,0.006481286,0.014007141,1550002972139
24821,99,Accelerometer,0.81043726,1.4305356000000002,10.291476,1550002972139
24822,99,Gyroscope,-0.030207282000000002,-0.010012077,0.02317012,1550002972150
24823,99,Accelerometer,1.1887212,1.5071499,10.231621,1550002972150
24824,99,Gyroscope,-0.0057726726,-0.027116302000000002,0.025002714,1550002972160
24825,99,Accelerometer,1.4915876000000001,1.4700398000000001,10.193313999999999,1550002972160
24826,99,Gyroscope,0.0033903066,-0.041777067,0.036609154,1550002972169
24827,99,Accelerometer,1.3036428999999998,1.1492168,9.736021000000001,1550002972170
24828,99,Gyroscope,0.0058337674,-0.04544226,0.030500501,1550002972179
24829,99,Accelerometer,1.2198458,1.2880806,9.818622,1550002972180
24830,99,Gyroscope,0.0052229017,-0.05582697,0.020726658000000002,1550002972189
24831,99,Accelerometer,1.5430629999999999,1.2808979,9.861717,1550002972189
24832,99,Gyroscope,0.006444632,-0.046663992,0.02317012,1550002972199
24833,99,Accelerometer,1.1911154,1.0103531,9.327810000000001,1550002972200
24834,99,Gyroscope,-0.0063835381999999994,-0.03139236,0.015839735,1550002972210
24835,99,Accelerometer,0.6404489000000001,0.664391,9.479841,1550002972210
24836,99,Gyroscope,0.0015577096,-0.035668418,-0.017757852,1550002972219
24837,99,Accelerometer,0.5638345,0.90261406,9.874885,1550002972220
24838,99,Gyroscope,-0.010659594,-0.03261409,-0.040359866,1550002972229
24839,99,Accelerometer,0.8702923,0.8499416,9.617508,1550002972230
24840,99,Gyroscope,-0.016157383,-0.02100765,-0.04402506,1550002972239
24841,99,Accelerometer,0.33877954,0.8607155000000001,9.343372,1550002972240
24842,99,Gyroscope,-0.02532036,-0.012455538,-0.062351014,1550002972249
24843,99,Accelerometer,0.5506664000000001,1.1001357,9.575610000000001,1550002972249
24844,99,Gyroscope,-0.01737911,0.008313879,-0.061129287000000004,1550002972260
24845,99,Accelerometer,0.6691794,1.1575965,9.5971575,1550002972260
24846,99,Gyroscope,-0.019822573,0.02114205,-0.043414194,1550002972270
24847,99,Accelerometer,0.9947908000000001,1.0749966,9.76954,1550002972270
24848,99,Gyroscope,-0.0033292117999999997,0.02114205,-0.028753427999999998,1550002972279
24849,99,Accelerometer,1.3263878,1.2186487,9.873688000000001,1550002972280
24850,99,Gyroscope,-0.01127046,0.026639838,-0.022644775,1550002972289
24851,99,Accelerometer,1.5753847,1.0893618,10.125079,1550002972290
24852,99,Gyroscope,0.0021685753,0.010146476,-0.023866504,1550002972299
24853,99,Accelerometer,1.7860744999999998,0.90141696,10.160992,1550002972299
24854,99,Gyroscope,0.0015577096,-0.020396786,-0.029975157000000002,1550002972309
24855,99,Accelerometer,1.8794483,0.80564886,9.707291,1550002972310
24856,99,Gyroscope,-0.0021074805,-0.016731594,-0.034251212999999996,1550002972320
24857,99,Accelerometer,1.8124107,1.3922282,9.79827,1550002972320
24858,99,Gyroscope,0.0113315545,-0.015509863999999998,-0.018979583,1550002972329
24859,99,Accelerometer,1.7142484,0.9756372,9.779117,1550002972330
24860,99,Gyroscope,-0.0137139205,-0.025283707000000002,-0.025699101000000002,1550002972339
24861,99,Accelerometer,1.2413936,1.0821792,10.166978,1550002972340
24862,99,Gyroscope,0.0033903066,-0.041166205,-0.015925256999999998,1550002972349
24863,99,Accelerometer,1.7190368000000003,0.9768343,9.710882000000002,1550002972349
24864,99,Gyroscope,0.0094989585,-0.04910745,-0.01287093,1550002972359
24865,99,Accelerometer,1.3144168,1.0594343000000002,8.034941,1550002972359
24866,99,Gyroscope,0.0058337674,0.0015943646,-0.02447737,1550002972369
24867,99,Accelerometer,1.163582,1.6687585999999999,8.707711,1550002972370
24868,99,Gyroscope,-0.0057726726,0.02114205,-0.017146988000000002,1550002972379
24869,99,Accelerometer,-0.7206547,1.1947067,9.343372,1550002972380
24870,99,Gyroscope,-0.0057726726,0.049241855999999994,0.0042332970000000004,1550002972389
24871,99,Accelerometer,0.6691794,1.1863270000000001,10.906786,1550002972390
24872,99,Gyroscope,-0.006994404,0.037635416,0.046382997,1550002972399
24873,99,Accelerometer,1.8435352999999999,1.6567876,10.57878,1550002972400
24874,99,Gyroscope,0.01316415,-0.0032925587,0.031722232999999996,1550002972409
24875,99,Accelerometer,1.7214310000000002,1.3491327,8.610746,1550002972409
24876,99,Gyroscope,0.025992319,0.02786157,0.0127854105,1550002972419
24877,99,Accelerometer,0.49559975,1.3551182,8.690952000000001,1550002972419
24878,99,Gyroscope,-0.04975497,0.07184387,0.053102515999999995,1550002972430
24879,99,Accelerometer,0.93134445,1.1528081000000001,9.791088,1550002972430
24880,99,Gyroscope,0.016218476000000003,0.03274849,0.06959588,1550002972439
24881,99,Accelerometer,1.9381063000000003,0.8810662,10.222044,1550002972440
24882,99,Gyroscope,0.00033598019999999995,0.0040378235,0.03599829,1550002972449
24883,99,Accelerometer,1.3970166000000002,1.0139444,9.664195,1550002972450
24884,99,Gyroscope,-0.01737911,0.011979073,0.031722232999999996,1550002972459
24885,99,Accelerometer,1.4520833,0.82240826,9.184157,1550002972460
24886,99,Gyroscope,-0.020433438999999998,0.019309454,0.03599829,1550002972469
24887,99,Accelerometer,0.6787562,0.9504981,9.668983,1550002972469
24888,99,Gyroscope,-0.021044305,0.021752916,0.026835311,1550002972479
24889,99,Accelerometer,0.8595184000000001,0.89782566,10.212467,1550002972480
24890,99,Gyroscope,-0.016157383,0.0015943646,0.046993863,1550002972490
24891,99,Accelerometer,1.3742718,0.9780314,10.155006,1550002972490
24892,99,Gyroscope,-0.032650746,0.015033398,0.031111367,1550002972499
24893,99,Accelerometer,0.62728083,0.9792285,9.545682000000001,1550002972500
24894,99,Gyroscope,-0.018600842,0.035191953,0.044550404,1550002972509
24895,99,Accelerometer,0.7218518,0.6955156,9.412804,1550002972510
24896,99,Gyroscope,-0.006994404,0.013811666499999998,0.024391849,1550002972519
24897,99,Accelerometer,1.2629413999999999,1.292869,9.630676,1550002972520
24898,99,Gyroscope,-0.015546517,0.01992032,0.045161266,1550002972529
24899,99,Accelerometer,0.7529764,1.3515268999999999,9.299078999999999,1550002972529
24900,99,Gyroscope,-0.030207282000000002,0.03580282,0.026224446000000002,1550002972539
24901,99,Accelerometer,1.0354922,1.3036428999999998,9.390058999999999,1550002972540
24902,99,Gyroscope,0.0040011713,0.06451348,0.018283198,1550002972550
24903,99,Accelerometer,0.50757074,1.1731589,9.544485,1550002972550
24904,99,Gyroscope,-0.029596416,0.06390262,0.015228872,1550002972559
24905,99,Accelerometer,0.44173019999999996,0.70509243,10.380061,1550002972560
24906,99,Gyroscope,0.00033598019999999995,0.052296177,-0.014703525,1550002972569
24907,99,Accelerometer,0.8690952,0.7793127,9.88925,1550002972570
24908,99,Gyroscope,-0.022876898,0.056572236,-0.01287093,1550002972579
24909,99,Accelerometer,0.79846627,1.3431472,9.931149000000001,1550002972579
24910,99,Gyroscope,-0.026542092000000003,0.049241855999999994,-0.023866504,1550002972589
24911,99,Accelerometer,0.94092125,1.0785878999999998,9.853337,1550002972590
24912,99,Gyroscope,-0.010659594,0.03580282,-0.017757852,1550002972600
24913,99,Accelerometer,1.0809821000000002,1.2114661,10.058042,1550002972600
24914,99,Gyroscope,-0.014935651999999999,0.026639838,-0.009205738,1550002972609
24915,99,Accelerometer,1.1049241,1.0259154000000001,10.055647,1550002972610
24916,99,Gyroscope,-0.0014966168,0.01747686,-0.009205738,1550002972619
24917,99,Accelerometer,1.3132197,1.2186487,10.630256,1550002972620
24918,99,Gyroscope,0.010109824,0.014422532,0.007287623399999999,1550002972629
24919,99,Accelerometer,1.1671733999999998,1.0737995,9.922769,1550002972629
24920,99,Gyroscope,0.00033598019999999995,0.004648689,0.014007141,1550002972639
24921,99,Accelerometer,0.93852705,1.3144168,9.68694,1550002972640
24922,99,Gyroscope,0.025381455,0.0028160921999999997,0.020115793,1550002972650
24923,99,Accelerometer,1.4197617,1.0295067,9.495403999999999,1550002972650
24924,99,Gyroscope,0.021716263,0.0028160921999999997,0.028667906,1550002972659
24925,99,Accelerometer,1.1659763,1.4484920000000001,9.052477,1550002972660
24926,99,Gyroscope,-0.0063835381999999994,0.02786157,0.018283198,1550002972669
24927,99,Accelerometer,1.1360487,1.3551182,9.625888,1550002972670
24928,99,Gyroscope,0.0040011713,0.014422532,0.0323331,1550002972679
24929,99,Accelerometer,0.50637364,1.1456255,10.080786999999999,1550002972679
24930,99,Gyroscope,-0.019822573,-0.006957751,0.04577213,1550002972689
24931,99,Accelerometer,0.31004912,1.2413936,10.424355,1550002972689
24932,99,Gyroscope,-0.014935651999999999,-0.006957751,0.017061466,1550002972700
24933,99,Accelerometer,1.3503298000000001,0.8331822,9.694122,1550002972700
24934,99,Gyroscope,0.010109824,-0.0039034244,0.018283198,1550002972710
24935,99,Accelerometer,0.8643068000000002,1.1216834999999998,9.332599,1550002972710
24936,99,Gyroscope,-0.011881325,-0.011844671999999999,0.019504927,1550002972719
24937,99,Accelerometer,1.2964603000000001,0.9600749,9.860519,1550002972720
24938,99,Gyroscope,0.0113315545,-0.011233807,0.013396275,1550002972729
24939,99,Accelerometer,1.127669,1.0067618,10.121488000000001,1550002972730
24940,99,Gyroscope,0.017440207,-0.012455538,0.015228872,1550002972739
24941,99,Accelerometer,0.8619126,0.90979666,9.720459,1550002972739
24942,99,Gyroscope,-0.0039400775,-0.004514288,0.02927877,1550002972749
24943,99,Accelerometer,0.91697925,1.3072342,9.898827,1550002972750
24944,99,Gyroscope,0.0076663624,-0.006346885,0.028667906,1550002972760
24945,99,Accelerometer,0.78410107,1.1073183000000002,9.821015,1550002972760
24946,99,Gyroscope,0.010720688999999999,-0.0075686146,0.025002714,1550002972769
24947,99,Accelerometer,0.7290344,1.3994108,9.7084875,1550002972770
24948,99,Gyroscope,0.01560761,-0.010622941,0.03966348,1550002972779
24949,99,Accelerometer,0.7433996,1.3790601,9.015367,1550002972780
24950,99,Gyroscope,0.014385881000000001,0.011368208000000001,0.05249165,1550002972789
24951,99,Accelerometer,1.4221559,1.6747441000000003,10.141838,1550002972789
24952,99,Gyroscope,-0.013103055,0.022363782000000002,0.02317012,1550002972799
24953,99,Accelerometer,-1.0283096,1.3587095,9.907207000000001,1550002972799
24954,99,Gyroscope,-0.02532036,0.033359356,0.036609154,1550002972809
24955,99,Accelerometer,-0.35793316,1.2114661,10.948685000000001,1550002972810
24956,99,Gyroscope,-0.04670064,0.015644263000000002,0.054324247,1550002972820
24957,99,Accelerometer,1.3587095,0.9900024,11.547235,1550002972820
24958,99,Gyroscope,0.0009468458599999999,-0.057659565999999995,0.03844175,1550002972829
24959,99,Accelerometer,1.4209588,1.3730746999999999,9.908403,1550002972830
24960,99,Gyroscope,0.010109824,-0.030781494,0.009731084000000001,1550002972839
24961,99,Accelerometer,0.5530606,0.78769237,9.184157,1550002972840
24962,99,Gyroscope,-0.061972275,-0.0075686146,0.03599829,1550002972849
24963,99,Accelerometer,0.39025488,0.33039984,9.320627,1550002972849
24964,99,Gyroscope,-0.0063835381999999994,-0.036890145,0.053102515999999995,1550002972859
24965,99,Accelerometer,1.4484920000000001,1.2617443000000002,10.240001,1550002972860
24966,99,Gyroscope,-0.015546517,-0.06254649,0.06043289599999999,1550002972870
24967,99,Accelerometer,1.6172832000000001,0.16280572,9.155427,1550002972870
24968,99,Gyroscope,-0.053420155999999996,-0.038111877,0.025002714,1550002972879
24969,99,Accelerometer,1.0749966,1.1611878,9.691728999999999,1550002972880
24970,99,Gyroscope,-0.03509419999999999,-0.029559765,0.02927877,1550002972889
24971,99,Accelerometer,0.8475474000000001,-0.11133038,9.813833,1550002972890
24972,99,Gyroscope,-0.039981127000000005,-0.020396786,-0.035472944,1550002972899
24973,99,Accelerometer,0.29328972,-0.037110128,9.498994999999999,1550002972899
24974,99,Gyroscope,-0.06258314,-0.03139236,-0.066016205,1550002972909
24975,99,Accelerometer,0.31004912,1.1575965,10.092757,1550002972909
24976,99,Gyroscope,-0.060750544000000004,-0.036890145,-0.041581597000000005,1550002972920
24977,99,Accelerometer,0.90979666,0.5614403,9.339781,1550002972920
24978,99,Gyroscope,-0.03937026,-0.013066402,-0.05929669,1550002972929
24979,99,Accelerometer,-0.050278235,1.5490485,9.190144,1550002972930
24980,99,Gyroscope,-0.06991352,0.013200805,-0.06174015,1550002972939
24981,99,Accelerometer,-0.142455,0.7613561,9.762358,1550002972940
24982,99,Gyroscope,-0.020433438999999998,-0.006957751,-0.038527273,1550002972949
24983,99,Accelerometer,0.545878,0.8547299999999999,10.13705,1550002972950
24984,99,Gyroscope,-0.015546517,-0.006957751,-0.035472944,1550002972959
24985,99,Accelerometer,0.7697359,1.4879963,9.704897,1550002972959
24986,99,Gyroscope,-0.031429015,-0.0032925587,-0.02325564,1550002972969
24987,99,Accelerometer,0.8295909,1.1947067,9.40203,1550002972970
24988,99,Gyroscope,-0.018600842,0.0040378235,-0.02692083,1550002972980
24989,99,Accelerometer,0.7110779,1.5897499,9.973047,1550002972980
24990,99,Gyroscope,-0.01737911,0.0015943646,-0.018368717,1550002972989
24991,99,Accelerometer,0.63087213,1.0785878999999998,9.927557,1550002972990
24992,99,Gyroscope,-0.026542092000000003,-0.009401211500000001,-0.012260064499999999,1550002972999
24993,99,Accelerometer,0.59017074,1.2006921999999998,10.662578,1550002973000
24994,99,Gyroscope,-0.0057726726,-0.030781494,-0.009816604,1550002973009
24995,99,Accelerometer,0.6811504,1.2785037000000001,10.486604,1550002973009
24996,99,Gyroscope,-0.024709495,-0.041777067,-0.0018753556,1550002973019
24997,99,Accelerometer,0.94092125,1.3970166000000002,9.803059,1550002973019
24998,99,Gyroscope,-0.027763822999999997,-0.046663992,0.008509354,1550002973030
24999,99,Accelerometer,0.93134445,1.2449848999999997,9.882067999999999,1550002973030
25000,99,Gyroscope,0.01560761,-0.068044275,0.0109528145,1550002973039
25001,99,Accelerometer,1.0857705,1.2569559,9.603143,1550002973040
25002,99,Gyroscope,0.0009468458599999999,-0.06071389,0.013396275,1550002973049
25003,99,Accelerometer,1.3491327,1.4784195,9.544485,1550002973050
25004,99,Gyroscope,0.010109824,-0.059492163,0.036609154,1550002973059
25005,99,Accelerometer,0.8619126,0.9696517,9.589975,1550002973060
25006,99,Gyroscope,0.044318277,-0.049718317000000005,0.046993863,1550002973069
25007,99,Accelerometer,0.30047232,1.2258313,9.725247,1550002973069
25008,99,Gyroscope,-0.00027488545,-0.017953325,0.03355483,1550002973079
25009,99,Accelerometer,0.5363011999999999,1.1085154,9.7479925,1550002973079
25010,99,Gyroscope,-0.011881325,-0.02100765,0.040274344,1550002973090
25011,99,Accelerometer,-0.16400282,1.3347674999999999,10.089166,1550002973090
25012,99,Gyroscope,-0.0008857511,-0.013066402,0.021948388,1550002973099
25013,99,Accelerometer,0.23223756,0.9876082,9.827001,1550002973100
25014,99,Gyroscope,-0.030818147999999997,0.012589939,0.018283198,1550002973109
25015,99,Accelerometer,0.034715924,1.3742718,9.435549,1550002973110
25016,99,Gyroscope,-0.039981127000000005,0.03152676,0.0323331,1550002973119
25017,99,Accelerometer,-0.31483752,0.79966336,9.455899,1550002973120
25018,99,Gyroscope,-0.00027488545,0.035191953,0.028667906,1550002973129
25019,99,Accelerometer,-0.34117374,1.1827357,9.317036,1550002973129
25020,99,Gyroscope,-0.04547891,0.046187527,0.02805704,1550002973139
25021,99,Accelerometer,0.22266077,1.3934253,9.7803135,1550002973140
25022,99,Gyroscope,-0.036315932999999995,0.03580282,0.02317012,1550002973150
25023,99,Accelerometer,0.49320555,1.0761937,10.029311,1550002973150
25024,99,Gyroscope,-0.016768249,0.02114205,0.03599829,1550002973159
25025,99,Accelerometer,0.107739076,0.9540894,10.052056,1550002973160
25026,99,Gyroscope,-0.04670064,0.018087726000000002,0.014007141,1550002973170
25027,99,Accelerometer,0.50757074,0.5638345,10.487801,1550002973170
25028,99,Gyroscope,-0.033261612,-0.010622941,0.0036224315000000003,1550002973179
25029,99,Accelerometer,0.7781156,0.6452374,9.988609,1550002973180
25030,99,Gyroscope,-0.0137139205,-0.032003224,0.007287623399999999,1550002973189
25031,99,Accelerometer,0.7553706,0.8810662,9.779117,1550002973190
25032,99,Gyroscope,-0.02165517,-0.030781494,0.0042332970000000004,1550002973199
25033,99,Accelerometer,0.6368576,0.7697359,10.323798,1550002973200
25034,99,Gyroscope,-0.0057726726,-0.03750101,0.0042332970000000004,1550002973209
25035,99,Accelerometer,0.4189853,0.29448682,10.041282,1550002973209
25036,99,Gyroscope,0.016218476000000003,-0.057048699999999994,-0.0037079514000000003,1550002973220
25037,99,Accelerometer,0.5781997,1.3479356000000002,9.880871,1550002973220
25038,99,Gyroscope,0.04187482,-0.082705036,0.015228872,1550002973229
25039,99,Accelerometer,0.9876082,1.0319009,8.89446,1550002973230
25040,99,Gyroscope,0.055924714,-0.0729312,0.021337522,1550002973239
25041,99,Accelerometer,0.79846627,1.1145009,7.891288799999999,1550002973239
25042,99,Gyroscope,0.036987893,-0.00084909797,0.014007141,1550002973249
25043,99,Accelerometer,0.23463176,2.1547816,9.011775,1550002973250
25044,99,Gyroscope,-0.008216133,0.054128774000000004,-0.0037079514000000003,1550002973259
25045,99,Accelerometer,-1.7058687,0.59735334,9.263166,1550002973260
25046,99,Gyroscope,-0.03937026,0.08345031,-0.039749,1550002973269
25047,99,Accelerometer,-2.3439236,0.6859388000000001,10.645817999999998,1550002973270
25048,99,Gyroscope,-0.0137139205,0.08467203400000001,-0.045857653,1550002973279
25049,99,Accelerometer,-1.0785878999999998,0.7398083000000001,11.277887,1550002973279
25050,99,Gyroscope,-0.03814853,0.05596137,-0.045857653,1550002973289
25051,99,Accelerometer,-0.4249708,1.2258313,10.336966,1550002973290
25052,99,Gyroscope,-0.013103055,0.044965795999999995,-0.05013371,1550002973299
25053,99,Accelerometer,0.20949265,1.1420341999999999,9.583989,1550002973300
25054,99,Gyroscope,-0.041202857999999995,0.06512435,-0.045857653,1550002973309
25055,99,Accelerometer,0.047884032,0.80564886,9.664195,1550002973310
25056,99,Gyroscope,-0.037537664,0.060848295999999996,-0.029975157000000002,1550002973319
25057,99,Accelerometer,0.8499416,0.5674258000000001,10.414778,1550002973319
25058,99,Gyroscope,-0.009437865,0.022363782000000002,-0.02447737,1550002973330
25059,99,Accelerometer,1.6220716,0.80924016,10.491392,1550002973330
25060,99,Gyroscope,-0.01127046,-0.010622941,-0.02203391,1550002973339
25061,99,Accelerometer,2.0003555,0.59376204,10.1861315,1550002973340
25062,99,Gyroscope,-0.019822573,-0.030170628999999997,-0.029975157000000002,1550002973349
25063,99,Accelerometer,2.1176715,0.50158525,10.208876,1550002973350
25064,99,Gyroscope,-0.0021074805,-0.050940047999999995,-0.04646852,1550002973359
25065,99,Accelerometer,2.0638018,0.62368953,10.195708,1550002973359
25066,99,Gyroscope,0.0113315545,-0.07354206,-0.056853227,1550002973370
25067,99,Accelerometer,1.7513584999999998,0.46327803,10.352528999999999,1550002973370
25068,99,Gyroscope,-0.015546517,-0.092478886,-0.06174015,1550002973379
25069,99,Accelerometer,1.5634137,0.5722142,9.697714,1550002973380
25070,99,Gyroscope,0.013775015,-0.07232033,-0.08128784,1550002973389
25071,99,Accelerometer,0.8379706,1.0498575,9.822212,1550002973390
25072,99,Gyroscope,-0.0039400775,-0.053383507000000004,-0.07579005,1550002973399
25073,99,Accelerometer,0.16400282,1.0474633,9.965864,1550002973400
25074,99,Gyroscope,-0.01127046,-0.04422053,-0.077622645,1550002973410
25075,99,Accelerometer,-0.12090719,1.1097125,9.871294,1550002973410
25076,99,Gyroscope,0.004612036,-0.034446687000000004,-0.06845967,1550002973419
25077,99,Accelerometer,0.14604631,1.411382,9.457097000000001,1550002973420
25078,99,Gyroscope,-0.022266036,-0.010622941,-0.04769025,1550002973429
25079,99,Accelerometer,-0.05267244,1.5598223999999998,9.260772,1550002973429
25080,99,Gyroscope,0.012553285,-0.0014599635999999999,-0.030586022999999997,1550002973439
25081,99,Accelerometer,0.2896984,1.6124948000000001,9.331401,1550002973440
25082,99,Gyroscope,0.00033598019999999995,0.0077030174,-0.007984008,1550002973449
25083,99,Accelerometer,0.60573304,1.7537526999999997,9.776722999999999,1550002973450
25084,99,Gyroscope,0.008277228000000001,0.015644263000000002,0.023780985,1550002973459
25085,99,Accelerometer,0.5267244000000001,1.3299791,9.5385,1550002973460
25086,99,Gyroscope,0.016218476000000003,0.013200805,0.034776557,1550002973469
25087,99,Accelerometer,0.89902276,1.483208,9.894038,1550002973469
25088,99,Gyroscope,0.006444632,0.01747686,0.043328673,1550002973480
25089,99,Accelerometer,1.1300632,1.3132197,10.011353999999999,1550002973480
25090,99,Gyroscope,0.014996746000000002,0.009535611,0.05249165,1550002973489
25091,99,Accelerometer,1.1324573999999998,1.2389994,9.944317,1550002973490
25092,99,Gyroscope,0.029657512999999996,-0.0020708293,0.05554598,1550002973499
25093,99,Accelerometer,1.0606314,1.3551182,9.76116,1550002973499
25094,99,Gyroscope,0.0070554977,0.00037263334000000003,0.050659052999999996,1550002973509
25095,99,Accelerometer,0.9900024,1.2437878,9.665392,1550002973509
25096,99,Gyroscope,-0.006994404,-0.0020708293,0.059822034,1550002973520
25097,99,Accelerometer,0.6452374,1.0103531,10.131064,1550002973520
25098,99,Gyroscope,0.010720688999999999,-0.011844671999999999,0.048215594,1550002973529
25099,99,Accelerometer,0.39983168,0.8882488000000002,10.473435,1550002973530
25100,99,Gyroscope,0.010720688999999999,-0.023451112000000003,0.025002714,1550002973539
25101,99,Accelerometer,0.22744916,0.9552864999999999,9.892841,1550002973539
25102,99,Gyroscope,-0.0021074805,-0.016120728,0.014618006999999999,1550002973549
25103,99,Accelerometer,-0.11851298,1.0594343000000002,9.648633,1550002973550
25104,99,Gyroscope,-0.006994404,-0.0039034244,0.018894061,1550002973559
25105,99,Accelerometer,-0.34715924,0.9708488000000001,9.852139999999999,1550002973560
25106,99,Gyroscope,-0.009437865,0.0040378235,0.0127854105,1550002973569
25107,99,Accelerometer,-0.33399114,0.93373865,9.694122,1550002973570
25108,99,Gyroscope,-0.0063835381999999994,0.0040378235,0.021948388,1550002973579
25109,99,Accelerometer,-0.17357962,0.9684546,9.7084875,1550002973579
25110,99,Gyroscope,-0.00027488545,0.016865995,0.02317012,1550002973590
25111,99,Accelerometer,0.17956513,1.0187328000000002,9.489417999999999,1550002973590
25112,99,Gyroscope,-0.016157383,0.01747686,0.02927877,1550002973599
25113,99,Accelerometer,0.32920274,1.1552023,9.791088,1550002973600
25114,99,Gyroscope,-0.015546517,0.014422532,0.031111367,1550002973609
25115,99,Accelerometer,0.46088383,1.0402806,9.999383,1550002973609
25116,99,Gyroscope,-0.008826999,0.008313879,0.020726658000000002,1550002973620
25117,99,Accelerometer,0.4249708,0.9720459000000001,9.646238,1550002973620
25118,99,Gyroscope,-0.02409863,0.01747686,0.017672332,1550002973629
25119,99,Accelerometer,-0.0023942017,0.8690952,9.96347,1550002973630
25120,99,Gyroscope,-0.02409863,0.024196379,0.0109528145,1550002973639
25121,99,Accelerometer,-0.051475335,0.9648633,10.17416,1550002973640
25122,99,Gyroscope,-0.017989976,0.013200805,0.0030115664,1550002973649
25123,99,Accelerometer,-0.108936176,0.60214174,9.737217999999999,1550002973649
25124,99,Gyroscope,-0.026542092000000003,0.014422532,-0.011649198999999999,1550002973660
25125,99,Accelerometer,-0.5303157,0.78529817,9.600749,1550002973660
25126,99,Gyroscope,-0.035705067,0.026639838,-0.017146988000000002,1550002973669
25127,99,Accelerometer,-0.581791,0.8631097,9.88925,1550002973670
25128,99,Gyroscope,-0.021044305,0.025418106,-0.025088236,1550002973679
25129,99,Accelerometer,-0.34237084,0.81761986,10.116699,1550002973679
25130,99,Gyroscope,-0.017989976,0.02114205,-0.042192463,1550002973689
25131,99,Accelerometer,-0.25258827,0.90381116,9.762358,1550002973690
25132,99,Gyroscope,-0.030818147999999997,0.01625513,-0.053188037,1550002973699
25133,99,Accelerometer,-0.20231004,1.1145009,9.900024,1550002973700
25134,99,Gyroscope,-0.02532036,0.01625513,-0.053188037,1550002973709
25135,99,Accelerometer,0.06344634,0.81522566,9.999383,1550002973710
25136,99,Gyroscope,-0.011881325,0.010146476,-0.062351014,1550002973719
25137,99,Accelerometer,0.059855044,0.9720459000000001,9.803059,1550002973719
25138,99,Gyroscope,-0.030207282000000002,0.009535611,-0.06845967,1550002973730
25139,99,Accelerometer,0.18555063,0.93732995,9.862914,1550002973730
25140,99,Gyroscope,-0.02409863,0.0058704205,-0.0678488,1550002973739
25141,99,Accelerometer,0.22864626,0.90979666,9.898827,1550002973740
25142,99,Gyroscope,-0.017989976,0.0015943646,-0.062351014,1550002973749
25143,99,Accelerometer,0.25258827,1.5646108,10.055647,1550002973749
25144,99,Gyroscope,-0.020433438999999998,-0.004514288,-0.078844376,1550002973759
25145,99,Accelerometer,-0.35673606,1.0235212,9.509769,1550002973760
25146,99,Gyroscope,-0.03203988,0.010146476,-0.09167255,1550002973769
25147,99,Accelerometer,-0.1412579,1.2940661,10.00896,1550002973770
25148,99,Gyroscope,-0.016768249,-0.0014599635999999999,-0.06174015,1550002973779
25149,99,Accelerometer,0.19153613,0.92057055,9.7863,1550002973780
25150,99,Gyroscope,-0.024709495,-0.0020708293,-0.07212486,1550002973789
25151,99,Accelerometer,-0.38426940000000004,0.9804255999999999,9.793482000000001,1550002973789
25152,99,Gyroscope,-0.02532036,-0.00084909797,-0.08128784,1550002973800
25153,99,Accelerometer,-0.37828386,0.8391677,9.974244,1550002973800
25154,99,Gyroscope,-0.010659594,0.0015943646,-0.07212486,1550002973809
25155,99,Accelerometer,-0.1352724,0.89184016,9.858125999999999,1550002973810
25156,99,Gyroscope,-0.025931226,0.0040378235,-0.078844376,1550002973819
25157,99,Accelerometer,-0.32202014,0.9588778,9.817424,1550002973820
25158,99,Gyroscope,-0.019822573,0.0028160921999999997,-0.08739649,1550002973829
25159,99,Accelerometer,-0.25977087,0.92296475,9.938332,1550002973829
25160,99,Gyroscope,-0.018600842,-0.00084909797,-0.08067697,1550002973840
25161,99,Accelerometer,-0.050278235,0.9744401,9.870096,1550002973840
25162,99,Gyroscope,-0.02532036,0.00037263334000000003,-0.07579005,1550002973849
25163,99,Accelerometer,-0.033518825,0.89902276,9.973047,1550002973850
25164,99,Gyroscope,-0.013103055,-0.00817948,-0.08067697,1550002973859
25165,99,Accelerometer,-0.019153614,0.8355764000000001,10.013748,1550002973859
25166,99,Gyroscope,-0.011881325,-0.010622941,-0.083120435,1550002973869
25167,99,Accelerometer,0.16759412,0.9720459000000001,9.862914,1550002973870
25168,99,Gyroscope,-0.020433438999999998,-0.017953325,-0.08067697,1550002973879
25169,99,Accelerometer,0.38307226,0.9636662,9.886856,1550002973880
25170,99,Gyroscope,-0.009437865,-0.02100765,-0.07823351,1550002973889
25171,99,Accelerometer,0.35673606,0.89064306,9.996989,1550002973890
25172,99,Gyroscope,-0.009437865,-0.027116302000000002,-0.08006611,1550002973899
25173,99,Accelerometer,0.19153613,0.8678981,9.864111,1550002973899
25174,99,Gyroscope,-0.014324786,-0.02222938,-0.08067697,1550002973910
25175,99,Accelerometer,0.12808979,1.0307038,9.812635,1550002973910
25176,99,Gyroscope,-0.012492188999999999,-0.021618515,-0.07334659,1550002973919
25177,99,Accelerometer,0.04309563,1.1647792,9.800664999999999,1550002973920
25178,99,Gyroscope,-0.013103055,-0.01734246,-0.058685824000000004,1550002973929
25179,99,Accelerometer,-0.023942016,1.2557588,9.751583,1550002973930
25180,99,Gyroscope,-0.009437865,-0.013677267,-0.043414194,1550002973939
25181,99,Accelerometer,0.04189853,1.4425066,9.8042555,1550002973940
25182,99,Gyroscope,-0.0057726726,-0.012455538,-0.026309965,1550002973950
25183,99,Accelerometer,0.17477672,1.4879963,9.807847,1550002973950
25184,99,Gyroscope,-0.008216133,-0.010622941,-0.008594873000000001,1550002973959
25185,99,Accelerometer,0.18555063,1.4604629999999998,9.811439,1550002973960
25186,99,Gyroscope,-0.0008857511,-0.013066402,-0.004929682,1550002973969
25187,99,Accelerometer,0.22146365,1.3371617,9.862914,1550002973969
25188,99,Gyroscope,0.0021685753,-0.013677267,-0.0037079514000000003,1550002973980
25189,99,Accelerometer,0.2885013,1.2557588,9.801862,1550002973980
25190,99,Gyroscope,-0.0045509413,-0.015509863999999998,-0.0030970859999999998,1550002973989
25191,99,Accelerometer,0.33399114,1.1779473,9.788692999999999,1550002973990
25192,99,Gyroscope,-0.005161807,-0.014898999,-0.0037079514000000003,1550002973999
25193,99,Accelerometer,0.32800564,1.1779473,9.861717,1550002974000
25194,99,Gyroscope,-0.0045509413,-0.013677267,-0.0012644903,1550002974009
25195,99,Accelerometer,0.30166942,1.1109096,9.810242,1550002974010
25196,99,Gyroscope,-0.0045509413,-0.016120728,0.0054550273,1550002974019
25197,99,Accelerometer,0.31244332,1.0857705,9.849746000000001,1550002974020
25198,99,Gyroscope,0.00033598019999999995,-0.016731594,0.014007141,1550002974029
25199,99,Accelerometer,0.36391866,1.0773908,9.846153999999999,1550002974030
25200,99,Gyroscope,-0.0014966168,-0.014288133,0.018894061,1550002974039
25201,99,Accelerometer,0.39624038,1.1073183000000002,9.79827,1550002974039
25202,99,Gyroscope,0.00033598019999999995,-0.011844671999999999,0.022559252999999998,1550002974049
25203,99,Accelerometer,0.40821138,1.1240777,9.828198,1550002974050
25204,99,Gyroscope,0.0027794409999999997,-0.01734246,0.020115793,1550002974059
25205,99,Accelerometer,0.40581718,1.0881646999999999,9.849746000000001,1550002974060
25206,99,Gyroscope,0.0027794409999999997,-0.011844671999999999,0.021948388,1550002974069
25207,99,Accelerometer,0.39504328,1.0390834999999998,9.8042555,1550002974070
25208,99,Gyroscope,0.0015577096,-0.01734246,0.018283198,1550002974079
25209,99,Accelerometer,0.415394,1.0749966,9.794678999999999,1550002974079
25210,99,Gyroscope,0.00033598019999999995,-0.014898999,0.017061466,1550002974090
25211,99,Accelerometer,0.36511576,1.0737995,9.803059,1550002974090
25212,99,Gyroscope,-0.0014966168,-0.013066402,0.015228872,1550002974099
25213,99,Accelerometer,0.34715924,1.0295067,9.810242,1550002974100
25214,99,Gyroscope,0.0009468458599999999,-0.016120728,0.014618006999999999,1550002974109
25215,99,Accelerometer,0.3866636,0.997185,9.7863,1550002974109
25216,99,Gyroscope,-0.00027488545,-0.010622941,0.012174546000000001,1550002974119
25217,99,Accelerometer,0.44532153,1.0199299000000002,9.776722999999999,1550002974120
25218,99,Gyroscope,-0.0027183462,-0.00817948,0.01034195,1550002974129
25219,99,Accelerometer,0.5351041,1.0055646999999999,9.800664999999999,1550002974130
25220,99,Gyroscope,0.00033598019999999995,-0.004514288,0.0048441626,1550002974139
25221,99,Accelerometer,0.6679823,1.5107412,9.93474,1550002974139
25222,99,Gyroscope,-0.0033292117999999997,-0.004514288,0.01034195,1550002974149
25223,99,Accelerometer,0.676362,0.94570965,9.750386,1550002974150
25224,99,Gyroscope,-0.0057726726,-0.0026816929999999998,0.0030115664,1550002974159
25225,99,Accelerometer,0.61291564,0.90141696,9.853337,1550002974160
25226,99,Gyroscope,0.0009468458599999999,-0.00817948,0.007287623399999999,1550002974169
25227,99,Accelerometer,0.7266402,0.91099375,9.740809,1550002974170
25228,99,Gyroscope,-0.0076052677,-0.0039034244,0.006065893,1550002974179
25229,99,Accelerometer,0.736217,1.1312603,9.7324295,1550002974180
25230,99,Gyroscope,-0.006994404,-0.0039034244,0.0109528145,1550002974189
25231,99,Accelerometer,0.7433996,1.1013328000000002,9.878476,1550002974190
25232,99,Gyroscope,-0.0021074805,-0.0014599635999999999,0.008509354,1550002974199
25233,99,Accelerometer,0.7410054,1.1360487,9.773131,1550002974199
25234,99,Gyroscope,-0.0076052677,-0.0014599635999999999,0.0127854105,1550002974209
25235,99,Accelerometer,0.7194576,1.1097125,9.753978,1550002974210
25236,99,Gyroscope,-0.0033292117999999997,-0.0057360195,0.014007141,1550002974219
25237,99,Accelerometer,0.688333,1.1121067,9.850943,1550002974220
25238,99,Gyroscope,0.0009468458599999999,-0.0032925587,0.013396275,1550002974229
25239,99,Accelerometer,0.6560113000000001,1.1156979999999999,9.763555,1550002974230
25240,99,Gyroscope,-0.0063835381999999994,-0.0020708293,0.012174546000000001,1550002974239
25241,99,Accelerometer,0.6727706999999999,1.0702082,9.811439,1550002974240
25242,99,Gyroscope,-0.0021074805,-0.0032925587,0.0109528145,1550002974249
25243,99,Accelerometer,0.6596026,1.0654198000000001,9.841366,1550002974249
25244,99,Gyroscope,0.0009468458599999999,-0.006957751,0.01034195,1550002974259
25245,99,Accelerometer,0.688333,1.0127473,9.765948,1550002974260
25246,99,Gyroscope,-0.005161807,-0.006346885,0.006065893,1550002974269
25247,99,Accelerometer,0.6895300999999999,0.9720459000000001,9.816227,1550002974270
25248,99,Gyroscope,-0.0008857511,-0.0057360195,-4.2759813000000006e-05,1550002974279
25249,99,Accelerometer,0.7266402,0.92775315,9.816227,1550002974280
25250,99,Gyroscope,-0.0045509413,-0.0039034244,0.0011789708,1550002974289
25251,99,Accelerometer,0.7733272,0.90500826,9.7958765,1550002974289
25252,99,Gyroscope,-0.005161807,-0.0039034244,0.0011789708,1550002974299
25253,99,Accelerometer,0.78769237,0.91697925,9.835381,1550002974300
25254,99,Gyroscope,-0.0014966168,-0.0032925587,-0.004929682,1550002974310
25255,99,Accelerometer,0.81642276,0.92895025,9.787497,1550002974310
25256,99,Gyroscope,-0.008216133,-0.004514288,-0.009816604,1550002974319
25257,99,Accelerometer,0.8379706,0.93613285,9.788692999999999,1550002974320
25258,99,Gyroscope,-0.0063835381999999994,-0.006957751,-0.013481795,1550002974329
25259,99,Accelerometer,0.8319851,0.94092125,9.834184,1550002974329
25260,99,Gyroscope,-0.0063835381999999994,-0.0075686146,-0.018368717,1550002974339
25261,99,Accelerometer,0.8415619000000001,0.9660603999999999,9.794678999999999,1550002974339
25262,99,Gyroscope,-0.008826999,-0.006957751,-0.015925256999999998,1550002974350
25263,99,Accelerometer,0.8415619000000001,0.9636662,9.803059,1550002974350
25264,99,Gyroscope,-0.005161807,-0.0075686146,-0.018979583,1550002974359
25265,99,Accelerometer,0.8439561,0.9672575000000001,9.8198185,1550002974360
25266,99,Gyroscope,-0.0057726726,-0.0075686146,-0.019590449,1550002974369
25267,99,Accelerometer,0.8559271,0.9756372,9.782708,1550002974370
25268,99,Gyroscope,-0.0063835381999999994,-0.00817948,-0.017146988000000002,1550002974379
25269,99,Accelerometer,0.8858546,1.009156,9.800664999999999,1550002974380
25270,99,Gyroscope,-0.0045509413,-0.013066402,-0.017757852,1550002974389
25271,99,Accelerometer,0.89662856,1.0366893,9.793482000000001,1550002974389
25272,99,Gyroscope,-0.0063835381999999994,-0.009401211500000001,-0.013481795,1550002974399
25273,99,Accelerometer,0.92535895,1.0498575,9.762358,1550002974400
25274,99,Gyroscope,-0.008216133,-0.006957751,-0.010427468,1550002974409
25275,99,Accelerometer,0.93972415,1.0785878999999998,9.792285000000001,1550002974410
25276,99,Gyroscope,-0.0027183462,-0.0057360195,-0.0067622773,1550002974419
25277,99,Accelerometer,0.94690675,1.0737995,9.782708,1550002974420
25278,99,Gyroscope,-0.0057726726,-0.009401211500000001,-0.005540547,1550002974429
25279,99,Accelerometer,0.94331545,1.0654198000000001,9.770736999999999,1550002974430
25280,99,Gyroscope,-0.005161807,-0.006957751,-0.0043188166,1550002974439
25281,99,Accelerometer,0.9528923,1.0402806,9.8042555,1550002974439
25282,99,Gyroscope,-0.0033292117999999997,-0.004514288,-0.0012644903,1550002974449
25283,99,Accelerometer,0.93493575,0.997185,9.793482000000001,1550002974450
25284,99,Gyroscope,-0.0027183462,-0.004514288,-0.0018753556,1550002974459
25285,99,Accelerometer,0.92416185,0.9792285,9.776722999999999,1550002974460
25286,99,Gyroscope,-0.0033292117999999997,-0.0057360195,-0.0037079514000000003,1550002974469
25287,99,Accelerometer,0.93254155,0.9768343,9.787497,1550002974470
25288,99,Gyroscope,-0.0045509413,-0.004514288,-0.0030970859999999998,1550002974479
25289,99,Accelerometer,0.91697925,0.9708488000000001,9.776722999999999,1550002974480
25290,99,Gyroscope,-0.0045509413,-0.0026816929999999998,-0.004929682,1550002974489
25291,99,Accelerometer,0.90141696,0.9684546,9.767146,1550002974489
25292,99,Gyroscope,-0.0027183462,-0.0057360195,-0.007984008,1550002974499
25293,99,Accelerometer,0.90021986,0.9768343,9.782708,1550002974500
25294,99,Gyroscope,-0.0057726726,-0.0014599635999999999,-0.005540547,1550002974509
25295,99,Accelerometer,0.91578215,1.0199299000000002,9.774328,1550002974510
25296,99,Gyroscope,-0.0039400775,-0.0014599635999999999,-0.005540547,1550002974519
25297,99,Accelerometer,0.91099375,1.0235212,9.788692999999999,1550002974520
25298,99,Gyroscope,-0.0033292117999999997,-0.00084909797,-0.0012644903,1550002974529
25299,99,Accelerometer,0.92176765,1.0666169,9.78989,1550002974530
25300,99,Gyroscope,-0.0039400775,-0.00023823230999999999,0.0005681054,1550002974539
25301,99,Accelerometer,0.92775315,1.0714053,9.7803135,1550002974539
25302,99,Gyroscope,-0.0033292117999999997,0.0009834989999999999,0.0030115664,1550002974549
25303,99,Accelerometer,0.9588778,1.0905589,9.781511,1550002974550
25304,99,Gyroscope,-0.0021074805,-0.00023823230999999999,0.007287623399999999,1550002974559
25305,99,Accelerometer,0.9708488000000001,1.079785,9.76954,1550002974560
25306,99,Gyroscope,-0.0021074805,-0.0026816929999999998,0.008509354,1550002974569
25307,99,Accelerometer,0.9792285,1.0726023999999998,9.785102,1550002974570
25308,99,Gyroscope,-0.0027183462,0.00037263334000000003,0.007898489,1550002974579
25309,99,Accelerometer,0.9624690999999999,1.0450690999999999,9.787497,1550002974580
25310,99,Gyroscope,-0.0021074805,-0.00084909797,0.009120219,1550002974589
25311,99,Accelerometer,0.94690675,1.0271125,9.787497,1550002974589
25312,99,Gyroscope,-0.0039400775,-0.0020708293,0.0109528145,1550002974599
25313,99,Accelerometer,0.9528923,1.0163386,9.78989,1550002974600
25314,99,Gyroscope,-0.0027183462,-0.0020708293,0.009731084000000001,1550002974609
25315,99,Accelerometer,0.94570965,0.997185,9.78989,1550002974610
25316,99,Gyroscope,-0.0014966168,-0.0020708293,0.007898489,1550002974619
25317,99,Accelerometer,0.94810385,0.9828198,9.7958765,1550002974620
25318,99,Gyroscope,-0.0014966168,-0.0026816929999999998,0.0066767577,1550002974629
25319,99,Accelerometer,0.9528923,0.9744401,9.797073,1550002974630
25320,99,Gyroscope,-0.0021074805,-0.0020708293,0.0054550273,1550002974639
25321,99,Accelerometer,0.94930094,0.9672575000000001,9.791088,1550002974639
25322,99,Gyroscope,-0.0027183462,-0.004514288,0.0036224315000000003,1550002974649
25323,99,Accelerometer,0.92655605,0.9672575000000001,9.809045,1550002974650
25324,99,Gyroscope,-0.0057726726,-0.0020708293,0.0030115664,1550002974659
25325,99,Accelerometer,0.90141696,0.9732430000000001,9.78989,1550002974660
25326,99,Gyroscope,-0.0027183462,-0.0057360195,-0.0012644903,1550002974669
25327,99,Accelerometer,0.90381116,1.0247183000000002,9.7803135,1550002974670
25328,99,Gyroscope,-0.005161807,-0.0039034244,-0.000653625,1550002974679
25329,99,Accelerometer,0.91697925,1.0462662,9.792285000000001,1550002974680
25330,99,Gyroscope,-0.0039400775,-0.0026816929999999998,0.0011789708,1550002974689
25331,99,Accelerometer,0.89064306,1.0498575,9.803059,1550002974689
25332,99,Gyroscope,-0.0008857511,-0.0026816929999999998,-0.0012644903,1550002974699
25333,99,Accelerometer,0.8702923,1.0570401000000003,9.775525,1550002974700
25334,99,Gyroscope,-0.0033292117999999997,-0.0032925587,0.0005681054,1550002974709
25335,99,Accelerometer,0.8882488000000002,1.0534488000000002,9.80665,1550002974710
25336,99,Gyroscope,-0.0033292117999999997,-0.0026816929999999998,-0.0012644903,1550002974719
25337,99,Accelerometer,0.90141696,1.0342950999999998,9.8042555,1550002974720
25338,99,Gyroscope,-0.0021074805,-0.0032925587,-0.000653625,1550002974729
25339,99,Accelerometer,0.89184016,1.0079589,9.779117,1550002974730
25340,99,Gyroscope,-0.0033292117999999997,-0.0039034244,-0.0012644903,1550002974739
25341,99,Accelerometer,0.91338795,0.997185,9.803059,1550002974739
25342,99,Gyroscope,-0.0008857511,-0.0026816929999999998,-0.0012644903,1550002974750
25343,99,Accelerometer,0.93134445,0.9900024,9.799467,1550002974750
25344,99,Gyroscope,-0.0033292117999999997,-0.0020708293,-0.0030970859999999998,1550002974759
25345,99,Accelerometer,0.94092125,0.9947908000000001,9.768343,1550002974760
25346,99,Gyroscope,-0.0033292117999999997,-0.00084909797,-0.0030970859999999998,1550002974769
25347,99,Accelerometer,0.90620536,0.9804255999999999,9.817424,1550002974770
25348,99,Gyroscope,-0.0033292117999999997,-0.0057360195,-0.0043188166,1550002974779
25349,99,Accelerometer,0.92176765,0.9672575000000001,9.791088,1550002974780
25350,99,Gyroscope,-0.0039400775,-0.0026816929999999998,-0.0037079514000000003,1550002974789
25351,99,Accelerometer,0.90261406,0.9648633,9.774328,1550002974790
25352,99,Gyroscope,-0.0057726726,-0.0020708293,-0.008594873000000001,1550002974799
25353,99,Accelerometer,0.89303726,0.9720459000000001,9.800664999999999,1550002974800
25354,99,Gyroscope,-0.0057726726,-0.0026816929999999998,-0.011649198999999999,1550002974809
25355,99,Accelerometer,0.90021986,0.9840169,9.788692999999999,1550002974810
25356,99,Gyroscope,-0.0033292117999999997,-0.006957751,-0.011649198999999999,1550002974819
25357,99,Accelerometer,0.89303726,1.0079589,9.787497,1550002974820
25358,99,Gyroscope,-0.006994404,-0.004514288,-0.011649198999999999,1550002974829
25359,99,Accelerometer,0.90021986,1.0259154000000001,9.80665,1550002974829
25360,99,Gyroscope,-0.0057726726,-0.006346885,-0.011038333999999999,1550002974840
25361,99,Accelerometer,0.90859956,1.0247183000000002,9.794678999999999,1550002974840
25362,99,Gyroscope,-0.0045509413,-0.005125154,-0.010427468,1550002974850
25363,99,Accelerometer,0.89303726,1.0115502,9.817424,1550002974850
25364,99,Gyroscope,-0.0033292117999999997,-0.0039034244,-0.008594873000000001,1550002974859
25365,99,Accelerometer,0.90859956,0.997185,9.813833,1550002974860
25366,99,Gyroscope,-0.0027183462,-0.00817948,-0.010427468,1550002974869
25367,99,Accelerometer,0.90859956,0.9911995000000001,9.80665,1550002974869
25368,99,Gyroscope,-0.0027183462,-0.006346885,-0.009816604,1550002974879
25369,99,Accelerometer,0.90021986,0.9780314,9.794678999999999,1550002974880
25370,99,Gyroscope,-0.005161807,-0.0057360195,-0.011038333999999999,1550002974890
25371,99,Accelerometer,0.90500826,0.9732430000000001,9.792285000000001,1550002974890
25372,99,Gyroscope,-0.0027183462,-0.004514288,-0.012260064499999999,1550002974899
25373,99,Accelerometer,0.89064306,0.9648633,9.767146,1550002974900
25374,99,Gyroscope,-0.0033292117999999997,-0.0075686146,-0.012260064499999999,1550002974909
25375,99,Accelerometer,0.91099375,0.9911995000000001,9.797073,1550002974909
25376,99,Gyroscope,-0.0033292117999999997,-0.0075686146,-0.01287093,1550002974920
25377,99,Accelerometer,0.90141696,1.0163386,9.783905,1550002974920
25378,99,Gyroscope,-0.0063835381999999994,-0.0026816929999999998,-0.015925256999999998,1550002974929
25379,99,Accelerometer,0.8882488000000002,1.0139444,9.782708,1550002974930
25380,99,Gyroscope,-0.0045509413,-0.0057360195,-0.011038333999999999,1550002974939
25381,99,Accelerometer,0.89064306,1.0223241,9.799467,1550002974940
25382,99,Gyroscope,-0.0027183462,-0.005125154,-0.011649198999999999,1550002974949
25383,99,Accelerometer,0.89662856,1.0450690999999999,9.792285000000001,1550002974950
25384,99,Gyroscope,-0.0063835381999999994,-0.004514288,-0.009816604,1550002974959
25385,99,Accelerometer,0.90500826,1.0642227,9.805453,1550002974960
25386,99,Gyroscope,-0.0039400775,-0.0039034244,-0.007373143,1550002974969
25387,99,Accelerometer,0.90141696,1.0426749,9.7958765,1550002974969
25388,99,Gyroscope,-0.0057726726,-0.0032925587,-0.007373143,1550002974980
25389,99,Accelerometer,0.90141696,1.0402806,9.788692999999999,1550002974980
25390,99,Gyroscope,-0.0045509413,-0.005125154,-0.0067622773,1550002974989
25391,99,Accelerometer,0.90021986,1.0199299000000002,9.801862,1550002974990
25392,99,Gyroscope,-0.0033292117999999997,-0.005125154,-0.0067622773,1550002974999
25393,99,Accelerometer,0.89303726,1.009156,9.783905,1550002975000
25394,99,Gyroscope,-0.0045509413,-0.0026816929999999998,-0.007984008,1550002975009
25395,99,Accelerometer,0.89303726,0.9935937,9.792285000000001,1550002975009
25396,99,Gyroscope,-0.0027183462,-0.0039034244,-0.009205738,1550002975020
25397,99,Accelerometer,0.8834603999999999,0.9947908000000001,9.800664999999999,1550002975020
25398,99,Gyroscope,-0.0027183462,-0.0039034244,-0.009816604,1550002975029
25399,99,Accelerometer,0.8714894,0.9995792,9.782708,1550002975030
25400,99,Gyroscope,-0.0045509413,-0.0014599635999999999,-0.009205738,1550002975039
25401,99,Accelerometer,0.8511386999999999,0.997185,9.788692999999999,1550002975040
25402,99,Gyroscope,-0.0021074805,-0.0039034244,-0.009816604,1550002975049
25403,99,Accelerometer,0.8523358,0.9983820999999999,9.781511,1550002975049
25404,99,Gyroscope,-0.0027183462,-0.0039034244,-0.007984008,1550002975060
25405,99,Accelerometer,0.8714894,1.0295067,9.791088,1550002975060
25406,99,Gyroscope,-0.0045509413,-0.0039034244,-0.008594873000000001,1550002975069
25407,99,Accelerometer,0.8858546,1.0414777,9.794678999999999,1550002975070
25408,99,Gyroscope,-0.0027183462,-0.0032925587,-0.009205738,1550002975079
25409,99,Accelerometer,0.8858546,1.0546459,9.782708,1550002975080
25410,99,Gyroscope,-0.0057726726,-0.0026816929999999998,-0.0061514126,1550002975089
25411,99,Accelerometer,0.90500826,1.0714053,9.801862,1550002975089
25412,99,Gyroscope,-0.005161807,-0.0039034244,-0.007373143,1550002975099
25413,99,Accelerometer,0.91817635,1.0666169,9.80665,1550002975100
25414,99,Gyroscope,-0.0063835381999999994,-0.0020708293,-0.004929682,1550002975110
25415,99,Accelerometer,0.90859956,1.0654198000000001,9.801862,1550002975110
25416,99,Gyroscope,-0.0045509413,-0.0032925587,-0.005540547,1550002975119
25417,99,Accelerometer,0.8870517,1.0247183000000002,9.791088,1550002975120
25418,99,Gyroscope,-0.0045509413,-0.004514288,-0.0043188166,1550002975129
25419,99,Accelerometer,0.8774749,1.0043676,9.78989,1550002975130
25420,99,Gyroscope,-0.0039400775,-0.0057360195,-0.0061514126,1550002975139
25421,99,Accelerometer,0.866701,0.9852139999999999,9.779117,1550002975139
25422,99,Gyroscope,-0.0045509413,-0.0039034244,-0.005540547,1550002975150
25423,99,Accelerometer,0.8631097,0.9935937,9.793482000000001,1550002975150
25424,99,Gyroscope,-0.0039400775,-0.0039034244,-0.007984008,1550002975159
25425,99,Accelerometer,0.8583213,1.0307038,9.800664999999999,1550002975160
25426,99,Gyroscope,-0.0045509413,-0.0026816929999999998,-0.009205738,1550002975169
25427,99,Accelerometer,0.8535328999999999,1.0474633,9.791088,1550002975170
25428,99,Gyroscope,-0.0033292117999999997,-0.0039034244,-0.007984008,1550002975179
25429,99,Accelerometer,0.8583213,1.055843,9.8042555,1550002975180
25430,99,Gyroscope,-0.0045509413,-0.005125154,-0.008594873000000001,1550002975189
25431,99,Accelerometer,0.8499416,1.0462662,9.807847,1550002975190
25432,99,Gyroscope,-0.0021074805,-0.0075686146,-0.004929682,1550002975199
25433,99,Accelerometer,0.8463503000000001,1.0187328000000002,9.800664999999999,1550002975200
25434,99,Gyroscope,-0.0033292117999999997,-0.004514288,-0.0037079514000000003,1550002975209
25435,99,Accelerometer,0.8595184000000001,0.997185,9.803059,1550002975209
25436,99,Gyroscope,-0.0021074805,-0.0057360195,-0.0043188166,1550002975219
25437,99,Accelerometer,0.8822633,0.9780314,9.792285000000001,1550002975220
25438,99,Gyroscope,-0.0045509413,-0.0057360195,-0.0043188166,1550002975229
25439,99,Accelerometer,0.8870517,0.9636662,9.775525,1550002975230
25440,99,Gyroscope,-0.0039400775,-0.006346885,-0.007373143,1550002975239
25441,99,Accelerometer,0.8678981,0.9660603999999999,9.785102,1550002975240
25442,99,Gyroscope,-0.005161807,-0.004514288,-0.011038333999999999,1550002975249
25443,99,Accelerometer,0.8439561,1.0055646999999999,9.779117,1550002975249
25444,99,Gyroscope,-0.0057726726,-0.0026816929999999998,-0.007984008,1550002975259
25445,99,Accelerometer,0.81283146,1.0378863999999999,9.77792,1550002975260
25446,99,Gyroscope,-0.0057726726,-0.0039034244,-0.007373143,1550002975269
25447,99,Accelerometer,0.8331822,1.0654198000000001,9.812635,1550002975270
25448,99,Gyroscope,-0.0039400775,-0.0039034244,-0.0061514126,1550002975279
25449,99,Accelerometer,0.8403648000000001,1.067814,9.80665,1550002975280
25450,99,Gyroscope,-0.005161807,-0.005125154,-0.007373143,1550002975289
25451,99,Accelerometer,0.8499416,1.0247183000000002,9.799467,1550002975289
25452,99,Gyroscope,-0.0057726726,-0.006346885,-0.008594873000000001,1550002975299
25453,99,Accelerometer,0.8714894,0.9756372,9.78989,1550002975300
25454,99,Gyroscope,-0.0076052677,-0.004514288,-0.009205738,1550002975310
25455,99,Accelerometer,0.8786719999999999,0.8810662,9.787497,1550002975310
25456,99,Gyroscope,-0.01004873,-0.00817948,-0.013481795,1550002975319
25457,99,Accelerometer,0.8571242,0.8882488000000002,9.82341,1550002975320
25458,99,Gyroscope,-0.008216133,-0.0075686146,-0.0140926605,1550002975329
25459,99,Accelerometer,0.8810662,0.90141696,9.849746000000001,1550002975329
25460,99,Gyroscope,-0.0033292117999999997,-0.010622941,-0.012260064499999999,1550002975339
25461,99,Accelerometer,0.8379706,0.9516952,9.847352,1550002975340
25462,99,Gyroscope,-0.0014966168,-0.011844671999999999,-0.014703525,1550002975349
25463,99,Accelerometer,0.79607207,0.9708488000000001,9.834184,1550002975350
25464,99,Gyroscope,-0.0027183462,-0.009401211500000001,-0.017146988000000002,1550002975359
25465,99,Accelerometer,0.79487497,0.9816226999999998,9.829395,1550002975360
25466,99,Gyroscope,-0.0027183462,-0.012455538,-0.016536122,1550002975369
25467,99,Accelerometer,0.81163436,0.9720459000000001,9.799467,1550002975369
25468,99,Gyroscope,-0.0045509413,-0.010012077,-0.019590449,1550002975379
25469,99,Accelerometer,0.79128367,0.94690675,9.803059,1550002975379
25470,99,Gyroscope,-0.0033292117999999997,-0.011233807,-0.022644775,1550002975390
25471,99,Accelerometer,0.82001406,0.9504981,9.770736999999999,1550002975390
25472,99,Gyroscope,-0.005161807,-0.010012077,-0.025088236,1550002975399
25473,99,Accelerometer,0.8583213,0.9660603999999999,9.755175,1550002975400
25474,99,Gyroscope,-0.0063835381999999994,-0.009401211500000001,-0.028142562000000003,1550002975409
25475,99,Accelerometer,0.8882488000000002,0.9911995000000001,9.738416,1550002975410
25476,99,Gyroscope,-0.01004873,-0.0057360195,-0.027531696,1550002975419
25477,99,Accelerometer,0.89064306,1.0366893,9.733627,1550002975419
25478,99,Gyroscope,-0.01127046,-0.00023823230999999999,-0.023866504,1550002975429
25479,99,Accelerometer,0.8690952,1.1420341999999999,9.776722999999999,1550002975430
25480,99,Gyroscope,-0.008216133,-0.0020708293,-0.018979583,1550002975439
25481,99,Accelerometer,0.8655039000000001,1.2126632,9.785102,1550002975440
25482,99,Gyroscope,-0.008826999,-0.0014599635999999999,-0.0140926605,1550002975449
25483,99,Accelerometer,0.8810662,1.2378023,9.7719345,1550002975449
25484,99,Gyroscope,-0.0076052677,-0.0014599635999999999,-0.010427468,1550002975459
25485,99,Accelerometer,0.8858546,1.2174516000000002,9.7719345,1550002975460
25486,99,Gyroscope,-0.0076052677,-0.004514288,-0.004929682,1550002975469
25487,99,Accelerometer,0.92057055,1.1923125,9.745598,1550002975470
25488,99,Gyroscope,-0.008826999,-0.0020708293,-0.004929682,1550002975479
25489,99,Accelerometer,0.9528923,1.1982979999999999,9.7958765,1550002975480
25490,99,Gyroscope,-0.0063835381999999994,-0.006957751,0.0017898360000000002,1550002975489
25491,99,Accelerometer,0.9804255999999999,1.1959038,9.813833,1550002975490
25492,99,Gyroscope,-0.0057726726,-0.00817948,0.0042332970000000004,1550002975499
25493,99,Accelerometer,0.9923966000000001,1.2378023,9.770736999999999,1550002975499
25494,99,Gyroscope,-0.0063835381999999994,-0.006346885,0.01034195,1550002975510
25495,99,Accelerometer,0.9828198,1.2497733,9.758766,1550002975510
25496,99,Gyroscope,-0.0063835381999999994,-0.0039034244,0.015839735,1550002975519
25497,99,Accelerometer,0.9588778,1.2342110000000002,9.765948,1550002975520
25498,99,Gyroscope,-0.0063835381999999994,-0.006346885,0.022559252999999998,1550002975529
25499,99,Accelerometer,0.90500826,1.1899183,9.775525,1550002975530
25500,99,Gyroscope,-0.0063835381999999994,-0.0039034244,0.025002714,1550002975539
25501,99,Accelerometer,0.8595184000000001,1.091756,9.765948,1550002975539
25502,99,Gyroscope,-0.005161807,-0.004514288,0.026835311,1550002975549
25503,99,Accelerometer,0.82121116,1.0055646999999999,9.783905,1550002975550
25504,99,Gyroscope,-0.0033292117999999997,-0.0039034244,0.02561358,1550002975559
25505,99,Accelerometer,0.79846627,0.9696517,9.792285000000001,1550002975560
25506,99,Gyroscope,-0.0033292117999999997,-0.00084909797,0.02805704,1550002975569
25507,99,Accelerometer,0.7757214,0.93972415,9.78989,1550002975570
25508,99,Gyroscope,-0.0063835381999999994,0.0028160921999999997,0.025002714,1550002975579
25509,99,Accelerometer,0.78769237,0.94690675,9.767146,1550002975579
25510,99,Gyroscope,-0.0057726726,0.0022052303,0.021948388,1550002975589
25511,99,Accelerometer,0.81881696,0.93613285,9.759963,1550002975590
25512,99,Gyroscope,-0.0057726726,0.0040378235,0.022559252999999998,1550002975599
25513,99,Accelerometer,0.8355764000000001,0.90979666,9.781511,1550002975600
25514,99,Gyroscope,-0.01004873,0.004648689,0.016450599999999996,1550002975609
25515,99,Accelerometer,0.8822633,0.91219085,9.80665,1550002975610
25516,99,Gyroscope,-0.0057726726,0.0028160921999999997,0.015228872,1550002975619
25517,99,Accelerometer,0.90261406,0.9600749,9.829395,1550002975619
25518,99,Gyroscope,-0.006994404,0.0022052303,0.0127854105,1550002975629
25519,99,Accelerometer,0.92775315,0.9828198,9.841366,1550002975630
25520,99,Gyroscope,-0.006994404,-0.0014599635999999999,0.0127854105,1550002975640
25521,99,Accelerometer,0.90620536,1.0546459,9.852139999999999,1550002975640
25522,99,Gyroscope,-0.0008857511,-0.0014599635999999999,0.015839735,1550002975649
25523,99,Accelerometer,0.8882488000000002,1.0498575,9.841366,1550002975650
25524,99,Gyroscope,-0.0021074805,-0.006957751,0.017672332,1550002975659
25525,99,Accelerometer,0.866701,1.0498575,9.81503,1550002975660
25526,99,Gyroscope,-0.0033292117999999997,-0.006346885,0.018894061,1550002975669
25527,99,Accelerometer,0.8726865,1.0319009,9.817424,1550002975669
25528,99,Gyroscope,0.00033598019999999995,-0.00817948,0.021948388,1550002975679
25529,99,Accelerometer,0.90620536,0.9504981,9.811439,1550002975680
25530,99,Gyroscope,-0.0021074805,-0.006346885,0.018283198,1550002975690
25531,99,Accelerometer,0.8870517,0.89303726,9.791088,1550002975690
25532,99,Gyroscope,-0.0039400775,-0.006957751,0.013396275,1550002975700
25533,99,Accelerometer,0.8367735000000001,0.8559271,9.792285000000001,1550002975700
25534,99,Gyroscope,-0.0033292117999999997,-0.0032925587,0.0127854105,1550002975709
25535,99,Accelerometer,0.8283938,0.82001406,9.7803135,1550002975710
25536,99,Gyroscope,-0.0027183462,-0.0014599635999999999,0.008509354,1550002975719
25537,99,Accelerometer,0.81402856,0.82599956,9.7863,1550002975720
25538,99,Gyroscope,-0.0045509413,-0.00084909797,0.0054550273,1550002975729
25539,99,Accelerometer,0.82360536,0.8319851,9.781511,1550002975729
25540,99,Gyroscope,-0.0045509413,-0.0032925587,-0.000653625,1550002975740
25541,99,Accelerometer,0.82360536,0.8631097,9.788692999999999,1550002975740
25542,99,Gyroscope,-0.0039400775,-0.0014599635999999999,-0.0037079514000000003,1550002975749
25543,99,Accelerometer,0.79726917,0.91219085,9.813833,1550002975750
25544,99,Gyroscope,-0.0039400775,-0.00023823230999999999,-0.0030970859999999998,1550002975759
25545,99,Accelerometer,0.81522566,0.93373865,9.782708,1550002975760
25546,99,Gyroscope,-0.0039400775,-0.00023823230999999999,-0.0067622773,1550002975769
25547,99,Accelerometer,0.8655039000000001,1.0043676,9.793482000000001,1550002975770
25548,99,Gyroscope,-0.0039400775,-0.0026816929999999998,-0.007984008,1550002975779
25549,99,Accelerometer,0.92176765,1.0319009,9.79827,1550002975779
25550,99,Gyroscope,-0.0039400775,-0.004514288,-0.010427468,1550002975789
25551,99,Accelerometer,0.91578215,1.0319009,9.824607,1550002975790
25552,99,Gyroscope,-0.0033292117999999997,-0.0039034244,-0.010427468,1550002975800
25553,99,Accelerometer,0.90859956,1.0259154000000001,9.8198185,1550002975800
25554,99,Gyroscope,-0.0027183462,-0.005125154,-0.0067622773,1550002975809
25555,99,Accelerometer,0.90979666,1.0175357,9.8042555,1550002975810
25556,99,Gyroscope,-0.00027488545,-0.006957751,-0.005540547,1550002975819
25557,99,Accelerometer,0.90381116,1.0510546,9.810242,1550002975820
25558,99,Gyroscope,-0.0008857511,-0.0057360195,-0.0037079514000000003,1550002975829
25559,99,Accelerometer,0.9528923,1.0007763,9.793482000000001,1550002975829
25560,99,Gyroscope,-0.0008857511,-0.004514288,-0.0037079514000000003,1550002975839
25561,99,Accelerometer,0.9564835999999999,0.94570965,9.8042555,1550002975840
25562,99,Gyroscope,-0.0008857511,-0.006346885,-0.0061514126,1550002975850
25563,99,Accelerometer,0.9504981,0.89064306,9.800664999999999,1550002975850
25564,99,Gyroscope,-0.0008857511,-0.011233807,-0.008594873000000001,1550002975859
25565,99,Accelerometer,0.93613285,0.80325466,9.792285000000001,1550002975860
25566,99,Gyroscope,-0.0014966168,-0.004514288,-0.01287093,1550002975869
25567,99,Accelerometer,0.90740246,0.79607207,9.827001,1550002975870
25568,99,Gyroscope,-0.0014966168,-0.011233807,-0.018368717,1550002975879
25569,99,Accelerometer,0.89902276,0.82240826,9.816227,1550002975879
25570,99,Gyroscope,-0.0021074805,-0.0057360195,-0.02203391,1550002975889
25571,99,Accelerometer,0.90740246,0.89543146,9.77792,1550002975889
25572,99,Gyroscope,-0.0027183462,-0.0057360195,-0.022644775,1550002975900
25573,99,Accelerometer,0.91219085,0.9768343,9.7803135,1550002975900
25574,99,Gyroscope,-0.0045509413,-0.0057360195,-0.025088236,1550002975909
25575,99,Accelerometer,0.92296475,1.0019734,9.767146,1550002975910
25576,99,Gyroscope,-0.006994404,-0.0039034244,-0.027531696,1550002975919
25577,99,Accelerometer,0.92655605,1.0115502,9.788692999999999,1550002975920
25578,99,Gyroscope,-0.0057726726,-0.0075686146,-0.027531696,1550002975929
25579,99,Accelerometer,0.88944596,1.1073183000000002,9.831789,1550002975930
25580,99,Gyroscope,-0.0014966168,-0.0057360195,-0.02325564,1550002975939
25581,99,Accelerometer,0.91817635,1.1899183,9.793482000000001,1550002975939
25582,99,Gyroscope,-0.0033292117999999997,-0.0057360195,-0.016536122,1550002975949
25583,99,Accelerometer,0.9600749,1.2485761999999998,9.759963,1550002975950
25584,99,Gyroscope,0.0009468458599999999,-0.0057360195,-0.009205738,1550002975960
25585,99,Accelerometer,0.9864110999999999,1.2593501,9.781511,1550002975960
25586,99,Gyroscope,-0.0027183462,-0.005125154,-0.0061514126,1550002975969
25587,99,Accelerometer,1.0103531,1.1791444,9.758766,1550002975970
25588,99,Gyroscope,-0.00027488545,-0.0039034244,-0.0030970859999999998,1550002975979
25589,99,Accelerometer,1.0067618,1.1097125,9.743203999999999,1550002975980
25590,99,Gyroscope,-0.0008857511,-0.005125154,-0.0061514126,1550002975989
25591,99,Accelerometer,0.997185,1.0378863999999999,9.767146,1550002975989
25592,99,Gyroscope,-0.0033292117999999997,-0.0032925587,-0.007984008,1550002975999
25593,99,Accelerometer,0.9816226999999998,1.0115502,9.757569,1550002975999
25594,99,Gyroscope,-0.0039400775,-0.006957751,-0.0067622773,1550002976010
25595,99,Accelerometer,0.9696517,1.0462662,9.7479925,1550002976010
25596,99,Gyroscope,-0.0063835381999999994,-0.00023823230999999999,-0.0037079514000000003,1550002976019
25597,99,Accelerometer,0.94570965,1.0845733999999998,9.753978,1550002976020
25598,99,Gyroscope,-0.006994404,-0.00023823230999999999,-0.0037079514000000003,1550002976029
25599,99,Accelerometer,0.94930094,1.1145009,9.763555,1550002976029
25600,99,Gyroscope,-0.006994404,0.0028160921999999997,0.0011789708,1550002976039
25601,99,Accelerometer,0.94451255,1.1168951,9.774328,1550002976040
25602,99,Gyroscope,-0.0057726726,-0.0020708293,0.0054550273,1550002976050
25603,99,Accelerometer,0.94451255,1.0785878999999998,9.803059,1550002976050
25604,99,Gyroscope,-0.0045509413,-0.0026816929999999998,0.0048441626,1550002976059
25605,99,Accelerometer,0.92416185,1.0295067,9.81503,1550002976060
25606,99,Gyroscope,-0.0045509413,-0.00084909797,0.006065893,1550002976069
25607,99,Accelerometer,0.92296475,0.9947908000000001,9.811439,1550002976070
25608,99,Gyroscope,-0.0045509413,-0.004514288,0.008509354,1550002976079
25609,99,Accelerometer,0.93613285,0.9600749,9.791088,1550002976079
25610,99,Gyroscope,-0.0027183462,-0.006346885,0.009120219,1550002976089
25611,99,Accelerometer,0.9672575000000001,0.94211835,9.794678999999999,1550002976089
25612,99,Gyroscope,-0.0014966168,-0.0026816929999999998,0.0048441626,1550002976100
25613,99,Accelerometer,0.9516952,0.9828198,9.791088,1550002976100
25614,99,Gyroscope,-0.0033292117999999997,-0.00023823230999999999,0.006065893,1550002976109
25615,99,Accelerometer,0.92296475,1.0151415000000001,9.767146,1550002976110
25616,99,Gyroscope,-0.11572841,0.023585513,0.006065893,1550002976119
25617,99,Accelerometer,0.32561144,0.92535895,7.5345526,1550002976120
25618,99,Gyroscope,-0.29837713,0.06573521,0.032943964,1550002976129
25619,99,Accelerometer,1.4077905000000002,1.1492168,11.743559,1550002976129
25620,99,Gyroscope,0.107848264,-0.026505437000000003,0.019504927,1550002976139
25621,99,Accelerometer,1.0271125,1.0342950999999998,10.952275,1550002976139
25622,99,Gyroscope,0.027824916,-0.009401211500000001,-0.0067622773,1550002976150
25623,99,Accelerometer,0.5398925,0.94810385,8.295909,1550002976150
25624,99,Gyroscope,-0.080909096,0.01747686,0.013396275,1550002976159
25625,99,Accelerometer,0.9720459000000001,0.9804255999999999,10.703279,1550002976160
25626,99,Gyroscope,0.09379836,-0.023451112000000003,0.015228872,1550002976169
25627,99,Accelerometer,1.0115502,0.9696517,10.068814999999999,1550002976170
25628,99,Gyroscope,-0.029596416,0.0015943646,0.009731084000000001,1550002976179
25629,99,Accelerometer,0.7745243,0.90740246,9.015367,1550002976180
25630,99,Gyroscope,0.024159724,-0.00817948,0.0017898360000000002,1550002976189
25631,99,Accelerometer,0.89064306,0.8810662,10.31901,1550002976189
25632,99,Gyroscope,0.07363981,-0.020396786,-0.007984008,1550002976199
25633,99,Accelerometer,0.9876082,0.9588778,10.052056,1550002976200
25634,99,Gyroscope,0.040653087000000004,-0.010622941,-0.0067622773,1550002976209
25635,99,Accelerometer,0.8726865,0.9552864999999999,9.592369,1550002976210
25636,99,Gyroscope,0.042485684,-0.009401211500000001,-0.007984008,1550002976219
25637,99,Accelerometer,0.80684596,0.9768343,9.81503,1550002976220
25638,99,Gyroscope,0.016829342,-0.0075686146,-0.0030970859999999998,1550002976229
25639,99,Accelerometer,0.842759,1.0235212,9.56723,1550002976230
25640,99,Gyroscope,-0.018600842,0.0009834989999999999,-0.004929682,1550002976239
25641,99,Accelerometer,0.9516952,1.0486604,9.5385,1550002976239
25642,99,Gyroscope,0.0027794409999999997,-0.0026816929999999998,0.0030115664,1550002976249
25643,99,Accelerometer,0.842759,1.0319009,10.000581,1550002976250
25644,99,Gyroscope,0.0076663624,-0.005125154,0.0042332970000000004,1550002976259
25645,99,Accelerometer,0.7625531999999999,0.9744401,9.763555,1550002976260
25646,99,Gyroscope,-0.016157383,-0.00084909797,-0.000653625,1550002976269
25647,99,Accelerometer,0.90261406,0.9804255999999999,9.654618,1550002976270
